100 4950
0 1 0.991667
0 2 0.993631
0 3 0.948598
0 4 0.987179
0 5 0.770538
0 6 0.155844
0 7 0.287671
0 8 0.444898
0 9 0.261224
0 10 0.478495
0 11 0.144000
0 12 0.435294
0 13 0.113122
0 14 0.185455
0 15 0.252874
0 16 0.338200
0 17 0.187013
0 18 0.260163
0 19 0.294643
0 20 0.055675
0 21 0.983607
0 22 0.063260
0 23 0.297980
0 24 0.097938
0 25 0.138614
0 26 0.431818
0 27 0.750000
0 28 0.089041
0 29 0.183060
0 30 0.101562
0 31 0.101449
0 32 0.071429
0 33 0.977778
0 34 0.387931
0 35 0.236364
0 36 0.081218
0 37 0.310680
0 38 0.555556
0 39 0.163636
0 40 0.250996
0 41 0.137931
0 42 0.184466
0 43 0.069620
0 44 0.206304
0 45 0.025000
0 46 0.235849
0 47 0.056995
0 48 0.052863
0 49 0.078704
0 50 0.105392
0 51 0.077922
0 52 0.072626
0 53 0.055882
0 54 0.368421
0 55 0.426230
0 56 0.107407
0 57 0.139410
0 58 0.221739
0 59 0.267559
0 60 0.250000
0 61 0.304933
0 62 0.282051
0 63 0.363636
0 64 0.191489
0 65 0.039683
0 66 0.145299
0 67 0.245000
0 68 0.131034
0 69 0.189922
0 70 0.044444
0 71 0.047059
0 72 0.323232
0 73 0.361842
0 74 0.981132
0 75 0.011050
0 76 0.094787
0 77 0.199005
0 78 0.348214
0 79 0.096104
0 80 0.068182
0 81 0.163743
0 82 0.037975
0 83 0.058172
0 84 0.112903
0 85 0.005208
0 86 0.165563
0 87 0.071429
0 88 0.000000
0 89 0.047244
0 90 0.178082
0 91 0.248120
0 92 0.191874
0 93 0.182432
0 94 0.044355
0 95 0.031008
0 96 0.050847
0 97 0.116592
0 98 0.158416
0 99 0.076471
1 2 0.768473
1 3 0.618902
1 4 0.390863
1 5 0.961131
1 6 0.195918
1 7 0.109375
1 8 0.480176
1 9 0.353591
1 10 0.290850
1 11 0.186207
1 12 0.353503
1 13 0.124378
1 14 0.186813
1 15 0.150685
1 16 0.355499
1 17 0.216867
1 18 0.306220
1 19 0.275766
1 20 0.066327
1 21 0.560748
1 22 0.072626
1 23 0.219331
1 24 0.118380
1 25 0.087227
1 26 0.166667
1 27 0.737288
1 28 0.099490
1 29 0.184573
1 30 0.928571
1 31 0.098315
1 32 0.083544
1 33 0.291391
1 34 0.281250
1 35 0.198980
1 36 0.050955
1 37 0.941176
1 38 0.962733
1 39 0.056250
1 40 0.227437
1 41 0.800000
1 42 0.250000
1 43 0.089431
1 44 0.225705
1 45 0.030928
1 46 0.210526
1 47 0.067278
1 48 0.056604
1 49 0.050746
1 50 0.105651
1 51 0.089109
1 52 0.067532
1 53 0.051213
1 54 0.119318
1 55 0.147727
1 56 0.095395
1 57 0.122931
1 58 0.447368
1 59 0.392157
1 60 0.153846
1 61 0.209877
1 62 0.163569
1 63 0.676923
1 64 0.084906
1 65 0.071429
1 66 0.119718
1 67 0.218750
1 68 0.215909
1 69 0.140000
1 70 0.058333
1 71 0.051502
1 72 0.592593
1 73 0.544554
1 74 0.571429
1 75 0.011142
1 76 0.097087
1 77 0.421053
1 78 0.493671
1 79 0.104225
1 80 0.080214
1 81 0.528302
1 82 0.031034
1 83 0.064615
1 84 0.080460
1 85 0.006154
1 86 0.117925
1 87 0.076726
1 88 0.000000
1 89 0.055814
1 90 0.246212
1 91 0.136929
1 92 0.181237
1 93 0.658537
1 94 0.032448
1 95 0.054422
1 96 0.017341
1 97 0.194030
1 98 0.110345
1 99 0.260000
2 3 0.995098
2 4 0.478261
2 5 0.996337
2 6 0.213333
2 7 0.117978
2 8 0.879032
2 9 0.351648
2 10 0.367769
2 11 0.172524
2 12 0.991071
2 13 0.223214
2 14 0.386364
2 15 0.216749
2 16 0.512915
2 17 0.259928
2 18 0.320000
2 19 0.550000
2 20 0.068421
2 21 0.280374
2 22 0.086379
2 23 0.786667
2 24 0.127517
2 25 0.123348
2 26 0.095477
2 27 0.988636
2 28 0.122642
2 29 0.308756
2 30 0.065000
2 31 0.183246
2 32 0.090411
2 33 0.360656
2 34 0.978261
2 35 0.410526
2 36 0.075472
2 37 0.189349
2 38 0.451895
2 39 0.076271
2 40 0.663158
2 41 0.091324
2 42 0.253333
2 43 0.090535
2 44 0.324324
2 45 0.032727
2 46 0.362319
2 47 0.076923
2 48 0.110092
2 49 0.069672
2 50 0.167315
2 51 0.138462
2 52 0.129353
2 53 0.103261
2 54 0.137255
2 55 0.136126
2 56 0.254386
2 57 0.232143
2 58 0.166124
2 59 0.298507
2 60 0.472727
2 61 0.417178
2 62 0.275000
2 63 0.341085
2 64 0.114650
2 65 0.037453
2 66 0.409639
2 67 0.980000
2 68 0.126246
2 69 0.291667
2 70 0.056225
2 71 0.088235
2 72 0.329897
2 73 0.407407
2 74 0.406250
2 75 0.018779
2 76 0.227273
2 77 0.134680
2 78 0.304688
2 79 0.145098
2 80 0.116279
2 81 0.113360
2 82 0.102273
2 83 0.087866
2 84 0.411765
2 85 0.007018
2 86 0.961538
2 87 0.104895
2 88 0.000000
2 89 0.057007
2 90 0.196375
2 91 0.257812
2 92 0.296167
2 93 0.137755
2 94 0.070064
2 95 0.029851
2 96 0.015707
2 97 0.126214
2 98 0.258065
2 99 0.054852
3 4 0.550000
3 5 0.571429
3 6 0.111888
3 7 0.135484
3 8 0.334356
3 9 0.167539
3 10 0.988889
3 11 0.104854
3 12 0.557789
3 13 0.079365
3 14 0.158879
3 15 0.800000
3 16 0.309577
3 17 0.150943
3 18 0.212272
3 19 0.311321
3 20 0.044597
3 21 0.228137
3 22 0.052000
3 23 0.378205
3 24 0.075697
3 25 0.595745
3 26 0.077869
3 27 0.339844
3 28 0.076172
3 29 0.174479
3 30 0.039039
3 31 0.101156
3 32 0.058201
3 33 0.247191
3 34 0.214286
3 35 0.334764
3 36 0.470588
3 37 0.105960
3 38 0.317623
3 39 0.053254
3 40 0.239544
3 41 0.056818
3 42 0.109827
3 43 0.049327
3 44 0.173494
3 45 0.018789
3 46 0.302115
3 47 0.045175
3 48 0.038462
3 49 0.288136
3 50 0.103365
3 51 0.053892
3 52 0.079511
3 53 0.061688
3 54 0.132075
3 55 0.143646
3 56 0.112403
3 57 0.177474
3 58 0.115909
3 59 0.173160
3 60 0.140541
3 61 0.985507
3 62 0.733333
3 63 0.204651
3 64 0.147541
3 65 0.022727
3 66 0.161905
3 67 0.199187
3 68 0.079498
3 69 0.422414
3 70 0.031042
3 71 0.035503
3 72 0.172043
3 73 0.176282
3 74 0.217573
3 75 0.010471
3 76 0.068493
3 77 0.096618
3 78 0.137324
3 79 0.083333
3 80 0.045181
3 81 0.073684
3 82 0.044118
3 83 0.048276
3 84 0.070000
3 85 0.004107
3 86 0.139665
3 87 0.063830
3 88 0.000000
3 89 0.038462
3 90 0.123106
3 91 0.366667
3 92 0.215190
3 93 0.078261
3 94 0.096491
3 95 0.018018
3 96 0.016304
3 97 0.066496
3 98 0.075117
3 99 0.034574
4 5 0.673267
4 6 0.134831
4 7 0.954545
4 8 0.396364
4 9 0.215488
4 10 0.801802
4 11 0.125000
4 12 0.480519
4 13 0.098039
4 14 0.174658
4 15 0.453608
4 16 0.322506
4 17 0.169811
4 18 0.237037
4 19 0.297297
4 20 0.050290
4 21 0.487805
4 22 0.057778
4 23 0.345029
4 24 0.087156
4 25 0.224000
4 26 0.182692
4 27 0.537037
4 28 0.082627
4 29 0.177719
4 30 0.063725
4 31 0.100287
4 32 0.064961
4 33 0.771930
4 34 0.333333
4 35 0.262626
4 36 0.133333
4 37 0.180791
4 38 0.435393
4 39 0.166667
4 40 0.249012
4 41 0.090090
4 42 0.146718
4 43 0.059621
4 44 0.190476
4 45 0.022005
4 46 0.251889
4 47 0.051282
4 48 0.046693
4 49 0.123188
4 50 0.103118
4 51 0.066914
4 52 0.074286
4 53 0.057229
4 54 0.954545
4 55 0.565217
4 56 0.109434
4 57 0.148997
4 58 0.166124
4 59 0.220386
4 60 0.234234
4 61 0.417178
4 62 0.517647
4 63 0.280255
4 64 0.947368
4 65 0.030864
4 66 0.155251
4 67 0.232227
4 68 0.104972
4 69 0.237864
4 70 0.037838
4 71 0.041958
4 72 0.242424
4 73 0.261905
4 74 0.444444
4 75 0.010695
4 76 0.084034
4 77 0.143885
4 78 0.224138
4 79 0.089806
4 80 0.057252
4 81 0.112903
4 82 0.041096
4 83 0.053435
4 84 0.103704
4 85 0.004673
4 86 0.173611
4 87 0.067416
4 88 0.000000
4 89 0.043011
4 90 0.151163
4 91 0.445946
4 92 0.196305
4 93 0.121622
4 94 0.055838
4 95 0.024316
4 96 0.062500
4 97 0.090592
4 98 0.125000
4 99 0.052846
5 6 0.979592
5 7 0.050847
5 8 0.703226
5 9 0.587156
5 10 0.176238
5 11 0.981818
5 12 0.338415
5 13 0.154321
5 14 0.278689
5 15 0.093418
5 16 0.755435
5 17 0.986301
5 18 0.920863
5 19 0.369403
5 20 0.228070
5 21 0.159574
5 22 0.288889
5 23 0.177177
5 24 0.974359
5 25 0.056452
5 26 0.050667
5 27 0.358025
5 28 0.302326
5 29 0.320574
5 30 0.048148
5 31 0.147059
5 32 0.294643
5 33 0.126437
5 34 0.163636
5 35 0.205805
5 36 0.033126
5 37 0.118081
5 38 0.536332
5 39 0.025641
5 40 0.257143
5 41 0.073260
5 42 0.256757
5 43 0.578947
5 44 0.585366
5 45 0.900000
5 46 0.246305
5 47 0.400000
5 48 0.072289
5 49 0.033074
5 50 0.182203
5 51 0.125874
5 52 0.089655
5 53 0.065517
5 54 0.054264
5 55 0.063260
5 56 0.107807
5 57 0.142077
5 58 0.172297
5 59 0.754717
5 60 0.086379
5 61 0.157773
5 62 0.102564
5 63 0.465608
5 64 0.044118
5 65 0.053763
5 66 0.114478
5 67 0.207627
5 68 0.206522
5 69 0.115839
5 70 0.311111
5 71 0.083333
5 72 0.363636
5 73 0.270936
5 74 0.172757
5 75 0.019417
5 76 0.107527
5 77 0.124611
5 78 0.160494
5 79 0.266187
5 80 0.102740
5 81 0.101083
5 82 0.029412
5 83 0.196262
5 84 0.049822
5 85 0.038462
5 86 0.083893
5 87 0.182927
5 88 0.000000
5 89 0.154839
5 90 0.575221
5 91 0.083333
5 92 0.249267
5 93 0.111111
5 94 0.026634
5 95 0.044693
5 96 0.007317
5 97 0.172185
5 98 0.057554
5 99 0.049242
6 7 0.057377
6 8 0.990909
6 9 0.984615
6 10 0.194748
6 11 0.586957
6 12 0.388112
6 13 0.217391
6 14 0.349315
6 15 0.104019
6 16 0.772222
6 17 0.800000
6 18 0.691892
6 19 0.415966
6 20 0.160494
6 21 0.179641
6 22 0.226087
6 23 0.204861
6 24 0.469136
6 25 0.062500
6 26 0.057402
6 27 0.443878
6 28 0.258278
6 29 0.354497
6 30 0.056034
6 31 0.165094
6 32 0.212903
6 33 0.146179
6 34 0.198238
6 35 0.228070
6 36 0.036782
6 37 0.139738
6 38 0.565693
6 39 0.029703
6 40 0.308824
6 41 0.084034
6 42 0.372549
6 43 0.956522
6 44 0.666667
6 45 0.169811
6 46 0.265252
6 47 0.265060
6 48 0.100000
6 49 0.036481
6 50 0.192825
6 51 0.187500
6 52 0.099237
6 53 0.073077
6 54 0.061947
6 55 0.071233
6 56 0.126087
6 57 0.155224
6 58 0.187500
6 59 0.816327
6 60 0.102767
6 61 0.176623
6 62 0.115486
6 63 0.523810
6 64 0.050000
6 65 0.059880
6 66 0.133858
6 67 0.257895
6 68 0.217143
6 69 0.129630
6 70 0.388889
6 71 0.120000
6 72 0.453901
6 73 0.345912
6 74 0.203125
6 75 0.021505
6 76 0.142857
6 77 0.136519
6 78 0.196970
6 79 0.274074
6 80 0.153061
6 81 0.114286
6 82 0.034221
6 83 0.207921
6 84 0.060086
6 85 0.024691
6 86 0.099602
6 87 0.179641
6 88 0.000000
6 89 0.118812
6 90 0.488722
6 91 0.094828
6 92 0.264798
6 93 0.131068
6 94 0.029891
6 95 0.049689
6 96 0.008264
6 97 0.220339
6 98 0.069565
6 99 0.056034
7 8 0.378472
7 9 0.209836
7 10 0.780702
7 11 0.123007
7 12 0.440476
7 13 0.093284
7 14 0.165584
7 15 0.407407
7 16 0.310962
7 17 0.165138
7 18 0.232727
7 19 0.281250
7 20 0.049336
7 21 0.545455
7 22 0.056277
7 23 0.307292
7 24 0.085202
7 25 0.208955
7 26 0.208791
7 27 0.511765
7 28 0.080247
7 29 0.169620
7 30 0.064677
7 31 0.095368
7 32 0.063584
7 33 0.666667
7 34 0.302013
7 35 0.245283
7 36 0.121212
7 37 0.182857
7 38 0.444126
7 39 0.138462
7 40 0.232472
7 41 0.092166
7 42 0.142857
7 43 0.058355
7 44 0.183673
7 45 0.021531
7 46 0.239234
7 47 0.050000
7 48 0.044280
7 49 0.115646
7 50 0.098851
7 51 0.064057
7 52 0.070270
7 53 0.054131
7 54 0.777778
7 55 0.962963
7 56 0.102113
7 57 0.140541
7 58 0.170569
7 59 0.217984
7 60 0.204724
7 61 0.373626
7 62 0.427184
7 63 0.280255
7 64 0.473684
7 65 0.030864
7 66 0.142259
7 67 0.215859
7 68 0.104972
7 69 0.216814
7 70 0.037135
7 71 0.040000
7 72 0.239700
7 73 0.254630
7 74 0.436975
7 75 0.010230
7 76 0.079365
7 77 0.148699
7 78 0.219101
7 79 0.086651
7 80 0.054945
7 81 0.115226
7 82 0.037500
7 83 0.051597
7 84 0.092715
7 85 0.004556
7 86 0.153374
7 87 0.065217
7 88 0.000000
7 89 0.042254
7 90 0.150115
7 91 0.347368
7 92 0.187638
7 93 0.122727
7 94 0.050459
7 95 0.024316
7 96 0.103448
7 97 0.089347
7 98 0.114286
7 99 0.053719
8 9 0.680851
8 10 0.243836
8 11 0.268657
8 12 0.627119
8 13 0.961538
8 14 0.980769
8 15 0.134557
8 16 0.817647
8 17 0.470588
8 18 0.462094
8 19 0.655629
8 20 0.100775
8 21 0.209059
8 22 0.146067
8 23 0.329609
8 24 0.215909
8 25 0.079772
8 26 0.068345
8 27 0.664122
8 28 0.196970
8 29 0.489051
8 30 0.059908
8 31 0.255474
8 32 0.136364
8 33 0.196429
8 34 0.321429
8 35 0.329114
8 36 0.047619
8 37 0.160804
8 38 0.488959
8 39 0.040179
8 40 0.649485
8 41 0.086580
8 42 0.431818
8 43 0.167939
8 44 0.685714
8 45 0.057692
8 46 0.347222
8 47 0.135802
8 48 0.666667
8 49 0.046196
8 50 0.237569
8 51 0.600000
8 52 0.146067
8 53 0.111765
8 54 0.080460
8 55 0.088435
8 56 0.232000
8 57 0.216667
8 58 0.171717
8 59 0.439560
8 60 0.158537
8 61 0.244604
8 62 0.155477
8 63 0.415094
8 64 0.065693
8 65 0.046296
8 66 0.236111
8 67 0.597561
8 68 0.157676
8 69 0.182156
8 70 0.100000
8 71 0.923077
8 72 0.412903
8 73 0.433071
8 74 0.263959
8 75 0.030075
8 76 0.540541
8 77 0.131579
8 78 0.251613
8 79 0.262411
8 80 0.333333
8 81 0.112000
8 82 0.058824
8 83 0.176471
8 84 0.099291
8 85 0.012422
8 86 0.167785
8 87 0.170455
8 88 0.000000
8 89 0.080537
8 90 0.276596
8 91 0.131474
8 92 0.334646
8 93 0.135678
8 94 0.042471
8 95 0.037383
8 96 0.010239
8 97 0.174497
8 98 0.106667
8 99 0.054852
9 10 0.221945
9 11 0.397059
9 12 0.422053
9 13 0.301205
9 14 0.354167
9 15 0.118919
9 16 0.623318
9 17 0.473684
9 18 0.516129
9 19 0.407407
9 20 0.116592
9 21 0.223048
9 22 0.146067
9 23 0.234127
9 24 0.262069
9 25 0.070529
9 26 0.071161
9 27 0.639706
9 28 0.183962
9 29 0.313084
9 30 0.076923
9 31 0.155556
9 32 0.150000
9 33 0.182573
9 34 0.258621
9 35 0.237805
9 36 0.041667
9 37 0.195122
9 38 0.668103
9 39 0.036885
9 40 0.335106
9 41 0.113636
9 42 0.974359
9 43 0.305556
9 44 0.486486
9 45 0.077586
9 46 0.262467
9 47 0.149660
9 48 0.127660
9 49 0.041063
9 50 0.169291
9 51 0.272727
9 52 0.096654
9 53 0.072243
9 54 0.075269
9 55 0.085809
9 56 0.133641
9 57 0.156156
9 58 0.230769
9 59 0.879121
9 60 0.130000
9 61 0.197674
9 62 0.133333
9 63 0.709677
9 64 0.059406
9 65 0.078740
9 66 0.148472
9 67 0.310127
9 68 0.256757
9 69 0.142029
9 70 0.191781
9 71 0.133333
9 72 0.790123
9 73 0.585106
9 74 0.270833
9 75 0.019048
9 76 0.185185
9 77 0.168776
9 78 0.291045
9 79 0.203297
9 80 0.258621
9 81 0.150538
9 82 0.037815
9 83 0.140940
9 84 0.076923
9 85 0.013793
9 86 0.121359
9 87 0.137615
9 88 0.000000
9 89 0.090909
9 90 0.433333
9 91 0.111111
9 92 0.249267
9 93 0.187500
9 94 0.032934
9 95 0.065041
9 96 0.009967
9 97 0.406250
9 98 0.091429
9 99 0.075145
10 11 0.100559
10 12 0.409594
10 13 0.071633
10 14 0.137466
10 15 0.977778
10 16 0.274162
10 17 0.139265
10 18 0.200627
10 19 0.255814
10 20 0.042208
10 21 0.273973
10 22 0.047970
10 23 0.270642
10 24 0.071028
10 25 0.636364
10 26 0.094059
10 27 0.325843
10 28 0.069643
10 29 0.150224
10 30 0.041401
10 31 0.085158
10 32 0.054636
10 33 0.265060
10 34 0.195652
10 35 0.246057
10 36 0.280702
10 37 0.111498
10 38 0.335498
10 39 0.056250
10 40 0.196875
10 41 0.060606
10 42 0.104683
10 43 0.046709
10 44 0.155508
10 45 0.017682
10 46 0.240385
10 47 0.041985
10 48 0.034483
10 49 0.386364
10 50 0.089397
10 51 0.049315
10 52 0.065163
10 53 0.050000
10 54 0.159091
10 55 0.194030
10 56 0.090062
10 57 0.138298
10 58 0.123786
10 59 0.169492
10 60 0.127451
10 61 0.444444
10 62 0.500000
10 63 0.207547
10 64 0.180000
10 65 0.022989
10 66 0.124542
10 67 0.168966
10 68 0.080338
10 69 0.242574
10 70 0.029598
10 71 0.031830
10 72 0.171123
10 73 0.172956
10 74 0.229075
10 75 0.009029
10 76 0.060976
10 77 0.104987
10 78 0.137809
10 79 0.074747
10 80 0.041667
10 81 0.078652
10 82 0.033333
10 83 0.043659
10 84 0.061947
10 85 0.003817
10 86 0.114155
10 87 0.057143
10 88 0.000000
10 89 0.036474
10 90 0.120818
10 91 0.284483
10 92 0.179325
10 93 0.081325
10 94 0.055556
10 95 0.018223
10 96 0.021898
10 97 0.065657
10 98 0.070485
10 99 0.036620
11 12 0.294430
11 13 0.122549
11 14 0.217021
11 15 0.087129
11 16 0.594017
11 17 0.600000
11 18 0.955224
11 19 0.307453
11 20 0.240741
11 21 0.153846
11 22 0.200000
11 23 0.156085
11 24 0.535211
11 25 0.052632
11 26 0.048593
11 27 0.321033
11 28 0.232143
11 29 0.254753
11 30 0.046931
11 31 0.119863
11 32 0.272727
11 33 0.117333
11 34 0.145631
11 35 0.180974
11 36 0.030829
11 37 0.113074
11 38 0.584906
11 39 0.023747
11 40 0.213559
11 41 0.072464
11 42 0.217143
11 43 0.309859
11 44 0.406780
11 45 0.150000
11 46 0.217391
11 47 0.224490
11 48 0.056872
11 49 0.030965
11 50 0.148789
11 51 0.097297
11 52 0.075581
11 53 0.055233
11 54 0.050847
11 55 0.059908
11 56 0.090625
11 57 0.123810
11 58 0.181495
11 59 0.898876
11 60 0.077612
11 61 0.143460
11 62 0.094624
11 63 0.497175
11 64 0.041096
11 65 0.058480
11 66 0.098551
11 67 0.175000
11 68 0.238994
11 69 0.104478
11 70 0.215385
11 71 0.062500
11 72 0.347826
11 73 0.245536
11 74 0.160991
11 75 0.015385
11 76 0.086957
11 77 0.128617
11 78 0.148289
11 79 0.194737
11 80 0.081522
11 81 0.102190
11 82 0.025424
11 83 0.130435
11 84 0.044164
11 85 0.020833
11 86 0.073964
11 87 0.141509
11 88 0.000000
11 89 0.167832
11 90 0.984848
11 91 0.076389
11 92 0.215736
11 93 0.108434
11 94 0.023965
11 95 0.049080
11 96 0.006944
11 97 0.165605
11 98 0.051613
11 99 0.049618
12 13 0.138122
12 14 0.344595
12 15 0.194690
12 16 0.542969
12 17 0.234528
12 18 0.294253
12 19 0.825000
12 20 0.061905
12 21 0.190476
12 22 0.079755
12 23 0.983333
12 24 0.110787
12 25 0.117155
12 26 0.063758
12 27 0.437186
12 28 0.118182
12 29 0.352632
12 30 0.041801
12 31 0.234899
12 32 0.083123
12 33 0.206573
12 34 0.288462
12 35 0.987342
12 36 0.072072
12 37 0.113879
12 38 0.343681
12 39 0.043902
12 40 0.750000
12 41 0.060423
12 42 0.158333
12 43 0.071661
12 44 0.303797
12 45 0.027523
12 46 0.588235
12 47 0.068323
12 48 0.070175
12 49 0.066929
12 50 0.197248
12 51 0.090452
12 52 0.201550
12 53 0.172727
12 54 0.090517
12 55 0.095941
12 56 0.439394
12 57 0.433333
12 58 0.122302
12 59 0.226629
12 60 0.168831
12 61 0.511278
12 62 0.237838
12 63 0.244444
12 64 0.082192
12 65 0.027248
12 66 0.971429
12 67 0.457944
12 68 0.095238
12 69 0.475728
12 70 0.044164
12 71 0.064516
12 72 0.216216
12 73 0.228216
12 74 0.220339
12 75 0.021277
12 76 0.128205
12 77 0.098039
12 78 0.163180
12 79 0.142857
12 80 0.072816
12 81 0.078212
12 82 0.346154
12 83 0.081395
12 84 0.098592
12 85 0.006211
12 86 0.235849
12 87 0.106762
12 88 0.000000
12 89 0.052402
12 90 0.158537
12 91 0.197605
12 92 0.412621
12 93 0.087948
12 94 0.113402
12 95 0.021798
12 96 0.011029
12 97 0.086093
12 98 0.093023
12 99 0.037464
13 14 0.689189
13 15 0.141026
13 16 0.712821
13 17 0.423529
13 18 0.441379
13 19 0.578947
13 20 0.096296
13 21 0.229008
13 22 0.132653
13 23 0.339080
13 24 0.202128
13 25 0.083086
13 26 0.074803
13 27 0.820755
13 28 0.178082
13 29 0.413580
13 30 0.067708
13 31 0.218750
13 32 0.128906
13 33 0.216749
13 34 0.371901
13 35 0.317073
13 36 0.049536
13 37 0.183908
13 38 0.521886
13 39 0.044335
13 40 0.594340
13 41 0.097087
13 42 0.558824
13 43 0.165414
13 44 0.562500
13 45 0.054878
13 46 0.328947
13 47 0.125000
13 48 0.923077
13 49 0.047887
13 50 0.208738
13 51 0.947368
13 52 0.131980
13 53 0.101064
13 54 0.087137
13 55 0.095588
13 56 0.213235
13 57 0.203922
13 58 0.185455
13 59 0.462428
13 60 0.178082
13 61 0.250923
13 62 0.162963
13 63 0.453608
13 64 0.070312
13 65 0.050251
13 66 0.231293
13 67 0.636364
13 68 0.168142
13 69 0.184211
13 70 0.099291
13 71 0.342857
13 72 0.477612
13 73 0.539216
13 74 0.300578
13 75 0.025316
13 76 0.769231
13 77 0.142857
13 78 0.302326
13 79 0.224242
13 80 0.555556
13 81 0.123894
13 82 0.057692
13 83 0.148936
13 84 0.113821
13 85 0.011364
13 86 0.182482
13 87 0.149254
13 88 0.000000
13 89 0.077419
13 90 0.282609
13 91 0.139241
13 92 0.307971
13 93 0.155172
13 94 0.042969
13 95 0.040609
13 96 0.011070
13 97 0.198473
13 98 0.125000
13 99 0.061033
14 15 0.132931
14 16 0.992857
14 17 0.447205
14 18 0.442907
14 19 0.990000
14 20 0.095238
14 21 0.186335
14 22 0.143646
14 23 0.353293
14 24 0.193878
14 25 0.079772
14 26 0.060897
14 27 0.520958
14 28 0.203125
14 29 0.720430
14 30 0.049242
14 31 0.406977
14 32 0.130952
14 33 0.178138
14 34 0.277778
14 35 0.395939
14 36 0.047619
14 37 0.131687
14 38 0.420054
14 39 0.036735
14 40 0.984375
14 41 0.071685
14 42 0.271429
14 43 0.130952
14 44 0.757895
14 45 0.049451
14 46 0.420168
14 47 0.125714
14 48 0.193548
14 49 0.046070
14 50 0.313869
14 51 0.219512
14 52 0.206349
14 53 0.158333
14 54 0.074468
14 55 0.081761
14 56 0.337209
14 57 0.270833
14 58 0.146552
14 59 0.349345
14 60 0.142857
14 61 0.256604
14 62 0.153846
14 63 0.333333
14 64 0.062284
14 65 0.037313
14 66 0.283333
14 67 0.590361
14 68 0.130584
14 69 0.198381
14 70 0.078212
14 71 0.222222
14 72 0.310680
14 73 0.316092
14 74 0.224138
14 75 0.044944
14 76 0.294118
14 77 0.113314
14 78 0.197970
14 79 0.298387
14 80 0.154639
14 81 0.093645
14 82 0.070312
14 83 0.182609
14 84 0.088608
14 85 0.011429
14 86 0.163399
14 87 0.194805
14 88 0.000000
14 89 0.076923
14 90 0.235507
14 91 0.128906
14 92 0.420792
14 93 0.109312
14 94 0.046025
14 95 0.030189
14 96 0.009464
14 97 0.129353
14 98 0.091429
14 99 0.045455
15 16 0.298925
15 17 0.150000
15 18 0.212625
15 19 0.288630
15 20 0.044750
15 21 0.276498
15 22 0.051587
15 23 0.339080
15 24 0.076152
15 25 0.965517
15 26 0.095960
15 27 0.365546
15 28 0.075000
15 29 0.166253
15 30 0.043624
15 31 0.095368
15 32 0.058099
15 33 0.303448
15 34 0.228426
15 35 0.285714
15 36 0.615385
15 37 0.118959
15 38 0.343681
15 39 0.065693
15 40 0.227437
15 41 0.063291
15 42 0.114458
15 43 0.050228
15 44 0.170213
15 45 0.018947
15 46 0.268097
15 47 0.045082
15 48 0.038585
15 49 0.377778
15 50 0.098174
15 51 0.054711
15 52 0.073239
15 53 0.056548
15 54 0.177966
15 55 0.196970
15 56 0.103943
15 57 0.156627
15 58 0.126551
15 59 0.179775
15 60 0.152047
15 61 0.618182
15 62 0.977778
15 63 0.217822
15 64 0.222222
15 65 0.024155
15 66 0.148472
15 67 0.196000
15 68 0.084071
15 69 0.306250
15 70 0.031746
15 71 0.035398
15 72 0.183381
15 73 0.189003
15 74 0.251208
15 75 0.010000
15 76 0.068729
15 77 0.106952
15 78 0.150579
15 79 0.081498
15 80 0.046154
15 81 0.081395
15 82 0.039823
15 83 0.047619
15 84 0.073298
15 85 0.004107
15 86 0.139665
15 87 0.062112
15 88 0.000000
15 89 0.038585
15 90 0.127202
15 91 0.434211
15 92 0.197674
15 93 0.085987
15 94 0.070513
15 95 0.019139
15 96 0.022222
15 97 0.070081
15 98 0.081633
15 99 0.038123
16 17 0.620690
16 18 0.595349
16 19 0.678082
16 20 0.123223
16 21 0.131579
16 22 0.226087
16 23 0.200680
16 24 0.227545
16 25 0.057971
16 26 0.042506
16 27 0.290000
16 28 0.414894
16 29 0.985294
16 30 0.034121
16 31 0.315315
16 32 0.183333
16 33 0.113990
16 34 0.149502
16 35 0.288889
16 36 0.034261
16 37 0.087432
16 38 0.343681
16 39 0.023438
16 40 0.335106
16 41 0.051020
16 42 0.157025
16 43 0.111675
16 44 0.947368
16 45 0.051136
16 46 0.389105
16 47 0.159420
16 48 0.064171
16 49 0.034000
16 50 0.671875
16 51 0.094241
16 52 0.168831
16 53 0.114458
16 54 0.049881
16 55 0.057018
16 56 0.151042
16 57 0.223176
16 58 0.114865
16 59 0.288809
16 60 0.080997
16 61 0.175711
16 62 0.104762
16 63 0.255814
16 64 0.042155
16 65 0.029070
16 66 0.141667
16 67 0.221719
16 68 0.107345
16 69 0.136872
16 70 0.066351
16 71 0.074534
16 72 0.211221
16 73 0.188356
16 74 0.142077
16 75 0.057971
16 76 0.099502
16 77 0.087146
16 78 0.120743
16 79 0.804348
16 80 0.072816
16 81 0.068796
16 82 0.036585
16 83 0.262500
16 84 0.047138
16 85 0.014286
16 86 0.085911
16 87 0.967742
16 88 0.000000
16 89 0.100418
16 90 0.219595
16 91 0.084184
16 92 0.497076
16 93 0.075209
16 94 0.031250
16 95 0.023599
16 96 0.006579
16 97 0.090592
16 98 0.051118
16 99 0.033079
17 18 0.992248
17 19 0.440000
17 20 0.228070
17 21 0.144231
17 22 0.962963
17 23 0.181538
17 24 0.730769
17 25 0.055666
17 26 0.046117
17 27 0.322222
17 28 0.639344
17 29 0.432258
17 30 0.040625
17 31 0.183246
17 32 0.362637
17 33 0.118598
17 34 0.155172
17 35 0.226087
17 36 0.032787
17 37 0.101587
17 38 0.432961
17 39 0.024194
17 40 0.280000
17 41 0.061162
17 42 0.206522
17 43 0.226804
17 44 0.986301
17 45 0.140625
17 46 0.280112
17 47 0.956522
17 48 0.070588
17 49 0.032692
17 50 0.247126
17 51 0.115385
17 52 0.106996
17 53 0.076613
17 54 0.051220
17 55 0.059226
17 56 0.119342
17 57 0.160991
17 58 0.141667
17 59 0.457143
17 60 0.082278
17 61 0.160377
17 62 0.100917
17 63 0.345098
17 64 0.042353
17 65 0.039526
17 66 0.121429
17 67 0.211207
17 68 0.149020
17 69 0.120393
17 70 0.127273
17 71 0.085106
17 72 0.278261
17 73 0.228216
17 74 0.155689
17 75 0.026144
17 76 0.105263
17 77 0.104712
17 78 0.139785
17 79 0.500000
17 80 0.090909
17 81 0.083582
17 82 0.031250
17 83 0.403846
17 84 0.047782
17 85 0.080000
17 86 0.083056
17 87 0.322581
17 88 0.000000
17 89 0.157895
17 90 0.355191
17 91 0.081683
17 92 0.302491
17 93 0.091525
17 94 0.027569
17 95 0.032520
17 96 0.006849
17 97 0.125000
17 98 0.053691
17 99 0.040498
18 19 0.285303
18 20 0.962963
18 21 0.116732
18 22 0.234234
18 23 0.130531
18 24 0.361905
18 25 0.044657
18 26 0.037037
18 27 0.228947
18 28 0.319672
18 29 0.247232
18 30 0.032099
18 31 0.112179
18 32 0.868421
18 33 0.090722
18 34 0.110024
18 35 0.165957
18 36 0.026144
18 37 0.078431
18 38 0.391414
18 39 0.018480
18 40 0.178470
18 41 0.049261
18 42 0.132867
18 43 0.125000
18 44 0.361809
18 45 0.067669
18 46 0.212314
18 47 0.189655
18 48 0.041096
18 49 0.026398
18 50 0.154676
18 51 0.065693
18 52 0.071823
18 53 0.051491
18 54 0.040076
18 55 0.047359
18 56 0.078378
18 57 0.117381
18 58 0.123188
18 59 0.358744
18 60 0.059770
18 61 0.123188
18 62 0.078712
18 63 0.282958
18 64 0.033149
18 65 0.032787
18 66 0.083333
18 67 0.136872
18 68 0.130584
18 69 0.091418
18 70 0.077778
18 71 0.045283
18 72 0.205788
18 73 0.160819
18 74 0.118182
18 75 0.014815
18 76 0.063898
18 77 0.089888
18 78 0.102362
18 79 0.197861
18 80 0.053763
18 81 0.068966
18 82 0.021635
18 83 0.117978
18 84 0.033898
18 85 0.017241
18 86 0.058824
18 87 0.162162
18 88 0.000000
18 89 0.960000
18 90 0.345745
18 91 0.062619
18 92 0.220779
18 93 0.071429
18 94 0.020873
18 95 0.026936
18 96 0.005474
18 97 0.091228
18 98 0.038647
18 99 0.032995
19 20 0.077151
19 21 0.153453
19 22 0.109705
19 23 0.347059
19 24 0.140221
19 25 0.078212
19 26 0.050265
19 27 0.355102
19 28 0.168831
19 29 0.848101
19 30 0.036932
19 31 0.972222
19 32 0.106796
19 33 0.146667
19 34 0.202703
19 35 0.619048
19 36 0.046921
19 37 0.097561
19 38 0.331906
19 39 0.030508
19 40 0.732558
19 41 0.054201
19 42 0.159664
19 43 0.084615
19 44 0.473684
19 45 0.034091
19 46 0.714286
19 47 0.089796
19 48 0.075949
19 49 0.045576
19 50 0.434343
19 51 0.099448
19 52 0.962963
19 53 0.791667
19 54 0.064024
19 55 0.070845
19 56 0.420290
19 57 0.520000
19 58 0.114865
19 59 0.245399
19 60 0.111111
19 61 0.269841
19 62 0.146667
19 63 0.242424
19 64 0.055556
19 65 0.027248
19 66 0.293103
19 67 0.352518
19 68 0.097187
19 69 0.224771
19 70 0.051282
19 71 0.078431
19 72 0.210526
19 73 0.207547
19 74 0.172185
19 75 0.050633
19 76 0.127389
19 77 0.089686
19 78 0.138790
19 79 0.229814
19 80 0.076923
19 81 0.071429
19 82 0.076271
19 83 0.121387
19 84 0.065728
19 85 0.008163
19 86 0.131579
19 87 0.172414
19 88 0.000000
19 89 0.064690
19 90 0.175676
19 91 0.118705
19 92 0.772727
19 93 0.079646
19 94 0.051643
19 95 0.021978
19 96 0.008174
19 97 0.086667
19 98 0.067227
19 99 0.034301
20 21 0.122699
20 22 0.260000
20 23 0.135632
20 24 0.457831
20 25 0.046205
20 26 0.038855
20 27 0.243697
20 28 0.325000
20 29 0.254753
20 30 0.034301
20 31 0.115894
20 32 0.970588
20 33 0.095238
20 34 0.116279
20 35 0.170306
20 36 0.027027
20 37 0.083551
20 38 0.417790
20 39 0.019397
20 40 0.186944
20 41 0.052632
20 42 0.145038
20 43 0.144737
20 44 0.385027
20 45 0.082569
20 46 0.215517
20 47 0.224490
20 48 0.044118
20 49 0.027244
20 50 0.156934
20 51 0.071429
20 52 0.073654
20 53 0.052778
20 54 0.042000
20 55 0.049524
20 56 0.081461
20 57 0.119816
20 58 0.131443
20 59 0.406091
20 60 0.062954
20 61 0.127341
20 62 0.081633
20 63 0.308772
20 64 0.034549
20 65 0.035842
20 66 0.086735
20 67 0.144543
20 68 0.143396
20 69 0.094412
20 70 0.090909
20 71 0.048780
20 72 0.224561
20 73 0.173502
20 74 0.125301
20 75 0.015267
20 76 0.068493
20 77 0.095694
20 78 0.109551
20 79 0.207865
20 80 0.058366
20 81 0.073684
20 82 0.022500
20 83 0.127273
20 84 0.035714
20 85 0.020408
20 86 0.061728
20 87 0.164835
20 88 0.000000
20 89 0.571429
20 90 0.398773
20 91 0.065217
20 92 0.222513
20 93 0.076705
20 94 0.021526
20 95 0.029520
20 96 0.005725
20 97 0.100386
20 98 0.040921
20 99 0.035326
21 22 0.058691
21 23 0.228682
21 24 0.092010
21 25 0.115226
21 26 0.950000
21 27 0.554140
21 28 0.082452
21 29 0.161446
21 30 0.109244
21 31 0.088161
21 32 0.067623
21 33 0.419048
21 34 0.264706
21 35 0.200000
21 36 0.066390
21 37 0.299065
21 38 0.622490
21 39 0.078947
21 40 0.206557
21 41 0.156250
21 42 0.163090
21 43 0.064897
21 44 0.185090
21 45 0.023438
21 46 0.206612
21 47 0.053012
21 48 0.044444
21 49 0.066667
21 50 0.093886
21 51 0.066914
21 52 0.062802
21 53 0.047859
21 54 0.198113
21 55 0.302326
21 56 0.088685
21 57 0.120092
21 58 0.257576
21 59 0.260586
21 60 0.160494
21 61 0.242857
21 62 0.212560
21 63 0.372881
21 64 0.127660
21 65 0.040650
21 66 0.116438
21 67 0.193676
21 68 0.134752
21 69 0.154574
21 70 0.041791
21 71 0.040541
21 72 0.309179
21 73 0.312500
21 74 0.571429
21 75 0.009756
21 76 0.078125
21 77 0.243902
21 78 0.282609
21 79 0.086854
21 80 0.058594
21 81 0.189189
21 82 0.030405
21 83 0.052632
21 84 0.077778
21 85 0.004843
21 86 0.119048
21 87 0.065076
21 88 0.000000
21 89 0.045455
21 90 0.176152
21 91 0.174603
21 92 0.170341
21 93 0.187500
21 94 0.035831
21 95 0.031621
21 96 0.036145
21 97 0.111588
21 98 0.103896
21 99 0.086093
22 23 0.170029
22 24 0.633333
22 25 0.053131
22 26 0.043280
22 27 0.293919
22 28 0.975000
22 29 0.411043
22 30 0.037572
22 31 0.172414
22 32 0.452055
22 33 0.110831
22 34 0.142405
22 35 0.216667
22 36 0.031311
22 37 0.093842
22 38 0.410053
22 39 0.022613
22 40 0.257143
22 41 0.056818
22 42 0.180952
22 43 0.183333
22 44 0.800000
22 45 0.111111
22 46 0.273973
22 47 0.611111
22 48 0.061856
22 49 0.031250
22 50 0.244318
22 51 0.098901
22 52 0.102362
22 53 0.073077
22 54 0.048276
22 55 0.055914
22 56 0.111111
22 57 0.155689
22 58 0.133159
22 59 0.410256
22 60 0.076246
22 61 0.152466
22 62 0.095652
22 63 0.317690
22 64 0.039911
22 65 0.036496
22 66 0.113333
22 67 0.192157
22 68 0.138686
22 69 0.114754
22 70 0.106870
22 71 0.072289
22 72 0.250980
22 73 0.205224
22 74 0.144444
22 75 0.024691
22 76 0.093023
22 77 0.098522
22 78 0.127869
22 79 0.468354
22 80 0.078534
22 81 0.077994
22 82 0.029221
22 83 0.308824
22 84 0.044025
22 85 0.052632
22 86 0.076923
22 87 0.340909
22 88 0.000000
22 89 0.177778
22 90 0.333333
22 91 0.077103
22 92 0.299296
22 93 0.084375
22 94 0.026253
22 95 0.029963
22 96 0.006466
22 97 0.112069
22 98 0.049536
22 99 0.037572
23 24 0.107042
23 25 0.146597
23 26 0.078838
23 27 0.543750
23 28 0.108939
23 29 0.291304
23 30 0.048507
23 31 0.180412
23 32 0.079327
23 33 0.283871
23 34 0.405405
23 35 0.590909
23 36 0.091954
23 37 0.135593
23 38 0.372596
23 39 0.061224
23 40 0.588785
23 41 0.069444
23 42 0.171171
23 43 0.071661
23 44 0.275862
23 45 0.026866
23 46 0.436681
23 47 0.065282
23 48 0.071429
23 49 0.082126
23 50 0.162879
23 51 0.093264
23 52 0.141304
23 53 0.115152
23 54 0.122093
23 55 0.123223
23 56 0.276190
23 57 0.290503
23 58 0.134921
23 59 0.235294
23 60 0.254902
23 61 0.680000
23 62 0.338462
23 63 0.264264
23 64 0.113208
23 65 0.029326
23 66 0.607143
23 67 0.500000
23 68 0.101064
23 69 0.521277
23 70 0.044444
23 71 0.062827
23 72 0.238806
23 73 0.263158
23 74 0.281081
23 75 0.017544
23 76 0.134228
23 77 0.109890
23 78 0.195980
23 79 0.128472
23 80 0.076531
23 81 0.088608
23 82 0.173077
23 83 0.074733
23 84 0.145833
23 85 0.005935
23 86 0.431034
23 87 0.095238
23 88 0.000000
23 89 0.050633
23 90 0.161692
23 91 0.302752
23 92 0.321970
23 93 0.100746
23 94 0.132530
23 95 0.023392
23 96 0.014151
23 97 0.092857
23 98 0.128000
23 99 0.042345
24 25 0.053435
24 26 0.046229
24 27 0.315217
24 28 0.393939
24 29 0.328431
24 30 0.042208
24 31 0.146444
24 32 0.440000
24 33 0.115486
24 34 0.147541
24 35 0.201031
24 36 0.031373
24 37 0.103896
24 38 0.478395
24 39 0.023499
24 40 0.242308
24 41 0.064309
24 42 0.207650
24 43 0.289474
24 44 0.600000
24 45 0.300000
24 46 0.246914
24 47 0.733333
24 48 0.063158
24 49 0.031365
24 50 0.191111
24 51 0.105882
24 52 0.089347
24 53 0.064626
24 54 0.050119
24 55 0.058427
24 56 0.103203
24 57 0.140541
24 58 0.153153
24 59 0.567376
24 60 0.078550
24 61 0.150110
24 62 0.096280
24 63 0.387665
24 64 0.041002
24 65 0.044843
24 66 0.108280
24 67 0.189922
24 68 0.174312
24 69 0.111111
24 70 0.168675
24 71 0.072727
24 72 0.299065
24 73 0.230126
24 74 0.154762
24 75 0.019802
24 76 0.094787
24 77 0.111421
24 78 0.140288
24 79 0.296000
24 80 0.085714
24 81 0.088889
24 82 0.027864
24 83 0.210000
24 84 0.045161
24 85 0.071429
24 86 0.077160
24 87 0.209790
24 88 0.000000
24 89 0.193548
24 90 0.477941
24 91 0.077830
24 92 0.255255
24 93 0.096085
24 94 0.025463
24 95 0.037209
24 96 0.006757
24 97 0.137566
24 98 0.051780
24 99 0.042904
25 26 0.084444
25 27 0.328302
25 28 0.071956
25 29 0.159524
25 30 0.039755
25 31 0.091384
25 32 0.055743
25 33 0.254335
25 34 0.201794
25 35 0.279570
25 36 0.941176
25 37 0.107383
25 38 0.322917
25 39 0.054545
25 40 0.212838
25 41 0.057971
25 42 0.105850
25 43 0.047414
25 44 0.161798
25 45 0.018000
25 46 0.265252
25 47 0.042969
25 48 0.035821
25 49 0.944444
25 50 0.094714
25 51 0.050847
25 52 0.070652
25 53 0.054441
25 54 0.143836
25 55 0.164557
25 56 0.098305
25 57 0.153846
25 58 0.118329
25 59 0.169492
25 60 0.131980
25 61 0.596491
25 62 0.647059
25 63 0.203704
25 64 0.165138
25 65 0.022624
25 66 0.138211
25 67 0.180147
25 68 0.079002
25 69 0.302469
25 70 0.029915
25 71 0.033058
25 72 0.169312
25 73 0.172414
25 74 0.220339
25 75 0.009569
25 76 0.063694
25 77 0.099502
25 78 0.135417
25 79 0.077895
25 80 0.042735
25 81 0.075269
25 82 0.037344
25 83 0.045356
25 84 0.064815
25 85 0.003914
25 86 0.123762
25 87 0.059642
25 88 0.000000
25 89 0.037094
25 90 0.120594
25 91 0.326733
25 92 0.193622
25 93 0.078947
25 94 0.068750
25 95 0.017897
25 96 0.018634
25 97 0.065163
25 98 0.071429
25 99 0.035135
26 27 0.587838
26 28 0.083333
26 29 0.165842
26 30 0.103175
26 31 0.090909
26 32 0.067901
26 33 0.505747
26 34 0.288462
26 35 0.209115
26 36 0.071749
26 37 0.293578
26 38 0.589354
26 39 0.093750
26 40 0.215753
26 41 0.144928
26 42 0.165217
26 43 0.065089
26 44 0.188482
26 45 0.023560
26 46 0.213675
26 47 0.053528
26 48 0.045977
26 49 0.071730
26 50 0.096197
26 51 0.068702
26 52 0.065000
26 53 0.049608
26 54 0.244186
26 55 0.376812
26 56 0.092949
26 57 0.125000
26 58 0.240566
26 59 0.257235
26 60 0.176871
26 61 0.261538
26 62 0.234043
26 63 0.362140
26 64 0.147541
26 65 0.039370
26 66 0.123188
26 67 0.204167
26 68 0.131034
26 69 0.164430
26 70 0.041791
26 71 0.041667
26 72 0.306220
26 73 0.317919
26 74 0.634146
26 75 0.010000
26 76 0.080972
26 77 0.223464
26 78 0.291045
26 79 0.088305
26 80 0.060000
26 81 0.175000
26 82 0.032143
26 83 0.053435
26 84 0.084337
26 85 0.004878
26 86 0.128866
26 87 0.066079
26 88 0.000000
26 89 0.045455
26 90 0.173797
26 91 0.194118
26 92 0.175258
26 93 0.180000
26 94 0.038062
26 95 0.030769
26 96 0.045455
26 97 0.110169
26 98 0.113475
26 99 0.080247
27 28 0.121118
27 29 0.257692
27 30 0.115044
27 31 0.142276
27 32 0.094556
27 33 0.419048
27 34 0.865385
27 35 0.282609
27 36 0.062992
27 37 0.376471
27 38 0.603113
27 39 0.082569
27 40 0.391304
27 41 0.150376
27 42 0.391753
27 43 0.106280
27 44 0.307692
27 45 0.036145
27 46 0.279330
27 47 0.080882
27 48 0.105263
27 49 0.060284
27 50 0.141914
27 51 0.155172
27 52 0.096296
27 53 0.074510
27 54 0.145833
27 55 0.152941
27 56 0.155080
27 57 0.170492
27 58 0.231818
27 59 0.384615
27 60 0.356164
27 61 0.291845
27 62 0.218905
27 63 0.491620
27 64 0.107784
27 65 0.053191
27 66 0.203593
27 67 0.453704
27 68 0.169643
27 69 0.197581
27 70 0.067308
27 71 0.085106
27 72 0.547009
27 73 0.982143
27 74 0.776119
27 75 0.015625
27 76 0.200000
27 77 0.189573
27 78 0.951220
27 79 0.136531
27 80 0.142857
27 81 0.175000
27 82 0.051724
27 83 0.085366
27 84 0.215385
27 85 0.007407
27 86 0.245098
27 87 0.098039
27 88 0.000000
27 89 0.060302
27 90 0.237226
27 91 0.196429
27 92 0.239437
27 93 0.247706
27 94 0.046414
27 95 0.042105
27 96 0.017751
27 97 0.192593
27 98 0.363636
27 99 0.086667
28 29 0.435065
28 30 0.034211
28 31 0.178571
28 32 0.379310
28 33 0.104513
28 34 0.133136
28 35 0.219101
28 36 0.030418
28 37 0.085791
28 38 0.370813
28 39 0.021378
28 40 0.250000
28 41 0.051680
28 42 0.157025
28 43 0.139241
28 44 0.734694
28 45 0.075000
28 46 0.285714
28 47 0.293333
28 48 0.055556
28 49 0.030411
28 50 0.273885
28 51 0.086957
28 52 0.106557
28 53 0.075099
28 54 0.045752
28 55 0.053061
28 56 0.109434
28 57 0.160494
28 58 0.121140
28 59 0.341880
28 60 0.071823
28 61 0.149451
28 62 0.092437
28 63 0.279365
28 64 0.038136
28 65 0.031949
28 66 0.110390
28 67 0.180812
28 68 0.121406
28 69 0.113164
28 70 0.082840
28 71 0.064171
28 72 0.220690
28 73 0.183946
28 74 0.134021
28 75 0.026144
28 76 0.085106
28 77 0.090293
28 78 0.116418
28 79 0.513889
28 80 0.068807
28 81 0.070886
28 82 0.028571
28 83 0.262500
28 84 0.041420
28 85 0.025974
28 86 0.073099
28 87 0.468750
28 88 0.000000
28 89 0.164384
28 90 0.277778
28 91 0.074157
28 92 0.321970
28 93 0.076056
28 94 0.025822
28 95 0.026144
28 96 0.006135
28 97 0.097015
28 98 0.046110
28 99 0.034031
29 30 0.036723
29 31 0.795455
29 32 0.141026
29 33 0.130952
29 34 0.178571
29 35 0.382353
29 36 0.039604
29 37 0.095522
29 38 0.347534
29 39 0.027027
29 40 0.496063
29 41 0.054348
29 42 0.171171
29 43 0.104762
29 44 0.827586
29 45 0.044335
29 46 0.492611
29 47 0.125000
29 48 0.079470
29 49 0.038902
29 50 0.977273
29 51 0.109091
29 52 0.285714
29 53 0.190000
29 54 0.056911
29 55 0.064039
29 56 0.228346
29 57 0.302326
29 58 0.118329
29 59 0.280702
29 60 0.096296
29 61 0.211838
29 62 0.122563
29 63 0.260355
29 64 0.048518
29 65 0.029326
29 66 0.193182
29 67 0.291667
29 68 0.106145
29 69 0.168385
29 70 0.062500
29 71 0.090226
29 72 0.222222
29 73 0.208333
29 74 0.160494
29 75 0.800000
29 76 0.124224
29 77 0.090909
29 78 0.134948
29 79 0.430233
29 80 0.083333
29 81 0.072351
29 82 0.049724
29 83 0.200000
29 84 0.056911
29 85 0.011299
29 86 0.106838
29 87 0.315789
29 88 0.000000
29 89 0.081081
29 90 0.204403
29 91 0.099398
29 92 0.639098
29 93 0.080357
29 94 0.038462
29 95 0.023810
29 96 0.007389
29 97 0.093863
29 98 0.060150
29 99 0.034853
30 31 0.100575
30 32 0.086387
30 33 0.282051
30 34 0.284810
30 35 0.200514
30 36 0.050000
30 37 0.969697
30 38 0.993590
30 39 0.054545
30 40 0.232472
30 41 0.952381
30 42 0.269504
30 43 0.094421
30 44 0.233766
30 45 0.032374
30 46 0.212766
30 47 0.070064
30 48 0.059113
30 49 0.049708
30 50 0.108312
30 51 0.093750
30 52 0.068783
30 53 0.052198
30 54 0.114754
30 55 0.140541
30 56 0.097315
30 57 0.124402
30 58 0.455357
30 59 0.418848
30 60 0.153846
30 61 0.208589
30 62 0.160584
30 63 0.745763
30 64 0.082569
30 65 0.077519
30 66 0.121429
30 67 0.224771
30 68 0.230303
30 69 0.140000
30 70 0.061674
30 71 0.053812
30 72 0.673684
30 73 0.604396
30 74 0.547368
30 75 0.011461
30 76 0.101010
30 77 0.408163
30 78 0.534247
30 79 0.107558
30 80 0.085227
30 81 0.560000
30 82 0.031359
30 83 0.067093
30 84 0.081395
30 85 0.006410
30 86 0.119048
30 87 0.078947
30 88 0.000000
30 89 0.057554
30 90 0.257937
30 91 0.134694
30 92 0.184382
30 93 0.964286
30 94 0.032448
30 95 0.059259
30 96 0.016393
30 97 0.214876
30 98 0.111111
30 99 0.295455
31 32 0.120000
31 33 0.141026
31 34 0.195652
31 35 0.484472
31 36 0.043597
31 37 0.098160
31 38 0.342163
31 39 0.029221
31 40 0.649485
31 41 0.054945
31 42 0.168889
31 43 0.094421
31 44 0.600000
31 45 0.038462
31 46 0.595238
31 47 0.103774
31 48 0.081633
31 49 0.042500
31 50 0.605634
31 51 0.107784
31 52 0.490566
31 53 0.327586
31 54 0.061224
31 55 0.068241
31 56 0.325843
31 57 0.393939
31 58 0.117512
31 59 0.263158
31 60 0.106122
31 61 0.241993
31 62 0.136223
31 63 0.253602
31 64 0.052786
31 65 0.028490
31 66 0.246377
31 67 0.337931
31 68 0.102151
31 69 0.196000
31 70 0.056680
31 71 0.088235
31 72 0.219931
31 73 0.212355
31 74 0.169381
31 75 0.093023
31 76 0.132450
31 77 0.091324
31 78 0.139785
31 79 0.293651
31 80 0.082418
31 81 0.072727
31 82 0.062937
31 83 0.150000
31 84 0.063063
31 85 0.009390
31 86 0.121951
31 87 0.217391
31 88 0.000000
31 89 0.071429
31 90 0.189504
31 91 0.110368
31 92 0.726496
31 93 0.081325
31 94 0.045082
31 95 0.023055
31 96 0.007874
31 97 0.091549
31 98 0.065306
31 99 0.034946
32 33 0.097130
32 34 0.120000
32 35 0.180556
32 36 0.027730
32 37 0.083770
32 38 0.401554
32 39 0.019780
32 40 0.200000
32 41 0.052083
32 42 0.147860
32 43 0.146667
32 44 0.444444
32 45 0.085714
32 46 0.230415
32 47 0.275000
32 48 0.046693
32 49 0.027915
32 50 0.176955
32 51 0.075000
32 52 0.080000
32 53 0.057229
32 54 0.042683
32 55 0.050096
32 56 0.087087
32 57 0.128395
32 58 0.127500
32 59 0.386473
32 60 0.064838
32 61 0.132039
32 62 0.083969
32 63 0.298305
32 64 0.035294
32 65 0.034483
32 66 0.091644
32 67 0.152174
32 68 0.136201
32 69 0.098394
32 70 0.089744
32 71 0.052174
32 72 0.222222
32 73 0.175719
32 74 0.126829
32 75 0.017167
32 76 0.071942
32 77 0.093458
32 78 0.110482
32 79 0.248322
32 80 0.060729
32 81 0.072351
32 82 0.023747
32 83 0.150000
32 84 0.036939
32 85 0.024691
32 86 0.064103
32 87 0.200000
32 88 0.000000
32 89 0.387097
32 90 0.355191
32 91 0.067073
32 92 0.242857
32 93 0.076056
32 94 0.022449
32 95 0.028369
32 96 0.005803
32 97 0.099237
32 98 0.041995
32 99 0.034759
33 34 0.523256
33 35 0.272727
33 36 0.096970
33 37 0.253968
33 38 0.498392
33 39 0.900000
33 40 0.291667
33 41 0.114286
33 42 0.188119
33 43 0.070513
33 44 0.219512
33 45 0.025496
33 46 0.261780
33 47 0.058667
33 48 0.058252
33 49 0.089947
33 50 0.113757
33 51 0.083333
33 52 0.080997
33 53 0.062706
33 54 0.538462
33 55 0.366197
33 56 0.124464
33 57 0.157100
33 58 0.193916
33 59 0.260586
33 60 0.382353
33 61 0.377778
33 62 0.369748
33 63 0.338462
33 64 0.272727
33 65 0.037037
33 66 0.176166
33 67 0.289941
33 68 0.122977
33 69 0.228972
33 70 0.044728
33 71 0.051064
33 72 0.307692
33 73 0.359477
33 74 0.825397
33 75 0.012048
33 76 0.106383
33 77 0.167364
33 78 0.330508
33 79 0.101648
33 80 0.072464
33 81 0.137931
33 82 0.045918
33 83 0.061224
33 84 0.153846
33 85 0.005348
33 86 0.223214
33 87 0.075377
33 88 0.000000
33 89 0.047714
33 90 0.174263
33 91 0.358696
33 92 0.209360
33 93 0.158824
33 94 0.053922
33 95 0.029091
33 96 0.042857
33 97 0.112554
33 98 0.213333
33 99 0.065327
34 35 0.333333
34 36 0.076190
34 37 0.251969
34 38 0.506536
34 39 0.105882
34 40 0.463235
34 41 0.112360
34 42 0.277372
34 43 0.090909
34 44 0.295082
34 45 0.032258
34 46 0.311526
34 47 0.074324
34 48 0.097561
34 49 0.070539
34 50 0.146259
34 51 0.132353
34 52 0.106557
34 53 0.083333
34 54 0.172131
34 55 0.166667
34 56 0.183544
34 57 0.193309
34 58 0.191011
34 59 0.316206
34 60 0.962963
34 61 0.373626
34 62 0.280255
34 63 0.382609
34 64 0.132353
34 65 0.041841
34 66 0.265625
34 67 0.576471
34 68 0.138182
34 69 0.248731
34 70 0.057143
34 71 0.078947
34 72 0.383234
34 73 0.518868
34 74 0.626506
34 75 0.016129
34 76 0.192308
34 77 0.156863
34 78 0.438202
34 79 0.132616
34 80 0.115385
34 81 0.135922
34 82 0.067669
34 83 0.081081
34 84 0.933333
34 85 0.006780
34 86 0.471698
34 87 0.096154
34 88 0.000000
34 89 0.056075
34 90 0.204403
34 91 0.268293
34 92 0.257576
34 93 0.170886
34 94 0.059140
34 95 0.033195
34 96 0.019231
34 97 0.142077
34 98 0.941176
34 99 0.065990
35 36 0.060837
35 37 0.089136
35 38 0.294118
35 39 0.032374
35 40 0.446809
35 41 0.049020
35 42 0.122581
35 43 0.060440
35 44 0.264706
35 45 0.023873
35 46 0.990099
35 47 0.060440
35 48 0.051064
35 49 0.058419
35 50 0.197248
35 51 0.068441
35 52 0.220339
35 53 0.180952
35 54 0.069767
35 55 0.076471
35 56 0.256637
35 57 0.852459
35 58 0.103239
35 59 0.191388
35 60 0.112554
35 61 0.409639
35 62 0.185654
35 63 0.203233
35 64 0.063604
35 65 0.022727
35 66 0.309091
35 67 0.272222
35 68 0.080851
35 69 0.411765
35 70 0.037333
35 71 0.049180
35 72 0.173442
35 73 0.174051
35 74 0.165605
35 75 0.019608
35 76 0.089686
35 77 0.082305
35 78 0.123028
35 79 0.129371
35 80 0.055147
35 81 0.064368
35 82 0.087379
35 83 0.071429
35 84 0.063636
35 85 0.005495
35 86 0.135870
35 87 0.100334
35 88 0.000000
35 89 0.048583
35 90 0.138004
35 91 0.145374
35 92 0.508982
35 93 0.070312
35 94 0.091667
35 95 0.018223
35 96 0.008798
35 97 0.069705
35 98 0.064000
35 99 0.030588
36 37 0.110345
36 38 0.327004
36 39 0.057325
36 40 0.225000
36 41 0.059172
36 42 0.109510
36 43 0.048780
36 44 0.167832
36 45 0.018519
36 46 0.277008
36 47 0.044266
36 48 0.037500
36 49 0.500000
36 50 0.098398
36 51 0.052941
36 52 0.074074
36 53 0.057229
36 54 0.148936
36 55 0.165605
36 56 0.104317
36 57 0.161491
36 58 0.119718
36 59 0.173536
36 60 0.140541
36 61 0.693878
36 62 0.814815
36 63 0.208038
36 64 0.173077
36 65 0.023095
36 66 0.148472
36 67 0.190661
36 68 0.080679
36 69 0.335616
36 70 0.030769
36 71 0.034483
36 72 0.174387
36 73 0.178571
36 74 0.228070
36 75 0.009975
36 76 0.066667
36 77 0.100756
36 78 0.140288
36 79 0.080610
36 80 0.044510
36 81 0.076503
36 82 0.040179
36 83 0.046875
36 84 0.068966
36 85 0.004032
36 86 0.133690
36 87 0.061602
36 88 0.000000
36 89 0.037975
36 90 0.123340
36 91 0.375000
36 92 0.200946
36 93 0.080838
36 94 0.076389
36 95 0.018307
36 96 0.018750
36 97 0.067010
36 98 0.075472
36 99 0.035813
37 38 0.824468
37 39 0.067164
37 40 0.257143
37 41 0.377358
37 42 0.290076
37 43 0.094421
37 44 0.244068
37 45 0.032374
37 46 0.226244
37 47 0.070740
37 48 0.065217
37 49 0.054313
37 50 0.113757
37 51 0.102273
37 52 0.073654
37 53 0.056047
37 54 0.135484
37 55 0.160494
37 56 0.107011
37 57 0.133676
37 58 0.354167
37 59 0.396040
37 60 0.189781
37 61 0.231293
37 62 0.181070
37 63 0.633094
37 64 0.094737
37 65 0.066667
37 66 0.135458
37 67 0.255208
37 68 0.203209
37 69 0.154088
37 70 0.061135
37 71 0.058252
37 72 0.633663
37 73 0.723684
37 74 0.812500
37 75 0.012121
37 76 0.113636
37 77 0.312500
37 78 0.829787
37 79 0.111446
37 80 0.093168
37 81 0.341463
37 82 0.035019
37 83 0.069307
37 84 0.099291
37 85 0.006472
37 86 0.139665
37 87 0.081522
37 88 0.000000
37 89 0.056872
37 90 0.244361
37 91 0.154206
37 92 0.194508
37 93 0.600000
37 94 0.035831
37 95 0.051613
37 96 0.018750
37 97 0.204724
37 98 0.142857
37 99 0.173333
38 39 0.028125
38 40 0.159091
38 41 0.145985
38 42 0.165939
38 43 0.083969
38 44 0.190981
38 45 0.030100
38 46 0.167224
38 47 0.064140
38 48 0.038835
38 49 0.034413
38 50 0.088477
38 51 0.062718
38 52 0.052738
38 53 0.039337
38 54 0.062687
38 55 0.078788
38 56 0.068235
38 57 0.095064
38 58 0.980769
38 59 0.434783
38 60 0.080997
38 61 0.141372
38 62 0.102564
38 63 0.807339
38 64 0.048518
38 65 0.092593
38 66 0.081340
38 67 0.140401
38 68 0.355140
38 69 0.097610
38 70 0.056225
38 71 0.037855
38 72 0.392638
38 73 0.259434
38 74 0.208000
38 75 0.009050
38 76 0.063898
38 77 0.444444
38 78 0.178899
38 79 0.090686
38 80 0.055147
38 81 0.256881
38 82 0.021127
38 83 0.056300
38 84 0.043614
38 85 0.005865
38 86 0.069832
38 87 0.068027
38 88 0.000000
38 89 0.060000
38 90 0.309524
38 91 0.082500
38 92 0.149123
38 93 0.181208
38 94 0.022403
38 95 0.070175
38 96 0.009174
38 97 0.152941
38 98 0.054422
38 99 0.115044
39 40 0.297170
39 41 0.108696
39 42 0.184466
39 43 0.069841
39 44 0.219512
39 45 0.025281
39 46 0.267380
39 47 0.058511
39 48 0.058252
39 49 0.093923
39 50 0.114973
39 51 0.082949
39 52 0.082540
39 53 0.063973
39 54 0.552632
39 55 0.351351
39 56 0.127193
39 57 0.160494
39 58 0.186813
39 59 0.256410
39 60 0.406250
39 61 0.400000
39 62 0.400000
39 63 0.329588
39 64 0.300000
39 65 0.035971
39 66 0.181818
39 67 0.296970
39 68 0.120253
39 69 0.240196
39 70 0.044164
39 71 0.051064
39 72 0.299065
39 73 0.348101
39 74 0.732394
39 75 0.012158
39 76 0.106383
39 77 0.161290
39 78 0.314516
39 79 0.101928
39 80 0.071770
39 81 0.132075
39 82 0.047619
39 83 0.061404
39 84 0.160920
39 85 0.005333
39 86 0.235849
39 87 0.075758
39 88 0.000000
39 89 0.047525
39 90 0.171958
39 91 0.397590
39 92 0.212500
39 93 0.151685
39 94 0.056701
39 95 0.028369
39 96 0.040541
39 97 0.109705
39 98 0.213333
39 99 0.062500
40 41 0.069204
40 42 0.220930
40 43 0.097778
40 44 0.458599
40 45 0.036885
40 46 0.492611
40 47 0.092050
40 48 0.127660
40 49 0.054313
40 50 0.260606
40 51 0.147541
40 52 0.236364
40 53 0.200000
40 54 0.085020
40 55 0.091228
40 56 0.966667
40 57 0.342105
40 58 0.138587
40 59 0.288809
40 60 0.174497
40 61 0.334975
40 62 0.188841
40 63 0.296296
40 64 0.073171
40 65 0.033003
40 66 0.607143
40 67 0.907407
40 68 0.114804
40 69 0.267760
40 70 0.059322
40 71 0.114286
40 72 0.273504
40 73 0.292553
40 74 0.239631
40 75 0.032258
40 76 0.235294
40 77 0.109290
40 78 0.195980
40 79 0.203297
40 80 0.113636
40 81 0.089457
40 82 0.140625
40 83 0.118644
40 84 0.109375
40 85 0.008368
40 86 0.229358
40 87 0.144231
40 88 0.000000
40 89 0.063830
40 90 0.196375
40 91 0.160194
40 92 0.435897
40 93 0.103846
40 94 0.062857
40 95 0.026578
40 96 0.010526
40 97 0.110638
40 98 0.105263
40 99 0.043189
41 42 0.251656
41 43 0.092827
41 44 0.226415
41 45 0.031915
41 46 0.204499
41 47 0.068966
41 48 0.055046
41 49 0.047354
41 50 0.104623
41 51 0.088235
41 52 0.065823
41 53 0.049738
41 54 0.105000
41 55 0.130000
41 56 0.091483
41 57 0.119266
41 58 0.560440
41 59 0.425532
41 60 0.137566
41 61 0.196532
41 62 0.150171
41 63 0.800000
41 64 0.076271
41 65 0.084034
41 66 0.113333
41 67 0.206751
41 68 0.246753
41 69 0.132075
41 70 0.061135
41 71 0.050847
41 72 0.653061
41 73 0.523810
41 74 0.456140
41 75 0.011019
41 76 0.093458
41 77 0.512821
41 78 0.423913
41 79 0.104520
41 80 0.079365
41 81 0.965517
41 82 0.029412
41 83 0.065217
41 84 0.072917
41 85 0.006309
41 86 0.108696
41 87 0.076923
41 88 0.000000
41 89 0.057554
41 90 0.264228
41 91 0.125000
41 92 0.177824
41 93 0.818182
41 94 0.030641
41 95 0.062992
41 96 0.015228
41 97 0.211382
41 98 0.097561
41 99 0.520000
42 43 0.198198
42 44 0.428571
42 45 0.058442
42 46 0.269542
42 47 0.120879
42 48 0.148148
42 49 0.045213
42 50 0.162879
42 51 0.305085
42 52 0.098485
42 53 0.074510
42 54 0.087137
42 55 0.098485
42 56 0.143564
42 57 0.161491
42 58 0.242857
42 59 0.672269
42 60 0.159509
42 61 0.218650
42 62 0.150171
42 63 0.698413
42 64 0.068182
42 65 0.075758
42 66 0.165049
42 67 0.368421
42 68 0.237500
42 69 0.155063
42 70 0.125000
42 71 0.133333
42 72 0.955224
42 73 0.948276
42 74 0.337662
42 75 0.018433
42 76 0.227273
42 77 0.182648
42 78 0.402062
42 79 0.181373
42 80 0.340909
42 81 0.168675
42 82 0.042056
42 83 0.121387
42 84 0.095890
42 85 0.011111
42 86 0.144509
42 87 0.125000
42 88 0.000000
42 89 0.079470
42 90 0.355191
42 91 0.126923
42 92 0.249267
42 93 0.228814
42 94 0.036066
42 95 0.061538
42 96 0.011450
42 97 0.406250
42 98 0.117647
42 99 0.084967
43 44 0.566929
43 45 0.195652
43 46 0.250627
43 47 0.258824
43 48 0.085714
43 49 0.035270
43 50 0.176955
43 51 0.157895
43 52 0.091873
43 53 0.067376
43 54 0.059829
43 55 0.069333
43 56 0.115079
43 57 0.145658
43 58 0.193182
43 59 0.987654
43 60 0.097015
43 61 0.168734
43 62 0.110831
43 63 0.556962
43 64 0.048257
43 65 0.064103
43 66 0.123636
43 67 0.233333
43 68 0.237500
43 69 0.123116
43 70 0.933333
43 71 0.098361
43 72 0.460432
43 73 0.331325
43 74 0.196970
43 75 0.019417
43 76 0.125786
43 77 0.139373
43 78 0.190244
43 79 0.245033
43 80 0.131579
43 81 0.115702
43 82 0.031690
43 83 0.179487
43 84 0.056452
43 85 0.024096
43 86 0.093284
43 87 0.164835
43 88 0.000000
43 89 0.125000
43 90 0.585586
43 91 0.090659
43 92 0.248538
43 93 0.131068
43 94 0.028351
43 95 0.053691
43 96 0.008043
43 97 0.226087
43 98 0.065574
43 99 0.056769
44 45 0.076923
44 46 0.348432
44 47 0.236559
44 48 0.097561
44 49 0.036797
44 50 0.370690
44 51 0.148760
44 52 0.151163
44 53 0.108571
44 54 0.057534
44 55 0.065327
44 56 0.168605
44 57 0.207171
44 58 0.138211
44 59 0.388350
44 60 0.097378
44 61 0.189415
44 62 0.116095
44 63 0.327138
44 64 0.047872
44 65 0.037037
44 66 0.160377
44 67 0.283237
44 68 0.134752
44 69 0.144543
44 70 0.099291
44 71 0.127660
44 72 0.280702
44 73 0.250000
44 74 0.172757
44 75 0.047619
44 76 0.141844
44 77 0.104167
44 78 0.153543
44 79 0.973684
44 80 0.111111
44 81 0.084337
44 82 0.040909
44 83 0.954545
44 84 0.057613
44 85 0.021277
44 86 0.102041
44 87 0.405405
44 88 0.000000
44 89 0.107623
44 90 0.278970
44 91 0.094828
44 92 0.388128
44 93 0.094737
44 94 0.033233
44 95 0.030303
44 96 0.007557
44 97 0.122642
44 98 0.062992
44 99 0.040752
45 46 0.248756
45 47 0.488889
45 48 0.071429
45 49 0.032882
45 50 0.186957
45 51 0.123288
45 52 0.090909
45 53 0.066202
45 54 0.053571
45 55 0.062350
45 56 0.108614
45 57 0.143251
45 58 0.167213
45 59 0.695652
45 60 0.085246
45 61 0.157044
45 62 0.101617
45 63 0.442211
45 64 0.043584
45 65 0.051282
45 66 0.114478
45 67 0.206751
45 68 0.195876
45 69 0.115839
45 70 0.259259
45 71 0.082759
45 72 0.347826
45 73 0.261905
45 74 0.168831
45 75 0.020000
45 76 0.106383
45 77 0.121212
45 78 0.156627
45 79 0.282443
45 80 0.100000
45 81 0.097902
45 82 0.029412
45 83 0.207921
45 84 0.049123
45 85 0.046512
45 86 0.083056
45 87 0.193548
45 88 0.000000
45 89 0.160000
45 90 0.537190
45 91 0.082707
45 92 0.253731
45 93 0.107143
45 94 0.026570
45 95 0.042553
45 96 0.007229
45 97 0.162500
45 98 0.056537
45 99 0.047619
46 47 0.058201
46 48 0.041237
46 49 0.043702
46 50 0.220513
46 51 0.056782
46 52 0.222222
46 53 0.159664
46 54 0.052500
46 55 0.059226
46 56 0.167630
46 57 0.981132
46 58 0.089474
46 59 0.171674
46 60 0.080495
46 61 0.257576
46 62 0.130564
46 63 0.177062
46 64 0.046997
46 65 0.019920
46 66 0.175258
46 67 0.193676
46 68 0.071970
46 69 0.226852
46 70 0.033981
46 71 0.041237
46 72 0.147126
46 73 0.141026
46 74 0.129032
46 75 0.019512
46 76 0.069930
46 77 0.070547
46 78 0.098237
46 79 0.128920
46 80 0.045593
46 81 0.054475
46 82 0.047619
46 83 0.068627
46 84 0.045455
46 85 0.005277
46 86 0.090909
46 87 0.104167
46 88 0.000000
46 89 0.048485
46 90 0.127451
46 91 0.100610
46 92 0.841584
46 93 0.058568
46 94 0.050459
46 95 0.016000
46 96 0.006818
46 97 0.059908
46 98 0.047337
46 99 0.025896
47 48 0.067797
47 49 0.032136
47 50 0.219388
47 51 0.111801
47 52 0.098485
47 53 0.070896
47 54 0.050847
47 55 0.058957
47 56 0.111969
47 57 0.151603
47 58 0.146552
47 59 0.503145
47 60 0.080745
47 61 0.155606
47 62 0.098876
47 63 0.363636
47 64 0.041763
47 65 0.041841
47 66 0.115646
47 67 0.202479
47 68 0.159664
47 69 0.116114
47 70 0.145833
47 71 0.080000
47 72 0.288288
47 73 0.230126
47 74 0.155689
47 75 0.022989
47 76 0.101010
47 77 0.107817
47 78 0.140288
47 79 0.385417
47 80 0.089286
47 81 0.085890
47 82 0.029703
47 83 0.287671
47 84 0.046823
47 85 0.666667
47 86 0.080645
47 87 0.260870
47 88 0.000000
47 89 0.173913
47 90 0.401235
47 91 0.080097
47 92 0.279605
47 93 0.093750
47 94 0.026634
47 95 0.034483
47 96 0.006818
47 97 0.130653
47 98 0.052980
47 99 0.041534
48 49 0.048159
48 50 0.220513
48 51 0.620690
48 52 0.141304
48 53 0.108571
48 54 0.086066
48 55 0.094203
48 56 0.233871
48 57 0.214876
48 58 0.177700
48 59 0.434783
48 60 0.176871
48 61 0.256604
48 62 0.164179
48 63 0.427184
48 64 0.070039
48 65 0.047393
48 66 0.248175
48 67 0.700000
48 68 0.159664
48 69 0.189189
48 70 0.094595
48 71 0.400000
48 72 0.435374
48 73 0.486726
48 74 0.288889
48 75 0.027211
48 76 0.952381
48 77 0.136986
48 78 0.280576
48 79 0.232704
48 80 0.384615
48 81 0.117647
48 82 0.061644
48 83 0.153285
48 84 0.112903
48 85 0.011299
48 86 0.186567
48 87 0.154639
48 88 0.000000
48 89 0.076677
48 90 0.270833
48 91 0.140426
48 92 0.323194
48 93 0.145161
48 94 0.044177
48 95 0.038278
48 96 0.010909
48 97 0.180556
48 98 0.121212
48 99 0.057778
49 50 0.091489
49 51 0.048387
49 52 0.067885
49 53 0.052198
49 54 0.131250
49 55 0.153846
49 56 0.093248
49 57 0.148148
49 58 0.114607
49 59 0.163599
49 60 0.120930
49 61 0.535433
49 62 0.517647
49 63 0.196429
49 64 0.145161
49 65 0.021834
49 66 0.129771
49 67 0.168966
49 68 0.076459
49 69 0.281609
49 70 0.028866
49 71 0.031579
49 72 0.162437
49 73 0.163690
49 74 0.207171
49 75 0.009217
49 76 0.060241
49 77 0.096386
49 78 0.128289
49 79 0.075203
49 80 0.040761
49 81 0.072539
49 82 0.035019
49 83 0.043659
49 84 0.059829
49 85 0.003781
49 86 0.113636
49 87 0.057692
49 88 0.000000
49 89 0.036145
49 90 0.116906
49 91 0.277311
49 92 0.187638
49 93 0.075419
49 94 0.063953
49 95 0.017279
49 96 0.017442
49 97 0.062651
49 98 0.066390
49 99 0.033854
50 51 0.086538
50 52 0.260000
50 53 0.165217
50 54 0.051220
50 55 0.058166
50 56 0.182390
50 57 0.297143
50 58 0.107822
50 59 0.249221
50 60 0.083601
50 61 0.194286
50 62 0.111675
50 63 0.232804
50 64 0.043902
50 65 0.026316
50 66 0.162679
50 67 0.233333
50 68 0.096203
50 69 0.155063
50 70 0.054475
50 71 0.068182
50 72 0.194529
50 73 0.179153
50 74 0.141689
50 75 0.081633
50 76 0.098039
50 77 0.082816
50 78 0.117117
50 79 0.366337
50 80 0.067265
50 81 0.065268
50 82 0.042254
50 83 0.162791
50 84 0.048611
50 85 0.010101
50 86 0.091575
50 87 0.319149
50 88 0.000000
50 89 0.079470
50 90 0.186782
50 91 0.089431
50 92 0.779817
50 93 0.071240
50 94 0.035256
50 95 0.021333
50 96 0.006711
50 97 0.081761
50 98 0.051948
50 99 0.031250
51 52 0.125604
51 53 0.095477
51 54 0.082677
51 55 0.091549
51 56 0.192053
51 57 0.194030
51 58 0.190299
51 59 0.512821
51 60 0.160494
51 61 0.234483
51 62 0.153310
51 63 0.483516
51 64 0.066421
51 65 0.053476
51 66 0.206061
51 67 0.510417
51 68 0.179245
51 69 0.171930
51 70 0.114754
51 71 0.375000
51 72 0.512000
51 73 0.539216
51 74 0.285714
51 75 0.025000
51 76 0.444444
51 77 0.144928
51 78 0.291045
51 79 0.234177
51 80 0.937500
51 81 0.126126
51 82 0.051724
51 83 0.160305
51 84 0.100000
51 85 0.012500
51 86 0.161290
51 87 0.154639
51 88 0.000000
51 89 0.081911
51 90 0.306604
51 91 0.129921
51 92 0.300353
51 93 0.156977
51 94 0.040000
51 95 0.043478
51 96 0.010601
51 97 0.218487
51 98 0.112676
51 99 0.062201
52 53 0.950000
52 54 0.060519
52 55 0.067358
52 56 0.329545
52 57 0.641975
52 58 0.108511
52 59 0.227273
52 60 0.101961
52 61 0.262548
52 62 0.140575
52 63 0.226221
52 64 0.052786
52 65 0.025445
52 66 0.257576
52 67 0.300613
52 68 0.091127
52 69 0.221719
52 70 0.047138
52 71 0.067039
52 72 0.193939
52 73 0.189003
52 74 0.159509
52 75 0.043478
52 76 0.109290
52 77 0.084926
52 78 0.127451
52 79 0.210227
52 80 0.067873
52 81 0.066986
52 82 0.067669
52 83 0.109375
52 84 0.059574
52 85 0.007547
52 86 0.119048
52 87 0.163043
52 88 0.000000
52 89 0.062176
52 90 0.164975
52 91 0.113014
52 92 0.988372
52 93 0.073973
52 94 0.050459
52 95 0.020513
52 96 0.007752
52 97 0.079755
52 98 0.061303
52 99 0.032099
53 54 0.063830
53 55 0.070652
53 56 0.408451
53 57 0.675325
53 58 0.111111
53 59 0.230548
53 60 0.109705
53 61 0.282158
53 62 0.150171
53 63 0.231579
53 64 0.055901
53 65 0.025974
53 66 0.300885
53 67 0.331081
53 68 0.092683
53 69 0.241379
53 70 0.047619
53 71 0.069364
53 72 0.199377
53 73 0.197133
53 74 0.167742
53 75 0.039604
53 76 0.116279
53 77 0.087146
53 78 0.133106
53 79 0.201087
53 80 0.070423
53 81 0.069136
53 82 0.078947
53 83 0.107143
53 84 0.064220
53 85 0.007463
53 86 0.130208
53 87 0.153846
53 88 0.000000
53 89 0.060914
53 90 0.165816
53 91 0.120879
53 92 0.825243
53 93 0.076705
53 94 0.055000
53 95 0.020888
53 96 0.008152
53 97 0.081761
53 98 0.065574
53 99 0.033079
54 55 0.650000
54 56 0.111111
54 57 0.148148
54 58 0.178322
54 59 0.233236
54 60 0.257426
54 61 0.386364
54 62 0.431373
54 63 0.300341
54 64 0.473684
54 65 0.033003
54 66 0.156682
54 67 0.242574
54 68 0.111437
54 69 0.226852
54 70 0.039886
54 71 0.043956
54 72 0.262295
54 73 0.287958
54 74 0.541667
54 75 0.010959
54 76 0.088889
54 77 0.155642
54 78 0.253247
54 79 0.092269
54 80 0.060976
54 81 0.123348
54 82 0.041284
54 83 0.055263
54 84 0.112903
54 85 0.004854
54 86 0.179856
54 87 0.069124
54 88 0.000000
54 89 0.044362
54 90 0.158924
54 91 0.388235
54 92 0.197216
54 93 0.135000
54 94 0.053140
54 95 0.025974
54 96 0.073171
54 97 0.097378
54 98 0.141593
54 99 0.057778
55 56 0.096990
55 57 0.133333
55 58 0.182796
55 59 0.222222
55 60 0.189781
55 61 0.326923
55 62 0.341085
55 63 0.292359
55 64 0.281250
55 65 0.032154
55 66 0.132296
55 67 0.205882
55 68 0.108883
55 69 0.195219
55 70 0.037433
55 71 0.039344
55 72 0.248062
55 73 0.260664
55 74 0.464286
55 75 0.009950
55 76 0.077519
55 77 0.161943
55 78 0.226744
55 79 0.085253
55 80 0.054745
55 81 0.124444
55 82 0.034884
55 83 0.050971
55 84 0.087500
55 85 0.004545
55 86 0.141243
55 87 0.064103
55 88 0.000000
55 89 0.042403
55 90 0.152941
55 91 0.277311
55 92 0.180851
55 93 0.130435
55 94 0.045455
55 95 0.025237
55 96 0.750000
55 97 0.091873
55 98 0.110345
55 99 0.057778
56 57 0.426230
56 58 0.128463
56 59 0.261438
56 60 0.155689
56 61 0.348718
56 62 0.187234
56 63 0.269113
56 64 0.070312
56 65 0.030120
56 66 0.680000
56 67 0.604938
56 68 0.105263
56 69 0.289941
56 70 0.053232
56 71 0.090909
56 72 0.242424
56 73 0.253456
56 74 0.216667
56 75 0.032258
56 76 0.173913
56 77 0.101523
56 78 0.172566
56 79 0.191710
56 80 0.092593
56 81 0.082111
56 82 0.163636
56 83 0.108808
56 84 0.095238
56 85 0.007722
56 86 0.203252
56 87 0.138889
56 88 0.000000
56 89 0.060914
56 90 0.181564
56 91 0.156398
56 92 0.488506
56 93 0.093426
56 94 0.067901
56 95 0.024169
56 96 0.010000
56 97 0.098113
56 98 0.091954
56 99 0.039394
57 58 0.098456
57 59 0.190476
57 60 0.095941
57 61 0.302222
57 62 0.149660
57 63 0.196868
57 64 0.053571
57 65 0.022075
57 66 0.239437
57 67 0.243781
57 68 0.079332
57 69 0.273743
57 70 0.037940
57 71 0.049180
57 72 0.166234
57 73 0.162722
57 74 0.148148
57 75 0.023121
57 76 0.085106
57 77 0.077821
57 78 0.113043
57 79 0.143969
57 80 0.053381
57 81 0.060606
57 82 0.065217
57 83 0.077491
57 84 0.054688
57 85 0.005814
57 86 0.112108
57 87 0.114068
57 88 0.000000
57 89 0.051392
57 90 0.139186
57 91 0.117438
57 92 0.787037
57 93 0.066015
57 94 0.061111
57 95 0.017738
57 96 0.007673
57 97 0.067532
57 98 0.056140
57 99 0.028889
58 59 0.412371
58 60 0.092857
58 61 0.155606
58 62 0.115486
58 63 0.822430
58 64 0.055728
58 65 0.090090
58 66 0.088312
58 67 0.153605
58 68 0.299213
58 69 0.106291
58 70 0.055336
58 71 0.040000
58 72 0.444444
58 73 0.303867
58 74 0.253659
58 75 0.009368
58 76 0.069444
58 77 0.975610
58 78 0.217877
58 79 0.092040
58 80 0.059289
58 81 0.444444
58 82 0.022959
58 83 0.057065
58 84 0.049645
58 85 0.005780
58 86 0.078125
58 87 0.068650
58 88 0.000000
58 89 0.057143
58 90 0.278970
58 91 0.093220
58 92 0.154545
58 93 0.243243
58 94 0.024444
58 95 0.067227
58 96 0.010830
58 97 0.164557
58 98 0.062992
58 99 0.183099
59 60 0.093525
59 61 0.158140
59 62 0.107843
59 63 0.988764
59 64 0.048387
59 65 0.119048
59 66 0.106583
59 67 0.197581
59 68 0.475000
59 69 0.113164
59 70 0.208955
59 71 0.068182
59 72 0.627451
59 73 0.357143
59 74 0.208835
59 75 0.014184
59 76 0.101010
59 77 0.180180
59 78 0.205263
59 79 0.159483
59 80 0.101351
59 81 0.151351
59 82 0.027439
59 83 0.106599
59 84 0.053232
59 85 0.012739
59 86 0.085616
59 87 0.114504
59 88 0.000000
59 89 0.103896
59 90 0.970149
59 91 0.088235
59 92 0.203837
59 93 0.164634
59 94 0.026005
59 95 0.105263
59 96 0.008403
59 97 0.337662
59 98 0.064000
59 99 0.074713
60 61 0.419753
60 62 0.335878
60 63 0.352000
60 64 0.163636
60 65 0.038610
60 66 0.259542
60 67 0.480392
60 68 0.128378
60 69 0.269231
60 70 0.051661
60 71 0.068182
60 72 0.338624
60 73 0.429688
60 74 0.619048
60 75 0.015038
60 76 0.156250
60 77 0.151515
60 78 0.367925
60 79 0.122517
60 80 0.096154
60 81 0.128440
60 82 0.067164
60 83 0.074205
60 84 0.560000
60 85 0.006231
60 86 0.510204
60 87 0.089820
60 88 0.000000
60 89 0.052863
60 90 0.189504
60 91 0.336735
60 92 0.250000
60 93 0.156069
60 94 0.064327
60 95 0.030534
60 96 0.021898
60 97 0.125604
60 98 0.533333
60 99 0.061905
61 62 0.530120
61 63 0.214112
61 64 0.124138
61 65 0.023810
61 66 0.229730
61 67 0.250000
61 68 0.083333
61 69 0.980000
61 70 0.034146
61 71 0.041522
61 72 0.183908
61 73 0.191638
61 74 0.223176
61 75 0.012539
61 76 0.081301
61 77 0.096154
61 78 0.146067
61 79 0.096104
61 80 0.051546
61 81 0.074667
61 82 0.063380
61 83 0.055409
61 84 0.082840
61 85 0.004587
61 86 0.179856
61 87 0.073171
61 88 0.000000
61 89 0.041812
61 90 0.131579
61 91 0.362637
61 92 0.259939
61 93 0.081081
61 94 0.234043
61 95 0.018957
61 96 0.014286
61 97 0.071429
61 98 0.083770
61 99 0.035326
62 63 0.235925
62 64 0.268657
62 65 0.026110
62 66 0.182796
62 67 0.237864
62 68 0.090261
62 69 0.376923
62 70 0.034913
62 71 0.040678
62 72 0.202532
62 73 0.214844
62 74 0.288889
62 75 0.011236
62 76 0.080972
62 77 0.112360
62 78 0.171806
62 79 0.090244
62 80 0.052817
62 81 0.087227
62 82 0.049451
62 83 0.052897
62 84 0.093960
62 85 0.004505
62 86 0.185185
62 87 0.068337
62 88 0.000000
62 89 0.041379
62 90 0.137131
62 91 0.970588
62 92 0.218509
62 93 0.094406
62 94 0.088710
62 95 0.020725
62 96 0.022901
62 97 0.077612
62 98 0.101266
62 99 0.041009
63 64 0.055215
63 65 0.909091
63 66 0.104294
63 67 0.192913
63 68 0.775510
63 69 0.115566
63 70 0.095238
63 71 0.056872
63 72 0.984615
63 73 0.440000
63 74 0.262626
63 75 0.011976
63 76 0.094340
63 77 0.298507
63 78 0.265306
63 79 0.122924
63 80 0.089286
63 81 0.280000
63 82 0.026946
63 83 0.078947
63 84 0.057613
63 85 0.008333
63 86 0.089928
63 87 0.089820
63 88 0.000000
63 89 0.075235
63 90 0.467626
63 91 0.096774
63 92 0.183190
63 93 0.284211
63 94 0.026634
63 95 0.444444
63 96 0.010067
63 97 0.412698
63 98 0.072398
63 99 0.144444
64 65 0.029762
64 66 0.161905
64 67 0.236715
64 68 0.101604
64 69 0.259259
64 70 0.037333
64 71 0.041958
64 72 0.233577
64 73 0.252294
64 74 0.406250
64 75 0.010870
64 76 0.084388
64 77 0.136054
64 78 0.213115
64 79 0.090244
64 80 0.056818
64 81 0.106464
64 82 0.043062
64 83 0.053571
64 84 0.104478
64 85 0.004651
64 86 0.181159
64 87 0.067873
64 88 0.000000
64 89 0.042705
64 90 0.148402
64 91 0.578947
64 92 0.201422
64 93 0.115385
64 94 0.061111
64 95 0.023460
64 96 0.045455
64 97 0.087838
64 98 0.123077
64 99 0.049808
65 66 0.102102
65 67 0.187739
65 68 0.974359
65 69 0.113164
65 70 0.097222
65 71 0.055814
65 72 0.876712
65 73 0.410448
65 74 0.250000
65 75 0.011905
65 76 0.091743
65 77 0.285714
65 78 0.250000
65 79 0.122924
65 80 0.086705
65 81 0.259259
65 82 0.026393
65 83 0.078947
65 84 0.055556
65 85 0.008439
65 86 0.087413
65 87 0.089820
65 88 0.000000
65 89 0.076923
65 90 0.500000
65 91 0.094017
65 92 0.182013
65 93 0.257143
65 94 0.026066
65 95 0.888889
65 96 0.009709
65 97 0.382353
65 98 0.069565
65 99 0.130000
66 67 0.671233
66 68 0.104110
66 69 0.382812
66 70 0.049296
66 71 0.077922
66 72 0.245211
66 73 0.265700
66 74 0.247619
66 75 0.023121
66 76 0.163934
66 77 0.106101
66 78 0.187500
66 79 0.156118
66 80 0.087209
66 81 0.085890
66 82 0.900000
66 83 0.090129
66 84 0.121739
66 85 0.006803
66 86 0.301205
66 87 0.114504
66 88 0.000000
66 89 0.055684
66 90 0.172872
66 91 0.203704
66 92 0.397196
66 93 0.098182
66 94 0.091667
66 95 0.024024
66 96 0.011673
66 97 0.097015
66 98 0.111111
66 99 0.041139
67 68 0.130137
67 69 0.259259
67 70 0.064516
67 71 0.127660
67 72 0.336842
67 73 0.398551
67 74 0.317073
67 75 0.024390
67 76 0.384615
67 77 0.126984
67 78 0.267123
67 79 0.180488
67 80 0.148515
67 81 0.106870
67 82 0.109756
67 83 0.109375
67 84 0.177215
67 85 0.008264
67 86 0.347222
67 87 0.127119
67 88 0.000000
67 89 0.063325
67 90 0.211726
67 91 0.188571
67 92 0.341365
67 93 0.129187
67 94 0.061453
67 95 0.030651
67 96 0.012605
67 97 0.133333
67 98 0.160000
67 99 0.052000
68 69 0.104701
68 70 0.095890
68 71 0.050420
68 72 0.587156
68 73 0.323529
68 74 0.211382
68 75 0.011299
68 76 0.080972
68 77 0.246914
68 78 0.201031
68 79 0.119355
68 80 0.075000
68 81 0.200000
68 82 0.024129
68 83 0.076364
68 84 0.048611
68 85 0.008475
68 86 0.077640
68 87 0.087977
68 88 0.000000
68 89 0.081356
68 90 0.613208
68 91 0.084833
68 92 0.174538
68 93 0.188811
68 94 0.024070
68 95 0.228571
68 96 0.008671
68 97 0.265306
68 98 0.059925
68 99 0.097744
69 70 0.034483
69 71 0.043011
69 72 0.177778
69 73 0.183333
69 74 0.199234
69 75 0.013793
69 76 0.082988
69 77 0.090090
69 78 0.136364
69 79 0.102210
69 80 0.051903
69 81 0.070175
69 82 0.075000
69 83 0.058333
69 84 0.076503
69 85 0.004739
69 86 0.170068
69 87 0.078329
69 88 0.000000
69 89 0.043011
69 90 0.131313
69 91 0.250000
69 92 0.300353
69 93 0.076271
69 94 0.916667
69 95 0.018433
69 96 0.011858
69 97 0.069705
69 98 0.076555
69 99 0.033248
70 71 0.090909
70 72 0.481203
70 73 0.335366
70 74 0.197719
70 75 0.018182
70 76 0.120482
70 77 0.144404
70 78 0.191176
70 79 0.224242
70 80 0.125000
70 81 0.120172
70 82 0.030717
70 83 0.160305
70 84 0.055556
70 85 0.021505
70 86 0.091241
70 87 0.153846
70 88 0.000000
70 89 0.123711
70 90 0.663265
70 91 0.089918
70 92 0.238764
70 93 0.135000
70 94 0.027778
70 95 0.058394
70 96 0.008065
70 97 0.242991
70 98 0.065041
70 99 0.059091
71 72 0.410256
71 73 0.413534
71 74 0.251208
71 75 0.031008
71 76 0.408163
71 77 0.129870
71 78 0.240741
71 79 0.282443
71 80 0.312500
71 81 0.110236
71 82 0.055215
71 83 0.194444
71 84 0.091503
71 85 0.013423
71 86 0.155280
71 87 0.180723
71 88 0.000000
71 89 0.083916
71 90 0.286344
71 91 0.125475
71 92 0.335968
71 93 0.133005
71 94 0.040741
71 95 0.037736
71 96 0.009868
71 97 0.174497
71 98 0.099379
71 99 0.053942
72 73 0.887097
72 74 0.348993
72 75 0.014134
72 76 0.133333
72 77 0.254777
72 78 0.428571
72 79 0.141221
72 80 0.136364
72 81 0.264151
72 82 0.033333
72 83 0.091703
72 84 0.077778
72 85 0.009091
72 86 0.116822
72 87 0.100671
72 88 0.000000
72 89 0.074074
72 90 0.389222
72 91 0.116608
72 92 0.208333
72 93 0.397059
72 94 0.031519
72 95 0.106667
72 96 0.011719
72 97 0.962963
72 98 0.100000
72 99 0.139785
73 74 0.520000
73 75 0.015444
73 76 0.183486
73 77 0.220994
73 78 0.975000
73 79 0.143969
73 80 0.172414
73 81 0.220472
73 82 0.041860
73 83 0.092105
73 84 0.117647
73 85 0.008403
73 86 0.163399
73 87 0.102389
73 88 0.000000
73 89 0.067227
73 90 0.294118
73 91 0.147982
73 92 0.227882
73 93 0.364865
73 94 0.038062
73 95 0.058824
73 96 0.014354
73 97 0.325000
73 98 0.161616
73 99 0.113043
74 75 0.012500
74 76 0.120482
74 77 0.217391
74 78 0.639344
74 79 0.109792
74 80 0.088235
74 81 0.195804
74 82 0.041860
74 83 0.067308
74 84 0.145833
74 85 0.006006
74 86 0.190840
74 87 0.080429
74 88 0.000000
74 89 0.052632
74 90 0.206349
74 91 0.218543
74 92 0.206311
74 93 0.252336
74 94 0.044000
74 95 0.037559
74 96 0.027273
74 97 0.150289
74 98 0.238806
74 99 0.094203
75 76 0.128205
75 77 0.091743
75 78 0.136842
75 79 0.440476
75 80 0.085227
75 81 0.073298
75 82 0.050279
75 83 0.205882
75 84 0.057851
75 85 0.011429
75 86 0.108225
75 87 0.312500
75 88 0.000000
75 89 0.081356
75 90 0.206349
75 91 0.100304
75 92 0.625000
75 93 0.081571
75 94 0.038732
75 95 0.024096
75 96 0.007463
75 97 0.095238
75 98 0.061069
75 99 0.035230
76 77 0.138408
76 78 0.300000
76 79 0.210227
76 80 0.294118
76 81 0.118644
76 82 0.068702
76 83 0.134615
76 84 0.134615
76 85 0.010152
76 86 0.221239
76 87 0.142857
76 88 0.000000
76 89 0.072072
76 90 0.253906
76 91 0.153488
76 92 0.320755
76 93 0.147541
76 94 0.047826
76 95 0.036866
76 96 0.011673
76 97 0.172185
76 98 0.140351
76 99 0.058296
77 78 0.229412
77 79 0.088305
77 80 0.057692
77 81 0.518519
77 82 0.023438
77 83 0.054545
77 84 0.052045
77 85 0.005420
77 86 0.081433
77 87 0.066079
77 88 0.000000
77 89 0.053097
77 90 0.243446
77 91 0.100000
77 92 0.153430
77 93 0.252336
77 94 0.025404
77 95 0.054054
77 96 0.012295
77 97 0.148571
77 98 0.066667
77 99 0.194030
78 79 0.127148
78 80 0.125000
78 81 0.235294
78 82 0.042056
78 83 0.080153
78 84 0.134615
78 85 0.007246
78 86 0.177305
78 87 0.091743
78 88 0.000000
78 89 0.060453
78 90 0.253906
78 91 0.169231
78 92 0.217391
78 93 0.391304
78 94 0.040146
78 95 0.050000
78 96 0.017647
78 97 0.228070
78 98 0.207792
78 99 0.119266
79 80 0.087209
79 81 0.076087
79 82 0.036735
79 83 0.600000
79 84 0.050360
79 85 0.020408
79 86 0.090253
79 87 0.810811
79 88 0.000000
79 89 0.113744
79 90 0.258964
79 91 0.086842
79 92 0.408654
79 93 0.084112
79 94 0.030986
79 95 0.027119
79 96 0.006928
79 97 0.106122
79 98 0.055172
79 99 0.036723
80 81 0.135266
80 82 0.049724
80 83 0.145833
80 84 0.103704
80 85 0.011976
80 86 0.162338
80 87 0.144231
80 88 0.000000
80 89 0.080537
80 90 0.315534
80 91 0.132000
80 92 0.285235
80 93 0.173077
80 94 0.039427
80 95 0.046784
80 96 0.010989
80 97 0.245283
80 98 0.118519
80 99 0.067358
81 82 0.027027
81 83 0.062687
81 84 0.063348
81 85 0.006173
81 86 0.096525
81 87 0.074442
81 88 0.000000
81 89 0.057692
81 90 0.273109
81 91 0.112628
81 92 0.170000
81 93 0.500000
81 94 0.028351
81 95 0.068966
81 96 0.013514
81 97 0.203125
81 98 0.083333
81 99 0.928571
82 83 0.087137
82 84 0.116667
82 85 0.006601
82 86 0.290698
82 87 0.111524
82 88 0.000000
82 89 0.054670
82 90 0.168831
82 91 0.206250
82 92 0.397196
82 93 0.095745
82 94 0.099099
82 95 0.023460
82 96 0.011628
82 97 0.094203
82 98 0.107383
82 99 0.040248
83 84 0.054054
83 85 0.027027
83 86 0.095057
83 87 0.434783
83 88 0.000000
83 89 0.119403
83 90 0.295455
83 91 0.090164
83 92 0.361702
83 93 0.093103
83 94 0.031250
83 95 0.030769
83 96 0.007299
83 97 0.123223
83 98 0.059701
83 99 0.040498
84 85 0.006711
84 86 0.641026
84 87 0.096774
84 88 0.000000
84 89 0.055427
84 90 0.198171
84 91 0.284483
84 92 0.265625
84 93 0.156977
84 94 0.063953
84 95 0.031496
84 96 0.018750
84 97 0.133333
84 98 0.533333
84 99 0.061321
85 86 0.080645
85 87 0.256410
85 88 0.000000
85 89 0.173913
85 90 0.406250
85 91 0.080292
85 92 0.278689
85 93 0.094406
85 94 0.026634
85 95 0.034783
85 96 0.006834
85 97 0.131980
85 98 0.053156
85 99 0.041801
86 87 0.097720
86 88 0.000000
86 89 0.053812
86 90 0.183099
86 91 0.317308
86 92 0.289116
86 93 0.128571
86 94 0.080882
86 95 0.027778
86 96 0.016854
86 97 0.114537
86 98 0.235294
86 99 0.052209
87 88 0.000000
87 89 0.114833
87 90 0.235507
87 91 0.080488
87 92 0.422886
87 93 0.075630
87 94 0.029178
87 95 0.024390
87 96 0.006424
87 97 0.092857
87 98 0.049383
87 99 0.033333
88 89 0.062176
88 90 0.164975
88 91 0.113014
88 92 0.988372
88 93 0.073973
88 94 0.050459
88 95 0.020513
88 96 0.007752
88 97 0.079755
88 98 0.061303
88 99 0.032099
89 90 0.340314
89 91 0.060329
89 92 0.207824
89 93 0.069231
89 94 0.020000
89 95 0.026316
89 96 0.005319
89 97 0.087542
89 98 0.037037
89 99 0.032178
90 91 0.075000
90 92 0.188470
90 93 0.120000
90 94 0.022727
90 95 0.065574
90 96 0.007092
90 97 0.181818
90 98 0.050633
90 99 0.057018
91 92 0.228495
91 93 0.105469
91 94 0.088710
91 95 0.022599
91 96 0.024793
91 97 0.086093
91 98 0.128000
91 99 0.045139
92 93 0.060403
92 94 0.038869
92 95 0.017279
92 96 0.006369
92 97 0.064838
92 98 0.046243
92 99 0.026694
93 94 0.032164
93 95 0.072072
93 96 0.014706
93 97 0.279570
93 98 0.110345
93 99 0.309524
94 95 0.018913
94 96 0.012295
94 97 0.071823
94 98 0.080808
94 99 0.034211
95 96 0.009554
95 97 0.393939
95 98 0.068670
95 99 0.121495
96 97 0.092527
96 98 0.111111
96 99 0.058559
97 98 0.089888
97 99 0.113043
98 99 0.070652
