100 4950
0 1 0.991228
0 2 0.991379
0 3 0.553922
0 4 0.442478
0 5 0.675299
0 6 0.081720
0 7 0.323529
0 8 0.354962
0 9 0.155378
0 10 0.227437
0 11 0.013752
0 12 0.088561
0 13 0.468553
0 14 0.063205
0 15 0.488263
0 16 0.543536
0 17 0.987179
0 18 0.194070
0 19 0.142512
0 20 0.041667
0 21 0.209150
0 22 0.208163
0 23 0.122378
0 24 0.187500
0 25 0.181373
0 26 0.586207
0 27 0.285714
0 28 0.164384
0 29 0.322500
0 30 0.098507
0 31 0.500000
0 32 0.044068
0 33 0.234450
0 34 0.251282
0 35 0.967742
0 36 0.331395
0 37 0.123737
0 38 0.976190
0 39 0.690476
0 40 0.216393
0 41 0.052752
0 42 0.190184
0 43 0.085586
0 44 0.099150
0 45 0.066937
0 46 0.058824
0 47 0.836364
0 48 0.155779
0 49 0.168874
0 50 0.057522
0 51 0.361702
0 52 0.537037
0 53 0.277108
0 54 0.110865
0 55 0.113065
0 56 0.141732
0 57 0.143396
0 58 0.025581
0 59 0.111628
0 60 0.269912
0 61 0.057432
0 62 0.104167
0 63 0.013263
0 64 0.019370
0 65 0.069444
0 66 0.584158
0 67 0.163569
0 68 0.983051
0 69 0.047431
0 70 0.076923
0 71 0.117155
0 72 0.337500
0 73 0.010444
0 74 0.308725
0 75 0.103226
0 76 0.176630
0 77 0.215385
0 78 0.050000
0 79 0.112069
0 80 0.337500
0 81 0.027108
0 82 0.066790
0 83 0.019851
0 84 0.195652
0 85 0.034031
0 86 0.082840
0 87 0.024221
0 88 0.657143
0 89 0.116505
0 90 0.039720
0 91 0.032419
0 92 0.095238
0 93 0.012920
0 94 0.036036
0 95 0.102128
0 96 0.066869
0 97 0.065574
0 98 0.093664
0 99 0.192982
1 2 0.628415
1 3 0.530516
1 4 0.412088
1 5 0.777523
1 6 0.094293
1 7 0.234043
1 8 0.297125
1 9 0.171806
1 10 0.208609
1 11 0.015152
1 12 0.078689
1 13 0.553903
1 14 0.074074
1 15 0.990476
1 16 0.765799
1 17 0.647059
1 18 0.214925
1 19 0.152062
1 20 0.044974
1 21 0.271186
1 22 0.389313
1 23 0.117845
1 24 0.287081
1 25 0.241042
1 26 0.386364
1 27 0.402367
1 28 0.113208
1 29 0.284768
1 30 0.089189
1 31 0.977778
1 32 0.043046
1 33 0.233890
1 34 0.411765
1 35 0.277778
1 36 0.982759
1 37 0.173145
1 38 0.386792
1 39 0.214815
1 40 0.306977
1 41 0.055961
1 42 0.553571
1 43 0.084444
1 44 0.115512
1 45 0.075171
1 46 0.087336
1 47 0.754098
1 48 0.144522
1 49 0.176471
1 50 0.055319
1 51 0.147826
1 52 0.281553
1 53 0.223301
1 54 0.133690
1 55 0.134731
1 56 0.081448
1 57 0.186275
1 58 0.026961
1 59 0.115385
1 60 0.488000
1 61 0.058824
1 62 0.111607
1 63 0.018727
1 64 0.025559
1 65 0.085470
1 66 0.479675
1 67 0.258824
1 68 0.341176
1 69 0.051724
1 70 0.094044
1 71 0.222222
1 72 0.600000
1 73 0.014652
1 74 0.582278
1 75 0.150943
1 76 0.230496
1 77 0.182768
1 78 0.050125
1 79 0.062201
1 80 0.385714
1 81 0.025352
1 82 0.074074
1 83 0.019802
1 84 0.519231
1 85 0.047445
1 86 0.061404
1 87 0.023729
1 88 0.254144
1 89 0.149533
1 90 0.047091
1 91 0.038348
1 92 0.084034
1 93 0.015924
1 94 0.030928
1 95 0.094862
1 96 0.058511
1 97 0.111111
1 98 0.082725
1 99 0.172775
2 3 0.991228
2 4 0.657895
2 5 0.756696
2 6 0.092910
2 7 0.982143
2 8 0.632653
2 9 0.180974
2 10 0.375000
2 11 0.015982
2 12 0.150943
2 13 0.570881
2 14 0.071247
2 15 0.363636
2 16 0.513716
2 17 0.398964
2 18 0.242424
2 19 0.179331
2 20 0.052147
2 21 0.235294
2 22 0.170000
2 23 0.190217
2 24 0.171920
2 25 0.180488
2 26 0.200000
2 27 0.311927
2 28 0.750000
2 29 0.452632
2 30 0.149321
2 31 0.241758
2 32 0.066667
2 33 0.311111
2 34 0.253886
2 35 0.205479
2 36 0.247826
2 37 0.113953
2 38 0.471264
2 39 0.386667
2 40 0.222222
2 41 0.065903
2 42 0.150485
2 43 0.142857
2 44 0.119048
2 45 0.076923
2 46 0.054201
2 47 0.338235
2 48 0.218310
2 49 0.236111
2 50 0.098485
2 51 0.104938
2 52 0.983051
2 53 0.766667
2 54 0.121359
2 55 0.128571
2 56 0.300000
2 57 0.166667
2 58 0.032258
2 59 0.173913
2 60 0.246964
2 61 0.082927
2 62 0.125945
2 63 0.012594
2 64 0.019370
2 65 0.074813
2 66 0.855072
2 67 0.157706
2 68 0.432836
2 69 0.055814
2 70 0.085470
2 71 0.098246
2 72 0.194245
2 73 0.009877
2 74 0.283951
2 75 0.101911
2 76 0.186782
2 77 0.331754
2 78 0.066667
2 79 0.265306
2 80 0.236842
2 81 0.040541
2 82 0.076433
2 83 0.026667
2 84 0.157895
2 85 0.032581
2 86 0.259259
2 87 0.036842
2 88 0.494624
2 89 0.121212
2 90 0.044619
2 91 0.037356
2 92 0.150000
2 93 0.014327
2 94 0.055046
2 95 0.181818
2 96 0.102804
2 97 0.065574
2 98 0.137652
2 99 0.407407
3 4 0.993377
3 5 0.997059
3 6 0.126246
3 7 0.514019
3 8 0.750000
3 9 0.245283
3 10 0.707865
3 11 0.021538
3 12 0.247423
3 13 0.955128
3 14 0.097561
3 15 0.348993
3 16 0.590258
3 17 0.280000
3 18 0.391304
3 19 0.273148
3 20 0.079439
3 21 0.347826
3 22 0.174658
3 23 0.406977
3 24 0.194175
3 25 0.218289
3 26 0.139344
3 27 0.453333
3 28 0.228571
3 29 0.511905
3 30 0.206250
3 31 0.187234
3 32 0.139785
3 33 0.455814
3 34 0.322368
3 35 0.130435
3 36 0.239496
3 37 0.126289
3 38 0.250000
3 39 0.170588
3 40 0.289474
3 41 0.097046
3 42 0.149758
3 43 0.950000
3 44 0.188172
3 45 0.104101
3 46 0.061162
3 47 0.235897
3 48 0.285714
3 49 0.495146
3 50 0.565217
3 51 0.068826
3 52 0.339181
3 53 0.793103
3 54 0.160256
3 55 0.182927
3 56 0.107784
3 57 0.265734
3 58 0.047826
3 59 0.727273
3 60 0.285047
3 61 0.180851
3 62 0.176056
3 63 0.014493
3 64 0.023529
3 65 0.098039
3 66 0.556604
3 67 0.191304
3 68 0.241667
3 69 0.075710
3 70 0.119048
3 71 0.104089
3 72 0.149171
3 73 0.011331
3 74 0.302632
3 75 0.126482
3 76 0.246212
3 77 0.366492
3 78 0.101010
3 79 0.081761
3 80 0.175325
3 81 0.063380
3 82 0.100559
3 83 0.040000
3 84 0.154286
3 85 0.037901
3 86 0.150538
3 87 0.080460
3 88 0.225490
3 89 0.153846
3 90 0.061594
3 91 0.053498
3 92 0.196078
3 93 0.019920
3 94 0.062500
3 95 0.585366
3 96 0.126437
3 97 0.080000
3 98 0.164251
3 99 0.970588
4 5 0.974138
4 6 0.121406
4 7 0.298913
4 8 0.902913
4 9 0.267123
4 10 0.984375
4 11 0.023649
4 12 0.342857
4 13 0.686636
4 14 0.089457
4 15 0.233184
4 16 0.444924
4 17 0.185542
4 18 0.382979
4 19 0.339080
4 20 0.092391
4 21 0.233577
4 22 0.117241
4 23 0.479452
4 24 0.137931
4 25 0.170901
4 26 0.087855
4 27 0.249084
4 28 0.118812
4 29 0.992308
4 30 0.970588
4 31 0.114883
4 32 0.171053
4 33 0.933333
4 34 0.167808
4 35 0.081522
4 36 0.147668
4 37 0.096457
4 38 0.135762
4 39 0.096667
4 40 0.196429
4 41 0.126374
4 42 0.087324
4 43 0.133803
4 44 0.154867
4 45 0.107492
4 46 0.044444
4 47 0.134897
4 48 0.911765
4 49 0.414634
4 50 0.100000
4 51 0.044156
4 52 0.214815
4 53 0.264368
4 54 0.140845
4 55 0.157343
4 56 0.070039
4 57 0.153226
4 58 0.064327
4 59 0.147239
4 60 0.174286
4 61 0.157407
4 62 0.216450
4 63 0.010917
4 64 0.018519
4 65 0.083102
4 66 0.235060
4 67 0.123944
4 68 0.160665
4 69 0.086331
4 70 0.097720
4 71 0.068293
4 72 0.082067
4 73 0.008565
4 74 0.153333
4 75 0.087432
4 76 0.187861
4 77 0.630631
4 78 0.202020
4 79 0.050781
4 80 0.089404
4 81 0.900000
4 82 0.108434
4 83 0.084211
4 84 0.083077
4 85 0.028698
4 86 0.078212
4 87 0.085366
4 88 0.144654
4 89 0.123393
4 90 0.054839
4 91 0.046931
4 92 0.500000
4 93 0.016234
4 94 0.116505
4 95 0.216216
4 96 0.293333
4 97 0.040956
4 98 0.382022
4 99 0.187500
5 6 0.974359
5 7 0.123596
5 8 0.221429
5 9 0.906977
5 10 0.181034
5 11 0.078652
5 12 0.064516
5 13 0.792553
5 14 0.474576
5 15 0.235294
5 16 0.691275
5 17 0.140511
5 18 0.433735
5 19 0.329609
5 20 0.102410
5 21 0.318408
5 22 0.128141
5 23 0.111821
5 24 0.186335
5 25 0.325991
5 26 0.066277
5 27 0.252788
5 28 0.054054
5 29 0.274468
5 30 0.086614
5 31 0.091858
5 32 0.043478
5 33 0.355072
5 34 0.154088
5 35 0.058027
5 36 0.139706
5 37 0.142029
5 38 0.088553
5 39 0.060041
5 40 0.282051
5 41 0.126374
5 42 0.080103
5 43 0.059190
5 44 0.225806
5 45 0.611111
5 46 0.062305
5 47 0.099352
5 48 0.160622
5 49 0.201581
5 50 0.039634
5 51 0.031955
5 52 0.114398
5 53 0.115578
5 54 0.632911
5 55 0.432692
5 56 0.035644
5 57 0.159664
5 58 0.057292
5 59 0.077170
5 60 0.187117
5 61 0.063197
5 62 0.328947
5 63 0.017007
5 64 0.036364
5 65 0.272727
5 66 0.144254
5 67 0.152778
5 68 0.104693
5 69 0.212389
5 70 0.252101
5 71 0.075067
5 72 0.061785
5 73 0.013378
5 74 0.126722
5 75 0.125000
5 76 0.375723
5 77 0.153173
5 78 0.075188
5 79 0.026210
5 80 0.063679
5 81 0.026239
5 82 0.455696
5 83 0.029197
5 84 0.069948
5 85 0.046263
5 86 0.032407
5 87 0.023411
5 88 0.086957
5 89 0.289157
5 90 0.223684
5 91 0.127451
5 92 0.074442
5 93 0.040650
5 94 0.026667
5 95 0.069971
5 96 0.052133
5 97 0.036364
5 98 0.078161
5 99 0.089674
6 7 0.135468
6 8 0.243455
6 9 0.987342
6 10 0.203226
6 11 0.082353
6 12 0.071856
6 13 0.993333
6 14 0.965517
6 15 0.250602
6 16 0.720280
6 17 0.150097
6 18 0.558140
6 19 0.398649
6 20 0.126866
6 21 0.383234
6 22 0.136729
6 23 0.127273
6 24 0.198020
6 25 0.339450
6 26 0.070981
6 27 0.289362
6 28 0.059259
6 29 0.295195
6 30 0.095376
6 31 0.098876
6 32 0.049618
6 33 0.398374
6 34 0.172535
6 35 0.062370
6 36 0.150794
6 37 0.146707
6 38 0.096244
6 39 0.065022
6 40 0.317308
6 41 0.149351
6 42 0.087324
6 43 0.067138
6 44 0.301724
6 45 0.687500
6 46 0.065789
6 47 0.107477
6 48 0.175141
6 49 0.238318
6 50 0.044828
6 51 0.034274
6 52 0.123932
6 53 0.128134
6 54 0.694444
6 55 0.642857
6 56 0.038627
6 57 0.188119
6 58 0.067485
6 59 0.087912
6 60 0.206081
6 61 0.073593
6 62 0.375940
6 63 0.017794
6 64 0.037915
6 65 0.303030
6 66 0.159030
6 67 0.168582
6 68 0.112403
6 69 0.230769
6 70 0.333333
6 71 0.080925
6 72 0.067332
6 73 0.013937
6 74 0.139818
6 75 0.137931
6 76 0.430464
6 77 0.166271
6 78 0.085470
6 79 0.028446
6 80 0.069588
6 81 0.029316
6 82 0.391304
6 83 0.032922
6 84 0.076705
6 85 0.048327
6 86 0.035623
6 87 0.026820
6 88 0.093686
6 89 0.309677
6 90 0.369565
6 91 0.200000
6 92 0.081967
6 93 0.052632
6 94 0.028986
6 95 0.078947
6 96 0.056995
6 97 0.040541
6 98 0.085000
6 99 0.100304
7 8 0.989362
7 9 0.186603
7 10 0.484615
7 11 0.016509
7 12 0.206897
7 13 0.568702
7 14 0.071247
7 15 0.308605
7 16 0.473563
7 17 0.311741
7 18 0.251748
7 19 0.191558
7 20 0.055016
7 21 0.222997
7 22 0.146974
7 23 0.227273
7 24 0.155039
7 25 0.170115
7 26 0.151111
7 27 0.280992
7 28 0.960000
7 29 0.560870
7 30 0.190751
7 31 0.185654
7 32 0.077844
7 33 0.351254
7 34 0.216814
7 35 0.150000
7 36 0.204301
7 37 0.104701
7 38 0.288732
7 39 0.224806
7 40 0.204969
7 41 0.070552
7 42 0.122530
7 43 0.153226
7 44 0.119863
7 45 0.078571
7 46 0.049261
7 47 0.240838
7 48 0.264957
7 49 0.256281
7 50 0.110169
7 51 0.078704
7 52 0.674419
7 53 0.867925
7 54 0.119332
7 55 0.127841
7 56 0.243243
7 57 0.156379
7 58 0.034700
7 59 0.173913
7 60 0.214035
7 61 0.091892
7 62 0.132979
7 63 0.011601
7 64 0.018307
7 65 0.072993
7 66 0.513043
7 67 0.141026
7 68 0.322222
7 69 0.058111
7 70 0.083799
7 71 0.085106
7 72 0.140625
7 73 0.009112
7 74 0.225490
7 75 0.093294
7 76 0.177596
7 77 0.448718
7 78 0.075188
7 79 0.180556
7 80 0.162651
7 81 0.050279
7 82 0.078603
7 83 0.030075
7 84 0.123853
7 85 0.030162
7 86 0.933333
7 87 0.042683
7 88 0.340741
7 89 0.115942
7 90 0.044386
7 91 0.037249
7 92 0.202703
7 93 0.014006
7 94 0.073620
7 95 0.224299
7 96 0.136646
7 97 0.054795
7 98 0.175258
7 99 0.383721
8 9 0.206897
8 10 0.863014
8 11 0.018373
8 12 0.489796
8 13 0.582031
8 14 0.074468
8 15 0.254279
8 16 0.436441
8 17 0.227139
8 18 0.282353
8 19 0.227799
8 20 0.064151
8 21 0.214047
8 22 0.124390
8 23 0.324074
8 24 0.138568
8 25 0.161572
8 26 0.107937
8 27 0.249084
8 28 0.205128
8 29 0.914894
8 30 0.397590
8 31 0.136646
8 32 0.107438
8 33 0.473430
8 34 0.178832
8 35 0.102740
8 36 0.163324
8 37 0.095890
8 38 0.177489
8 39 0.131222
8 40 0.189112
8 41 0.084559
8 42 0.096875
8 43 0.147287
8 44 0.126354
8 45 0.085714
8 46 0.044444
8 47 0.166065
8 48 0.433566
8 49 0.300000
8 50 0.112069
8 51 0.055195
8 52 0.327684
8 53 0.425926
8 54 0.121951
8 55 0.131965
8 56 0.111801
8 57 0.145594
8 58 0.041985
8 59 0.156863
8 60 0.181548
8 61 0.111111
8 62 0.154799
8 63 0.010684
8 64 0.017429
8 65 0.073171
8 66 0.308901
8 67 0.124646
8 68 0.212454
8 69 0.065395
8 70 0.084746
8 71 0.072165
8 72 0.098901
8 73 0.008403
8 74 0.172932
8 75 0.085333
8 76 0.171958
8 77 0.985915
8 78 0.101010
8 79 0.079755
8 80 0.110204
8 81 0.089109
8 82 0.086124
8 83 0.041026
8 84 0.094737
8 85 0.027957
8 86 0.148936
8 87 0.057377
8 88 0.202643
8 89 0.112941
8 90 0.046070
8 91 0.038922
8 92 0.535714
8 93 0.014124
8 94 0.160000
8 95 0.260870
8 96 0.323529
8 97 0.044280
8 98 0.336634
8 99 0.255814
9 10 0.206557
9 11 0.875000
9 12 0.073171
9 13 0.796791
9 14 0.266667
9 15 0.217119
9 16 0.567493
9 17 0.137993
9 18 0.533333
9 19 0.495798
9 20 0.151786
9 21 0.285714
9 22 0.115909
9 23 0.128676
9 24 0.159574
9 25 0.250000
9 26 0.065010
9 27 0.236934
9 28 0.057007
9 29 0.317734
9 30 0.101538
9 31 0.089069
9 32 0.050388
9 33 0.475728
9 34 0.145833
9 35 0.057582
9 36 0.130734
9 37 0.119221
9 38 0.088745
9 39 0.060669
9 40 0.240000
9 41 0.203540
9 42 0.075426
9 43 0.063545
9 44 0.230263
9 45 0.970588
9 46 0.052770
9 47 0.097665
9 48 0.194357
9 49 0.232877
9 50 0.043046
9 51 0.031599
9 52 0.118609
9 53 0.122667
9 54 0.333333
9 55 0.335821
9 56 0.037190
9 57 0.152000
9 58 0.088710
9 59 0.081356
9 60 0.170391
9 61 0.072650
9 62 0.704225
9 63 0.013966
9 64 0.027586
9 65 0.169492
9 66 0.146040
9 67 0.134557
9 68 0.105647
9 69 0.857143
9 70 0.186335
9 71 0.067961
9 72 0.060538
9 73 0.010989
9 74 0.122016
9 75 0.105611
9 76 0.287611
9 77 0.173697
9 78 0.100000
9 79 0.027254
9 80 0.062937
9 81 0.031250
9 82 0.857143
9 83 0.038647
9 84 0.066998
9 85 0.037572
9 86 0.034483
9 87 0.027027
9 88 0.088632
9 89 0.205128
9 90 0.140496
9 91 0.105691
9 92 0.085714
9 93 0.030120
9 94 0.030457
9 95 0.077170
9 96 0.060109
9 97 0.034582
9 98 0.090667
9 99 0.094286
10 11 0.022581
10 12 0.960000
10 13 0.788360
10 14 0.092105
10 15 0.268734
10 16 0.490476
10 17 0.218750
10 18 0.395604
10 19 0.313830
10 20 0.088083
10 21 0.268908
10 22 0.134565
10 23 0.972222
10 24 0.155039
10 25 0.185930
10 26 0.104938
10 27 0.303571
10 28 0.165517
10 29 0.763314
10 30 0.458333
10 31 0.137500
10 32 0.265306
10 33 0.653333
10 34 0.207627
10 35 0.098039
10 36 0.174847
10 37 0.106061
10 38 0.170833
10 39 0.121339
10 40 0.224490
10 41 0.113300
10 42 0.105085
10 43 0.228916
10 44 0.169082
10 45 0.105431
10 46 0.049628
10 47 0.165468
10 48 0.484375
10 49 0.520408
10 50 0.183099
10 51 0.052632
10 52 0.269767
10 53 0.410714
10 54 0.147059
10 55 0.166667
10 56 0.088235
10 57 0.185366
10 58 0.056995
10 59 0.224299
10 60 0.205387
10 61 0.209877
10 62 0.196850
10 63 0.012048
10 64 0.020101
10 65 0.087977
10 66 0.313830
10 67 0.143791
10 68 0.192053
10 69 0.081081
10 70 0.104895
10 71 0.078873
10 72 0.101504
10 73 0.009434
10 74 0.191667
10 75 0.099071
10 76 0.206349
10 77 0.578512
10 78 0.147059
10 79 0.064677
10 80 0.112971
10 81 0.160714
10 82 0.104046
10 83 0.058824
10 84 0.102273
10 85 0.031553
10 86 0.114754
10 87 0.140000
10 88 0.176923
10 89 0.132964
10 90 0.057047
10 91 0.049430
10 92 0.422535
10 93 0.017483
10 94 0.101695
10 95 0.489796
10 96 0.234043
10 97 0.050847
10 98 0.274194
10 99 0.292035
11 12 0.072072
11 13 0.764103
11 14 0.250000
11 15 0.213992
11 16 0.556757
11 17 0.136283
11 18 0.510638
11 19 0.479675
11 20 0.144068
11 21 0.275862
11 22 0.114094
11 23 0.126354
11 24 0.156250
11 25 0.245033
11 26 0.064030
11 27 0.230508
11 28 0.056075
11 29 0.316176
11 30 0.100610
11 31 0.087824
11 32 0.049430
11 33 0.471154
11 34 0.142857
11 35 0.056711
11 36 0.128378
11 37 0.117225
11 38 0.087420
11 39 0.059794
11 40 0.233216
11 41 0.198276
11 42 0.073986
11 43 0.062295
11 44 0.218750
11 45 0.846154
11 46 0.051813
11 47 0.096234
11 48 0.192547
11 49 0.226667
11 50 0.042071
11 51 0.031193
11 52 0.117172
11 53 0.120419
11 54 0.320513
11 55 0.319149
11 56 0.036735
11 57 0.147287
11 58 0.086614
11 59 0.079734
11 60 0.166667
11 61 0.071130
11 62 0.694444
11 63 0.013699
11 64 0.027027
11 65 0.163934
11 66 0.143552
11 67 0.131737
11 68 0.104317
11 69 0.960000
11 70 0.178571
11 71 0.066667
11 72 0.059471
11 73 0.010782
11 74 0.119481
11 75 0.103226
11 76 0.278970
11 77 0.171990
11 78 0.098522
11 79 0.026915
11 80 0.061785
11 81 0.030822
11 82 0.972973
11 83 0.038095
11 84 0.065854
11 85 0.036827
11 86 0.033981
11 87 0.026415
11 88 0.087452
11 89 0.200000
11 90 0.132812
11 91 0.099237
11 92 0.084746
11 93 0.028902
11 94 0.030151
11 95 0.075710
11 96 0.059459
11 97 0.033898
11 98 0.089947
11 99 0.092437
12 13 0.706161
12 14 0.085366
12 15 0.263959
12 16 0.470320
12 17 0.221264
12 18 0.349515
12 19 0.279621
12 20 0.078704
12 21 0.248062
12 22 0.131105
12 23 0.583333
12 24 0.149254
12 25 0.177033
12 26 0.105919
12 27 0.283333
12 28 0.180451
12 29 0.832258
12 30 0.500000
12 31 0.137500
12 32 0.178082
12 33 0.590361
12 34 0.197581
12 35 0.099668
12 36 0.170659
12 37 0.102296
12 38 0.173729
12 39 0.125000
12 40 0.211538
12 41 0.102222
12 42 0.102310
12 43 0.197917
12 44 0.151515
12 45 0.097923
12 46 0.047733
12 47 0.166667
12 48 0.484375
12 49 0.418033
12 50 0.156627
12 51 0.053628
12 52 0.288557
12 53 0.429907
12 54 0.137363
12 55 0.153061
12 56 0.095745
12 57 0.170404
12 58 0.051163
12 59 0.200000
12 60 0.197411
12 61 0.161905
12 62 0.181159
12 63 0.011547
12 64 0.019093
12 65 0.082418
12 66 0.315508
12 67 0.136646
12 68 0.198630
12 69 0.075235
12 70 0.097087
12 71 0.076503
12 72 0.100746
12 73 0.009070
12 74 0.185484
12 75 0.094118
12 76 0.193452
12 77 0.700000
12 78 0.129032
12 79 0.069519
12 80 0.112500
12 81 0.140625
12 82 0.097561
12 83 0.052288
12 84 0.100000
12 85 0.030233
12 86 0.127273
12 87 0.094595
12 88 0.185484
12 89 0.125654
12 90 0.052795
12 91 0.045296
12 92 0.535714
12 93 0.016181
12 94 0.121212
12 95 0.413793
12 96 0.282051
12 97 0.048583
12 98 0.309091
12 99 0.286957
13 14 0.210526
13 15 0.339869
13 16 0.807843
13 17 0.207547
13 18 0.986301
13 19 0.446970
13 20 0.144068
13 21 0.984615
13 22 0.184783
13 23 0.224359
13 24 0.248963
13 25 0.339450
13 26 0.100890
13 27 0.641509
13 28 0.092664
13 29 0.373913
13 30 0.134694
13 31 0.142857
13 32 0.089041
13 33 0.485149
13 34 0.322368
13 35 0.089286
13 36 0.221790
13 37 0.161716
13 38 0.147482
13 39 0.097643
13 40 0.500000
13 41 0.148387
13 42 0.135371
13 43 0.136691
13 44 0.972222
13 45 0.187500
13 46 0.079681
13 47 0.161404
13 48 0.224638
13 49 0.536842
13 50 0.087248
13 51 0.048295
13 52 0.181818
13 53 0.216981
13 54 0.316456
13 55 0.494505
13 56 0.056604
13 57 0.567164
13 58 0.070968
13 59 0.192000
13 60 0.326203
13 61 0.153153
13 62 0.274725
13 63 0.020000
13 64 0.037037
13 65 0.194805
13 66 0.265766
13 67 0.260355
13 68 0.157609
13 69 0.122449
13 70 0.303030
13 71 0.112903
13 72 0.103846
13 73 0.015504
13 74 0.240838
13 75 0.195122
13 76 0.500000
13 77 0.226537
13 78 0.109890
13 79 0.042071
13 80 0.111111
13 81 0.043269
13 82 0.162162
13 83 0.042105
13 84 0.124424
13 85 0.053498
13 86 0.056225
13 87 0.049296
13 88 0.134503
13 89 0.275862
13 90 0.140496
13 91 0.147727
13 92 0.117188
13 93 0.050505
13 94 0.039344
13 95 0.142857
13 96 0.079137
13 97 0.074074
13 98 0.112583
13 99 0.181319
14 15 0.268734
14 16 0.798450
14 17 0.157464
14 18 0.576000
14 19 0.378205
14 20 0.121429
14 21 0.450704
14 22 0.148256
14 23 0.130112
14 24 0.218978
14 25 0.387435
14 26 0.074725
14 27 0.322275
14 28 0.061381
14 29 0.293850
14 30 0.095652
14 31 0.104762
14 32 0.050781
14 33 0.385827
14 34 0.189189
14 35 0.065502
14 36 0.162393
14 37 0.160131
14 38 0.101235
14 39 0.068075
14 40 0.368715
14 41 0.138554
14 42 0.094225
14 43 0.070632
14 44 0.343137
14 45 0.434211
14 46 0.072727
14 47 0.113580
14 48 0.173184
14 49 0.246377
14 50 0.046931
14 51 0.035941
14 52 0.128603
14 53 0.133721
14 54 0.980392
14 55 0.978261
14 56 0.039911
14 57 0.212291
14 58 0.063218
14 59 0.093385
14 60 0.226766
14 61 0.075893
14 62 0.326797
14 63 0.019763
14 64 0.043243
14 65 0.405405
14 66 0.168091
14 67 0.188841
14 68 0.116935
14 69 0.186047
14 70 0.483871
14 71 0.088050
14 72 0.071429
14 73 0.015385
14 74 0.150820
14 75 0.157635
14 76 0.528455
14 77 0.167464
14 78 0.082988
14 79 0.029478
14 80 0.073770
14 81 0.029412
14 82 0.300000
14 83 0.032129
14 84 0.082569
14 85 0.053719
14 86 0.036842
14 87 0.027451
14 88 0.097458
14 89 0.372093
14 90 0.944444
14 91 0.288889
14 92 0.082418
14 93 0.074627
14 94 0.029126
14 95 0.081633
14 96 0.057292
14 97 0.044280
14 98 0.084788
14 99 0.105096
15 16 0.995169
15 17 0.405263
15 18 0.190476
15 19 0.135321
15 20 0.040189
15 21 0.250980
15 22 0.980769
15 23 0.093085
15 24 0.402685
15 25 0.279245
15 26 0.198830
15 27 0.338308
15 28 0.076433
15 29 0.235832
15 30 0.072210
15 31 0.343750
15 32 0.034483
15 33 0.202062
15 34 0.302469
15 35 0.150754
15 36 0.934426
15 37 0.237864
15 38 0.194313
15 39 0.121339
15 40 0.315789
15 41 0.050109
15 42 0.336957
15 43 0.062295
15 44 0.104478
15 45 0.072210
15 46 0.121212
15 47 0.282209
15 48 0.120858
15 49 0.144476
15 50 0.041009
15 51 0.085000
15 52 0.187097
15 53 0.152318
15 54 0.135135
15 55 0.129310
15 56 0.055215
15 57 0.158333
15 58 0.024017
15 59 0.084507
15 60 0.500000
15 61 0.047619
15 62 0.102669
15 63 0.024038
15 64 0.029412
15 65 0.087719
15 66 0.264574
15 67 0.283871
15 68 0.218868
15 69 0.048583
15 70 0.092308
15 71 0.394366
15 72 0.180000
15 73 0.019048
15 74 0.312925
15 75 0.168421
15 76 0.238971
15 77 0.146138
15 78 0.043011
15 79 0.041534
15 80 0.156069
15 81 0.020595
15 82 0.071287
15 83 0.017021
15 84 0.217742
15 85 0.059633
15 86 0.042683
15 87 0.018919
15 88 0.163121
15 89 0.161074
15 90 0.045946
15 91 0.036415
15 92 0.066964
15 93 0.015625
15 94 0.024845
15 95 0.071006
15 96 0.046908
15 97 0.076433
15 98 0.067594
15 99 0.117021
16 17 0.201044
16 18 0.227129
16 19 0.157754
16 20 0.047619
16 21 0.333333
16 22 0.326923
16 23 0.088832
16 24 0.983607
16 25 0.986667
16 26 0.095775
16 27 0.341709
16 28 0.057416
16 29 0.219761
16 30 0.067762
16 31 0.141935
16 32 0.033505
16 33 0.214912
16 34 0.234450
16 35 0.079787
16 36 0.266355
16 37 0.980000
16 38 0.114846
16 39 0.075130
16 40 0.515625
16 41 0.058524
16 42 0.142857
16 43 0.055233
16 44 0.132576
16 45 0.099099
16 46 0.465116
16 47 0.141538
16 48 0.117647
16 49 0.148688
16 50 0.036415
16 51 0.044271
16 52 0.130045
16 53 0.119481
16 54 0.227273
16 55 0.189873
16 56 0.039474
16 57 0.175926
16 58 0.027708
16 59 0.075000
16 60 0.388535
16 61 0.047753
16 62 0.125000
16 63 0.833333
16 64 0.096386
16 65 0.157895
16 66 0.176647
16 67 0.357724
16 68 0.132723
16 69 0.062176
16 70 0.145631
16 71 0.190476
16 72 0.090000
16 73 0.800000
16 74 0.190083
16 75 0.326531
16 76 0.460993
16 77 0.130354
16 78 0.045767
16 79 0.029345
16 80 0.087662
16 81 0.019824
16 82 0.096000
16 83 0.017978
16 84 0.111111
16 85 0.722222
16 86 0.033175
16 87 0.018325
16 88 0.105023
16 89 0.360902
16 90 0.069959
16 91 0.052000
16 92 0.061100
16 93 0.024752
16 94 0.022388
16 95 0.062827
16 96 0.042885
16 97 0.055046
16 98 0.062731
16 99 0.093484
17 18 0.167053
17 19 0.123431
17 20 0.036170
17 21 0.183908
17 22 0.218884
17 23 0.097493
17 24 0.186335
17 25 0.174118
17 26 0.971429
17 27 0.243728
17 28 0.107623
17 29 0.270440
17 30 0.080097
17 31 0.586667
17 32 0.035422
17 33 0.200000
17 34 0.212121
17 35 0.625000
17 36 0.335294
17 37 0.125320
17 38 0.362832
17 39 0.243697
17 40 0.197605
17 41 0.045908
17 42 0.177143
17 43 0.065068
17 44 0.086207
17 45 0.060440
17 46 0.058651
17 47 0.528736
17 48 0.130802
17 49 0.138211
17 50 0.043771
17 51 0.531250
17 52 0.324022
17 53 0.190083
17 54 0.102041
17 55 0.101124
17 56 0.090909
17 57 0.121795
17 58 0.022177
17 59 0.085106
17 60 0.250000
17 61 0.046703
17 62 0.092251
17 63 0.013089
17 64 0.018561
17 65 0.064103
17 66 0.349112
17 67 0.152249
17 68 0.623656
17 69 0.042478
17 70 0.069284
17 71 0.118644
17 72 0.241071
17 73 0.010363
17 74 0.248649
17 75 0.096677
17 76 0.162500
17 77 0.174129
17 78 0.042373
17 79 0.068783
17 80 0.207692
17 81 0.022059
17 82 0.060811
17 83 0.016878
17 84 0.164634
17 85 0.033333
17 86 0.056911
17 87 0.019391
17 88 0.351145
17 89 0.109091
17 90 0.035941
17 91 0.028953
17 92 0.076531
17 93 0.011655
17 94 0.029268
17 95 0.077922
17 96 0.054187
17 97 0.054795
17 98 0.077273
17 99 0.135246
18 19 0.983333
18 20 0.369565
18 21 0.481203
18 22 0.146552
18 23 0.238095
18 24 0.194175
18 25 0.275093
18 26 0.085642
18 27 0.384181
18 28 0.083333
18 29 0.409524
18 30 0.150000
18 31 0.118280
18 32 0.097015
18 33 0.685315
18 34 0.220721
18 35 0.076531
18 36 0.173780
18 37 0.133880
18 38 0.124242
18 39 0.084058
18 40 0.331658
18 41 0.277108
18 42 0.103679
18 43 0.115152
18 44 0.660377
18 45 0.244444
18 46 0.063091
18 47 0.133721
18 48 0.262712
18 49 0.579545
18 50 0.076923
18 51 0.041565
18 52 0.163380
18 53 0.190083
18 54 0.297619
18 55 0.441176
18 56 0.051282
18 57 0.273381
18 58 0.130952
18 59 0.149068
18 60 0.235521
18 61 0.163462
18 62 0.442478
18 63 0.016077
18 64 0.030075
18 65 0.168539
18 66 0.216912
18 67 0.183333
18 68 0.139423
18 69 0.176471
18 70 0.236220
18 71 0.087500
18 72 0.084112
18 73 0.012539
18 74 0.178988
18 75 0.138528
18 76 0.359116
18 77 0.238095
18 78 0.158730
18 79 0.037901
18 80 0.089404
18 81 0.049724
18 82 0.206897
18 83 0.059701
18 84 0.095070
18 85 0.042904
18 86 0.051282
18 87 0.052632
18 88 0.119481
18 89 0.223256
18 90 0.138211
18 91 0.144444
18 92 0.125523
18 93 0.038760
18 94 0.041812
18 95 0.133333
18 96 0.084942
18 97 0.052174
18 98 0.123188
18 99 0.152778
19 20 0.944444
19 21 0.331606
19 22 0.125307
19 23 0.222930
19 24 0.163043
19 25 0.230530
19 26 0.076577
19 27 0.289362
19 28 0.076190
19 29 0.441781
19 30 0.159420
19 31 0.104265
19 32 0.090909
19 33 0.989899
19 34 0.176259
19 35 0.068650
19 36 0.148438
19 37 0.115839
19 38 0.109920
19 39 0.075521
19 40 0.255814
19 41 0.958333
19 42 0.087324
19 43 0.096447
19 44 0.315315
19 45 0.246269
19 46 0.053191
19 47 0.117347
19 48 0.299517
19 49 0.447368
19 50 0.065990
19 51 0.037445
19 52 0.150649
19 53 0.170370
19 54 0.243902
19 55 0.306122
19 56 0.047619
19 57 0.192893
19 58 0.458333
19 59 0.120603
19 60 0.191824
19 61 0.137097
19 62 0.724638
19 63 0.013587
19 64 0.025157
19 65 0.136364
19 66 0.188498
19 67 0.146667
19 68 0.127473
19 69 0.222222
19 70 0.170455
19 71 0.073879
19 72 0.072973
19 73 0.010638
19 74 0.148387
19 75 0.110345
19 76 0.276596
19 77 0.245614
19 78 0.229885
19 79 0.035040
19 80 0.077364
19 81 0.053254
19 82 0.225000
19 83 0.084211
19 84 0.079882
19 85 0.036212
19 86 0.047138
19 87 0.048276
19 88 0.109524
19 89 0.181132
19 90 0.106250
19 91 0.097015
19 92 0.129870
19 93 0.027933
19 94 0.043478
19 95 0.119403
19 96 0.088710
19 97 0.041958
19 98 0.131783
19 99 0.132000
20 21 0.361582
20 22 0.129771
20 23 0.218750
20 24 0.170455
20 25 0.243421
20 26 0.077803
20 27 0.306306
20 28 0.076433
20 29 0.422951
20 30 0.152074
20 31 0.106538
20 32 0.089041
20 33 0.852174
20 34 0.184211
20 35 0.069767
20 36 0.153226
20 37 0.120690
20 38 0.111717
20 39 0.076517
20 40 0.272727
20 41 0.605263
20 42 0.090379
20 43 0.097938
20 44 0.368421
20 45 0.266129
20 46 0.055556
20 47 0.119792
20 48 0.280543
20 49 0.459459
20 50 0.066667
20 51 0.038031
20 52 0.151436
20 53 0.171004
20 54 0.265957
20 55 0.346154
20 56 0.047745
20 57 0.206522
20 58 0.268293
20 59 0.123711
20 60 0.200658
20 61 0.137097
20 62 0.694444
20 63 0.014245
20 64 0.026578
20 65 0.147059
20 66 0.191558
20 67 0.154386
20 68 0.128889
20 69 0.228571
20 70 0.188679
20 71 0.076712
20 72 0.074586
20 73 0.011142
20 74 0.153333
20 75 0.116788
20 76 0.298165
20 77 0.238095
20 78 0.196078
20 79 0.035135
20 80 0.079179
20 81 0.050279
20 82 0.233766
20 83 0.072727
20 84 0.082569
20 85 0.038012
20 86 0.047138
20 87 0.047297
20 88 0.110312
20 89 0.194332
20 90 0.118881
20 91 0.111111
20 92 0.125000
20 93 0.030864
20 94 0.041958
20 95 0.118812
20 96 0.085271
20 97 0.043796
20 98 0.126394
20 99 0.133603
21 22 0.232877
21 23 0.168269
21 24 0.338983
21 25 0.459627
21 26 0.108280
21 27 0.985507
21 28 0.086331
21 29 0.321696
21 30 0.110000
21 31 0.157706
21 32 0.065000
21 33 0.368421
21 34 0.415254
21 35 0.094044
21 36 0.267606
21 37 0.205021
21 38 0.152416
21 39 0.098976
21 40 0.985075
21 41 0.107477
21 42 0.164021
21 43 0.110465
21 44 0.416667
21 45 0.160976
21 46 0.106952
21 47 0.174242
21 48 0.184524
21 49 0.333333
21 50 0.070652
21 51 0.051051
21 52 0.176292
21 53 0.195745
21 54 0.344828
21 55 0.459184
21 56 0.054217
21 57 0.844444
21 58 0.050926
21 59 0.157895
21 60 0.455224
21 61 0.101796
21 62 0.212766
21 63 0.026738
21 64 0.049689
21 65 0.230769
21 66 0.268182
21 67 0.403670
21 68 0.160665
21 69 0.100418
21 70 0.352941
21 71 0.146597
21 72 0.113924
21 73 0.020513
21 74 0.282209
21 75 0.320000
21 76 0.812500
21 77 0.195531
21 78 0.080972
21 79 0.040498
21 80 0.118943
21 81 0.033962
21 82 0.142292
21 83 0.031496
21 84 0.145161
21 85 0.071823
21 86 0.051282
21 87 0.035897
21 88 0.134503
21 89 0.375000
21 90 0.134921
21 91 0.123810
21 92 0.097403
21 93 0.060976
21 94 0.033803
21 95 0.115942
21 96 0.066667
21 97 0.092308
21 98 0.095238
21 99 0.163366
22 23 0.096154
22 24 0.618557
22 25 0.345794
22 26 0.161905
22 27 0.390805
22 28 0.073846
22 29 0.237132
22 30 0.073333
22 31 0.268293
22 32 0.035813
22 33 0.211207
22 34 0.340278
22 35 0.127660
22 36 0.770270
22 37 0.310127
22 38 0.175214
22 39 0.109848
22 40 0.397590
22 41 0.053488
22 42 0.326316
22 43 0.064189
22 44 0.116279
22 45 0.079327
22 46 0.175439
22 47 0.240838
22 48 0.123260
22 49 0.153153
22 50 0.042071
22 51 0.071130
22 52 0.174699
22 53 0.150327
22 54 0.154321
22 55 0.146580
22 56 0.052023
22 57 0.180095
22 58 0.025581
22 59 0.087912
22 60 0.677778
22 61 0.050000
22 62 0.110132
22 63 0.031847
22 64 0.036199
22 65 0.101695
22 66 0.253219
22 67 0.389381
22 68 0.193980
22 69 0.052632
22 70 0.106007
22 71 0.965517
22 72 0.156977
22 73 0.025000
22 74 0.317241
22 75 0.223776
22 76 0.287611
22 77 0.145833
22 78 0.045045
22 79 0.039039
22 80 0.142105
22 81 0.021127
22 82 0.077754
22 83 0.017778
22 84 0.207692
22 85 0.077844
22 86 0.041543
22 87 0.019663
22 88 0.147910
22 89 0.192771
22 90 0.051988
22 91 0.041009
22 92 0.067568
22 93 0.017986
22 94 0.024845
22 95 0.072289
22 96 0.047210
22 97 0.083333
22 98 0.068136
22 99 0.117021
23 24 0.164835
23 25 0.201087
23 26 0.103343
23 27 0.338308
23 28 0.145455
23 29 0.664948
23 30 0.354839
23 31 0.137500
23 32 0.928571
23 33 0.742424
23 34 0.222727
23 35 0.095541
23 36 0.180380
23 37 0.111872
23 38 0.165992
23 39 0.116000
23 40 0.247191
23 41 0.132948
23 42 0.108772
23 43 0.260274
23 44 0.202312
23 45 0.118280
23 46 0.052770
23 47 0.164286
23 48 0.442857
23 49 0.809524
23 50 0.203125
23 51 0.051360
23 52 0.245763
23 53 0.368000
23 54 0.163399
23 55 0.190678
23 56 0.079646
23 57 0.213483
23 58 0.067073
23 59 0.260870
23 60 0.219424
23 61 0.369565
23 62 0.224215
23 63 0.012853
23 64 0.021739
23 65 0.097720
23 66 0.308901
23 67 0.154930
23 68 0.182965
23 69 0.090909
23 70 0.119048
23 71 0.082840
23 72 0.101504
23 73 0.010076
23 74 0.200000
23 75 0.107744
23 76 0.228873
23 77 0.454545
23 78 0.172414
23 79 0.058559
23 80 0.112971
23 81 0.142857
23 82 0.115016
23 83 0.068376
23 84 0.105469
23 85 0.033766
23 86 0.097222
23 87 0.466667
23 88 0.166065
23 89 0.146341
23 90 0.064639
23 91 0.057018
23 92 0.297030
23 93 0.019841
23 94 0.080537
23 95 0.452830
23 96 0.177419
23 97 0.054299
23 98 0.226667
23 99 0.284483
24 25 0.621849
24 26 0.115254
24 27 0.417178
24 28 0.065041
24 29 0.232432
24 30 0.072368
24 31 0.176707
24 32 0.036111
24 33 0.222222
24 34 0.302469
24 35 0.094937
24 36 0.372549
24 37 0.597561
24 38 0.136667
24 39 0.087879
24 40 0.600000
24 41 0.059126
24 42 0.196203
24 43 0.061889
24 44 0.136187
24 45 0.094556
24 46 0.952381
24 47 0.172932
24 48 0.123752
24 49 0.159875
24 50 0.040625
24 51 0.052632
24 52 0.147959
24 53 0.135693
24 54 0.204082
24 55 0.183673
24 56 0.044665
24 57 0.201058
24 58 0.028133
24 59 0.084806
24 60 0.592233
24 61 0.051515
24 62 0.124069
24 63 0.081967
24 64 0.063492
24 65 0.139535
24 66 0.209964
24 67 0.543210
24 68 0.153439
24 69 0.060453
24 70 0.138889
24 71 0.325581
24 72 0.112033
24 73 0.061538
24 74 0.244681
24 75 0.410256
24 76 0.427632
24 77 0.140000
24 78 0.047506
24 79 0.033333
24 80 0.107143
24 81 0.021127
24 82 0.091371
24 83 0.018648
24 84 0.145161
24 85 0.185714
24 86 0.037333
24 87 0.019774
24 88 0.120735
24 89 0.296296
24 90 0.065891
24 91 0.050584
24 92 0.065646
24 93 0.023697
24 94 0.024000
24 95 0.069565
24 96 0.045929
24 97 0.071429
24 98 0.066667
24 99 0.106796
25 26 0.086076
25 27 0.350515
25 28 0.056872
25 29 0.229947
25 30 0.071739
25 31 0.125714
25 32 0.036111
25 33 0.238443
25 34 0.221719
25 35 0.072993
25 36 0.221790
25 37 0.411765
25 38 0.107612
25 39 0.070905
25 40 0.584071
25 41 0.067847
25 42 0.123016
25 43 0.057576
25 44 0.160550
25 45 0.125000
25 46 0.185185
25 47 0.129213
25 48 0.125761
25 49 0.163987
25 50 0.038012
25 51 0.040380
25 52 0.125813
25 53 0.120104
25 54 0.335570
25 55 0.252809
25 56 0.038462
25 57 0.192893
25 58 0.031977
25 59 0.077922
25 60 0.333333
25 61 0.052147
25 62 0.147493
25 63 0.070423
25 64 0.888889
25 65 0.252101
25 66 0.170029
25 67 0.314286
25 68 0.124197
25 69 0.075000
25 70 0.204082
25 71 0.142132
25 72 0.082067
25 73 0.053333
25 74 0.175573
25 75 0.323232
25 76 0.730337
25 77 0.135135
25 78 0.050891
25 79 0.028571
25 80 0.081325
25 81 0.021226
25 82 0.118421
25 83 0.019950
25 84 0.099631
25 85 0.224138
25 86 0.033254
25 87 0.019663
25 88 0.099783
25 89 0.761905
25 90 0.096045
25 91 0.068063
25 92 0.064103
25 93 0.034965
25 94 0.023256
25 95 0.065574
25 96 0.044807
25 97 0.051724
25 98 0.065764
25 99 0.094286
26 27 0.277551
26 28 0.119403
26 29 0.283516
26 30 0.085492
26 31 0.936170
26 32 0.038690
26 33 0.213974
26 34 0.248731
26 35 0.937500
26 36 0.401408
26 37 0.133515
26 38 0.476744
26 39 0.295918
26 40 0.219269
26 41 0.049251
26 42 0.216783
26 43 0.073077
26 44 0.094086
26 45 0.064579
26 46 0.063492
26 47 0.867925
26 48 0.138393
26 49 0.151786
26 50 0.048872
26 51 0.566667
26 52 0.349398
26 53 0.213953
26 54 0.109649
26 55 0.109756
26 56 0.097826
26 57 0.137184
26 58 0.023810
26 59 0.096386
26 60 0.287736
26 61 0.051205
26 62 0.098425
26 63 0.014124
26 64 0.019950
26 65 0.069124
26 66 0.427536
26 67 0.171206
26 68 0.604167
26 69 0.045283
26 70 0.075377
26 71 0.133333
26 72 0.346154
26 73 0.011142
26 74 0.304636
26 75 0.106667
26 76 0.177112
26 77 0.184211
26 78 0.045455
26 79 0.074713
26 80 0.281250
26 81 0.023747
26 82 0.064516
26 83 0.018059
26 84 0.206107
26 85 0.036011
26 86 0.063063
26 87 0.021212
26 88 0.370968
26 89 0.117936
26 90 0.038724
26 91 0.031401
26 92 0.081967
26 93 0.012690
26 94 0.031008
26 95 0.086022
26 96 0.057592
26 97 0.064865
26 98 0.081731
26 99 0.154930
27 28 0.105263
27 29 0.329082
27 30 0.112628
27 31 0.209524
27 32 0.065657
27 33 0.336770
27 34 0.980000
27 35 0.120000
27 36 0.375000
27 37 0.204167
27 38 0.201970
27 39 0.127193
27 40 0.814815
27 41 0.088803
27 42 0.248000
27 43 0.131034
27 44 0.253623
27 45 0.121771
27 46 0.111732
27 47 0.234694
27 48 0.182891
27 49 0.316770
27 50 0.081761
27 51 0.064151
27 52 0.214022
27 53 0.242105
27 54 0.234742
27 55 0.271084
27 56 0.064982
27 57 0.974359
27 58 0.042636
27 59 0.198347
27 60 0.717647
27 61 0.100000
27 62 0.173611
27 63 0.025641
27 64 0.040609
27 65 0.154639
27 66 0.371069
27 67 0.530120
27 68 0.197279
27 69 0.080268
27 70 0.194805
27 71 0.190476
27 72 0.159763
27 73 0.019704
27 74 0.484211
27 75 0.310680
27 76 0.488722
27 77 0.206490
27 78 0.074074
27 79 0.049057
27 80 0.169811
27 81 0.034221
27 82 0.113208
27 83 0.028881
27 84 0.228814
27 85 0.067358
27 86 0.061404
27 87 0.036458
27 88 0.164875
27 89 0.266667
27 90 0.087629
27 91 0.076023
27 92 0.102041
27 93 0.033333
27 94 0.035503
27 95 0.131148
27 96 0.069401
27 97 0.196721
27 98 0.097983
27 99 0.210191
28 29 0.507874
28 30 0.170984
28 31 0.207547
28 32 0.073446
28 33 0.334471
28 34 0.234450
28 35 0.170455
28 36 0.222656
28 37 0.108889
28 38 0.347458
28 39 0.276190
28 40 0.213592
28 41 0.069069
28 42 0.134199
28 43 0.153226
28 44 0.120690
28 45 0.078385
28 46 0.051546
28 47 0.277108
28 48 0.243137
28 49 0.251232
28 50 0.108333
28 51 0.088542
28 52 0.805556
28 53 0.978723
28 54 0.120773
28 55 0.128940
28 56 0.281250
28 57 0.162393
28 58 0.033846
28 59 0.179104
28 60 0.229323
28 61 0.089005
28 62 0.130548
28 63 0.012077
28 64 0.018824
28 65 0.074257
28 66 0.634409
28 67 0.149153
28 68 0.362500
28 69 0.057279
28 70 0.085227
28 71 0.090909
28 72 0.160714
28 73 0.009479
28 74 0.250000
28 75 0.097561
28 76 0.182584
28 77 0.388889
28 78 0.071685
28 79 0.224138
28 80 0.190141
28 81 0.045918
28 82 0.077922
28 83 0.028674
28 84 0.137755
28 85 0.031325
28 86 0.583333
28 87 0.040698
28 88 0.396552
28 89 0.118812
28 90 0.044855
28 91 0.037572
28 92 0.176471
28 93 0.014245
28 94 0.064171
28 95 0.210526
28 96 0.119565
28 97 0.059701
28 98 0.156682
28 99 0.423077
29 30 0.323529
29 31 0.095238
29 32 0.064356
29 33 0.485149
29 34 0.121588
29 35 0.069767
29 36 0.117284
29 37 0.077655
29 38 0.110811
29 39 0.081006
29 40 0.143167
29 41 0.078231
29 42 0.067982
29 43 0.076000
29 44 0.098592
29 45 0.077647
29 46 0.035026
29 47 0.110312
29 48 0.704545
29 49 0.203187
29 50 0.054852
29 51 0.038202
29 52 0.189542
29 53 0.185484
29 54 0.103520
29 55 0.108434
29 56 0.062500
29 57 0.102151
29 58 0.038869
29 59 0.087591
29 60 0.131466
29 61 0.072034
29 62 0.147493
29 63 0.008576
29 64 0.014286
29 65 0.061224
29 66 0.178248
29 67 0.092632
29 68 0.143564
29 69 0.061856
29 70 0.068807
29 71 0.053743
29 72 0.065375
29 73 0.006768
29 74 0.114713
29 75 0.065306
29 76 0.136842
29 77 0.921053
29 78 0.096618
29 79 0.044369
29 80 0.070130
29 81 0.065217
29 82 0.081081
29 83 0.040201
29 84 0.063830
29 85 0.022453
29 86 0.060086
29 87 0.033816
29 88 0.128492
29 89 0.092664
29 90 0.038813
29 91 0.032099
29 92 0.300000
29 93 0.011442
29 94 0.176471
29 95 0.112676
29 96 0.278481
29 97 0.029851
29 98 0.739130
29 99 0.124528
30 31 0.113990
30 32 0.130000
30 33 0.731343
30 34 0.159609
30 35 0.082192
30 36 0.143577
30 37 0.092453
30 38 0.136213
30 39 0.098305
30 40 0.183333
30 41 0.107477
30 42 0.084699
30 43 0.123377
30 44 0.136719
30 45 0.097059
30 46 0.042463
30 47 0.134503
30 48 0.984127
30 49 0.340000
30 50 0.091549
30 51 0.044619
30 52 0.224806
30 53 0.267442
30 54 0.129534
30 55 0.141956
30 56 0.074074
30 57 0.140221
30 58 0.054187
30 59 0.134831
30 60 0.166213
30 61 0.126866
30 62 0.190114
30 63 0.010373
30 64 0.017429
30 65 0.076531
30 66 0.233202
30 67 0.117333
30 68 0.164773
30 69 0.077170
30 70 0.089021
30 71 0.065728
30 72 0.081081
30 73 0.008163
30 74 0.147910
30 75 0.082262
30 76 0.173797
30 77 0.886076
30 78 0.153846
30 79 0.053279
30 80 0.088525
30 81 0.230769
30 82 0.098630
30 83 0.064000
30 84 0.080838
30 85 0.027254
30 86 0.082353
30 87 0.066667
30 88 0.149837
30 89 0.114833
30 90 0.049708
30 91 0.042208
30 92 0.967742
30 93 0.014793
30 94 0.171429
30 95 0.201681
30 96 0.523810
30 97 0.039088
30 98 0.586207
30 99 0.183333
31 32 0.039877
31 33 0.219731
31 34 0.304348
31 35 0.416667
31 36 0.593750
31 37 0.152648
31 38 0.422680
31 39 0.241667
31 40 0.253846
31 41 0.051570
31 42 0.310000
31 43 0.076305
31 44 0.102339
31 45 0.068750
31 46 0.074349
31 47 0.978723
31 48 0.138702
31 49 0.159875
31 50 0.050584
31 51 0.223684
31 52 0.303665
31 53 0.212963
31 54 0.119617
31 55 0.119681
31 56 0.086124
31 57 0.155102
31 58 0.024887
31 59 0.102564
31 60 0.360947
31 61 0.053628
31 62 0.103306
31 63 0.016234
31 64 0.022472
31 65 0.075949
31 66 0.440299
31 67 0.205607
31 68 0.423358
31 69 0.047714
31 70 0.082873
31 71 0.170732
31 72 0.490909
31 73 0.012780
31 74 0.393162
31 75 0.125000
31 76 0.198777
31 77 0.179487
31 78 0.046838
31 79 0.065990
31 80 0.329268
31 81 0.024000
31 82 0.068311
31 83 0.018561
31 84 0.290323
31 85 0.041139
31 86 0.060345
31 87 0.021944
31 88 0.292994
31 89 0.131507
31 90 0.042079
31 91 0.034121
31 92 0.081081
31 93 0.013966
31 94 0.030303
31 95 0.087912
31 96 0.056848
31 97 0.080537
31 98 0.080569
31 99 0.158654
32 33 0.796748
32 34 0.223744
32 35 0.093168
32 36 0.179245
32 37 0.113426
32 38 0.160156
32 39 0.111538
32 40 0.252874
32 41 0.144654
32 42 0.108392
32 43 0.243590
32 44 0.217391
32 45 0.124528
32 46 0.053333
32 47 0.160279
32 48 0.436620
32 49 0.980769
32 50 0.183099
32 51 0.050147
32 52 0.233871
32 53 0.338235
32 54 0.170068
32 55 0.200893
32 56 0.075314
32 57 0.219653
32 58 0.073333
32 59 0.252632
32 60 0.220217
32 61 0.485714
32 62 0.238095
32 63 0.013055
32 64 0.022222
32 65 0.101351
32 66 0.296482
32 67 0.157143
32 68 0.177370
32 69 0.096000
32 70 0.124481
32 71 0.083086
32 72 0.099265
32 73 0.010204
32 74 0.198276
32 75 0.109966
32 76 0.236364
32 77 0.424242
32 78 0.188679
32 79 0.055556
32 80 0.109756
32 81 0.136364
32 82 0.120401
32 83 0.074074
32 84 0.104651
32 85 0.034392
32 86 0.089172
32 87 0.875000
32 88 0.159722
32 89 0.150470
32 90 0.067729
32 91 0.060185
32 92 0.270270
32 93 0.020747
32 94 0.075000
32 95 0.375000
32 96 0.165414
32 97 0.054054
32 98 0.215190
32 99 0.264000
33 34 0.151235
33 35 0.067416
33 36 0.133178
33 37 0.097222
33 38 0.108466
33 39 0.075916
33 40 0.198198
33 41 0.242105
33 42 0.078086
33 43 0.095477
33 44 0.180412
33 45 0.145374
33 46 0.044248
33 47 0.112745
33 48 0.539130
33 49 0.383459
33 50 0.067358
33 51 0.036797
33 52 0.159341
33 53 0.179688
33 54 0.165017
33 55 0.186722
33 56 0.050992
33 57 0.148438
33 58 0.130952
33 59 0.113208
33 60 0.163102
33 61 0.129771
33 62 0.362319
33 63 0.011086
33 64 0.019608
33 65 0.094637
33 66 0.183801
33 67 0.120219
33 68 0.129464
33 69 0.128342
33 70 0.111940
33 71 0.064073
33 72 0.068878
33 73 0.008715
33 74 0.132948
33 75 0.087671
33 76 0.201238
33 77 0.333333
33 78 0.952381
33 79 0.037143
33 80 0.073770
33 81 0.084906
33 82 0.148148
33 83 0.500000
33 84 0.072386
33 85 0.029345
33 86 0.051661
33 87 0.054264
33 88 0.112745
33 89 0.134454
33 90 0.066148
33 91 0.056769
33 92 0.184049
33 93 0.018450
33 94 0.060000
33 95 0.130435
33 96 0.126437
33 97 0.036474
33 98 0.195402
33 99 0.133603
34 35 0.147059
34 36 0.532710
34 37 0.202479
34 38 0.251534
34 39 0.152632
34 40 0.589286
34 41 0.076412
34 42 0.397436
34 43 0.123377
34 44 0.189189
34 45 0.103125
34 46 0.111111
34 47 0.308725
34 48 0.172702
34 49 0.265625
34 50 0.077844
34 51 0.077982
34 52 0.240664
34 53 0.258427
34 54 0.193050
34 55 0.209302
34 56 0.072289
34 57 0.441860
34 58 0.036789
34 59 0.184615
34 60 0.983871
34 61 0.086294
34 62 0.149701
34 63 0.024272
34 64 0.035556
34 65 0.125523
34 66 0.464567
34 67 0.505747
34 68 0.230159
34 69 0.069164
34 70 0.148515
34 71 0.235294
34 72 0.223140
34 73 0.018779
34 74 0.978723
34 75 0.260163
34 76 0.373563
34 77 0.204082
34 78 0.066007
34 79 0.054852
34 80 0.232759
34 81 0.031915
34 82 0.098093
34 83 0.025890
34 84 0.391304
34 85 0.062802
34 86 0.065421
34 87 0.032864
34 88 0.190083
34 89 0.220183
34 90 0.069959
34 91 0.058824
34 92 0.098684
34 93 0.025253
34 94 0.034884
34 95 0.125654
34 96 0.067485
34 97 0.923077
34 98 0.094972
34 99 0.221477
35 36 0.345455
35 37 0.125641
35 38 0.611940
35 39 0.402778
35 40 0.211538
35 41 0.050109
35 42 0.192547
35 43 0.076613
35 44 0.094340
35 45 0.064579
35 46 0.059524
35 47 0.821429
35 48 0.145199
35 49 0.155963
35 50 0.051383
35 51 0.944444
35 52 0.426471
35 53 0.235897
35 54 0.107991
35 55 0.108959
35 56 0.116129
35 57 0.135714
35 58 0.024229
35 59 0.100418
35 60 0.267544
35 61 0.052960
35 62 0.099602
35 63 0.013369
35 64 0.019231
35 65 0.067720
35 66 0.472000
35 67 0.161765
35 68 0.878788
35 69 0.045541
35 70 0.074257
35 71 0.120172
35 72 0.321429
35 73 0.010526
35 74 0.291139
35 75 0.101911
35 76 0.172414
35 77 0.197183
35 78 0.046838
35 79 0.089655
35 80 0.290323
35 81 0.024931
35 82 0.064632
35 83 0.018605
35 84 0.190141
35 85 0.034121
35 86 0.070352
35 87 0.022152
35 88 0.494624
35 89 0.114558
35 90 0.038375
35 91 0.031250
35 92 0.086957
35 93 0.012500
35 94 0.033058
35 95 0.091603
35 96 0.061281
35 97 0.062500
35 98 0.086514
35 99 0.166667
36 37 0.216814
36 38 0.254658
36 39 0.152632
36 40 0.370787
36 41 0.056373
36 42 0.968750
36 43 0.077551
36 44 0.121107
36 45 0.079137
36 46 0.115607
36 47 0.389831
36 48 0.136865
36 49 0.172297
36 50 0.050584
36 51 0.099415
36 52 0.223077
36 53 0.190083
36 54 0.146628
36 55 0.145631
36 56 0.065693
36 57 0.200000
36 58 0.027094
36 59 0.107143
36 60 0.726190
36 61 0.056856
36 62 0.113895
36 63 0.023474
36 64 0.030303
36 65 0.095238
36 66 0.357576
36 67 0.346457
36 68 0.254386
36 69 0.053452
36 70 0.103448
36 71 0.405797
36 72 0.275510
36 73 0.018349
36 74 0.528736
36 75 0.190476
36 76 0.265306
36 77 0.167064
36 78 0.049020
36 79 0.049808
36 80 0.228814
36 81 0.023873
36 82 0.077419
36 83 0.019370
36 84 0.421875
36 85 0.059091
36 86 0.051852
36 87 0.022508
36 88 0.193277
36 89 0.172043
36 90 0.050898
36 91 0.041009
36 92 0.077320
36 93 0.017544
36 94 0.028369
36 95 0.086331
36 96 0.053922
36 97 0.118812
36 98 0.076923
36 99 0.148649
37 38 0.108179
37 39 0.070905
37 40 0.379310
37 41 0.052036
37 42 0.131915
37 43 0.049479
37 44 0.111821
37 45 0.086614
37 46 0.322581
37 47 0.134503
37 48 0.108392
37 49 0.131105
37 50 0.032663
37 51 0.042929
37 52 0.122881
37 53 0.109524
37 54 0.187266
37 55 0.157343
37 56 0.037267
37 57 0.146154
37 58 0.024664
37 59 0.066667
37 60 0.331522
37 61 0.042394
37 62 0.111359
37 63 0.090909
37 64 0.063492
37 65 0.126582
37 66 0.162983
37 67 0.276730
37 68 0.128035
37 69 0.055300
37 70 0.117188
37 71 0.177215
37 72 0.084639
37 73 0.083333
37 74 0.171004
37 75 0.225352
37 76 0.340314
37 77 0.121107
37 78 0.041237
37 79 0.027660
37 80 0.081571
37 81 0.018072
37 82 0.085308
37 83 0.016227
37 84 0.101504
37 85 0.196970
37 86 0.030769
37 87 0.016393
37 88 0.100218
37 89 0.266667
37 90 0.058419
37 91 0.043478
37 92 0.056285
37 93 0.019920
37 94 0.020797
37 95 0.056872
37 96 0.039568
37 97 0.048193
37 98 0.058120
37 99 0.084833
38 39 0.966667
38 40 0.240876
38 41 0.058228
38 42 0.213793
38 43 0.104972
38 44 0.111821
38 45 0.072848
38 46 0.062500
38 47 0.901961
38 48 0.170799
38 49 0.195402
38 50 0.069892
38 51 0.202381
38 52 0.580000
38 53 0.353846
38 54 0.120773
38 55 0.125000
38 56 0.156522
38 57 0.167401
38 58 0.028278
38 59 0.137931
38 60 0.301980
38 61 0.066667
38 62 0.113895
38 63 0.014085
38 64 0.020779
38 65 0.075567
38 66 0.983333
38 67 0.181818
38 68 0.630435
38 69 0.051613
38 70 0.084746
38 71 0.125000
38 72 0.428571
38 73 0.011080
38 74 0.386555
38 75 0.113475
38 76 0.194030
38 77 0.235690
38 78 0.055402
38 79 0.126214
38 80 0.540000
38 81 0.030508
38 82 0.072144
38 83 0.022039
38 84 0.236842
38 85 0.036212
38 86 0.101449
38 87 0.028112
38 88 0.560976
38 89 0.126316
38 90 0.043590
38 91 0.035912
38 92 0.106762
38 93 0.014286
38 94 0.039604
38 95 0.122449
38 96 0.074074
38 97 0.079470
38 98 0.102719
38 99 0.251908
39 40 0.219269
39 41 0.056790
39 42 0.178161
39 43 0.100529
39 44 0.105422
39 45 0.070064
39 46 0.057143
39 47 0.597403
39 48 0.173669
39 49 0.188192
39 50 0.067708
39 51 0.193182
39 52 0.794521
39 53 0.362205
39 54 0.114416
39 55 0.118110
39 56 0.200000
39 57 0.152000
39 58 0.027569
39 59 0.129032
39 60 0.264069
39 61 0.064639
39 62 0.110865
39 63 0.013021
39 64 0.019370
39 65 0.071259
39 66 0.786667
39 67 0.162362
39 68 0.805556
39 69 0.050000
39 70 0.079787
39 71 0.110236
39 72 0.293478
39 73 0.010230
39 74 0.310811
39 75 0.103226
39 76 0.180055
39 77 0.246479
39 78 0.054795
39 79 0.166667
39 80 0.341772
39 81 0.030717
39 82 0.069903
39 83 0.021798
39 84 0.187500
39 85 0.033505
39 86 0.109375
39 87 0.027559
39 88 0.867925
39 89 0.118227
39 90 0.041262
39 91 0.034031
39 92 0.109489
39 93 0.013405
39 94 0.041237
39 95 0.121212
39 96 0.076389
39 97 0.067416
39 98 0.105919
39 99 0.240876
40 41 0.082437
40 42 0.191358
40 43 0.086364
40 44 0.236486
40 45 0.131474
40 46 0.166667
40 47 0.178988
40 48 0.155000
40 49 0.236111
40 50 0.055794
40 51 0.052469
40 52 0.165714
40 53 0.170370
40 54 0.306748
40 55 0.316901
40 56 0.050562
40 57 0.422222
40 58 0.039007
40 59 0.121827
40 60 0.642105
40 61 0.074561
40 62 0.168919
40 63 0.040650
40 64 0.068966
40 65 0.217391
40 66 0.250000
40 67 0.814815
40 68 0.159780
40 69 0.081911
40 70 0.254237
40 71 0.201439
40 72 0.117904
40 73 0.030534
40 74 0.292994
40 75 0.969697
40 76 0.955882
40 77 0.169903
40 78 0.063898
40 79 0.037791
40 80 0.118943
40 81 0.027607
40 82 0.120805
40 83 0.024922
40 84 0.157895
40 85 0.110169
40 86 0.045307
40 87 0.027451
40 88 0.130312
40 89 0.448598
40 90 0.104938
40 91 0.084967
40 92 0.082192
40 93 0.044248
40 94 0.029197
40 95 0.093023
40 96 0.056848
40 97 0.096774
40 98 0.081731
40 99 0.138655
41 42 0.082011
41 43 0.087558
41 44 0.265152
41 45 0.248120
41 46 0.050378
41 47 0.110843
41 48 0.298077
41 49 0.377778
41 50 0.059908
41 51 0.035714
41 52 0.143564
41 53 0.158621
41 54 0.231481
41 55 0.277778
41 56 0.045455
41 57 0.172727
41 58 0.916667
41 59 0.108597
41 60 0.178886
41 61 0.118056
41 62 0.980392
41 63 0.012920
41 64 0.023881
41 65 0.128205
41 66 0.176119
41 67 0.136646
41 68 0.121849
41 69 0.247423
41 70 0.156250
41 71 0.069652
41 72 0.068702
41 73 0.010127
41 74 0.137725
41 75 0.102894
41 76 0.256917
41 77 0.239726
41 78 0.227273
41 79 0.033333
41 80 0.072581
41 81 0.050562
41 82 0.236842
41 83 0.084211
41 84 0.074792
41 85 0.034392
41 86 0.044444
41 87 0.042945
41 88 0.104545
41 89 0.171429
41 90 0.098837
41 91 0.087248
41 92 0.125000
41 93 0.025510
41 94 0.042403
41 95 0.109091
41 96 0.085938
41 97 0.038835
41 98 0.129278
41 99 0.122222
42 43 0.088785
42 44 0.133588
42 45 0.083969
42 46 0.112360
42 47 0.422018
42 48 0.146919
42 49 0.192453
42 50 0.057778
42 51 0.100000
42 52 0.240664
42 53 0.214953
42 54 0.155280
42 55 0.157343
42 56 0.070866
42 57 0.233129
42 58 0.029255
42 59 0.124352
42 60 0.871429
42 61 0.063433
42 62 0.121655
42 63 0.023256
42 64 0.031008
42 65 0.100671
42 66 0.424460
42 67 0.382609
42 68 0.262443
42 69 0.056738
42 70 0.111524
42 71 0.350000
42 72 0.321429
42 73 0.018100
42 74 0.821429
42 75 0.203822
42 76 0.283843
42 77 0.179487
42 78 0.053050
42 79 0.053942
42 80 0.275510
42 81 0.026012
42 82 0.081633
42 83 0.020942
42 84 0.750000
42 85 0.058824
42 86 0.057613
42 87 0.025090
42 88 0.205357
42 89 0.180451
42 90 0.054487
42 91 0.044369
42 92 0.084034
42 93 0.018868
42 94 0.030534
42 95 0.097166
42 96 0.058201
42 97 0.171429
42 98 0.082524
42 99 0.171875
43 44 0.208333
43 45 0.110738
43 46 0.061728
43 47 0.219048
43 48 0.296651
43 49 0.614458
43 50 0.928571
43 51 0.064151
43 52 0.303665
43 53 0.597403
43 54 0.168919
43 55 0.196507
43 56 0.096774
43 57 0.285714
43 58 0.052133
43 59 0.960000
43 60 0.285047
43 61 0.226667
43 62 0.189394
43 63 0.014749
43 64 0.024169
43 65 0.103093
43 66 0.479675
43 67 0.194690
43 68 0.223938
43 69 0.080808
43 70 0.126582
43 71 0.102941
43 72 0.139175
43 73 0.011494
43 74 0.289308
43 75 0.129555
43 76 0.257937
43 77 0.360825
43 78 0.110497
43 79 0.072626
43 80 0.160714
43 81 0.067669
43 82 0.106195
43 83 0.043478
43 84 0.146739
43 85 0.038576
43 86 0.126126
43 87 0.098592
43 88 0.205357
43 89 0.160000
43 90 0.065637
43 91 0.057778
43 92 0.198675
43 93 0.021186
43 94 0.061856
43 95 0.615385
43 96 0.127168
43 97 0.078431
43 98 0.165854
43 99 0.611111
44 45 0.234043
44 46 0.075188
44 47 0.143750
44 48 0.221429
44 49 0.463636
44 50 0.073864
44 51 0.043928
44 52 0.164773
44 53 0.189300
44 54 0.373134
44 55 0.703125
44 56 0.051282
44 57 0.383838
44 58 0.081481
44 59 0.152866
44 60 0.283721
44 61 0.133858
44 62 0.326797
44 63 0.019305
44 64 0.037209
44 65 0.220588
44 66 0.229572
44 67 0.229167
44 68 0.143921
44 69 0.148148
44 70 0.370370
44 71 0.102190
44 72 0.091525
44 73 0.014981
44 74 0.203540
44 75 0.177778
44 76 0.503876
44 77 0.215385
44 78 0.113636
44 79 0.038123
44 80 0.096774
44 81 0.041284
44 82 0.192513
44 83 0.043478
44 84 0.107570
44 85 0.051793
44 86 0.050360
44 87 0.044025
44 88 0.122340
44 89 0.289157
44 90 0.182796
44 91 0.224138
44 92 0.110701
44 93 0.060241
44 94 0.037500
44 95 0.124352
44 96 0.075085
44 97 0.061224
44 98 0.108280
44 99 0.154206
45 46 0.057143
45 47 0.100218
45 48 0.182891
45 49 0.229730
45 50 0.042904
45 51 0.032258
45 52 0.119097
45 53 0.122667
45 54 0.427350
45 55 0.409091
45 56 0.037190
45 57 0.161702
45 58 0.076923
45 59 0.082474
45 60 0.181009
45 61 0.071429
45 62 0.505051
45 63 0.015244
45 64 0.031008
45 65 0.205479
45 66 0.148990
45 67 0.144737
45 68 0.107011
45 69 0.400000
45 70 0.222222
45 71 0.071979
45 72 0.062212
45 73 0.011976
45 74 0.126722
45 75 0.115523
45 76 0.328283
45 77 0.167866
45 78 0.091324
45 79 0.027368
45 80 0.064593
45 81 0.029801
45 82 0.750000
45 83 0.035242
45 84 0.069767
45 85 0.041139
45 86 0.034398
45 87 0.026316
45 88 0.089494
45 89 0.237624
45 90 0.184783
45 91 0.128713
45 92 0.082645
45 93 0.035714
45 94 0.029340
45 95 0.076433
45 96 0.057743
45 97 0.036254
45 98 0.086957
45 99 0.094828
46 47 0.160839
46 48 0.120388
46 49 0.153614
46 50 0.038576
46 51 0.049563
46 52 0.140777
46 53 0.128492
46 54 0.206612
46 55 0.181452
46 56 0.042553
46 57 0.187192
46 58 0.027500
46 59 0.080000
46 60 0.495935
46 61 0.049419
46 62 0.122249
46 63 0.113636
46 64 0.068966
46 65 0.141509
46 66 0.196013
46 67 0.448980
46 68 0.145729
46 69 0.060000
46 70 0.136986
46 71 0.266667
46 72 0.103448
46 73 0.086957
46 74 0.221154
46 75 0.367816
46 76 0.422078
46 77 0.135397
46 78 0.046189
46 79 0.031707
46 80 0.099265
46 81 0.020455
46 82 0.091371
46 83 0.018182
46 84 0.131068
46 85 0.236364
46 86 0.035533
46 87 0.019022
46 88 0.114713
46 89 0.303797
46 90 0.065637
46 91 0.050000
46 92 0.063425
46 93 0.023364
46 94 0.023211
46 95 0.066298
46 96 0.044355
46 97 0.064171
46 98 0.064639
46 99 0.100610
47 48 0.153846
47 49 0.179577
47 50 0.059908
47 51 0.246377
47 52 0.389262
47 53 0.269006
47 54 0.122549
47 55 0.125000
47 56 0.109091
47 57 0.168142
47 58 0.026829
47 59 0.121212
47 60 0.350575
47 61 0.060498
47 62 0.109649
47 63 0.015480
47 64 0.022099
47 65 0.077519
47 66 0.648352
47 67 0.202765
47 68 0.513274
47 69 0.050209
47 70 0.085960
47 71 0.151351
47 72 0.964286
47 73 0.012158
47 74 0.450980
47 75 0.123552
47 76 0.201863
47 77 0.203488
47 78 0.051282
47 79 0.084967
47 80 0.627907
47 81 0.027027
47 82 0.071146
47 83 0.020356
47 84 0.310345
47 85 0.039634
47 86 0.075269
47 87 0.025000
47 88 0.380165
47 89 0.131868
47 90 0.043702
47 91 0.035813
47 92 0.092308
47 93 0.014493
47 94 0.034286
47 95 0.103896
47 96 0.064327
47 97 0.087591
47 98 0.090186
47 99 0.198795
48 49 0.275676
48 50 0.065990
48 51 0.038288
48 52 0.181818
48 53 0.196581
48 54 0.124069
48 55 0.133531
48 56 0.059406
48 57 0.121406
48 58 0.055838
48 59 0.103896
48 60 0.145933
48 61 0.098837
48 62 0.198413
48 63 0.009579
48 64 0.016260
48 65 0.072639
48 66 0.187898
48 67 0.104513
48 68 0.140097
48 69 0.079734
48 70 0.083102
48 71 0.058577
48 72 0.068528
48 73 0.007547
48 74 0.125341
48 75 0.074246
48 76 0.160494
48 77 0.619469
48 78 0.165289
48 79 0.042623
48 80 0.073770
48 81 0.116883
48 82 0.100840
48 83 0.070796
48 84 0.069054
48 85 0.025194
48 86 0.060345
48 87 0.046980
48 88 0.124661
48 89 0.107623
48 90 0.047486
48 91 0.039877
48 92 0.344828
48 93 0.013812
48 94 0.118812
48 95 0.135593
48 96 0.265060
48 97 0.033333
48 98 0.507463
48 99 0.137500
49 50 0.152941
49 51 0.049419
49 52 0.213235
49 53 0.291139
49 54 0.205761
49 55 0.260116
49 56 0.067669
49 57 0.290076
49 58 0.085938
49 59 0.272727
49 60 0.250000
49 61 0.944444
49 62 0.274725
49 63 0.014793
49 64 0.025806
49 65 0.122951
49 66 0.292079
49 67 0.182573
49 68 0.169591
49 69 0.111111
49 70 0.158730
49 71 0.091503
49 72 0.101887
49 73 0.011561
49 74 0.214953
49 75 0.129555
49 76 0.288889
49 77 0.324074
49 78 0.176991
49 79 0.050000
49 80 0.111570
49 81 0.078947
49 82 0.138462
49 83 0.067797
49 84 0.112033
49 85 0.039157
49 86 0.074866
49 87 0.142857
49 88 0.149837
49 89 0.179104
49 90 0.085000
49 91 0.078788
49 92 0.184049
49 93 0.026316
49 94 0.056872
49 95 0.258065
49 96 0.118919
49 97 0.061224
49 98 0.163462
49 99 0.242647
50 51 0.062963
50 52 0.308511
50 53 0.621622
50 54 0.163399
50 55 0.189076
50 56 0.098901
50 57 0.262069
50 58 0.052381
50 59 0.631579
50 60 0.267544
50 61 0.232877
50 62 0.188679
50 63 0.014164
50 64 0.023324
50 65 0.099668
50 66 0.457364
50 67 0.183333
50 68 0.222222
50 69 0.080000
50 70 0.121457
50 71 0.098246
50 72 0.133005
50 73 0.011080
50 74 0.270588
50 75 0.123077
50 76 0.246212
50 77 0.386740
50 78 0.114286
50 79 0.073864
50 80 0.153409
50 81 0.074380
50 82 0.104956
50 83 0.044944
50 84 0.138462
50 85 0.037143
50 86 0.133333
50 87 0.109375
50 88 0.205357
50 89 0.154341
50 90 0.063433
50 91 0.055794
50 92 0.217391
50 93 0.020325
50 94 0.066667
50 95 0.960000
50 96 0.137500
50 97 0.072289
50 98 0.177083
50 99 0.589286
51 52 0.391892
51 53 0.216981
51 54 0.105042
51 55 0.105140
51 56 0.107784
51 57 0.128814
51 58 0.023355
51 59 0.093750
51 60 0.256303
51 61 0.050296
51 62 0.096339
51 63 0.013089
51 64 0.018735
51 65 0.065789
51 66 0.415493
51 67 0.156028
51 68 0.852941
51 69 0.044199
51 70 0.071770
51 71 0.117155
51 72 0.278351
51 73 0.010336
51 74 0.269006
51 75 0.098462
51 76 0.166667
51 77 0.189189
51 78 0.045045
51 79 0.082278
51 80 0.247706
51 81 0.023810
51 82 0.062827
51 83 0.017897
51 84 0.176471
51 85 0.033419
51 86 0.065116
51 87 0.021021
51 88 0.455446
51 89 0.111369
51 90 0.037199
51 91 0.030093
51 92 0.083102
51 93 0.012077
51 94 0.031746
51 95 0.086022
51 96 0.058667
51 97 0.058537
51 98 0.083333
51 99 0.153488
52 53 0.400000
52 54 0.106383
52 55 0.110294
52 56 0.947368
52 57 0.133803
52 58 0.027778
52 59 0.122449
52 60 0.210345
52 61 0.065134
52 62 0.110375
52 63 0.011287
52 64 0.017204
52 65 0.065502
52 66 0.513043
52 67 0.134969
52 68 0.585859
52 69 0.049281
52 70 0.073529
52 71 0.087227
52 72 0.166667
52 73 0.008889
52 74 0.224390
52 75 0.088154
52 76 0.161290
52 77 0.303030
52 78 0.057143
52 79 0.866667
52 80 0.188811
52 81 0.033962
52 82 0.068053
52 83 0.022857
52 84 0.129808
52 85 0.029148
52 86 0.150538
52 87 0.028807
52 88 0.867925
52 89 0.106430
52 90 0.038724
52 91 0.031941
52 92 0.129310
52 93 0.012315
52 94 0.050000
52 95 0.129730
52 96 0.090909
52 97 0.051948
52 98 0.124542
52 99 0.235714
53 54 0.135870
53 55 0.149007
53 56 0.165138
53 57 0.198953
53 58 0.039007
53 59 0.272727
53 60 0.256303
53 61 0.116438
53 62 0.147929
53 63 0.013123
53 64 0.020725
53 65 0.083333
53 66 0.702381
53 67 0.167300
53 68 0.302083
53 69 0.064343
53 70 0.097720
53 71 0.097902
53 72 0.163636
53 73 0.010283
53 74 0.283951
53 75 0.109589
53 76 0.207006
53 77 0.393258
53 78 0.082988
53 79 0.127451
53 80 0.197080
53 81 0.053892
53 82 0.086747
53 83 0.033058
53 84 0.150838
53 85 0.034121
53 86 0.358974
53 87 0.053435
53 88 0.300654
53 89 0.132597
53 90 0.051051
53 91 0.043333
53 92 0.194805
53 93 0.016340
53 94 0.065574
53 95 0.328767
53 96 0.127907
53 97 0.069767
53 98 0.164251
53 99 0.970588
54 55 0.642857
54 56 0.038217
54 57 0.202128
54 58 0.049107
54 59 0.085409
54 60 0.237354
54 61 0.065385
54 62 0.247525
54 63 0.023256
54 64 0.056338
54 65 0.967742
54 66 0.162088
54 67 0.202765
54 68 0.114851
54 69 0.137143
54 70 0.483871
54 71 0.093645
54 72 0.071053
54 73 0.018100
54 74 0.150327
54 75 0.176796
54 76 0.663265
54 77 0.153173
54 78 0.069444
54 79 0.028200
54 80 0.072581
54 81 0.025862
54 82 0.230769
54 83 0.026936
54 84 0.082822
54 85 0.064039
54 86 0.034568
54 87 0.024055
54 88 0.094650
54 89 0.545455
54 90 0.369565
54 91 0.164557
54 92 0.074442
54 93 0.076923
54 94 0.026549
54 95 0.073846
54 96 0.051887
54 97 0.044118
54 98 0.076749
54 99 0.098214
55 56 0.044118
55 57 0.283582
55 58 0.065089
55 59 0.111628
55 60 0.267544
55 61 0.089474
55 62 0.306748
55 63 0.021552
55 64 0.046243
55 65 0.389610
55 66 0.192182
55 67 0.225641
55 68 0.128603
55 69 0.156863
55 70 0.967742
55 71 0.100000
55 72 0.081081
55 73 0.016736
55 74 0.176923
55 75 0.188235
55 76 0.677083
55 77 0.180412
55 78 0.088889
55 79 0.032663
55 80 0.084112
55 81 0.032258
55 82 0.229299
55 83 0.034188
55 84 0.095406
55 85 0.058824
55 86 0.041298
55 87 0.031532
55 88 0.107477
55 89 0.403361
55 90 0.531250
55 91 0.928571
55 92 0.089820
55 93 0.138889
55 94 0.031414
55 95 0.093750
55 96 0.061972
55 97 0.052863
55 98 0.090909
55 99 0.121324
56 57 0.132404
56 58 0.028351
56 59 0.123711
56 60 0.202658
56 61 0.066929
56 62 0.112360
56 63 0.011038
56 64 0.016985
56 65 0.065217
56 66 0.479675
56 67 0.131343
56 68 0.495726
56 69 0.049793
56 70 0.073171
56 71 0.084084
56 72 0.152542
56 73 0.008696
56 74 0.213953
56 75 0.086253
56 76 0.159314
56 77 0.328638
56 78 0.058997
56 79 0.928571
56 80 0.171975
56 81 0.035714
56 82 0.068702
56 83 0.023599
56 84 0.122727
56 85 0.028571
56 86 0.168675
56 87 0.029787
56 88 0.647887
56 89 0.105495
56 90 0.038724
56 91 0.032020
56 92 0.138249
56 93 0.012255
56 94 0.054054
56 95 0.135593
56 96 0.097778
56 97 0.050209
56 98 0.132812
56 99 0.240876
57 58 0.050000
57 59 0.216216
57 60 0.500000
57 61 0.119718
57 62 0.200803
57 63 0.023585
57 64 0.040201
57 65 0.172414
57 66 0.333333
57 67 0.396396
57 68 0.182390
57 69 0.091954
57 70 0.236220
57 71 0.153005
57 72 0.135000
57 73 0.018182
57 74 0.359375
57 75 0.268908
57 76 0.528455
57 77 0.216718
57 78 0.084746
57 79 0.047101
57 80 0.144385
57 81 0.037657
57 82 0.127208
57 83 0.032922
57 84 0.176471
57 85 0.062500
57 86 0.061135
57 87 0.041916
57 88 0.153846
57 89 0.280702
57 90 0.103659
57 91 0.094203
57 92 0.109091
57 93 0.040323
57 94 0.037383
57 95 0.141176
57 96 0.073826
57 97 0.123711
57 98 0.103976
57 99 0.208861
58 59 0.111628
58 60 0.178886
58 61 0.124088
58 62 0.806452
58 63 0.012755
58 64 0.023529
58 65 0.124481
58 66 0.178788
58 67 0.136223
58 68 0.123667
58 69 0.222222
58 70 0.151515
58 71 0.069652
58 72 0.069409
58 73 0.010000
58 74 0.138973
58 75 0.101911
58 76 0.251938
58 77 0.249110
58 78 0.259740
58 79 0.034031
58 80 0.073569
58 81 0.053571
58 82 0.220859
58 83 0.095238
58 84 0.075419
58 85 0.033943
58 86 0.045752
58 87 0.045455
58 88 0.106236
58 89 0.167247
58 90 0.094972
58 91 0.083871
58 92 0.130435
58 93 0.024752
58 94 0.044118
58 95 0.113744
58 96 0.089796
58 97 0.039088
58 98 0.134921
58 99 0.125000
59 60 0.319372
59 61 0.204819
59 62 0.187970
59 63 0.015823
59 64 0.025890
59 65 0.109489
59 66 0.513043
59 67 0.217822
59 68 0.225681
59 69 0.081081
59 70 0.135747
59 71 0.112450
59 72 0.150000
59 73 0.012346
59 74 0.333333
59 75 0.143498
59 76 0.280172
59 77 0.321101
59 78 0.103627
59 79 0.070270
59 80 0.174194
59 81 0.058442
59 82 0.107784
59 83 0.040609
59 84 0.164634
59 85 0.041534
59 86 0.112903
59 87 0.079545
59 88 0.204444
59 89 0.171429
59 90 0.069106
59 91 0.061033
59 92 0.171429
59 93 0.022831
59 94 0.055046
59 95 0.380952
59 96 0.111675
59 97 0.092308
59 98 0.148472
59 99 0.578947
60 61 0.067729
60 62 0.136240
60 63 0.032468
60 64 0.042328
60 65 0.129310
60 66 0.329609
60 67 0.977778
60 68 0.203509
60 69 0.064343
60 70 0.144231
60 71 0.444444
60 72 0.183673
60 73 0.024845
60 74 0.534884
60 75 0.363636
60 76 0.401235
60 77 0.173267
60 78 0.056497
60 79 0.045139
60 80 0.176471
60 81 0.026393
60 82 0.093506
60 83 0.022222
60 84 0.303371
60 85 0.082278
60 86 0.051282
60 87 0.025926
60 88 0.162544
60 89 0.243655
60 90 0.067460
60 91 0.054852
60 92 0.082192
60 93 0.024631
60 94 0.029557
60 95 0.095238
60 96 0.056848
60 97 0.179104
60 98 0.081146
60 99 0.157895
61 62 0.259067
61 63 0.014245
61 64 0.024615
61 65 0.114943
61 66 0.301020
61 67 0.175299
61 68 0.174174
61 69 0.104803
61 70 0.145631
61 71 0.089457
61 72 0.102662
61 73 0.011142
61 74 0.212963
61 75 0.123077
61 76 0.270833
61 77 0.351759
61 78 0.180180
61 79 0.052632
61 80 0.113445
61 81 0.090909
61 82 0.131387
61 83 0.068966
61 84 0.111111
61 85 0.037572
61 86 0.080925
61 87 0.218750
61 88 0.154882
61 89 0.169014
61 90 0.078341
61 91 0.071429
61 92 0.205479
61 93 0.024155
61 94 0.061856
61 95 0.307692
61 96 0.130952
61 97 0.060000
61 98 0.177083
61 99 0.259843
62 63 0.012690
62 64 0.023952
62 65 0.132743
62 66 0.155263
62 67 0.128280
62 68 0.111111
62 69 0.480000
62 70 0.154639
62 71 0.065728
62 72 0.062356
62 73 0.009950
62 74 0.124324
62 75 0.098160
62 76 0.250965
62 77 0.204678
62 78 0.148148
62 79 0.029613
62 80 0.065375
62 81 0.039474
62 82 0.339623
62 83 0.056738
62 84 0.068010
62 85 0.033854
62 86 0.038462
62 87 0.032864
62 88 0.094262
62 89 0.172662
62 90 0.104294
62 91 0.086667
62 92 0.103448
62 93 0.025253
62 94 0.036145
62 95 0.089219
62 96 0.072131
62 97 0.034985
62 98 0.109677
62 99 0.104101
63 64 0.101266
63 65 0.162162
63 66 0.178248
63 67 0.369748
63 68 0.133333
63 69 0.063158
63 70 0.149254
63 71 0.191781
63 72 0.090604
63 73 0.444444
63 74 0.192469
63 75 0.344086
63 76 0.477941
63 77 0.131579
63 78 0.046404
63 79 0.029545
63 80 0.088235
63 81 0.020045
63 82 0.097297
63 83 0.018223
63 84 0.112033
63 85 0.928571
63 86 0.033493
63 87 0.018568
63 88 0.105505
63 89 0.375000
63 90 0.071429
63 91 0.053061
63 92 0.061728
63 93 0.025381
63 94 0.022599
63 95 0.063660
63 96 0.043222
63 97 0.055814
63 98 0.063197
63 99 0.094556
64 65 0.265487
64 66 0.168091
64 67 0.303448
64 68 0.122881
64 69 0.076433
64 70 0.209790
64 71 0.137255
64 72 0.080597
64 73 0.048193
64 74 0.172285
64 75 0.307692
64 76 0.747126
64 77 0.135135
64 78 0.051282
64 79 0.028322
64 80 0.080119
64 81 0.021277
64 82 0.121212
64 83 0.020050
64 84 0.097826
64 85 0.196970
64 86 0.033019
64 87 0.019718
64 88 0.098925
64 89 0.842105
64 90 0.098837
64 91 0.069519
64 92 0.064103
64 93 0.035971
64 94 0.023256
64 95 0.065395
64 96 0.044807
64 97 0.050847
64 98 0.065764
64 99 0.093750
65 66 0.169054
65 67 0.231579
65 68 0.118852
65 69 0.118812
65 70 0.535714
65 71 0.103321
65 72 0.075000
65 73 0.020942
65 74 0.160839
65 75 0.209150
65 76 0.915493
65 77 0.152174
65 78 0.066445
65 79 0.028953
65 80 0.076487
65 81 0.025496
65 82 0.193548
65 83 0.025806
65 84 0.088816
65 85 0.075145
65 86 0.035264
65 87 0.023891
65 88 0.097665
65 89 0.827586
65 90 0.269841
65 91 0.147727
65 92 0.073710
65 93 0.089286
65 94 0.026374
65 95 0.074766
65 96 0.051402
65 97 0.047809
65 98 0.075724
65 99 0.100917
66 67 0.206573
66 68 0.397260
66 69 0.058968
66 70 0.099010
66 71 0.129032
66 72 0.329268
66 73 0.011834
66 74 0.489362
66 75 0.128514
66 76 0.222603
66 77 0.269231
66 78 0.066007
66 79 0.118182
66 80 0.500000
66 81 0.037037
66 82 0.081633
66 83 0.026144
66 84 0.259615
66 85 0.039039
66 86 0.132075
66 87 0.036458
66 88 0.373984
66 89 0.142012
66 90 0.050445
66 91 0.042345
66 92 0.126582
66 93 0.016667
66 94 0.045113
66 95 0.170213
66 96 0.086275
66 97 0.102564
66 98 0.117241
66 99 0.434211
67 68 0.177370
67 69 0.069767
67 70 0.175439
67 71 0.325581
67 72 0.142105
67 73 0.031496
67 74 0.370968
67 75 0.744186
67 76 0.541667
67 77 0.166667
67 78 0.057803
67 79 0.040373
67 80 0.139896
67 81 0.026012
67 82 0.102564
67 83 0.022663
67 84 0.206107
67 85 0.107438
67 86 0.046823
67 87 0.025547
67 88 0.142415
67 89 0.313725
67 90 0.079070
67 91 0.063415
67 92 0.079787
67 93 0.030120
67 94 0.028571
67 95 0.090566
67 96 0.055138
67 97 0.125000
67 98 0.079254
67 99 0.142857
68 69 0.043557
68 70 0.067416
68 71 0.094595
68 72 0.195652
68 73 0.009070
68 74 0.222222
68 75 0.086721
68 76 0.152941
68 77 0.212766
68 78 0.046296
68 79 0.116071
68 80 0.197080
68 81 0.025352
68 82 0.061329
68 83 0.018476
68 84 0.137056
68 85 0.029545
68 86 0.076503
68 87 0.021739
68 88 0.978723
68 89 0.102128
68 90 0.035343
68 91 0.028761
68 92 0.091463
68 93 0.011312
68 94 0.035503
68 95 0.090566
68 96 0.064897
68 97 0.050000
68 98 0.091644
68 99 0.160194
69 70 0.164835
69 71 0.065268
69 72 0.059471
69 73 0.010336
69 74 0.119171
69 75 0.099379
69 76 0.263158
69 77 0.179949
69 78 0.109290
69 79 0.027368
69 80 0.061927
69 81 0.032727
69 82 0.631579
69 83 0.042105
69 84 0.065375
69 85 0.035230
69 86 0.034826
69 87 0.027778
69 88 0.088462
69 89 0.186047
69 90 0.118881
69 91 0.092199
69 92 0.089021
69 93 0.026738
69 94 0.031579
69 95 0.078176
69 96 0.062500
69 97 0.033613
69 98 0.094972
69 99 0.094286
70 71 0.108949
70 72 0.083851
70 73 0.019231
70 74 0.185484
70 75 0.223776
70 76 0.984848
70 77 0.172840
70 78 0.079365
70 79 0.032581
70 80 0.086538
70 81 0.030100
70 82 0.198895
70 83 0.030769
70 84 0.100372
70 85 0.068063
70 86 0.040698
70 87 0.029412
70 88 0.108235
70 89 0.539326
70 90 0.377778
70 91 0.288889
70 92 0.085227
70 93 0.833333
70 94 0.030000
70 95 0.090226
70 96 0.058981
70 97 0.056075
70 98 0.086076
70 99 0.120000
71 72 0.165644
71 73 0.026490
71 74 0.368000
71 75 0.268908
71 76 0.321782
71 77 0.152838
71 78 0.048077
71 79 0.040625
71 80 0.151685
71 81 0.022444
71 82 0.082380
71 83 0.018913
71 84 0.236842
71 85 0.083871
71 86 0.044025
71 87 0.021148
71 88 0.151815
71 89 0.210526
71 90 0.056478
71 91 0.044828
71 92 0.071259
71 93 0.019841
71 94 0.026087
71 95 0.077922
71 96 0.049661
71 97 0.100840
71 98 0.071429
71 99 0.126923
72 73 0.013158
72 74 0.613333
72 75 0.137931
72 76 0.221088
72 77 0.204678
72 78 0.053619
72 79 0.079268
72 80 0.964286
72 81 0.028037
72 82 0.074844
72 83 0.021277
72 84 0.457627
72 85 0.042904
72 86 0.075676
72 87 0.026415
72 88 0.326241
72 89 0.142857
72 90 0.046961
72 91 0.038576
72 92 0.094340
72 93 0.015723
72 94 0.034582
72 95 0.109589
72 96 0.065282
72 97 0.110092
72 98 0.091644
72 99 0.214286
73 74 0.186992
73 75 0.313725
73 76 0.451389
73 77 0.129390
73 78 0.045455
73 79 0.029083
73 80 0.086538
73 81 0.019694
73 82 0.095745
73 83 0.017857
73 84 0.109312
73 85 0.684211
73 86 0.032864
73 87 0.018135
73 88 0.104072
73 89 0.358209
73 90 0.069672
73 91 0.051587
73 92 0.060729
73 93 0.024510
73 94 0.022222
73 95 0.062176
73 96 0.042553
73 97 0.054054
73 98 0.062271
73 99 0.092437
74 75 0.196319
74 76 0.295455
74 77 0.208333
74 78 0.061350
74 79 0.064356
74 80 0.380282
74 81 0.030928
74 82 0.087805
74 83 0.024169
74 84 0.964286
74 85 0.053719
74 86 0.072539
74 87 0.031111
74 88 0.230000
74 89 0.182510
74 90 0.059028
74 91 0.049057
74 92 0.099338
74 93 0.020492
74 94 0.035398
74 95 0.125000
74 96 0.068111
74 97 0.342857
74 98 0.095238
74 99 0.239130
75 76 0.773810
75 77 0.159091
75 78 0.057803
75 79 0.036212
75 80 0.115385
75 81 0.025210
75 82 0.111455
75 83 0.022663
75 84 0.156069
75 85 0.142857
75 86 0.042553
75 87 0.024476
75 88 0.127072
75 89 0.432432
75 90 0.091398
75 91 0.071823
75 92 0.076336
75 93 0.036232
75 94 0.027335
75 95 0.084211
75 96 0.052885
75 97 0.089552
75 98 0.076404
75 99 0.126923
76 77 0.160920
76 78 0.065789
76 79 0.032828
76 80 0.093426
76 81 0.026627
76 82 0.148148
76 83 0.025559
76 84 0.113924
76 85 0.103175
76 86 0.039773
76 87 0.025926
76 88 0.111650
76 89 0.979592
76 90 0.160377
76 91 0.119266
76 92 0.078125
76 93 0.081967
76 94 0.027778
76 95 0.083624
76 96 0.054054
76 97 0.064516
76 98 0.078704
76 99 0.117857
77 78 0.096154
77 79 0.059633
77 80 0.085987
77 81 0.077586
77 82 0.081264
77 83 0.039409
77 84 0.075843
77 85 0.024575
77 86 0.088050
77 87 0.041916
77 88 0.162544
77 89 0.099792
77 90 0.041063
77 91 0.034301
77 92 0.545455
77 93 0.012346
77 94 0.923077
77 95 0.153846
77 96 0.594595
77 97 0.035294
77 98 0.693878
77 99 0.165829
78 79 0.038690
78 80 0.077586
78 81 0.091837
78 82 0.150628
78 83 0.888889
78 84 0.076487
78 85 0.030660
78 86 0.054475
78 87 0.062500
78 88 0.117347
78 89 0.141176
78 90 0.069959
78 91 0.061033
78 92 0.188679
78 93 0.019685
78 94 0.060606
78 95 0.142857
78 96 0.128655
78 97 0.038961
78 98 0.193182
78 99 0.143478
79 80 0.187500
79 81 0.035857
79 82 0.069632
79 83 0.023810
79 84 0.130435
79 85 0.029345
79 86 0.177215
79 87 0.030435
79 88 0.696970
79 89 0.108108
79 90 0.039627
79 91 0.032828
79 92 0.137615
79 93 0.012594
79 94 0.052863
79 95 0.139535
79 96 0.096491
79 97 0.052863
79 98 0.130769
79 99 0.257812
80 81 0.030612
80 82 0.077419
80 83 0.022792
80 84 0.409091
80 85 0.041935
80 86 0.088608
80 87 0.029289
80 88 0.351145
80 89 0.144144
80 90 0.048433
80 91 0.040123
80 92 0.103093
80 93 0.016234
80 94 0.037618
80 95 0.125000
80 96 0.071197
80 97 0.115385
80 98 0.099125
80 99 0.259843
81 82 0.109756
81 83 0.084211
81 84 0.085443
81 85 0.029279
81 86 0.080925
81 87 0.095890
81 88 0.147436
81 89 0.125984
81 90 0.056106
81 91 0.048327
81 92 0.476190
81 93 0.016667
81 94 0.111111
81 95 0.233010
81 96 0.275000
81 97 0.042403
81 98 0.354167
81 99 0.196429
82 83 0.032520
82 84 0.062069
82 85 0.036313
82 86 0.031390
82 87 0.023333
82 88 0.082437
82 89 0.197531
82 90 0.123188
82 91 0.087248
82 92 0.076923
82 93 0.026882
82 94 0.027650
82 95 0.068182
82 96 0.054187
82 97 0.031662
82 98 0.082126
82 99 0.084615
83 84 0.075419
83 85 0.030093
83 86 0.054475
83 87 0.061404
83 88 0.117048
83 89 0.137931
83 90 0.067729
83 91 0.058559
83 92 0.194805
83 93 0.019011
83 94 0.062176
83 95 0.141176
83 96 0.132530
83 97 0.038217
83 98 0.201183
83 99 0.142241
84 85 0.052846
84 86 0.067308
84 87 0.027888
84 88 0.235897
84 89 0.172662
84 90 0.054662
84 91 0.045139
84 92 0.092593
84 93 0.018868
84 94 0.033426
84 95 0.111111
84 96 0.063768
84 97 0.210526
84 98 0.089710
84 99 0.208861
85 86 0.033493
85 87 0.018767
85 88 0.104545
85 89 0.413793
85 90 0.075221
85 91 0.055556
85 92 0.062241
85 93 0.026882
85 94 0.022727
85 95 0.064000
85 96 0.043564
85 97 0.055556
85 98 0.063670
85 99 0.094556
86 87 0.045752
86 88 0.330935
86 89 0.120000
86 90 0.046070
86 91 0.038806
86 92 0.204082
86 93 0.014577
86 94 0.072289
86 95 0.250000
86 96 0.136646
86 97 0.057971
86 98 0.175258
86 99 0.458333
87 88 0.162544
87 89 0.152381
87 90 0.068273
87 91 0.060748
87 92 0.260870
87 93 0.021008
87 94 0.073620
87 95 0.406780
87 96 0.160584
87 97 0.055814
87 98 0.209877
87 99 0.277311
88 89 0.104803
88 90 0.037037
88 91 0.030374
88 92 0.106007
88 93 0.011848
88 94 0.041096
88 95 0.106667
88 96 0.075085
88 97 0.052174
88 98 0.104615
88 99 0.192982
89 90 0.146552
89 91 0.098485
89 92 0.069930
89 93 0.058140
89 94 0.025157
89 95 0.071856
89 96 0.048780
89 97 0.052174
89 98 0.071579
89 99 0.100610
90 91 0.361111
90 92 0.083333
90 93 0.100000
90 94 0.029412
90 95 0.084211
90 96 0.057895
90 97 0.047059
90 98 0.085427
90 99 0.109272
91 92 0.092308
91 93 0.102041
91 94 0.032172
91 95 0.096000
91 96 0.063584
91 97 0.051724
91 98 0.093151
91 99 0.122677
92 93 0.014205
92 94 0.244898
92 95 0.212389
92 96 0.956522
92 97 0.039735
92 98 0.618182
92 99 0.197605
93 94 0.029925
93 95 0.090226
93 96 0.058824
93 97 0.057143
93 98 0.085859
93 99 0.120879
94 95 0.154839
94 96 0.758621
94 97 0.035088
94 98 0.918919
94 99 0.163366
95 96 0.162963
95 97 0.063492
95 98 0.202381
95 99 0.500000
96 97 0.037037
96 98 0.971429
96 99 0.176471
97 98 0.095238
97 99 0.229167
98 99 0.148649
