100 4950
0 1 0.997872
0 2 0.992593
0 3 0.649087
0 4 0.350427
0 5 0.984615
0 6 0.579125
0 7 0.982143
0 8 0.520000
0 9 0.522556
0 10 0.309582
0 11 0.234234
0 12 0.285714
0 13 0.123543
0 14 0.240000
0 15 0.085317
0 16 0.527473
0 17 0.125828
0 18 0.948718
0 19 0.180328
0 20 0.340741
0 21 0.191304
0 22 0.484716
0 23 0.134434
0 24 0.097015
0 25 0.261324
0 26 0.091228
0 27 0.066372
0 28 0.071429
0 29 0.233333
0 30 0.007042
0 31 0.582609
0 32 0.468750
0 33 0.165138
0 34 0.060811
0 35 0.095607
0 36 0.020619
0 37 0.157895
0 38 0.195122
0 39 0.147368
0 40 0.217391
0 41 0.078534
0 42 0.145610
0 43 0.112532
0 44 0.191617
0 45 0.169753
0 46 0.280000
0 47 0.023973
0 48 0.073810
0 49 0.285714
0 50 0.133117
0 51 0.213483
0 52 0.047059
0 53 0.021314
0 54 0.124324
0 55 0.547945
0 56 0.262069
0 57 0.142857
0 58 0.175074
0 59 0.106719
0 60 0.333333
0 61 0.071809
0 62 0.094340
0 63 0.570423
0 64 0.071233
0 65 0.117096
0 66 0.020202
0 67 0.020979
0 68 0.083333
0 69 0.120000
0 70 0.055422
0 71 0.103448
0 72 0.105670
0 73 0.404494
0 74 0.043373
0 75 0.042484
0 76 0.161290
0 77 0.117647
0 78 0.073903
0 79 0.069767
0 80 0.291667
0 81 0.008909
0 82 0.068306
0 83 0.237805
0 84 0.049774
0 85 0.100457
0 86 0.027273
0 87 0.025830
0 88 0.133758
0 89 0.070529
0 90 0.106509
0 91 0.307692
0 92 0.069767
0 93 0.046610
0 94 0.296804
0 95 0.091362
0 96 0.073171
0 97 0.087273
0 98 0.183280
0 99 0.121771
1 2 0.362162
1 3 0.996885
1 4 0.991935
1 5 0.129817
1 6 0.459893
1 7 0.126728
1 8 0.552124
1 9 0.567347
1 10 0.272138
1 11 0.065823
1 12 0.051044
1 13 0.981481
1 14 0.444444
1 15 0.977273
1 16 0.287425
1 17 0.165217
1 18 0.085648
1 19 0.292776
1 20 0.501818
1 21 0.723684
1 22 0.243956
1 23 0.982759
1 24 0.520000
1 25 0.407609
1 26 0.139785
1 27 0.120482
1 28 0.087866
1 29 0.171492
1 30 0.010695
1 31 0.175853
1 32 0.118421
1 33 0.117647
1 34 0.964286
1 35 0.389474
1 36 0.005291
1 37 0.409836
1 38 0.094395
1 39 0.101449
1 40 0.186916
1 41 0.117647
1 42 0.165049
1 43 0.154386
1 44 0.087193
1 45 0.341615
1 46 0.197183
1 47 0.038889
1 48 0.103333
1 49 0.145570
1 50 0.086134
1 51 0.452381
1 52 0.025890
1 53 0.083333
1 54 0.188525
1 55 0.099502
1 56 0.111111
1 57 0.083721
1 58 0.190323
1 59 0.056842
1 60 0.082011
1 61 0.159763
1 62 0.110193
1 63 0.171247
1 64 0.094203
1 65 0.312500
1 66 0.005305
1 67 0.035433
1 68 0.058212
1 69 0.338710
1 70 0.410714
1 71 0.129187
1 72 0.333333
1 73 0.086331
1 74 0.305085
1 75 0.077844
1 76 0.039578
1 77 0.122449
1 78 0.081013
1 79 0.384615
1 80 0.031250
1 81 0.011561
1 82 0.240385
1 83 0.125806
1 84 0.125000
1 85 0.083969
1 86 0.049383
1 87 0.029412
1 88 0.547826
1 89 0.079772
1 90 0.153846
1 91 0.091954
1 92 0.007009
1 93 0.023605
1 94 0.177112
1 95 0.269608
1 96 0.571429
1 97 0.061224
1 98 0.188742
1 99 0.321951
2 3 0.891365
2 4 0.464151
2 5 0.496124
2 6 0.994220
2 7 0.679012
2 8 0.578947
2 9 0.992857
2 10 0.428571
2 11 0.962963
2 12 0.323529
2 13 0.164087
2 14 0.375000
2 15 0.107769
2 16 0.521739
2 17 0.177570
2 18 0.355769
2 19 0.262799
2 20 0.358442
2 21 0.241228
2 22 0.770833
2 23 0.170659
2 24 0.123223
2 25 0.392670
2 26 0.130000
2 27 0.094340
2 28 0.081395
2 29 0.345291
2 30 0.010000
2 31 0.462069
2 32 0.849057
2 33 0.173077
2 34 0.078035
2 35 0.122517
2 36 0.037037
2 37 0.216138
2 38 0.969697
2 39 0.242775
2 40 0.419580
2 41 0.084270
2 42 0.200000
2 43 0.171206
2 44 0.164948
2 45 0.259434
2 46 0.350000
2 47 0.033816
2 48 0.108392
2 49 0.730159
2 50 0.190698
2 51 0.255892
2 52 0.117647
2 53 0.027027
2 54 0.194093
2 55 0.360360
2 56 0.273381
2 57 0.241611
2 58 0.289216
2 59 0.156977
2 60 0.369048
2 61 0.107570
2 62 0.136054
2 63 0.736364
2 64 0.074713
2 65 0.166667
2 66 0.038462
2 67 0.030508
2 68 0.117647
2 69 0.170040
2 70 0.072100
2 71 0.156069
2 72 0.129747
2 73 0.232258
2 74 0.057692
2 75 0.058824
2 76 0.217391
2 77 0.209302
2 78 0.104575
2 79 0.086455
2 80 0.150538
2 81 0.012618
2 82 0.093284
2 83 0.322314
2 84 0.070064
2 85 0.131737
2 86 0.039088
2 87 0.047945
2 88 0.180000
2 89 0.105263
2 90 0.174757
2 91 0.571429
2 92 0.029703
2 93 0.070968
2 94 0.691489
2 95 0.115304
2 96 0.094737
2 97 0.153846
2 98 0.186275
2 99 0.159806
3 4 0.360704
3 5 0.135307
3 6 0.792627
3 7 0.125571
3 8 0.312910
3 9 0.553785
3 10 0.602871
3 11 0.067885
3 12 0.052257
3 13 0.188612
3 14 0.432990
3 15 0.140065
3 16 0.203822
3 17 0.982759
3 18 0.080087
3 19 0.987179
3 20 0.251825
3 21 0.421456
3 22 0.339450
3 23 0.165698
3 24 0.189781
3 25 0.238854
3 26 0.076471
3 27 0.394737
3 28 0.046667
3 29 0.310484
3 30 0.005848
3 31 0.141649
3 32 0.111111
3 33 0.077088
3 34 0.083333
3 35 0.105413
3 36 0.004938
3 37 0.531915
3 38 0.096386
3 39 0.166667
3 40 0.273973
3 41 0.057803
3 42 0.591304
3 43 0.427184
3 44 0.064257
3 45 0.209924
3 46 0.135266
3 47 0.020528
3 48 0.418919
3 49 0.129944
3 50 0.141379
3 51 0.182254
3 52 0.023121
3 53 0.047431
3 54 0.335766
3 55 0.087146
3 56 0.085393
3 57 0.124138
3 58 0.375796
3 59 0.082317
3 60 0.072600
3 61 0.143617
3 62 0.408163
3 63 0.200993
3 64 0.049057
3 65 0.301205
3 66 0.004963
3 67 0.108434
3 68 0.101818
3 69 0.146341
3 70 0.071651
3 71 0.080597
3 72 0.104592
3 73 0.072435
3 74 0.061644
3 75 0.038123
3 76 0.035971
3 77 0.191489
3 78 0.266667
3 79 0.080000
3 80 0.031180
3 81 0.064516
3 82 0.082237
3 83 0.096059
3 84 0.149660
3 85 0.055138
3 86 0.141176
3 87 0.028000
3 88 0.301435
3 89 0.243478
3 90 0.208092
3 91 0.104439
3 92 0.006536
3 93 0.033233
3 94 0.231317
3 95 0.233051
3 96 0.133333
3 97 0.097561
3 98 0.108571
3 99 0.412500
4 5 0.168421
4 6 0.544304
4 7 0.171875
4 8 0.993056
4 9 0.837349
4 10 0.295082
4 11 0.090278
4 12 0.068536
4 13 0.535354
4 14 0.538462
4 15 0.262195
4 16 0.454976
4 17 0.165698
4 18 0.117834
4 19 0.289474
4 20 0.663462
4 21 0.423077
4 22 0.296791
4 23 0.780822
4 24 0.246445
4 25 0.986842
4 26 0.388060
4 27 0.112782
4 28 0.164062
4 29 0.195929
4 30 0.029412
4 31 0.259690
4 32 0.169173
4 33 0.194595
4 34 0.281250
4 35 0.973684
4 36 0.007576
4 37 0.328947
4 38 0.134454
4 39 0.120000
4 40 0.234375
4 41 0.166667
4 42 0.168734
4 43 0.163569
4 44 0.131148
4 45 0.604396
4 46 0.347826
4 47 0.114754
4 48 0.105442
4 49 0.223301
4 50 0.099757
4 51 0.987013
4 52 0.040201
4 53 0.048193
4 54 0.207207
4 55 0.141844
4 56 0.172727
4 57 0.101408
4 58 0.218519
4 59 0.068010
4 60 0.119231
4 61 0.175325
4 62 0.114943
4 63 0.217158
4 64 0.135417
4 65 0.274725
4 66 0.007605
4 67 0.034615
4 68 0.066194
4 69 0.777778
4 70 0.338235
4 71 0.287234
4 72 0.672131
4 73 0.122034
4 74 0.222222
4 75 0.276596
4 76 0.057252
4 77 0.149378
4 78 0.084656
4 79 0.361446
4 80 0.041916
4 81 0.011628
4 82 0.641026
4 83 0.206349
4 84 0.107843
4 85 0.158273
4 86 0.046875
4 87 0.043750
4 88 0.351955
4 89 0.085106
4 90 0.183673
4 91 0.120120
4 92 0.009677
4 93 0.028571
4 94 0.228070
4 95 0.180921
4 96 0.218182
4 97 0.073620
4 98 0.285000
4 99 0.237410
5 6 0.649057
5 7 0.901639
5 8 0.441358
5 9 0.516729
5 10 0.346154
5 11 0.252427
5 12 0.349206
5 13 0.118304
5 14 0.237960
5 15 0.082061
5 16 0.408511
5 17 0.132867
5 18 0.451220
5 19 0.185990
5 20 0.301310
5 21 0.188034
5 22 0.613260
5 23 0.126106
5 24 0.094545
5 25 0.241935
5 26 0.082803
5 27 0.068027
5 28 0.061584
5 29 0.269231
5 30 0.006390
5 31 0.394118
5 32 0.391304
5 33 0.133829
5 34 0.057692
5 35 0.088729
5 36 0.017094
5 37 0.158228
5 38 0.197531
5 39 0.170732
5 40 0.234375
5 41 0.069284
5 42 0.156682
5 43 0.117647
5 44 0.142222
5 45 0.162722
5 46 0.231405
5 47 0.021807
5 48 0.077307
5 49 0.259887
5 50 0.158301
5 51 0.191919
5 52 0.043243
5 53 0.020979
5 54 0.127424
5 55 0.325203
5 56 0.196891
5 57 0.172249
5 58 0.186120
5 59 0.134328
5 60 0.240310
5 61 0.071053
5 62 0.101010
5 63 0.920455
5 64 0.062201
5 65 0.116550
5 66 0.016949
5 67 0.021583
5 68 0.097561
5 69 0.113514
5 70 0.052273
5 71 0.093750
5 72 0.096698
5 73 0.241611
5 74 0.041379
5 75 0.038922
5 76 0.123967
5 77 0.124138
5 78 0.080000
5 79 0.064935
5 80 0.291667
5 81 0.009412
5 82 0.064103
5 83 0.193069
5 84 0.049774
5 85 0.085271
5 86 0.027907
5 87 0.025455
5 88 0.131524
5 89 0.075676
5 90 0.108108
5 91 0.434783
5 92 0.035294
5 93 0.059140
5 94 0.336788
5 95 0.090759
5 96 0.071006
5 97 0.100000
5 98 0.155738
5 99 0.121996
6 7 0.227273
6 8 0.388587
6 9 0.914474
6 10 0.992126
6 11 0.136842
6 12 0.099548
6 13 0.165109
6 14 0.451613
6 15 0.111399
6 16 0.284024
6 17 0.341317
6 18 0.135531
6 19 0.437500
6 20 0.278788
6 21 0.274314
6 22 0.991071
6 23 0.157459
6 24 0.135065
6 25 0.300000
6 26 0.095238
6 27 0.144928
6 28 0.056604
6 29 0.987179
6 30 0.007299
6 31 0.214058
6 32 0.200000
6 33 0.102857
6 34 0.075000
6 35 0.106936
6 36 0.008850
6 37 0.281955
6 38 0.201258
6 39 0.976744
6 40 0.983607
6 41 0.064655
6 42 0.400000
6 43 0.333333
6 44 0.090141
6 45 0.240175
6 46 0.190476
6 47 0.025180
6 48 0.206667
6 49 0.231156
6 50 0.398058
6 51 0.201058
6 52 0.041026
6 53 0.030848
6 54 0.315068
6 55 0.141343
6 56 0.127517
6 57 0.480000
6 58 0.786667
6 59 0.228814
6 60 0.121569
6 61 0.129187
6 62 0.303030
6 63 0.430851
6 64 0.056034
6 65 0.208333
6 66 0.008929
6 67 0.049180
6 68 0.259259
6 69 0.154982
6 70 0.067449
6 71 0.107143
6 72 0.109043
6 73 0.110429
6 74 0.056426
6 75 0.045296
6 76 0.062241
6 77 0.444444
6 78 0.235294
6 79 0.077519
6 80 0.056000
6 81 0.024691
6 82 0.084175
6 83 0.146067
6 84 0.090909
6 85 0.076125
6 86 0.060302
6 87 0.044304
6 88 0.207921
6 89 0.264151
6 90 0.253521
6 91 0.229885
6 92 0.011070
6 93 0.094017
6 94 0.812500
6 95 0.137157
6 96 0.101408
6 97 0.800000
6 98 0.130435
6 99 0.203077
7 8 0.537594
7 9 0.640553
7 10 0.356941
7 11 0.464286
7 12 0.956522
7 13 0.136247
7 14 0.279070
7 15 0.092275
7 16 0.530387
7 17 0.143577
7 18 0.973684
7 19 0.206434
7 20 0.344140
7 21 0.207156
7 22 0.613260
7 23 0.145408
7 24 0.105263
7 25 0.300000
7 26 0.102767
7 27 0.075188
7 28 0.074468
7 29 0.276978
7 30 0.007937
7 31 0.558333
7 32 0.833333
7 33 0.168224
7 34 0.066176
7 35 0.103641
7 36 0.035714
7 37 0.176471
7 38 0.288288
7 39 0.181034
7 40 0.272727
7 41 0.079787
7 42 0.165450
7 43 0.130952
7 44 0.181818
7 45 0.195730
7 46 0.306011
7 47 0.026923
7 48 0.085165
7 49 0.389831
7 50 0.158301
7 51 0.226190
7 52 0.063492
7 53 0.023166
7 54 0.145110
7 55 0.555556
7 56 0.277372
7 57 0.180905
7 58 0.209220
7 59 0.131068
7 60 0.442857
7 61 0.082317
7 62 0.108401
7 63 0.794118
7 64 0.071823
7 65 0.132275
7 66 0.034483
7 67 0.024000
7 68 0.097902
7 69 0.135048
7 70 0.060526
7 71 0.118943
7 72 0.112948
7 73 0.330275
7 74 0.047745
7 75 0.047445
7 76 0.245902
7 77 0.143426
7 78 0.084881
7 79 0.074813
7 80 0.933333
7 81 0.010152
7 82 0.075758
7 83 0.274648
7 84 0.055980
7 85 0.111111
7 86 0.031008
7 87 0.031532
7 88 0.148235
7 89 0.082111
7 90 0.125874
7 91 0.506329
7 92 0.078947
7 93 0.058201
7 94 0.398773
7 95 0.099278
7 96 0.079823
7 97 0.109091
7 98 0.182692
7 99 0.134146
8 9 0.612335
8 10 0.255578
8 11 0.100775
8 12 0.079710
8 13 0.219008
8 14 0.318182
8 15 0.142857
8 16 0.989691
8 17 0.127232
8 18 0.151639
8 19 0.202632
8 20 0.992806
8 21 0.273632
8 22 0.287565
8 23 0.282178
8 24 0.147727
8 25 0.520833
8 26 0.220339
8 27 0.077519
8 28 0.954545
8 29 0.175000
8 30 0.017241
8 31 0.411043
8 32 0.205479
8 33 0.590164
8 34 0.116883
8 35 0.225610
8 36 0.009217
8 37 0.206044
8 38 0.137339
8 39 0.107692
8 40 0.192926
8 41 0.270270
8 42 0.137097
8 43 0.119241
8 44 0.258065
8 45 0.280612
8 46 0.643678
8 47 0.059829
8 48 0.077889
8 49 0.244681
8 50 0.092135
8 51 0.775510
8 52 0.042781
8 53 0.030612
8 54 0.141538
8 55 0.196078
8 56 0.287879
8 57 0.094488
8 58 0.169540
8 59 0.065375
8 60 0.158163
8 61 0.098540
8 62 0.090703
8 63 0.231429
8 64 0.254902
8 65 0.159744
8 66 0.009259
8 67 0.024000
8 68 0.060345
8 69 0.228261
8 70 0.111650
8 71 0.216000
8 72 0.288732
8 73 0.183673
8 74 0.080357
8 75 0.107438
8 76 0.072464
8 77 0.115385
8 78 0.068670
8 79 0.156250
8 80 0.050542
8 81 0.008969
8 82 0.138889
8 83 0.304688
8 84 0.065672
8 85 0.268293
8 86 0.031915
8 87 0.031250
8 88 0.196875
8 89 0.067146
8 90 0.123711
8 91 0.128205
8 92 0.012448
8 93 0.027638
8 94 0.209677
8 95 0.123043
8 96 0.117264
8 97 0.065395
8 98 0.814286
8 99 0.157895
9 10 0.464945
9 11 0.155689
9 12 0.106280
9 13 0.273196
9 14 0.988235
9 15 0.161049
9 16 0.432432
9 17 0.248908
9 18 0.160870
9 19 0.440000
9 20 0.398844
9 21 0.347003
9 22 0.521127
9 23 0.257919
9 24 0.182456
9 25 0.765306
9 26 0.213115
9 27 0.154639
9 28 0.092920
9 29 0.336245
9 30 0.016129
9 31 0.299107
9 32 0.263158
9 33 0.162162
9 34 0.120000
9 35 0.185930
9 36 0.011765
9 37 0.357143
9 38 0.299065
9 39 0.228261
9 40 0.652174
9 41 0.095238
9 42 0.250000
9 43 0.291391
9 44 0.129032
9 45 0.639535
9 46 0.335329
9 47 0.055118
9 48 0.170330
9 49 0.418182
9 50 0.166667
9 51 0.336283
9 52 0.079208
9 53 0.039344
9 54 0.400000
9 55 0.184332
9 56 0.194872
9 57 0.188482
9 58 0.483607
9 59 0.115385
9 60 0.166667
9 61 0.241071
9 62 0.184332
9 63 0.349138
9 64 0.081761
9 65 0.308642
9 66 0.011905
9 67 0.051724
9 68 0.108949
9 69 0.328125
9 70 0.113861
9 71 0.259615
9 72 0.181416
9 73 0.142857
9 74 0.096774
9 75 0.096296
9 76 0.084270
9 77 0.418605
9 78 0.132780
9 79 0.123967
9 80 0.060606
9 81 0.017699
9 82 0.163399
9 83 0.250000
9 84 0.124294
9 85 0.141935
9 86 0.065934
9 87 0.875000
9 88 0.298578
9 89 0.146597
9 90 0.455696
9 91 0.204082
9 92 0.013216
9 93 0.049107
9 94 0.524194
9 95 0.162722
9 96 0.146939
9 97 0.150000
9 98 0.192568
9 99 0.239130
10 11 0.084967
10 12 0.066465
10 13 0.128641
10 14 0.300000
10 15 0.092473
10 16 0.206897
10 17 0.372549
10 18 0.095361
10 19 0.358140
10 20 0.224026
10 21 0.243363
10 22 0.603261
10 23 0.123110
10 24 0.115556
10 25 0.203804
10 26 0.066327
10 27 0.123967
10 28 0.042424
10 29 0.974684
10 30 0.005076
10 31 0.153318
10 32 0.130058
10 33 0.075630
10 34 0.059471
10 35 0.081678
10 36 0.005764
10 37 0.237342
10 38 0.112676
10 39 0.341463
10 40 0.327869
10 41 0.051195
10 42 0.653846
10 43 0.243094
10 44 0.066528
10 45 0.163205
10 46 0.133017
10 47 0.017632
10 48 0.176136
10 49 0.141538
10 50 0.362832
10 51 0.153535
10 52 0.024845
10 53 0.027149
10 54 0.209091
10 55 0.099010
10 56 0.089623
10 57 0.230769
10 58 0.373418
10 59 0.159763
10 60 0.082228
10 61 0.091525
10 62 0.344828
10 63 0.292419
10 64 0.044293
10 65 0.161812
10 66 0.005797
10 67 0.040179
10 68 0.321839
10 69 0.111406
10 70 0.052273
10 71 0.072193
10 72 0.084189
10 73 0.080537
10 74 0.043478
10 75 0.032178
10 76 0.041322
10 77 0.192513
10 78 0.359551
10 79 0.061224
10 80 0.038889
10 81 0.026846
10 82 0.062189
10 83 0.099237
10 84 0.072848
10 85 0.053012
10 86 0.050000
10 87 0.025455
10 88 0.169811
10 89 0.243478
10 90 0.153846
10 91 0.143885
10 92 0.007752
10 93 0.060773
10 94 0.323383
10 95 0.125858
10 96 0.083721
10 97 0.173913
10 98 0.101423
10 99 0.184358
11 12 0.536585
11 13 0.152299
11 14 0.334661
11 15 0.101415
11 16 0.513369
11 17 0.166181
11 18 0.440476
11 19 0.241379
11 20 0.348485
11 21 0.227743
11 22 0.765517
11 23 0.159664
11 24 0.115813
11 25 0.350467
11 26 0.117117
11 27 0.087209
11 28 0.077491
11 29 0.330472
11 30 0.009050
11 31 0.482014
11 32 0.978261
11 33 0.168224
11 34 0.072776
11 35 0.113846
11 36 0.042553
11 37 0.201072
11 38 0.533333
11 39 0.228261
11 40 0.363636
11 41 0.081522
11 42 0.189415
11 43 0.156584
11 44 0.166667
11 45 0.231092
11 46 0.327485
11 47 0.030568
11 48 0.100324
11 49 0.560976
11 50 0.186364
11 51 0.241270
11 52 0.089888
11 53 0.025532
11 54 0.174905
11 55 0.404040
11 56 0.269504
11 57 0.230769
11 58 0.259912
11 59 0.156977
11 60 0.397436
11 61 0.097122
11 62 0.126984
11 63 0.870968
11 64 0.072626
11 65 0.152905
11 66 0.042553
11 67 0.028037
11 68 0.114286
11 69 0.154412
11 70 0.067055
11 71 0.138462
11 72 0.122024
11 73 0.251748
11 74 0.053412
11 75 0.053498
11 76 0.238095
11 77 0.183673
11 78 0.098462
11 79 0.081081
11 80 0.205882
11 81 0.011799
11 82 0.085324
11 83 0.300000
11 84 0.064516
11 85 0.121547
11 86 0.036036
11 87 0.040462
11 88 0.167109
11 89 0.097561
11 90 0.154506
11 91 0.740741
11 92 0.036585
11 93 0.070968
11 94 0.585586
11 95 0.109127
11 96 0.088670
11 97 0.141176
11 98 0.181529
11 99 0.150000
12 13 0.137306
12 14 0.288660
12 15 0.093074
12 16 0.489796
12 17 0.150396
12 18 0.616667
12 19 0.215084
12 20 0.334140
12 21 0.210325
12 22 0.702532
12 23 0.145780
12 24 0.106557
12 25 0.301205
12 26 0.102362
12 27 0.078125
12 28 0.072165
12 29 0.300781
12 30 0.007874
12 31 0.489051
12 32 0.762712
12 33 0.158590
12 34 0.066339
12 35 0.103352
12 36 0.032787
12 37 0.181159
12 38 0.320000
12 39 0.200000
12 40 0.295567
12 41 0.077519
12 42 0.173913
12 43 0.137931
12 44 0.165803
12 45 0.199275
12 46 0.293194
12 47 0.026820
12 48 0.089337
12 49 0.396552
12 50 0.173729
12 51 0.222874
12 52 0.065041
12 53 0.023529
12 54 0.151815
12 55 0.439560
12 56 0.253333
12 57 0.203390
12 58 0.223485
12 59 0.147541
12 60 0.378049
12 61 0.084906
12 62 0.114613
12 63 0.987805
12 64 0.069519
12 65 0.135870
12 66 0.032258
12 67 0.025000
12 68 0.106464
12 69 0.136364
12 70 0.060686
12 71 0.118421
12 72 0.111717
12 73 0.276923
12 74 0.048257
12 75 0.047273
12 76 0.214286
12 77 0.153191
12 78 0.089636
12 79 0.074627
12 80 0.466667
12 81 0.010667
12 82 0.076220
12 83 0.260000
12 84 0.057743
12 85 0.107317
12 86 0.032172
12 87 0.032864
12 88 0.151079
12 89 0.086957
12 90 0.131868
12 91 0.701754
12 92 0.050000
12 93 0.066265
12 94 0.451389
12 95 0.101103
12 96 0.080899
12 97 0.120603
12 98 0.174847
12 99 0.137500
13 14 0.617647
13 15 0.558442
13 16 0.313725
13 17 0.190635
13 18 0.094872
13 19 0.354839
13 20 0.484211
13 21 0.679012
13 22 0.275434
13 23 0.876923
13 24 0.456140
13 25 0.524476
13 26 0.172185
13 27 0.145631
13 28 0.093333
13 29 0.194444
13 30 0.013072
13 31 0.193084
13 32 0.133531
13 33 0.127660
13 34 0.613636
13 35 0.430233
13 36 0.005970
13 37 0.503356
13 38 0.109966
13 39 0.116343
13 40 0.223881
13 41 0.114943
13 42 0.186301
13 43 0.187234
13 44 0.094395
13 45 0.495495
13 46 0.222222
13 47 0.047945
13 48 0.123016
13 49 0.169118
13 50 0.096927
13 51 0.463415
13 52 0.030303
13 53 0.079470
13 54 0.238342
13 55 0.109890
13 56 0.123377
13 57 0.095491
13 58 0.228682
13 59 0.063981
13 60 0.091988
13 61 0.230769
13 62 0.127389
13 63 0.191489
13 64 0.093190
13 65 0.431034
13 66 0.006006
13 67 0.043062
13 68 0.065421
13 69 0.531646
13 70 0.522727
13 71 0.158824
13 72 0.328000
13 73 0.094241
13 74 0.947368
13 75 0.097015
13 76 0.044510
13 77 0.149378
13 78 0.092486
13 79 0.315789
13 80 0.034653
13 81 0.013333
13 82 0.373134
13 83 0.142336
13 84 0.164179
13 85 0.095652
13 86 0.060302
13 87 0.037433
13 88 0.724138
13 89 0.092715
13 90 0.197802
13 91 0.103627
13 92 0.007752
13 93 0.026634
13 94 0.206349
13 95 0.266990
13 96 0.537313
13 97 0.070796
13 98 0.193220
13 99 0.354839
14 15 0.213930
14 16 0.336842
14 17 0.300000
14 18 0.117834
14 19 0.663793
14 20 0.383333
14 21 0.466102
14 22 0.405109
14 23 0.311475
14 24 0.250000
14 25 0.619835
14 26 0.176871
14 27 0.240000
14 28 0.081712
14 29 0.295019
14 30 0.013423
14 31 0.223333
14 32 0.176471
14 33 0.129964
14 34 0.152542
14 35 0.210227
14 36 0.007874
14 37 0.595238
14 38 0.167539
14 39 0.185022
14 40 0.444444
14 41 0.090634
14 42 0.274194
14 43 0.385965
14 44 0.101587
14 45 0.785714
14 46 0.246696
14 47 0.047297
14 48 0.223022
14 49 0.239583
14 50 0.142361
14 51 0.329004
14 52 0.043716
14 53 0.053812
14 54 0.686567
14 55 0.133779
14 56 0.142322
14 57 0.146939
14 58 0.479675
14 59 0.092784
14 60 0.115672
14 61 0.964286
14 62 0.206186
14 63 0.261290
14 64 0.076696
14 65 0.649351
14 66 0.007937
14 67 0.080357
14 68 0.095890
14 69 0.411765
14 70 0.143750
14 71 0.188811
14 72 0.191589
14 73 0.109091
14 74 0.132353
14 75 0.087838
14 76 0.057252
14 77 0.339623
14 78 0.142857
14 79 0.142180
14 80 0.044444
14 81 0.021164
14 82 0.200000
14 83 0.171806
14 84 0.236559
14 85 0.104762
14 86 0.106195
14 87 0.087500
14 88 0.484615
14 89 0.160000
14 90 0.782609
14 91 0.144928
14 92 0.009677
14 93 0.038732
14 94 0.342105
14 95 0.216535
14 96 0.208092
14 97 0.117073
14 98 0.171687
14 99 0.343750
15 16 0.256000
15 17 0.169139
15 18 0.079399
15 19 0.299611
15 20 0.436709
15 21 0.990991
15 22 0.234177
15 23 0.570000
15 24 0.881356
15 25 0.344037
15 26 0.116592
15 27 0.126050
15 28 0.074468
15 29 0.168122
15 30 0.008889
15 31 0.159905
15 32 0.108959
15 33 0.103448
15 34 0.385714
15 35 0.270073
15 36 0.004866
15 37 0.451807
15 38 0.087193
15 39 0.098361
15 40 0.179104
15 41 0.101351
15 42 0.167901
15 43 0.154386
15 44 0.078624
15 45 0.294118
15 46 0.173375
15 47 0.032110
15 48 0.105085
15 49 0.132184
15 50 0.084016
15 51 0.360190
15 52 0.023529
15 53 0.116505
15 54 0.185484
15 55 0.091324
15 56 0.100000
15 57 0.080717
15 58 0.186120
15 59 0.054878
15 60 0.075243
15 61 0.151685
15 62 0.111421
15 63 0.162651
15 64 0.081761
15 65 0.320513
15 66 0.004890
15 67 0.036437
15 68 0.057143
15 69 0.270968
15 70 0.239583
15 71 0.110656
15 72 0.246988
15 73 0.079121
15 74 0.200000
15 75 0.063415
15 76 0.036408
15 77 0.117647
15 78 0.081841
15 79 0.252101
15 80 0.029167
15 81 0.011799
15 82 0.179856
15 83 0.112392
15 84 0.131737
15 85 0.073090
15 86 0.051064
15 87 0.026923
15 88 0.636364
15 89 0.079772
15 90 0.146939
15 91 0.086768
15 92 0.006494
15 93 0.022727
15 94 0.167959
15 95 0.335366
15 96 0.972973
15 97 0.059259
15 98 0.165217
15 99 0.375000
16 17 0.126949
16 18 0.241830
16 19 0.195431
16 20 0.616071
16 21 0.235546
16 22 0.338415
16 23 0.203571
16 24 0.124105
16 25 0.428571
16 26 0.164557
16 27 0.073350
16 28 0.177966
16 29 0.192020
16 30 0.012821
16 31 0.985294
16 32 0.314685
16 33 0.972973
16 34 0.088235
16 35 0.153527
16 36 0.014184
16 37 0.186567
16 38 0.174863
16 39 0.120344
16 40 0.208333
16 41 0.149254
16 42 0.139344
16 43 0.118280
16 44 0.969697
16 45 0.240175
16 46 0.949153
16 47 0.043210
16 48 0.076923
16 49 0.330935
16 50 0.103275
16 51 0.402116
16 52 0.055944
16 53 0.026374
16 54 0.137725
16 55 0.353982
16 56 0.808511
16 57 0.108761
16 58 0.174556
16 59 0.075843
16 60 0.271930
16 61 0.089109
16 62 0.091954
16 63 0.294545
16 64 0.141304
16 65 0.142857
16 66 0.014085
16 67 0.022959
16 68 0.066667
16 69 0.179487
16 70 0.082437
16 71 0.183673
16 72 0.179039
16 73 0.363636
16 74 0.062284
16 75 0.075581
16 76 0.117188
16 77 0.120000
16 78 0.070330
16 79 0.108303
16 80 0.073684
16 81 0.008949
16 82 0.104167
16 83 0.541667
16 84 0.059299
16 85 0.278481
16 86 0.030227
16 87 0.031532
16 88 0.168901
16 89 0.068627
16 90 0.120805
16 91 0.166667
16 92 0.019868
16 93 0.032448
16 94 0.244361
16 95 0.108911
16 96 0.096515
16 97 0.072948
16 98 0.431818
16 99 0.142549
17 18 0.087264
17 19 0.927711
17 20 0.251366
17 21 0.359477
17 22 0.405109
17 23 0.158774
17 24 0.166667
17 25 0.245098
17 26 0.078313
17 27 0.300000
17 28 0.047404
17 29 0.401042
17 30 0.005988
17 31 0.150901
17 32 0.121951
17 33 0.080000
17 34 0.078717
17 35 0.102493
17 36 0.005420
17 37 0.428571
17 38 0.107744
17 39 0.211055
17 40 0.335196
17 41 0.057692
17 42 0.985507
17 43 0.556962
17 44 0.067511
17 45 0.212355
17 46 0.141772
17 47 0.020896
17 48 0.607843
17 49 0.141975
17 50 0.175966
17 51 0.180952
17 52 0.025237
17 53 0.040404
17 54 0.368000
17 55 0.094118
17 56 0.090692
17 57 0.151899
17 58 0.500000
17 59 0.098901
17 60 0.078680
17 61 0.140625
17 62 0.975610
17 63 0.228814
17 64 0.049242
17 65 0.270270
17 66 0.005450
17 67 0.098901
17 68 0.128440
17 69 0.144828
17 70 0.068452
17 71 0.083591
17 72 0.102500
17 73 0.077253
17 74 0.058632
17 75 0.038576
17 76 0.039164
17 77 0.233766
17 78 0.500000
17 79 0.077121
17 80 0.034314
17 81 0.800000
17 82 0.080386
17 83 0.102362
17 84 0.128655
17 85 0.057592
17 86 0.116505
17 87 0.030568
17 88 0.263598
17 89 0.459016
17 90 0.229299
17 91 0.118343
17 92 0.007126
17 93 0.039568
17 94 0.275424
17 95 0.192308
17 96 0.119601
17 97 0.123077
17 98 0.110251
17 99 0.315789
18 19 0.195431
18 20 0.367021
18 21 0.204842
18 22 0.511521
18 23 0.147668
18 24 0.104418
18 25 0.301205
18 26 0.105263
18 27 0.071770
18 28 0.080460
18 29 0.246006
18 30 0.008130
18 31 0.761364
18 32 0.762712
18 33 0.191489
18 34 0.066667
18 35 0.105714
18 36 0.033333
18 37 0.170843
18 38 0.246154
18 39 0.157895
18 40 0.243902
18 41 0.085227
18 42 0.153846
18 43 0.122563
18 44 0.222222
18 45 0.192982
18 46 0.339394
18 47 0.027559
18 48 0.079897
18 49 0.373984
18 50 0.138983
18 51 0.236760
18 52 0.060606
18 53 0.022857
18 54 0.136905
18 55 0.975610
18 56 0.336283
18 57 0.153191
18 58 0.192182
18 59 0.111111
18 60 0.563636
18 61 0.079646
18 62 0.100756
18 63 0.582734
18 64 0.077151
18 65 0.128205
18 66 0.032258
18 67 0.022785
18 68 0.086957
18 69 0.135048
18 70 0.061008
18 71 0.121076
18 72 0.116477
18 73 0.493151
18 74 0.047872
18 75 0.048507
18 76 0.277778
18 77 0.131387
18 78 0.078431
18 79 0.076336
18 80 0.341463
18 81 0.009524
18 82 0.076220
18 83 0.307087
18 84 0.054187
18 85 0.120219
18 86 0.029557
18 87 0.029915
18 88 0.145497
18 89 0.075881
18 90 0.118812
18 91 0.344828
18 92 0.750000
18 93 0.048673
18 94 0.335052
18 95 0.097518
18 96 0.079470
18 97 0.095238
18 98 0.200704
18 99 0.130693
19 20 0.291755
19 21 0.462185
19 22 0.386760
19 23 0.205776
19 24 0.220339
19 25 0.316456
19 26 0.099237
19 27 0.967742
19 28 0.056452
19 29 0.336245
19 30 0.007576
19 31 0.167920
19 32 0.133929
19 33 0.092545
19 34 0.103448
19 35 0.132143
19 36 0.005952
19 37 0.735294
19 38 0.121212
19 39 0.193548
19 40 0.377358
19 41 0.067568
19 42 0.453333
19 43 0.977778
19 44 0.075829
19 45 0.297297
19 46 0.166172
19 47 0.026515
19 48 0.775000
19 49 0.163701
19 50 0.153558
19 51 0.221574
19 52 0.029304
19 53 0.052632
19 54 0.754098
19 55 0.103093
19 56 0.102981
19 57 0.143426
19 58 0.567308
19 59 0.092150
19 60 0.087079
19 61 0.238938
19 62 0.384615
19 63 0.230769
19 64 0.057269
19 65 0.485437
19 66 0.005988
19 67 0.900000
19 68 0.107692
19 69 0.197183
19 70 0.090551
19 71 0.105058
19 72 0.128125
19 73 0.084706
19 74 0.080000
19 75 0.049242
19 76 0.043228
19 77 0.288000
19 78 0.235294
19 79 0.097403
19 80 0.036269
19 81 0.047619
19 82 0.107759
19 83 0.118182
19 84 0.244444
19 85 0.068536
19 86 0.461538
19 87 0.040230
19 88 0.396226
19 89 0.277228
19 90 0.371134
19 91 0.122699
19 92 0.007673
19 93 0.037543
19 94 0.288889
19 95 0.240175
19 96 0.162896
19 97 0.117073
19 98 0.127232
19 99 0.437086
20 21 0.258216
20 22 0.212644
20 23 0.254464
20 24 0.139037
20 25 0.300000
20 26 0.115556
20 27 0.063425
20 28 0.164062
20 29 0.135088
20 30 0.008969
20 31 0.230241
20 32 0.126050
20 33 0.190476
20 34 0.106299
20 35 0.183168
20 36 0.005634
20 37 0.174014
20 38 0.086486
20 39 0.080614
20 40 0.137615
20 41 0.967742
20 42 0.112211
20 43 0.093220
20 44 0.132780
20 45 0.189003
20 46 0.248889
20 47 0.031818
20 48 0.062124
20 49 0.141538
20 50 0.070934
20 51 0.580153
20 52 0.024768
20 53 0.028708
20 54 0.107981
20 55 0.119048
20 56 0.143396
20 57 0.069903
20 58 0.127155
20 59 0.049180
20 60 0.093373
20 61 0.074792
20 62 0.072727
20 63 0.165984
20 64 0.634146
20 65 0.129199
20 66 0.005650
20 67 0.019272
20 68 0.047059
20 69 0.160920
20 70 0.095041
20 71 0.111111
20 72 0.254658
20 73 0.112500
20 74 0.066914
20 75 0.060465
20 76 0.043605
20 77 0.083721
20 78 0.055363
20 79 0.151515
20 80 0.033981
20 81 0.007286
20 82 0.102459
20 83 0.146617
20 84 0.053790
20 85 0.100917
20 86 0.025918
20 87 0.020528
20 88 0.169355
20 89 0.052930
20 90 0.090909
20 91 0.088889
20 92 0.008021
20 93 0.020599
20 94 0.146727
20 95 0.115063
20 96 0.107143
20 97 0.048290
20 98 0.587629
20 99 0.140127
21 22 0.220676
21 23 0.275362
21 24 0.981132
21 25 0.252525
21 26 0.083871
21 27 0.142180
21 28 0.054545
21 29 0.165948
21 30 0.006431
21 31 0.133201
21 32 0.093555
21 33 0.081081
21 34 0.153409
21 35 0.153527
21 36 0.004175
21 37 0.543478
21 38 0.075472
21 39 0.094808
21 40 0.165746
21 41 0.073892
21 42 0.182796
21 43 0.158273
21 44 0.064128
21 45 0.217391
21 46 0.136253
21 47 0.022951
21 48 0.111913
21 49 0.110843
21 50 0.082164
21 51 0.239748
21 52 0.019704
21 53 0.923077
21 54 0.179688
21 55 0.077670
21 56 0.081720
21 57 0.076596
21 58 0.180982
21 59 0.052326
21 60 0.063786
21 61 0.129808
21 62 0.118343
21 63 0.148624
21 64 0.060890
21 65 0.304878
21 66 0.004193
21 67 0.039301
21 68 0.056566
21 69 0.178723
21 70 0.116751
21 71 0.082822
21 72 0.150183
21 73 0.066914
21 74 0.100000
21 75 0.044068
21 76 0.030992
21 77 0.109756
21 78 0.086957
21 79 0.131004
21 80 0.025688
21 81 0.012945
21 82 0.109649
21 83 0.090909
21 84 0.137500
21 85 0.056555
21 86 0.056338
21 87 0.022508
21 88 0.588785
21 89 0.082840
21 90 0.134328
21 91 0.078278
21 92 0.005618
21 93 0.021526
21 94 0.153664
21 95 0.982143
21 96 0.375000
21 97 0.056338
21 98 0.126386
21 99 0.640777
22 23 0.131640
22 24 0.108108
22 25 0.250000
22 26 0.081761
22 27 0.094637
22 28 0.053165
22 29 0.726415
22 30 0.006289
22 31 0.235915
22 32 0.236842
22 33 0.102564
22 34 0.061785
22 35 0.090465
22 36 0.010471
22 37 0.201613
22 38 0.209150
22 39 0.552632
22 40 0.425532
22 41 0.060852
22 42 0.257576
22 43 0.181818
22 44 0.095238
22 45 0.184564
22 46 0.186047
22 47 0.021605
22 48 0.118774
22 49 0.231156
22 50 0.518987
22 51 0.180095
22 52 0.040000
22 53 0.024490
22 54 0.184739
22 55 0.165289
22 56 0.134276
22 57 0.972973
22 58 0.320652
22 59 0.964286
22 60 0.139640
22 61 0.090000
22 62 0.168776
22 63 0.861702
22 64 0.053388
22 65 0.147059
22 66 0.010526
22 67 0.030717
22 68 0.261682
22 69 0.123529
22 70 0.055556
22 71 0.092466
22 72 0.094907
22 73 0.126316
22 74 0.045340
22 75 0.038690
22 76 0.072464
22 77 0.204545
22 78 0.137339
22 79 0.066225
22 80 0.076087
22 81 0.014815
22 82 0.068493
22 83 0.147727
22 84 0.063768
22 85 0.072131
22 86 0.038961
22 87 0.031818
22 88 0.157107
22 89 0.130841
22 90 0.152542
22 91 0.392157
22 92 0.013825
22 93 0.916667
22 94 0.722222
22 95 0.108268
22 96 0.080537
22 97 0.289157
22 98 0.127232
22 99 0.152425
23 24 0.335484
23 25 0.524476
23 26 0.185714
23 27 0.111524
23 28 0.114754
23 29 0.175399
23 30 0.014184
23 31 0.203030
23 32 0.133136
23 33 0.143426
23 34 0.843750
23 35 0.948718
23 36 0.005952
23 37 0.350467
23 38 0.104918
23 39 0.105000
23 40 0.196721
23 41 0.148515
23 42 0.160377
23 43 0.151203
23 44 0.102564
23 45 0.404412
23 46 0.240343
23 47 0.052632
23 48 0.099678
23 49 0.166667
23 50 0.088745
23 51 0.684685
23 52 0.029740
23 53 0.060606
23 54 0.186992
23 55 0.112676
23 56 0.130584
23 57 0.087805
23 58 0.192810
23 59 0.059471
23 60 0.093373
23 61 0.157895
23 62 0.107817
23 63 0.184091
23 64 0.117117
23 65 0.280899
23 66 0.005988
23 67 0.033457
23 68 0.059574
23 69 0.446809
23 70 0.958333
23 71 0.163636
23 72 0.611940
23 73 0.098093
23 74 0.339623
23 75 0.109244
23 76 0.044776
23 77 0.127208
23 78 0.079404
23 79 0.967742
23 80 0.034483
23 81 0.011111
23 82 0.362319
23 83 0.148855
23 84 0.111111
23 85 0.104265
23 86 0.045802
23 87 0.032710
23 88 0.420000
23 89 0.078652
23 90 0.157205
23 91 0.099751
23 92 0.007833
23 93 0.024775
23 94 0.188953
23 95 0.214008
23 96 0.315789
23 97 0.063830
23 98 0.232653
23 99 0.266129
24 25 0.295276
24 26 0.098485
24 27 0.141509
24 28 0.062874
24 29 0.169978
24 30 0.007547
24 31 0.145969
24 32 0.101580
24 33 0.091139
24 34 0.217742
24 35 0.195767
24 36 0.004535
24 37 0.547445
24 38 0.082051
24 39 0.098361
24 40 0.175953
24 41 0.084746
24 42 0.179420
24 43 0.162362
24 44 0.070796
24 45 0.258216
24 46 0.153425
24 47 0.027027
24 48 0.112727
24 49 0.122016
24 50 0.084362
24 51 0.286792
24 52 0.021739
24 53 0.266667
24 54 0.190871
24 55 0.084388
24 56 0.090261
24 57 0.079823
24 58 0.189103
24 59 0.054326
24 60 0.069507
24 61 0.148352
24 62 0.117994
24 63 0.156977
24 64 0.069333
24 65 0.342466
24 66 0.004556
24 67 0.039648
24 68 0.057732
24 69 0.221053
24 70 0.157534
24 71 0.095745
24 72 0.185520
24 73 0.072874
24 74 0.137405
24 75 0.052419
24 76 0.033784
24 77 0.116883
24 78 0.086486
24 79 0.169492
24 80 0.027559
24 81 0.012739
24 82 0.138889
24 83 0.101299
24 84 0.147651
24 85 0.064140
24 86 0.056604
24 87 0.025090
24 88 0.768293
24 89 0.083582
24 90 0.146341
24 91 0.083160
24 92 0.006061
24 93 0.022403
24 94 0.163317
24 95 0.518868
24 96 0.765957
24 97 0.058824
24 98 0.142857
24 99 0.519685
25 26 0.962963
25 27 0.122449
25 28 0.153285
25 29 0.235474
25 30 0.068966
25 31 0.323671
25 32 0.228426
25 33 0.225000
25 34 0.170886
25 35 0.330357
25 36 0.010256
25 37 0.327511
25 38 0.196319
25 39 0.149466
25 40 0.315789
25 41 0.136364
25 42 0.189944
25 43 0.193833
25 44 0.154589
25 45 0.982143
25 46 0.478632
25 47 0.233333
25 48 0.121094
25 49 0.343284
25 50 0.120235
25 51 0.593750
25 52 0.062992
25 53 0.042105
25 54 0.252747
25 55 0.180995
25 56 0.224852
25 57 0.127208
25 58 0.275701
25 59 0.083333
25 60 0.158974
25 61 0.203008
25 62 0.132013
25 63 0.271812
25 64 0.115556
25 65 0.282486
25 66 0.010363
25 67 0.038793
25 68 0.078873
25 69 0.656250
25 70 0.176923
25 71 0.931034
25 72 0.310606
25 73 0.148760
25 74 0.140625
25 75 0.342105
25 76 0.076923
25 77 0.198895
25 78 0.096970
25 79 0.191083
25 80 0.052830
25 81 0.013115
25 82 0.312500
25 83 0.295455
25 84 0.111111
25 85 0.229167
25 86 0.051282
25 87 0.075269
25 88 0.316583
25 89 0.100000
25 90 0.240000
25 91 0.154440
25 92 0.012245
25 93 0.035256
25 94 0.306604
25 95 0.165663
25 96 0.173077
25 97 0.093750
25 98 0.268868
25 99 0.228374
26 27 0.111111
26 28 0.189189
26 29 0.220000
26 30 0.666667
26 31 0.340102
26 32 0.226131
26 33 0.258993
26 34 0.169811
26 35 0.355769
26 36 0.010152
26 37 0.300000
26 38 0.182857
26 39 0.139073
26 40 0.281690
26 41 0.154639
26 42 0.177083
26 43 0.173228
26 44 0.167539
26 45 0.696203
26 46 0.549020
26 47 0.875000
26 48 0.109929
26 49 0.328571
26 50 0.113260
26 51 0.716981
26 52 0.059701
26 53 0.040268
26 54 0.220096
26 55 0.184332
26 56 0.240506
26 57 0.118812
26 58 0.245833
26 59 0.078947
26 60 0.160622
26 61 0.171975
26 62 0.121581
26 63 0.262136
26 64 0.131313
26 65 0.251256
26 66 0.010204
26 67 0.034884
26 68 0.074271
26 69 0.552632
26 70 0.175573
26 71 0.964286
26 72 0.350427
26 73 0.154506
26 74 0.134328
26 75 0.619048
26 76 0.076531
26 77 0.174757
26 78 0.089888
26 79 0.201342
26 80 0.052434
26 81 0.012085
26 82 0.294118
26 83 0.312000
26 84 0.099548
26 85 0.275000
26 86 0.046332
26 87 0.059322
26 88 0.291667
26 89 0.091503
26 90 0.204545
26 91 0.148699
26 92 0.012295
26 93 0.033435
26 94 0.281385
26 95 0.158046
26 96 0.165138
26 97 0.086331
26 98 0.306452
26 99 0.214286
27 28 0.055409
27 29 0.296154
27 30 0.007353
27 31 0.160287
27 32 0.125000
27 33 0.089776
27 34 0.108000
27 35 0.134058
27 36 0.005571
27 37 0.986842
27 38 0.110727
27 39 0.169355
27 40 0.319149
27 41 0.067416
27 42 0.404762
27 43 0.578947
27 44 0.073227
27 45 0.287958
27 46 0.159544
27 47 0.025926
27 48 0.462687
27 49 0.152318
27 50 0.137584
27 51 0.221574
27 52 0.027211
27 53 0.059701
27 54 0.560976
27 55 0.097561
27 56 0.098191
27 57 0.128114
27 58 0.440299
27 59 0.083333
27 60 0.082011
27 61 0.234783
27 62 0.312500
27 63 0.213158
27 64 0.056893
27 65 0.549451
27 66 0.005602
27 67 0.360000
27 68 0.096552
27 69 0.197183
27 70 0.093496
27 71 0.100746
27 72 0.129338
27 73 0.080899
27 74 0.082949
27 75 0.048327
27 76 0.040650
27 77 0.236842
27 78 0.201258
27 79 0.100000
27 80 0.034063
27 81 0.039216
27 82 0.108696
27 83 0.112392
27 84 0.301370
27 85 0.065868
27 86 0.923077
27 87 0.036458
27 88 0.450000
27 89 0.217054
27 90 0.310345
27 91 0.112676
27 92 0.007229
27 93 0.033951
27 94 0.255906
27 95 0.276382
27 96 0.178218
27 97 0.102128
27 98 0.125551
27 99 0.545455
28 29 0.173034
28 30 0.018349
28 31 0.368132
28 32 0.192308
28 33 0.444444
28 34 0.127358
28 35 0.253425
28 36 0.008621
28 37 0.213675
28 38 0.131687
28 39 0.106329
28 40 0.191693
28 41 0.303030
28 42 0.137652
28 43 0.120879
28 44 0.220690
28 45 0.292553
28 46 0.554455
28 47 0.064220
28 48 0.078880
28 49 0.233503
28 50 0.090909
28 51 0.987013
28 52 0.040816
28 53 0.032086
28 54 0.144201
28 55 0.180180
28 56 0.253333
28 57 0.092784
28 58 0.170029
28 59 0.063981
28 60 0.145540
28 61 0.102273
28 62 0.091324
28 63 0.223140
28 64 0.276596
28 65 0.165563
28 66 0.008658
28 67 0.024457
28 68 0.059701
28 69 0.245614
28 70 0.122340
28 71 0.219512
28 72 0.336066
28 73 0.166667
28 74 0.086957
28 75 0.118182
28 76 0.067568
28 77 0.115385
28 78 0.068817
28 79 0.175439
28 80 0.047619
28 81 0.009070
28 82 0.151515
28 83 0.274648
28 84 0.067901
28 85 0.241758
28 86 0.032609
28 87 0.031390
28 88 0.205882
28 89 0.067470
28 90 0.125874
28 91 0.123457
28 92 0.011628
28 93 0.027027
28 94 0.205696
28 95 0.127907
28 96 0.124567
28 97 0.064690
28 98 0.750000
28 99 0.163366
29 30 0.005698
29 31 0.182561
29 32 0.163636
29 33 0.086331
29 34 0.061927
29 35 0.087470
29 36 0.007246
29 37 0.229358
29 38 0.146789
29 39 0.807692
29 40 0.434783
29 41 0.055659
29 42 0.412121
29 43 0.235294
29 44 0.077108
29 45 0.179739
29 46 0.154696
29 47 0.019718
29 48 0.158974
29 49 0.174905
29 50 0.976190
29 51 0.167033
29 52 0.030769
29 53 0.026549
29 54 0.215962
29 55 0.120482
29 56 0.106145
29 57 0.455696
29 58 0.415493
29 59 0.290323
29 60 0.101307
29 61 0.095745
29 62 0.264901
29 63 0.407035
29 64 0.048327
29 65 0.162338
29 66 0.007299
29 67 0.037975
29 68 0.848485
29 69 0.120344
29 70 0.055156
29 71 0.082317
29 72 0.090308
29 73 0.096000
29 74 0.045570
29 75 0.035714
29 76 0.051370
29 77 0.229299
29 78 0.231884
29 79 0.064655
29 80 0.049470
29 81 0.021390
29 82 0.066845
29 83 0.117825
29 84 0.071895
29 85 0.061111
29 86 0.047244
29 87 0.029787
29 88 0.169811
29 89 0.205882
29 90 0.167442
29 91 0.199005
29 92 0.009615
29 93 0.106796
29 94 0.481481
29 95 0.120087
29 96 0.084309
29 97 0.324324
29 98 0.112205
29 99 0.173684
30 31 0.343590
30 32 0.226131
30 33 0.262774
30 34 0.167702
30 35 0.352381
30 36 0.010152
30 37 0.297619
30 38 0.182857
30 39 0.138614
30 40 0.280374
30 41 0.155440
30 42 0.176166
30 43 0.172549
30 44 0.169312
30 45 0.679012
30 46 0.560000
30 47 0.875000
30 48 0.109155
30 49 0.328571
30 50 0.112948
30 51 0.723810
30 52 0.059701
30 53 0.040000
30 54 0.219048
30 55 0.185185
30 56 0.243590
30 57 0.118812
30 58 0.243802
30 59 0.078717
30 60 0.161458
30 61 0.169811
30 62 0.120846
30 63 0.262136
30 64 0.131980
30 65 0.248756
30 66 0.010256
30 67 0.034615
30 68 0.074074
30 69 0.538462
30 70 0.174242
30 71 0.964286
30 72 0.350427
30 73 0.155844
30 74 0.132353
30 75 0.590909
30 76 0.076923
30 77 0.173077
30 78 0.089385
30 79 0.201342
30 80 0.052632
30 81 0.012012
30 82 0.290698
30 83 0.317073
30 84 0.098655
30 85 0.278481
30 86 0.045977
30 87 0.058824
30 88 0.290323
30 89 0.090909
30 90 0.202247
30 91 0.148699
30 92 0.012346
30 93 0.033333
30 94 0.280172
30 95 0.157143
30 96 0.164384
30 97 0.086022
30 98 0.309783
30 99 0.212903
31 32 0.478723
31 33 0.346154
31 34 0.076271
31 35 0.126712
31 36 0.021505
31 37 0.177305
31 38 0.206452
31 39 0.132492
31 40 0.221402
31 41 0.111940
31 42 0.143763
31 43 0.118598
31 44 0.561404
31 45 0.215686
31 46 0.571429
31 47 0.034653
31 48 0.077114
31 49 0.380165
31 50 0.114846
31 51 0.305221
31 52 0.062500
31 53 0.024440
31 54 0.136095
31 55 0.833333
31 56 0.974359
31 57 0.122867
31 58 0.179878
31 59 0.086817
31 60 0.500000
31 61 0.083851
31 62 0.094563
31 63 0.369863
31 64 0.103586
31 65 0.134409
31 66 0.021277
31 67 0.022613
31 68 0.073298
31 69 0.155556
31 70 0.070769
31 71 0.151685
31 72 0.143357
31 73 0.972973
31 74 0.054381
31 75 0.060465
31 76 0.194805
31 77 0.123711
31 78 0.072727
31 79 0.090634
31 80 0.110236
31 81 0.009070
31 82 0.088968
31 83 0.513158
31 84 0.056266
31 85 0.183333
31 86 0.029557
31 87 0.030973
31 88 0.155941
31 89 0.070707
31 90 0.118812
31 91 0.212766
31 92 0.034884
31 93 0.037415
31 94 0.275424
31 95 0.102421
31 96 0.087167
31 97 0.080268
31 98 0.287879
31 99 0.135246
32 33 0.209302
32 34 0.076056
32 35 0.122112
32 36 0.666667
32 37 0.197368
32 38 0.438356
32 39 0.186667
32 40 0.312500
32 41 0.090909
32 42 0.173913
32 43 0.145695
32 44 0.217687
32 45 0.239130
32 46 0.421053
32 47 0.033981
32 48 0.093373
32 49 0.696970
32 50 0.155303
32 51 0.267606
32 52 0.106667
32 53 0.025641
32 54 0.165468
32 55 0.677966
32 56 0.391753
32 57 0.180905
32 58 0.234127
32 59 0.124424
32 60 0.939394
32 61 0.096085
32 62 0.115942
32 63 0.609023
32 64 0.081761
32 65 0.151057
32 66 0.500000
32 67 0.026706
32 68 0.096886
32 69 0.162791
32 70 0.070336
32 71 0.156069
32 72 0.132258
32 73 0.352941
32 74 0.055728
32 75 0.059091
32 76 0.833333
32 77 0.165138
32 78 0.089636
32 79 0.086455
32 80 0.202899
32 81 0.010929
32 82 0.090253
32 83 0.423913
32 84 0.063401
32 85 0.149660
32 86 0.034483
32 87 0.039773
32 88 0.168000
32 89 0.088328
32 90 0.146939
32 91 0.408163
32 92 0.053571
32 93 0.055000
32 94 0.445205
32 95 0.108696
32 96 0.090226
32 97 0.115385
32 98 0.210332
32 99 0.147982
33 34 0.097122
33 35 0.174528
33 36 0.011765
33 37 0.193299
33 38 0.159204
33 39 0.114754
33 40 0.202020
33 41 0.181818
33 42 0.138211
33 43 0.118280
33 44 0.492308
33 45 0.255814
33 46 0.982456
33 47 0.049296
33 48 0.077114
33 49 0.296774
33 50 0.098558
33 51 0.490323
33 52 0.050955
33 53 0.027778
33 54 0.138973
33 55 0.270270
33 56 0.493506
33 57 0.102564
33 58 0.172515
33 59 0.071240
33 60 0.213793
33 61 0.092466
33 62 0.091324
33 63 0.266447
33 64 0.174497
33 65 0.148810
33 66 0.011765
33 67 0.023316
33 68 0.063927
33 69 0.196262
33 70 0.091270
33 71 0.200000
33 72 0.208122
33 73 0.264706
33 74 0.068182
33 75 0.086667
33 76 0.095541
33 77 0.118033
33 78 0.069565
33 79 0.122449
33 80 0.062500
33 81 0.008929
33 82 0.115207
33 83 0.443182
33 84 0.061453
33 85 0.318841
33 86 0.030769
33 87 0.031674
33 88 0.177966
33 89 0.067961
33 90 0.122034
33 91 0.149254
33 92 0.016216
33 93 0.030387
33 94 0.229682
33 95 0.113636
33 96 0.103152
33 97 0.069767
33 98 0.570000
33 99 0.147651
34 35 0.544118
34 36 0.005666
34 37 0.396825
34 38 0.101266
34 39 0.105263
34 40 0.196721
34 41 0.128755
34 42 0.166259
34 43 0.157706
34 44 0.094395
34 45 0.392857
34 46 0.218750
34 47 0.045752
34 48 0.104730
34 49 0.158076
34 50 0.088937
34 51 0.535211
34 52 0.028169
34 53 0.072289
34 54 0.194915
34 55 0.106383
34 56 0.120635
34 57 0.087167
34 58 0.197324
34 59 0.058952
34 60 0.088319
34 61 0.168750
34 62 0.111732
34 63 0.179601
34 64 0.102767
34 65 0.314465
34 66 0.005698
34 67 0.035714
34 68 0.059957
34 69 0.415842
34 70 0.793103
34 71 0.147541
34 72 0.418367
34 73 0.092308
34 74 0.439024
34 75 0.092857
34 76 0.042493
34 77 0.128571
34 78 0.082051
34 79 0.517241
34 80 0.033097
34 81 0.011628
34 82 0.316456
34 83 0.137809
34 84 0.124294
34 85 0.093617
34 86 0.049383
34 87 0.032110
34 88 0.508065
34 89 0.081159
34 90 0.162162
34 91 0.097087
34 92 0.007463
34 93 0.024554
34 94 0.186782
34 95 0.243363
34 96 0.433735
34 97 0.063830
34 98 0.206522
34 99 0.301370
35 36 0.006645
35 37 0.327511
35 38 0.116788
35 39 0.110236
35 40 0.209059
35 41 0.169492
35 42 0.161137
35 43 0.152778
35 44 0.117216
35 45 0.466102
35 46 0.288660
35 47 0.072165
35 48 0.099678
35 49 0.189300
35 50 0.092551
35 51 0.962025
35 52 0.033755
35 53 0.051948
35 54 0.190083
35 55 0.126183
35 56 0.150198
35 57 0.092545
35 58 0.200000
35 59 0.062500
35 60 0.104730
35 61 0.159763
35 62 0.108401
35 63 0.197561
35 64 0.134021
35 65 0.265957
35 66 0.006689
35 67 0.032967
35 68 0.061810
35 69 0.552632
35 70 0.522727
35 71 0.206107
35 72 0.976190
35 73 0.109756
35 74 0.264706
35 75 0.156627
35 76 0.050167
35 77 0.133829
35 78 0.080201
35 79 0.652174
35 80 0.037736
35 81 0.011080
35 82 0.480769
35 83 0.173333
35 84 0.105263
35 85 0.127168
35 86 0.044944
35 87 0.036458
35 88 0.366279
35 89 0.079772
35 90 0.163636
35 91 0.108108
35 92 0.008671
35 93 0.026190
35 94 0.203125
35 95 0.190972
35 96 0.248276
35 97 0.067227
35 98 0.270142
35 99 0.243542
36 37 0.197889
36 38 0.438356
36 39 0.185841
36 40 0.312500
36 41 0.091463
36 42 0.173469
36 43 0.145695
36 44 0.220690
36 45 0.241228
36 46 0.427481
36 47 0.034314
36 48 0.093373
36 49 0.707692
36 50 0.154717
36 51 0.269504
36 52 0.109589
36 53 0.025751
36 54 0.166065
36 55 0.689655
36 56 0.400000
36 57 0.180000
36 58 0.234127
36 59 0.123288
36 60 0.968750
36 61 0.096429
36 62 0.115942
36 63 0.600000
36 64 0.082278
36 65 0.151515
36 66 0.666667
36 67 0.026706
36 68 0.096552
36 69 0.163424
36 70 0.070769
36 71 0.156977
36 72 0.133117
36 73 0.356436
36 74 0.055901
36 75 0.059633
36 76 0.882353
36 77 0.165138
36 78 0.089385
36 79 0.086957
36 80 0.200000
36 81 0.010929
36 82 0.090909
36 83 0.433333
36 84 0.063584
36 85 0.151724
36 86 0.034582
36 87 0.040000
36 88 0.168449
36 89 0.088328
36 90 0.147541
36 91 0.404040
36 92 0.052632
36 93 0.054455
36 94 0.442177
36 95 0.108911
36 96 0.090680
36 97 0.114833
36 98 0.211896
36 99 0.148315
37 38 0.101587
37 39 0.135922
37 40 0.256410
37 41 0.074074
37 42 0.279835
37 43 0.312057
37 44 0.073903
37 45 0.316092
37 46 0.162791
37 47 0.028112
37 48 0.219858
37 49 0.145110
37 50 0.112948
37 51 0.250825
37 52 0.025890
37 53 0.094488
37 54 0.373984
37 55 0.094340
37 56 0.097686
37 57 0.106509
37 58 0.308901
37 59 0.070496
37 60 0.078880
37 61 0.264706
37 62 0.197044
37 63 0.191489
37 64 0.062053
37 65 0.943396
37 66 0.005305
37 67 0.096774
37 68 0.078212
37 69 0.232044
37 70 0.119792
37 71 0.105469
37 72 0.151852
37 73 0.079121
37 74 0.110429
37 75 0.053279
37 76 0.038760
37 77 0.181818
37 78 0.136752
37 79 0.122951
37 80 0.031891
37 81 0.022599
37 82 0.131579
37 83 0.111748
37 84 0.647059
37 85 0.067901
37 86 0.155844
37 87 0.034146
37 88 0.913043
37 89 0.138614
37 90 0.250000
37 91 0.101781
37 92 0.006881
37 93 0.028947
37 94 0.218121
37 95 0.401460
37 96 0.276923
37 97 0.082192
37 98 0.133803
37 99 0.985075
38 39 0.251497
38 40 0.500000
38 41 0.087977
38 42 0.211838
38 43 0.192140
38 44 0.161616
38 45 0.305556
38 46 0.375839
38 47 0.038462
38 48 0.119691
38 49 0.978723
38 50 0.189815
38 51 0.277372
38 52 0.170213
38 53 0.029197
38 54 0.222222
38 55 0.307692
38 56 0.269504
38 57 0.240000
38 58 0.329609
38 59 0.150000
38 60 0.313131
38 61 0.123853
38 62 0.146520
38 63 0.595588
38 64 0.077844
38 65 0.186567
38 66 0.028169
38 67 0.033835
38 68 0.118143
38 69 0.194444
38 70 0.079585
38 71 0.182432
38 72 0.140893
38 73 0.210526
38 74 0.064057
38 75 0.066667
38 76 0.172414
38 77 0.248276
38 78 0.111498
38 79 0.093750
38 80 0.112000
38 81 0.013652
38 82 0.105042
38 83 0.342105
38 84 0.078014
38 85 0.144737
38 86 0.043321
38 87 0.061947
38 88 0.198738
38 89 0.114286
38 90 0.205714
38 91 0.412371
38 92 0.023622
38 93 0.066667
38 94 0.773810
38 95 0.123596
38 96 0.103448
38 97 0.164384
38 98 0.191919
38 99 0.173228
39 40 0.631579
39 41 0.061224
39 42 0.357895
39 43 0.254335
39 44 0.088154
39 45 0.207547
39 46 0.180064
39 47 0.022727
39 48 0.164021
39 49 0.218009
39 50 0.650794
39 51 0.186275
39 52 0.038278
39 53 0.027778
39 54 0.244681
39 55 0.141844
39 56 0.123779
39 57 0.900000
39 58 0.500000
39 59 0.350649
39 60 0.121094
39 61 0.108000
39 62 0.248447
39 63 0.496933
39 64 0.053279
39 65 0.176678
39 66 0.008929
39 67 0.040179
39 68 0.373333
39 69 0.136364
39 70 0.060686
39 71 0.096429
39 72 0.100000
39 73 0.110429
39 74 0.050139
39 75 0.040881
39 76 0.061983
39 77 0.295082
39 78 0.202532
39 79 0.070922
39 80 0.058824
39 81 0.020513
39 82 0.075075
39 83 0.139286
39 84 0.077465
39 85 0.071197
39 86 0.049793
39 87 0.036842
39 88 0.182609
39 89 0.202899
39 90 0.196721
39 91 0.253165
39 92 0.011321
39 93 0.139241
39 94 0.773810
39 95 0.123874
39 96 0.090680
39 97 0.960000
39 98 0.124726
39 99 0.179837
40 41 0.074074
40 42 0.334975
40 43 0.372881
40 44 0.103896
40 45 0.323529
40 46 0.233333
40 47 0.031963
40 48 0.213793
40 49 0.302632
40 50 0.261146
40 51 0.238994
40 52 0.054422
40 53 0.034286
40 54 0.410714
40 55 0.160643
40 56 0.151394
40 57 0.324324
40 58 0.951613
40 59 0.171975
40 60 0.142202
40 61 0.168750
40 62 0.259740
40 63 0.419689
40 64 0.064039
40 65 0.251256
40 66 0.010526
40 67 0.055215
40 68 0.167665
40 69 0.197183
40 70 0.080986
40 71 0.139896
40 72 0.129338
40 73 0.124138
40 74 0.068182
40 75 0.057269
40 76 0.072816
40 77 0.972973
40 78 0.189349
40 79 0.091185
40 80 0.060606
40 81 0.022857
40 82 0.104603
40 83 0.179724
40 84 0.107317
40 85 0.094017
40 86 0.067797
40 87 0.071429
40 88 0.242308
40 89 0.222222
40 90 0.378947
40 91 0.238095
40 92 0.012346
40 93 0.072848
40 94 0.984848
40 95 0.148649
40 96 0.117264
40 97 0.333333
40 98 0.150000
40 99 0.222222
41 42 0.118056
41 43 0.099323
41 44 0.145455
41 45 0.209924
41 46 0.284264
41 47 0.036842
41 48 0.065957
41 49 0.155405
41 50 0.074818
41 51 0.737864
41 52 0.027211
41 53 0.030151
41 54 0.116162
41 55 0.128205
41 56 0.158333
41 57 0.074227
41 58 0.135945
41 59 0.051923
41 60 0.101307
41 61 0.081325
41 62 0.076923
41 63 0.176087
41 64 0.962963
41 65 0.138889
41 66 0.006116
41 67 0.020548
41 68 0.049558
41 69 0.180258
41 70 0.105505
41 71 0.126761
41 72 0.299270
41 73 0.120805
41 74 0.073770
41 75 0.070270
41 76 0.047319
41 77 0.090000
41 78 0.058394
41 79 0.168539
41 80 0.036176
41 81 0.007707
41 82 0.115207
41 83 0.163180
41 84 0.057592
41 85 0.115789
41 86 0.027586
41 87 0.022508
41 88 0.181034
41 89 0.056225
41 90 0.098093
41 91 0.094787
41 92 0.008596
41 93 0.021782
41 94 0.157385
41 95 0.120087
41 96 0.114286
41 97 0.051392
41 98 0.703704
41 99 0.147651
42 43 0.325926
42 44 0.062745
42 45 0.174603
42 46 0.128440
42 47 0.018088
42 48 0.274336
42 49 0.129577
42 50 0.199029
42 51 0.159329
42 52 0.022923
42 53 0.032967
42 54 0.252747
42 55 0.089087
42 56 0.083885
42 57 0.157205
42 58 0.390728
42 59 0.105469
42 60 0.073986
42 61 0.106299
42 62 0.714286
42 63 0.230114
42 64 0.044674
42 65 0.198413
42 66 0.005128
42 67 0.056962
42 68 0.151351
42 69 0.120000
42 70 0.057500
42 71 0.072581
42 72 0.088937
42 73 0.073320
42 74 0.048387
42 75 0.033248
42 76 0.036946
42 77 0.191489
42 78 0.914286
42 79 0.066225
42 80 0.033333
42 81 0.059701
42 82 0.067204
42 83 0.093525
42 84 0.092050
42 85 0.051643
42 86 0.070175
42 87 0.025547
42 88 0.205212
42 89 0.345679
42 90 0.171429
42 91 0.116618
42 92 0.006818
42 93 0.041667
42 94 0.261044
42 95 0.157143
42 96 0.097561
42 97 0.123077
42 98 0.100707
42 99 0.241758
43 44 0.080402
43 45 0.302198
43 46 0.176656
43 47 0.027344
43 48 0.968750
43 49 0.183267
43 50 0.183036
43 51 0.221574
43 52 0.032787
43 53 0.044944
43 54 0.978723
43 55 0.112360
43 56 0.110465
43 57 0.174757
43 58 0.983333
43 59 0.108434
43 60 0.095679
43 61 0.223140
43 62 0.493827
43 63 0.262987
43 64 0.057778
43 65 0.387597
43 66 0.006667
43 67 0.173077
43 68 0.128440
43 69 0.194444
43 70 0.085821
43 71 0.110656
43 72 0.125382
43 73 0.091139
43 74 0.075000
43 75 0.050193
43 76 0.047771
43 77 0.418605
43 78 0.285714
43 79 0.093750
43 80 0.040230
43 81 0.051282
43 82 0.105042
43 83 0.127869
43 84 0.178862
43 85 0.072368
43 86 0.173913
43 87 0.046358
43 88 0.329843
43 89 0.417910
43 90 0.461538
43 91 0.140351
43 92 0.008427
43 93 0.044355
43 94 0.355191
43 95 0.201465
43 96 0.144000
43 97 0.150000
43 98 0.130137
43 99 0.338462
44 45 0.211538
44 46 0.615385
44 47 0.035897
44 48 0.072261
44 49 0.292994
44 50 0.100490
44 51 0.347032
44 52 0.049383
44 53 0.024590
44 54 0.127072
44 55 0.380952
44 56 0.655172
44 57 0.105263
44 58 0.163435
44 59 0.074380
44 60 0.269565
44 61 0.081081
44 62 0.087336
44 63 0.294545
44 64 0.129353
44 65 0.131234
44 66 0.013699
44 67 0.021429
44 68 0.064965
44 69 0.157895
44 70 0.073955
44 71 0.150838
44 72 0.157692
44 73 0.450000
44 74 0.055901
44 75 0.063415
44 76 0.115385
44 77 0.111455
44 78 0.067086
44 79 0.097403
44 80 0.076503
44 81 0.008475
44 82 0.091575
44 83 0.414894
44 84 0.054726
44 85 0.198198
44 86 0.028235
44 87 0.028112
44 88 0.155556
44 89 0.065116
44 90 0.110429
44 91 0.164609
44 92 0.021127
44 93 0.031792
44 94 0.231317
44 95 0.102230
44 96 0.088670
44 97 0.069767
44 98 0.390411
44 99 0.133333
45 46 0.329412
45 47 0.087500
45 48 0.149038
45 49 0.280488
45 50 0.125382
45 51 0.466258
45 52 0.051282
45 53 0.050000
45 54 0.340741
45 55 0.152091
45 56 0.174312
45 57 0.130909
45 58 0.329609
45 59 0.084639
45 60 0.132479
45 61 0.346154
45 62 0.153846
45 63 0.258786
45 64 0.096296
45 65 0.409836
45 66 0.008850
45 67 0.050000
45 68 0.083333
45 69 0.976744
45 70 0.196581
45 71 0.329268
45 72 0.271523
45 73 0.125000
45 74 0.176471
45 75 0.164557
45 76 0.064655
45 77 0.236842
45 78 0.110727
45 79 0.188679
45 80 0.047297
45 81 0.015504
45 82 0.362319
45 83 0.217877
45 84 0.153846
45 85 0.146667
45 86 0.066667
45 87 0.088608
45 88 0.420000
45 89 0.116667
45 90 0.336449
45 91 0.145455
45 92 0.010638
45 93 0.035599
45 94 0.311005
45 95 0.194346
45 96 0.211765
45 97 0.099585
45 98 0.216730
45 99 0.280851
46 47 0.065421
46 48 0.089080
46 49 0.446602
46 50 0.112637
46 51 0.487179
46 52 0.077670
46 53 0.030075
46 54 0.166065
46 55 0.312500
46 56 0.633333
46 57 0.120805
46 58 0.206294
46 59 0.082067
46 60 0.271930
46 61 0.110656
46 62 0.104712
46 63 0.307985
46 64 0.138298
46 65 0.171821
46 66 0.015267
46 67 0.026946
46 68 0.072917
46 69 0.237288
46 70 0.100877
46 71 0.303371
46 72 0.215789
46 73 0.266667
46 74 0.076596
46 75 0.109244
46 76 0.121951
46 77 0.144578
46 78 0.079208
46 79 0.128205
46 80 0.071795
46 81 0.010178
46 82 0.134409
46 83 0.928571
46 84 0.070513
46 85 0.956522
46 86 0.035398
46 87 0.042169
46 88 0.200000
46 89 0.078652
46 90 0.148760
46 91 0.177778
46 92 0.018519
46 93 0.035144
46 94 0.283843
46 95 0.122768
46 96 0.112853
46 97 0.083045
46 98 0.385135
46 99 0.162963
47 48 0.109155
47 49 0.312925
47 50 0.111413
47 51 0.760000
47 52 0.056738
47 53 0.040816
47 54 0.218009
47 55 0.179372
47 56 0.233129
47 57 0.116505
47 58 0.241803
47 59 0.077364
47 60 0.155000
47 61 0.171975
47 62 0.120482
47 63 0.256329
47 64 0.133333
47 65 0.252525
47 66 0.009852
47 67 0.034749
47 68 0.073107
47 69 0.575342
47 70 0.184000
47 71 0.771429
47 72 0.372727
47 73 0.151261
47 74 0.139535
47 75 0.928571
47 76 0.074257
47 77 0.170616
47 78 0.089136
47 79 0.211268
47 80 0.051095
47 81 0.012012
47 82 0.312500
47 83 0.297710
47 84 0.100000
47 85 0.258824
47 86 0.046332
47 87 0.057377
47 88 0.297170
47 89 0.090615
47 90 0.201117
47 91 0.144928
47 92 0.012000
47 93 0.032738
47 94 0.274262
47 95 0.159884
47 96 0.169014
47 97 0.084507
47 98 0.308108
47 99 0.215686
48 49 0.163121
48 50 0.175214
48 51 0.205962
48 52 0.029091
48 53 0.044944
48 54 0.621622
48 55 0.103627
48 56 0.101333
48 57 0.160714
48 58 0.694118
48 59 0.101887
48 60 0.087324
48 61 0.188811
48 62 0.625000
48 63 0.243976
48 64 0.054393
48 65 0.354610
48 66 0.006061
48 67 0.183673
48 68 0.124444
48 69 0.175000
48 70 0.080139
48 71 0.098540
48 72 0.117143
48 73 0.084706
48 74 0.069498
48 75 0.045455
48 76 0.043605
48 77 0.313043
48 78 0.329897
48 79 0.087977
48 80 0.037234
48 81 0.080000
48 82 0.095785
48 83 0.116071
48 84 0.170543
48 85 0.065868
48 86 0.184615
48 87 0.038462
48 88 0.318182
48 89 0.451613
48 90 0.333333
48 91 0.128617
48 92 0.007772
48 93 0.041353
48 94 0.311005
48 95 0.207547
48 96 0.138462
48 97 0.134078
48 98 0.122056
48 99 0.352941
49 50 0.156489
49 51 0.324786
49 52 0.888889
49 53 0.029851
49 54 0.208145
49 55 0.370370
49 56 0.380000
49 57 0.183673
49 58 0.283654
49 59 0.119469
49 60 0.402597
49 61 0.124424
49 62 0.131579
49 63 0.470930
49 64 0.089965
49 65 0.187266
49 66 0.031746
49 67 0.032028
49 68 0.098940
49 69 0.216495
49 70 0.087121
49 71 0.238938
49 72 0.160784
49 73 0.250000
49 74 0.069498
49 75 0.080745
49 76 0.214286
49 77 0.210526
49 78 0.099688
49 79 0.104167
49 80 0.105263
49 81 0.012461
49 82 0.117371
49 83 0.565217
49 84 0.077465
49 85 0.205607
49 86 0.041379
49 87 0.061947
49 88 0.203226
49 89 0.101449
49 90 0.192513
49 91 0.303030
49 92 0.025000
49 93 0.052133
49 94 0.507812
49 95 0.124717
49 96 0.108108
49 97 0.126316
49 98 0.228000
49 99 0.172324
50 51 0.162393
50 52 0.030651
50 53 0.024590
50 54 0.187755
50 55 0.125786
50 56 0.107649
50 57 0.545455
50 58 0.339080
50 59 0.457627
50 60 0.104730
50 61 0.086817
50 62 0.207254
50 63 0.473684
50 64 0.047706
50 65 0.146628
50 66 0.007576
50 67 0.032727
50 68 0.965517
50 69 0.113514
50 70 0.052154
50 71 0.079646
50 72 0.087049
50 73 0.099448
50 74 0.042857
50 75 0.034392
50 76 0.053381
50 77 0.196721
50 78 0.177778
50 79 0.061728
50 80 0.053435
50 81 0.017467
50 82 0.063291
50 83 0.118541
50 84 0.064516
50 85 0.060440
50 86 0.041096
50 87 0.027778
50 88 0.155941
50 89 0.159091
50 90 0.147541
50 91 0.222222
50 92 0.010169
50 93 0.150685
50 94 0.477941
50 95 0.110887
50 96 0.078775
50 97 0.279070
50 98 0.111765
50 99 0.157895
51 52 0.034783
51 53 0.038961
51 54 0.154882
51 55 0.140845
51 56 0.178404
51 57 0.088235
51 58 0.174041
51 59 0.060403
51 60 0.115242
51 61 0.117391
51 62 0.094787
51 63 0.200000
51 64 0.222222
51 65 0.193798
51 66 0.007117
51 67 0.026706
51 68 0.058091
51 69 0.320611
51 70 0.188525
51 71 0.207692
51 72 0.891304
51 73 0.126316
51 74 0.123288
51 75 0.142857
51 76 0.054545
51 77 0.116883
51 78 0.070953
51 79 0.312500
51 80 0.040115
51 81 0.009547
51 82 0.217391
51 83 0.200000
51 84 0.078571
51 85 0.158273
51 86 0.036036
51 87 0.031674
51 88 0.253012
51 89 0.069652
51 90 0.133829
51 91 0.109589
51 92 0.009434
51 93 0.025404
51 94 0.193452
51 95 0.150273
51 96 0.161435
51 97 0.062500
51 98 0.425373
51 99 0.189655
52 53 0.030457
52 54 0.215962
52 55 0.341880
52 56 0.361905
52 57 0.184615
52 58 0.293532
52 59 0.118943
52 60 0.364706
52 61 0.129808
52 62 0.134228
52 63 0.457627
52 64 0.090592
52 65 0.193050
52 66 0.028169
52 67 0.032967
52 68 0.099644
52 69 0.225806
52 70 0.089844
52 71 0.252336
52 72 0.164659
52 73 0.236842
52 74 0.071713
52 75 0.083871
52 76 0.189873
52 77 0.219512
52 78 0.101266
52 79 0.106383
52 80 0.099291
52 81 0.012739
52 82 0.121359
52 83 0.541667
52 84 0.080000
52 85 0.209524
52 86 0.042553
52 87 0.066667
52 88 0.209302
52 89 0.103704
52 90 0.201117
52 91 0.291971
52 92 0.023256
52 93 0.051887
52 94 0.515873
52 95 0.127315
52 96 0.110769
52 97 0.128342
52 98 0.228000
52 99 0.176000
53 54 0.188525
53 55 0.079523
53 56 0.083885
53 57 0.078603
53 58 0.187302
53 59 0.053571
53 60 0.065401
53 61 0.137755
53 62 0.121951
53 63 0.152256
53 64 0.062201
53 65 0.331126
53 66 0.004310
53 67 0.041096
53 68 0.057851
53 69 0.188341
53 70 0.122995
53 71 0.085987
53 72 0.155303
53 73 0.068441
53 74 0.106509
53 75 0.045936
53 76 0.031847
53 77 0.114286
53 78 0.089136
53 79 0.135747
53 80 0.026316
53 81 0.013333
53 82 0.115741
53 83 0.093750
53 84 0.148649
53 85 0.058201
53 86 0.059113
53 87 0.023490
53 88 0.670213
53 89 0.085366
53 90 0.140625
53 91 0.080160
53 92 0.005758
53 93 0.022044
53 94 0.158151
53 95 0.901639
53 96 0.418605
53 97 0.058111
53 98 0.129252
53 99 0.680412
54 55 0.121581
54 56 0.122977
54 57 0.167442
54 58 0.819444
54 59 0.103448
54 60 0.104377
54 61 0.350649
54 62 0.314961
54 63 0.267327
54 64 0.064356
54 65 0.520833
54 66 0.007273
54 67 0.150000
54 68 0.114286
54 69 0.248521
54 70 0.103139
54 71 0.134328
54 72 0.146429
54 73 0.098630
54 74 0.091837
54 75 0.061321
54 76 0.052083
54 77 0.473684
54 78 0.202532
54 79 0.109091
54 80 0.042424
54 81 0.032520
54 82 0.130890
54 83 0.144444
54 84 0.226804
54 85 0.083650
54 86 0.169014
54 87 0.061404
54 88 0.396226
54 89 0.254545
54 90 0.972973
54 91 0.145455
54 92 0.009009
54 93 0.042802
54 94 0.367232
54 95 0.212355
54 96 0.167442
54 97 0.141176
54 98 0.144670
54 99 0.354839
55 56 0.520548
55 57 0.141176
55 58 0.191558
55 59 0.100372
55 60 0.939394
55 61 0.083591
55 62 0.099502
55 63 0.470930
55 64 0.087838
55 65 0.134048
55 66 0.033333
55 67 0.023196
55 68 0.081395
55 69 0.147368
55 70 0.066282
55 71 0.139175
55 72 0.129338
55 73 0.818182
55 74 0.051576
55 75 0.054852
55 76 0.340909
55 77 0.131868
55 78 0.077108
55 79 0.083565
55 80 0.177215
55 81 0.009479
55 82 0.083333
55 83 0.419355
55 84 0.056266
55 85 0.149660
55 86 0.030151
55 87 0.031674
55 88 0.152913
55 89 0.074866
55 90 0.122449
55 91 0.277778
55 92 0.078947
55 93 0.043651
55 94 0.318627
55 95 0.100917
55 96 0.084112
55 97 0.090226
55 98 0.233607
55 99 0.134694
56 57 0.125436
56 58 0.193443
56 59 0.087097
56 60 0.449275
56 61 0.094077
56 62 0.099751
56 63 0.353712
56 64 0.115044
56 65 0.148810
56 66 0.021053
56 67 0.024457
56 68 0.074468
56 69 0.181818
56 70 0.080420
56 71 0.192857
56 72 0.165323
56 73 0.473684
56 74 0.061644
56 75 0.073864
56 76 0.185185
56 77 0.134831
56 78 0.076190
56 79 0.102389
56 80 0.095238
56 81 0.009615
56 82 0.103306
56 83 0.975000
56 84 0.061798
56 85 0.271605
56 86 0.032086
56 87 0.035714
56 88 0.171662
56 89 0.074866
56 90 0.131868
56 91 0.206186
56 92 0.027273
56 93 0.037415
56 94 0.290179
56 95 0.110000
56 96 0.096000
56 97 0.083624
56 98 0.323864
56 99 0.146018
57 58 0.398649
57 59 0.574468
57 60 0.134199
57 61 0.099631
57 62 0.200000
57 63 0.653226
57 64 0.054054
57 65 0.162338
57 66 0.010050
57 67 0.035019
57 68 0.311111
57 69 0.132492
57 70 0.058974
57 71 0.097122
57 72 0.099034
57 73 0.120401
57 74 0.048257
57 75 0.040625
57 76 0.069444
57 77 0.250000
57 78 0.161616
57 79 0.069444
57 80 0.068293
57 81 0.017167
57 82 0.072886
57 83 0.147727
57 84 0.070740
57 85 0.073579
57 86 0.043956
57 87 0.035533
57 88 0.170732
57 89 0.158192
57 90 0.175610
57 91 0.325203
57 92 0.012821
57 93 0.255814
57 94 0.890411
57 95 0.116034
57 96 0.086124
57 97 0.510638
57 98 0.128090
57 99 0.165829
58 59 0.140625
58 60 0.111913
58 61 0.190141
58 62 0.412371
58 63 0.325301
58 64 0.059361
58 65 0.299401
58 66 0.008000
58 67 0.081818
58 68 0.160920
58 69 0.190909
58 70 0.081272
58 71 0.120000
58 72 0.124242
58 73 0.103152
58 74 0.069498
58 75 0.052209
58 76 0.056604
58 77 0.947368
58 78 0.268908
58 79 0.090090
58 80 0.047782
58 81 0.034783
58 82 0.102459
58 83 0.145522
58 84 0.131737
58 85 0.079710
58 86 0.096000
58 87 0.056000
58 88 0.272727
58 89 0.400000
58 90 0.467532
58 91 0.176211
58 92 0.009868
58 93 0.057592
58 94 0.520000
58 95 0.168196
58 96 0.125874
58 97 0.235294
58 98 0.136364
58 99 0.264000
59 60 0.124498
59 61 0.085174
59 62 0.170940
59 63 0.716814
59 64 0.050584
59 65 0.141643
59 66 0.009174
59 67 0.030000
59 68 0.321839
59 69 0.116343
59 70 0.052874
59 71 0.085174
59 72 0.089912
59 73 0.115756
59 74 0.043062
59 75 0.036111
59 76 0.064103
59 77 0.189474
59 78 0.140969
59 79 0.063025
59 80 0.067308
59 81 0.014870
59 82 0.064599
59 83 0.133562
59 84 0.061625
59 85 0.066265
59 86 0.037975
59 87 0.029046
59 88 0.151807
59 89 0.131455
59 90 0.143426
59 91 0.314961
59 92 0.012346
59 93 0.611111
59 94 0.580357
59 95 0.106178
59 96 0.077586
59 97 0.263736
59 98 0.119748
59 99 0.149321
60 61 0.092466
60 62 0.107817
60 63 0.500000
60 64 0.088737
60 65 0.145773
60 66 0.060606
60 67 0.025281
60 68 0.087227
60 69 0.162791
60 70 0.071207
60 71 0.159763
60 72 0.137584
60 73 0.493151
60 74 0.055728
60 75 0.060748
60 76 0.937500
60 77 0.149378
60 78 0.083117
60 79 0.088496
60 80 0.170732
60 81 0.010230
60 82 0.091241
60 83 0.527027
60 84 0.061111
60 85 0.169231
60 86 0.032787
60 87 0.037037
60 88 0.164491
60 89 0.081633
60 90 0.137405
60 91 0.312500
60 92 0.058824
60 93 0.047414
60 94 0.369318
60 95 0.106796
60 96 0.089776
60 97 0.100418
60 98 0.233607
60 99 0.143791
61 62 0.198020
61 63 0.240356
61 64 0.075802
61 65 0.980392
61 66 0.007220
61 67 0.084112
61 68 0.089457
61 69 0.420000
61 70 0.156463
61 71 0.170886
61 72 0.197115
61 73 0.101983
61 74 0.150000
61 75 0.083871
61 76 0.052448
61 77 0.279070
61 78 0.137339
61 79 0.150000
61 80 0.040936
61 81 0.020833
61 82 0.210084
61 83 0.157895
61 84 0.318841
61 85 0.097778
61 86 0.115385
61 87 0.066038
61 88 0.611650
61 89 0.150538
61 90 0.529412
61 91 0.131579
61 92 0.008929
61 93 0.035484
61 94 0.299539
61 95 0.242291
61 96 0.243243
61 97 0.104803
61 98 0.167647
61 99 0.395210
62 63 0.253918
62 64 0.049430
62 65 0.245098
62 66 0.005831
62 67 0.079646
62 68 0.157303
62 69 0.142373
62 70 0.066092
62 71 0.085174
62 72 0.100737
62 73 0.081264
62 74 0.056250
62 75 0.038690
62 76 0.041783
62 77 0.266667
62 78 0.969697
62 79 0.074813
62 80 0.037037
62 81 0.108108
62 82 0.078616
62 83 0.106849
62 84 0.113990
62 85 0.059299
62 86 0.094488
62 87 0.031963
62 88 0.240458
62 89 0.965517
62 90 0.233766
62 91 0.131148
62 92 0.007595
62 93 0.046025
62 94 0.315534
62 95 0.170807
62 96 0.111111
62 97 0.150943
62 98 0.111546
62 99 0.271605
63 64 0.057778
63 65 0.130548
63 66 0.014815
63 67 0.025352
63 68 0.140704
63 69 0.120000
63 70 0.054245
63 71 0.095745
63 72 0.096471
63 73 0.170616
63 74 0.043478
63 75 0.039514
63 76 0.101351
63 77 0.157205
63 78 0.100000
63 79 0.065934
63 80 0.138614
63 81 0.011429
63 82 0.067024
63 83 0.175676
63 84 0.055980
63 85 0.080586
63 86 0.032432
63 87 0.029289
63 88 0.143508
63 89 0.095563
63 90 0.128114
63 91 0.975610
63 92 0.021429
63 93 0.112245
63 94 0.511811
63 95 0.098390
63 96 0.075472
63 97 0.150000
63 98 0.141089
63 99 0.135246
64 65 0.134048
64 66 0.006329
64 67 0.020089
64 68 0.049734
64 69 0.172131
64 70 0.097458
64 71 0.126168
64 72 0.262821
64 73 0.128571
64 74 0.068966
64 75 0.067708
64 76 0.049180
64 77 0.089330
64 78 0.057762
64 79 0.150754
64 80 0.037634
64 81 0.007590
64 82 0.108696
64 83 0.171053
64 84 0.055556
64 85 0.120219
64 86 0.026906
64 87 0.022293
64 88 0.172603
64 89 0.055556
64 90 0.096515
64 91 0.097087
64 92 0.008982
64 93 0.022044
64 94 0.158924
64 95 0.115063
64 96 0.107463
64 97 0.051613
64 98 0.982759
64 99 0.142241
65 66 0.006098
65 67 0.095745
65 68 0.082353
65 69 0.318182
65 70 0.147436
65 71 0.132353
65 72 0.179039
65 73 0.089330
65 74 0.142857
65 75 0.067358
65 76 0.044510
65 77 0.218182
65 78 0.135021
65 79 0.143541
65 80 0.035714
65 81 0.021505
65 82 0.173611
65 83 0.131313
65 84 0.956522
65 85 0.080882
65 86 0.142857
65 87 0.044872
65 88 0.984375
65 89 0.142857
65 90 0.342857
65 91 0.113960
65 92 0.007772
65 93 0.031609
65 94 0.250000
65 95 0.310734
65 96 0.295082
65 97 0.090909
65 98 0.151194
65 99 0.564103
66 67 0.026946
66 68 0.097222
66 69 0.164706
66 70 0.071207
66 71 0.158824
66 72 0.133987
66 73 0.349515
66 74 0.056250
66 75 0.059908
66 76 0.833333
66 77 0.166667
66 78 0.089888
66 79 0.087209
66 80 0.194444
66 81 0.010989
66 82 0.091575
66 83 0.438202
66 84 0.063953
66 85 0.152778
66 86 0.034783
66 87 0.040698
66 88 0.169355
66 89 0.088889
66 90 0.148760
66 91 0.404040
66 92 0.050847
66 93 0.054726
66 94 0.448276
66 95 0.109344
66 96 0.091139
66 97 0.115942
66 98 0.211896
66 99 0.148984
67 68 0.104478
67 69 0.203883
67 70 0.093496
67 71 0.106299
67 72 0.130990
67 73 0.084706
67 74 0.082949
67 75 0.050388
67 76 0.043228
67 77 0.281250
67 78 0.220690
67 79 0.100000
67 80 0.036082
67 81 0.043478
67 82 0.111111
67 83 0.118902
67 84 0.271605
67 85 0.069182
67 86 0.705882
67 87 0.040698
67 88 0.420000
67 89 0.254545
67 90 0.375000
67 91 0.121212
67 92 0.007653
67 93 0.036789
67 94 0.283843
67 95 0.247748
67 96 0.169811
67 97 0.113744
67 98 0.128668
67 99 0.458333
68 69 0.110818
68 70 0.051339
68 71 0.076271
68 72 0.084886
68 73 0.093023
68 74 0.042155
68 75 0.033163
68 76 0.049020
68 77 0.191489
68 78 0.198758
68 79 0.060606
68 80 0.048276
68 81 0.018692
68 82 0.061728
68 83 0.111111
68 84 0.065089
68 85 0.057441
68 86 0.042105
68 87 0.026515
68 88 0.156328
68 89 0.169697
68 90 0.145749
68 91 0.193237
68 92 0.009346
68 93 0.108911
68 94 0.419355
68 95 0.112474
68 96 0.078431
68 97 0.242424
68 98 0.107547
68 99 0.160976
69 70 0.306667
69 71 0.293478
69 72 0.366071
69 73 0.118033
69 74 0.272727
69 75 0.203125
69 76 0.058140
69 77 0.185567
69 78 0.098160
69 79 0.258621
69 80 0.042945
69 81 0.013793
69 82 0.961538
69 83 0.198980
69 84 0.142857
69 85 0.141026
69 86 0.059113
69 87 0.057851
69 88 0.450000
69 89 0.101083
69 90 0.248276
69 91 0.128205
69 92 0.009740
69 93 0.031339
69 94 0.258964
69 95 0.202206
69 96 0.250000
69 97 0.084507
69 98 0.231707
69 99 0.280851
70 71 0.175325
70 72 0.506173
70 73 0.099723
70 74 0.600000
70 75 0.117117
70 76 0.046296
70 77 0.137931
70 78 0.084433
70 79 0.555556
70 80 0.035533
70 81 0.011905
70 82 0.490196
70 83 0.152941
70 84 0.125000
70 85 0.106796
70 86 0.050420
70 87 0.035897
70 88 0.480916
70 89 0.084084
70 90 0.174757
70 91 0.103896
70 92 0.008043
70 93 0.025882
70 94 0.200000
70 95 0.224490
70 96 0.352941
70 97 0.067606
70 98 0.223529
70 99 0.286957
71 72 0.284722
71 73 0.169014
71 74 0.116129
71 75 0.270833
71 76 0.087719
71 77 0.190476
71 78 0.093567
71 79 0.171429
71 80 0.058091
71 81 0.012461
71 82 0.235849
71 83 0.375000
71 84 0.097778
71 85 0.318841
71 86 0.046875
71 87 0.070000
71 88 0.276316
71 89 0.095890
71 90 0.216867
71 91 0.165289
71 92 0.013699
71 93 0.036184
71 94 0.315534
71 95 0.152355
71 96 0.152542
71 97 0.093750
71 98 0.292308
71 99 0.208202
72 73 0.111801
72 74 0.166667
72 75 0.134021
72 76 0.049342
72 77 0.119205
72 78 0.073227
72 79 0.600000
72 80 0.037135
72 81 0.010000
72 82 0.277778
72 83 0.173333
72 84 0.088000
72 85 0.129412
72 86 0.038961
72 87 0.031818
72 88 0.298578
72 89 0.072165
72 90 0.140625
72 91 0.103896
72 92 0.008621
72 93 0.024831
72 94 0.188953
72 95 0.170279
72 96 0.200000
72 97 0.062176
72 98 0.318436
72 99 0.212219
73 74 0.049180
73 75 0.051793
73 76 0.174419
73 77 0.115016
73 78 0.070022
73 79 0.081744
73 80 0.123894
73 81 0.008639
73 82 0.078864
73 83 0.354545
73 84 0.052133
73 85 0.141026
73 86 0.027714
73 87 0.027451
73 88 0.143836
73 89 0.067470
73 90 0.109091
73 91 0.216216
73 92 0.041667
73 93 0.037415
73 94 0.262097
73 95 0.096322
73 96 0.080178
73 97 0.077419
73 98 0.253333
73 99 0.127168
74 75 0.111111
74 76 0.046440
74 77 0.150628
74 78 0.090909
74 79 0.361446
74 80 0.035806
74 81 0.012987
74 82 0.500000
74 83 0.151163
74 84 0.150685
74 85 0.103286
74 86 0.057416
74 87 0.039106
74 88 0.605769
74 89 0.091503
74 90 0.197802
74 91 0.106383
74 92 0.008043
74 93 0.026961
74 94 0.210356
74 95 0.245536
74 96 0.423529
74 97 0.071429
74 98 0.205776
74 99 0.325123
75 76 0.069444
75 77 0.165899
75 78 0.088154
75 79 0.234375
75 80 0.048611
75 81 0.011940
75 82 0.367647
75 83 0.270833
75 84 0.102326
75 85 0.226804
75 86 0.046512
75 87 0.053846
75 88 0.308824
75 89 0.089172
75 90 0.197802
75 91 0.138408
75 92 0.011364
75 93 0.031700
75 94 0.262097
75 95 0.164179
75 96 0.179104
75 97 0.081633
75 98 0.306452
75 99 0.220736
76 77 0.156522
76 78 0.086022
76 79 0.087719
76 80 0.189189
76 81 0.010554
76 82 0.090909
76 83 0.475610
76 84 0.062147
76 85 0.160584
76 86 0.033613
76 87 0.038251
76 88 0.166227
76 89 0.084592
76 90 0.141732
76 91 0.350877
76 92 0.058824
76 93 0.050691
76 94 0.401235
76 95 0.107632
76 96 0.090000
76 97 0.106667
76 98 0.221790
76 99 0.145695
77 78 0.205128
77 79 0.097087
77 80 0.053232
77 81 0.026490
77 82 0.114155
77 83 0.169565
77 84 0.129412
77 85 0.092050
77 86 0.084507
77 87 0.077778
77 88 0.278761
77 89 0.259259
77 90 0.580645
77 91 0.197044
77 92 0.011070
77 93 0.059783
77 94 0.637255
77 95 0.164671
77 96 0.130435
77 97 0.237624
77 98 0.149215
77 99 0.252874
78 79 0.069444
78 80 0.036269
78 81 0.065574
78 82 0.071839
78 83 0.101562
78 84 0.097778
78 85 0.055696
78 86 0.075472
78 87 0.028807
78 88 0.214286
78 89 0.549020
78 90 0.196721
78 91 0.129032
78 92 0.007389
78 93 0.047009
78 94 0.302326
78 95 0.157143
78 96 0.101124
78 97 0.149068
78 98 0.106343
78 99 0.242647
79 80 0.033735
79 81 0.010256
79 82 0.274725
79 83 0.146067
79 84 0.096070
79 85 0.103286
79 86 0.041096
79 87 0.029787
79 88 0.350000
79 89 0.072727
79 90 0.140625
79 91 0.096386
79 92 0.007712
79 93 0.023707
79 94 0.178571
79 95 0.195730
79 96 0.260870
79 97 0.060000
79 98 0.250000
79 99 0.239130
80 81 0.009901
80 82 0.072464
80 83 0.251613
80 84 0.054187
80 85 0.104265
80 86 0.030000
80 87 0.029661
80 88 0.143508
80 89 0.079772
80 90 0.120401
80 91 0.481928
80 92 0.071429
80 93 0.057592
80 94 0.375723
80 95 0.096831
80 96 0.077419
80 97 0.105263
80 98 0.177019
80 99 0.130693
81 82 0.080386
81 83 0.102902
81 84 0.127907
81 85 0.057895
81 86 0.115385
81 87 0.030837
81 88 0.262500
81 89 0.491228
81 90 0.230769
81 91 0.119760
81 92 0.007177
81 93 0.040293
81 94 0.278970
81 95 0.189655
81 96 0.118812
81 97 0.125654
81 98 0.110465
81 99 0.311321
82 83 0.187500
82 84 0.132530
82 85 0.134146
82 86 0.054545
82 87 0.047945
82 88 0.446809
82 89 0.093333
82 90 0.213018
82 91 0.119760
82 92 0.009259
82 93 0.029255
82 94 0.235507
82 95 0.204461
82 96 0.268657
82 97 0.077419
82 98 0.239496
82 99 0.275000
83 84 0.069620
83 85 0.385965
83 86 0.035821
83 87 0.044586
83 88 0.191489
83 89 0.082840
83 90 0.153846
83 91 0.217391
83 92 0.024194
83 93 0.040000
83 94 0.329949
83 95 0.119048
83 96 0.106195
83 97 0.093023
83 98 0.308108
83 99 0.159806
84 85 0.075085
84 86 0.173913
84 87 0.040698
84 88 0.900000
84 89 0.149733
84 90 0.318584
84 91 0.110497
84 92 0.007463
84 93 0.031161
84 94 0.242537
84 95 0.331325
84 96 0.274809
84 97 0.089888
84 98 0.142857
84 99 0.660000
85 86 0.037267
85 87 0.045455
85 88 0.214286
85 89 0.080925
85 90 0.158590
85 91 0.170940
85 92 0.016667
85 93 0.034810
85 94 0.285088
85 95 0.128806
85 96 0.121212
85 97 0.083916
85 98 0.385135
85 99 0.171429
86 87 0.038889
86 88 0.459854
86 89 0.222222
86 90 0.346154
86 91 0.116279
86 92 0.007444
86 93 0.034921
86 94 0.267490
86 95 0.268293
86 96 0.180905
86 97 0.105727
86 98 0.128668
86 99 0.519685
87 88 0.307317
87 89 0.144330
87 90 0.461538
87 91 0.197044
87 92 0.012987
87 93 0.047619
87 94 0.496183
87 95 0.165663
87 96 0.150628
87 97 0.144578
87 98 0.193878
87 99 0.243542
88 89 0.109375
88 90 0.218182
88 91 0.098765
88 92 0.006993
88 93 0.026829
88 94 0.203762
88 95 0.410448
88 96 0.571429
88 97 0.073620
88 98 0.150794
88 99 0.660000
89 90 0.270677
89 91 0.143885
89 92 0.008174
89 93 0.050691
89 94 0.363128
89 95 0.168196
89 96 0.113924
89 97 0.179104
89 98 0.117043
89 99 0.266129
90 91 0.160000
90 92 0.010000
90 93 0.044898
90 94 0.416667
90 95 0.197133
90 96 0.167442
90 97 0.148148
90 98 0.158333
90 99 0.315789
91 92 0.025862
91 93 0.100000
91 94 0.631068
91 95 0.104364
91 96 0.081633
91 97 0.161074
91 98 0.155313
91 99 0.143791
92 93 0.048673
92 94 0.338542
92 95 0.098039
92 96 0.080000
92 97 0.095618
92 98 0.202128
92 99 0.131474
93 94 0.643564
93 95 0.106589
93 96 0.078775
93 97 0.269663
93 98 0.123913
93 99 0.150000
94 95 0.126728
94 96 0.099448
94 97 0.375000
94 98 0.152000
94 99 0.182320
95 96 0.250000
95 97 0.056075
95 98 0.114228
95 99 0.835443
96 97 0.063830
96 98 0.160112
96 99 0.461538
97 98 0.131336
97 99 0.187500
98 99 0.138365
