100 4950
0 1 0.992537
0 2 0.924419
0 3 0.687500
0 4 0.661417
0 5 0.303030
0 6 0.661111
0 7 0.218487
0 8 0.992908
0 9 0.129834
0 10 0.294416
0 11 0.240132
0 12 0.179641
0 13 0.301255
0 14 0.350877
0 15 0.104384
0 16 0.061538
0 17 0.232614
0 18 0.286765
0 19 0.096667
0 20 0.023504
0 21 0.062718
0 22 0.983333
0 23 0.037736
0 24 0.958333
0 25 0.272926
0 26 0.639535
0 27 0.214521
0 28 0.401575
0 29 0.082164
0 30 0.261421
0 31 0.379032
0 32 0.065714
0 33 0.238866
0 34 0.215054
0 35 0.968750
0 36 0.016949
0 37 0.230241
0 38 0.154762
0 39 0.069277
0 40 0.621622
0 41 0.155080
0 42 0.185759
0 43 0.220721
0 44 0.187500
0 45 0.291667
0 46 0.191810
0 47 0.069409
0 48 0.107656
0 49 0.179724
0 50 0.476190
0 51 0.155556
0 52 0.271318
0 53 0.113281
0 54 0.126649
0 55 0.037975
0 56 0.067073
0 57 0.730769
0 58 0.019608
0 59 0.090909
0 60 0.098592
0 61 0.121429
0 62 0.110512
0 63 0.142857
0 64 0.183206
0 65 0.123404
0 66 0.211429
0 67 0.082143
0 68 0.398438
0 69 0.187291
0 70 0.259740
0 71 0.130597
0 72 0.133987
0 73 0.108374
0 74 0.070270
0 75 0.196809
0 76 0.937500
0 77 0.098434
0 78 0.121528
0 79 0.148248
0 80 0.165789
0 81 0.164474
0 82 0.252427
0 83 0.173554
0 84 0.117647
0 85 0.282051
0 86 0.066116
0 87 0.077647
0 88 0.088652
0 89 0.155280
0 90 0.105727
0 91 0.079470
0 92 0.109756
0 93 0.468750
0 94 0.160194
0 95 0.135889
0 96 0.036723
0 97 0.736842
0 98 0.041958
0 99 0.174312
1 2 0.996865
1 3 0.993056
1 4 0.881890
1 5 0.407524
1 6 0.995816
1 7 0.962963
1 8 0.717949
1 9 0.200855
1 10 0.232932
1 11 0.368687
1 12 0.132743
1 13 0.541353
1 14 0.662252
1 15 0.135135
1 16 0.888889
1 17 0.336806
1 18 0.179724
1 19 0.172619
1 20 0.030641
1 21 0.117647
1 22 0.702381
1 23 0.055556
1 24 0.175573
1 25 0.305623
1 26 0.827068
1 27 0.345745
1 28 0.980769
1 29 0.111111
1 30 0.318885
1 31 0.414097
1 32 0.102222
1 33 0.491667
1 34 0.287770
1 35 0.187879
1 36 0.025751
1 37 0.281513
1 38 0.194030
1 39 0.112745
1 40 0.136095
1 41 0.252174
1 42 0.254237
1 43 0.316129
1 44 0.377953
1 45 0.301075
1 46 0.237333
1 47 0.103846
1 48 0.150000
1 49 0.386139
1 50 0.169492
1 51 0.228972
1 52 0.402299
1 53 0.235772
1 54 0.187500
1 55 0.053097
1 56 0.081784
1 57 0.316667
1 58 0.026316
1 59 0.125000
1 60 0.122449
1 61 0.944444
1 62 0.123867
1 63 0.238579
1 64 0.277457
1 65 0.143564
1 66 0.176190
1 67 0.136095
1 68 0.216102
1 69 0.191781
1 70 0.236686
1 71 0.170732
1 72 0.231638
1 73 0.141935
1 74 0.085526
1 75 0.411111
1 76 0.115385
1 77 0.107317
1 78 0.202312
1 79 0.209924
1 80 0.255061
1 81 0.390625
1 82 0.119816
1 83 0.098131
1 84 0.189349
1 85 0.063584
1 86 0.091255
1 87 0.087533
1 88 0.126263
1 89 0.250000
1 90 0.139535
1 91 0.112500
1 92 0.216867
1 93 0.133929
1 94 0.145374
1 95 0.186603
1 96 0.039275
1 97 0.400000
1 98 0.050000
1 99 0.306452
2 3 0.807910
2 4 0.846348
2 5 0.485075
2 6 0.485714
2 7 0.076696
2 8 0.630631
2 9 0.102845
2 10 0.300518
2 11 0.150515
2 12 0.139535
2 13 0.315789
2 14 0.277778
2 15 0.170648
2 16 0.024540
2 17 0.268698
2 18 0.152941
2 19 0.074359
2 20 0.038328
2 21 0.052174
2 22 0.167139
2 23 0.044444
2 24 0.063187
2 25 0.992063
2 26 0.244444
2 27 0.263158
2 28 0.188889
2 29 0.098086
2 30 0.804688
2 31 0.959184
2 32 0.049569
2 33 0.152062
2 34 0.421053
2 35 0.084699
2 36 0.012320
2 37 0.720430
2 38 0.468468
2 39 0.052154
2 40 0.066092
2 41 0.140097
2 42 0.111732
2 43 0.217778
2 44 0.160000
2 45 0.366013
2 46 0.413953
2 47 0.077810
2 48 0.151515
2 49 0.098485
2 50 0.054054
2 51 0.242574
2 52 0.145228
2 53 0.081690
2 54 0.160000
2 55 0.022814
2 56 0.244444
2 57 0.191919
2 58 0.023419
2 59 0.100917
2 60 0.238636
2 61 0.056291
2 62 0.976190
2 63 0.135838
2 64 0.262295
2 65 0.245763
2 66 0.201087
2 67 0.097458
2 68 0.166667
2 69 0.982456
2 70 0.208333
2 71 0.275591
2 72 0.134426
2 73 0.133333
2 74 0.242991
2 75 0.154167
2 76 0.045593
2 77 0.423077
2 78 0.077605
2 79 0.229167
2 80 0.152542
2 81 0.097656
2 82 0.082278
2 83 0.076087
2 84 0.069114
2 85 0.030220
2 86 0.115385
2 87 0.351064
2 88 0.151515
2 89 0.114155
2 90 0.161074
2 91 0.084112
2 92 0.075949
2 93 0.042254
2 94 0.218543
2 95 0.075145
2 96 0.928571
2 97 0.143345
2 98 0.139535
2 99 0.070111
3 4 0.997033
3 5 0.555556
3 6 0.727829
3 7 0.155689
3 8 0.921053
3 9 0.155629
3 10 0.325843
3 11 0.233227
3 12 0.174419
3 13 0.986301
3 14 0.497512
3 15 0.177936
3 16 0.052632
3 17 0.368821
3 18 0.204188
3 19 0.126087
3 20 0.040590
3 21 0.094737
3 22 0.302564
3 23 0.888889
3 24 0.104072
3 25 0.468165
3 26 0.397112
3 27 0.503876
3 28 0.510000
3 29 0.120235
3 30 0.544974
3 31 0.989474
3 32 0.075908
3 33 0.271889
3 34 0.479042
3 35 0.130802
3 36 0.018576
3 37 0.705263
3 38 0.396947
3 39 0.082143
3 40 0.101770
3 41 0.966667
3 42 0.165746
3 43 0.298780
3 44 0.338028
3 45 0.674699
3 46 0.347656
3 47 0.112971
3 48 0.191489
3 49 0.177273
3 50 0.090909
3 51 0.415254
3 52 0.432099
3 53 0.154255
3 54 0.229665
3 55 0.034188
3 56 0.171875
3 57 0.290816
3 58 0.028490
3 59 0.129032
3 60 0.191781
3 61 0.133858
3 62 0.219251
3 63 0.225962
3 64 0.761905
3 65 0.439394
3 66 0.268116
3 67 0.214953
3 68 0.216102
3 69 0.352201
3 70 0.392157
3 71 0.546875
3 72 0.244048
3 73 0.956522
3 74 0.155689
3 75 0.578125
3 76 0.077320
3 77 0.165414
3 78 0.125000
3 79 0.307263
3 80 0.228261
3 81 0.308642
3 82 0.112554
3 83 0.103448
3 84 0.110727
3 85 0.045833
3 86 0.147239
3 87 0.140426
3 88 0.324675
3 89 0.500000
3 90 0.827586
3 91 0.112500
3 92 0.290323
3 93 0.072816
3 94 0.251908
3 95 0.113703
3 96 0.068421
3 97 0.276316
3 98 0.125000
3 99 0.175926
4 5 0.992366
4 6 0.772727
4 7 0.064198
4 8 0.286885
4 9 0.180077
4 10 0.114173
4 11 0.200000
4 12 0.059172
4 13 0.260870
4 14 0.395257
4 15 0.406504
4 16 0.020619
4 17 0.989796
4 18 0.074004
4 19 0.111969
4 20 0.089431
4 21 0.075000
4 22 0.126882
4 23 0.024316
4 24 0.045187
4 25 0.343407
4 26 0.236559
4 27 0.308057
4 28 0.133508
4 29 0.976190
4 30 0.370504
4 31 0.239796
4 32 0.080986
4 33 0.187302
4 34 0.382775
4 35 0.057514
4 36 0.019293
4 37 0.203030
4 38 0.179931
4 39 0.083333
4 40 0.042831
4 41 0.085294
4 42 0.142180
4 43 0.632258
4 44 0.188235
4 45 0.135593
4 46 0.408257
4 47 0.217742
4 48 0.428571
4 49 0.110169
4 50 0.040161
4 51 0.219731
4 52 0.089286
4 53 0.103571
4 54 0.366412
4 55 0.029126
4 56 0.070513
4 57 0.108779
4 58 0.238095
4 59 0.517647
4 60 0.175732
4 61 0.045946
4 62 0.112022
4 63 0.243523
4 64 0.173913
4 65 0.078378
4 66 0.078556
4 67 0.098291
4 68 0.089474
4 69 0.130841
4 70 0.091324
4 71 0.110759
4 72 0.200000
4 73 0.061798
4 74 0.089041
4 75 0.114198
4 76 0.030060
4 77 0.109453
4 78 0.103245
4 79 0.333333
4 80 0.336898
4 81 0.069832
4 82 0.046346
4 83 0.039106
4 84 0.086022
4 85 0.020147
4 86 0.123711
4 87 0.092179
4 88 0.091912
4 89 0.068871
4 90 0.070588
4 91 0.318584
4 92 0.051282
4 93 0.030550
4 94 0.072210
4 95 0.089245
4 96 0.031863
4 97 0.091304
4 98 0.035088
4 99 0.047264
5 6 0.706231
5 7 0.075362
5 8 0.366492
5 9 0.161512
5 10 0.147208
5 11 0.195710
5 12 0.075567
5 13 0.375000
5 14 0.425532
5 15 0.980392
5 16 0.024465
5 17 0.763780
5 18 0.092417
5 19 0.113725
5 20 0.275000
5 21 0.082949
5 22 0.148241
5 23 0.035242
5 24 0.052752
5 25 0.520833
5 26 0.255814
5 27 0.492424
5 28 0.167763
5 29 0.261146
5 30 0.695946
5 31 0.345588
5 32 0.074434
5 33 0.200000
5 34 0.987654
5 35 0.067245
5 36 0.017751
5 37 0.325243
5 38 0.322981
5 39 0.078767
5 40 0.050661
5 41 0.117886
5 42 0.138568
5 43 0.435556
5 44 0.233010
5 45 0.185430
5 46 0.855769
5 47 0.206107
5 48 0.978261
5 49 0.119266
5 50 0.046620
5 51 0.418803
5 52 0.115512
5 53 0.114625
5 54 0.545455
5 55 0.028436
5 56 0.119565
5 57 0.132558
5 58 0.060976
5 59 0.239130
5 60 0.371681
5 61 0.055921
5 62 0.173729
5 63 0.259669
5 64 0.279070
5 65 0.114173
5 66 0.102778
5 67 0.151316
5 68 0.108742
5 69 0.185430
5 70 0.120482
5 71 0.176768
5 72 0.250000
5 73 0.088000
5 74 0.160494
5 75 0.152893
5 76 0.035885
5 77 0.160000
5 78 0.102941
5 79 0.948276
5 80 0.286364
5 81 0.089606
5 82 0.055914
5 83 0.048165
5 84 0.086957
5 85 0.023656
5 86 0.324324
5 87 0.142857
5 88 0.156250
5 89 0.091912
5 90 0.104348
5 91 0.189474
5 92 0.067669
5 93 0.035800
5 94 0.096774
5 95 0.089245
5 96 0.046595
5 97 0.111702
5 98 0.054795
5 99 0.059190
6 7 0.106557
6 8 0.325581
6 9 0.979167
6 10 0.120833
6 11 0.986486
6 12 0.065217
6 13 0.273764
6 14 0.769231
6 15 0.132979
6 16 0.033473
6 17 0.431111
6 18 0.085714
6 19 0.290000
6 20 0.029973
6 21 0.123288
6 22 0.196667
6 23 0.024922
6 24 0.066282
6 25 0.233645
6 26 0.486726
6 27 0.255906
6 28 0.181495
6 29 0.149635
6 30 0.238426
6 31 0.223278
6 32 0.766667
6 33 0.491667
6 34 0.225989
6 35 0.080519
6 36 0.857143
6 37 0.168766
6 38 0.130982
6 39 0.460000
6 40 0.058081
6 41 0.095395
6 42 0.504202
6 43 0.604938
6 44 0.251309
6 45 0.140000
6 46 0.204598
6 47 0.128571
6 48 0.152542
6 49 0.272727
6 50 0.060976
6 51 0.161716
6 52 0.111465
6 53 0.208633
6 54 0.191235
6 55 0.108108
6 56 0.053528
6 57 0.136691
6 58 0.035587
6 59 0.188034
6 60 0.099057
6 61 0.069672
6 62 0.084711
6 63 0.291925
6 64 0.156352
6 65 0.073980
6 66 0.084282
6 67 0.089494
6 68 0.107595
6 69 0.115702
6 70 0.101010
6 71 0.096154
6 72 0.211340
6 73 0.063218
6 74 0.061033
6 75 0.138577
6 76 0.041667
6 77 0.079422
6 78 0.472973
6 79 0.180328
6 80 0.508065
6 81 0.090909
6 82 0.057269
6 83 0.046358
6 84 0.320000
6 85 0.027848
6 86 0.072948
6 87 0.064579
6 88 0.076453
6 89 0.081169
6 90 0.068182
6 91 0.180905
6 92 0.063158
6 93 0.045455
6 94 0.073826
6 95 0.268966
6 96 0.025794
6 97 0.122807
6 98 0.029630
6 99 0.063758
7 8 0.703518
7 9 0.192623
7 10 0.227451
7 11 0.370558
7 12 0.129870
7 13 0.452830
7 14 0.595238
7 15 0.126582
7 16 0.421053
7 17 0.312903
7 18 0.179724
7 19 0.159341
7 20 0.028646
7 21 0.104046
7 22 0.921875
7 23 0.047904
7 24 0.205357
7 25 0.289352
7 26 0.990991
7 27 0.303738
7 28 0.739130
7 29 0.104859
7 30 0.295977
7 31 0.383673
7 32 0.098712
7 33 0.457364
7 34 0.263158
7 35 0.209459
7 36 0.025210
7 37 0.256705
7 38 0.178082
7 39 0.107477
7 40 0.148387
7 41 0.211679
7 42 0.263158
7 43 0.299694
7 44 0.320000
7 45 0.278607
7 46 0.222500
7 47 0.095745
7 48 0.138462
7 49 0.382353
7 50 0.206186
7 51 0.204167
7 52 0.343137
7 53 0.208633
7 54 0.170819
7 55 0.054795
7 56 0.075085
7 57 0.327586
7 58 0.024876
7 59 0.117962
7 60 0.113821
7 61 0.395349
7 62 0.116147
7 63 0.215596
7 64 0.241206
7 65 0.131222
7 66 0.169725
7 67 0.117949
7 68 0.220779
7 69 0.181230
7 70 0.223464
7 71 0.152838
7 72 0.203980
7 73 0.125714
7 74 0.079027
7 75 0.321739
7 76 0.128205
7 77 0.101852
7 78 0.200000
7 79 0.190972
7 80 0.238636
7 81 0.290698
7 82 0.123810
7 83 0.099526
7 84 0.192771
7 85 0.070064
7 86 0.083045
7 87 0.082500
7 88 0.112108
7 89 0.208333
7 90 0.123711
7 91 0.105882
7 92 0.171429
7 93 0.161290
7 94 0.138655
7 95 0.196970
7 96 0.037037
7 97 0.420000
7 98 0.045977
7 99 0.260274
8 9 0.112710
8 10 0.983051
8 11 0.185751
8 12 0.937500
8 13 0.331797
8 14 0.311526
8 15 0.117096
8 16 0.040609
8 17 0.235437
8 18 0.975000
8 19 0.083815
8 20 0.026379
8 21 0.057143
8 22 0.337143
8 23 0.050000
8 24 0.140244
8 25 0.362319
8 26 0.375427
8 27 0.232975
8 28 0.342282
8 29 0.083503
8 30 0.339934
8 31 0.696296
8 32 0.055825
8 33 0.190323
8 34 0.258900
8 35 0.201299
8 36 0.014118
8 37 0.341837
8 38 0.208835
8 39 0.058974
8 40 0.174242
8 41 0.189542
8 42 0.140515
8 43 0.209402
8 44 0.177122
8 45 0.666667
8 46 0.231169
8 47 0.069767
8 48 0.116580
8 49 0.132203
8 50 0.112994
8 51 0.182836
8 52 0.296610
8 53 0.096990
8 54 0.133333
8 55 0.028777
8 56 0.094421
8 57 0.740260
8 58 0.019960
8 59 0.089980
8 60 0.122093
8 61 0.090909
8 62 0.160156
8 63 0.136232
8 64 0.225352
8 65 0.211679
8 66 0.948718
8 67 0.089844
8 68 0.560440
8 69 0.329412
8 70 0.784314
8 71 0.186170
8 72 0.132686
8 73 0.165414
8 74 0.093863
8 75 0.205556
8 76 0.119048
8 77 0.135385
8 78 0.095368
8 79 0.167173
8 80 0.153659
8 81 0.157233
8 82 0.270833
8 83 0.362069
8 84 0.088398
8 85 0.073826
8 86 0.077670
8 87 0.105769
8 88 0.112108
8 89 0.186567
8 90 0.156863
8 91 0.077419
8 92 0.116883
8 93 0.092593
8 94 0.452055
8 95 0.098485
8 96 0.056769
8 97 0.392523
8 98 0.064171
8 99 0.141791
9 10 0.125270
9 11 0.663636
9 12 0.067114
9 13 0.309013
9 14 0.990099
9 15 0.152439
9 16 0.034043
9 17 0.548023
9 18 0.087640
9 19 0.397260
9 20 0.034483
9 21 0.157895
9 22 0.194079
9 23 0.027119
9 24 0.065341
9 25 0.252525
9 26 0.445344
9 27 0.302326
9 28 0.188889
9 29 0.179825
9 30 0.263427
9 31 0.238579
9 32 0.958333
9 33 0.513043
9 34 0.256410
9 35 0.079692
9 36 0.117647
9 37 0.183562
9 38 0.144847
9 39 0.741935
9 40 0.057644
9 41 0.102837
9 42 0.368098
9 43 0.830508
9 44 0.298137
9 45 0.147757
9 46 0.228792
9 47 0.166667
9 48 0.181452
9 49 0.263514
9 50 0.059880
9 51 0.185606
9 52 0.117057
9 53 0.243697
9 54 0.234146
9 55 0.077922
9 56 0.058667
9 57 0.138015
9 58 0.042553
9 59 0.231579
9 60 0.110236
9 61 0.072340
9 62 0.091518
9 63 0.398305
9 64 0.175182
9 65 0.079452
9 66 0.087678
9 67 0.103604
9 68 0.108742
9 69 0.122807
9 70 0.105541
9 71 0.105422
9 72 0.264516
9 73 0.068111
9 74 0.067183
9 75 0.150407
9 76 0.041551
9 77 0.085271
9 78 0.372340
9 79 0.210728
9 80 0.828947
9 81 0.096525
9 82 0.057650
9 83 0.047191
9 84 0.253968
9 85 0.027569
9 86 0.083624
9 87 0.069915
9 88 0.085616
9 89 0.086505
9 90 0.073846
9 91 0.233766
9 92 0.067416
9 93 0.044776
9 94 0.077283
9 95 0.211957
9 96 0.027601
9 97 0.124260
9 98 0.032172
9 99 0.065972
10 11 0.163677
10 12 0.967742
10 13 0.289157
10 14 0.273973
10 15 0.115207
10 16 0.031746
10 17 0.220455
10 18 0.557143
10 19 0.074169
10 20 0.025882
10 21 0.050420
10 22 0.252137
10 23 0.043011
10 24 0.104072
10 25 0.393082
10 26 0.312500
10 27 0.212418
10 28 0.255000
10 29 0.079457
10 30 0.350340
10 31 0.746032
10 32 0.050000
10 33 0.163435
10 34 0.253165
10 35 0.149758
10 36 0.012632
10 37 0.347150
10 38 0.211382
10 39 0.052511
10 40 0.125000
10 41 0.155080
10 42 0.124224
10 43 0.194444
10 44 0.154839
10 45 0.583333
10 46 0.233596
10 47 0.064904
10 48 0.111386
10 49 0.112069
10 50 0.085106
10 51 0.171329
10 52 0.209581
10 53 0.084058
10 54 0.125000
10 55 0.025370
10 56 0.096916
10 57 0.448819
10 58 0.019011
10 59 0.084942
10 60 0.123894
10 61 0.071130
10 62 0.176724
10 63 0.123037
10 64 0.205128
10 65 0.205674
10 66 0.880952
10 67 0.080986
10 68 0.439655
10 69 0.408759
10 70 0.470588
10 71 0.178571
10 72 0.119186
10 73 0.141026
10 74 0.097015
10 75 0.168182
10 76 0.081522
10 77 0.150171
10 78 0.083532
10 79 0.159420
10 80 0.140312
10 81 0.121359
10 82 0.196970
10 83 0.228261
10 84 0.076739
10 85 0.054726
10 86 0.074766
10 87 0.114983
10 88 0.105485
10 89 0.142857
10 90 0.142012
10 91 0.072435
10 92 0.091371
10 93 0.068182
10 94 0.611111
10 95 0.086093
10 96 0.065990
10 97 0.253012
10 98 0.065934
10 99 0.101604
11 12 0.070755
11 13 0.277992
11 14 0.704225
11 15 0.120192
11 16 0.040816
11 17 0.354015
11 18 0.094431
11 19 0.243697
11 20 0.027027
11 21 0.112500
11 22 0.240816
11 23 0.025974
11 24 0.079585
11 25 0.228519
11 26 0.705128
11 27 0.241636
11 28 0.206478
11 29 0.122388
11 30 0.230942
11 31 0.231527
11 32 0.264368
11 33 0.602041
11 34 0.213904
11 35 0.094801
11 36 0.086957
11 37 0.170051
11 38 0.129032
11 39 0.255556
11 40 0.067449
11 41 0.101399
11 42 0.983607
11 43 0.429825
11 44 0.248705
11 45 0.148936
11 46 0.192225
11 47 0.106299
11 48 0.134731
11 49 0.393939
11 50 0.074349
11 51 0.155063
11 52 0.124113
11 53 0.214815
11 54 0.167247
11 55 0.244898
11 56 0.053140
11 57 0.154472
11 58 0.029155
11 59 0.147651
11 60 0.093960
11 61 0.081731
11 62 0.084536
11 63 0.243523
11 64 0.156352
11 65 0.076720
11 66 0.090909
11 67 0.086466
11 68 0.120000
11 69 0.118896
11 70 0.109589
11 71 0.097493
11 72 0.191589
11 73 0.066465
11 74 0.059633
11 75 0.148594
11 76 0.048860
11 77 0.078571
11 78 0.972222
11 79 0.166163
11 80 0.351955
11 81 0.101215
11 82 0.064516
11 83 0.051597
11 84 0.969697
11 85 0.032641
11 86 0.068376
11 87 0.063462
11 88 0.075758
11 89 0.088028
11 90 0.070588
11 91 0.137405
11 92 0.068966
11 93 0.054745
11 94 0.078571
11 95 0.527027
11 96 0.026052
11 97 0.141892
11 98 0.030000
11 99 0.073077
12 13 0.298755
12 14 0.285714
12 15 0.113636
12 16 0.034934
12 17 0.223502
12 18 0.928571
12 19 0.077333
12 20 0.025581
12 21 0.052478
12 22 0.287805
12 23 0.044444
12 24 0.120419
12 25 0.368732
12 26 0.339506
12 27 0.215947
12 28 0.283333
12 29 0.080078
12 30 0.335505
12 31 0.686131
12 32 0.052036
12 33 0.173021
12 34 0.249221
12 35 0.175141
12 36 0.013187
12 37 0.330049
12 38 0.203922
12 39 0.054762
12 40 0.149351
12 41 0.163842
12 42 0.131004
12 43 0.198381
12 44 0.161616
12 45 0.583333
12 46 0.227041
12 47 0.065854
12 48 0.111386
12 49 0.119632
12 50 0.097087
12 51 0.171329
12 52 0.236486
12 53 0.088415
12 54 0.126316
12 55 0.026726
12 56 0.092437
12 57 0.587629
12 58 0.019157
12 59 0.085938
12 60 0.120000
12 61 0.077982
12 62 0.163347
12 63 0.126685
12 64 0.206897
12 65 0.198630
12 66 0.973684
12 67 0.082734
12 68 0.554348
12 69 0.350000
12 70 0.555556
12 71 0.175000
12 72 0.122754
12 73 0.145695
12 74 0.092527
12 75 0.178744
12 76 0.097403
12 77 0.139241
12 78 0.087940
12 79 0.158960
12 80 0.144165
12 81 0.132979
12 82 0.247619
12 83 0.328125
12 84 0.081218
12 85 0.064327
12 86 0.074074
12 87 0.107492
12 88 0.105042
12 89 0.155280
12 90 0.142857
12 91 0.073620
12 92 0.098901
12 93 0.078534
12 94 0.500000
12 95 0.091335
12 96 0.059091
12 97 0.304348
12 98 0.062500
12 99 0.115152
13 14 0.746269
13 15 0.206612
13 16 0.056738
13 17 0.497436
13 18 0.153543
13 19 0.176829
13 20 0.047619
13 21 0.150000
13 22 0.285024
13 23 0.121212
13 24 0.093878
13 25 0.428082
13 26 0.426357
13 27 0.984848
13 28 0.451327
13 29 0.149091
13 30 0.522843
13 31 0.580247
13 32 0.096639
13 33 0.361963
13 34 0.551724
13 35 0.114815
13 36 0.023077
13 37 0.492647
13 38 0.353741
13 39 0.107477
13 40 0.086792
13 41 0.439394
13 42 0.191083
13 43 0.382812
13 44 0.657534
13 45 0.358974
13 46 0.367769
13 47 0.158824
13 48 0.248619
13 49 0.220339
13 50 0.083682
13 51 0.597561
13 52 0.301724
13 53 0.228346
13 54 0.328767
13 55 0.039735
13 56 0.141026
13 57 0.229839
13 58 0.034965
13 59 0.161765
13 60 0.198113
13 61 0.145299
13 62 0.180617
13 63 0.348148
13 64 0.979592
13 65 0.218045
13 66 0.177885
13 67 0.534884
13 68 0.172881
13 69 0.251121
13 70 0.236686
13 71 0.343137
13 72 0.431579
13 73 0.229167
13 74 0.142077
13 75 0.725490
13 76 0.065789
13 77 0.145695
13 78 0.155556
13 79 0.410448
13 80 0.310345
13 81 0.287356
13 82 0.090909
13 83 0.079848
13 84 0.133333
13 85 0.040000
13 86 0.183206
13 87 0.125000
13 88 0.342466
13 89 0.284091
13 90 0.258065
13 91 0.144578
13 92 0.233766
13 93 0.065789
13 94 0.161765
13 95 0.129568
13 96 0.053719
13 97 0.224599
13 98 0.083916
13 99 0.146154
14 15 0.177936
14 16 0.051613
14 17 0.621795
14 18 0.110795
14 19 0.966667
14 20 0.040741
14 21 0.947368
14 22 0.255411
14 23 0.041026
14 24 0.082437
14 25 0.305623
14 26 0.516432
14 27 0.503876
14 28 0.288136
14 29 0.176724
14 30 0.335505
14 31 0.319728
14 32 0.221154
14 33 0.921875
14 34 0.343348
14 35 0.098413
14 36 0.047244
14 37 0.250000
14 38 0.194030
14 39 0.283951
14 40 0.071875
14 41 0.159341
14 42 0.297030
14 43 0.612500
14 44 0.774194
14 45 0.200717
14 46 0.276398
14 47 0.207692
14 48 0.226131
14 49 0.382353
14 50 0.075758
14 51 0.276836
14 52 0.171569
14 53 0.966667
14 54 0.317881
14 55 0.063158
14 56 0.078014
14 57 0.175385
14 58 0.041322
14 59 0.211538
14 60 0.137255
14 61 0.114865
14 62 0.115819
14 63 0.770492
14 64 0.269663
14 65 0.109434
14 66 0.114551
14 67 0.178295
14 68 0.134211
14 69 0.157303
14 70 0.142349
14 71 0.149573
14 72 0.561644
14 73 0.098655
14 74 0.086667
14 75 0.253425
14 76 0.053571
14 77 0.103286
14 78 0.327103
14 79 0.287958
14 80 0.656250
14 81 0.153374
14 82 0.071429
14 83 0.059322
14 84 0.238806
14 85 0.034056
14 86 0.114286
14 87 0.085938
14 88 0.126263
14 89 0.130890
14 90 0.106667
14 91 0.206897
14 92 0.106509
14 93 0.057471
14 94 0.100917
14 95 0.193069
14 96 0.034759
14 97 0.167331
14 98 0.043478
14 99 0.096939
15 16 0.021220
15 17 0.625806
15 18 0.083691
15 19 0.096990
15 20 0.916667
15 21 0.068441
15 22 0.131696
15 23 0.029197
15 24 0.047325
15 25 0.514403
15 26 0.229167
15 27 0.357143
15 28 0.144068
15 29 0.257862
15 30 0.616766
15 31 0.303226
15 32 0.066282
15 33 0.172515
15 34 0.672269
15 35 0.060784
15 36 0.015957
15 37 0.275720
15 38 0.268041
15 39 0.069069
15 40 0.045726
15 41 0.098639
15 42 0.125786
15 43 0.393574
15 44 0.188235
15 45 0.162319
15 46 0.927083
15 47 0.162651
15 48 0.542169
15 49 0.104000
15 50 0.041667
15 51 0.296970
15 52 0.099432
15 53 0.096667
15 54 0.366412
15 55 0.025806
15 56 0.101852
15 57 0.119497
15 58 0.061350
15 59 0.225641
15 60 0.344262
15 61 0.047887
15 62 0.159533
15 63 0.208889
15 64 0.218182
15 65 0.098305
15 66 0.092040
15 67 0.113861
15 68 0.099222
15 69 0.168168
15 70 0.106101
15 71 0.145833
15 72 0.193396
15 73 0.074324
15 74 0.139785
15 75 0.126712
15 76 0.032120
15 77 0.155477
15 78 0.091146
15 79 0.504587
15 80 0.248031
15 81 0.076220
15 82 0.050881
15 83 0.043659
15 84 0.077482
15 85 0.021401
15 86 0.201681
15 87 0.136929
15 88 0.121359
15 89 0.078125
15 90 0.087273
15 91 0.172249
15 92 0.056962
15 93 0.031983
15 94 0.086614
15 95 0.080913
15 96 0.043046
15 97 0.098592
15 98 0.047059
15 99 0.051213
16 17 0.329932
16 18 0.178899
16 19 0.169591
16 20 0.030055
16 21 0.113924
16 22 0.756410
16 23 0.052980
16 24 0.184000
16 25 0.299760
16 26 0.880000
16 27 0.331633
16 28 0.879310
16 29 0.109333
16 30 0.311178
16 31 0.401709
16 32 0.102222
16 33 0.487603
16 34 0.279720
16 35 0.193750
16 36 0.025751
16 37 0.272358
16 38 0.188406
16 39 0.112195
16 40 0.138554
16 41 0.237705
16 42 0.258621
16 43 0.312102
16 44 0.360902
16 45 0.291667
16 46 0.232376
16 47 0.101504
16 48 0.146580
16 49 0.393939
16 50 0.178571
16 51 0.220721
16 52 0.376344
16 53 0.230159
16 54 0.182510
16 55 0.054299
16 56 0.079422
16 57 0.316667
16 58 0.025907
16 59 0.123249
16 60 0.119318
16 61 0.629630
16 62 0.120944
16 63 0.232673
16 64 0.263736
16 65 0.138756
16 66 0.172897
16 67 0.129944
16 68 0.216102
16 69 0.187919
16 70 0.231214
16 71 0.164319
16 72 0.222826
16 73 0.135802
16 74 0.083067
16 75 0.377551
16 76 0.118110
16 77 0.105263
16 78 0.204678
16 79 0.203704
16 80 0.252000
16 81 0.352113
16 82 0.120370
16 83 0.097674
16 84 0.193939
16 85 0.065089
16 86 0.088561
16 87 0.085714
16 88 0.121359
16 89 0.233645
16 90 0.133333
16 91 0.110769
16 92 0.200000
16 93 0.140187
16 94 0.142857
16 95 0.191176
16 96 0.038348
16 97 0.403846
16 98 0.048583
16 99 0.287879
17 18 0.086860
17 19 0.176829
17 20 0.074324
17 21 0.125874
17 22 0.159030
17 23 0.031373
17 24 0.055156
17 25 0.348189
17 26 0.298913
17 27 0.481481
17 28 0.173469
17 29 0.493976
17 30 0.396154
17 31 0.281437
17 32 0.116162
17 33 0.270642
17 34 0.449438
17 35 0.069196
17 36 0.026549
17 37 0.239286
17 38 0.207171
17 39 0.123656
17 40 0.051339
17 41 0.111538
17 42 0.180180
17 43 0.989899
17 44 0.296296
17 45 0.162319
17 46 0.386957
17 47 0.964286
17 48 0.548780
17 49 0.151751
17 50 0.049383
17 51 0.298780
17 52 0.114007
17 53 0.158470
17 54 0.774194
17 55 0.037267
17 56 0.080882
17 57 0.129545
17 58 0.107527
17 59 0.556962
17 60 0.179487
17 61 0.061151
17 62 0.121302
17 63 0.489583
17 64 0.231884
17 65 0.094156
17 66 0.092500
17 67 0.146497
17 68 0.104294
17 69 0.146982
17 70 0.110193
17 71 0.136187
17 72 0.366071
17 73 0.077193
17 74 0.097744
17 75 0.154812
17 76 0.036675
17 77 0.112821
17 78 0.142857
17 79 0.447154
17 80 0.617647
17 81 0.092251
17 82 0.054393
17 83 0.045852
17 84 0.115108
17 85 0.024123
17 86 0.153846
17 87 0.095652
17 88 0.118483
17 89 0.088968
17 90 0.087912
17 91 0.529412
17 92 0.067669
17 93 0.037688
17 94 0.084399
17 95 0.113043
17 96 0.034759
17 97 0.112903
17 98 0.041096
17 99 0.060703
18 19 0.077333
18 20 0.024070
18 21 0.051873
18 22 0.324176
18 23 0.040201
18 24 0.143750
18 25 0.329815
18 26 0.365449
18 27 0.205047
18 28 0.289773
18 29 0.077505
18 30 0.302053
18 31 0.546512
18 32 0.052392
18 33 0.176119
18 34 0.229226
18 35 0.219858
18 36 0.013363
18 37 0.285106
18 38 0.180556
18 39 0.055156
18 40 0.196581
18 41 0.153439
18 42 0.135747
18 43 0.195609
18 44 0.157895
18 45 0.451613
18 46 0.209412
18 47 0.063679
18 48 0.105882
18 49 0.123418
18 50 0.113636
18 51 0.159091
18 52 0.234899
18 53 0.088415
18 54 0.120603
18 55 0.027714
18 56 0.080882
18 57 0.950000
18 58 0.018553
18 59 0.083810
18 60 0.109661
18 61 0.080569
18 62 0.141379
18 63 0.124011
18 64 0.189723
18 65 0.163842
18 66 0.513889
18 67 0.078231
18 68 0.980769
18 69 0.280000
18 70 0.439560
18 71 0.153509
18 72 0.118841
18 73 0.127168
18 74 0.082540
18 75 0.172897
18 76 0.120968
18 77 0.123596
18 78 0.089974
18 79 0.149457
18 80 0.142534
18 81 0.131579
18 82 0.412698
18 83 0.954545
18 84 0.083770
18 85 0.082090
18 86 0.068768
18 87 0.095376
18 88 0.095420
18 89 0.147929
18 90 0.125000
18 91 0.072000
18 92 0.095745
18 93 0.092025
18 94 0.314286
18 95 0.095355
18 96 0.050000
18 97 0.355932
18 98 0.053097
18 99 0.120253
19 20 0.038062
19 21 0.382979
19 22 0.241803
19 23 0.035714
19 24 0.078498
19 25 0.286041
19 26 0.521327
19 27 0.416667
19 28 0.255000
19 29 0.175214
19 30 0.307463
19 31 0.290123
19 32 0.310811
19 33 0.983333
19 34 0.308880
19 35 0.094225
19 36 0.061224
19 37 0.224832
19 38 0.175084
19 39 0.450980
19 40 0.068452
19 41 0.138095
19 42 0.335196
19 43 0.657718
19 44 0.527473
19 45 0.182410
19 46 0.257225
19 47 0.192857
19 48 0.207373
19 49 0.390000
19 50 0.072464
19 51 0.239024
19 52 0.153509
19 53 0.604167
19 54 0.284024
19 55 0.071856
19 56 0.070740
19 57 0.164740
19 58 0.040984
19 59 0.214634
19 60 0.126888
19 61 0.101796
19 62 0.106771
19 63 0.626667
19 64 0.231884
19 65 0.098639
19 66 0.105714
19 67 0.145570
19 68 0.127182
19 69 0.145078
19 70 0.130293
19 71 0.132576
19 72 0.418367
19 73 0.087302
19 74 0.079268
19 75 0.212644
19 76 0.050505
19 77 0.096703
19 78 0.406977
19 79 0.257009
19 80 0.732558
19 81 0.133690
19 82 0.067708
19 83 0.055851
19 84 0.275862
19 85 0.032544
19 86 0.101695
19 87 0.079903
19 88 0.110132
19 89 0.115207
19 90 0.094488
19 91 0.211765
19 92 0.092308
19 93 0.054545
19 94 0.092958
19 95 0.211957
19 96 0.032178
19 97 0.154982
19 98 0.039216
19 99 0.087156
20 21 0.071146
20 22 0.135011
20 23 0.030303
20 24 0.048421
20 25 0.516529
20 26 0.234542
20 27 0.380117
20 28 0.148688
20 29 0.261146
20 30 0.635802
20 31 0.311258
20 32 0.068047
20 33 0.178248
20 34 0.727273
20 35 0.062124
20 36 0.016304
20 37 0.285106
20 38 0.279570
20 39 0.070988
20 40 0.046748
20 41 0.102113
20 42 0.128480
20 43 0.403292
20 44 0.196721
20 45 0.167164
20 46 0.927083
20 47 0.171975
20 48 0.616438
20 49 0.106849
20 50 0.042644
20 51 0.318182
20 52 0.102339
20 53 0.100000
20 54 0.396694
20 55 0.026374
20 56 0.105769
20 57 0.122318
20 58 0.061728
20 59 0.229167
20 60 0.352941
20 61 0.049419
20 62 0.162698
20 63 0.218605
20 64 0.229665
20 65 0.101399
20 66 0.094148
20 67 0.120419
20 68 0.100990
20 69 0.171779
20 70 0.108992
20 71 0.151515
20 72 0.203980
20 73 0.076923
20 74 0.144444
20 75 0.131673
20 76 0.032823
20 77 0.156584
20 78 0.093583
20 79 0.561224
20 80 0.256098
20 81 0.078616
20 82 0.051896
20 83 0.044586
20 84 0.079404
20 85 0.021825
20 86 0.222222
20 87 0.138655
20 88 0.127551
20 89 0.080645
20 90 0.090566
20 91 0.176471
20 92 0.059016
20 93 0.032751
20 94 0.088710
20 95 0.082627
20 96 0.043771
20 97 0.101205
20 98 0.048583
20 99 0.052778
21 22 0.250000
21 23 0.043716
21 24 0.081272
21 25 0.319693
21 26 0.486726
21 27 0.590909
21 28 0.293103
21 29 0.184685
21 30 0.356401
21 31 0.334520
21 32 0.193277
21 33 0.746835
21 34 0.372093
21 35 0.097792
21 36 0.041667
21 37 0.265873
21 38 0.207171
21 39 0.237113
21 40 0.071651
21 41 0.168605
21 42 0.272727
21 43 0.620253
21 44 0.979592
21 45 0.208955
21 46 0.292763
21 47 0.230769
21 48 0.245902
21 49 0.336207
21 50 0.074349
21 51 0.308176
21 52 0.175879
21 53 0.725000
21 54 0.358209
21 55 0.057692
21 56 0.083019
21 57 0.175926
21 58 0.043103
21 59 0.220000
21 60 0.146341
21 61 0.114865
21 62 0.121302
21 63 0.979167
21 64 0.296296
21 65 0.115079
21 66 0.117460
21 67 0.205357
21 68 0.134921
21 69 0.163265
21 70 0.146520
21 71 0.159817
21 72 0.745455
21 73 0.103774
21 74 0.092199
21 75 0.270073
21 76 0.053191
21 77 0.107579
21 78 0.277778
21 79 0.319767
21 80 0.656250
21 81 0.158228
21 82 0.071823
21 83 0.060000
21 84 0.210526
21 85 0.033742
21 86 0.125654
21 87 0.089918
21 88 0.138122
21 89 0.136612
21 90 0.113208
21 91 0.214286
21 92 0.111111
21 93 0.056818
21 94 0.104101
21 95 0.177273
21 96 0.036212
21 97 0.168000
21 98 0.045977
21 99 0.097938
22 23 0.040609
22 24 0.469388
22 25 0.272926
22 26 0.916667
22 27 0.243446
22 28 0.520408
22 29 0.090508
22 30 0.269634
22 31 0.367188
22 32 0.079038
22 33 0.310526
22 34 0.229226
22 35 0.360465
22 36 0.020408
22 37 0.234266
22 38 0.160000
22 39 0.083942
22 40 0.237113
22 41 0.172619
22 42 0.225564
22 43 0.251282
22 44 0.228571
22 45 0.275862
22 46 0.200450
22 47 0.078717
22 48 0.118110
22 49 0.246835
22 50 0.588235
22 51 0.170732
22 52 0.301724
22 53 0.143564
22 54 0.141593
22 55 0.046512
22 56 0.068536
22 57 0.441860
22 58 0.021598
22 59 0.101149
22 60 0.102689
22 61 0.178947
22 62 0.109920
22 63 0.167857
22 64 0.200000
22 65 0.122363
22 66 0.181373
22 67 0.093496
22 68 0.277174
22 69 0.178344
22 70 0.232558
22 71 0.135659
22 72 0.157088
22 73 0.112245
22 74 0.072022
22 75 0.234177
22 76 0.234375
22 77 0.097345
22 78 0.153509
22 79 0.161765
22 80 0.193252
22 81 0.203252
22 82 0.162500
22 83 0.122807
22 84 0.150235
22 85 0.114583
22 86 0.071217
22 87 0.077647
22 88 0.095420
22 89 0.172414
22 90 0.110092
22 91 0.089330
22 92 0.129496
22 93 0.483871
22 94 0.143478
22 95 0.169565
22 96 0.035714
22 97 0.608696
22 98 0.042254
22 99 0.218391
23 24 0.102222
23 25 0.469925
23 26 0.398551
23 27 0.537190
23 28 0.500000
23 29 0.123123
23 30 0.553763
23 31 0.940000
23 32 0.077441
23 33 0.278302
23 34 0.496894
23 35 0.128099
23 36 0.018927
23 37 0.705263
23 38 0.406250
23 39 0.083942
23 40 0.099138
23 41 0.966667
23 42 0.167598
23 43 0.305296
23 44 0.355556
23 45 0.615385
23 46 0.353175
23 47 0.116883
23 48 0.198238
23 49 0.179724
23 50 0.089686
23 51 0.441441
23 52 0.411765
23 53 0.158470
23 54 0.238806
23 55 0.034582
23 56 0.173228
23 57 0.280788
23 58 0.029155
23 59 0.132132
23 60 0.195349
23 61 0.134921
23 62 0.218085
23 63 0.235000
23 64 0.872727
23 65 0.408451
23 66 0.253425
23 67 0.232323
23 68 0.209877
23 69 0.341463
23 70 0.363636
23 71 0.555556
23 72 0.256250
23 73 0.709677
23 74 0.157576
23 75 0.606557
23 76 0.075377
23 77 0.164794
23 78 0.127273
23 79 0.319767
23 80 0.234201
23 81 0.308642
23 82 0.109244
23 83 0.100000
23 84 0.112281
23 85 0.044898
23 86 0.153846
23 87 0.141026
23 88 0.352113
23 89 0.471698
23 90 0.750000
23 91 0.115385
23 92 0.290323
23 93 0.071429
23 94 0.237410
23 95 0.114706
23 96 0.067358
23 97 0.267516
23 98 0.123711
23 99 0.171171
24 25 0.262605
24 26 0.728477
24 27 0.211039
24 28 0.386364
24 29 0.082164
24 30 0.252451
24 31 0.352060
24 32 0.067847
24 33 0.247899
24 34 0.209424
24 35 0.794872
24 36 0.017647
24 37 0.218954
24 38 0.148571
24 39 0.071651
24 40 0.418182
24 41 0.146465
24 42 0.197368
24 43 0.223744
24 44 0.187500
24 45 0.265403
24 46 0.187368
24 47 0.069409
24 48 0.106383
24 49 0.190244
24 50 0.952381
24 51 0.151703
24 52 0.248227
24 53 0.116000
24 54 0.125654
24 55 0.040404
24 56 0.064140
24 57 0.564356
24 58 0.019646
24 59 0.091286
24 60 0.095672
24 61 0.122302
24 62 0.105398
24 63 0.143731
24 64 0.176471
24 65 0.114625
24 66 0.186869
24 67 0.080420
24 68 0.340000
24 69 0.175000
24 70 0.228571
24 71 0.124113
24 72 0.133987
24 73 0.101382
24 74 0.067532
24 75 0.189744
24 76 0.394737
24 77 0.094421
24 78 0.127737
24 79 0.145503
24 80 0.168000
24 81 0.158228
24 82 0.209677
24 83 0.144828
24 84 0.124514
24 85 0.224490
24 86 0.064516
24 87 0.074492
24 88 0.085324
24 89 0.144509
24 90 0.099585
24 91 0.080000
24 92 0.104651
24 93 0.789474
24 94 0.144737
24 95 0.146067
24 96 0.034759
24 97 0.583333
24 98 0.039604
24 99 0.162393
25 26 0.203327
25 27 0.230496
25 28 0.139344
25 29 0.104061
25 30 0.990385
25 31 0.441315
25 32 0.045455
25 33 0.130531
25 34 0.430108
25 35 0.064182
25 36 0.011257
25 37 0.387283
25 38 0.358621
25 39 0.047423
25 40 0.049356
25 41 0.097973
25 42 0.099338
25 43 0.214442
25 44 0.135593
25 45 0.208178
25 46 0.601351
25 47 0.076271
25 48 0.160142
25 49 0.083156
25 50 0.041667
25 51 0.210300
25 52 0.102339
25 53 0.070388
25 54 0.157895
25 55 0.020270
25 56 0.157143
25 57 0.136364
25 58 0.024938
25 59 0.104019
25 60 0.330709
25 61 0.043478
25 62 0.455556
25 63 0.124668
25 64 0.196721
25 65 0.129464
25 66 0.120130
25 67 0.081560
25 68 0.118605
25 69 0.307692
25 70 0.129450
25 71 0.171569
25 72 0.120235
25 73 0.083969
25 74 0.234234
25 75 0.115265
25 76 0.033860
25 77 0.977778
25 78 0.068493
25 79 0.228216
25 80 0.144495
25 81 0.072046
25 82 0.059091
25 83 0.052500
25 84 0.060377
25 85 0.022822
25 86 0.114286
25 87 0.970588
25 88 0.113636
25 89 0.079365
25 90 0.099585
25 91 0.084507
25 92 0.054878
25 93 0.032258
25 94 0.120000
25 95 0.065767
25 96 0.105691
25 97 0.103960
25 98 0.068966
25 99 0.051075
26 27 0.215232
26 28 0.283333
26 29 0.092342
26 30 0.227373
26 31 0.264045
26 32 0.100877
26 33 0.388158
26 34 0.199501
26 35 0.166667
26 36 0.027273
26 37 0.181081
26 38 0.130326
26 39 0.105505
26 40 0.112195
26 41 0.117409
26 42 0.382166
26 43 0.275281
26 44 0.213333
26 45 0.181230
26 46 0.178715
26 47 0.078947
26 48 0.111663
26 49 0.348214
26 50 0.152672
26 51 0.145401
26 52 0.165877
26 53 0.155914
26 54 0.135211
26 55 0.078947
26 56 0.054863
26 57 0.230769
26 58 0.022075
26 59 0.105769
26 60 0.089362
26 61 0.112583
26 62 0.088553
26 63 0.172794
26 64 0.158940
26 65 0.087349
26 66 0.115987
26 67 0.080139
26 68 0.170569
26 69 0.133652
26 70 0.141343
26 71 0.103550
26 72 0.151292
26 73 0.076923
26 74 0.059633
26 75 0.167421
26 76 0.083333
26 77 0.081181
26 78 0.225806
26 79 0.146277
26 80 0.213559
26 81 0.127551
26 82 0.094891
26 83 0.072664
26 84 0.251969
26 85 0.055838
26 86 0.062663
26 87 0.064706
26 88 0.076453
26 89 0.108225
26 90 0.078947
26 91 0.094737
26 92 0.083721
26 93 0.106383
26 94 0.096491
26 95 0.330508
26 96 0.028139
26 97 0.224599
26 98 0.032258
26 99 0.104972
27 28 0.288136
27 29 0.193396
27 30 0.575419
27 31 0.463054
27 32 0.101770
27 33 0.331461
27 34 0.747664
27 35 0.092814
27 36 0.023810
27 37 0.426752
27 38 0.358621
27 39 0.112745
27 40 0.069697
27 41 0.224806
27 42 0.182927
27 43 0.468900
27 44 0.592593
27 45 0.266667
27 46 0.445000
27 47 0.241071
27 48 0.387931
27 49 0.190244
27 50 0.066667
27 51 0.980000
27 52 0.192308
27 53 0.213235
27 54 0.592593
27 55 0.037975
27 56 0.136646
27 57 0.182109
27 58 0.044843
27 59 0.206573
27 60 0.234637
27 61 0.098266
27 62 0.175214
27 63 0.470000
27 64 0.648649
27 65 0.164773
27 66 0.139098
27 67 0.958333
27 68 0.142061
27 69 0.218750
27 70 0.173913
27 71 0.271318
27 72 0.672131
27 73 0.145695
27 74 0.150289
27 75 0.321739
27 76 0.051195
27 77 0.146179
27 78 0.150215
27 79 0.723684
27 80 0.377246
27 81 0.165563
27 82 0.074074
27 83 0.064220
27 84 0.125000
27 85 0.032353
27 86 0.282353
27 87 0.127907
27 88 0.297619
27 89 0.163399
27 90 0.172662
27 91 0.185567
27 92 0.126761
27 93 0.051724
27 94 0.128405
27 95 0.120743
27 96 0.050000
27 97 0.166667
27 98 0.071429
27 99 0.097436
28 29 0.109043
28 30 0.360140
28 31 0.531073
28 32 0.087121
28 33 0.364198
28 34 0.317460
28 35 0.196203
28 36 0.021739
28 37 0.345361
28 38 0.227074
28 39 0.095041
28 40 0.147436
28 41 0.402778
28 42 0.209059
28 43 0.295181
28 44 0.352941
28 45 0.417910
28 46 0.256484
28 47 0.101504
28 48 0.154110
28 49 0.261745
28 50 0.157480
28 51 0.255208
28 52 0.972222
28 53 0.189542
28 54 0.189723
28 55 0.043321
28 56 0.096491
28 57 0.380000
28 58 0.025840
28 59 0.120548
28 60 0.134615
28 61 0.435897
28 62 0.143860
28 63 0.221698
28 64 0.335664
28 65 0.189542
28 66 0.231250
28 67 0.149351
28 68 0.250000
28 69 0.232365
28 70 0.338983
28 71 0.213415
28 72 0.224044
28 73 0.205607
28 74 0.097744
28 75 0.587302
28 76 0.128205
28 77 0.120548
28 78 0.159817
28 79 0.223577
28 80 0.233333
28 81 0.961538
28 82 0.137566
28 83 0.118644
28 84 0.146789
28 85 0.067073
28 86 0.099585
28 87 0.098802
28 88 0.151515
28 89 0.480769
28 90 0.188976
28 91 0.107143
28 92 0.428571
28 93 0.130435
28 94 0.188571
28 95 0.149425
28 96 0.045936
28 97 0.531646
28 98 0.061856
28 99 0.950000
29 30 0.338816
29 31 0.232673
29 32 0.091633
29 33 0.202055
29 34 0.349345
29 35 0.058380
29 36 0.021661
29 37 0.194203
29 38 0.168831
29 39 0.093496
29 40 0.043315
29 41 0.085294
29 42 0.153846
29 43 0.837607
29 44 0.196721
29 45 0.133333
29 46 0.354582
29 47 0.245455
29 48 0.368852
29 49 0.117470
29 50 0.041068
29 51 0.210300
29 52 0.089974
29 53 0.111538
29 54 0.360902
29 55 0.031579
29 56 0.066465
29 57 0.109405
29 58 0.909091
29 59 0.977778
29 60 0.156716
29 61 0.047222
29 62 0.105128
29 63 0.268571
29 64 0.170213
29 65 0.076316
29 66 0.077568
29 67 0.097872
29 68 0.089631
29 69 0.125843
29 70 0.090498
29 71 0.107034
29 72 0.211340
29 73 0.060942
29 74 0.082278
29 75 0.115625
29 76 0.030550
29 77 0.102088
29 78 0.112903
29 79 0.305556
29 80 0.401274
29 81 0.070822
29 82 0.046512
29 83 0.039033
29 84 0.093294
29 85 0.020446
29 86 0.113208
29 87 0.085271
29 88 0.088968
29 89 0.069061
29 90 0.069164
29 91 0.473684
29 92 0.051724
29 93 0.031250
29 94 0.070968
29 95 0.095588
29 96 0.030233
29 97 0.092308
29 98 0.033613
29 99 0.047980
30 31 0.552941
30 32 0.057072
30 33 0.167614
30 34 0.963855
30 35 0.073460
30 36 0.013953
30 37 0.626168
30 38 0.881356
30 39 0.060209
30 40 0.056373
30 41 0.134884
30 42 0.119048
30 43 0.275281
30 44 0.188976
30 45 0.255708
30 46 0.988889
30 47 0.107143
30 48 0.243243
30 49 0.104558
30 50 0.049020
30 51 0.374046
30 52 0.130112
30 53 0.092949
30 54 0.237624
30 55 0.024390
30 56 0.314286
30 57 0.154891
30 58 0.032154
30 59 0.134146
30 60 0.857143
30 61 0.055738
30 62 0.450549
30 63 0.172161
30 64 0.317881
30 65 0.173653
30 66 0.137037
30 67 0.127072
30 68 0.129771
30 69 0.321839
30 70 0.155039
30 71 0.275591
30 72 0.172269
30 73 0.114583
30 74 0.962963
30 75 0.158120
30 76 0.039474
30 77 0.335878
30 78 0.085158
30 79 0.395683
30 80 0.189759
30 81 0.094697
30 82 0.065657
30 83 0.058333
30 84 0.074246
30 85 0.026005
30 86 0.224299
30 87 0.383721
30 88 0.198413
30 89 0.105042
30 90 0.142857
30 91 0.110092
30 92 0.073171
30 93 0.038071
30 94 0.136364
30 95 0.078629
30 96 0.094891
30 97 0.124260
30 98 0.103448
30 99 0.064189
31 32 0.057935
31 33 0.189711
31 34 0.416667
31 35 0.114391
31 36 0.014388
31 37 0.985294
31 38 0.433333
31 39 0.061497
31 40 0.090909
31 41 0.239669
31 42 0.132159
31 43 0.239024
31 44 0.205128
31 45 0.982456
31 46 0.347656
31 47 0.086262
31 48 0.156794
31 49 0.125000
31 50 0.073260
31 51 0.284884
31 52 0.241379
31 53 0.102473
31 54 0.175182
31 55 0.027088
31 56 0.215686
31 57 0.276699
31 58 0.024155
31 59 0.106796
31 60 0.196262
31 61 0.080569
31 62 0.330645
31 63 0.159864
31 64 0.372093
31 65 0.966667
31 66 0.366337
31 67 0.124324
31 68 0.227679
31 69 0.848485
31 70 0.412371
31 71 0.454545
31 72 0.162055
31 73 0.289474
31 74 0.180556
31 75 0.235669
31 76 0.064378
31 77 0.221106
31 78 0.093583
31 79 0.242291
31 80 0.173554
31 81 0.150602
31 82 0.113043
31 83 0.109375
31 84 0.083770
31 85 0.040892
31 86 0.120000
31 87 0.183333
31 88 0.201613
31 89 0.195312
31 90 0.342857
31 91 0.090909
31 92 0.121622
31 93 0.058366
31 94 0.452055
31 95 0.090069
31 96 0.119266
31 97 0.215385
31 98 0.210526
31 99 0.107955
32 33 0.561905
32 34 0.246154
32 35 0.082228
32 36 0.200000
32 37 0.180593
32 38 0.140921
32 39 0.958333
32 40 0.059432
32 41 0.102837
32 42 0.428571
32 43 0.695035
32 44 0.290909
32 45 0.148148
32 46 0.219212
32 47 0.148352
32 48 0.169173
32 49 0.291045
32 50 0.062305
32 51 0.178182
32 52 0.118644
32 53 0.247863
32 54 0.216216
32 55 0.091603
32 56 0.057441
32 57 0.141089
32 58 0.038760
32 59 0.206573
32 60 0.106329
32 61 0.074561
32 62 0.089912
32 63 0.356061
32 64 0.170819
32 65 0.078804
32 66 0.088305
32 67 0.100000
32 68 0.110629
32 69 0.121739
32 70 0.106383
32 71 0.103550
32 72 0.246988
32 73 0.067692
32 74 0.065327
32 75 0.151020
32 76 0.042857
32 77 0.083650
32 78 0.472973
32 79 0.199275
32 80 0.649485
32 81 0.098039
32 82 0.058957
32 83 0.047945
32 84 0.304762
32 85 0.028424
32 86 0.079734
32 87 0.068323
32 88 0.083333
32 89 0.086806
32 90 0.073171
32 91 0.203390
32 92 0.067925
32 93 0.046584
32 94 0.077465
32 95 0.242236
32 96 0.027254
32 97 0.127660
32 98 0.031662
32 99 0.067616
33 34 0.281690
33 35 0.112727
33 36 0.052174
33 37 0.225589
33 38 0.168831
33 39 0.270588
33 40 0.080986
33 41 0.151832
33 42 0.392157
33 43 0.471154
33 44 0.484848
33 45 0.197183
33 46 0.236074
33 47 0.139896
33 48 0.172414
33 49 0.975000
33 50 0.090498
33 51 0.218750
33 52 0.179487
33 53 0.674419
33 54 0.226415
33 55 0.085106
33 56 0.069401
33 57 0.190000
33 58 0.033113
33 59 0.166038
33 60 0.117647
33 61 0.136000
33 62 0.105398
33 63 0.379032
33 64 0.228571
33 65 0.102837
33 66 0.115625
33 67 0.133721
33 68 0.143258
33 69 0.149333
33 70 0.144404
33 71 0.133588
33 72 0.312977
33 73 0.093617
33 74 0.076246
33 75 0.240260
33 76 0.060976
33 77 0.094828
33 78 0.546875
33 79 0.222672
33 80 0.431507
33 81 0.160256
33 82 0.077151
33 83 0.062874
33 84 0.405063
33 85 0.038596
33 86 0.091603
33 87 0.077830
33 88 0.106838
33 89 0.130208
33 90 0.098765
33 91 0.157205
33 92 0.107143
33 93 0.068182
33 94 0.100000
33 95 0.268966
33 96 0.032338
33 97 0.187500
33 98 0.039604
33 99 0.106742
34 35 0.077114
34 36 0.016997
34 37 0.531746
34 38 0.641975
34 39 0.075410
34 40 0.058524
34 41 0.156757
34 42 0.138249
34 43 0.357664
34 44 0.258065
34 45 0.247788
34 46 0.908163
34 47 0.158824
34 48 0.416667
34 49 0.125806
34 50 0.052910
34 51 0.753846
34 52 0.143443
34 53 0.119835
34 54 0.400000
34 55 0.028436
34 56 0.211538
34 57 0.157459
34 58 0.042017
34 59 0.176000
34 60 0.575342
34 61 0.065134
34 62 0.253086
34 63 0.242268
34 64 0.436364
34 65 0.164773
34 66 0.130282
34 67 0.198276
34 68 0.128463
34 69 0.253394
34 70 0.154440
34 71 0.286885
34 72 0.253086
34 73 0.122222
34 74 0.292135
34 75 0.192708
34 76 0.041783
34 77 0.206573
34 78 0.103245
34 79 0.982143
34 80 0.250996
34 81 0.110132
34 82 0.065657
34 83 0.057692
34 84 0.088398
34 85 0.027160
34 86 0.960000
34 87 0.196429
34 88 0.274725
34 89 0.118483
34 90 0.152866
34 91 0.146341
34 92 0.085308
34 93 0.040984
34 94 0.125954
34 95 0.090909
34 96 0.064677
34 97 0.132492
34 98 0.086957
34 99 0.071429
35 36 0.015831
35 37 0.211356
35 38 0.142857
35 39 0.064067
35 40 0.958333
35 41 0.133028
35 42 0.175953
35 43 0.206751
35 44 0.166667
35 45 0.261682
35 46 0.180527
35 47 0.064133
35 48 0.100000
35 49 0.160494
35 50 0.344828
35 51 0.141618
35 52 0.220126
35 53 0.101399
35 54 0.116788
35 55 0.035928
35 56 0.061972
35 57 0.703704
35 58 0.018484
35 59 0.085271
35 60 0.092308
35 61 0.098837
35 62 0.104061
35 63 0.130556
35 64 0.163823
35 65 0.111111
35 66 0.193717
35 67 0.073718
35 68 0.425000
35 69 0.175549
35 70 0.228571
35 71 0.118243
35 72 0.121662
35 73 0.095238
35 74 0.065327
35 75 0.168182
35 76 0.348837
35 77 0.093817
35 78 0.112179
35 79 0.136476
35 80 0.153659
35 81 0.135870
35 82 0.276596
35 83 0.172131
35 84 0.108475
35 85 0.916667
35 86 0.060914
35 87 0.073497
35 88 0.080128
35 89 0.130208
35 90 0.094118
35 91 0.074380
35 92 0.092308
35 93 0.272727
35 94 0.147982
35 95 0.128713
35 96 0.034667
35 97 0.488372
35 98 0.038462
35 99 0.134752
36 37 0.170051
36 38 0.131980
36 39 0.479167
36 40 0.058974
36 41 0.096667
36 42 0.521739
36 43 0.590361
36 44 0.255319
36 45 0.141772
36 46 0.205069
36 47 0.127962
36 48 0.152542
36 49 0.284672
36 50 0.062112
36 51 0.162791
36 52 0.113269
36 53 0.214815
36 54 0.191235
36 55 0.113208
36 56 0.053922
36 57 0.138350
36 58 0.035211
36 59 0.184874
36 60 0.099291
36 61 0.071130
36 62 0.085239
36 63 0.293750
36 64 0.157895
36 65 0.074742
36 66 0.085253
36 67 0.090196
36 68 0.108974
36 69 0.116424
36 70 0.102302
36 71 0.097222
36 72 0.213542
36 73 0.063953
36 74 0.061321
36 75 0.140684
36 76 0.042373
36 77 0.079710
36 78 0.522388
36 79 0.180921
36 80 0.500000
36 81 0.092593
36 82 0.058036
36 83 0.046980
36 84 0.344086
36 85 0.028278
36 86 0.073171
36 87 0.064833
36 88 0.077160
36 89 0.082237
36 90 0.068966
36 91 0.177340
36 92 0.064286
36 93 0.046296
36 94 0.074661
36 95 0.278571
36 96 0.025948
36 97 0.125000
36 98 0.029851
36 99 0.065068
37 38 0.981132
37 39 0.066092
37 40 0.075908
37 41 0.233871
37 42 0.133929
37 43 0.269231
37 44 0.231884
37 45 0.495575
37 46 0.468421
37 47 0.103053
37 48 0.200000
37 49 0.126623
37 50 0.064725
37 51 0.418803
37 52 0.205882
37 53 0.110266
37 54 0.220183
37 55 0.027523
37 56 0.564103
37 57 0.218391
37 58 0.028249
37 59 0.123249
37 60 0.281879
37 61 0.077273
37 62 0.436170
37 63 0.184314
37 64 0.527473
37 65 0.483333
37 66 0.222892
37 67 0.159722
37 68 0.178322
37 69 0.549020
37 70 0.264901
37 71 0.972222
37 72 0.191589
37 73 0.244444
37 74 0.317073
37 75 0.241830
37 76 0.054348
37 77 0.254335
37 78 0.097222
37 79 0.333333
37 80 0.195046
37 81 0.142857
37 82 0.089965
37 83 0.083004
37 84 0.085561
37 85 0.034591
37 86 0.176471
37 87 0.235714
37 88 0.337838
37 89 0.174825
37 90 0.352941
37 91 0.104348
37 92 0.115385
37 93 0.051020
37 94 0.235714
37 95 0.090278
37 96 0.121495
37 97 0.178723
37 98 0.923077
37 99 0.095000
38 39 0.066282
38 40 0.065714
38 41 0.183544
38 42 0.130435
38 43 0.286550
38 44 0.227488
38 45 0.339394
38 46 0.644928
38 47 0.113924
38 48 0.240642
38 49 0.120370
38 50 0.057143
38 51 0.505155
38 52 0.165877
38 53 0.107807
38 54 0.252632
38 55 0.026786
38 56 0.956522
38 57 0.183280
38 58 0.031546
38 59 0.135385
38 60 0.437500
38 61 0.068000
38 62 0.455556
38 63 0.192623
38 64 0.480000
38 65 0.258929
38 66 0.169725
38 67 0.164286
38 68 0.150442
38 69 0.397163
38 70 0.198020
38 71 0.507246
38 72 0.200000
38 73 0.164179
38 74 0.702703
38 75 0.206704
38 76 0.046584
38 77 0.278481
38 78 0.095109
38 79 0.423077
38 80 0.204545
38 81 0.120773
38 82 0.076246
38 83 0.068852
38 84 0.082902
38 85 0.030137
38 86 0.247423
38 87 0.282051
38 88 0.333333
38 89 0.138889
38 90 0.218182
38 91 0.113208
38 92 0.095238
38 93 0.044643
38 94 0.170984
38 95 0.087054
38 96 0.104839
38 97 0.150000
38 98 0.187500
38 99 0.079832
39 40 0.062500
39 41 0.112403
39 42 0.408163
39 43 0.690141
39 44 0.338028
39 45 0.157746
39 46 0.229381
39 47 0.160714
39 48 0.179283
39 49 0.330508
39 50 0.065789
39 51 0.193676
39 52 0.128205
39 53 0.308511
39 54 0.234146
39 55 0.087591
39 56 0.060942
39 57 0.148438
39 58 0.039370
39 59 0.209524
39 60 0.111702
39 61 0.082126
39 62 0.094470
39 63 0.415929
39 64 0.186047
39 65 0.084302
39 66 0.093434
39 67 0.110577
39 68 0.115909
39 69 0.128440
39 70 0.113314
39 71 0.111111
39 72 0.282759
39 73 0.073090
39 74 0.068966
39 75 0.166667
39 76 0.045317
39 77 0.087302
39 78 0.522388
39 79 0.214008
39 80 0.700000
39 81 0.107296
39 82 0.061758
39 83 0.050360
39 84 0.316832
39 85 0.029810
39 86 0.085409
39 87 0.071429
39 88 0.090253
39 89 0.094340
39 90 0.078947
39 91 0.208092
39 92 0.074380
39 93 0.049342
39 94 0.081886
39 95 0.239264
39 96 0.028571
39 97 0.136364
39 98 0.033708
39 99 0.073077
40 41 0.138756
40 42 0.167598
40 43 0.205021
40 44 0.166667
40 45 0.284264
40 46 0.184647
40 47 0.064133
40 48 0.100897
40 49 0.153543
40 50 0.266667
40 51 0.144970
40 52 0.231788
40 53 0.099656
40 54 0.117647
40 55 0.034188
40 56 0.064516
40 57 0.982759
40 58 0.018484
40 59 0.085106
40 60 0.094808
40 61 0.097701
40 62 0.108753
40 63 0.129477
40 64 0.169014
40 65 0.118367
40 66 0.217647
40 67 0.074919
40 68 0.520408
40 69 0.187291
40 70 0.254777
40 71 0.123675
40 72 0.121662
40 73 0.100917
40 74 0.067708
40 75 0.172093
40 76 0.375000
40 77 0.097561
40 78 0.108025
40 79 0.138889
40 80 0.151807
40 81 0.138889
40 82 0.361111
40 83 0.212121
40 84 0.103560
40 85 0.611111
40 86 0.062176
40 87 0.076389
40 88 0.082781
40 89 0.136612
40 90 0.099174
40 91 0.073922
40 92 0.095238
40 93 0.223881
40 94 0.162562
40 95 0.121495
40 96 0.036517
40 97 0.538462
40 98 0.040404
40 99 0.138686
41 42 0.179641
41 43 0.308176
41 44 0.387097
41 45 0.571429
41 46 0.320144
41 47 0.114894
41 48 0.186722
41 49 0.203125
41 50 0.102041
41 51 0.376923
41 52 0.593220
41 53 0.174699
41 54 0.228571
41 55 0.037152
41 56 0.141026
41 57 0.306452
41 58 0.028490
41 59 0.130564
41 60 0.173554
41 61 0.175258
41 62 0.188940
41 63 0.241026
41 64 0.631579
41 65 0.311828
41 66 0.253425
41 67 0.216981
41 68 0.221739
41 69 0.301075
41 70 0.380952
41 71 0.380435
41 72 0.259494
41 73 0.488889
41 74 0.134021
41 75 0.973684
41 76 0.085714
41 77 0.148649
41 78 0.137795
41 79 0.291005
41 80 0.240458
41 81 0.480769
41 82 0.116592
41 83 0.105528
41 84 0.122605
41 85 0.049774
41 86 0.135593
41 87 0.125000
41 88 0.260417
41 89 0.961538
41 90 0.406780
41 91 0.115016
41 92 0.545455
41 93 0.081967
41 94 0.226027
41 95 0.124204
41 96 0.059091
41 97 0.318182
41 98 0.095238
41 99 0.228916
42 43 0.350000
42 44 0.192000
42 45 0.133333
42 46 0.170172
42 47 0.085987
42 48 0.114213
42 49 0.274648
42 50 0.070423
42 51 0.131016
42 52 0.108696
42 53 0.150259
42 54 0.138329
42 55 0.923077
42 56 0.046908
42 57 0.144670
42 58 0.025189
42 59 0.125000
42 60 0.083004
42 61 0.068273
42 62 0.075926
42 63 0.185771
42 64 0.132597
42 65 0.068075
42 66 0.083146
42 67 0.071207
42 68 0.113586
42 69 0.107692
42 70 0.099010
42 71 0.084746
42 72 0.149635
42 73 0.058047
42 74 0.052738
42 75 0.123746
42 76 0.045593
42 77 0.071429
42 78 0.368421
42 79 0.140306
42 80 0.268085
42 81 0.085911
42 82 0.061176
42 83 0.048387
42 84 0.426667
42 85 0.031250
42 86 0.058394
42 87 0.057292
42 88 0.064767
42 89 0.075988
42 90 0.061538
42 91 0.113924
42 92 0.058632
42 93 0.051370
42 94 0.071429
42 95 0.951220
42 96 0.023593
42 97 0.129231
42 98 0.026490
42 99 0.063973
43 44 0.242424
43 45 0.136253
43 46 0.270517
43 47 0.257143
43 48 0.250000
43 49 0.157895
43 50 0.047281
43 51 0.196787
43 52 0.098870
43 53 0.153439
43 54 0.309677
43 55 0.044280
43 56 0.060773
43 57 0.118503
43 58 0.081967
43 59 0.594595
43 60 0.126126
43 61 0.055556
43 62 0.095128
43 63 0.382114
43 64 0.170213
43 65 0.075718
43 66 0.079914
43 67 0.101770
43 68 0.095506
43 69 0.120690
43 70 0.094787
43 71 0.103858
43 72 0.254658
43 73 0.062678
43 74 0.072022
43 75 0.128472
43 76 0.034169
43 77 0.090349
43 78 0.167464
43 79 0.252294
43 80 0.984375
43 81 0.079872
43 82 0.050000
43 83 0.041502
43 84 0.132231
43 85 0.022822
43 86 0.095618
43 87 0.074661
43 88 0.085911
43 89 0.074850
43 90 0.069767
43 91 0.837209
43 92 0.057325
43 93 0.035714
43 94 0.071895
43 95 0.129568
43 96 0.028078
43 97 0.102941
43 98 0.032000
43 99 0.054131
44 45 0.253394
44 46 0.317857
44 47 0.201493
44 48 0.251397
44 49 0.312000
44 50 0.081967
44 51 0.392000
44 52 0.224359
44 53 0.491525
44 54 0.360902
44 55 0.050420
44 56 0.098655
44 57 0.200000
44 58 0.039370
44 59 0.191304
44 60 0.162791
44 61 0.145299
44 62 0.138983
44 63 0.610390
44 64 0.410256
44 65 0.142157
44 66 0.137546
44 67 0.310811
44 68 0.151335
44 69 0.189831
44 70 0.176211
44 71 0.202312
44 72 0.803922
44 73 0.134146
44 74 0.106557
44 75 0.406593
44 76 0.060241
44 77 0.119241
44 78 0.221519
44 79 0.359477
44 80 0.450000
44 81 0.215517
44 82 0.080247
44 83 0.067961
44 84 0.179775
44 85 0.037288
44 86 0.145455
44 87 0.100610
44 88 0.179856
44 89 0.182482
44 90 0.146341
44 91 0.179104
44 92 0.153846
44 93 0.063291
44 94 0.122677
44 95 0.160494
44 96 0.041401
44 97 0.196262
44 98 0.055814
44 99 0.121795
45 46 0.294702
45 47 0.084112
45 48 0.145161
45 49 0.139785
45 50 0.091743
45 51 0.256545
45 52 0.350000
45 53 0.110687
45 54 0.166667
45 55 0.029340
45 56 0.146667
45 57 0.377483
45 58 0.023256
45 59 0.104019
45 60 0.161538
45 61 0.098837
45 62 0.226519
45 63 0.162069
45 64 0.345324
45 65 0.547170
45 66 0.637931
45 67 0.121693
45 68 0.291429
45 69 0.500000
45 70 0.975610
45 71 0.333333
45 72 0.163347
45 73 0.360656
45 74 0.134021
45 75 0.276119
45 76 0.084746
45 77 0.172549
45 78 0.101449
45 79 0.219124
45 80 0.175978
45 81 0.192308
45 82 0.146893
45 83 0.148936
45 84 0.091691
45 85 0.051643
45 86 0.104803
45 87 0.139831
45 88 0.174825
45 89 0.268817
45 90 0.324324
45 91 0.089552
45 92 0.155172
45 93 0.073892
45 94 0.673469
45 95 0.098734
45 96 0.079755
45 97 0.297872
45 98 0.115385
45 99 0.147287
46 47 0.115880
46 48 0.302013
46 49 0.096535
46 50 0.042283
46 51 0.302469
46 52 0.104478
46 53 0.086567
46 54 0.258065
46 55 0.023483
46 56 0.141935
46 57 0.127803
46 58 0.038911
46 59 0.154930
46 60 0.976744
46 61 0.047486
46 62 0.232955
46 63 0.170909
46 64 0.234146
46 65 0.116466
46 66 0.104225
46 67 0.108491
46 68 0.107143
46 69 0.212928
46 70 0.117994
46 71 0.174129
46 72 0.164659
46 73 0.083019
46 74 0.226087
46 75 0.128472
46 76 0.033333
46 77 0.232804
46 78 0.081585
46 79 0.416667
46 80 0.196262
46 81 0.077640
46 82 0.054507
46 83 0.047511
46 84 0.070485
46 85 0.022222
46 86 0.206897
46 87 0.221477
46 88 0.136612
46 89 0.082508
46 90 0.099585
46 91 0.122867
46 92 0.058824
46 93 0.032609
46 94 0.100304
46 95 0.074713
46 96 0.058296
46 97 0.102941
46 98 0.060000
46 99 0.052778
47 48 0.523256
47 49 0.168831
47 50 0.053050
47 51 0.335616
47 52 0.124555
47 53 0.185897
47 54 0.960000
47 55 0.039604
47 56 0.085271
47 57 0.138015
47 58 0.082645
47 59 0.431373
47 60 0.181818
47 61 0.068000
47 62 0.125767
47 63 0.671429
47 64 0.258065
47 65 0.101045
47 66 0.098404
47 67 0.172932
47 68 0.110390
47 69 0.154270
47 70 0.117994
47 71 0.147059
47 72 0.488095
47 73 0.084291
47 74 0.101562
47 75 0.174528
47 76 0.039267
47 77 0.114883
47 78 0.156250
47 79 0.482456
47 80 0.700000
47 81 0.102459
47 82 0.057650
47 83 0.048611
47 84 0.125000
47 85 0.025701
47 86 0.164384
47 87 0.097923
47 88 0.130890
47 89 0.098039
47 90 0.095618
47 91 0.433735
47 92 0.075000
47 93 0.040541
47 94 0.089674
47 95 0.120743
47 96 0.036111
47 97 0.121739
47 98 0.043796
47 99 0.066434
48 49 0.131757
48 50 0.048309
48 51 0.411765
48 52 0.118243
48 53 0.131818
48 54 0.979592
48 55 0.031332
48 56 0.105263
48 57 0.133489
48 58 0.076336
48 59 0.305556
48 60 0.270968
48 61 0.059233
48 62 0.152416
48 63 0.328671
48 64 0.277457
48 65 0.109434
48 66 0.100817
48 67 0.165468
48 68 0.108511
48 69 0.172308
48 70 0.119048
48 71 0.165877
48 72 0.308271
48 73 0.086614
48 74 0.133333
48 75 0.160173
48 76 0.036765
48 77 0.140127
48 78 0.115894
48 79 0.901639
48 80 0.360000
48 81 0.093633
48 82 0.056156
48 83 0.048055
48 84 0.096677
48 85 0.024176
48 86 0.266667
48 87 0.122677
48 88 0.149701
48 89 0.093985
48 90 0.101695
48 91 0.246575
48 92 0.070039
48 93 0.037037
48 94 0.093750
48 95 0.097500
48 96 0.042208
48 97 0.114130
48 98 0.050420
48 99 0.061290
49 50 0.106952
49 51 0.198381
49 52 0.190217
49 53 0.376623
49 54 0.194332
49 55 0.091603
49 56 0.066465
49 57 0.206522
49 58 0.029240
49 59 0.144262
49 60 0.110236
49 61 0.154545
49 62 0.102500
49 63 0.290123
49 64 0.213333
49 65 0.101754
49 66 0.119741
49 67 0.117949
49 68 0.153614
49 69 0.148148
49 70 0.149813
49 71 0.128205
49 72 0.250000
49 73 0.092827
49 74 0.072423
49 75 0.235669
49 76 0.068807
49 77 0.092050
49 78 0.479452
49 79 0.198556
49 80 0.340541
49 81 0.166667
49 82 0.083601
49 83 0.067308
49 84 0.457143
49 85 0.043478
49 86 0.083045
49 87 0.075000
49 88 0.100000
49 89 0.132979
49 90 0.096774
49 91 0.133829
49 92 0.109091
49 93 0.079787
49 94 0.102167
49 95 0.312000
49 96 0.031707
49 97 0.208955
49 98 0.038462
49 99 0.117284
50 51 0.154088
50 52 0.250000
50 53 0.123404
50 54 0.129032
50 55 0.043321
50 56 0.063768
50 57 0.478992
50 58 0.020121
50 59 0.093817
50 60 0.096110
50 61 0.131783
50 62 0.104061
50 63 0.149682
50 64 0.178439
50 65 0.112840
50 66 0.176190
50 67 0.082734
50 68 0.301775
50 69 0.170732
50 70 0.218579
50 71 0.124113
50 72 0.139456
50 73 0.100457
50 74 0.067358
50 75 0.195767
50 76 0.283019
50 77 0.093418
50 78 0.137255
50 79 0.147849
50 80 0.175487
50 81 0.163399
50 82 0.180556
50 83 0.129630
50 84 0.135021
50 85 0.159420
50 86 0.065395
50 87 0.073991
50 88 0.085911
50 89 0.146199
50 90 0.099174
50 91 0.082569
50 92 0.107143
50 93 0.937500
50 94 0.138075
50 95 0.157895
50 96 0.034121
50 97 0.531646
50 98 0.039216
50 99 0.166667
51 52 0.186170
51 53 0.159341
51 54 0.466019
51 55 0.033149
51 56 0.191304
51 57 0.182109
51 58 0.041322
51 59 0.181818
51 60 0.311111
51 61 0.085859
51 62 0.220430
51 63 0.317568
51 64 0.857143
51 65 0.195946
51 66 0.148594
51 67 0.442308
51 68 0.144068
51 69 0.256881
51 70 0.183486
51 71 0.368421
51 72 0.372727
51 73 0.161765
51 74 0.209677
51 75 0.284615
51 76 0.049505
51 77 0.174603
51 78 0.124555
51 79 0.901639
51 80 0.297170
51 81 0.150602
51 82 0.074499
51 83 0.065421
51 84 0.105960
51 85 0.031429
51 86 0.480000
51 87 0.157895
51 88 0.510204
51 89 0.160256
51 90 0.203390
51 91 0.157895
51 92 0.118421
51 93 0.049020
51 94 0.141026
51 95 0.105978
51 96 0.060185
51 97 0.160920
51 98 0.093750
51 99 0.091787
52 53 0.160221
52 54 0.183206
52 55 0.038462
52 56 0.106796
52 57 0.428571
52 58 0.025063
52 59 0.115486
52 60 0.140468
52 61 0.229730
52 62 0.158301
52 63 0.202586
52 64 0.358209
52 65 0.235772
52 66 0.293651
52 67 0.144654
52 68 0.278689
52 69 0.269231
52 70 0.476190
52 71 0.244755
52 72 0.206030
52 73 0.271605
52 74 0.105691
52 75 0.536232
52 76 0.129310
52 77 0.130564
52 78 0.138340
52 79 0.223577
52 80 0.214286
52 81 0.595238
52 82 0.152047
52 83 0.137255
52 84 0.126482
52 85 0.067485
52 86 0.101695
52 87 0.106452
52 88 0.162338
52 89 0.757576
52 90 0.233010
52 91 0.101695
52 92 0.428571
52 93 0.119048
52 94 0.235714
52 95 0.131757
52 96 0.051587
52 97 0.567568
52 98 0.071006
52 99 0.612903
53 54 0.280702
53 55 0.066298
53 56 0.078571
53 57 0.190635
53 58 0.037037
53 59 0.185654
53 60 0.133333
53 61 0.140496
53 62 0.116477
53 63 0.540230
53 64 0.275862
53 65 0.114625
53 66 0.121711
53 67 0.175573
53 68 0.144068
53 69 0.161850
53 70 0.153257
53 71 0.153509
53 72 0.460674
53 73 0.105263
53 74 0.086093
53 75 0.286822
53 76 0.059524
53 77 0.103286
53 78 0.350000
53 79 0.269608
53 80 0.504000
53 81 0.177305
53 82 0.077151
53 83 0.063830
53 84 0.264463
53 85 0.037288
53 86 0.109091
53 87 0.085492
53 88 0.127551
53 89 0.145349
53 90 0.112150
53 91 0.177340
53 92 0.120805
53 93 0.064655
53 94 0.106452
53 95 0.207447
53 96 0.035230
53 97 0.187500
53 98 0.044444
53 99 0.111111
54 55 0.035821
54 56 0.104265
54 57 0.145038
54 58 0.069930
54 59 0.316547
54 60 0.230769
54 61 0.069672
54 62 0.148014
54 63 0.494737
54 64 0.320000
54 65 0.116466
54 66 0.107246
54 67 0.221154
54 68 0.115909
54 69 0.175000
54 70 0.129032
54 71 0.177665
54 72 0.482353
54 73 0.096070
54 74 0.126214
54 75 0.190722
54 76 0.040541
54 77 0.132132
54 78 0.137795
54 79 0.859375
54 80 0.463235
54 81 0.109170
54 82 0.060325
54 83 0.051471
54 84 0.113074
54 85 0.026379
54 86 0.250000
54 87 0.114583
54 88 0.165563
54 89 0.107296
54 90 0.111111
54 91 0.279070
54 92 0.081448
54 93 0.041209
54 94 0.098802
54 95 0.110795
54 96 0.041534
54 97 0.126888
54 98 0.052174
54 99 0.069853
55 56 0.048140
55 57 0.147668
55 58 0.025773
55 59 0.128280
55 60 0.085020
55 61 0.071429
55 62 0.077652
55 63 0.195021
55 64 0.137143
55 65 0.069880
55 66 0.085057
55 67 0.073955
55 68 0.115646
55 69 0.110236
55 70 0.101523
55 71 0.087282
55 72 0.156489
55 73 0.059946
55 74 0.054054
55 75 0.128920
55 76 0.046729
55 77 0.072848
55 78 0.421687
55 79 0.144737
55 80 0.280000
55 81 0.089286
55 82 0.062350
55 83 0.049296
55 84 0.507937
55 85 0.031884
55 86 0.060150
55 87 0.058511
55 88 0.066845
55 89 0.078616
55 90 0.063325
55 91 0.117264
55 92 0.060811
55 93 0.052632
55 94 0.073171
55 95 0.975000
55 96 0.024119
55 97 0.132911
55 98 0.027211
55 99 0.066202
56 57 0.190635
56 58 0.029499
56 59 0.126801
56 60 0.371681
56 61 0.067729
56 62 0.561644
56 63 0.180769
56 64 0.444444
56 65 0.295918
56 66 0.183168
56 67 0.149351
56 68 0.157895
56 69 0.474576
56 70 0.211640
56 71 0.538462
56 72 0.185520
56 73 0.173228
56 74 0.590909
56 75 0.203297
56 76 0.047771
56 77 0.299320
56 78 0.092348
56 79 0.361842
56 80 0.193252
56 81 0.120773
56 82 0.079511
56 83 0.072414
56 84 0.081013
56 85 0.030899
56 86 0.200000
56 87 0.300000
56 88 0.294118
56 89 0.141243
56 90 0.233010
56 91 0.106195
56 92 0.095745
56 93 0.045317
56 94 0.188571
56 95 0.085526
56 96 0.126214
56 97 0.154412
56 98 0.255319
56 99 0.080851
57 58 0.018797
57 59 0.085770
57 60 0.103448
57 61 0.094972
57 62 0.124620
57 63 0.130194
57 64 0.186047
57 65 0.143564
57 66 0.321739
57 67 0.079310
57 68 0.894737
57 69 0.227642
57 70 0.360360
57 71 0.142276
57 72 0.123867
57 73 0.120219
57 74 0.075802
57 75 0.184080
57 76 0.223881
57 77 0.110000
57 78 0.100575
57 79 0.147453
57 80 0.150000
57 81 0.147059
57 82 0.666667
57 83 0.477273
57 84 0.094955
57 85 0.146667
57 86 0.066852
57 87 0.085938
57 88 0.091912
57 89 0.155280
57 90 0.116505
57 91 0.074227
57 92 0.103448
57 93 0.141509
57 94 0.221477
57 95 0.108635
57 96 0.042763
57 97 0.552632
57 98 0.047244
57 99 0.146154
58 59 0.897959
58 60 0.152727
58 61 0.045946
58 62 0.103015
58 63 0.254054
58 64 0.164384
58 65 0.074359
58 66 0.075975
58 67 0.093496
58 68 0.087931
58 69 0.123348
58 70 0.088496
58 71 0.103858
58 72 0.200000
58 73 0.059140
58 74 0.080247
58 75 0.111782
58 76 0.029880
58 77 0.100457
58 78 0.110063
58 79 0.291005
58 80 0.381818
58 81 0.068681
58 82 0.045614
58 83 0.038321
58 84 0.090909
58 85 0.020073
58 86 0.109091
58 87 0.083756
58 88 0.085911
58 89 0.067024
58 90 0.067039
58 91 0.439024
58 92 0.050279
58 93 0.030550
58 94 0.069474
58 95 0.093750
58 96 0.029680
58 97 0.090323
58 98 0.032698
58 99 0.046798
59 60 0.141414
59 61 0.049275
59 62 0.099757
59 63 0.301282
59 64 0.167832
59 65 0.074935
59 66 0.077406
59 67 0.097872
59 68 0.090586
59 69 0.122271
59 70 0.090909
59 71 0.104167
59 72 0.224044
59 73 0.060606
59 74 0.076923
59 75 0.118211
59 76 0.031381
59 77 0.096070
59 78 0.126812
59 79 0.280612
59 80 0.512195
59 81 0.072886
59 82 0.047187
59 83 0.039400
59 84 0.103560
59 85 0.021033
59 86 0.104803
59 87 0.079903
59 88 0.086505
59 89 0.070028
59 90 0.068376
59 91 0.972973
59 92 0.052941
59 93 0.032328
59 94 0.070362
59 95 0.105121
59 96 0.028953
59 97 0.094808
59 98 0.032520
59 99 0.049479
60 61 0.052147
60 62 0.297101
60 63 0.178030
60 64 0.280702
60 65 0.140097
60 66 0.118211
60 67 0.122995
60 68 0.117512
60 69 0.252252
60 70 0.134228
60 71 0.217391
60 72 0.175214
60 73 0.097345
60 74 0.356164
60 75 0.145098
60 76 0.036408
60 77 0.268293
60 78 0.084951
60 79 0.454545
60 80 0.198738
60 81 0.086806
60 82 0.059633
60 83 0.052369
60 84 0.073563
60 85 0.024070
60 86 0.250000
60 87 0.275000
60 88 0.170068
60 89 0.093633
60 90 0.118812
60 91 0.120000
60 92 0.066421
60 93 0.035377
60 94 0.114983
60 95 0.077844
60 96 0.070652
60 97 0.113514
60 98 0.075949
60 99 0.058642
61 62 0.130990
61 63 0.247368
61 64 0.307692
61 65 0.156757
61 66 0.185930
61 67 0.150327
61 68 0.217021
61 69 0.202899
61 70 0.254777
61 71 0.186170
61 72 0.245509
61 73 0.159420
61 74 0.090592
61 75 0.513889
61 76 0.111940
61 77 0.111959
61 78 0.193370
61 79 0.222672
61 80 0.259259
61 81 0.543478
61 82 0.119816
61 83 0.100000
61 84 0.178771
61 85 0.061453
61 86 0.097166
61 87 0.091667
61 88 0.138889
61 89 0.297619
61 90 0.154839
61 91 0.114650
61 92 0.276923
61 93 0.123967
61 94 0.154206
61 95 0.174107
61 96 0.041401
61 97 0.403846
61 98 0.054054
61 99 0.351852
62 63 0.141141
62 64 0.268156
62 65 0.211679
62 66 0.168950
62 67 0.101322
62 68 0.149123
62 69 0.577320
62 70 0.181818
62 71 0.273438
62 72 0.139456
62 73 0.122905
62 74 0.351351
62 75 0.149798
62 76 0.042135
62 77 0.550000
62 78 0.077605
62 79 0.254630
62 80 0.158291
62 81 0.093284
62 82 0.074074
62 83 0.067524
62 84 0.068670
62 85 0.027990
62 86 0.131148
62 87 0.578947
62 88 0.159236
62 89 0.106838
62 90 0.150943
62 91 0.088889
62 92 0.072289
62 93 0.039683
62 94 0.177419
62 95 0.074286
62 96 0.276596
62 97 0.132492
62 98 0.130435
62 99 0.065744
63 64 0.287425
63 65 0.109434
63 66 0.108824
63 67 0.207207
63 68 0.123487
63 69 0.159544
63 70 0.133333
63 71 0.156250
63 72 0.976190
63 73 0.095652
63 74 0.096296
63 75 0.222892
63 76 0.046440
63 77 0.110276
63 78 0.218750
63 79 0.381944
63 80 0.900000
63 81 0.130208
63 82 0.065000
63 83 0.054688
63 84 0.168421
63 85 0.029891
63 86 0.142012
63 87 0.092958
63 88 0.138122
63 89 0.118483
63 90 0.106195
63 91 0.288000
63 92 0.093750
63 93 0.048701
63 94 0.097633
63 95 0.151163
63 96 0.036212
63 97 0.145329
63 98 0.045283
63 99 0.082251
64 65 0.284314
64 66 0.188776
64 67 0.403509
64 68 0.171141
64 69 0.302703
64 70 0.245399
64 71 0.603448
64 72 0.325397
64 73 0.271605
64 74 0.192593
64 75 0.440476
64 76 0.060000
64 77 0.173228
64 78 0.128676
64 79 0.470085
64 80 0.266949
64 81 0.211864
64 82 0.088737
64 83 0.079245
64 84 0.111111
64 85 0.037162
64 86 0.235294
64 87 0.152778
64 88 0.961538
64 89 0.245098
64 90 0.363636
64 91 0.134328
64 92 0.176471
64 93 0.058594
64 94 0.179348
64 95 0.111748
64 96 0.065990
64 97 0.201923
64 98 0.120000
64 99 0.121795
65 66 0.342593
65 67 0.146497
65 68 0.224670
65 69 0.595745
65 70 0.434783
65 71 0.625000
65 72 0.183036
65 73 0.448980
65 74 0.184397
65 75 0.286822
65 76 0.067873
65 77 0.204651
65 78 0.101449
65 79 0.266990
65 80 0.188623
65 81 0.178571
65 82 0.113043
65 83 0.108247
65 84 0.090652
65 85 0.042308
65 86 0.132597
65 87 0.173684
65 88 0.252525
65 89 0.245098
65 90 0.585366
65 91 0.097561
65 92 0.147541
65 93 0.061983
65 94 0.375000
65 95 0.096059
65 96 0.100000
65 97 0.232044
65 98 0.226415
65 99 0.123377
66 67 0.094262
66 68 0.411290
66 69 0.424242
66 70 0.909091
66 71 0.216049
66 72 0.135314
66 73 0.189655
66 74 0.106557
66 75 0.207865
66 76 0.093168
66 77 0.153310
66 78 0.092348
66 79 0.177994
66 80 0.154791
66 81 0.151515
66 82 0.195489
66 83 0.225806
66 84 0.084656
66 85 0.058824
66 86 0.083624
66 87 0.120000
66 88 0.124378
66 89 0.187970
66 90 0.181818
66 91 0.078947
66 92 0.116129
66 93 0.077320
66 94 0.970588
66 95 0.093750
66 96 0.068063
66 97 0.311111
66 98 0.076923
66 99 0.128378
67 68 0.151786
67 69 0.232365
67 70 0.193237
67 71 0.307018
67 72 0.585714
67 73 0.170543
67 74 0.151163
67 75 0.397849
67 76 0.055556
67 77 0.147651
67 78 0.152174
67 79 0.585106
67 80 0.350000
67 81 0.193798
67 82 0.079511
67 83 0.069079
67 84 0.127490
67 85 0.034700
67 86 0.247423
67 87 0.128906
67 88 0.352113
67 89 0.193798
67 90 0.201681
67 91 0.168224
67 92 0.151261
67 93 0.055970
67 94 0.139831
67 95 0.123418
67 96 0.052000
67 97 0.182609
67 98 0.077922
67 99 0.110465
68 69 0.223108
68 70 0.287770
68 71 0.126354
68 72 0.107612
68 73 0.100457
68 74 0.070845
68 75 0.147410
68 76 0.123967
68 77 0.108108
68 78 0.086420
68 79 0.132850
68 80 0.133192
68 81 0.112613
68 82 0.962963
68 83 0.617647
68 84 0.081425
68 85 0.099099
68 86 0.060453
68 87 0.083123
68 88 0.080645
68 89 0.120192
68 90 0.099585
68 91 0.067164
68 92 0.080717
68 93 0.094937
68 94 0.211538
68 95 0.094431
68 96 0.041801
68 97 0.318182
68 98 0.043321
68 99 0.103261
69 70 0.273973
69 71 0.273438
69 72 0.132258
69 73 0.156028
69 74 0.173333
69 75 0.166667
69 76 0.052817
69 77 0.280255
69 78 0.079909
69 79 0.206767
69 80 0.150000
69 81 0.108225
69 82 0.099237
69 83 0.094595
69 84 0.071588
69 85 0.034810
69 86 0.102128
69 87 0.218543
69 88 0.144509
69 89 0.129534
69 90 0.180451
69 91 0.080717
69 92 0.084112
69 93 0.047923
69 94 0.336735
69 95 0.078313
69 96 0.213115
69 97 0.168000
69 98 0.133333
69 99 0.079832
70 71 0.251799
70 72 0.155894
70 73 0.265060
70 74 0.111588
70 75 0.272059
70 76 0.107914
70 77 0.149660
70 78 0.104167
70 79 0.197133
70 80 0.172131
70 81 0.204918
70 82 0.187050
70 83 0.200000
70 84 0.095238
70 85 0.063218
70 86 0.092664
70 87 0.119565
70 88 0.145349
70 89 0.274725
70 90 0.233010
70 91 0.086331
70 92 0.159292
70 93 0.089820
70 94 0.550000
70 95 0.103448
70 96 0.064677
70 97 0.396226
70 98 0.083333
70 99 0.177570
71 72 0.224044
71 73 0.333333
71 74 0.250000
71 75 0.310924
71 76 0.059055
71 77 0.212560
71 78 0.107692
71 79 0.364238
71 80 0.215017
71 81 0.174825
71 82 0.093863
71 83 0.086066
71 84 0.094395
71 85 0.037037
71 86 0.190476
71 87 0.190751
71 88 0.531915
71 89 0.221239
71 90 0.571429
71 91 0.112150
71 92 0.145161
71 93 0.055970
71 94 0.230769
71 95 0.098237
71 96 0.092199
71 97 0.198113
71 98 0.285714
71 99 0.111111
72 73 0.115183
72 74 0.111588
72 75 0.282443
72 76 0.050336
72 77 0.121547
72 78 0.194444
72 79 0.466102
72 80 0.567568
72 81 0.155280
72 82 0.070461
72 83 0.059829
72 84 0.155340
72 85 0.031977
72 86 0.173913
72 87 0.103774
72 88 0.177305
72 89 0.142045
72 90 0.129730
72 91 0.230769
72 92 0.113208
72 93 0.052265
72 94 0.110368
72 95 0.142336
72 96 0.040752
72 97 0.160305
72 98 0.053571
72 99 0.093596
73 74 0.154762
73 75 0.451220
73 76 0.079365
73 77 0.170543
73 78 0.117450
73 79 0.280612
73 80 0.210702
73 81 0.271739
73 82 0.119816
73 83 0.112903
73 84 0.104575
73 85 0.047414
73 86 0.134831
73 87 0.143478
73 88 0.274725
73 89 0.454545
73 90 0.960000
73 91 0.105263
73 92 0.243243
73 93 0.073529
73 94 0.302752
73 95 0.108939
73 96 0.073446
73 97 0.285714
73 98 0.134831
73 99 0.171171
74 75 0.171296
74 76 0.042135
74 77 0.341085
74 78 0.087282
74 79 0.381944
74 80 0.189759
74 81 0.102459
74 82 0.070081
74 83 0.062874
74 84 0.076190
74 85 0.027569
74 86 0.216216
74 87 0.383721
74 88 0.227273
74 89 0.115741
74 90 0.165517
74 91 0.108108
74 92 0.079646
74 93 0.040323
74 94 0.152778
74 95 0.080745
74 96 0.111111
74 97 0.133758
74 98 0.133333
74 99 0.069091
75 76 0.084270
75 77 0.135385
75 78 0.161290
75 79 0.298913
75 80 0.273913
75 81 0.675676
75 82 0.108333
75 83 0.095023
75 84 0.142222
75 85 0.048889
75 86 0.134078
75 87 0.113402
75 88 0.229358
75 89 0.543478
75 90 0.260870
75 91 0.125436
75 92 0.642857
75 93 0.084746
75 94 0.181319
75 95 0.139286
75 96 0.051383
75 97 0.304348
75 98 0.076433
75 99 0.237500
76 77 0.101852
76 78 0.121107
76 79 0.152778
76 80 0.167553
76 81 0.176056
76 82 0.268041
76 83 0.189189
76 84 0.116364
76 85 0.229167
76 86 0.068376
76 87 0.080488
76 88 0.092937
76 89 0.167785
76 90 0.112676
76 91 0.080537
76 92 0.118421
76 93 0.384615
76 94 0.172775
76 95 0.133106
76 96 0.038348
76 97 0.976744
76 98 0.044280
76 99 0.193878
77 78 0.066667
77 79 0.204461
77 80 0.136659
77 81 0.072046
77 82 0.062201
77 83 0.055556
77 84 0.059041
77 85 0.023555
77 86 0.101266
77 87 0.717391
77 88 0.108225
77 89 0.079872
77 90 0.100418
77 91 0.078775
77 92 0.054878
77 93 0.032895
77 94 0.130435
77 95 0.064784
77 96 0.134021
77 97 0.106599
77 98 0.070175
77 99 0.051630
78 79 0.185185
78 80 0.409091
78 81 0.115207
78 82 0.067885
78 83 0.054545
78 84 0.941176
78 85 0.034056
78 86 0.075949
78 87 0.068041
78 88 0.084746
78 89 0.098814
78 90 0.078176
78 91 0.150628
78 92 0.078261
78 93 0.058140
78 94 0.084399
78 95 0.390000
78 96 0.027957
78 97 0.153285
78 98 0.032787
78 99 0.081197
79 80 0.319797
79 81 0.113122
79 82 0.063570
79 83 0.055118
79 84 0.099071
79 85 0.027027
79 86 0.705882
79 87 0.147321
79 88 0.231481
79 89 0.116822
79 90 0.134831
79 91 0.189474
79 92 0.086538
79 93 0.041551
79 94 0.112628
79 95 0.099744
79 96 0.051383
79 97 0.131661
79 98 0.067416
79 99 0.072243
80 81 0.098814
80 82 0.056769
80 83 0.047085
80 84 0.170213
80 85 0.026253
80 86 0.106195
80 87 0.079327
80 88 0.100402
80 89 0.090580
80 90 0.081356
80 91 0.418605
80 92 0.070312
80 93 0.042135
80 94 0.081281
80 95 0.154762
80 96 0.030516
80 97 0.121387
80 98 0.036036
80 99 0.065517
81 82 0.124402
81 83 0.108808
81 84 0.145455
81 85 0.058201
81 86 0.111628
81 87 0.104762
81 88 0.177305
81 89 0.641026
81 90 0.220183
81 91 0.114286
81 92 0.947368
81 93 0.106383
81 94 0.189655
81 95 0.145522
81 96 0.048327
81 97 0.407767
81 98 0.067797
81 99 0.431818
82 83 0.500000
82 84 0.086253
82 85 0.129412
82 86 0.061069
82 87 0.081081
82 88 0.081699
82 89 0.125628
82 90 0.100418
82 91 0.068834
82 92 0.084906
82 93 0.111940
82 94 0.198795
82 95 0.100257
82 96 0.040373
82 97 0.368421
82 98 0.042705
82 99 0.112426
83 84 0.085106
83 85 0.095652
83 86 0.066116
83 87 0.089918
83 88 0.090580
83 89 0.141243
83 90 0.115942
83 91 0.071006
83 92 0.093264
83 93 0.100671
83 94 0.261905
83 95 0.097500
83 96 0.046263
83 97 0.375000
83 98 0.049180
83 99 0.120253
84 85 0.036066
84 86 0.070588
84 87 0.065606
84 88 0.080128
84 89 0.097276
84 90 0.075710
84 91 0.131868
84 92 0.076596
84 93 0.061983
84 94 0.084184
84 95 0.565217
84 96 0.027254
84 97 0.158491
84 98 0.031662
84 99 0.082609
85 86 0.060302
85 87 0.073661
85 88 0.079365
85 89 0.128205
85 90 0.093750
85 91 0.073171
85 92 0.090000
85 93 0.230769
85 94 0.150000
85 95 0.124204
85 96 0.034853
85 97 0.471910
85 98 0.038462
85 99 0.130137
86 87 0.171875
86 88 0.284091
86 89 0.123153
86 90 0.152866
86 91 0.161435
86 92 0.089552
86 93 0.042254
86 94 0.123134
86 95 0.095823
86 96 0.059091
86 97 0.135922
86 98 0.080537
86 99 0.074219
87 88 0.130890
87 89 0.088339
87 90 0.115385
87 91 0.087379
87 92 0.060811
87 93 0.034803
87 94 0.136364
87 95 0.069149
87 96 0.138298
87 97 0.113208
87 98 0.085106
87 99 0.055882
88 89 0.206612
88 90 0.338028
88 91 0.131387
88 92 0.145161
88 93 0.053957
88 94 0.177419
88 95 0.104278
88 96 0.072626
88 97 0.185022
88 98 0.141176
88 99 0.106742
89 90 0.320000
89 91 0.108434
89 92 0.750000
89 93 0.094937
89 94 0.237410
89 95 0.127451
89 96 0.056034
89 97 0.396226
89 98 0.083916
89 99 0.322034
90 91 0.108108
90 92 0.200000
90 93 0.065789
90 94 0.277311
90 95 0.105121
90 96 0.080247
90 97 0.245614
90 98 0.176471
90 99 0.143939
91 92 0.057325
91 93 0.034722
91 94 0.073333
91 95 0.116418
91 96 0.029478
91 97 0.101449
91 98 0.033708
91 99 0.053371
92 93 0.096774
92 94 0.203704
92 95 0.136842
92 96 0.052000
92 97 0.378378
92 98 0.075949
92 99 0.339286
93 94 0.147982
93 95 0.152344
93 96 0.035616
93 97 0.666667
93 98 0.041237
93 99 0.188119
94 95 0.089655
94 96 0.082803
94 97 0.259259
94 98 0.093023
94 99 0.114458
95 96 0.024390
95 97 0.143836
95 98 0.027523
95 99 0.070370
96 97 0.138614
96 98 0.121212
96 99 0.067138
97 98 0.051948
97 99 0.316667
98 99 0.095477
