100 827
0 2 70
0 3 153
0 4 40
0 5 9
0 9 187
0 17 55
0 26 154
0 30 21
0 31 137
0 44 90
0 54 81
0 57 80
0 61 66
1 7 103
1 10 27
1 20 78
1 39 45
1 45 63
1 46 117
1 47 14
1 63 34
1 69 61
1 78 137
1 92 81
2 3 90
2 4 30
2 5 77
2 9 147
2 17 34
2 18 103
2 26 114
2 30 57
2 31 67
2 49 92
2 53 92
2 54 81
2 57 11
2 59 129
2 61 80
2 62 81
2 85 75
3 4 117
3 9 86
3 17 99
3 26 66
3 31 65
3 40 86
3 43 72
3 53 62
3 56 75
3 57 78
3 59 44
3 60 114
3 62 92
3 68 82
3 84 77
3 85 129
3 86 94
3 97 75
4 5 47
4 17 29
4 30 28
4 49 109
4 54 72
4 57 40
4 61 64
4 62 107
4 85 90
5 17 64
5 30 23
5 44 86
5 54 79
5 57 88
5 61 63
5 77 277
5 85 123
6 13 56
6 25 53
6 28 86
6 36 98
6 38 15
6 41 42
6 42 59
6 65 68
6 83 58
6 99 70
7 10 119
7 18 77
7 20 163
7 39 126
7 43 155
7 46 140
7 47 92
7 49 88
7 62 127
7 63 70
7 74 114
7 76 75
7 78 109
7 80 75
7 81 7
7 85 102
7 95 182
7 98 60
8 11 89
8 12 70
8 16 141
8 20 80
8 45 112
8 64 80
8 66 96
8 73 30
8 75 55
8 87 85
8 92 108
8 95 141
9 17 135
9 19 225
9 26 33
9 31 150
9 37 60
9 40 65
9 56 27
9 57 138
9 59 55
9 68 43
9 70 197
9 84 24
9 93 144
10 12 83
10 18 188
10 20 51
10 21 172
10 39 67
10 45 58
10 46 97
10 47 41
10 49 183
10 63 56
10 69 64
10 73 156
10 74 131
10 75 110
10 78 129
10 81 125
10 82 142
10 91 178
10 92 75
10 95 129
11 12 99
11 16 78
11 20 132
11 21 84
11 29 87
11 48 78
11 64 59
11 65 93
11 72 147
11 73 72
11 87 84
11 95 117
11 99 84
12 16 104
12 20 35
12 21 101
12 29 157
12 45 103
12 46 79
12 47 124
12 64 128
12 65 179
12 66 144
12 73 90
12 74 139
12 75 94
12 78 140
12 82 107
12 87 143
12 88 124
12 92 110
12 95 79
13 28 31
13 38 47
13 41 77
13 48 112
13 65 85
13 83 94
13 87 159
13 96 133
13 99 78
14 19 178
14 22 140
14 24 49
14 25 168
14 32 98
14 36 147
14 51 30
14 67 115
14 71 104
14 79 144
14 90 75
14 94 120
15 19 66
15 32 123
15 33 111
15 40 149
15 51 120
15 52 39
15 67 23
15 70 46
15 71 26
15 90 54
15 93 55
16 21 7
16 23 104
16 29 62
16 46 103
16 55 114
16 58 155
16 64 138
16 65 94
16 72 90
16 79 109
16 82 81
16 83 105
16 88 76
16 91 98
16 95 61
16 99 97
17 26 101
17 27 227
17 30 53
17 31 97
17 35 202
17 54 101
17 57 37
17 59 130
17 84 144
18 31 99
18 34 60
18 43 116
18 49 33
18 54 60
18 57 107
18 61 77
18 62 79
18 74 122
18 76 50
18 77 190
18 78 118
18 80 27
18 81 70
18 85 33
18 89 36
18 91 192
18 98 40
19 32 190
19 33 161
19 36 325
19 37 183
19 40 190
19 52 87
19 60 307
19 67 66
19 68 199
19 70 30
19 71 89
19 84 214
19 90 105
19 93 93
20 21 134
20 39 110
20 45 70
20 46 88
20 47 92
20 63 106
20 66 129
20 69 86
20 73 107
20 74 140
20 75 81
20 78 140
20 82 125
20 91 165
20 92 79
20 95 103
21 23 97
21 29 69
21 32 180
21 46 96
21 50 124
21 55 119
21 65 101
21 72 93
21 73 140
21 77 98
21 79 108
21 82 73
21 83 112
21 87 167
21 88 69
21 91 91
21 95 53
21 99 105
22 24 122
22 25 40
22 36 13
22 41 70
22 42 58
22 51 150
22 55 107
22 83 120
22 96 130
23 27 74
23 29 150
23 35 27
23 43 101
23 46 85
23 50 82
23 53 110
23 58 91
23 60 38
23 62 128
23 72 127
23 74 77
23 77 1
23 78 82
23 79 98
23 82 44
23 86 91
23 88 30
23 91 6
23 95 74
23 97 110
24 25 141
24 32 73
24 36 133
24 42 109
24 50 117
24 51 35
24 55 105
24 65 169
24 71 127
24 72 102
24 79 99
24 83 144
24 90 107
24 94 99
25 28 128
25 36 45
25 38 68
25 41 34
25 42 41
25 55 90
25 83 91
25 96 117
26 31 124
26 40 83
26 53 127
26 56 47
26 57 105
26 59 53
26 84 45
27 32 84
27 33 102
27 35 74
27 40 121
27 43 118
27 50 40
27 53 122
27 58 22
27 60 70
27 77 73
27 79 74
27 86 38
27 91 78
27 94 69
27 97 61
28 29 147
28 36 169
28 38 78
28 41 98
28 48 109
28 64 146
28 65 113
28 83 124
28 87 155
28 96 132
28 99 104
29 38 89
29 42 104
29 51 193
29 55 62
29 64 138
29 65 35
29 72 64
29 73 159
29 79 109
29 82 139
29 83 43
29 88 128
29 91 145
29 95 123
29 99 43
30 34 66
30 44 75
30 54 62
30 57 68
30 61 49
30 62 127
30 85 100
31 35 107
31 40 148
31 43 32
31 49 69
31 53 25
31 54 117
31 57 60
31 59 108
31 60 97
31 62 27
31 74 105
31 77 133
31 78 104
31 85 66
31 86 121
31 91 138
31 97 112
32 33 110
32 40 150
32 42 164
32 50 65
32 51 68
32 55 139
32 58 62
32 60 154
32 67 128
32 71 102
32 72 110
32 79 71
32 86 107
32 90 102
32 94 26
33 37 48
33 40 45
33 52 75
33 56 82
33 58 98
33 59 84
33 60 152
33 68 65
33 70 131
33 71 111
33 86 82
33 93 69
33 94 85
33 97 71
34 44 21
34 49 82
34 54 5
34 61 19
34 76 67
34 80 56
34 85 66
34 89 31
35 43 74
35 46 94
35 50 94
35 53 83
35 58 95
35 60 13
35 62 102
35 74 66
35 77 26
35 78 70
35 79 117
35 82 62
35 86 79
35 88 54
35 91 32
35 95 94
35 97 94
36 41 70
36 42 69
36 51 160
36 55 120
36 67 263
36 72 159
36 83 131
36 90 223
36 91 285
36 96 121
37 40 12
37 52 106
37 56 35
37 59 51
37 68 17
37 70 153
37 84 38
37 86 100
37 93 93
37 94 131
37 97 80
38 41 57
38 42 69
38 55 82
38 65 56
38 83 53
38 87 180
38 96 142
38 99 57
39 43 256
39 45 60
39 47 43
39 63 61
39 66 151
39 69 46
39 76 193
39 81 133
39 91 241
39 92 73
39 98 181
40 50 154
40 52 110
40 53 136
40 56 38
40 58 124
40 59 44
40 68 21
40 71 154
40 77 177
40 84 41
40 86 88
40 93 99
40 94 124
40 97 68
41 42 68
41 96 94
42 55 51
42 65 89
42 72 94
42 79 136
42 83 64
42 99 100
43 49 83
43 53 11
43 57 92
43 59 109
43 60 64
43 62 37
43 74 82
43 77 100
43 78 82
43 81 149
43 85 87
43 86 97
43 91 106
43 97 93
44 54 26
44 61 27
44 76 67
44 80 64
44 89 40
45 47 74
45 63 96
45 66 97
45 69 18
45 75 72
45 77 234
45 91 229
45 92 18
46 47 123
46 49 152
46 62 145
46 63 121
46 74 60
46 78 62
46 81 140
46 82 44
46 88 67
46 91 81
46 92 162
46 95 43
47 49 169
47 62 196
47 63 22
47 69 70
47 81 99
47 82 168
47 92 92
47 98 151
48 64 39
48 65 120
48 73 90
48 87 46
48 99 106
49 53 85
49 54 80
49 57 93
49 60 132
49 62 46
49 63 149
49 74 96
49 76 83
49 78 92
49 80 60
49 81 81
49 85 19
49 89 66
49 98 71
50 51 127
50 53 158
50 55 127
50 58 31
50 65 168
50 72 84
50 77 81
50 79 34
50 82 117
50 86 77
50 88 95
50 90 167
50 91 84
50 94 64
50 97 100
51 52 138
51 55 140
51 58 130
51 67 111
51 71 94
51 72 132
51 79 117
51 90 72
51 94 90
52 67 63
52 68 123
52 70 57
52 71 53
52 90 85
52 93 17
52 94 107
53 57 83
53 59 101
53 60 72
53 62 38
53 63 205
53 74 93
53 77 109
53 78 93
53 84 138
53 85 87
53 86 97
53 97 91
54 61 17
54 76 71
54 80 58
54 85 64
54 89 34
55 65 64
55 72 45
55 79 93
55 83 39
55 95 169
55 99 78
56 59 34
56 68 18
56 84 4
56 97 92
57 59 118
57 62 76
57 84 140
57 85 78
57 97 149
58 60 92
58 71 147
58 72 114
58 77 90
58 79 64
58 86 52
58 88 111
58 90 156
58 91 95
58 94 48
58 97 73
59 60 133
59 68 38
59 84 38
59 86 89
59 97 65
60 62 95
60 74 71
60 77 37
60 78 75
60 79 122
60 82 75
60 86 70
60 88 67
60 90 247
60 91 44
60 97 83
61 62 121
61 76 85
61 85 78
61 91 252
62 74 85
62 76 129
62 78 83
62 80 106
62 81 120
62 85 50
62 86 134
63 74 128
63 76 143
63 78 124
63 81 77
63 82 164
63 92 114
63 95 161
63 98 129
64 73 50
64 87 25
64 95 170
64 99 120
65 72 87
65 79 136
65 83 27
65 91 180
65 95 155
65 99 14
66 69 106
66 73 114
66 75 50
66 87 147
66 92 80
67 70 56
67 71 27
67 90 40
68 70 169
68 77 192
68 84 20
68 86 105
68 93 110
68 97 83
69 75 87
69 92 27
70 71 72
70 84 184
70 93 62
71 90 32
71 93 70
71 94 100
71 97 171
72 77 128
72 79 50
72 83 71
72 88 118
72 91 125
73 75 81
73 87 55
73 92 137
73 95 150
74 77 77
74 78 5
74 81 111
74 82 68
74 85 113
74 88 81
74 91 77
74 95 90
75 87 128
75 92 61
76 80 23
76 81 70
76 82 228
76 89 38
76 98 17
77 78 82
77 79 98
77 82 45
77 83 185
77 86 90
77 88 31
77 91 7
77 95 75
77 97 109
78 80 139
78 81 106
78 82 72
78 85 109
78 88 86
78 92 204
78 95 94
78 98 139
79 83 122
79 88 101
79 90 171
79 91 98
79 94 82
80 81 68
80 82 212
80 85 58
80 89 25
80 98 19
81 85 95
81 98 54
82 85 179
82 88 22
82 91 39
82 92 204
82 95 32
83 99 40
84 86 119
84 97 96
85 89 57
85 98 73
86 94 85
86 97 23
87 99 142
88 91 24
88 95 45
89 98 43
90 94 108
91 95 68
93 94 116
93 97 140
94 97 98
95 99 158
