100 714
0 2 60
0 8 188
0 24 81
0 32 114
0 40 112
0 46 143
0 68 93
0 73 139
0 80 124
0 90 83
0 98 65
1 2 89
1 5 112
1 18 50
1 24 62
1 28 43
1 32 56
1 40 30
1 42 128
1 49 19
1 50 81
1 59 136
1 68 77
1 71 134
1 73 82
1 78 112
1 90 89
1 91 129
1 95 74
1 97 90
2 24 44
2 32 53
2 40 62
2 46 167
2 68 76
2 73 80
2 90 27
2 98 99
3 17 47
3 38 25
3 55 67
3 63 24
3 75 49
3 92 12
4 28 40
4 34 63
4 45 80
4 49 67
4 50 25
4 71 98
4 73 56
4 78 65
4 94 24
4 95 44
4 96 44
5 18 80
5 24 117
5 35 24
5 37 95
5 42 134
5 46 117
5 62 80
5 66 136
5 68 89
5 80 83
5 83 20
5 84 60
5 97 34
5 98 139
6 15 52
6 26 113
6 31 95
6 33 97
6 44 117
6 51 94
6 54 56
6 59 204
6 60 80
6 67 61
6 74 35
6 76 49
6 87 40
6 93 31
7 12 9
7 18 126
7 19 57
7 20 166
7 28 125
7 30 139
7 42 74
7 45 94
7 47 135
7 48 60
7 49 129
7 50 102
7 52 59
7 54 169
7 59 98
7 61 175
7 71 35
7 76 199
7 77 119
7 78 65
7 88 199
7 93 200
7 97 161
8 9 133
8 25 155
8 32 111
8 34 40
8 65 144
8 73 77
8 81 97
8 90 112
8 95 84
8 96 75
8 99 33
9 10 55
9 25 25
9 65 13
9 81 101
9 88 69
9 96 125
9 99 118
10 25 71
10 45 99
10 47 124
10 48 144
10 65 64
10 71 156
10 81 75
10 88 29
10 94 123
10 96 109
11 23 60
11 27 105
11 35 103
11 37 96
11 39 87
11 46 118
11 62 39
11 64 169
11 66 88
11 72 59
11 84 123
11 85 34
12 15 164
12 19 48
12 21 153
12 26 144
12 30 130
12 42 80
12 45 94
12 48 54
12 50 109
12 52 50
12 54 164
12 59 104
12 71 38
12 77 111
12 78 70
12 88 197
13 17 116
13 20 93
13 21 110
13 23 155
13 27 98
13 29 119
13 38 93
13 39 123
13 41 97
13 43 10
13 56 95
13 60 139
13 63 99
13 64 92
13 69 108
13 75 94
13 76 146
13 86 126
13 87 165
14 19 75
14 26 53
14 30 25
14 47 117
14 52 86
14 53 69
14 54 113
14 57 28
14 61 68
14 70 40
14 77 52
14 79 74
14 89 140
15 19 144
15 20 140
15 21 111
15 26 80
15 29 136
15 33 86
15 54 20
15 60 113
15 61 84
15 74 22
15 76 49
15 77 79
15 86 76
15 87 79
15 93 37
16 30 132
16 31 73
16 33 79
16 36 47
16 44 61
16 47 224
16 53 59
16 57 126
16 58 48
16 61 90
16 79 60
16 82 45
16 89 13
17 38 40
17 41 42
17 43 116
17 55 25
17 63 61
17 64 47
17 92 58
18 24 97
18 28 79
18 29 136
18 32 106
18 40 71
18 42 86
18 49 55
18 50 104
18 59 89
18 68 94
18 71 129
18 78 118
18 80 135
18 83 79
18 91 79
18 97 49
19 21 167
19 26 103
19 30 82
19 42 117
19 47 103
19 48 50
19 52 24
19 57 89
19 59 138
19 61 126
19 70 103
19 71 75
19 77 75
20 21 30
20 26 201
20 29 26
20 39 105
20 42 100
20 43 98
20 56 55
20 59 78
20 60 158
20 64 173
20 67 152
20 69 60
20 72 202
20 75 182
20 76 121
20 84 91
20 86 118
20 91 78
21 27 171
21 29 30
21 42 94
21 43 112
21 54 128
21 56 85
21 59 77
21 60 143
21 64 196
21 69 89
21 70 189
21 74 131
21 76 97
21 77 149
21 86 99
21 87 140
21 92 228
22 31 31
22 36 20
22 44 11
22 51 28
22 58 39
22 60 192
22 87 154
22 89 67
23 27 57
23 39 89
23 41 115
23 55 152
23 56 131
23 62 94
23 64 112
23 66 145
23 69 134
23 72 19
23 85 94
24 28 95
24 32 60
24 40 32
24 49 79
24 68 35
24 80 100
24 90 62
24 97 113
24 98 87
25 47 189
25 65 12
25 81 125
25 88 76
26 29 187
26 30 77
26 31 98
26 33 43
26 42 178
26 53 55
26 54 62
26 57 78
26 61 23
26 70 19
26 74 80
26 76 129
26 77 33
26 79 50
26 93 82
27 39 78
27 41 73
27 43 107
27 55 120
27 56 99
27 62 129
27 64 68
27 69 106
27 72 75
28 32 55
28 40 65
28 42 132
28 49 26
28 50 39
28 73 60
28 78 77
28 94 63
28 95 47
29 42 74
29 43 124
29 54 152
29 56 67
29 59 53
29 69 67
29 74 157
29 76 126
29 77 162
29 78 188
29 84 87
29 86 129
29 91 62
29 97 122
30 47 98
30 48 108
30 52 86
30 53 80
30 57 7
30 61 89
30 70 61
30 77 76
30 88 211
30 89 144
31 33 55
31 36 35
31 44 22
31 51 13
31 54 97
31 58 27
31 61 76
31 74 93
31 77 129
31 79 72
31 82 66
31 87 131
31 89 79
31 93 79
32 40 47
32 49 58
32 50 88
32 73 36
32 90 38
32 94 97
32 95 37
33 44 70
33 51 68
33 53 44
33 54 66
33 58 46
33 59 223
33 61 21
33 70 48
33 74 74
33 77 76
33 79 33
33 82 40
33 89 91
33 93 68
34 73 62
34 81 62
34 94 59
34 95 63
34 96 35
34 99 12
35 37 105
35 39 65
35 56 88
35 62 73
35 69 76
35 80 101
35 83 14
35 84 40
35 85 88
35 91 73
35 97 44
36 44 15
36 51 39
36 54 128
36 58 26
36 79 74
36 82 63
36 89 48
37 46 26
37 62 66
37 66 49
37 68 103
37 80 37
37 83 112
37 85 62
37 97 127
37 98 93
38 41 63
38 43 89
38 55 65
38 63 24
38 64 64
38 75 47
38 86 189
38 92 35
39 43 133
39 56 50
39 62 84
39 64 142
39 69 47
39 72 106
39 83 76
39 84 51
39 85 97
39 97 103
40 49 47
40 68 54
40 90 68
40 95 78
40 97 99
41 55 49
41 56 153
41 64 6
41 72 126
42 45 156
42 48 134
42 49 121
42 50 131
42 52 129
42 54 168
42 56 122
42 59 24
42 60 231
42 61 200
42 69 114
42 71 100
42 76 172
42 77 146
42 84 108
42 87 218
42 91 63
42 94 163
42 97 102
43 56 104
43 60 130
43 63 93
43 64 96
43 67 137
43 75 86
43 76 141
43 86 119
43 87 157
43 92 117
44 51 24
44 58 28
45 47 108
45 48 69
45 50 70
45 65 156
45 71 59
45 78 46
45 81 57
45 88 115
45 94 60
45 96 73
46 62 90
46 66 49
46 68 106
46 80 43
46 85 85
46 97 147
46 98 78
47 48 75
47 52 82
47 57 101
47 71 121
47 77 156
47 78 138
47 81 147
47 88 113
48 52 28
48 57 114
48 71 49
48 78 75
48 88 148
49 50 62
49 59 133
49 68 97
49 71 117
49 73 76
49 78 93
49 91 132
49 95 65
49 97 101
50 71 75
50 73 77
50 78 43
50 94 33
50 95 64
50 96 61
51 54 104
51 58 39
51 60 165
51 61 89
51 67 149
51 87 127
51 93 82
52 57 93
52 71 65
52 77 96
52 78 96
52 88 172
53 57 76
53 61 41
53 70 41
53 77 85
53 79 11
53 82 18
53 89 72
54 61 64
54 70 82
54 74 20
54 76 67
54 77 68
54 87 90
54 93 31
55 63 85
55 64 55
55 72 159
55 92 78
56 59 98
56 69 13
56 83 92
56 84 52
56 86 167
56 91 70
57 61 88
57 70 61
57 79 84
57 88 214
57 89 138
58 61 65
58 74 105
58 79 51
58 82 41
58 89 56
58 93 94
59 61 208
59 69 90
59 74 181
59 77 157
59 78 137
59 83 105
59 87 210
59 91 43
59 97 93
60 63 163
60 67 20
60 74 109
60 75 138
60 76 68
60 86 47
60 87 40
60 92 182
61 70 28
61 74 78
61 77 56
61 79 32
61 82 45
61 93 75
62 66 77
62 72 98
62 80 89
62 83 87
62 84 102
62 85 15
63 67 179
63 75 25
63 92 24
64 72 124
64 75 106
64 84 187
65 81 114
65 88 74
65 96 139
65 99 130
66 72 138
66 80 85
66 85 64
66 98 127
67 74 88
67 75 155
67 76 49
67 86 34
67 87 22
67 93 90
68 80 66
68 83 107
68 97 93
68 98 71
69 72 152
69 83 79
69 84 39
69 85 139
69 91 58
69 97 95
70 77 44
70 79 41
70 82 55
70 93 99
71 78 33
71 81 111
71 94 91
72 85 94
73 90 56
73 94 74
73 95 13
73 96 74
73 99 72
74 76 55
74 77 88
74 86 81
74 87 71
74 93 15
75 86 156
75 92 45
76 77 127
76 86 27
76 87 46
76 93 64
78 81 87
78 94 59
78 96 84
79 82 14
79 89 73
80 83 103
80 85 91
80 97 109
80 98 66
81 88 102
81 94 49
81 96 35
81 99 64
82 89 58
83 84 40
83 85 102
83 91 64
83 97 30
84 91 45
84 97 58
86 87 43
87 93 70
88 94 149
88 96 137
90 95 64
91 97 60
94 95 64
94 96 28
94 99 68
95 96 68
96 99 43
