100 4950
0 1 324
0 2 334
0 3 87
0 4 183
0 5 241
0 6 241
0 7 126
0 8 184
0 9 44
0 10 321
0 11 285
0 12 77
0 13 365
0 14 246
0 15 305
0 16 260
0 17 258
0 18 51
0 19 207
0 20 255
0 21 365
0 22 276
0 23 280
0 24 328
0 25 162
0 26 291
0 27 255
0 28 270
0 29 11
0 30 326
0 31 191
0 32 30
0 33 219
0 34 203
0 35 351
0 36 206
0 37 220
0 38 267
0 39 184
0 40 200
0 41 50
0 42 278
0 43 253
0 44 358
0 45 300
0 46 263
0 47 225
0 48 236
0 49 419
0 50 172
0 51 112
0 52 295
0 53 280
0 54 215
0 55 402
0 56 355
0 57 241
0 58 94
0 59 247
0 60 375
0 61 260
0 62 422
0 63 182
0 64 267
0 65 15
0 66 15
0 67 215
0 68 284
0 69 326
0 70 200
0 71 410
0 72 59
0 73 147
0 74 236
0 75 242
0 76 248
0 77 87
0 78 208
0 79 320
0 80 304
0 81 251
0 82 330
0 83 116
0 84 345
0 85 136
0 86 44
0 87 77
0 88 176
0 89 395
0 90 310
0 91 240
0 92 217
0 93 274
0 94 76
0 95 161
0 96 309
0 97 244
0 98 205
0 99 277
1 2 239
1 3 238
1 4 235
1 5 273
1 6 270
1 7 355
1 8 145
1 9 364
1 10 125
1 11 136
1 12 379
1 13 238
1 14 166
1 15 363
1 16 397
1 17 252
1 18 346
1 19 117
1 20 203
1 21 50
1 22 185
1 23 66
1 24 17
1 25 470
1 26 365
1 27 298
1 28 156
1 29 330
1 30 23
1 31 269
1 32 347
1 33 129
1 34 126
1 35 65
1 36 122
1 37 189
1 38 365
1 39 208
1 40 188
1 41 372
1 42 52
1 43 205
1 44 161
1 45 189
1 46 373
1 47 99
1 48 99
1 49 94
1 50 166
1 51 428
1 52 114
1 53 220
1 54 243
1 55 373
1 56 62
1 57 83
1 58 271
1 59 339
1 60 202
1 61 76
1 62 117
1 63 187
1 64 265
1 65 308
1 66 311
1 67 197
1 68 97
1 69 52
1 70 166
1 71 119
1 72 264
1 73 328
1 74 508
1 75 304
1 76 376
1 77 248
1 78 494
1 79 360
1 80 267
1 81 90
1 82 39
1 83 226
1 84 254
1 85 262
1 86 281
1 87 272
1 88 451
1 89 358
1 90 15
1 91 283
1 92 244
1 93 250
1 94 276
1 95 169
1 96 157
1 97 245
1 98 239
1 99 266
2 3 264
2 4 152
2 5 439
2 6 111
2 7 434
2 8 266
2 9 352
2 10 116
2 11 107
2 12 340
2 13 35
2 14 352
2 15 156
2 16 225
2 17 84
2 18 320
2 19 223
2 20 389
2 21 283
2 22 384
2 23 274
2 24 225
2 25 411
2 26 167
2 27 120
2 28 356
2 29 333
2 30 218
2 31 409
2 32 339
2 33 289
2 34 202
2 35 305
2 36 255
2 37 120
2 38 518
2 39 152
2 40 342
2 41 361
2 42 205
2 43 390
2 44 98
2 45 54
2 46 520
2 47 214
2 48 266
2 49 287
2 50 193
2 51 391
2 52 332
2 53 415
2 54 122
2 55 133
2 56 199
2 57 226
2 58 240
2 59 491
2 60 74
2 61 264
2 62 344
2 63 163
2 64 83
2 65 323
2 66 320
2 67 122
2 68 310
2 69 189
2 70 156
2 71 354
2 72 290
2 73 232
2 74 399
2 75 137
2 76 515
2 77 252
2 78 403
2 79 145
2 80 51
2 81 273
2 82 204
2 83 225
2 84 15
2 85 370
2 86 314
2 87 337
2 88 359
2 89 118
2 90 229
2 91 121
2 92 403
2 93 437
2 94 341
2 95 275
2 96 376
2 97 418
2 98 131
2 99 75
3 4 122
3 5 220
3 6 188
3 7 170
3 8 106
3 9 126
3 10 236
3 11 201
3 12 143
3 13 292
3 14 188
3 15 273
3 16 252
3 17 199
3 18 110
3 19 120
3 20 208
3 21 281
3 22 222
3 23 199
3 24 241
3 25 235
3 26 262
3 27 210
3 28 209
3 29 92
3 30 239
3 31 175
3 32 109
3 33 145
3 34 115
3 35 270
3 36 125
3 37 145
3 38 275
3 39 113
3 40 147
3 41 134
3 42 191
3 43 207
3 44 274
3 45 223
3 46 275
3 47 138
3 48 156
3 49 333
3 50 86
3 51 191
3 52 225
3 53 236
3 54 156
3 55 352
3 56 267
3 57 155
3 58 61
3 59 250
3 60 296
3 61 179
3 62 341
3 63 103
3 64 211
3 65 72
3 66 74
3 67 142
3 68 210
3 69 238
3 70 117
3 71 331
3 72 29
3 73 141
3 74 289
3 75 202
3 76 265
3 77 23
3 78 269
3 79 283
3 80 244
3 81 172
3 82 243
3 83 40
3 84 277
3 85 122
3 86 52
3 87 74
3 88 229
3 89 344
3 90 224
3 91 193
3 92 187
3 93 240
3 94 77
3 95 87
3 96 247
3 97 212
3 98 145
3 99 220
4 5 330
4 6 67
4 7 290
4 8 171
4 9 201
4 10 168
4 11 131
4 12 191
4 13 184
4 14 268
4 15 159
4 16 166
4 17 77
4 18 169
4 19 146
4 20 299
4 21 285
4 22 304
4 23 230
4 24 229
4 25 271
4 26 153
4 27 92
4 28 281
4 29 180
4 30 224
4 31 290
4 32 187
4 33 208
4 34 125
4 35 290
4 36 174
4 37 53
4 38 394
4 39 27
4 40 241
4 41 209
4 42 183
4 43 299
4 44 193
4 45 125
4 46 395
4 47 152
4 48 199
4 49 319
4 50 88
4 51 244
4 52 278
4 53 327
4 54 34
4 55 230
4 56 234
4 57 172
4 58 88
4 59 368
4 60 201
4 61 212
4 62 352
4 63 51
4 64 88
4 65 172
4 66 168
4 67 45
4 68 257
4 69 208
4 70 70
4 71 351
4 72 143
4 73 100
4 74 283
4 75 88
4 76 386
4 77 105
4 78 277
4 79 166
4 80 123
4 81 213
4 82 220
4 83 82
4 84 162
4 85 241
4 86 167
4 87 196
4 88 232
4 89 221
4 90 220
4 91 73
4 92 294
4 93 340
4 94 200
4 95 167
4 96 314
4 97 315
4 98 23
4 99 98
5 6 396
5 7 162
5 8 173
5 9 281
5 10 359
5 11 341
5 12 319
5 13 456
5 14 106
5 15 488
5 16 472
5 17 398
5 18 292
5 19 217
5 20 73
5 21 282
5 22 99
5 23 206
5 24 288
5 25 395
5 26 480
5 27 422
5 28 122
5 29 252
5 30 291
5 31 50
5 32 271
5 33 156
5 34 237
5 35 250
5 36 186
5 37 327
5 38 92
5 39 310
5 40 97
5 41 284
5 42 263
5 43 71
5 44 404
5 45 387
5 46 100
5 47 229
5 48 186
5 49 343
5 50 251
5 51 344
5 52 169
5 53 72
5 54 361
5 55 553
5 56 333
5 57 224
5 58 281
5 59 68
5 60 439
5 61 202
5 62 306
5 63 289
5 64 412
5 65 233
5 66 241
5 67 329
5 68 178
5 69 312
5 70 287
5 71 284
5 72 218
5 73 360
5 74 477
5 75 416
5 76 108
5 77 243
5 78 448
5 79 496
5 80 437
5 81 188
5 82 306
5 83 254
5 84 454
5 85 106
5 86 209
5 87 167
5 88 418
5 89 542
5 90 269
5 91 403
5 92 36
5 93 44
5 94 167
5 95 166
5 96 144
5 97 29
5 98 351
5 99 419
6 7 354
6 8 232
6 9 251
6 10 174
6 11 142
6 12 233
6 13 146
6 14 329
6 15 98
6 16 131
6 17 27
6 18 217
6 19 201
6 20 362
6 21 320
6 22 365
6 23 279
6 24 261
6 25 300
6 26 96
6 27 29
6 28 340
6 29 237
6 30 254
6 31 357
6 32 239
6 33 267
6 34 179
6 35 331
6 36 232
6 37 83
6 38 462
6 39 86
6 40 305
6 41 259
6 42 222
6 43 362
6 44 184
6 45 109
6 46 462
6 47 203
6 48 254
6 49 343
6 50 148
6 51 282
6 52 331
6 53 390
6 54 35
6 55 164
6 56 254
6 57 222
6 58 147
6 59 436
6 60 177
6 61 263
6 62 386
6 63 109
6 64 29
6 65 232
6 66 227
6 67 77
6 68 310
6 69 232
6 70 119
6 71 389
6 72 207
6 73 122
6 74 289
6 75 35
6 76 453
6 77 170
6 78 292
6 79 102
6 80 67
6 81 266
6 82 246
6 83 148
6 84 116
6 85 308
6 86 230
6 87 263
6 88 248
6 89 156
6 90 256
6 91 13
6 92 360
6 93 405
6 94 265
6 95 231
6 96 370
6 97 380
6 98 45
6 99 39
7 8 212
7 9 149
7 10 393
7 11 362
7 12 190
7 13 461
7 14 220
7 15 428
7 16 386
7 17 367
7 18 173
7 19 252
7 20 210
7 21 383
7 22 236
7 23 295
7 24 365
7 25 246
7 26 414
7 27 373
7 28 245
7 29 135
7 30 365
7 31 119
7 32 146
7 33 228
7 34 260
7 35 359
7 36 235
7 37 314
7 38 153
7 39 283
7 40 178
7 41 148
7 42 322
7 43 207
7 44 435
7 45 392
7 46 146
7 47 271
7 48 256
7 49 444
7 50 247
7 51 198
7 52 285
7 53 224
7 54 324
7 55 518
7 56 403
7 57 279
7 58 209
7 59 139
7 60 461
7 61 280
7 62 427
7 63 272
7 64 379
7 65 128
7 66 135
7 67 312
7 68 283
7 69 375
7 70 283
7 71 409
7 72 147
7 73 272
7 74 339
7 75 362
7 76 128
7 77 184
7 78 306
7 79 441
7 80 413
7 81 267
7 82 375
7 83 210
7 84 447
7 85 94
7 86 123
7 87 97
7 88 285
7 89 510
7 90 345
7 91 356
7 92 155
7 93 205
7 94 93
7 95 190
7 96 280
7 97 178
7 98 314
7 99 388
8 9 227
8 10 192
8 11 169
8 12 249
8 13 283
8 14 97
8 15 329
8 16 332
8 17 230
8 18 216
8 19 46
8 20 129
8 21 182
8 22 133
8 23 95
8 24 153
8 25 341
8 26 324
8 27 260
8 28 112
8 29 192
8 30 153
8 31 147
8 32 211
8 33 40
8 34 63
8 35 166
8 36 23
8 37 157
8 38 255
8 39 147
8 40 76
8 41 235
8 42 110
8 43 129
8 44 237
8 45 214
8 46 259
8 47 62
8 48 51
8 49 238
8 50 84
8 51 295
8 52 119
8 53 157
8 54 197
8 55 382
8 56 191
8 57 67
8 58 158
8 59 227
8 60 269
8 61 76
8 62 237
8 63 123
8 64 244
8 65 169
8 66 173
8 67 160
8 68 104
8 69 163
8 70 116
8 71 226
8 72 128
8 73 233
8 74 395
8 75 258
8 76 256
8 77 124
8 78 375
8 79 335
8 80 266
8 81 66
8 82 163
8 83 115
8 84 281
8 85 122
8 86 140
8 87 127
8 88 335
8 89 370
8 90 134
8 91 242
8 92 137
8 93 174
8 94 130
8 95 23
8 96 147
8 97 152
8 98 188
8 99 250
9 10 351
9 11 314
9 12 41
9 13 385
9 14 290
9 15 303
9 16 247
9 17 272
9 18 34
9 19 246
9 20 299
9 21 406
9 22 320
9 23 322
9 24 367
9 25 117
9 26 287
9 27 261
9 28 314
9 29 35
9 30 365
9 31 231
9 32 17
9 33 263
9 34 241
9 35 394
9 36 248
9 37 245
9 38 298
9 39 208
9 40 244
9 41 9
9 42 317
9 43 297
9 44 386
9 45 324
9 46 293
9 47 264
9 48 279
9 49 459
9 50 207
9 51 68
9 52 340
9 53 323
9 54 230
9 55 406
9 56 392
9 57 281
9 58 114
9 59 281
9 60 400
9 61 303
9 62 465
9 63 210
9 64 279
9 65 58
9 66 53
9 67 239
9 68 328
9 69 362
9 70 230
9 71 454
9 72 100
9 73 142
9 74 196
9 75 246
9 76 276
9 77 119
9 78 166
9 79 319
9 80 317
9 81 294
9 82 368
9 83 146
9 84 362
9 85 177
9 86 88
9 87 120
9 88 139
9 89 401
9 90 350
9 91 248
9 92 259
9 93 315
9 94 119
9 95 205
9 96 354
9 97 285
9 98 221
9 99 289
10 11 38
10 12 352
10 13 113
10 14 260
10 15 256
10 16 306
10 17 150
10 18 324
10 19 146
10 20 299
10 21 167
10 22 288
10 23 169
10 24 110
10 25 437
10 26 261
10 27 198
10 28 258
10 29 323
10 30 102
10 31 339
10 32 335
10 33 202
10 34 133
10 35 190
10 36 174
10 37 115
10 38 445
10 39 150
10 40 262
10 41 360
10 42 101
10 43 299
10 44 44
10 45 71
10 46 450
10 47 130
10 48 173
10 49 174
10 50 150
10 51 405
10 52 227
10 53 321
10 54 159
10 55 249
10 56 84
10 57 134
10 58 240
10 59 418
10 60 82
10 61 164
10 62 228
10 63 142
10 64 160
10 65 306
10 66 306
10 67 123
10 68 206
10 69 73
10 70 121
10 71 238
10 72 265
10 73 269
10 74 451
10 75 209
10 76 449
10 77 234
10 78 446
10 79 249
10 80 151
10 81 176
10 82 88
10 83 205
10 84 130
10 85 312
10 86 288
10 87 297
10 88 401
10 89 234
10 90 116
10 91 188
10 92 324
10 93 348
10 94 301
10 95 208
10 96 272
10 97 334
10 98 161
10 99 157
11 12 314
11 13 116
11 14 247
11 15 230
11 16 274
11 17 121
11 18 287
11 19 124
11 20 286
11 21 183
11 22 278
11 23 166
11 24 123
11 25 399
11 26 234
11 27 168
11 28 249
11 29 287
11 30 116
11 31 317
11 32 298
11 33 186
11 34 107
11 35 201
11 36 155
11 37 77
11 38 424
11 39 112
11 40 243
11 41 323
11 42 98
11 43 286
11 44 73
11 45 54
11 46 429
11 47 111
11 48 160
11 49 201
11 50 116
11 51 367
11 52 224
11 53 310
11 54 123
11 55 239
11 56 111
11 57 121
11 58 202
11 59 397
11 60 100
11 61 157
11 62 248
11 63 104
11 64 132
11 65 271
11 66 270
11 67 85
11 68 202
11 69 91
11 70 85
11 71 254
11 72 230
11 73 231
11 74 414
11 75 178
11 76 426
11 77 198
11 78 408
11 79 225
11 80 131
11 81 166
11 82 105
11 83 169
11 84 123
11 85 285
11 86 253
11 87 265
11 88 363
11 89 225
11 90 124
11 91 156
11 92 305
11 93 334
11 94 269
11 95 183
11 96 268
11 97 318
11 98 124
11 99 131
12 13 374
12 14 320
12 15 274
12 16 213
12 17 257
12 18 33
12 19 262
12 20 332
12 21 423
12 22 351
12 23 342
12 24 380
12 25 92
12 26 257
12 27 239
12 28 343
12 29 66
12 30 377
12 31 268
12 32 48
12 33 287
12 34 253
12 35 414
12 36 268
12 37 240
12 38 339
12 39 204
12 40 275
12 41 42
12 42 329
12 43 330
12 44 383
12 45 317
12 46 334
12 47 279
12 48 299
12 49 473
12 50 215
12 51 52
12 52 365
12 53 357
12 54 218
12 55 381
12 56 401
12 57 297
12 58 112
12 59 321
12 60 393
12 61 323
12 62 484
12 63 210
12 64 262
12 65 88
12 66 81
12 67 233
12 68 352
12 69 371
12 70 232
12 71 475
12 72 122
12 73 115
12 74 158
12 75 223
12 76 317
12 77 130
12 78 131
12 79 292
12 80 300
12 81 315
12 82 379
12 83 153
12 84 347
12 85 214
12 86 117
12 87 155
12 88 99
12 89 378
12 90 364
12 91 228
12 92 295
12 93 351
12 94 154
12 95 228
12 96 383
12 97 322
12 98 210
12 99 272
13 14 364
13 15 186
13 16 258
13 17 119
13 18 353
13 19 239
13 20 403
13 21 278
13 22 395
13 23 280
13 24 222
13 25 445
13 26 198
13 27 155
13 28 366
13 29 364
13 30 215
13 31 429
13 32 371
13 33 303
13 34 220
13 35 303
13 36 270
13 37 147
13 38 538
13 39 181
13 40 359
13 41 394
13 42 211
13 43 403
13 44 83
13 45 70
13 46 541
13 47 228
13 48 277
13 49 274
13 50 216
13 51 425
13 52 338
13 53 427
13 54 156
13 55 143
13 56 190
13 57 237
13 58 272
13 59 510
13 60 48
13 61 272
13 62 335
13 63 189
13 64 118
13 65 353
13 66 350
13 67 150
13 68 317
13 69 186
13 70 179
13 71 347
13 72 318
13 73 267
13 74 434
13 75 171
13 76 537
13 77 282
13 78 438
13 79 172
13 80 85
13 81 282
13 82 200
13 83 253
13 84 35
13 85 393
13 86 343
13 87 364
13 88 394
13 89 128
13 90 229
13 91 156
13 92 420
13 93 451
13 94 367
13 95 294
13 96 383
13 97 434
13 98 164
13 99 110
14 15 426
14 16 428
14 17 325
14 18 288
14 19 131
14 20 38
14 21 177
14 22 36
14 23 100
14 24 181
14 25 408
14 26 421
14 27 357
14 28 24
14 29 256
14 30 185
14 31 111
14 32 275
14 33 63
14 34 153
14 35 147
14 36 98
14 37 251
14 38 199
14 39 244
14 40 46
14 41 296
14 42 160
14 43 39
14 44 304
14 45 298
14 46 207
14 47 137
14 48 87
14 49 239
14 50 181
14 51 358
14 52 67
14 53 63
14 54 294
14 55 475
14 56 227
14 57 127
14 58 246
14 59 173
14 60 342
14 61 97
14 62 209
14 63 219
14 64 339
14 65 233
14 66 239
14 67 255
14 68 72
14 69 207
14 70 211
14 71 190
14 72 200
14 73 325
14 74 475
14 75 355
14 76 211
14 77 209
14 78 451
14 79 431
14 80 358
14 81 84
14 82 200
14 83 207
14 84 367
14 85 129
14 86 203
14 87 171
14 88 414
14 89 462
14 90 163
14 91 339
14 92 80
14 93 87
14 94 174
14 95 105
14 96 63
14 97 78
14 98 285
14 99 344
15 16 83
15 17 111
15 18 269
15 19 300
15 20 458
15 21 413
15 22 462
15 23 377
15 24 353
15 25 316
15 26 18
15 27 69
15 28 438
15 29 298
15 30 346
15 31 446
15 32 295
15 33 365
15 34 277
15 35 426
15 36 330
15 37 181
15 38 548
15 39 182
15 40 401
15 41 310
15 42 317
15 43 458
15 44 252
15 45 184
15 46 547
15 47 301
15 48 352
15 49 430
15 50 245
15 51 314
15 52 429
15 53 487
15 54 132
15 55 113
15 56 340
15 57 320
15 58 220
15 59 523
15 60 231
15 61 361
15 62 478
15 63 207
15 64 98
15 65 300
15 66 294
15 67 175
15 68 408
15 69 321
15 70 218
15 71 483
15 72 286
15 73 161
15 74 273
15 75 71
15 76 537
15 77 251
15 78 288
15 79 20
15 80 107
15 81 364
15 82 336
15 83 235
15 84 151
15 85 395
15 86 306
15 87 343
15 88 251
15 89 115
15 90 350
15 91 87
15 92 453
15 93 500
15 94 346
15 95 327
15 96 468
15 97 475
15 98 141
15 99 98
16 17 156
16 18 216
16 19 312
16 20 455
16 21 448
16 22 464
16 23 396
16 24 389
16 25 239
16 26 66
16 27 108
16 28 444
16 29 252
16 30 383
16 31 426
16 32 244
16 33 371
16 34 291
16 35 455
16 36 338
16 37 207
16 38 520
16 39 193
16 40 394
16 41 253
16 42 347
16 43 454
16 44 312
16 45 239
16 46 518
16 47 318
16 48 365
16 49 474
16 50 252
16 51 245
16 52 443
16 53 483
16 54 154
16 55 196
16 56 385
16 57 339
16 58 192
16 59 497
16 60 298
16 61 378
16 62 514
16 63 218
16 64 148
16 65 259
16 66 252
16 67 199
16 68 423
16 69 363
16 70 235
16 71 515
16 72 257
16 73 115
16 74 190
16 75 96
16 76 505
16 77 229
16 78 206
16 79 103
16 80 174
16 81 379
16 82 376
16 83 222
16 84 223
16 85 371
16 86 273
16 87 314
16 88 171
16 89 198
16 90 383
16 91 117
16 92 439
16 93 491
16 94 315
16 95 323
16 96 478
16 97 464
16 98 158
16 99 154
17 18 238
17 19 195
17 20 359
17 21 302
17 22 360
17 23 267
17 24 242
17 25 326
17 26 113
17 27 48
17 28 334
17 29 255
17 30 236
17 31 361
17 32 259
17 33 262
17 34 172
17 35 315
17 36 226
17 37 73
17 38 467
17 39 88
17 40 305
17 41 280
17 42 206
17 43 359
17 44 157
17 45 83
17 46 469
17 47 193
17 48 246
17 49 322
17 50 147
17 51 307
17 52 321
17 53 387
17 54 43
17 55 155
17 56 232
17 57 211
17 58 164
17 59 441
17 60 149
17 61 252
17 62 368
17 63 109
17 64 14
17 65 248
17 66 244
17 67 70
17 68 300
17 69 212
17 70 113
17 71 372
17 72 220
17 73 147
17 74 317
17 75 60
17 76 461
17 77 183
17 78 319
17 79 110
17 80 46
17 81 257
17 82 226
17 83 158
17 84 91
17 85 315
17 86 244
17 87 273
17 88 275
17 89 145
17 90 239
17 91 40
17 92 362
17 93 403
17 94 276
17 95 231
17 96 362
17 97 381
17 98 53
17 99 21
18 19 229
18 20 301
18 21 391
18 22 320
18 23 309
18 24 348
18 25 125
18 26 253
18 27 227
18 28 311
18 29 40
18 30 345
18 31 241
18 32 28
18 33 254
18 34 221
18 35 381
18 36 235
18 37 215
18 38 318
18 39 178
18 40 243
18 41 42
18 42 297
18 43 299
18 44 357
18 45 293
18 46 314
18 47 246
18 48 266
18 49 440
18 50 184
18 51 82
18 52 332
18 53 326
18 54 197
18 55 372
18 56 370
18 57 264
18 58 84
18 59 299
18 60 369
18 61 289
18 62 451
18 63 182
18 64 245
18 65 58
18 66 50
18 67 208
18 68 319
18 69 340
18 70 203
18 71 441
18 72 89
18 73 108
18 74 188
18 75 212
18 76 298
18 77 98
18 78 162
18 79 285
18 80 284
18 81 282
18 82 347
18 83 122
18 84 328
18 85 186
18 86 86
18 87 125
18 88 127
18 89 367
18 90 332
18 91 214
18 92 266
18 93 322
18 94 125
18 95 195
18 96 350
18 97 293
18 98 189
18 99 256
19 20 167
19 21 161
19 22 165
19 23 87
19 24 121
19 25 354
19 26 296
19 27 230
19 28 139
19 29 212
19 30 119
19 31 193
19 32 229
19 33 68
19 34 22
19 35 155
19 36 32
19 37 121
19 38 300
19 39 120
19 40 120
19 41 255
19 42 72
19 43 167
19 44 190
19 45 170
19 46 305
19 47 19
19 48 53
19 49 212
19 50 60
19 51 311
19 52 131
19 53 194
19 54 167
19 55 343
19 56 152
19 57 34
19 58 158
19 59 273
19 60 223
19 61 67
19 62 223
19 63 95
19 64 209
19 65 191
19 66 194
19 67 125
19 68 111
19 69 123
19 70 82
19 71 217
19 72 147
19 73 225
19 74 398
19 75 231
19 76 303
19 77 131
19 78 381
19 79 303
19 80 227
19 81 66
19 82 125
19 83 113
19 84 238
19 85 167
19 86 165
19 87 161
19 88 339
19 89 331
19 90 103
19 91 212
19 92 181
19 93 214
19 94 165
19 95 63
19 96 168
19 97 195
19 98 160
19 99 214
20 21 209
20 22 27
20 23 137
20 24 219
20 25 416
20 26 452
20 27 390
20 28 49
20 29 266
20 30 223
20 31 92
20 32 285
20 33 100
20 34 189
20 35 177
20 36 134
20 37 286
20 38 165
20 39 276
20 40 61
20 41 304
20 42 199
20 43 2
20 44 343
20 45 336
20 46 174
20 47 175
20 48 125
20 49 270
20 50 213
20 51 366
20 52 96
20 53 28
20 54 327
20 55 511
20 56 265
20 57 165
20 58 269
20 59 141
20 60 381
20 61 136
20 62 234
20 63 252
20 64 374
20 65 243
20 66 250
20 67 289
20 68 106
20 69 246
20 70 245
20 71 212
20 72 216
20 73 349
20 74 489
20 75 387
20 76 181
20 77 231
20 78 463
20 79 464
20 80 394
20 81 123
20 82 238
20 83 233
20 84 405
20 85 126
20 86 215
20 87 178
20 88 428
20 89 498
20 90 200
20 91 371
20 92 55
20 93 48
20 94 180
20 95 132
20 96 73
20 97 44
20 98 318
20 99 379
21 22 186
21 23 89
21 24 59
21 25 515
21 26 415
21 27 348
21 28 160
21 29 372
21 30 66
21 31 287
21 32 390
21 33 156
21 34 173
21 35 35
21 36 159
21 37 240
21 38 374
21 39 259
21 40 209
21 41 414
21 42 102
21 43 211
21 44 197
21 45 235
21 46 383
21 47 145
21 48 131
21 49 62
21 50 214
21 51 472
21 52 113
21 53 220
21 54 293
21 55 416
21 56 88
21 57 126
21 58 318
21 59 350
21 60 238
21 61 106
21 62 66
21 63 237
21 64 314
21 65 349
21 66 353
21 67 248
21 68 105
21 69 94
21 70 216
21 71 71
21 72 306
21 73 378
21 74 557
21 75 355
21 76 389
21 77 293
21 78 542
21 79 409
21 80 314
21 81 117
21 82 79
21 83 273
21 84 297
21 85 289
21 86 321
21 87 308
21 88 499
21 89 402
21 90 65
21 91 333
21 92 257
21 93 253
21 94 311
21 95 205
21 96 149
21 97 253
21 98 290
21 99 315
22 23 121
22 24 201
22 25 437
22 26 457
22 27 393
22 28 29
22 29 286
22 30 206
22 31 119
22 32 305
22 33 97
22 34 187
22 35 152
22 36 133
22 37 286
22 38 189
22 39 280
22 40 76
22 41 325
22 42 187
22 43 30
22 44 331
22 45 330
22 46 199
22 47 170
22 48 118
22 49 246
22 50 216
22 51 387
22 52 73
22 53 34
22 54 329
22 55 508
22 56 247
22 57 157
22 58 281
22 59 167
22 60 370
22 61 123
22 62 207
22 63 255
22 64 374
22 65 263
22 66 270
22 67 290
22 68 87
22 69 230
22 70 246
22 71 185
22 72 233
22 73 360
22 74 507
22 75 391
22 76 207
22 77 244
22 78 482
22 79 467
22 80 392
22 81 112
22 82 221
22 83 243
22 84 400
22 85 150
22 86 234
22 87 199
22 88 446
22 89 496
22 90 184
22 91 375
22 92 83
22 93 66
22 94 201
22 95 141
22 96 45
22 97 70
22 98 321
22 99 379
23 24 81
23 25 434
23 26 375
23 27 308
23 28 92
23 29 287
23 30 85
23 31 203
23 32 306
23 33 67
23 34 105
23 35 71
23 36 74
23 37 196
23 38 298
23 39 203
23 40 123
23 41 330
23 42 69
23 43 139
23 44 211
23 45 220
23 46 306
23 47 78
23 48 43
23 49 149
23 50 147
23 51 389
23 52 58
23 53 156
23 54 247
23 55 404
23 56 127
23 57 57
23 58 244
23 59 273
23 60 251
23 61 20
23 62 142
23 63 178
23 64 281
23 65 264
23 66 268
23 67 202
23 68 36
23 69 109
23 70 161
23 71 132
23 72 222
23 73 312
23 74 484
23 75 311
23 76 309
23 77 214
23 78 466
23 79 377
23 80 291
23 81 29
23 82 100
23 83 198
23 84 290
23 85 200
23 86 235
23 87 219
23 88 424
23 89 390
23 90 63
23 91 291
23 92 177
23 93 185
23 94 223
23 95 118
23 96 102
23 97 178
23 98 241
23 99 284
24 25 471
24 26 355
24 27 288
24 28 172
24 29 334
24 30 7
24 31 282
24 32 350
24 33 140
24 34 127
24 35 80
24 36 130
24 37 182
24 38 380
24 39 203
24 40 201
24 41 376
24 42 51
24 43 220
24 44 144
24 45 176
24 46 387
24 47 102
24 48 110
24 49 93
24 50 166
24 51 431
24 52 131
24 53 236
24 54 235
24 55 358
24 56 46
24 57 88
24 58 271
24 59 354
24 60 185
24 61 88
24 62 125
24 63 183
24 64 255
24 65 312
24 66 315
24 67 190
24 68 113
24 69 36
24 70 161
24 71 130
24 72 268
24 73 325
24 74 506
24 75 296
24 76 390
24 77 250
24 78 494
24 79 349
24 80 254
24 81 102
24 82 22
24 83 227
24 84 240
24 85 273
24 86 286
24 87 280
24 88 449
24 89 344
24 90 20
24 91 274
24 92 258
24 93 266
24 94 284
24 95 177
24 96 174
24 97 260
24 98 232
24 99 255
25 26 298
25 27 299
25 28 432
25 29 152
25 30 468
25 31 345
25 32 132
25 33 378
25 34 344
25 35 506
25 36 360
25 37 323
25 38 399
25 39 287
25 40 362
25 41 112
25 42 420
25 43 415
25 44 465
25 45 395
25 46 392
25 47 370
25 48 391
25 49 564
25 50 305
25 51 50
25 52 456
25 53 440
25 54 292
25 55 429
25 56 490
25 57 389
25 58 201
25 59 385
25 60 470
25 61 415
25 62 576
25 63 297
25 64 328
25 65 175
25 66 169
25 67 315
25 68 443
25 69 461
25 70 320
25 71 567
25 72 213
25 73 178
25 74 99
25 75 282
25 76 374
25 77 222
25 78 63
25 79 335
25 80 366
25 81 407
25 82 469
25 83 244
25 84 416
25 85 293
25 86 205
25 87 238
25 88 69
25 89 428
25 90 456
25 91 292
25 92 374
25 93 431
25 94 236
25 95 319
25 96 471
25 97 401
25 98 285
25 99 338
26 27 67
26 28 434
26 29 284
26 30 349
26 31 437
26 32 280
26 33 360
26 34 274
26 35 427
26 36 325
26 37 179
26 38 537
26 39 177
26 40 393
26 41 294
26 42 318
26 43 452
26 44 260
26 45 191
26 46 536
26 47 299
26 48 349
26 49 434
26 50 240
26 51 297
26 52 427
26 53 480
26 54 129
26 55 131
26 56 344
26 57 318
26 58 208
26 59 513
26 60 241
26 61 359
26 62 481
26 63 202
26 64 101
26 65 286
26 66 280
26 67 173
26 68 406
26 69 325
26 70 215
26 71 485
26 72 274
26 73 145
26 74 256
26 75 65
26 76 525
26 77 240
26 78 270
26 79 38
26 80 117
26 81 362
26 82 339
26 83 226
26 84 163
26 85 385
26 86 294
26 87 332
26 88 233
26 89 133
26 90 351
26 91 84
26 92 445
26 93 493
26 94 334
26 95 320
26 96 465
26 97 467
26 98 136
26 99 103
27 28 369
27 29 250
27 30 282
27 31 381
27 32 251
27 33 296
27 34 208
27 35 359
27 36 260
27 37 112
27 38 485
27 39 113
27 40 332
27 41 269
27 42 250
27 43 389
27 44 203
27 45 130
27 46 485
27 47 232
27 48 283
27 49 369
27 50 176
27 51 286
27 52 360
27 53 418
27 54 63
27 55 146
27 56 279
27 57 251
27 58 164
27 59 460
27 60 191
27 61 292
27 62 414
27 63 137
27 64 39
27 65 248
27 66 242
27 67 106
27 68 339
27 69 259
27 70 148
27 71 417
27 72 227
27 73 124
27 74 279
27 75 17
27 76 476
27 77 191
27 78 284
27 79 74
27 80 70
27 81 295
27 82 273
27 83 171
27 84 122
27 85 332
27 86 249
27 87 284
27 88 242
27 89 140
27 90 284
27 91 18
27 92 386
27 93 432
27 94 286
27 95 258
27 96 399
27 97 407
27 98 72
27 99 46
28 29 279
28 30 176
28 31 133
28 32 299
28 33 73
28 34 162
28 35 128
28 36 108
28 37 261
28 38 214
28 39 256
28 40 71
28 41 320
28 42 157
28 43 50
28 44 302
28 45 302
28 46 223
28 47 143
28 48 90
28 49 221
28 50 193
28 51 382
28 52 47
28 53 64
28 54 306
28 55 481
28 56 218
28 57 129
28 58 266
28 59 190
28 60 341
28 61 94
28 62 187
28 63 232
28 64 349
28 65 256
28 66 262
28 67 265
28 68 58
28 69 201
28 70 221
28 71 167
28 72 222
28 73 344
28 74 497
28 75 368
28 76 229
28 77 230
28 78 474
28 79 442
28 80 365
28 81 83
28 82 192
28 83 225
28 84 371
28 85 154
28 86 226
28 87 196
28 88 436
28 89 468
28 90 154
28 91 351
28 92 99
28 93 94
28 94 198
28 95 123
28 96 39
28 97 92
28 98 297
28 99 354
29 30 331
29 31 202
29 32 19
29 33 227
29 34 208
29 35 359
29 36 213
29 37 220
29 38 278
29 39 184
29 40 210
29 41 42
29 42 283
29 43 264
29 44 359
29 45 300
29 46 273
29 47 231
29 48 243
29 49 425
29 50 176
29 51 103
29 52 304
29 53 290
29 54 212
29 55 397
29 56 360
29 57 247
29 58 92
29 59 258
29 60 375
29 61 268
29 62 429
29 63 183
29 64 264
29 65 23
29 66 18
29 67 215
29 68 293
29 69 330
29 70 201
29 71 418
29 72 65
29 73 139
29 74 225
29 75 237
29 76 258
29 77 89
29 78 197
29 79 314
29 80 301
29 81 259
29 82 335
29 83 117
29 84 343
29 85 147
29 86 53
29 87 88
29 88 165
29 89 391
29 90 316
29 91 236
29 92 228
29 93 284
29 94 87
29 95 169
29 96 319
29 97 255
29 98 203
29 99 274
30 31 284
30 32 348
30 33 142
30 34 124
30 35 87
30 36 130
30 37 176
30 38 383
30 39 198
30 40 203
30 41 373
30 42 48
30 43 224
30 44 137
30 45 169
30 46 390
30 47 101
30 48 111
30 49 96
30 50 162
30 51 428
30 52 136
30 53 241
30 54 229
30 55 351
30 56 42
30 57 87
30 58 268
30 59 357
30 60 179
30 61 90
30 62 132
30 63 179
30 64 248
30 65 310
30 66 313
30 67 184
30 68 118
30 69 29
30 70 156
30 71 137
30 72 266
30 73 320
30 74 502
30 75 289
30 76 392
30 77 247
30 78 490
30 79 342
30 80 247
30 81 105
30 82 16
30 83 224
30 84 232
30 85 274
30 86 285
30 87 279
30 88 445
30 89 337
30 90 22
30 91 268
30 92 261
30 93 271
30 94 283
30 95 176
30 96 180
30 97 264
30 98 226
30 99 248
31 32 220
31 33 142
31 34 209
31 35 258
31 36 165
31 37 293
31 38 108
31 39 272
31 40 80
31 41 234
31 42 249
31 43 89
31 44 384
31 45 359
31 46 112
31 47 208
31 48 173
31 49 349
31 50 217
31 51 294
31 52 178
31 53 105
31 54 322
31 55 517
31 56 325
31 57 207
31 58 234
31 59 81
31 60 417
31 61 193
31 62 320
31 63 253
31 64 375
31 65 183
31 66 191
31 67 294
31 68 182
31 69 301
31 70 254
31 71 300
31 72 170
31 73 312
31 74 427
31 75 375
31 76 110
31 77 197
31 78 397
31 79 456
31 80 402
31 81 179
31 82 297
31 83 211
31 84 424
31 85 56
31 86 159
31 87 117
31 88 368
31 89 506
31 90 262
31 91 363
31 92 36
31 93 87
31 94 117
31 95 134
31 96 165
31 97 59
31 98 312
31 99 382
32 33 246
32 34 224
32 35 377
32 36 231
32 37 230
32 38 293
32 39 193
32 40 230
32 41 25
32 42 300
32 43 284
32 44 370
32 45 309
32 46 288
32 47 247
32 48 262
32 49 442
32 50 190
32 51 84
32 52 324
32 53 310
32 54 217
32 55 397
32 56 375
32 57 264
32 58 99
32 59 274
32 60 385
32 61 286
32 62 448
32 63 194
32 64 267
32 65 43
32 66 37
32 67 224
32 68 312
32 69 345
32 70 214
32 71 437
32 72 83
32 73 134
32 74 206
32 75 237
32 76 272
32 77 102
32 78 178
32 79 311
32 80 305
32 81 277
32 82 351
32 83 130
32 84 348
32 85 166
32 86 73
32 87 107
32 88 147
32 89 391
32 90 333
32 91 237
32 92 247
32 93 303
32 94 106
32 95 188
32 96 339
32 97 274
32 98 208
32 99 277
33 34 90
33 35 135
33 36 35
33 37 188
33 38 245
33 39 183
33 40 62
33 41 270
33 42 107
33 43 100
33 44 247
33 45 236
33 46 251
33 47 75
33 48 31
33 49 216
33 50 120
33 51 331
33 52 79
33 53 126
33 54 232
33 55 411
33 56 183
33 57 68
33 58 199
33 59 218
33 60 283
33 61 53
33 62 205
33 63 158
33 64 277
33 65 204
33 66 209
33 67 192
33 68 65
33 69 159
33 70 148
33 71 192
33 72 164
33 73 274
33 74 435
33 75 295
33 76 251
33 77 164
33 78 414
33 79 369
33 80 295
33 81 39
33 82 155
33 83 156
33 84 305
33 85 134
33 86 174
33 87 154
33 88 374
33 89 399
33 90 120
33 91 278
33 92 122
33 93 147
33 94 157
33 95 58
33 96 106
33 97 131
33 98 224
33 99 282
34 35 170
34 36 54
34 37 98
34 38 318
34 39 98
34 40 139
34 41 249
34 42 76
34 43 189
34 44 177
34 45 150
34 46 321
34 47 28
34 48 75
34 49 220
34 50 42
34 51 303
34 52 153
34 53 216
34 54 145
34 55 321
34 56 152
34 57 49
34 58 145
34 59 290
34 60 208
34 61 87
34 62 237
34 63 73
34 64 187
34 65 187
34 66 189
34 67 103
34 68 132
34 69 122
34 70 59
34 71 232
34 72 143
34 73 207
34 74 383
34 75 209
34 76 318
34 77 122
34 78 369
34 79 280
34 80 205
34 81 88
34 82 127
34 83 100
34 84 218
34 85 179
34 86 164
34 87 166
34 88 325
34 89 309
34 90 111
34 91 190
34 92 200
34 93 235
34 94 170
34 95 76
34 96 190
34 97 215
34 98 138
34 99 191
35 36 145
35 37 249
35 38 342
35 39 263
35 40 182
35 41 401
35 42 109
35 43 179
35 44 224
35 45 254
35 46 351
35 47 142
35 48 115
35 49 93
35 50 213
35 51 461
35 52 81
35 53 186
35 54 302
35 55 438
35 56 118
35 57 121
35 58 313
35 59 318
35 60 265
35 61 91
35 62 70
35 63 240
35 64 328
35 65 336
35 66 340
35 67 256
35 68 76
35 69 117
35 70 220
35 71 62
35 72 294
35 73 378
35 74 553
35 75 365
35 76 357
35 77 285
35 78 536
35 79 424
35 80 332
35 81 100
35 82 102
35 83 268
35 84 320
35 85 265
35 86 307
35 87 289
35 88 494
35 89 424
35 90 77
35 91 344
35 92 227
35 93 219
35 94 293
35 95 189
35 96 114
35 97 221
35 98 297
35 99 330
36 37 153
36 38 271
36 39 148
36 40 88
36 41 256
36 42 87
36 43 134
36 44 219
36 45 202
36 46 276
36 47 43
36 48 31
36 49 215
36 50 86
36 51 315
36 52 106
36 53 161
36 54 197
36 55 376
36 56 168
36 57 44
36 58 172
36 59 244
36 60 253
36 61 54
36 62 216
36 63 123
36 64 241
36 65 190
36 66 194
36 67 157
36 68 88
36 69 140
36 70 113
36 71 206
36 72 148
36 73 244
36 74 411
36 75 260
36 76 275
36 77 141
36 78 393
36 79 334
36 80 259
36 81 47
36 82 140
36 83 127
36 84 271
36 85 145
36 86 162
36 87 150
36 88 351
36 89 364
36 90 110
36 91 242
36 92 150
36 93 181
36 94 154
36 95 47
36 96 140
36 97 163
36 98 189
36 99 246
37 38 401
37 39 37
37 40 233
37 41 254
37 42 140
37 43 286
37 44 142
37 45 79
37 46 403
37 47 120
37 48 172
37 49 269
37 50 76
37 51 293
37 52 248
37 53 313
37 54 53
37 55 225
37 56 182
37 57 139
37 58 131
37 59 374
37 60 155
37 61 180
37 62 307
37 63 43
37 64 88
37 65 207
37 66 205
37 67 8
37 68 227
37 69 157
37 70 40
37 71 308
37 72 171
37 73 153
37 74 337
37 75 116
37 76 397
37 77 135
37 78 330
37 79 182
37 80 109
37 81 184
37 82 170
37 83 107
37 84 133
37 85 251
37 86 196
37 87 217
37 88 285
37 89 214
37 90 175
37 91 95
37 92 291
37 93 331
37 94 221
37 95 161
37 96 288
37 97 309
37 98 50
37 99 93
38 39 379
38 40 183
38 41 299
38 42 352
38 43 163
38 44 490
38 45 467
38 46 12
38 47 315
38 48 275
38 49 436
38 50 325
38 51 351
38 52 261
38 53 159
38 54 427
38 55 623
38 56 425
38 57 312
38 58 330
38 59 27
38 60 524
38 61 293
38 62 396
38 63 360
38 64 481
38 65 264
38 66 272
38 67 401
38 68 271
38 69 403
38 70 362
38 71 373
38 72 264
38 73 405
38 74 492
38 75 477
38 76 30
38 77 296
38 78 459
38 79 559
38 80 509
38 81 278
38 82 397
38 83 313
38 84 532
38 85 153
38 86 247
38 87 206
38 88 437
38 89 613
38 90 360
38 91 467
38 92 122
38 93 126
38 94 205
38 95 243
38 96 233
38 97 121
38 98 417
38 99 489
39 40 219
39 41 217
39 42 157
39 43 276
39 44 179
39 45 116
39 46 380
39 47 125
39 48 173
39 49 294
39 50 63
39 51 256
39 52 251
39 53 304
39 54 50
39 55 244
39 56 210
39 57 145
39 58 94
39 59 352
39 60 192
39 61 185
39 62 325
39 63 25
39 64 102
39 65 172
39 66 169
39 67 31
39 68 231
39 69 183
39 70 42
39 71 324
39 72 138
39 73 123
39 74 306
39 75 112
39 76 372
39 77 100
39 78 298
39 79 188
39 80 131
39 81 186
39 82 194
39 83 73
39 84 164
39 85 227
39 86 162
39 87 187
39 88 252
39 89 234
39 90 193
39 91 95
39 92 274
39 93 318
39 94 190
39 95 145
39 96 288
39 97 294
39 98 41
39 99 109
40 41 250
40 42 169
40 43 60
40 44 307
40 45 290
40 46 189
40 47 132
40 48 93
40 49 270
40 50 157
40 51 312
40 52 107
40 53 89
40 54 270
40 55 458
40 56 244
40 57 128
40 58 208
40 59 156
40 60 342
40 61 112
40 62 249
40 63 196
40 64 319
40 65 187
40 66 194
40 67 235
40 68 106
40 69 221
40 70 192
40 71 231
40 72 156
40 73 288
40 74 431
40 75 329
40 76 189
40 77 170
40 78 406
40 79 407
40 80 342
40 81 98
40 82 216
40 83 172
40 84 357
40 85 84
40 86 157
40 87 125
40 88 370
40 89 447
40 90 181
40 91 314
40 92 62
40 93 99
40 94 127
40 95 74
40 96 110
40 97 76
40 98 260
40 99 325
41 42 325
41 43 302
41 44 395
41 45 333
41 46 293
41 47 273
41 48 286
41 49 467
41 50 215
41 51 62
41 52 346
41 53 327
41 54 239
41 55 414
41 56 401
41 57 289
41 58 123
41 59 282
41 60 409
41 61 311
41 62 472
41 63 219
41 64 288
41 65 65
41 66 61
41 67 248
41 68 335
41 69 371
41 70 239
41 71 461
41 72 108
41 73 149
41 74 194
41 75 254
41 76 276
41 77 128
41 78 163
41 79 326
41 80 326
41 81 301
41 82 377
41 83 155
41 84 370
41 85 181
41 86 95
41 87 125
41 88 138
41 89 409
41 90 358
41 91 256
41 92 262
41 93 319
41 94 123
41 95 212
41 96 360
41 97 289
41 98 230
41 99 298
42 43 200
42 44 144
42 45 152
42 46 358
42 47 53
42 48 76
42 49 144
42 50 115
42 51 380
42 52 127
42 53 221
42 54 193
42 55 337
42 56 81
42 57 43
42 58 220
42 59 325
42 60 183
42 61 63
42 62 168
42 63 135
42 64 220
42 65 262
42 66 265
42 67 147
42 68 106
42 69 53
42 70 114
42 71 168
42 72 218
42 73 276
42 74 456
42 75 256
42 76 358
42 77 199
42 78 443
42 79 316
42 80 226
42 81 76
42 82 53
42 83 176
42 84 221
42 85 232
42 86 237
42 87 233
42 88 399
42 89 323
42 90 37
42 91 235
42 92 229
42 93 248
42 94 237
42 95 132
42 96 171
42 97 236
42 98 189
42 99 222
43 44 344
43 45 336
43 46 172
43 47 175
43 48 126
43 49 272
43 50 213
43 51 364
43 52 97
43 53 29
43 54 326
43 55 511
43 56 266
43 57 166
43 58 268
43 59 139
43 60 381
43 61 137
43 62 236
43 63 252
43 64 374
43 65 242
43 66 249
43 67 289
43 68 108
43 69 247
43 70 245
43 71 214
43 72 214
43 73 348
43 74 487
43 75 387
43 76 179
43 77 230
43 78 461
43 79 464
43 80 394
43 81 124
43 82 239
43 83 232
43 84 405
43 85 124
43 86 213
43 87 176
43 88 427
43 89 498
43 90 202
43 91 371
43 92 53
43 93 48
43 94 178
43 95 132
43 96 75
43 97 42
43 98 317
43 99 379
44 45 74
44 46 495
44 47 175
44 48 218
44 49 191
44 50 189
44 51 436
44 52 268
44 53 365
44 54 177
44 55 226
44 56 108
44 57 179
44 58 272
44 59 463
44 60 41
44 61 207
44 62 252
44 63 176
44 64 164
44 65 344
44 66 343
44 67 149
44 68 248
44 69 108
44 70 158
44 71 265
44 72 303
44 73 291
44 74 470
44 75 217
44 76 493
44 77 271
44 78 468
44 79 242
44 80 144
44 81 220
44 82 121
44 83 242
44 84 109
44 85 356
44 86 327
44 87 339
44 88 423
44 89 210
44 90 154
44 91 197
44 92 369
44 93 392
44 94 343
44 95 253
44 96 313
44 97 379
44 98 181
44 99 158
45 46 471
45 47 160
45 48 212
45 49 246
45 50 146
45 51 369
45 52 278
45 53 361
45 54 104
45 55 184
45 56 156
45 57 172
45 58 210
45 59 440
45 60 76
45 61 210
45 62 298
45 63 120
45 64 91
45 65 287
45 66 285
45 67 85
45 68 256
45 69 141
45 70 109
45 71 306
45 72 251
45 73 219
45 74 396
45 75 143
45 76 466
45 77 215
45 78 395
45 79 177
45 80 79
45 81 219
45 82 156
45 83 186
45 84 69
45 85 322
45 86 275
45 87 294
45 88 351
45 89 170
45 90 178
45 91 123
45 92 351
45 93 384
45 94 298
45 95 224
45 96 322
45 97 365
45 98 109
45 99 87
46 47 320
46 48 282
46 49 444
46 50 327
46 51 344
46 52 270
46 53 169
46 54 428
46 55 624
46 56 432
46 57 317
46 58 329
46 59 33
46 60 529
46 61 299
46 62 406
46 63 362
46 64 482
46 65 260
46 66 268
46 67 403
46 68 279
46 69 409
46 70 365
46 71 383
46 72 262
46 73 402
46 74 485
46 75 477
46 76 19
46 77 296
46 78 452
46 79 558
46 80 511
46 81 285
46 82 404
46 83 314
46 84 535
46 85 153
46 86 245
46 87 204
46 88 431
46 89 614
46 90 368
46 91 467
46 92 129
46 93 136
46 94 203
46 95 246
46 96 243
46 97 130
46 98 418
46 99 490
47 48 52
47 49 194
47 50 70
47 51 328
47 52 128
47 53 200
47 54 170
47 55 338
47 56 133
47 57 20
47 58 173
47 59 288
47 60 210
47 61 60
47 62 209
47 63 100
47 64 208
47 65 209
47 66 212
47 67 126
47 68 107
47 69 104
47 70 84
47 71 204
47 72 166
47 73 236
47 74 412
47 75 234
47 76 318
47 77 148
47 78 396
47 79 303
47 80 222
47 81 63
47 82 106
47 83 127
47 84 230
47 85 184
47 86 184
47 87 181
47 88 353
47 89 325
47 90 85
47 91 215
47 92 194
47 93 223
47 94 184
47 95 81
47 96 168
47 97 206
47 98 163
47 99 212
48 49 189
48 50 112
48 51 346
48 52 78
48 53 150
48 54 220
48 55 391
48 56 152
48 57 39
48 58 203
48 59 249
48 60 255
48 61 25
48 62 186
48 63 148
48 64 260
48 65 221
48 66 225
48 67 177
48 68 58
48 69 127
48 70 134
48 71 175
48 72 179
48 73 274
48 74 443
48 75 284
48 76 283
48 77 172
48 78 424
48 79 355
48 80 275
48 81 15
48 82 123
48 83 158
48 84 281
48 85 163
48 86 192
48 87 177
48 88 383
48 89 378
48 90 90
48 91 265
48 92 153
48 93 174
48 94 180
48 95 74
48 96 116
48 97 161
48 98 213
48 99 264
49 50 259
49 51 523
49 52 174
49 53 280
49 54 321
49 55 417
49 56 90
49 57 178
49 58 364
49 59 412
49 60 229
49 61 164
49 62 70
49 63 275
49 64 333
49 65 403
49 66 406
49 67 278
49 68 167
49 69 112
49 70 253
49 71 91
49 72 359
49 73 417
49 74 598
49 75 379
49 76 450
49 77 342
49 78 586
49 79 423
49 80 325
49 81 177
49 82 99
49 83 320
49 84 299
49 85 350
49 86 376
49 87 365
49 88 542
49 89 402
49 90 108
49 91 357
49 92 319
49 93 313
49 94 369
49 95 262
49 96 207
49 97 314
49 98 320
49 99 331
50 51 266
50 52 191
50 53 241
50 54 113
50 55 301
50 56 186
50 57 91
50 58 105
50 59 298
50 60 214
50 61 128
50 62 279
50 63 38
50 64 161
50 65 157
50 66 158
50 67 77
50 68 171
50 69 156
50 70 37
50 71 275
50 72 115
50 73 165
50 74 342
50 75 175
50 76 321
50 77 87
50 78 328
50 79 250
50 80 185
50 81 127
50 82 163
50 83 61
50 84 208
50 85 177
50 86 138
50 87 150
50 88 284
50 89 290
50 90 152
50 91 158
50 92 215
50 93 256
50 94 153
50 95 84
50 96 226
50 97 234
50 98 104
50 99 167
51 52 408
51 53 389
51 54 269
51 55 424
51 56 453
51 57 346
51 58 165
51 59 336
51 60 445
51 61 370
51 62 531
51 63 263
51 64 311
51 65 127
51 66 121
51 67 286
51 68 396
51 69 423
51 70 285
51 71 521
51 72 167
51 73 161
51 74 142
51 75 270
51 76 326
51 77 180
51 78 108
51 79 332
51 80 350
51 81 361
51 82 430
51 83 205
51 84 398
51 85 242
51 86 156
51 87 188
51 88 94
51 89 422
51 90 414
51 91 276
51 92 324
51 93 380
51 94 186
51 95 272
51 96 422
51 97 350
51 98 261
51 99 321
52 53 107
52 54 298
52 55 462
52 56 177
52 57 110
52 58 277
52 59 237
52 60 309
52 61 69
52 62 142
52 63 226
52 64 336
52 65 281
52 66 286
52 67 254
52 68 21
52 69 163
52 70 212
52 71 123
52 72 243
52 73 351
52 74 514
52 75 362
52 76 276
52 77 243
52 78 493
52 79 431
52 80 348
52 81 65
52 82 152
52 83 233
52 84 348
52 85 192
52 86 251
52 87 226
52 88 454
52 89 448
52 90 115
52 91 343
52 92 146
52 93 139
52 94 229
52 95 137
52 96 44
52 97 140
52 98 291
52 99 339
53 54 354
53 55 538
53 56 282
53 57 189
53 58 297
53 59 138
53 60 404
53 61 157
53 62 237
53 63 280
53 64 401
53 65 268
53 66 276
53 67 317
53 68 122
53 69 265
53 70 273
53 71 214
53 72 243
53 73 377
53 74 515
53 75 415
53 76 178
53 77 259
53 78 488
53 79 492
53 80 421
53 81 145
53 82 256
53 83 261
53 84 431
53 85 147
53 86 240
53 87 202
53 88 454
53 89 525
53 90 219
53 91 399
53 92 69
53 93 33
53 94 204
53 95 161
53 96 74
53 97 47
53 98 346
53 99 407
54 55 196
54 56 233
54 57 189
54 58 120
54 59 401
54 60 178
54 61 230
54 62 360
54 63 74
54 64 54
54 65 205
54 66 201
54 67 45
54 68 277
54 69 209
54 70 86
54 71 361
54 72 177
54 73 115
54 74 293
54 75 64
54 76 420
54 77 139
54 78 291
54 79 137
54 80 89
54 81 233
54 82 222
54 83 116
54 84 131
54 85 274
54 86 201
54 87 231
54 88 246
54 89 187
54 90 228
54 91 45
54 92 325
54 93 369
54 94 234
54 95 196
54 96 336
54 97 345
54 98 10
54 99 63
55 56 332
55 57 353
55 58 310
55 59 597
55 60 190
55 61 393
55 62 477
55 63 264
55 64 142
55 65 394
55 66 389
55 67 223
55 68 440
55 69 323
55 70 266
55 71 487
55 72 372
55 73 266
55 74 386
55 75 159
55 76 616
55 77 334
55 78 401
55 79 93
55 80 116
55 81 400
55 82 338
55 83 312
55 84 119
55 85 471
55 86 394
55 87 427
55 88 364
55 89 15
55 90 362
55 91 162
55 92 516
55 93 556
55 94 430
55 95 386
55 96 505
55 97 535
55 98 207
55 99 134
56 57 124
56 58 289
56 59 399
56 60 149
56 61 132
56 62 145
56 63 195
56 64 243
56 65 340
56 66 341
56 67 191
56 68 160
56 69 29
56 70 172
56 71 157
56 72 296
56 73 334
56 74 517
56 75 289
56 76 434
56 77 273
56 78 507
56 79 333
56 80 235
56 81 146
56 82 28
56 83 247
56 84 213
56 85 312
56 86 316
56 87 314
56 88 462
56 89 317
56 90 64
56 91 268
56 92 302
56 93 313
56 94 318
56 95 213
56 96 220
56 97 306
56 98 232
56 99 241
57 58 192
57 59 285
57 60 215
57 61 41
57 62 189
57 63 121
57 64 225
57 65 225
57 66 228
57 67 145
57 68 88
57 69 96
57 70 103
57 71 183
57 72 181
57 73 256
57 74 432
57 75 253
57 76 317
57 77 166
57 78 416
57 79 321
57 80 238
57 81 46
57 82 96
57 83 147
57 84 242
57 85 189
57 86 198
57 87 191
57 88 373
57 89 340
57 90 70
57 91 234
57 92 190
57 93 214
57 94 195
57 95 89
57 96 151
57 97 199
57 98 183
57 99 229
58 59 307
58 60 286
58 61 224
58 62 382
58 63 98
58 64 173
58 65 85
58 66 80
58 67 125
58 68 261
58 69 260
58 70 119
58 71 375
58 72 66
58 73 80
58 74 239
58 75 152
58 76 317
58 77 38
58 78 223
58 79 233
58 80 210
58 81 219
58 82 268
58 83 45
58 84 251
58 85 180
58 86 86
58 87 124
58 88 180
58 89 302
58 90 257
58 91 148
58 92 248
58 93 301
58 94 126
58 95 142
58 96 304
58 97 273
58 98 111
58 99 183
59 60 497
59 61 266
59 62 374
59 63 333
59 64 455
59 65 243
59 66 251
59 67 375
59 68 246
59 69 376
59 70 335
59 71 351
59 72 240
59 73 382
59 74 476
59 75 452
59 76 41
59 77 272
59 78 443
59 79 533
59 80 483
59 81 252
59 82 371
59 83 288
59 84 505
59 85 128
59 86 225
59 87 183
59 88 420
59 89 587
59 90 334
59 91 442
59 92 96
59 93 106
59 94 182
59 95 216
59 96 211
59 97 97
59 98 391
59 99 462
60 61 246
60 62 292
60 63 194
60 64 152
60 65 362
60 66 360
60 67 161
60 68 288
60 69 149
60 70 178
60 71 306
60 72 324
60 73 293
60 74 467
60 75 207
60 76 526
60 77 289
60 78 468
60 79 218
60 80 125
60 81 258
60 82 163
60 83 260
60 84 80
60 85 386
60 86 348
60 87 364
60 88 424
60 89 175
60 90 195
60 91 189
60 92 404
60 93 429
60 94 367
60 95 284
60 96 353
60 97 415
60 98 184
60 99 145
61 62 161
61 63 160
61 64 266
61 65 245
61 66 249
61 67 186
61 68 47
61 69 110
61 70 144
61 71 152
61 72 203
61 73 292
61 74 464
61 75 294
61 76 301
61 77 194
61 78 446
61 79 362
61 80 278
61 81 14
61 82 104
61 83 178
61 84 280
61 85 186
61 86 216
61 87 202
61 88 404
61 89 379
61 90 68
61 91 275
61 92 170
61 93 185
61 94 205
61 95 99
61 96 112
61 97 175
61 98 223
61 99 270
62 63 303
62 64 380
62 65 407
62 66 411
62 67 315
62 68 143
62 69 157
62 70 282
62 71 25
62 72 365
62 73 444
62 74 621
62 75 421
62 76 414
62 77 354
62 78 605
62 79 474
62 80 378
62 81 171
62 82 142
62 83 336
62 84 358
62 85 333
62 86 378
62 87 359
62 88 562
62 89 462
62 90 131
62 91 400
62 92 287
62 93 270
62 94 363
62 95 260
62 96 163
62 97 277
62 98 356
62 99 380
63 64 123
63 65 168
63 66 167
63 67 41
63 68 206
63 69 166
63 70 22
63 71 301
63 72 130
63 73 141
63 74 323
63 75 136
63 76 355
63 77 95
63 78 312
63 79 211
63 80 149
63 81 161
63 82 176
63 83 66
63 84 176
63 85 209
63 86 154
63 87 174
63 88 268
63 89 253
63 90 172
63 91 119
63 92 252
63 93 295
63 94 178
63 95 123
63 96 263
63 97 272
63 98 65
63 99 130
64 65 258
64 66 254
64 67 84
64 68 314
64 69 224
64 70 128
64 71 385
64 72 232
64 73 151
64 74 315
64 75 54
64 76 474
64 77 194
64 78 319
64 79 96
64 80 38
64 81 271
64 82 238
64 83 170
64 84 87
64 85 328
64 86 255
64 87 285
64 88 276
64 89 132
64 90 252
64 91 37
64 92 376
64 93 418
64 94 288
64 95 246
64 96 376
64 97 395
64 98 65
64 99 10
65 66 8
65 67 203
65 68 270
65 69 310
65 70 186
65 71 395
65 72 44
65 73 144
65 74 246
65 75 235
65 76 246
65 77 73
65 78 219
65 79 314
65 80 294
65 81 236
65 82 315
65 83 102
65 84 334
65 85 127
65 86 30
65 87 67
65 88 186
65 89 387
65 90 295
65 91 232
65 92 207
65 93 264
65 94 66
65 95 146
65 96 296
65 97 234
65 98 195
65 99 268
66 67 200
66 68 275
66 69 312
66 70 185
66 71 400
66 72 46
66 73 137
66 74 239
66 75 230
66 76 254
66 77 72
66 78 212
66 79 308
66 80 290
66 81 240
66 82 317
66 83 101
66 84 330
66 85 135
66 86 36
66 87 74
66 88 178
66 89 382
66 90 297
66 91 227
66 92 215
66 93 271
66 94 74
66 95 151
66 96 302
66 97 242
66 98 191
66 99 263
67 68 233
67 69 166
67 70 43
67 71 316
67 72 167
67 73 145
67 74 328
67 75 109
67 76 396
67 77 131
67 78 322
67 79 177
67 80 108
67 81 189
67 82 178
67 83 103
67 84 135
67 85 251
67 86 192
67 87 215
67 88 277
67 89 212
67 90 183
67 91 89
67 92 293
67 93 334
67 94 218
67 95 162
67 96 293
67 97 311
67 98 42
67 99 90
68 69 144
68 70 191
68 71 127
68 72 230
68 73 333
68 74 499
68 75 341
68 76 284
68 77 228
68 78 479
68 79 409
68 80 326
68 81 44
68 82 134
68 83 216
68 84 326
68 85 189
68 86 240
68 87 218
68 88 439
68 89 426
68 90 97
68 91 322
68 92 152
68 93 153
68 94 221
68 95 124
68 96 65
68 97 149
68 98 270
68 99 317
69 70 144
69 71 165
69 72 266
69 73 306
69 74 489
69 75 267
69 76 410
69 77 243
69 78 479
69 79 317
69 80 220
69 81 124
69 82 15
69 83 218
69 84 203
69 85 285
69 86 286
69 87 285
69 88 434
69 89 308
69 90 47
69 91 246
69 92 280
69 93 294
69 94 289
69 95 185
69 96 207
69 97 285
69 98 208
69 99 223
70 71 281
70 72 145
70 73 163
70 74 345
70 75 150
70 76 359
70 77 113
70 78 335
70 79 221
70 80 149
70 81 147
70 82 154
70 83 84
70 84 170
70 85 214
70 86 169
70 87 185
70 88 290
70 89 254
70 90 151
70 91 131
70 92 251
70 93 290
70 94 189
70 95 121
70 96 250
70 97 268
70 98 79
70 99 133
71 72 354
71 73 440
71 74 615
71 75 424
71 76 392
71 77 346
71 78 598
71 79 480
71 80 385
71 81 159
71 82 150
71 83 330
71 84 368
71 85 315
71 86 366
71 87 345
71 88 556
71 89 472
71 90 133
71 91 403
71 92 266
71 93 247
71 94 349
71 95 248
71 96 140
71 97 255
71 98 357
71 99 385
72 73 142
72 74 274
72 75 217
72 76 251
72 77 37
72 78 251
72 79 298
72 80 266
72 81 194
72 82 271
72 83 64
72 84 302
72 85 114
72 86 24
72 87 57
72 88 213
72 89 364
72 90 251
72 91 210
72 92 188
72 93 243
72 94 59
72 95 106
72 96 262
72 97 214
72 98 166
72 99 241
73 74 183
73 75 108
73 76 390
73 77 118
73 78 177
73 79 177
73 80 189
73 81 290
73 82 317
73 83 118
73 84 238
73 85 257
73 86 157
73 87 199
73 88 132
73 89 262
73 90 313
73 91 115
73 92 328
73 93 381
73 94 200
73 95 220
73 96 380
73 97 353
73 98 110
73 99 161
74 75 262
74 76 467
74 77 271
74 78 36
74 79 293
74 80 349
74 81 458
74 82 500
74 83 285
74 84 401
74 85 372
74 86 274
74 87 313
74 88 60
74 89 388
74 90 493
74 91 278
74 92 453
74 93 510
74 94 312
74 95 377
74 96 536
74 97 480
74 98 290
74 99 324
75 76 467
75 77 182
75 78 267
75 79 81
75 80 87
75 81 297
75 82 281
75 83 164
75 84 138
75 85 324
75 86 239
75 87 274
75 88 225
75 89 154
75 90 290
75 91 21
75 92 381
75 93 428
75 94 277
75 95 255
75 96 399
75 97 403
75 98 71
75 99 62
76 77 285
76 78 434
76 79 548
76 80 504
76 81 287
76 82 406
76 83 304
76 84 529
76 85 145
76 86 232
76 87 193
76 88 414
76 89 606
76 90 370
76 91 458
76 92 132
76 93 147
76 94 191
76 95 242
76 96 251
76 97 137
76 98 409
76 99 482
77 78 252
77 79 263
77 80 228
77 81 188
77 82 249
77 83 29
77 84 264
77 85 144
77 86 61
77 87 92
77 88 210
77 89 326
77 90 234
77 91 174
77 92 210
77 93 263
77 94 95
77 95 106
77 96 268
77 97 235
77 98 129
77 99 203
78 79 308
78 80 355
78 81 440
78 82 489
78 83 269
78 84 406
78 85 344
78 86 248
78 87 285
78 88 45
78 89 403
78 90 480
78 91 282
78 92 425
78 93 482
78 94 284
78 95 355
78 96 513
78 97 452
78 98 287
78 99 328
79 80 98
79 81 366
79 82 331
79 83 245
79 84 137
79 85 405
79 86 319
79 87 355
79 88 271
79 89 95
79 90 347
79 91 93
79 92 461
79 93 506
79 94 358
79 95 333
79 96 471
79 97 482
79 98 146
79 99 94
80 81 285
80 82 235
80 83 203
80 84 51
80 85 358
80 86 290
80 87 318
80 88 312
80 89 104
80 90 255
80 91 74
80 92 400
80 93 440
80 94 321
80 95 270
80 96 390
80 97 418
80 98 99
80 99 28
81 82 118
81 83 174
81 84 288
81 85 173
81 86 207
81 87 190
81 88 398
81 89 387
81 90 82
81 91 278
81 92 156
81 93 172
81 94 194
81 95 89
81 96 105
81 97 161
81 98 226
81 99 275
82 83 225
82 84 218
82 85 284
82 86 290
82 87 287
82 88 444
82 89 323
82 90 37
82 91 260
82 92 274
82 93 286
82 94 291
82 95 185
82 96 196
82 97 278
82 98 220
82 99 237
83 84 237
83 85 160
83 86 89
83 87 115
83 88 226
83 89 303
83 90 212
83 91 153
83 92 219
83 93 269
83 94 118
83 95 102
83 96 262
83 97 242
83 98 105
83 99 179
84 85 384
84 86 326
84 87 350
84 88 363
84 89 104
84 90 244
84 91 124
84 92 418
84 93 452
84 94 354
84 95 289
84 96 391
84 97 434
84 98 140
84 99 78
85 86 103
85 87 61
85 88 313
85 89 461
85 90 253
85 91 314
85 92 81
85 93 137
85 94 61
85 95 103
85 96 191
85 97 108
85 98 264
85 99 336
86 87 42
86 88 214
86 89 387
86 90 268
86 91 233
86 92 181
86 93 237
86 94 43
86 95 117
86 96 266
86 97 207
86 98 190
86 99 264
87 88 253
87 89 418
87 90 260
87 91 266
87 92 140
87 93 197
87 94 4
87 95 103
87 96 235
87 97 167
87 98 220
87 99 294
88 89 365
88 90 436
88 91 238
88 92 393
88 93 450
88 94 252
88 95 316
88 96 475
88 97 420
88 98 242
88 99 285
89 90 348
89 91 155
89 92 505
89 93 544
89 94 421
89 95 375
89 96 491
89 97 523
89 98 198
89 99 124
90 91 269
90 92 238
90 93 249
90 94 264
90 95 157
90 96 160
90 97 241
90 98 225
90 99 253
91 92 368
91 93 413
91 94 269
91 95 240
91 96 381
91 97 389
91 98 53
91 99 46
92 93 56
92 94 141
92 95 130
92 96 129
92 97 26
92 98 315
92 99 382
93 94 197
93 95 173
93 96 107
93 97 29
93 98 360
93 99 424
94 95 107
94 96 238
94 97 168
94 98 223
94 99 297
95 96 161
95 97 149
95 98 186
95 99 252
96 97 115
96 98 328
96 99 380
97 98 335
97 99 401
98 99 74
