100 4950
0 1 227
0 2 51
0 3 201
0 4 273
0 5 157
0 6 41
0 7 180
0 8 244
0 9 172
0 10 227
0 11 199
0 12 292
0 13 85
0 14 180
0 15 100
0 16 149
0 17 43
0 18 188
0 19 194
0 20 263
0 21 109
0 22 195
0 23 220
0 24 213
0 25 194
0 26 258
0 27 164
0 28 87
0 29 131
0 30 178
0 31 159
0 32 198
0 33 250
0 34 181
0 35 146
0 36 156
0 37 110
0 38 183
0 39 47
0 40 292
0 41 243
0 42 355
0 43 190
0 44 54
0 45 261
0 46 182
0 47 210
0 48 173
0 49 264
0 50 262
0 51 325
0 52 176
0 53 148
0 54 140
0 55 96
0 56 61
0 57 186
0 58 223
0 59 64
0 60 101
0 61 285
0 62 83
0 63 153
0 64 279
0 65 170
0 66 184
0 67 100
0 68 225
0 69 117
0 70 255
0 71 255
0 72 80
0 73 148
0 74 186
0 75 291
0 76 205
0 77 198
0 78 218
0 79 169
0 80 196
0 81 204
0 82 222
0 83 189
0 84 206
0 85 192
0 86 331
0 87 244
0 88 111
0 89 222
0 90 169
0 91 112
0 92 257
0 93 115
0 94 302
0 95 193
0 96 211
0 97 274
0 98 183
0 99 146
1 2 202
1 3 99
1 4 488
1 5 79
1 6 259
1 7 160
1 8 467
1 9 396
1 10 392
1 11 397
1 12 76
1 13 269
1 14 378
1 15 290
1 16 358
1 17 184
1 18 173
1 19 403
1 20 349
1 21 260
1 22 128
1 23 406
1 24 440
1 25 388
1 26 377
1 27 64
1 28 299
1 29 353
1 30 70
1 31 77
1 32 390
1 33 476
1 34 219
1 35 374
1 36 115
1 37 204
1 38 200
1 39 236
1 40 64
1 41 48
1 42 386
1 43 59
1 44 197
1 45 425
1 46 166
1 47 332
1 48 370
1 49 440
1 50 354
1 51 98
1 52 64
1 53 199
1 54 364
1 55 166
1 56 276
1 57 40
1 58 66
1 59 291
1 60 267
1 61 339
1 62 143
1 63 376
1 64 96
1 65 225
1 66 132
1 67 322
1 68 365
1 69 245
1 70 251
1 71 483
1 72 272
1 73 261
1 74 316
1 75 81
1 76 397
1 77 373
1 78 195
1 79 387
1 80 422
1 81 60
1 82 251
1 83 156
1 84 159
1 85 415
1 86 554
1 87 340
1 88 307
1 89 237
1 90 127
1 91 266
1 92 102
1 93 343
1 94 289
1 95 122
1 96 363
1 97 366
1 98 184
1 99 344
2 3 158
2 4 318
2 5 144
2 6 61
2 7 194
2 8 285
2 9 195
2 10 278
2 11 199
2 12 273
2 13 71
2 14 179
2 15 151
2 16 157
2 17 38
2 18 137
2 19 243
2 20 224
2 21 155
2 22 200
2 23 214
2 24 249
2 25 244
2 26 227
2 27 137
2 28 137
2 29 176
2 30 143
2 31 127
2 32 249
2 33 288
2 34 131
2 35 179
2 36 158
2 37 61
2 38 132
2 39 95
2 40 264
2 41 209
2 42 393
2 43 156
2 44 5
2 45 312
2 46 198
2 47 256
2 48 223
2 49 315
2 50 306
2 51 296
2 52 143
2 53 175
2 54 165
2 55 113
2 56 112
2 57 162
2 58 212
2 59 99
2 60 150
2 61 324
2 62 67
2 63 175
2 64 239
2 65 121
2 66 191
2 67 146
2 68 199
2 69 159
2 70 281
2 71 289
2 72 71
2 73 107
2 74 233
2 75 256
2 76 255
2 77 185
2 78 167
2 79 215
2 80 233
2 81 192
2 82 173
2 83 202
2 84 219
2 85 214
2 86 371
2 87 288
2 88 107
2 89 250
2 90 122
2 91 82
2 92 214
2 93 153
2 94 329
2 95 196
2 96 261
2 97 236
2 98 132
2 99 196
3 4 474
3 5 121
3 6 219
3 7 220
3 8 443
3 9 349
3 10 409
3 11 330
3 12 170
3 13 210
3 14 313
3 15 289
3 16 301
3 17 160
3 18 76
3 19 394
3 20 254
3 21 273
3 22 198
3 23 333
3 24 408
3 25 389
3 26 286
3 27 78
3 28 286
3 29 332
3 30 44
3 31 60
3 32 392
3 33 447
3 34 126
3 35 337
3 36 166
3 37 132
3 38 105
3 39 229
3 40 138
3 41 71
3 42 453
3 43 45
3 44 153
3 45 443
3 46 226
3 47 364
3 48 369
3 49 452
3 50 399
3 51 161
3 52 54
3 53 240
3 54 320
3 55 185
3 56 261
3 57 87
3 58 156
3 59 257
3 60 276
3 61 396
3 62 130
3 63 328
3 64 83
3 65 134
3 66 197
3 67 301
3 68 279
3 69 265
3 70 320
3 71 446
3 72 216
3 73 179
3 74 344
3 75 109
3 76 399
3 77 298
3 78 96
3 79 370
3 80 391
3 81 141
3 82 153
3 83 220
3 84 230
3 85 366
3 86 529
3 87 382
3 88 248
3 89 298
3 90 40
3 91 196
3 92 56
3 93 311
3 94 364
3 95 192
3 96 384
3 97 271
3 98 88
3 99 341
4 5 410
4 6 260
4 7 375
4 8 55
4 9 182
4 10 157
4 11 273
4 12 540
4 13 293
4 14 269
4 15 198
4 16 242
4 17 315
4 18 452
4 19 86
4 20 453
4 21 237
4 22 407
4 23 304
4 24 101
4 25 113
4 26 419
4 27 430
4 28 190
4 29 142
4 30 449
4 31 430
4 32 115
4 33 78
4 34 430
4 35 160
4 36 387
4 37 366
4 38 439
4 39 251
4 40 552
4 41 513
4 42 386
4 43 461
4 44 323
4 45 154
4 46 372
4 47 233
4 48 124
4 49 128
4 50 277
4 51 586
4 52 446
4 53 321
4 54 191
4 55 324
4 56 214
4 57 449
4 58 462
4 59 222
4 60 225
4 61 330
4 62 350
4 63 196
4 64 551
4 65 416
4 66 396
4 67 172
4 68 378
4 69 258
4 70 380
4 71 111
4 72 284
4 73 370
4 74 226
4 75 560
4 76 109
4 77 318
4 78 479
4 79 103
4 80 109
4 81 449
4 82 462
4 83 385
4 84 398
4 85 184
4 86 86
4 87 268
4 88 273
4 89 354
4 90 441
4 91 326
4 92 530
4 93 171
4 94 407
4 95 409
4 96 184
4 97 454
4 98 445
4 99 146
5 6 194
5 7 98
5 8 391
5 9 329
5 10 314
5 11 343
5 12 135
5 13 215
5 14 324
5 15 211
5 16 299
5 17 116
5 18 173
5 19 324
5 20 333
5 21 181
5 22 79
5 23 358
5 24 366
5 25 309
5 26 351
5 27 43
5 28 222
5 29 278
5 30 77
5 31 63
5 32 310
5 33 401
5 34 207
5 35 303
5 36 45
5 37 167
5 38 193
5 39 159
5 40 142
5 41 115
5 42 332
5 43 80
5 44 140
5 45 347
5 46 104
5 47 256
5 48 291
5 49 361
5 50 284
5 51 176
5 52 68
5 53 125
5 54 298
5 55 86
5 56 200
5 57 45
5 58 68
5 59 221
5 60 188
5 61 276
5 62 77
5 63 310
5 64 163
5 65 207
5 66 76
5 67 247
5 68 331
5 69 166
5 70 198
5 71 410
5 72 215
5 73 228
5 74 239
5 75 157
5 76 318
5 77 327
5 78 204
5 79 310
5 80 349
5 81 48
5 82 247
5 83 98
5 84 109
5 85 349
5 86 478
5 87 268
5 88 251
5 89 177
5 90 125
5 91 220
5 92 156
5 93 271
5 94 242
5 95 73
5 96 285
5 97 349
5 98 180
5 99 265
6 7 222
6 8 225
6 9 136
6 10 240
6 11 158
6 12 327
6 13 52
6 14 138
6 15 116
6 16 108
6 17 77
6 18 191
6 19 189
6 20 237
6 21 138
6 22 236
6 23 179
6 24 188
6 25 198
6 26 226
6 27 195
6 28 92
6 29 118
6 30 203
6 31 186
6 32 203
6 33 227
6 34 173
6 35 118
6 36 197
6 37 106
6 38 180
6 39 79
6 40 323
6 41 270
6 42 389
6 43 217
6 44 66
6 45 272
6 46 224
6 47 236
6 48 177
6 49 272
6 50 291
6 51 355
6 52 203
6 53 188
6 54 105
6 55 138
6 56 71
6 57 219
6 58 261
6 59 38
6 60 128
6 61 318
6 62 117
6 63 117
6 64 301
6 65 161
6 66 225
6 67 91
6 68 190
6 69 151
6 70 294
6 71 227
6 72 44
6 73 126
6 74 212
6 75 317
6 76 209
6 77 158
6 78 219
6 79 159
6 80 171
6 81 242
6 82 211
6 83 231
6 84 248
6 85 155
6 86 310
6 87 273
6 88 70
6 89 261
6 90 183
6 91 84
6 92 276
6 93 92
6 94 341
6 95 234
6 96 229
6 97 245
6 98 184
6 99 151
7 8 369
7 9 341
7 10 250
7 11 380
7 12 180
7 13 260
7 14 360
7 15 182
7 16 328
7 17 157
7 18 266
7 19 289
7 20 411
7 21 139
7 22 36
7 23 400
7 24 356
7 25 264
7 26 420
7 27 142
7 28 206
7 29 264
7 30 176
7 31 161
7 32 263
7 33 386
7 34 293
7 35 306
7 36 54
7 37 239
7 38 282
7 39 155
7 40 209
7 41 206
7 42 233
7 43 178
7 44 192
7 45 280
7 46 6
7 47 179
7 48 250
7 49 299
7 50 194
7 51 241
7 52 166
7 53 53
7 54 311
7 55 84
7 56 193
7 57 139
7 58 104
7 59 235
7 60 152
7 61 179
7 62 135
7 63 326
7 64 255
7 65 290
7 66 28
7 67 238
7 68 394
7 69 117
7 70 100
7 71 402
7 72 257
7 73 297
7 74 168
7 75 241
7 76 270
7 77 376
7 78 298
7 79 286
7 80 340
7 81 101
7 82 335
7 83 10
7 84 27
7 85 361
7 86 453
7 87 181
7 88 291
7 89 78
7 90 220
7 91 277
7 92 252
7 93 272
7 94 146
7 95 41
7 96 218
7 97 425
7 98 271
7 99 229
8 9 130
8 10 183
8 11 219
8 12 525
8 13 251
8 14 216
8 15 187
8 16 191
8 17 288
8 18 415
8 19 88
8 20 402
8 21 231
8 22 399
8 23 250
8 24 48
8 25 126
8 26 366
8 27 407
8 28 169
8 29 113
8 30 422
8 31 404
8 32 130
8 33 26
8 34 388
8 35 114
8 36 374
8 37 328
8 38 399
8 39 231
8 40 532
8 41 488
8 42 413
8 43 435
8 44 290
8 45 189
8 46 368
8 47 250
8 48 128
8 49 166
8 50 300
8 51 566
8 52 420
8 53 317
8 54 142
8 55 309
8 56 191
8 57 427
8 58 449
8 59 186
8 60 217
8 61 352
8 62 325
8 63 145
8 64 523
8 65 374
8 66 388
8 67 145
8 68 326
8 69 253
8 70 389
8 71 60
8 72 242
8 73 325
8 74 238
8 75 535
8 76 127
8 77 265
8 78 439
8 79 83
8 80 59
8 81 433
8 82 418
8 83 380
8 84 395
8 85 129
8 86 87
8 87 289
8 88 227
8 89 361
8 90 408
8 91 282
8 92 500
8 93 133
8 94 421
8 95 400
8 96 205
8 97 403
8 98 406
8 99 142
9 10 250
9 11 93
9 12 464
9 13 140
9 14 86
9 15 176
9 16 62
9 17 213
9 18 306
9 19 155
9 20 272
9 21 220
9 22 362
9 23 124
9 24 82
9 25 188
9 26 236
9 27 332
9 28 143
9 29 101
9 30 338
9 31 322
9 32 194
9 33 117
9 34 272
9 35 42
9 36 327
9 37 221
9 38 286
9 39 186
9 40 459
9 41 405
9 42 457
9 43 352
9 44 200
9 45 271
9 46 342
9 47 287
9 48 174
9 49 257
9 50 345
9 51 492
9 52 339
9 53 297
9 54 31
9 55 263
9 56 149
9 57 356
9 58 395
9 59 108
9 60 205
9 61 387
9 62 253
9 63 21
9 64 432
9 65 257
9 66 351
9 67 111
9 68 196
9 69 241
9 70 393
9 71 103
9 72 133
9 73 205
9 74 267
9 75 452
9 76 196
9 77 136
9 78 326
9 79 119
9 80 73
9 81 376
9 82 296
9 83 351
9 84 368
9 85 20
9 86 198
9 87 329
9 88 107
9 89 360
9 90 310
9 91 165
9 92 406
9 93 72
9 94 435
9 95 361
9 96 257
9 97 273
9 98 296
9 99 166
10 11 336
10 12 429
10 13 290
10 14 323
10 15 127
10 16 287
10 17 256
10 18 413
10 19 101
10 20 474
10 21 135
10 22 286
10 23 368
10 24 203
10 25 63
10 26 455
10 27 346
10 28 148
10 29 153
10 30 373
10 31 353
10 32 57
10 33 209
10 34 408
10 35 209
10 36 279
10 37 338
10 38 410
10 39 185
10 40 451
10 41 428
10 42 231
10 43 382
10 44 281
10 45 34
10 46 246
10 47 80
10 48 75
10 49 48
10 50 120
10 51 485
10 52 367
10 53 199
10 54 237
10 55 229
10 56 169
10 57 358
10 58 351
10 59 212
10 60 133
10 61 173
10 62 279
10 63 250
10 64 473
10 65 397
10 66 276
10 67 161
10 68 416
10 69 147
10 70 231
10 71 240
10 72 281
10 73 367
10 74 82
10 75 471
10 76 57
10 77 366
10 78 445
10 79 132
10 80 195
10 81 341
10 82 449
10 83 260
10 84 269
10 85 263
10 86 243
10 87 111
10 88 290
10 89 210
10 90 386
10 91 324
10 92 459
10 93 191
10 94 253
10 95 290
10 96 32
10 97 481
10 98 410
10 99 92
11 12 471
11 13 129
11 14 20
11 15 243
11 16 54
11 17 230
11 18 271
11 19 246
11 20 191
11 21 280
11 22 393
11 23 31
11 24 172
11 25 276
11 26 149
11 27 334
11 28 209
11 29 183
11 30 331
11 31 319
11 32 283
11 33 203
11 34 227
11 35 128
11 36 353
11 37 198
11 38 245
11 39 231
11 40 457
11 41 395
11 42 529
11 43 345
11 44 203
11 45 360
11 46 382
11 47 363
11 48 261
11 49 348
11 50 421
11 51 486
11 52 335
11 53 344
11 54 99
11 55 296
11 56 204
11 57 359
11 58 412
11 59 152
11 60 267
11 61 458
11 62 266
11 63 86
11 64 413
11 65 213
11 66 383
11 67 182
11 68 111
11 69 298
11 70 448
11 71 180
11 72 128
11 73 158
11 74 340
11 75 439
11 76 285
11 77 50
11 78 282
11 79 209
11 80 165
11 81 392
11 82 239
11 83 389
11 84 406
11 85 89
11 86 276
11 87 404
11 88 92
11 89 415
11 90 289
11 91 134
11 92 383
11 93 146
11 94 494
11 95 391
11 96 339
11 97 188
11 98 259
11 99 247
12 13 342
12 14 451
12 15 341
12 16 430
12 17 250
12 18 246
12 19 454
12 20 424
12 21 305
12 22 143
12 23 481
12 24 501
12 25 434
12 26 453
12 27 136
12 28 355
12 29 412
12 30 146
12 31 153
12 32 435
12 33 536
12 34 294
12 35 439
12 36 153
12 37 280
12 38 274
12 39 293
12 40 49
12 41 104
12 42 380
12 43 134
12 44 268
12 45 460
12 46 185
12 47 360
12 48 418
12 49 478
12 50 370
12 51 68
12 52 140
12 53 230
12 54 432
12 55 216
12 56 334
12 57 111
12 58 78
12 59 357
12 60 315
12 61 344
12 62 210
12 63 444
12 64 135
12 65 300
12 66 152
12 67 382
12 68 441
12 69 286
12 70 249
12 71 546
12 72 344
12 73 337
12 74 348
12 75 100
12 76 442
12 77 448
12 78 265
12 79 443
12 80 484
12 81 91
12 82 324
12 83 172
12 84 167
12 85 483
12 86 612
12 87 359
12 88 380
12 89 245
12 90 202
12 91 341
12 92 155
12 93 406
12 94 278
12 95 139
12 96 398
12 97 441
12 98 258
12 99 394
13 14 109
13 15 168
13 16 90
13 17 104
13 18 166
13 19 231
13 20 185
13 21 190
13 22 269
13 23 143
13 24 209
13 25 244
13 26 174
13 27 205
13 28 142
13 29 157
13 30 205
13 31 192
13 32 249
13 33 248
13 34 136
13 35 137
13 36 227
13 37 80
13 38 148
13 39 130
13 40 330
13 41 271
13 42 440
13 43 219
13 44 75
13 45 322
13 46 263
13 47 288
13 48 223
13 49 319
13 50 343
13 51 360
13 52 208
13 53 233
13 54 114
13 55 176
13 56 123
13 57 230
13 58 283
13 59 79
13 60 180
13 61 369
13 62 138
13 63 119
13 64 294
13 65 123
13 66 259
13 67 134
13 68 140
13 69 201
13 70 340
13 71 242
13 72 10
13 73 79
13 74 264
13 75 316
13 76 255
13 77 116
13 78 188
13 79 196
13 80 194
13 81 263
13 82 168
13 83 268
13 84 285
13 85 156
13 86 332
13 87 325
13 88 38
13 89 307
13 90 171
13 91 34
13 92 266
13 93 122
13 94 387
13 95 266
13 96 280
13 97 193
13 98 156
13 99 199
14 15 226
14 16 37
14 17 210
14 18 255
14 19 236
14 20 188
14 21 262
14 22 373
14 23 45
14 24 168
14 25 264
14 26 150
14 27 315
14 28 192
14 29 170
14 30 313
14 31 300
14 32 271
14 33 202
14 34 212
14 35 118
14 36 333
14 37 180
14 38 230
14 39 212
14 40 438
14 41 377
14 42 512
14 43 326
14 44 184
14 45 348
14 46 362
14 47 346
14 48 248
14 49 337
14 50 405
14 51 468
14 52 316
14 53 325
14 54 87
14 55 276
14 56 186
14 57 340
14 58 392
14 59 133
14 60 249
14 61 441
14 62 246
14 63 76
14 64 395
14 65 198
14 66 363
14 67 166
14 68 110
14 69 279
14 70 429
14 71 182
14 72 108
14 73 143
14 74 324
14 75 421
14 76 274
14 77 49
14 78 268
14 79 199
14 80 160
14 81 372
14 82 227
14 83 369
14 84 386
14 85 88
14 86 278
14 87 387
14 88 72
14 89 396
14 90 272
14 91 116
14 92 366
14 93 132
14 94 475
14 95 371
14 96 324
14 97 187
14 98 243
14 99 233
15 16 188
15 17 131
15 18 286
15 19 113
15 20 353
15 21 46
15 22 212
15 23 271
15 24 174
15 25 100
15 26 340
15 27 235
15 28 34
15 29 84
15 30 258
15 31 238
15 32 103
15 33 203
15 34 281
15 35 135
15 36 189
15 37 210
15 38 283
15 39 60
15 40 354
15 41 318
15 42 286
15 43 269
15 44 154
15 45 161
15 46 181
15 47 122
15 48 80
15 49 165
15 50 180
15 51 388
15 52 254
15 53 131
15 54 151
15 55 125
15 56 45
15 57 252
15 58 264
15 59 96
15 60 31
15 61 215
15 62 159
15 63 166
15 64 360
15 65 270
15 66 200
15 67 65
15 68 303
15 69 68
15 70 218
15 71 220
15 72 159
15 73 242
15 74 98
15 75 364
15 76 110
15 77 260
15 78 318
15 79 104
15 80 158
15 81 250
15 82 321
15 83 193
15 84 208
15 85 195
15 86 272
15 87 162
15 88 176
15 89 186
15 90 262
15 91 201
15 92 342
15 93 103
15 94 259
15 95 213
15 96 112
15 97 362
15 98 283
15 99 53
16 17 183
16 18 251
16 19 202
16 20 211
16 21 226
16 22 344
16 23 82
16 24 143
16 25 228
16 26 178
16 27 294
16 28 155
16 29 134
16 30 296
16 31 282
16 32 235
16 33 180
16 34 213
16 35 84
16 36 305
16 37 169
16 38 228
16 39 178
16 40 420
16 41 361
16 42 475
16 43 309
16 44 161
16 45 312
16 46 330
16 47 309
16 48 211
16 49 302
16 50 368
16 51 451
16 52 298
16 53 291
16 54 53
16 55 245
16 56 150
16 57 319
16 58 367
16 59 97
16 60 212
16 61 404
16 62 221
16 63 46
16 64 384
16 65 198
16 66 333
16 67 129
16 68 137
16 69 243
16 70 394
16 71 165
16 72 86
16 73 144
16 74 286
16 75 407
16 76 238
16 77 80
16 78 268
16 79 164
16 80 133
16 81 347
16 82 234
16 83 338
16 84 355
16 85 72
16 86 260
16 87 350
16 88 52
16 89 361
16 90 261
16 91 108
16 92 356
16 93 95
16 94 439
16 95 342
16 96 287
16 97 212
16 98 239
16 99 196
17 18 157
17 19 234
17 20 261
17 21 126
17 22 165
17 23 247
17 24 257
17 25 230
17 26 265
17 27 121
17 28 126
17 29 174
17 30 134
17 31 116
17 32 234
17 33 294
17 34 161
17 35 190
17 36 123
17 37 93
17 38 157
17 39 71
17 40 248
17 41 200
17 42 356
17 43 147
17 44 36
17 45 290
17 46 161
17 47 226
17 48 209
17 49 297
17 50 274
17 51 281
17 52 132
17 53 137
17 54 181
17 55 75
17 56 101
17 57 143
17 58 184
17 59 107
17 60 124
17 61 288
17 62 40
17 63 193
17 64 236
17 65 153
17 66 155
17 67 143
17 68 237
17 69 126
17 70 243
17 71 299
17 72 102
17 73 144
17 74 203
17 75 247
17 76 241
17 77 220
17 78 189
17 79 211
17 80 239
17 81 164
17 82 204
17 83 165
17 84 182
17 85 232
17 86 374
17 87 255
17 88 138
17 89 212
17 90 131
17 91 119
17 92 215
17 93 159
17 94 292
17 95 162
17 96 236
17 97 274
17 98 155
17 99 182
18 19 379
18 20 178
18 21 283
18 22 252
18 23 270
18 24 374
18 25 382
18 26 211
18 27 134
18 28 274
18 29 310
18 30 106
18 31 112
18 32 386
18 33 413
18 34 51
18 35 302
18 36 213
18 37 86
18 38 30
18 39 228
18 40 214
18 41 146
18 42 494
18 43 114
18 44 133
18 45 447
18 46 272
18 47 381
18 48 361
18 49 452
18 50 424
18 51 236
18 52 115
18 53 273
18 54 280
18 55 209
18 56 249
18 57 152
18 58 222
18 59 230
18 60 281
18 61 431
18 62 144
18 63 285
18 64 147
18 65 61
18 66 248
18 67 282
18 68 207
18 69 280
18 70 366
18 71 408
18 72 174
18 73 113
18 74 359
18 75 180
18 76 393
18 77 233
18 78 33
18 79 350
18 80 358
18 81 205
18 82 78
18 83 269
18 84 281
18 85 320
18 86 497
18 87 406
18 88 199
18 89 340
18 90 48
18 91 142
18 92 116
18 93 282
18 94 412
18 95 246
18 96 393
18 97 194
18 98 13
18 99 334
19 20 405
19 21 151
19 22 322
19 23 278
19 24 101
19 25 39
19 26 379
19 27 347
19 28 108
19 29 74
19 30 367
19 31 347
19 32 44
19 33 111
19 34 363
19 35 118
19 36 301
19 37 296
19 38 370
19 39 168
19 40 467
19 41 429
19 42 328
19 43 378
19 44 247
19 45 117
19 46 287
19 47 162
19 48 41
19 49 102
19 50 214
19 51 501
19 52 363
19 53 236
19 54 149
19 55 239
19 56 133
19 57 364
19 58 376
19 59 152
19 60 139
19 61 265
19 62 268
19 63 160
19 64 469
19 65 350
19 66 310
19 67 98
19 68 338
19 69 172
19 70 302
19 71 140
19 72 221
19 73 310
19 74 150
19 75 476
19 76 43
19 77 283
19 78 408
19 79 37
19 80 94
19 81 363
19 82 399
19 83 300
19 84 314
19 85 166
19 86 164
19 87 202
19 88 219
19 89 274
19 90 364
19 91 265
19 92 449
19 93 112
19 94 333
19 95 323
19 96 119
19 97 410
19 98 373
19 99 60
20 21 372
20 22 407
20 23 169
20 24 354
20 25 424
20 26 50
20 27 302
20 28 327
20 29 332
20 30 280
20 31 280
20 32 430
20 33 389
20 34 129
20 35 293
20 36 365
20 37 171
20 38 149
20 39 310
20 40 391
20 41 324
20 42 617
20 43 290
20 44 225
20 45 505
20 46 416
20 47 472
20 48 405
20 49 500
20 50 526
20 51 412
20 52 289
20 53 399
20 54 262
20 55 335
20 56 308
20 57 324
20 58 393
20 59 262
20 60 363
20 61 548
20 62 276
20 63 257
20 64 319
20 65 126
20 66 400
20 67 315
20 68 80
20 69 380
20 70 504
20 71 370
20 72 194
20 73 117
20 74 448
20 75 355
20 76 435
20 77 141
20 78 165
20 79 368
20 80 344
20 81 374
20 82 103
20 83 417
20 84 432
20 85 276
20 86 466
20 87 507
20 88 186
20 89 473
20 90 222
20 91 153
20 92 288
20 93 293
20 94 552
20 95 402
20 96 466
20 97 17
20 98 165
20 99 382
21 22 170
21 23 307
21 24 220
21 25 129
21 26 364
21 27 211
21 28 76
21 29 130
21 30 237
21 31 217
21 32 130
21 33 247
21 34 286
21 35 180
21 36 152
21 37 216
21 38 284
21 39 61
21 40 322
21 41 293
21 42 251
21 43 247
21 44 156
21 45 170
21 46 137
21 47 101
21 48 113
21 49 181
21 50 153
21 51 356
21 52 232
21 53 86
21 54 193
21 55 94
21 56 76
21 57 224
21 58 226
21 59 129
21 60 15
21 61 180
21 62 144
21 63 209
21 64 338
21 65 276
21 66 159
21 67 109
21 68 329
21 69 22
21 70 173
21 71 266
21 72 182
21 73 257
21 74 77
21 75 338
21 76 137
21 77 293
21 78 315
21 79 148
21 80 205
21 81 214
21 82 328
21 83 149
21 84 164
21 85 239
21 86 314
21 87 135
21 88 205
21 89 140
21 90 252
21 91 219
21 92 323
21 93 147
21 94 215
21 95 172
21 96 111
21 97 382
21 98 281
21 99 90
22 23 412
22 24 383
22 25 297
22 26 421
22 27 121
22 28 233
22 29 291
22 30 154
22 31 142
22 32 297
22 33 414
22 34 284
22 35 329
22 36 42
22 37 237
22 38 270
22 39 177
22 40 174
22 41 175
22 42 259
22 43 154
22 44 197
22 45 316
22 46 41
22 47 216
22 48 283
22 49 335
22 50 229
22 51 204
22 52 144
22 53 88
22 54 331
22 55 99
22 56 217
22 57 112
22 58 68
22 59 254
22 60 182
22 61 211
22 62 135
22 63 345
22 64 224
22 65 283
22 66 11
22 67 264
22 68 397
22 69 149
22 70 124
22 71 429
22 72 267
22 73 297
22 74 205
22 75 207
22 76 304
22 77 385
22 78 283
22 79 316
22 80 366
22 81 68
22 82 325
22 83 29
22 84 32
22 85 382
22 86 484
22 87 217
22 88 302
22 89 109
22 90 204
22 91 282
22 92 224
22 93 295
22 94 165
22 95 6
22 96 255
22 97 422
22 98 258
22 99 261
23 24 202
23 25 308
23 26 124
23 27 345
23 28 238
23 29 214
23 30 339
23 31 328
23 32 314
23 33 232
23 34 222
23 35 160
23 36 370
23 37 203
23 38 242
23 39 256
23 40 464
23 41 401
23 42 557
23 43 352
23 44 218
23 45 392
23 46 403
23 47 392
23 48 292
23 49 380
23 50 451
23 51 492
23 52 343
23 53 367
23 54 130
23 55 316
23 56 231
23 57 370
23 58 426
23 59 178
23 60 294
23 61 486
23 62 281
23 63 118
23 64 415
23 65 209
23 66 401
23 67 212
23 68 89
23 69 324
23 70 473
23 71 208
23 72 144
23 73 156
23 74 369
23 75 443
23 76 317
23 77 36
23 78 277
23 79 241
23 80 196
23 81 406
23 82 229
23 83 409
23 84 426
23 85 120
23 86 303
23 87 433
23 88 109
23 89 439
23 90 293
23 91 140
23 92 384
23 93 176
23 94 519
23 95 409
23 96 369
23 97 165
23 98 257
23 99 278
24 25 140
24 26 318
24 27 377
24 28 149
24 29 91
24 30 390
24 31 372
24 32 146
24 33 39
24 34 345
24 35 71
24 36 354
24 37 287
24 38 357
24 39 208
24 40 504
24 41 456
24 42 428
24 43 403
24 44 254
24 45 216
24 46 355
24 47 259
24 48 135
24 49 197
24 50 314
24 51 538
24 52 389
24 53 305
24 54 97
24 55 288
24 56 167
24 57 399
24 58 427
24 59 151
24 60 205
24 61 362
24 62 296
24 63 98
24 64 489
24 65 331
24 66 371
24 67 119
24 68 278
24 69 243
24 70 388
24 71 46
24 72 200
24 73 281
24 74 243
24 75 504
24 76 145
24 77 217
24 78 397
24 79 77
24 80 17
24 81 410
24 82 373
24 83 367
24 84 382
24 85 82
24 86 122
24 87 300
24 88 182
24 89 357
24 90 371
24 91 238
24 92 464
24 93 97
24 94 424
24 95 383
24 96 219
24 97 355
24 98 365
24 99 140
25 26 401
25 27 335
25 28 107
25 29 94
25 30 358
25 31 338
25 32 6
25 33 150
25 34 371
25 35 148
25 36 281
25 37 301
25 38 375
25 39 159
25 40 451
25 41 418
25 42 288
25 43 369
25 44 248
25 45 84
25 46 261
25 47 124
25 48 21
25 49 75
25 50 175
25 51 484
25 52 354
25 53 210
25 54 177
25 55 222
25 56 132
25 57 351
25 58 356
25 59 164
25 60 120
25 61 226
25 62 260
25 63 190
25 64 460
25 65 359
25 66 286
25 67 110
25 68 361
25 69 148
25 70 267
25 71 179
25 72 234
25 73 322
25 74 113
25 75 464
25 76 11
25 77 309
25 78 412
25 79 69
25 80 132
25 81 344
25 82 409
25 83 274
25 84 286
25 85 200
25 86 197
25 87 162
25 88 238
25 89 241
25 90 361
25 91 278
25 92 442
25 93 134
25 94 297
25 95 300
25 96 79
25 97 430
25 98 377
25 99 48
26 27 324
26 28 310
26 29 307
26 30 307
26 31 304
26 32 407
26 33 352
26 34 160
26 35 263
26 36 378
26 37 184
26 38 181
26 39 304
26 40 424
26 41 357
26 42 614
26 43 318
26 44 228
26 45 484
26 46 424
26 47 461
26 48 383
26 49 477
26 50 517
26 51 447
26 52 314
26 53 402
26 54 231
26 55 340
26 56 295
26 57 348
26 58 414
26 59 245
26 60 354
26 61 544
26 62 286
26 63 223
26 64 356
26 65 152
26 66 413
26 67 294
26 68 40
26 69 375
26 70 509
26 71 330
26 72 182
26 73 123
26 74 437
26 75 391
26 76 412
26 77 101
26 78 204
26 79 341
26 80 309
26 81 395
26 82 143
26 83 427
26 84 443
26 85 238
26 86 426
26 87 499
26 88 165
26 89 477
26 90 250
26 91 147
26 92 325
26 93 267
26 94 557
26 95 416
26 96 450
26 97 41
26 98 198
26 99 363
27 28 240
27 29 293
27 30 33
27 31 22
27 32 337
27 33 414
27 34 173
27 35 311
27 36 88
27 37 145
27 38 156
27 39 179
27 40 127
27 41 83
27 42 375
27 43 38
27 44 133
27 45 380
27 46 148
27 47 294
27 48 316
27 49 392
27 50 325
27 51 160
27 52 24
27 53 166
27 54 301
27 55 117
27 56 216
27 57 25
27 58 90
27 59 228
27 60 216
27 61 319
27 62 81
27 63 312
27 64 126
27 65 175
27 66 119
27 67 262
27 68 309
27 69 199
27 70 242
27 71 420
27 72 208
27 73 204
27 74 275
27 75 129
27 76 345
27 77 312
27 78 163
27 79 328
27 80 360
27 81 72
27 82 211
27 83 142
27 84 152
27 85 351
27 86 494
27 87 309
27 88 244
27 89 220
27 90 85
27 91 204
27 92 115
27 93 280
27 94 286
27 95 115
27 96 319
27 97 318
27 98 142
27 99 289
28 29 58
28 30 259
28 31 239
28 32 112
28 33 182
28 34 264
28 35 103
28 36 205
28 37 194
28 38 267
28 39 62
28 40 363
28 41 322
28 42 320
28 43 271
28 44 141
28 45 180
28 46 206
28 47 154
28 48 86
28 49 180
28 50 213
28 51 397
28 52 256
28 53 158
28 54 117
28 55 139
28 56 25
28 57 259
28 58 279
28 59 65
28 60 61
28 61 249
28 62 160
28 63 133
28 64 361
28 65 252
28 66 221
28 67 33
28 68 272
28 69 98
28 70 250
28 71 196
28 72 132
28 73 219
28 74 131
28 75 369
28 76 118
28 77 228
28 78 304
28 79 88
28 80 133
28 81 264
28 82 302
28 83 217
28 84 233
28 85 162
28 86 256
28 87 195
28 88 145
28 89 217
28 90 256
28 91 175
28 92 341
28 93 70
28 94 292
28 95 233
28 96 139
28 97 334
28 98 269
28 99 60
29 30 309
29 31 290
29 32 101
29 33 124
29 34 291
29 35 58
29 36 263
29 37 225
29 38 298
29 39 118
29 40 418
29 41 374
29 42 356
29 43 321
29 44 180
29 45 178
29 46 264
29 47 186
29 48 77
29 49 169
29 50 244
29 51 452
29 52 307
29 53 214
29 54 84
29 55 197
29 56 78
29 57 313
29 58 337
29 59 80
29 60 115
29 61 288
29 62 212
29 63 98
29 64 410
29 65 278
29 66 280
29 67 31
29 68 267
29 69 152
29 70 301
29 71 137
29 72 147
29 73 236
29 74 166
29 75 421
29 76 104
29 77 214
29 78 337
29 79 40
29 80 75
29 81 321
29 82 325
29 83 275
29 84 291
29 85 117
29 86 201
29 87 228
29 88 145
29 89 270
29 90 298
29 91 191
29 92 388
29 93 39
29 94 340
29 95 292
29 96 156
29 97 337
29 98 303
29 99 65
30 31 20
30 32 361
30 33 428
30 34 150
30 35 321
30 36 122
30 37 135
30 38 132
30 39 199
30 40 125
30 41 66
30 42 409
30 43 13
30 44 138
30 45 407
30 46 182
30 47 324
30 48 338
30 49 418
30 50 357
30 51 155
30 52 10
30 53 198
30 54 308
30 55 145
30 56 234
30 57 46
30 58 116
30 59 239
30 60 241
30 61 352
30 62 99
30 63 318
30 64 102
30 65 155
30 66 153
30 67 278
30 68 295
30 69 227
30 70 275
30 71 431
30 72 209
30 73 191
30 74 305
30 75 113
30 76 368
30 77 305
30 78 133
30 79 346
30 80 373
30 81 99
30 82 185
30 83 176
30 84 186
30 85 356
30 86 509
30 87 341
30 88 244
30 89 254
30 90 59
30 91 198
30 92 85
30 93 292
30 94 319
30 95 148
30 96 347
30 97 297
30 98 116
30 99 311
31 32 341
31 33 410
31 34 151
31 35 304
31 36 107
31 37 127
31 38 134
31 39 179
31 40 138
31 41 84
31 42 393
31 43 31
31 44 122
31 45 387
31 46 167
31 47 305
31 48 318
31 49 398
31 50 338
31 51 169
31 52 17
31 53 180
31 54 292
31 55 126
31 56 215
31 57 44
31 58 112
31 59 221
31 60 221
31 61 335
31 62 79
31 63 302
31 64 122
31 65 154
31 66 139
31 67 259
31 68 289
31 69 207
31 70 261
31 71 414
31 72 195
31 73 184
31 74 285
31 75 131
31 76 348
31 77 295
31 78 141
31 79 327
31 80 355
31 81 94
31 82 188
31 83 161
31 84 172
31 85 341
31 86 490
31 87 322
31 88 230
31 89 238
31 90 63
31 91 188
31 92 105
31 93 274
31 94 306
31 95 136
31 96 327
31 97 296
31 98 120
31 99 291
32 33 155
32 34 376
32 35 154
32 36 282
32 37 306
32 38 380
32 39 163
32 40 452
32 41 420
32 42 283
32 43 372
32 44 252
32 45 77
32 46 261
32 47 120
32 48 26
32 49 69
32 50 170
32 51 486
32 52 356
32 53 210
32 54 183
32 55 224
32 56 137
32 57 353
32 58 357
32 59 170
32 60 122
32 61 221
32 62 263
32 63 196
32 64 463
32 65 364
32 66 287
32 67 115
32 68 367
32 69 149
32 70 264
32 71 184
32 72 239
32 73 328
32 74 111
32 75 466
32 76 7
32 77 315
32 78 417
32 79 75
32 80 138
32 81 345
32 82 414
32 83 274
32 84 286
32 85 207
32 86 200
32 87 158
32 88 244
32 89 239
32 90 365
32 91 283
32 92 445
32 93 140
32 94 293
32 95 300
32 96 74
32 97 436
32 98 381
32 99 52
33 34 384
33 35 111
33 36 387
33 37 327
33 38 396
33 39 242
33 40 541
33 41 494
33 42 439
33 43 441
33 44 293
33 45 216
33 46 384
33 47 273
33 48 151
33 49 193
33 50 325
33 51 574
33 52 427
33 53 334
33 54 135
33 55 321
33 56 201
33 57 436
33 58 461
33 59 189
33 60 234
33 61 376
33 62 333
33 63 135
33 64 527
33 65 370
33 66 402
33 67 154
33 68 312
33 69 270
33 70 410
33 71 33
33 72 239
33 73 319
33 74 261
33 75 541
33 76 152
33 77 251
33 78 437
33 79 99
33 80 55
33 81 445
33 82 411
33 83 396
33 84 411
33 85 114
33 86 83
33 87 313
33 88 220
33 89 381
33 90 410
33 91 277
33 92 503
33 93 135
33 94 444
33 95 415
33 96 230
33 97 389
33 98 404
33 99 161
34 35 274
34 36 243
34 37 70
34 38 21
34 39 226
34 40 264
34 41 197
34 42 513
34 43 160
34 44 129
34 45 442
34 46 298
34 47 387
34 48 350
34 49 444
34 50 435
34 51 287
34 52 159
34 53 291
34 54 249
34 55 225
34 56 240
34 57 194
34 58 264
34 59 210
34 60 281
34 61 447
34 62 161
34 63 251
34 64 199
34 65 14
34 66 278
34 67 265
34 68 156
34 69 287
34 70 391
34 71 375
34 72 146
34 73 69
34 74 363
34 75 232
34 76 382
34 77 185
34 78 55
34 79 331
34 80 330
34 81 245
34 82 43
34 83 297
34 84 311
34 85 284
34 86 467
34 87 416
34 88 164
34 89 362
34 90 92
34 91 107
34 92 167
34 93 258
34 94 438
34 95 279
34 96 392
34 97 146
34 98 38
34 99 324
35 36 296
35 37 215
35 38 285
35 39 152
35 40 438
35 41 388
35 42 415
35 43 334
35 44 184
35 45 232
35 46 306
35 47 244
35 48 133
35 49 220
35 50 303
35 51 471
35 52 321
35 53 260
35 54 31
35 55 231
35 56 112
35 57 333
35 58 367
35 59 82
35 60 165
35 61 345
35 62 230
35 63 42
35 64 419
35 65 260
35 66 318
35 67 70
35 68 222
35 69 201
35 70 353
35 71 109
35 72 128
35 73 211
35 74 224
35 75 435
35 76 157
35 77 165
35 78 326
35 79 81
35 80 56
35 81 349
35 82 303
35 83 316
35 84 333
35 85 60
35 86 194
35 87 286
35 88 113
35 89 321
35 90 300
35 91 167
35 92 394
35 93 34
35 94 394
35 95 329
35 96 215
35 97 296
35 98 293
35 99 123
36 37 194
36 38 230
36 39 145
36 40 172
36 41 157
36 42 287
36 43 125
36 44 154
36 45 311
36 46 60
36 47 216
36 48 265
36 49 327
36 50 240
36 51 205
36 52 113
36 53 84
36 54 295
36 55 65
36 56 186
36 57 88
36 58 75
36 59 218
36 60 162
36 61 231
36 62 92
36 63 309
36 64 205
36 65 241
36 66 35
36 67 234
36 68 354
36 69 134
36 70 154
36 71 399
36 72 226
36 73 254
36 74 201
36 75 196
36 76 289
36 77 343
36 78 245
36 79 291
36 80 337
36 81 62
36 82 284
36 83 55
36 84 68
36 85 347
36 86 460
36 87 226
36 88 261
36 89 132
36 90 167
36 91 239
36 92 200
36 93 262
36 94 199
36 95 38
36 96 249
36 97 380
36 98 219
36 99 240
37 38 73
37 39 156
37 40 260
37 41 197
37 42 450
37 43 148
37 44 59
37 45 371
37 46 244
37 47 317
37 48 280
37 49 374
37 50 367
37 51 289
37 52 140
37 53 229
37 54 194
37 55 164
37 56 170
37 57 170
37 58 232
37 59 144
37 60 211
37 61 382
37 62 104
37 63 200
37 64 216
37 65 60
37 66 229
37 67 197
37 68 164
37 69 219
37 70 333
37 71 322
37 72 88
37 73 60
37 74 294
37 75 241
37 76 312
37 77 169
37 78 112
37 79 265
37 80 272
37 81 212
37 82 112
37 83 245
37 84 261
37 85 236
37 86 410
37 87 348
37 88 116
37 89 302
37 90 92
37 91 64
37 92 187
37 93 195
37 94 381
37 95 233
37 96 321
37 97 186
37 98 78
37 99 254
38 39 226
38 40 243
38 41 176
38 42 505
38 43 141
38 44 129
38 45 444
38 46 287
38 47 384
38 48 354
38 49 447
38 50 430
38 51 266
38 52 140
38 53 283
38 54 261
38 55 218
38 56 243
38 57 177
38 58 247
38 59 218
38 60 280
38 61 440
38 62 153
38 63 265
38 64 177
38 65 32
38 66 265
38 67 271
38 68 177
38 69 284
38 70 380
38 71 389
38 72 157
38 73 87
38 74 361
38 75 211
38 76 386
38 77 205
38 78 40
38 79 339
38 80 342
38 81 228
38 82 54
38 83 285
38 84 299
38 85 299
38 86 480
38 87 412
38 88 178
38 89 353
38 90 73
38 91 121
38 92 146
38 93 267
38 94 427
38 95 265
38 96 392
38 97 166
38 98 17
38 99 327
39 40 301
39 41 261
39 42 310
39 43 210
39 44 97
39 45 219
39 46 156
39 47 162
39 48 139
39 49 225
39 50 215
39 51 335
39 52 195
39 53 113
39 54 156
39 55 79
39 56 41
39 57 197
39 58 218
39 59 81
39 60 55
39 61 239
39 62 100
39 63 171
39 64 301
39 65 216
39 66 165
39 67 89
39 68 270
39 69 71
39 70 217
39 71 254
39 72 123
39 73 195
39 74 138
39 75 308
39 76 170
39 77 237
39 78 260
39 79 150
39 80 191
39 81 202
39 82 268
39 83 165
39 84 182
39 85 206
39 86 318
39 87 196
39 88 149
39 89 183
39 90 202
39 91 158
39 92 283
39 93 118
39 94 262
39 95 176
39 96 166
39 97 321
39 98 225
39 99 112
40 41 67
40 42 423
40 43 112
40 44 259
40 45 484
40 46 215
40 47 387
40 48 433
40 49 500
40 50 403
40 51 33
40 52 122
40 53 255
40 54 428
40 55 228
40 56 340
40 57 105
40 58 105
40 59 355
40 60 330
40 61 382
40 62 208
40 63 439
40 64 88
40 65 272
40 66 181
40 67 387
40 68 416
40 69 305
40 70 289
40 71 547
40 72 333
40 73 313
40 74 373
40 75 51
40 76 459
40 77 430
40 78 229
40 79 452
40 80 487
40 81 110
40 82 289
40 83 203
40 84 202
40 85 478
40 86 619
40 87 391
40 88 368
40 89 281
40 90 175
40 91 324
40 92 111
40 93 407
40 94 321
40 95 168
40 96 421
40 97 408
40 98 226
40 99 407
41 42 434
41 43 53
41 44 204
41 45 461
41 46 212
41 47 372
41 48 399
41 49 474
41 50 397
41 51 91
41 52 67
41 53 240
41 54 375
41 55 198
41 56 298
41 57 70
41 58 115
41 59 305
41 60 299
41 61 385
41 62 162
41 63 384
41 64 49
41 65 205
41 66 178
41 67 343
41 68 350
41 69 280
41 70 299
41 71 497
41 72 275
41 73 248
41 74 354
41 75 47
41 76 428
41 77 365
41 78 162
41 79 410
41 80 439
41 81 107
41 82 223
41 83 202
41 84 207
41 85 423
41 86 574
41 87 383
41 88 309
41 89 283
41 90 109
41 91 261
41 92 55
41 93 359
41 94 337
41 95 169
41 96 400
41 97 341
41 98 159
41 99 372
42 43 411
42 44 393
42 45 234
42 46 227
42 47 170
42 48 292
42 49 261
42 50 113
42 51 448
42 52 400
42 53 222
42 54 435
42 55 287
42 56 326
42 57 371
42 58 322
42 59 380
42 60 264
42 61 71
42 62 352
42 63 451
42 64 483
42 65 507
42 66 258
42 67 349
42 68 580
42 69 239
42 70 135
42 71 468
42 72 433
42 73 500
42 74 190
42 75 463
42 76 286
42 77 545
42 78 527
42 79 351
42 80 417
42 81 327
42 82 556
42 83 234
42 84 227
42 85 474
42 86 472
42 87 128
42 88 457
42 89 155
42 90 451
42 91 467
42 92 484
42 93 387
42 94 102
42 95 266
42 96 209
42 97 629
42 98 497
42 99 293
43 44 151
43 45 416
43 46 184
43 47 331
43 48 349
43 49 428
43 50 363
43 51 141
43 52 15
43 53 204
43 54 321
43 55 154
43 56 246
43 57 42
43 58 111
43 59 252
43 60 251
43 61 356
43 62 110
43 63 331
43 64 91
43 65 165
43 66 154
43 67 290
43 68 307
43 69 236
43 70 277
43 71 444
43 72 223
43 73 203
43 74 313
43 75 100
43 76 379
43 77 317
43 78 139
43 79 358
43 80 386
43 81 95
43 82 193
43 83 177
43 84 186
43 85 370
43 86 522
43 87 347
43 88 257
43 89 257
43 90 68
43 91 211
43 92 77
43 93 305
43 94 320
43 95 148
43 96 356
43 97 307
43 98 125
43 99 322
44 45 315
44 46 196
44 47 258
44 48 227
44 49 318
44 50 307
44 51 291
44 52 138
44 53 174
44 54 170
44 55 111
44 56 115
44 57 157
44 58 208
44 59 104
44 60 152
44 61 324
44 62 63
44 63 180
44 64 234
44 65 119
44 66 188
44 67 150
44 68 201
44 69 160
44 70 280
44 71 294
44 72 76
44 73 108
44 74 234
44 75 251
44 76 259
44 77 189
44 78 164
44 79 220
44 80 238
44 81 188
44 82 171
44 83 199
44 84 216
44 85 219
44 86 375
44 87 289
44 88 112
44 89 249
44 90 118
44 91 84
44 92 210
44 93 157
44 94 328
44 95 193
44 96 263
44 97 237
44 98 129
44 99 200
45 46 276
45 47 104
45 48 101
45 49 27
45 50 130
45 51 517
45 52 401
45 53 230
45 54 261
45 55 263
45 56 202
45 57 391
45 58 382
45 59 243
45 60 168
45 61 184
45 62 313
45 63 274
45 64 507
45 65 431
45 66 307
45 67 190
45 68 444
45 69 181
45 70 252
45 71 249
45 72 312
45 73 399
45 74 111
45 75 505
45 76 75
45 77 393
45 78 479
45 79 152
45 80 211
45 81 373
45 82 482
45 83 289
45 84 297
45 85 283
45 86 238
45 87 126
45 88 319
45 89 234
45 90 420
45 91 356
45 92 493
45 93 218
45 94 269
45 95 320
45 96 62
45 97 511
45 98 444
45 99 122
46 47 174
46 48 248
46 49 295
46 50 188
46 51 246
46 52 173
46 53 51
46 54 312
46 55 86
46 56 193
46 57 145
46 58 110
46 59 236
46 60 150
46 61 173
46 62 140
46 63 327
46 64 261
46 65 295
46 66 34
46 67 238
46 68 398
46 69 115
46 70 94
46 71 401
46 72 260
46 73 302
46 74 164
46 75 246
46 76 267
46 77 379
46 78 304
46 79 285
46 80 339
46 81 107
46 82 341
46 83 13
46 84 26
46 85 362
46 86 451
46 87 175
46 88 293
46 89 72
46 90 226
46 91 280
46 92 258
46 93 272
46 94 140
46 95 46
46 96 214
46 97 430
46 98 277
46 99 227
47 48 123
47 49 127
47 50 58
47 51 419
47 52 317
47 53 132
47 54 266
47 55 179
47 56 166
47 57 301
47 58 283
47 59 218
47 60 108
47 61 103
47 62 238
47 63 282
47 64 419
47 65 378
47 66 207
47 67 180
47 68 425
47 69 100
47 70 150
47 71 301
47 72 280
47 73 358
47 74 24
47 75 412
47 76 124
47 77 383
47 78 414
47 79 181
47 80 247
47 81 277
47 82 429
47 83 188
47 84 195
47 85 304
47 86 318
47 87 42
47 88 298
47 89 130
47 90 347
47 91 319
47 92 409
47 93 218
47 94 174
47 95 220
47 96 48
47 97 482
47 98 381
47 99 122
48 49 95
48 50 178
48 51 467
48 52 334
48 53 196
48 54 161
48 55 204
48 56 111
48 57 332
48 58 340
48 59 144
48 60 103
48 61 227
48 62 240
48 63 175
48 64 441
48 65 338
48 66 272
48 67 89
48 68 343
48 69 133
48 70 261
48 71 177
48 72 213
48 73 302
48 74 110
48 75 445
48 76 32
48 77 291
48 78 391
48 79 59
48 80 125
48 81 327
48 82 388
48 83 261
48 84 274
48 85 189
48 86 205
48 87 164
48 88 218
48 89 233
48 90 340
48 91 257
48 92 422
48 93 116
48 94 293
48 95 285
48 96 84
48 97 411
48 98 356
48 99 27
49 50 156
49 51 533
49 52 413
49 53 247
49 54 250
49 55 275
49 56 204
49 57 405
49 58 399
49 59 239
49 60 177
49 61 211
49 62 322
49 63 262
49 64 519
49 65 432
49 66 325
49 67 185
49 68 436
49 69 195
49 70 276
49 71 227
49 72 309
49 73 397
49 74 131
49 75 518
49 76 65
49 77 383
49 78 483
49 79 139
49 80 193
49 81 390
49 82 482
49 83 309
49 84 318
49 85 268
49 86 212
49 87 152
49 88 313
49 89 257
49 90 427
49 91 353
49 92 504
49 93 209
49 94 295
49 95 339
49 96 81
49 97 506
49 98 448
49 99 120
50 51 434
50 52 349
50 53 159
50 54 325
50 55 216
50 56 223
50 57 328
50 58 298
50 59 276
50 60 163
50 61 54
50 62 280
50 63 340
50 64 446
50 65 427
50 66 223
50 67 239
50 68 481
50 69 147
50 70 133
50 71 354
50 72 335
50 73 410
50 74 81
50 75 435
50 76 173
50 77 441
50 78 458
50 79 237
50 80 303
50 81 295
50 82 478
50 83 200
50 84 202
50 85 362
50 86 363
50 87 18
50 88 355
50 89 126
50 90 387
50 91 373
50 92 440
50 93 277
50 94 141
50 95 235
50 96 95
50 97 536
50 98 425
50 99 180
51 52 152
51 53 287
51 54 461
51 55 262
51 56 374
51 57 138
51 58 136
51 59 388
51 60 364
51 61 410
51 62 241
51 63 471
51 64 96
51 65 295
51 66 212
51 67 421
51 68 441
51 69 339
51 70 316
51 71 581
51 72 364
51 73 340
51 74 406
51 75 57
51 76 493
51 77 457
51 78 247
51 79 485
51 80 521
51 81 143
51 82 309
51 83 234
51 84 231
51 85 510
51 86 653
51 87 422
51 88 399
51 89 310
51 90 200
51 91 352
51 92 125
51 93 441
51 94 346
51 95 200
51 96 454
51 97 429
51 98 249
51 99 441
52 53 190
52 54 309
52 55 139
52 56 231
52 57 36
52 58 107
52 59 238
52 60 236
52 61 343
52 62 95
52 63 319
52 64 106
52 65 163
52 66 143
52 67 276
52 68 301
52 69 221
52 70 266
52 71 431
52 72 211
52 73 197
52 74 298
52 75 114
52 76 364
52 77 309
52 78 143
52 79 343
52 80 372
52 81 90
52 82 194
52 83 166
52 84 176
52 85 357
52 86 507
52 87 333
52 88 246
52 89 245
52 90 68
52 91 202
52 92 92
52 93 291
52 94 309
52 95 138
52 96 341
52 97 305
52 98 125
52 99 307
53 54 267
53 55 65
53 56 148
53 57 170
53 58 152
53 59 194
53 60 100
53 61 158
53 62 129
53 63 283
53 64 288
53 65 285
53 66 77
53 67 190
53 68 372
53 69 64
53 70 107
53 71 352
53 72 228
53 73 282
53 74 118
53 75 280
53 76 216
53 77 347
53 78 306
53 79 234
53 80 290
53 81 144
53 82 334
53 83 64
53 84 77
53 85 317
53 86 400
53 87 143
53 88 259
53 89 74
53 90 231
53 91 255
53 92 281
53 93 226
53 94 154
53 95 91
53 96 167
53 97 412
53 98 275
53 99 176
54 55 232
54 56 120
54 57 324
54 58 363
54 59 77
54 60 178
54 61 365
54 62 222
54 63 15
54 64 403
54 65 234
54 66 320
54 67 86
54 68 190
54 69 213
54 70 366
54 71 128
54 72 106
54 73 184
54 74 245
54 75 421
54 76 186
54 77 133
54 78 302
54 79 111
54 80 83
54 81 345
54 82 276
54 83 321
54 84 338
54 85 51
54 86 218
54 87 308
54 88 85
54 89 333
54 90 282
54 91 141
54 92 377
54 93 48
54 94 408
54 95 330
54 96 240
54 97 264
54 98 270
54 99 148
55 56 120
55 57 129
55 58 139
55 59 154
55 60 101
55 61 222
55 62 64
55 63 246
55 64 244
55 65 220
55 66 88
55 67 168
55 68 312
55 69 82
55 70 169
55 71 334
55 72 173
55 73 219
55 74 159
55 75 243
55 76 231
55 77 292
55 78 242
55 79 227
55 80 271
55 81 124
55 82 269
55 83 92
55 84 110
55 85 283
55 86 395
55 87 199
55 88 206
55 89 138
55 90 170
55 91 194
55 92 231
55 93 197
55 94 217
55 95 98
55 96 202
55 97 348
55 98 211
55 99 179
56 57 236
56 58 259
56 59 53
56 60 62
56 61 255
56 62 136
56 63 135
56 64 336
56 65 228
56 66 205
56 67 47
56 68 258
56 69 94
56 70 246
56 71 213
56 72 114
56 73 198
56 74 142
56 75 345
56 76 143
56 77 218
56 78 279
56 79 112
56 80 150
56 81 243
56 82 279
56 83 204
56 84 220
56 85 169
56 86 278
56 87 205
56 88 132
56 89 213
56 90 230
56 91 156
56 92 316
56 93 78
56 94 290
56 95 217
56 96 157
56 97 317
56 98 244
56 99 84
57 58 70
57 59 250
57 60 231
57 61 318
57 62 103
57 63 336
57 64 118
57 65 197
57 66 113
57 67 282
57 68 333
57 69 210
57 70 236
57 71 442
57 72 233
57 73 228
57 74 284
57 75 113
57 76 360
57 77 337
57 78 179
57 79 347
57 80 382
57 81 53
57 82 230
57 83 137
57 84 145
57 85 374
57 86 514
57 87 313
57 88 269
57 89 217
57 90 104
57 91 229
57 92 113
57 93 302
57 94 278
57 95 106
57 96 330
57 97 340
57 98 162
57 99 306
58 59 286
58 60 237
58 61 278
58 62 145
58 63 376
58 64 162
58 65 266
58 66 76
58 67 307
58 68 397
58 69 208
58 70 187
58 71 472
58 72 283
58 73 292
58 74 270
58 75 141
58 76 364
58 77 395
58 78 249
58 79 366
58 80 410
58 81 20
58 82 300
58 83 97
58 84 97
58 85 415
58 86 535
58 87 285
58 88 320
58 89 176
58 90 174
58 91 287
58 92 168
58 93 334
58 94 223
58 95 63
58 96 320
58 97 409
58 98 232
58 99 316
59 60 116
59 61 309
59 62 147
59 63 91
59 64 338
59 65 197
59 66 242
59 67 55
59 68 207
59 69 146
59 70 296
59 71 192
59 72 69
59 73 158
59 74 195
59 75 352
59 76 175
59 77 165
59 78 257
59 79 120
59 80 134
59 81 268
59 82 246
59 83 245
59 84 262
59 85 128
59 86 271
59 87 258
59 88 80
59 89 263
59 90 221
59 91 113
59 92 314
59 93 53
59 94 341
59 95 252
59 96 205
59 97 269
59 98 223
59 99 120
60 61 193
60 62 145
60 63 194
60 64 342
60 65 271
60 66 171
60 67 94
60 68 318
60 69 37
60 70 188
60 71 252
60 72 172
60 73 249
60 74 84
60 75 344
60 76 129
60 77 280
60 78 313
60 79 134
60 80 190
60 81 224
60 82 323
60 83 163
60 84 177
60 85 224
60 86 301
60 87 144
60 88 193
60 89 155
60 90 252
60 91 210
60 92 326
60 93 132
60 94 230
60 95 184
60 96 112
60 97 373
60 98 278
60 99 79
61 62 287
61 63 381
61 64 434
61 65 440
61 66 207
61 67 278
61 68 509
61 69 168
61 70 96
61 71 404
61 72 362
61 73 431
61 74 121
61 75 418
61 76 225
61 77 473
61 78 464
61 79 285
61 80 351
61 81 279
61 82 490
61 83 183
61 84 180
61 85 405
61 86 416
61 87 63
61 88 386
61 89 102
61 90 389
61 91 397
61 92 431
61 93 317
61 94 90
61 95 217
61 96 147
61 97 559
61 98 433
61 99 225
62 63 233
62 64 201
62 65 156
62 66 127
62 67 181
62 68 262
62 69 138
62 70 230
62 71 339
62 72 138
62 73 162
62 74 217
62 75 209
62 76 270
62 77 252
62 78 178
62 79 248
62 80 279
62 81 126
62 82 204
62 83 141
62 84 157
62 85 272
62 86 412
62 87 262
62 88 174
62 89 201
62 90 109
62 91 146
62 92 182
62 93 199
62 94 278
62 95 131
62 96 255
62 97 290
62 98 146
62 99 212
63 64 411
63 65 237
63 66 334
63 67 102
63 68 182
63 69 229
63 70 381
63 71 124
63 72 112
63 73 185
63 74 260
63 75 431
63 76 199
63 77 124
63 78 305
63 79 123
63 80 87
63 81 358
63 82 276
63 83 336
63 84 353
63 85 38
63 86 217
63 87 323
63 88 86
63 89 348
63 90 289
63 91 144
63 92 384
63 93 64
63 94 424
63 95 344
63 96 255
63 97 258
63 98 275
63 99 163
64 65 209
64 66 227
64 67 379
64 68 355
64 69 326
64 70 347
64 71 529
64 72 300
64 73 259
64 74 401
64 75 39
64 76 470
64 77 379
64 78 154
64 79 448
64 80 472
64 81 156
64 82 216
64 83 251
64 84 256
64 85 449
64 86 609
64 87 431
64 88 331
64 89 332
64 90 123
64 91 279
64 92 31
64 93 392
64 94 385
64 95 218
64 96 446
64 97 336
64 98 161
64 99 413
65 66 277
65 67 252
65 68 146
65 69 279
65 70 387
65 71 361
65 72 132
65 73 55
65 74 354
65 75 241
65 76 370
65 77 172
65 78 70
65 79 318
65 80 316
65 81 247
65 82 51
65 83 295
65 84 309
65 85 270
65 86 453
65 87 408
65 88 150
65 89 357
65 90 97
65 91 93
65 92 178
65 93 244
65 94 434
65 95 278
65 96 382
65 97 142
65 98 48
65 99 312
66 67 252
66 68 389
66 69 138
66 70 123
66 71 417
66 72 257
66 73 289
66 74 195
66 75 212
66 76 293
66 77 375
66 78 279
66 79 305
66 80 355
66 81 72
66 82 320
66 83 24
66 84 33
66 85 371
66 86 472
66 87 210
66 88 292
66 89 105
66 90 201
66 91 272
66 92 226
66 93 283
66 94 166
66 95 13
66 96 245
66 97 415
66 98 254
66 99 249
67 68 254
67 69 131
67 70 282
67 71 165
67 72 124
67 73 213
67 74 158
67 75 390
67 76 120
67 77 206
67 78 310
67 79 69
67 80 102
67 81 291
67 82 301
67 83 249
67 84 265
67 85 130
67 86 232
67 87 222
67 88 129
67 89 250
67 90 268
67 91 168
67 92 357
67 93 38
67 94 324
67 95 264
67 96 158
67 97 321
67 98 275
67 99 68
68 69 341
68 70 479
68 71 291
68 72 147
68 73 104
68 74 401
68 75 387
68 76 371
68 77 61
68 78 207
68 79 300
68 80 269
68 81 377
68 82 150
68 83 401
68 84 418
68 85 198
68 86 387
68 87 463
68 88 127
68 89 446
68 90 241
68 91 117
68 92 324
68 93 227
68 94 527
68 95 393
68 96 411
68 97 77
68 98 194
68 99 323
69 70 152
69 71 289
69 72 194
69 73 264
69 74 79
69 75 324
69 76 156
69 77 308
69 78 314
69 79 170
69 80 227
69 81 196
69 82 330
69 83 127
69 84 141
69 85 260
69 86 336
69 87 128
69 88 220
69 89 119
69 90 247
69 91 229
69 92 313
69 93 168
69 94 196
69 95 151
69 96 120
69 97 391
69 98 280
69 99 112
70 71 433
70 72 335
70 73 388
70 74 154
70 75 328
70 76 270
70 77 453
70 78 398
70 79 311
70 80 374
70 81 191
70 82 433
70 83 99
70 84 91
70 85 412
70 86 464
70 87 128
70 88 365
70 89 33
70 90 321
70 91 362
70 92 348
70 93 320
70 94 48
70 95 130
70 96 199
70 97 517
70 98 370
70 99 248
71 72 234
71 73 309
71 74 287
71 75 545
71 76 182
71 77 229
71 78 429
71 79 122
71 80 62
71 81 455
71 82 400
71 83 413
71 84 428
71 85 94
71 86 96
71 87 341
71 88 210
71 89 403
71 90 409
71 91 268
71 92 503
71 93 140
71 94 469
71 95 429
71 96 259
71 97 368
71 98 398
71 99 185
72 73 89
72 74 256
72 75 321
72 76 245
72 77 119
72 78 197
72 79 186
72 80 185
72 81 264
72 82 178
72 83 265
72 84 283
72 85 149
72 86 323
72 87 317
72 88 36
72 89 302
72 90 177
72 91 44
72 92 272
72 93 112
72 94 382
72 95 264
72 96 271
72 97 202
72 98 164
72 99 190
73 74 334
73 75 288
73 76 333
73 77 120
73 78 125
73 79 275
73 80 267
73 81 272
73 82 92
73 83 304
73 84 320
73 85 216
73 86 402
73 87 392
73 88 99
73 89 357
73 90 139
73 91 45
73 92 228
73 93 200
73 94 436
73 95 292
73 96 355
73 97 129
73 98 101
73 99 277
74 75 396
74 76 116
74 77 359
74 78 392
74 79 165
74 80 231
74 81 262
74 82 406
74 83 177
74 84 186
74 85 284
74 86 311
74 87 63
74 88 274
74 89 129
74 90 326
74 91 295
74 92 390
74 93 196
74 94 183
74 95 208
74 96 50
74 97 457
74 98 358
74 99 104
75 76 473
75 77 407
75 78 190
75 79 457
75 80 486
75 81 139
75 82 252
75 83 235
75 84 238
75 85 469
75 86 622
75 87 421
75 88 354
75 89 316
75 90 149
75 91 305
75 92 67
75 93 406
75 94 363
75 95 201
75 96 443
75 97 372
75 98 194
75 99 418
76 77 318
76 78 423
76 79 77
76 80 138
76 81 352
76 82 420
76 83 281
76 84 292
76 85 208
76 86 194
76 87 162
76 88 248
76 89 245
76 90 372
76 91 289
76 92 453
76 93 144
76 94 298
76 95 307
76 96 78
76 97 440
76 98 388
76 99 59
77 78 241
77 79 245
77 80 209
77 81 375
77 82 193
77 83 384
77 84 402
77 85 137
77 86 326
77 87 423
77 88 88
77 89 420
77 90 257
77 91 108
77 92 348
77 93 174
77 94 500
77 95 382
77 96 365
77 97 139
77 98 220
77 99 274
78 79 378
78 80 382
78 81 233
78 82 62
78 83 300
78 84 313
78 85 339
78 86 520
78 87 440
78 88 218
78 89 373
78 90 78
78 91 161
78 92 123
78 93 307
78 94 444
78 95 277
78 96 425
78 97 182
78 98 35
78 99 364
79 80 66
79 81 351
79 82 365
79 83 297
79 84 312
79 85 131
79 86 168
79 87 223
79 88 182
79 89 281
79 90 338
79 91 230
79 92 426
79 93 76
79 94 347
79 95 317
79 96 144
79 97 372
79 98 343
79 99 63
80 81 393
80 82 359
80 83 350
80 84 366
80 85 77
80 86 138
80 87 289
80 88 168
80 89 343
80 90 355
80 91 224
80 92 448
80 93 80
80 94 411
80 95 367
80 96 209
80 97 345
80 98 349
80 99 127
81 82 282
81 83 96
81 84 99
81 85 396
81 86 520
81 87 282
81 88 300
81 89 177
81 90 157
81 91 267
81 92 159
81 93 316
81 94 230
81 95 62
81 96 311
81 97 390
81 98 214
81 99 302
82 83 339
82 84 353
82 85 306
82 86 494
82 87 459
82 88 191
82 89 405
82 90 126
82 91 136
82 92 185
82 93 291
82 94 481
82 95 319
82 96 433
82 97 120
82 98 68
82 99 362
83 84 17
83 85 371
83 86 464
83 87 188
83 88 299
83 89 81
83 90 222
83 91 284
83 92 250
83 93 282
83 94 144
83 95 34
83 96 228
83 97 431
83 98 274
83 99 240
84 85 388
84 86 478
84 87 191
84 88 317
84 89 78
84 90 234
84 91 301
84 92 256
84 93 299
84 94 133
84 95 38
84 96 237
84 97 447
84 98 287
84 99 254
85 86 190
85 87 346
85 88 121
85 89 380
85 90 327
85 91 178
85 92 422
85 93 92
85 94 454
85 95 381
85 96 272
85 97 275
85 98 310
85 99 182
86 87 354
86 88 303
86 89 438
86 90 493
86 91 360
86 92 585
86 93 218
86 94 493
86 95 485
86 96 271
86 97 465
86 98 488
86 99 224
87 88 337
87 89 117
87 90 369
87 91 355
87 92 424
87 93 259
87 94 143
87 95 222
87 96 84
87 97 517
87 98 407
87 99 164
88 89 332
88 90 208
88 91 57
88 92 303
88 93 106
88 94 412
88 95 299
88 96 284
88 97 192
88 98 188
88 99 197
89 90 296
89 91 330
89 92 330
89 93 288
89 94 80
89 95 115
89 96 177
89 97 486
89 98 344
89 99 219
90 91 156
90 92 95
90 93 275
90 94 366
90 95 198
90 96 363
90 97 238
90 98 57
90 99 313
91 92 250
91 93 155
91 94 410
91 95 278
91 96 313
91 97 162
91 98 131
91 99 233
92 93 367
92 94 389
92 95 218
92 96 433
92 97 305
92 98 130
92 99 395
93 94 362
93 95 294
93 96 193
93 97 297
93 98 274
93 99 101
94 95 172
94 96 222
94 97 565
94 98 417
94 99 284
95 96 258
95 97 417
95 98 253
95 99 262
96 97 474
96 98 390
96 99 91
97 98 182
97 99 389
98 99 329
