100 4950
0 1 140
0 2 244
0 3 318
0 4 242
0 5 106
0 6 277
0 7 112
0 8 31
0 9 210
0 10 87
0 11 132
0 12 328
0 13 275
0 14 245
0 15 241
0 16 185
0 17 323
0 18 253
0 19 111
0 20 105
0 21 38
0 22 82
0 23 201
0 24 311
0 25 322
0 26 50
0 27 165
0 28 43
0 29 321
0 30 282
0 31 315
0 32 111
0 33 222
0 34 145
0 35 299
0 36 104
0 37 285
0 38 162
0 39 183
0 40 339
0 41 29
0 42 217
0 43 286
0 44 261
0 45 226
0 46 108
0 47 148
0 48 290
0 49 367
0 50 171
0 51 84
0 52 216
0 53 192
0 54 70
0 55 64
0 56 70
0 57 232
0 58 196
0 59 261
0 60 109
0 61 66
0 62 145
0 63 107
0 64 126
0 65 272
0 66 234
0 67 276
0 68 142
0 69 168
0 70 106
0 71 127
0 72 163
0 73 94
0 74 287
0 75 312
0 76 293
0 77 195
0 78 74
0 79 336
0 80 131
0 81 83
0 82 163
0 83 224
0 84 322
0 85 140
0 86 276
0 87 224
0 88 372
0 89 126
0 90 239
0 91 114
0 92 229
0 93 413
0 94 45
0 95 228
0 96 279
0 97 346
0 98 31
0 99 186
1 2 131
1 3 200
1 4 221
1 5 127
1 6 182
1 7 219
1 8 146
1 9 350
1 10 218
1 11 166
1 12 223
1 13 414
1 14 179
1 15 381
1 16 218
1 17 280
1 18 335
1 19 208
1 20 82
1 21 118
1 22 204
1 23 83
1 24 362
1 25 232
1 26 179
1 27 92
1 28 183
1 29 213
1 30 400
1 31 215
1 32 201
1 33 360
1 34 211
1 35 302
1 36 80
1 37 266
1 38 199
1 39 65
1 40 321
1 41 124
1 42 262
1 43 417
1 44 168
1 45 149
1 46 189
1 47 219
1 48 215
1 49 432
1 50 310
1 51 222
1 52 89
1 53 120
1 54 94
1 55 76
1 56 120
1 57 360
1 58 158
1 59 257
1 60 68
1 61 86
1 62 176
1 63 64
1 64 25
1 65 297
1 66 96
1 67 196
1 68 179
1 69 148
1 70 52
1 71 247
1 72 172
1 73 104
1 74 168
1 75 417
1 76 422
1 77 327
1 78 92
1 79 396
1 80 272
1 81 216
1 82 291
1 83 122
1 84 319
1 85 98
1 86 308
1 87 219
1 88 446
1 89 208
1 90 378
1 91 105
1 92 159
1 93 460
1 94 186
1 95 229
1 96 311
1 97 260
1 98 117
1 99 90
2 3 73
2 4 342
2 5 258
2 6 58
2 7 277
2 8 262
2 9 439
2 10 298
2 11 189
2 12 92
2 13 495
2 14 91
2 15 476
2 16 216
2 17 187
2 18 349
2 19 334
2 20 142
2 21 237
2 22 321
2 23 47
2 24 342
2 25 106
2 26 265
2 27 86
2 28 286
2 29 82
2 30 444
2 31 85
2 32 252
2 33 444
2 34 341
2 35 248
2 36 211
2 37 198
2 38 207
2 39 67
2 40 243
2 41 239
2 42 256
2 43 481
2 44 49
2 45 64
2 46 317
2 47 349
2 48 104
2 49 418
2 50 397
2 51 329
2 52 45
2 53 74
2 54 220
2 55 185
2 56 190
2 57 423
2 58 117
2 59 206
2 60 136
2 61 178
2 62 191
2 63 195
2 64 156
2 65 264
2 66 75
2 67 83
2 68 310
2 69 276
2 70 138
2 71 313
2 72 170
2 73 161
2 74 43
2 75 444
2 76 482
2 77 440
2 78 172
2 79 380
2 80 368
2 81 327
2 82 359
2 83 26
2 84 256
2 85 227
2 86 278
2 87 179
2 88 438
2 89 250
2 90 480
2 91 145
2 92 77
2 93 425
2 94 284
2 95 193
2 96 281
2 97 134
2 98 213
2 99 198
3 4 399
3 5 327
3 6 66
3 7 345
3 8 335
3 9 510
3 10 369
3 11 253
3 12 41
3 13 565
3 14 125
3 15 547
3 16 269
3 17 191
3 18 401
3 19 406
3 20 214
3 21 309
3 22 394
3 23 118
3 24 381
3 25 80
3 26 337
3 27 157
3 28 359
3 29 30
3 30 505
3 31 50
3 32 318
3 33 514
3 34 411
3 35 273
3 36 280
3 37 220
3 38 265
3 39 138
3 40 253
3 41 312
3 42 305
3 43 546
3 44 75
3 45 114
3 46 388
3 47 419
3 48 107
3 49 456
3 50 467
3 51 402
3 52 110
3 53 138
3 54 291
3 55 258
3 56 262
3 57 488
3 58 170
3 59 239
3 60 209
3 61 251
3 62 253
3 63 264
3 64 225
3 65 301
3 66 121
3 67 95
3 68 378
3 69 338
3 70 212
3 71 381
3 72 228
3 73 233
3 74 31
3 75 499
3 76 546
3 77 513
3 78 245
3 79 419
3 80 440
3 81 401
3 82 427
3 83 95
3 84 275
3 85 291
3 86 316
3 87 221
3 88 479
3 89 315
3 90 553
3 91 216
3 92 122
3 93 452
3 94 357
3 95 235
3 96 318
3 97 102
3 98 287
3 99 255
4 5 136
4 6 398
4 7 354
4 8 216
4 9 395
4 10 321
4 11 353
4 12 431
4 13 460
4 14 401
4 15 404
4 16 411
4 17 501
4 18 495
4 19 183
4 20 281
4 21 205
4 22 223
4 23 298
4 24 548
4 25 447
4 26 290
4 27 313
4 28 260
4 29 419
4 30 513
4 31 426
4 32 353
4 33 414
4 34 139
4 35 513
4 36 160
4 37 483
4 38 388
4 39 283
4 40 538
4 41 213
4 42 450
4 43 498
4 44 385
4 45 370
4 46 163
4 47 147
4 48 436
4 49 609
4 50 370
4 51 265
4 52 296
4 53 342
4 54 182
4 55 227
4 56 286
4 57 453
4 58 375
4 59 469
4 60 271
4 61 253
4 62 366
4 63 172
4 64 199
4 65 498
4 66 278
4 67 416
4 68 110
4 69 78
4 70 253
4 71 364
4 72 373
4 73 292
4 74 370
4 75 550
4 76 508
4 77 310
4 78 266
4 79 576
4 80 321
4 81 251
4 82 391
4 83 339
4 84 532
4 85 126
4 86 505
4 87 429
4 88 614
4 89 366
4 90 381
4 91 304
4 92 380
4 93 650
4 94 270
4 95 438
4 96 508
4 97 476
4 98 251
4 99 144
5 6 306
5 7 218
5 8 82
5 9 285
5 10 189
5 11 221
5 12 350
5 13 353
5 14 293
5 15 305
5 16 278
5 17 388
5 18 359
5 19 93
5 20 157
5 21 69
5 22 111
5 23 211
5 24 413
5 25 356
5 26 156
5 27 203
5 28 130
5 29 340
5 30 384
5 31 341
5 32 216
5 33 302
5 34 84
5 35 385
5 36 47
5 37 361
5 38 255
5 39 191
5 40 417
5 41 77
5 42 315
5 43 378
5 44 292
5 45 267
5 46 69
5 47 93
5 48 335
5 49 472
5 50 254
5 51 148
5 52 217
5 53 234
5 54 50
5 55 98
5 56 153
5 57 328
5 58 257
5 59 343
5 60 151
5 61 123
5 62 234
5 63 63
5 64 102
5 65 366
5 66 216
5 67 317
5 68 53
5 69 62
5 70 136
5 71 231
5 72 244
5 73 163
5 74 296
5 75 417
5 76 387
5 77 228
5 78 136
5 79 439
5 80 206
5 81 135
5 82 262
5 83 247
5 84 406
5 85 53
5 86 372
5 87 304
5 88 478
5 89 230
5 90 291
5 91 178
5 92 274
5 93 515
5 94 139
5 95 310
5 96 375
5 97 383
5 98 115
5 99 111
6 7 288
6 8 298
6 9 457
6 10 317
6 11 194
6 12 53
6 13 509
6 14 59
6 15 496
6 16 205
6 17 135
6 18 335
6 19 375
6 20 171
6 21 276
6 22 357
6 23 99
6 24 315
6 25 50
6 26 288
6 27 112
6 28 315
6 29 50
6 30 441
6 31 38
6 32 261
6 33 459
6 34 388
6 35 209
6 36 260
6 37 157
6 38 202
6 39 117
6 40 194
6 41 277
6 42 239
6 43 486
6 44 15
6 45 54
6 46 360
6 47 395
6 48 49
6 49 390
6 50 415
6 51 359
6 52 103
6 53 85
6 54 264
6 55 224
6 56 214
6 57 428
6 58 107
6 59 173
6 60 169
6 61 211
6 62 192
6 63 244
6 64 207
6 65 235
6 66 132
6 67 31
6 68 359
6 69 329
6 70 177
6 71 324
6 72 166
6 73 185
6 74 58
6 75 434
6 76 485
6 77 471
6 78 203
6 79 353
6 80 392
6 81 360
6 82 370
6 83 60
6 84 213
6 85 280
6 86 250
6 87 155
6 88 413
6 89 256
6 90 505
6 91 166
6 92 58
6 93 388
6 94 312
6 95 168
6 96 252
6 97 78
6 98 245
6 99 255
7 8 139
7 9 172
7 10 49
7 11 94
7 12 342
7 13 220
7 14 238
7 15 213
7 16 116
7 17 283
7 18 142
7 19 202
7 20 146
7 21 150
7 22 159
7 23 247
7 24 209
7 25 322
7 26 64
7 27 192
7 28 102
7 29 338
7 30 181
7 31 326
7 32 27
7 33 171
7 34 245
7 35 228
7 36 211
7 37 233
7 38 101
7 39 234
7 40 279
7 41 141
7 42 129
7 43 204
7 44 274
7 45 234
7 46 208
7 47 245
7 48 282
7 49 258
7 50 130
7 51 127
7 52 266
7 53 207
7 54 179
7 55 151
7 56 99
7 57 146
7 58 183
7 59 202
7 60 158
7 61 133
7 62 100
7 63 209
7 64 215
7 65 189
7 66 296
7 67 275
7 68 251
7 69 280
7 70 168
7 71 36
7 72 127
7 73 122
7 74 319
7 75 203
7 76 206
7 77 218
7 78 127
7 79 229
7 80 123
7 81 139
7 82 82
7 83 251
7 84 252
7 85 249
7 86 188
7 87 175
7 88 261
7 89 38
7 90 229
7 91 134
7 92 230
7 93 309
7 94 92
7 95 172
7 96 191
7 97 339
7 98 112
7 99 287
8 9 213
8 10 106
8 11 163
8 12 348
8 13 279
8 14 270
8 15 239
8 16 216
8 17 352
8 18 281
8 19 82
8 20 128
8 21 28
8 22 59
8 23 216
8 24 341
8 25 345
8 26 75
8 27 186
8 28 48
8 29 341
8 30 301
8 31 336
8 32 141
8 33 227
8 34 113
8 35 330
8 36 93
8 37 315
8 38 193
8 39 197
8 40 370
8 41 22
8 42 248
8 43 298
8 44 283
8 45 249
8 46 77
8 47 116
8 48 315
8 49 396
8 50 177
8 51 77
8 52 229
8 53 215
8 54 60
8 55 76
8 56 99
8 57 246
8 58 223
8 59 292
8 60 129
8 61 87
8 62 176
8 63 100
8 64 128
8 65 303
8 66 242
8 67 300
8 68 112
8 69 145
8 70 123
8 71 148
8 72 193
8 73 121
8 74 304
8 75 335
8 76 306
8 77 181
8 78 98
8 79 365
8 80 132
8 81 70
8 82 180
8 83 243
8 84 353
8 85 125
8 86 307
8 87 255
8 88 400
8 89 156
8 90 232
8 91 141
8 92 253
8 93 443
8 94 56
8 95 258
8 96 311
8 97 369
8 98 58
8 99 176
9 10 141
9 11 266
9 12 511
9 13 67
9 14 409
9 15 42
9 16 283
9 17 452
9 18 237
9 19 211
9 20 298
9 21 240
9 22 176
9 23 402
9 24 326
9 25 493
9 26 175
9 27 353
9 28 168
9 29 507
9 30 161
9 31 495
9 32 199
9 33 22
9 34 256
9 35 384
9 36 306
9 37 400
9 38 271
9 39 385
9 40 440
9 41 232
9 42 282
9 43 113
9 44 442
9 45 403
9 46 233
9 47 250
9 48 454
9 49 341
9 50 42
9 51 138
9 52 419
9 53 373
9 54 273
9 55 274
9 56 249
9 57 96
9 58 355
9 59 367
9 60 307
9 61 269
9 62 272
9 63 313
9 64 337
9 65 339
9 66 442
9 67 446
9 68 286
9 69 343
9 70 311
9 71 137
9 72 299
9 73 277
9 74 482
9 75 218
9 76 126
9 77 111
9 78 270
9 79 327
9 80 81
9 81 150
9 82 99
9 83 415
9 84 408
9 85 335
9 86 333
9 87 345
9 88 328
9 89 209
9 90 71
9 91 294
9 92 400
9 93 408
9 94 164
9 95 339
9 96 335
9 97 511
9 98 234
9 99 389
10 11 131
10 12 370
10 13 199
10 14 272
10 15 179
10 16 163
10 17 327
10 18 184
10 19 158
10 20 158
10 21 125
10 22 113
10 23 262
10 24 256
10 25 355
10 26 39
10 27 212
10 28 61
10 29 366
10 30 195
10 31 355
10 32 70
10 33 146
10 34 203
10 35 277
10 36 192
10 37 279
10 38 145
10 39 246
10 40 327
10 41 116
10 42 179
10 43 200
10 44 302
10 45 263
10 46 167
10 47 202
10 48 317
10 49 301
10 50 98
10 51 78
10 52 279
10 53 232
10 54 158
10 55 143
10 56 108
10 57 145
10 58 217
10 59 248
10 60 167
10 61 132
10 62 139
10 63 194
10 64 209
10 65 239
10 66 304
10 67 308
10 68 214
10 69 252
10 70 173
10 71 43
10 72 165
10 73 136
10 74 341
10 75 229
10 76 206
10 77 171
10 78 131
10 79 274
10 80 78
10 81 91
10 82 76
10 83 273
10 84 301
10 85 228
10 86 238
10 87 219
10 88 301
10 89 85
10 90 189
10 91 153
10 92 261
10 93 356
10 94 51
10 95 217
10 96 241
10 97 374
10 98 101
10 99 273
11 12 248
11 13 314
11 14 143
11 15 306
11 16 57
11 17 198
11 18 171
11 19 244
11 20 84
11 21 157
11 22 209
11 23 167
11 24 199
11 25 227
11 26 114
11 27 108
11 28 153
11 29 245
11 30 255
11 31 231
11 32 67
11 33 266
11 34 276
11 35 167
11 36 194
11 37 155
11 38 34
11 39 158
11 40 207
11 41 152
11 42 98
11 43 292
11 44 180
11 45 140
11 46 240
11 47 280
11 48 188
11 49 267
11 50 224
11 51 193
11 52 187
11 53 116
11 54 172
11 55 126
11 56 68
11 57 234
11 58 89
11 59 129
11 60 97
11 61 100
11 62 13
11 63 185
11 64 173
11 65 144
11 66 222
11 67 181
11 68 267
11 69 275
11 70 114
11 71 130
11 72 34
11 73 64
11 74 229
11 75 260
11 76 292
11 77 299
11 78 87
11 79 230
11 80 209
11 81 199
11 82 175
11 83 163
11 84 189
11 85 231
11 86 151
11 87 94
11 88 279
11 89 61
11 90 320
11 91 61
11 92 136
11 93 299
11 94 145
11 95 95
11 96 154
11 97 245
11 98 108
11 99 251
12 13 562
12 14 108
12 15 549
12 16 255
12 17 155
12 18 383
12 19 423
12 20 222
12 21 325
12 22 408
12 23 139
12 24 355
12 25 41
12 26 342
12 27 163
12 28 367
12 29 12
12 30 492
12 31 17
12 32 314
12 33 513
12 34 433
12 35 244
12 36 303
12 37 191
12 38 254
12 39 158
12 40 217
12 41 327
12 42 286
12 43 538
12 44 68
12 45 108
12 46 407
12 47 440
12 48 77
12 49 429
12 50 468
12 51 411
12 52 136
12 53 138
12 54 310
12 55 273
12 56 267
12 57 481
12 58 160
12 59 212
12 60 220
12 61 262
12 62 245
12 63 287
12 64 248
12 65 275
12 66 154
12 67 71
12 68 402
12 69 367
12 70 226
12 71 378
12 72 219
12 73 238
12 74 62
12 75 482
12 76 537
12 77 523
12 78 254
12 79 393
12 80 445
12 81 411
12 82 423
12 83 105
12 84 243
12 85 318
12 86 290
12 87 201
12 88 453
12 89 309
12 90 558
12 91 219
12 92 111
12 93 420
12 94 365
12 95 214
12 96 292
12 97 60
12 98 297
12 99 287
13 14 458
13 15 64
13 16 322
13 17 490
13 18 249
13 19 277
13 20 357
13 21 306
13 22 243
13 23 461
13 24 337
13 25 541
13 26 236
13 27 409
13 28 233
13 29 559
13 30 144
13 31 546
13 32 247
13 33 53
13 34 321
13 35 413
13 36 373
13 37 435
13 38 314
13 39 445
13 40 470
13 41 297
13 42 313
13 43 74
13 44 494
13 45 454
13 46 299
13 47 315
13 48 501
13 49 338
13 50 103
13 51 205
13 52 479
13 53 427
13 54 339
13 55 337
13 56 307
13 57 97
13 58 403
13 59 402
13 60 366
13 61 330
13 62 318
13 63 379
13 64 401
13 65 365
13 66 503
13 67 495
13 68 352
13 69 410
13 70 372
13 71 184
13 72 345
13 73 334
13 74 538
13 75 202
13 76 89
13 77 164
13 78 330
13 79 331
13 80 147
13 81 217
13 82 139
13 83 470
13 84 435
13 85 402
13 86 356
13 87 385
13 88 320
13 89 254
13 90 101
13 91 350
13 92 451
13 93 408
13 94 229
13 95 377
13 96 358
13 97 557
13 98 297
13 99 455
14 15 449
14 16 147
14 17 102
14 18 276
14 19 350
14 20 142
14 21 251
14 22 327
14 23 111
14 24 257
14 25 83
14 26 247
14 27 90
14 28 279
14 29 108
14 30 384
14 31 91
14 32 210
14 33 410
14 34 370
14 35 156
14 36 250
14 37 106
14 38 146
14 39 121
14 40 153
14 41 251
14 42 180
14 43 431
14 44 51
14 45 32
14 46 339
14 47 376
14 48 46
14 49 332
14 50 367
14 51 322
14 52 124
14 53 59
14 54 247
14 55 201
14 56 177
14 57 374
14 58 54
14 59 116
14 60 145
14 61 183
14 62 139
14 63 235
14 64 202
14 65 177
14 66 162
14 67 37
14 68 346
14 69 327
14 70 158
14 71 274
14 72 112
14 73 150
14 74 112
14 75 375
14 76 429
14 77 433
14 78 172
14 79 295
14 80 349
14 81 325
14 82 318
14 83 73
14 84 164
14 85 277
14 86 192
14 87 95
14 88 355
14 89 203
14 90 461
14 91 130
14 92 20
14 93 334
14 94 274
14 95 109
14 96 194
14 97 102
14 98 213
14 99 264
15 16 325
15 17 494
15 18 277
15 19 223
15 20 334
15 21 266
15 22 194
15 23 437
15 24 366
15 25 533
15 26 210
15 27 390
15 28 197
15 29 545
15 30 192
15 31 534
15 32 240
15 33 54
15 34 265
15 35 427
15 36 331
15 37 442
15 38 313
15 39 420
15 40 482
15 41 259
15 42 325
15 43 131
15 44 481
15 45 441
15 46 246
15 47 257
15 48 494
15 49 378
15 50 82
15 51 161
15 52 454
15 53 411
15 54 299
15 55 305
15 56 285
15 57 131
15 58 395
15 59 409
15 60 341
15 61 302
15 62 313
15 63 339
15 64 366
15 65 381
15 66 474
15 67 486
15 68 299
15 69 359
15 70 344
15 71 178
15 72 340
15 73 314
15 74 519
15 75 250
15 76 146
15 77 101
15 78 305
15 79 366
15 80 109
15 81 171
15 82 141
15 83 452
15 84 450
15 85 357
15 86 375
15 87 387
15 88 363
15 89 250
15 90 38
15 91 331
15 92 440
15 93 446
15 94 195
15 95 381
15 96 377
15 97 551
15 98 267
15 99 412
16 17 169
16 18 132
16 19 295
16 20 138
16 21 213
16 22 257
16 23 204
16 24 143
16 25 226
16 26 158
16 27 146
16 28 199
16 29 255
16 30 237
16 31 238
16 32 92
16 33 279
16 34 330
16 35 115
16 36 251
16 37 117
16 38 23
16 39 199
16 40 163
16 41 207
16 42 44
16 43 287
16 44 193
16 45 156
16 46 294
16 47 333
16 48 184
16 49 214
16 50 244
16 51 235
16 52 224
16 53 143
16 54 229
16 55 183
16 56 125
16 57 232
16 58 100
16 59 85
16 60 151
16 61 157
16 62 44
16 63 242
16 64 228
16 65 87
16 66 261
16 67 183
16 68 323
16 69 332
16 70 169
16 71 147
16 72 49
16 73 121
16 74 250
16 75 229
16 76 284
16 77 334
16 78 145
16 79 177
16 80 240
16 81 243
16 82 185
16 83 189
16 84 139
16 85 289
16 86 93
16 87 62
16 88 230
16 89 78
16 90 345
16 91 114
16 92 147
16 93 242
16 94 190
16 95 56
16 96 97
16 97 238
16 98 164
16 99 306
17 18 267
17 19 434
17 20 230
17 21 337
17 22 404
17 23 214
17 24 216
17 25 113
17 26 312
17 27 188
17 28 350
17 29 163
17 30 389
17 31 141
17 32 257
17 33 448
17 34 459
17 35 99
17 36 347
17 37 55
17 38 182
17 39 224
17 40 62
17 41 335
17 42 179
17 43 448
17 44 138
17 45 135
17 46 425
17 47 464
17 48 86
17 49 285
17 50 412
17 51 391
17 52 225
17 53 159
17 54 339
17 55 291
17 56 253
17 57 397
17 58 130
17 59 89
17 60 237
17 61 269
17 62 187
17 63 333
17 64 302
17 65 142
17 66 261
17 67 105
17 68 440
17 69 426
17 70 252
17 71 316
17 72 163
17 73 231
17 74 193
17 75 364
17 76 443
17 77 497
17 78 256
17 79 252
17 80 405
17 81 396
17 82 354
17 83 174
17 84 91
17 85 376
17 86 157
17 87 107
17 88 312
17 89 245
17 90 513
17 91 212
17 92 123
17 93 268
17 94 343
17 95 112
17 96 157
17 97 105
17 98 294
17 99 367
18 19 342
18 20 253
18 21 290
18 22 297
18 23 335
18 24 89
18 25 350
18 26 206
18 27 276
18 28 243
18 29 384
18 30 123
18 31 366
18 32 143
18 33 223
18 34 386
18 35 175
18 36 346
18 37 212
18 38 144
18 39 328
18 40 232
18 41 282
18 42 96
18 43 190
18 44 325
18 45 288
18 46 350
18 47 386
18 48 308
18 49 117
18 50 210
18 51 260
18 52 355
18 53 275
18 54 317
18 55 280
18 56 220
18 57 151
18 58 232
18 59 180
18 60 267
18 61 258
18 62 163
18 63 342
18 64 339
18 65 127
18 66 391
18 67 311
18 68 393
18 69 420
18 70 283
18 71 143
18 72 180
18 73 231
18 74 383
18 75 99
18 76 182
18 77 326
18 78 247
18 79 93
18 80 234
18 81 274
18 82 147
18 83 322
18 84 195
18 85 385
18 86 115
18 87 182
18 88 119
18 89 131
18 90 308
18 91 232
18 92 279
18 93 176
18 94 232
18 95 169
18 96 116
18 97 357
18 98 247
18 99 415
19 20 208
19 21 99
19 22 45
19 23 287
19 24 411
19 25 423
19 26 141
19 27 264
19 28 100
19 29 415
19 30 336
19 31 412
19 32 212
19 33 230
19 34 47
19 35 410
19 36 133
19 37 397
19 38 272
19 39 267
19 40 451
19 41 99
19 42 323
19 43 315
19 44 360
19 45 328
19 46 24
19 47 44
19 48 395
19 49 460
19 50 187
19 51 87
19 52 297
19 53 294
19 54 114
19 55 151
19 56 181
19 57 273
19 58 305
19 59 373
19 60 207
19 61 167
19 62 256
19 63 147
19 64 185
19 65 381
19 66 302
19 67 379
19 68 76
19 69 137
19 70 197
19 71 200
19 72 274
19 73 203
19 74 374
19 75 380
19 76 326
19 77 137
19 78 178
19 79 431
19 80 138
19 81 71
19 82 216
19 83 317
19 84 433
19 85 146
19 86 383
19 87 336
19 88 459
19 89 228
19 90 203
19 91 222
19 92 333
19 93 512
19 94 110
19 95 339
19 96 386
19 97 448
19 98 140
19 99 204
20 21 109
20 22 187
20 23 104
20 24 281
20 25 216
20 26 123
20 27 59
20 28 145
20 29 216
20 30 324
20 31 209
20 32 124
20 33 304
20 34 229
20 35 232
20 36 121
20 37 203
20 38 117
20 39 88
20 40 259
20 41 108
20 42 181
20 43 350
20 44 155
20 45 121
20 46 197
20 47 235
20 48 186
20 49 351
20 50 256
20 51 188
20 52 122
20 53 86
20 54 108
20 55 60
20 56 49
20 57 291
20 58 100
20 59 188
20 60 13
20 61 41
20 62 94
20 63 109
20 64 90
20 65 220
20 66 150
20 67 171
20 68 209
20 69 202
20 70 31
20 71 179
20 72 94
20 73 24
20 74 185
20 75 337
20 76 353
20 77 300
20 78 31
20 79 314
20 80 226
20 81 188
20 82 225
20 83 119
20 84 251
20 85 155
20 86 229
20 87 148
20 88 364
20 89 129
20 90 338
20 91 24
20 92 124
20 93 380
20 94 142
20 95 157
20 96 233
20 97 241
20 98 74
20 99 168
21 22 85
21 23 191
21 24 345
21 25 323
21 26 89
21 27 165
21 28 72
21 29 317
21 30 320
21 31 313
21 32 147
21 33 253
21 34 121
21 35 324
21 36 68
21 37 305
21 38 190
21 39 171
21 40 360
21 41 9
21 42 248
21 43 322
21 44 260
21 45 229
21 46 88
21 47 126
21 48 296
21 49 403
21 50 203
21 51 105
21 52 203
21 53 195
21 54 34
21 55 52
21 56 89
21 57 268
21 58 208
21 59 284
21 60 107
21 61 69
21 62 170
21 63 73
21 64 100
21 65 301
21 66 215
21 67 280
21 68 110
21 69 130
21 70 99
21 71 165
21 72 184
21 73 106
21 74 278
21 75 351
21 76 329
21 77 208
21 78 81
21 79 371
21 80 159
21 81 98
21 82 200
21 83 219
21 84 346
21 85 102
21 86 306
21 87 245
21 88 409
21 89 161
21 90 260
21 91 125
21 92 234
21 93 447
21 94 79
21 95 250
21 96 309
21 97 349
21 98 48
21 99 150
22 23 276
22 24 368
22 25 403
22 26 100
22 27 245
22 28 58
22 29 400
22 30 292
22 31 396
22 32 171
22 33 193
22 34 92
22 35 373
22 36 140
22 37 364
22 38 235
22 39 257
22 40 417
22 41 82
22 42 283
22 43 275
22 44 342
22 45 308
22 46 60
22 47 89
22 48 372
22 49 415
22 50 147
22 51 42
22 52 289
22 53 273
22 54 112
22 55 136
22 56 151
22 57 230
22 58 278
22 59 338
22 60 188
22 61 146
22 62 221
22 63 151
22 64 184
22 65 341
22 66 300
22 67 358
22 68 113
22 69 167
22 70 182
22 71 155
22 72 242
22 73 177
22 74 363
22 75 335
22 76 285
22 77 123
22 78 155
22 79 387
22 80 98
22 81 27
22 82 171
22 83 302
22 84 396
22 85 163
22 86 343
22 87 303
22 88 414
22 89 186
22 90 181
22 91 196
22 92 311
22 93 468
22 94 68
22 95 304
22 96 346
22 97 427
22 98 113
22 99 220
23 24 341
23 25 149
23 26 227
23 27 59
23 28 243
23 29 129
23 30 421
23 31 131
23 32 223
23 33 409
23 34 294
23 35 258
23 36 164
23 37 213
23 38 191
23 39 19
23 40 263
23 41 194
23 42 247
23 43 452
23 44 87
23 45 79
23 46 269
23 47 302
23 48 138
23 49 415
23 50 360
23 51 286
23 52 20
23 53 66
23 54 173
23 55 140
23 56 153
23 57 393
23 58 114
23 59 214
23 60 95
23 61 135
23 62 172
23 63 147
23 64 109
23 65 266
23 66 57
23 67 118
23 68 263
23 69 230
23 70 94
23 71 281
23 72 155
23 73 126
23 74 87
23 75 427
23 76 454
23 77 396
23 78 132
23 79 377
23 80 328
23 81 284
23 82 328
23 83 41
23 84 270
23 85 181
23 86 279
23 87 180
23 88 433
23 89 224
23 90 440
23 91 113
23 92 92
23 93 430
23 94 243
23 95 194
23 96 282
23 97 178
23 98 171
23 99 157
24 25 317
24 26 270
24 27 286
24 28 311
24 29 359
24 30 204
24 31 338
24 32 200
24 33 312
24 34 453
24 35 116
24 36 391
24 37 166
24 38 164
24 39 339
24 40 167
24 41 337
24 42 100
24 43 275
24 44 308
24 45 278
24 46 416
24 47 454
24 48 277
24 49 75
24 50 298
24 51 335
24 52 360
24 53 275
24 54 366
24 55 323
24 56 262
24 57 240
24 58 228
24 59 142
24 60 295
24 61 298
24 62 187
24 63 383
24 64 372
24 65 80
24 66 399
24 67 286
24 68 453
24 69 471
24 70 312
24 71 221
24 72 191
24 73 263
24 74 369
24 75 162
24 76 266
24 77 411
24 78 285
24 79 38
24 80 317
24 81 348
24 82 233
24 83 318
24 84 129
24 85 429
24 86 65
24 87 163
24 88 98
24 89 185
24 90 397
24 91 258
24 92 266
24 93 102
24 94 300
24 95 149
24 96 63
24 97 317
24 98 297
24 99 450
25 26 329
25 27 158
25 28 358
25 29 50
25 30 463
25 31 30
25 32 294
25 33 494
25 34 437
25 35 204
25 36 310
25 37 151
25 38 228
25 39 167
25 40 176
25 41 324
25 42 254
25 43 513
25 44 64
25 45 95
25 46 408
25 47 444
25 48 42
25 49 390
25 50 451
25 51 402
25 52 151
25 53 129
25 54 313
25 55 271
25 56 256
25 57 456
25 58 138
25 59 175
25 60 216
25 61 257
25 62 222
25 63 294
25 64 257
25 65 238
25 66 178
25 67 46
25 68 409
25 69 379
25 70 225
25 71 358
25 72 195
25 73 228
25 74 91
25 75 450
25 76 510
25 77 513
25 78 247
25 79 354
25 80 431
25 81 404
25 82 402
25 83 110
25 84 202
25 85 330
25 86 253
25 87 168
25 88 415
25 89 287
25 90 544
25 91 208
25 92 94
25 93 379
25 94 354
25 95 180
25 96 254
25 97 28
25 98 290
25 99 304
26 27 180
26 28 41
26 29 336
26 30 232
26 31 327
26 32 71
26 33 183
26 34 182
26 35 274
26 36 154
26 37 268
26 38 137
26 39 210
26 40 320
26 41 80
26 42 183
26 43 239
26 44 273
26 45 235
26 46 145
26 47 183
26 48 293
26 49 322
26 50 133
26 51 78
26 52 244
26 53 203
26 54 121
26 55 103
26 56 74
26 57 184
26 58 194
26 59 241
26 60 131
26 61 94
26 62 125
26 63 155
26 64 169
26 65 241
26 66 267
26 67 282
26 68 186
26 69 218
26 70 135
26 71 76
26 72 148
26 73 104
26 74 308
26 75 262
26 76 245
26 77 186
26 78 94
26 79 292
26 80 103
26 81 86
26 82 115
26 83 241
26 84 297
26 85 191
26 86 242
26 87 207
26 88 325
26 89 86
26 90 216
26 91 122
26 92 235
26 93 372
26 94 32
26 95 208
26 96 246
26 97 350
26 98 62
26 99 234
27 28 204
27 29 157
27 30 363
27 31 150
27 32 167
27 33 358
27 34 280
27 35 213
27 36 160
27 37 174
27 38 132
27 39 53
27 40 228
27 41 165
27 42 189
27 43 396
27 44 96
27 45 64
27 46 251
27 47 287
27 48 132
27 49 359
27 50 311
27 51 247
27 52 79
27 53 31
27 54 157
27 55 113
27 56 105
27 57 338
27 58 66
27 59 167
27 60 57
27 61 99
27 62 113
27 63 145
27 64 113
27 65 214
27 66 115
27 67 115
27 68 256
27 69 237
27 70 68
27 71 227
27 72 97
27 73 76
27 74 128
27 75 368
27 76 397
27 77 359
27 78 90
27 79 321
27 80 283
27 81 248
27 82 273
27 83 61
27 84 228
27 85 187
27 86 226
27 87 131
27 88 376
27 89 166
27 90 396
27 91 59
27 92 71
27 93 378
27 94 201
27 95 143
27 96 229
27 97 184
27 98 133
27 99 182
28 29 361
28 30 254
28 31 354
28 32 112
28 33 180
28 34 143
28 35 315
28 36 140
28 37 308
28 38 178
28 39 225
28 40 360
28 41 64
28 42 224
28 43 250
28 44 299
28 45 263
28 46 106
28 47 143
28 48 325
28 49 360
28 50 130
28 51 43
28 52 259
28 53 230
28 54 106
28 55 107
28 56 102
28 57 198
28 58 228
28 59 281
28 60 149
28 61 108
28 62 165
28 63 145
28 64 169
28 65 283
28 66 277
28 67 312
28 68 152
28 69 192
28 70 149
28 71 104
28 72 186
28 73 130
28 74 329
28 75 290
28 76 258
28 77 155
28 78 113
28 79 331
28 80 88
28 81 46
28 82 132
28 83 264
28 84 338
28 85 173
28 86 284
28 87 247
28 88 362
28 89 128
28 90 196
28 91 149
28 92 264
28 93 412
28 94 10
28 95 248
28 96 288
28 97 381
28 98 72
28 99 223
29 30 492
29 31 21
29 32 311
29 33 509
29 34 423
29 35 249
29 36 293
29 37 196
29 38 253
29 39 149
29 40 225
29 41 319
29 42 288
29 43 536
29 44 64
29 45 104
29 46 398
29 47 431
29 48 82
29 49 433
29 50 464
29 51 405
29 52 125
29 53 133
29 54 302
29 55 265
29 56 261
29 57 479
29 58 158
29 59 216
29 60 212
29 61 255
29 62 243
29 63 277
29 64 238
29 65 279
29 66 143
29 67 73
29 68 392
29 69 356
29 70 218
29 71 375
29 72 217
29 73 232
29 74 50
29 75 483
29 76 535
29 77 516
29 78 247
29 79 397
29 80 440
29 81 404
29 82 420
29 83 97
29 84 249
29 85 308
29 86 294
29 87 202
29 88 457
29 89 306
29 90 553
29 91 214
29 92 109
29 93 426
29 94 358
29 95 216
29 96 296
29 97 72
29 98 290
29 99 275
30 31 475
30 32 200
30 33 141
30 34 384
30 35 299
30 36 386
30 37 333
30 38 239
30 39 410
30 40 356
30 41 311
30 42 211
30 43 73
30 44 429
30 45 390
30 46 352
30 47 380
30 48 421
30 49 194
30 50 157
30 51 249
30 52 441
30 53 370
30 54 353
30 55 330
30 56 280
30 57 67
30 58 334
30 59 300
30 60 337
30 61 314
30 62 253
30 63 387
30 64 396
30 65 250
30 66 473
30 67 421
30 68 403
30 69 446
30 70 349
30 71 155
30 72 276
30 73 300
30 74 483
30 75 58
30 76 62
30 77 271
30 78 308
30 79 191
30 80 201
30 81 265
30 82 122
30 83 418
30 84 319
30 85 423
30 86 238
30 87 295
30 88 175
30 89 197
30 90 229
30 91 309
30 92 383
30 93 264
30 94 245
30 95 284
30 96 240
30 97 473
30 98 290
30 99 465
31 32 298
31 33 497
31 34 423
31 35 228
31 36 295
31 37 175
31 38 237
31 39 150
31 40 203
31 41 315
31 42 269
31 43 521
31 44 54
31 45 92
31 46 397
31 47 431
31 48 61
31 49 412
31 50 453
31 51 398
31 52 130
31 53 124
31 54 300
31 55 261
31 56 253
31 57 465
31 58 143
31 59 196
31 60 207
31 61 249
31 62 229
31 63 278
31 64 240
31 65 258
31 66 153
31 67 54
31 68 394
31 69 361
31 70 214
31 71 362
31 72 202
31 73 224
31 74 62
31 75 465
31 76 520
31 77 509
31 78 241
31 79 376
31 80 430
31 81 398
31 82 407
31 83 95
31 84 228
31 85 312
31 86 274
31 87 184
31 88 437
31 89 292
31 90 544
31 91 205
31 92 95
31 93 405
31 94 351
31 95 197
31 96 275
31 97 54
31 98 284
31 99 282
32 33 199
32 34 252
32 35 207
32 36 203
32 37 208
32 38 75
32 39 211
32 40 256
32 41 139
32 42 112
32 43 229
32 44 247
32 45 207
32 46 215
32 47 253
32 48 255
32 49 256
32 50 158
32 51 144
32 52 243
32 53 180
32 54 173
32 55 138
32 56 81
32 57 170
32 58 156
32 59 178
32 60 137
32 61 117
32 62 72
32 63 199
32 64 201
32 65 171
32 66 274
32 67 248
32 68 253
32 69 277
32 70 150
32 71 63
32 72 99
32 73 100
32 74 293
32 75 216
32 76 230
32 77 242
32 78 109
32 79 224
32 80 148
32 81 154
32 82 109
32 83 225
32 84 231
32 85 242
32 86 172
32 87 149
32 88 262
32 89 15
32 90 256
32 91 110
32 92 203
32 93 302
32 94 102
32 95 146
32 96 175
32 97 311
32 98 103
32 99 275
33 34 276
33 35 377
33 36 320
33 37 394
33 38 269
33 39 392
33 40 433
33 41 245
33 42 275
33 43 91
33 44 445
33 45 405
33 46 251
33 47 270
33 48 454
33 49 324
33 50 50
33 51 154
33 52 426
33 53 376
33 54 287
33 55 284
33 56 255
33 57 77
33 58 355
33 59 361
33 60 314
33 61 277
33 62 271
33 63 326
33 64 348
33 65 330
33 66 450
33 67 447
33 68 305
33 69 360
33 70 319
33 71 136
33 72 298
33 73 283
33 74 487
33 75 198
33 76 104
33 77 133
33 78 277
33 79 312
33 80 96
33 81 167
33 82 93
33 83 419
33 84 400
33 85 350
33 86 323
33 87 342
33 88 310
33 89 207
33 90 88
33 91 299
33 92 402
33 93 392
33 94 176
33 95 335
33 96 326
33 97 511
33 98 244
33 99 403
34 35 443
34 36 131
34 37 426
34 38 307
34 39 274
34 40 481
34 41 125
34 42 362
34 43 362
34 44 373
34 45 345
34 46 37
34 47 10
34 48 413
34 49 504
34 50 235
34 51 134
34 52 301
34 53 311
34 54 123
34 55 169
34 56 210
34 57 321
34 58 328
34 59 404
34 60 225
34 61 189
34 62 289
34 63 147
34 64 186
34 65 417
34 66 300
34 67 395
34 68 41
34 69 106
34 70 212
34 71 246
34 72 305
34 73 228
34 74 380
34 75 427
34 76 373
34 77 172
34 78 202
34 79 475
34 80 186
34 81 119
34 82 264
34 83 328
34 84 466
34 85 130
34 86 421
34 87 366
34 88 505
34 89 268
34 90 242
34 91 246
34 92 351
34 93 554
34 94 154
34 95 371
34 96 424
34 97 463
34 98 168
34 99 186
35 36 352
35 37 53
35 38 137
35 39 262
35 40 57
35 41 319
35 42 102
35 43 363
35 44 206
35 45 184
35 46 407
35 47 447
35 48 167
35 49 187
35 50 348
35 51 350
35 52 275
35 53 193
35 54 335
35 55 287
35 56 234
35 57 316
35 58 146
35 59 45
35 60 242
35 61 262
35 62 154
35 63 341
35 64 319
35 65 48
35 66 314
35 67 179
35 68 433
35 69 434
35 70 261
35 71 255
35 72 140
35 73 222
35 74 267
35 75 269
35 76 357
35 77 447
35 78 248
35 79 152
35 80 351
35 81 359
35 82 285
35 83 227
35 84 24
35 85 387
35 86 60
35 87 83
35 88 213
35 89 192
35 90 451
35 91 208
35 92 171
35 93 178
35 94 306
35 95 74
35 96 60
35 97 201
35 98 275
35 99 393
36 37 324
36 38 229
36 39 145
36 40 380
36 41 77
36 42 292
36 43 390
36 44 246
36 45 222
36 46 112
36 47 139
36 48 290
36 49 455
36 50 270
36 51 169
36 52 170
36 53 191
36 54 34
36 55 68
36 56 129
36 57 336
36 58 218
36 59 309
36 60 112
36 61 94
36 62 207
36 63 16
36 64 55
36 65 338
36 66 170
36 67 272
36 68 98
36 69 81
36 70 95
36 71 231
36 72 213
36 73 131
36 74 249
36 75 414
36 76 397
36 77 263
36 78 106
36 79 421
36 80 225
36 81 159
36 82 268
36 83 200
36 84 372
36 85 38
36 86 345
36 87 270
36 88 464
36 89 215
36 90 321
36 91 144
36 92 230
36 93 493
36 94 147
36 95 278
36 96 349
36 97 338
36 98 99
36 99 82
37 38 133
37 39 219
37 40 56
37 41 301
37 42 123
37 43 392
37 44 154
37 45 135
37 46 391
37 47 430
37 48 114
37 49 238
37 50 361
37 51 347
37 52 228
37 53 149
37 54 311
37 55 262
37 56 216
37 57 341
37 58 108
37 59 33
37 60 212
37 61 238
37 62 143
37 63 311
37 64 285
37 65 89
37 66 267
37 67 126
37 68 411
37 69 405
37 70 229
37 71 264
37 72 122
37 73 198
37 74 214
37 75 309
37 76 387
37 77 450
37 78 225
37 79 203
37 80 356
37 81 354
37 82 301
37 83 178
37 84 58
37 85 356
37 86 104
37 87 61
37 88 264
37 89 195
37 90 462
37 91 182
37 92 122
37 93 231
37 94 300
37 95 61
37 96 105
37 97 150
37 98 258
37 99 356
38 39 184
38 40 183
38 41 184
38 42 64
38 43 284
38 44 190
38 45 151
38 46 271
38 47 310
38 48 187
38 49 233
38 50 231
38 51 215
38 52 211
38 53 133
38 54 206
38 55 160
38 56 101
38 57 228
38 58 95
38 59 104
38 60 130
38 61 135
38 62 22
38 63 220
38 64 207
38 65 111
38 66 247
38 67 184
38 68 300
38 69 309
38 70 148
38 71 134
38 72 37
38 73 99
38 74 244
38 75 237
38 76 282
38 77 316
38 78 122
38 79 197
38 80 223
38 81 223
38 82 176
38 83 180
38 84 160
38 85 266
38 86 117
38 87 74
38 88 247
38 89 63
38 90 331
38 91 93
38 92 144
38 93 264
38 94 169
38 95 72
38 96 120
38 97 243
38 98 141
38 99 285
39 40 271
39 41 175
39 42 243
39 43 438
39 44 103
39 45 89
39 46 250
39 47 282
39 48 153
39 49 412
39 50 344
39 51 268
39 52 33
39 53 69
39 54 153
39 55 121
39 56 138
39 57 380
39 58 115
39 59 217
39 60 78
39 61 117
39 62 164
39 63 128
39 64 90
39 65 266
39 66 64
39 67 133
39 68 243
39 69 212
39 70 76
39 71 267
39 72 150
39 73 112
39 74 107
39 75 418
39 76 440
39 77 377
39 78 115
39 79 375
39 80 311
39 81 265
39 82 313
39 83 57
39 84 275
39 85 163
39 86 278
39 87 181
39 88 429
39 89 212
39 90 422
39 91 101
39 92 101
39 93 430
39 94 225
39 95 194
39 96 281
39 97 195
39 98 153
39 99 143
40 41 356
40 42 158
40 43 421
40 44 195
40 45 184
40 46 446
40 47 485
40 48 146
40 49 231
40 50 403
40 51 398
40 52 277
40 53 202
40 54 367
40 55 318
40 56 271
40 57 374
40 58 163
40 59 79
40 60 268
40 61 294
40 62 195
40 63 367
40 64 340
40 65 106
40 66 315
40 67 163
40 68 467
40 69 461
40 70 285
40 71 308
40 72 176
40 73 254
40 74 253
40 75 324
40 76 414
40 77 498
40 78 281
40 79 200
40 80 403
40 81 406
40 82 341
40 83 226
40 84 38
40 85 412
40 86 117
40 87 114
40 88 259
40 89 242
40 90 505
40 91 238
40 92 171
40 93 207
40 94 352
40 95 112
40 96 116
40 97 166
40 98 313
40 99 410
41 42 242
41 43 313
41 44 261
41 45 229
41 46 90
41 47 129
41 48 295
41 49 395
41 50 194
41 51 98
41 52 207
41 53 195
41 54 43
41 55 54
41 56 85
41 57 259
41 58 206
41 59 279
41 60 108
41 61 67
41 62 165
41 63 81
41 64 107
41 65 295
41 66 220
41 67 280
41 68 116
41 69 139
41 70 101
41 71 156
41 72 179
41 73 104
41 74 281
41 75 342
41 76 320
41 77 203
41 78 79
41 79 363
41 80 151
41 81 92
41 82 191
41 83 221
41 84 341
41 85 111
41 86 299
41 87 241
41 88 401
41 89 153
41 90 254
41 91 123
41 92 233
41 93 439
41 94 70
41 95 246
41 96 303
41 97 349
41 98 43
41 99 159
42 43 269
42 44 229
42 45 194
42 46 325
42 47 364
42 48 212
42 49 170
42 50 246
42 51 255
42 52 266
42 53 184
42 54 267
42 55 223
42 56 163
42 57 218
42 58 139
42 59 90
42 60 194
42 61 198
42 62 86
42 63 283
42 64 271
42 65 60
42 66 305
42 67 215
42 68 358
42 69 372
42 70 212
42 71 153
42 72 93
42 73 163
42 74 288
42 75 195
42 76 264
42 77 347
42 78 185
42 79 133
42 80 251
42 81 266
42 82 183
42 83 230
42 84 126
42 85 329
42 86 59
42 87 86
42 88 186
42 89 96
42 90 348
42 91 157
42 92 184
42 93 201
42 94 215
42 95 73
42 96 63
42 97 262
42 98 200
42 99 349
43 44 472
43 45 432
43 46 335
43 47 357
43 48 471
43 49 267
43 50 127
43 51 233
43 52 471
43 53 408
43 54 356
43 55 343
43 56 301
43 57 58
43 58 378
43 59 359
43 60 361
43 61 331
43 62 293
43 63 393
43 64 409
43 65 315
43 66 500
43 67 468
43 68 388
43 69 439
43 70 370
43 71 171
43 72 319
43 73 326
43 74 521
43 75 130
43 76 14
43 77 224
43 78 327
43 79 265
43 80 176
43 81 247
43 82 125
43 83 454
43 84 384
43 85 423
43 86 304
43 87 348
43 88 248
43 89 231
43 90 170
43 91 338
43 92 427
43 93 338
43 94 243
43 95 339
43 96 305
43 97 525
43 98 301
43 99 472
44 45 40
44 46 345
44 47 380
44 48 54
44 49 383
44 50 400
44 51 343
44 52 92
44 53 70
44 54 249
44 55 208
44 56 199
44 57 415
44 58 94
44 59 167
44 60 153
44 61 195
44 62 179
44 63 230
44 64 193
44 65 228
44 66 125
44 67 34
44 68 345
44 69 316
44 70 162
44 71 310
44 72 153
44 73 170
44 74 61
44 75 423
44 76 472
44 77 455
44 78 187
44 79 346
44 80 376
44 81 344
44 82 356
44 83 46
44 84 211
44 85 266
44 86 243
44 87 146
44 88 406
44 89 242
44 90 489
44 91 151
44 92 46
44 93 384
44 94 296
44 95 160
44 96 245
44 97 92
44 98 229
44 99 243
45 46 315
45 47 351
45 48 68
45 49 353
45 50 360
45 51 307
45 52 92
45 53 34
45 54 221
45 55 177
45 56 161
45 57 375
45 58 56
45 59 142
45 60 121
45 61 161
45 62 139
45 63 207
45 64 172
45 65 199
45 66 131
45 67 50
45 68 320
45 69 297
45 70 132
45 71 270
45 72 114
45 73 133
45 74 94
45 75 386
45 76 432
45 77 418
45 78 152
45 79 316
45 80 338
45 81 308
45 82 316
45 83 43
45 84 193
45 85 247
45 86 214
45 87 114
45 88 374
45 89 202
45 90 451
45 91 113
45 92 13
45 93 360
45 94 259
45 95 128
45 96 216
45 97 120
45 98 194
45 99 233
46 47 39
46 48 383
46 49 467
46 50 207
46 51 103
46 52 278
46 53 281
46 54 96
46 55 138
46 56 175
46 57 291
46 58 296
46 59 369
46 60 194
46 61 157
46 62 253
46 63 127
46 64 165
46 65 380
46 66 282
46 67 366
46 68 53
46 69 112
46 70 183
46 71 210
46 72 269
46 73 194
46 74 357
46 75 393
46 76 345
46 77 161
46 78 169
46 79 438
46 80 158
46 81 88
46 82 231
46 83 302
46 84 430
46 85 122
46 86 384
46 87 331
46 88 468
46 89 231
46 90 228
46 91 213
46 92 321
46 93 517
46 94 117
46 95 335
46 96 387
46 97 435
46 98 133
46 99 180
47 48 419
47 49 503
47 50 229
47 51 131
47 52 309
47 53 318
47 54 130
47 55 175
47 56 214
47 57 317
47 58 334
47 59 408
47 60 231
47 61 195
47 62 293
47 63 155
47 64 194
47 65 420
47 66 309
47 67 402
47 68 51
47 69 116
47 70 219
47 71 244
47 72 309
47 73 233
47 74 388
47 75 424
47 76 368
47 77 163
47 78 207
47 79 475
47 80 181
47 81 116
47 82 261
47 83 336
47 84 469
47 85 139
47 86 423
47 87 371
47 88 504
47 89 269
47 90 234
47 91 251
47 92 357
47 93 555
47 94 153
47 95 375
47 96 426
47 97 470
47 98 172
47 99 196
48 49 351
48 50 412
48 51 368
48 52 146
48 53 101
48 54 289
48 55 244
48 56 223
48 57 415
48 58 99
48 59 135
48 60 188
48 61 227
48 62 182
48 63 274
48 64 239
48 65 198
48 66 179
48 67 20
48 68 388
48 69 364
48 70 200
48 71 318
48 72 155
48 73 196
48 74 106
48 75 408
48 76 469
48 77 479
48 78 217
48 79 315
48 80 394
48 81 371
48 82 362
48 83 97
48 84 168
48 85 314
48 86 213
48 87 126
48 88 376
48 89 247
48 90 507
48 91 176
48 92 61
48 93 345
48 94 320
48 95 138
48 96 214
48 97 57
48 98 259
48 99 295
49 50 321
49 51 378
49 52 434
49 53 350
49 54 427
49 55 387
49 56 326
49 57 247
49 58 303
49 59 217
49 60 364
49 61 363
49 62 256
49 63 449
49 64 440
49 65 155
49 66 473
49 67 361
49 68 509
49 69 532
49 70 381
49 71 261
49 72 263
49 73 331
49 74 444
49 75 139
49 76 255
49 77 438
49 78 351
49 79 37
49 80 349
49 81 392
49 82 261
49 83 393
49 84 194
49 85 494
49 86 140
49 87 239
49 88 29
49 89 242
49 90 412
49 91 327
49 92 342
49 93 70
49 94 350
49 95 225
49 96 138
49 97 388
49 98 358
49 99 518
50 51 106
50 52 377
50 53 331
50 54 237
50 55 234
50 56 207
50 57 90
50 58 313
50 59 328
50 60 265
50 61 228
50 62 230
50 63 276
50 64 298
50 65 304
50 66 401
50 67 404
50 68 260
50 69 313
50 70 269
50 71 96
50 72 257
50 73 235
50 74 440
50 75 210
50 76 138
50 77 117
50 78 228
50 79 304
50 80 49
50 81 120
50 82 65
50 83 372
50 84 372
50 85 301
50 86 299
50 87 305
50 88 312
50 89 168
50 90 102
50 91 251
50 92 358
50 93 386
50 94 125
50 95 300
50 96 302
50 97 469
50 98 194
50 99 353
51 52 301
51 53 274
51 54 137
51 55 148
51 56 145
51 57 187
51 58 271
51 59 319
51 60 193
51 61 151
51 62 204
51 63 177
51 64 205
51 65 315
51 66 317
51 67 356
51 68 155
51 69 206
51 70 191
51 71 117
51 72 227
51 73 174
51 74 372
51 75 293
51 76 243
51 77 111
51 78 157
51 79 352
51 80 58
51 81 15
51 82 129
51 83 308
51 84 374
51 85 197
51 86 315
51 87 286
51 88 376
51 89 159
51 90 155
51 91 193
51 92 308
51 93 434
51 94 48
51 95 286
51 96 318
51 97 425
51 98 115
51 99 251
52 53 84
52 54 182
52 55 153
52 56 171
52 57 412
52 58 132
52 59 231
52 60 112
52 61 151
52 62 192
52 63 154
52 64 114
52 65 284
52 66 39
52 67 125
52 68 268
52 69 231
52 70 109
52 71 300
52 72 175
52 73 145
52 74 79
52 75 447
52 76 473
52 77 410
52 78 149
52 79 396
52 80 344
52 81 297
52 82 346
52 83 50
52 84 286
52 85 182
52 86 297
52 87 198
52 88 453
52 89 244
52 90 455
52 91 132
52 92 105
52 93 448
52 94 259
52 95 212
52 96 300
52 97 180
52 98 187
52 99 152
53 54 188
53 55 143
53 56 128
53 57 350
53 58 48
53 59 148
53 60 87
53 61 127
53 62 117
53 63 175
53 64 142
53 65 200
53 66 123
53 67 85
53 68 287
53 69 267
53 70 99
53 71 243
53 72 96
53 73 100
53 74 113
53 75 370
53 76 409
53 77 385
53 78 118
53 79 312
53 80 306
53 81 275
53 82 289
53 83 47
53 84 206
53 85 217
53 86 213
53 87 114
53 88 369
53 89 177
53 90 419
53 91 81
53 92 40
53 93 364
53 94 226
53 95 127
53 96 216
53 97 154
53 98 160
53 99 208
54 55 48
54 56 104
54 57 302
54 58 208
54 59 293
54 60 102
54 61 73
54 62 185
54 63 39
54 64 72
54 65 316
54 66 189
54 67 272
54 68 101
54 69 104
54 70 89
54 71 197
54 72 194
54 73 113
54 74 260
54 75 382
54 76 363
54 77 236
54 78 86
54 79 394
54 80 192
54 81 129
54 82 234
54 83 205
54 84 356
54 85 70
54 86 323
54 87 254
54 88 435
54 89 185
54 90 291
54 91 128
54 92 228
54 93 468
54 94 113
54 95 260
54 96 326
54 97 340
54 98 69
54 99 116
55 56 61
55 57 287
55 58 160
55 59 244
55 60 56
55 61 25
55 62 139
55 63 61
55 64 66
55 65 270
55 66 169
55 67 228
55 68 149
55 69 149
55 70 47
55 71 176
55 72 146
55 73 64
55 74 227
55 75 353
55 76 348
55 77 256
55 78 38
55 79 353
55 80 195
55 81 144
55 82 218
55 83 167
55 84 307
55 85 106
55 86 277
55 87 205
55 88 397
55 89 149
55 90 303
55 91 80
55 92 183
55 93 424
55 94 109
55 95 212
55 96 280
55 97 297
55 98 41
55 99 136
56 57 243
56 58 126
56 59 194
56 60 59
56 61 37
56 62 81
56 63 122
56 64 119
56 65 212
56 66 198
56 67 210
56 68 199
56 69 208
56 70 69
56 71 130
56 72 94
56 73 29
56 74 233
56 75 297
56 76 305
56 77 257
56 78 28
56 79 292
56 80 178
56 81 148
56 82 176
56 83 166
56 84 256
56 85 167
56 86 218
56 87 156
56 88 336
56 89 89
56 90 291
56 91 48
56 92 162
56 93 364
56 94 98
56 95 161
56 96 222
56 97 279
56 98 41
56 99 194
57 58 321
57 59 308
57 60 303
57 61 273
57 62 236
57 63 339
57 64 353
57 65 268
57 66 442
57 67 412
57 68 343
57 69 390
57 70 312
57 71 113
57 72 262
57 73 268
57 74 463
57 75 122
57 76 61
57 77 203
57 78 270
57 79 237
57 80 136
57 81 203
57 82 69
57 83 396
57 84 338
57 85 371
57 86 259
57 87 294
57 88 233
57 89 173
57 90 166
57 91 280
57 92 370
57 93 315
57 94 190
57 95 286
57 96 261
57 97 470
57 98 245
57 99 418
58 59 101
58 60 107
58 61 139
58 62 85
58 63 204
58 64 177
58 65 152
58 66 171
58 67 91
58 68 309
58 69 298
58 70 123
58 71 219
58 72 59
58 73 102
58 74 150
58 75 330
58 76 377
58 77 381
58 78 127
58 79 265
58 80 295
58 81 274
58 82 264
58 83 91
58 84 162
58 85 249
58 86 165
58 87 66
58 88 322
58 89 149
58 90 407
58 91 83
58 92 48
58 93 315
58 94 222
58 95 79
58 96 168
58 97 157
58 98 165
58 99 248
59 60 198
59 61 219
59 62 116
59 63 297
59 64 274
59 65 62
59 66 270
59 67 144
59 68 392
59 69 391
59 70 216
59 71 232
59 72 99
59 73 180
59 74 229
59 75 278
59 76 354
59 77 420
59 78 206
59 79 180
59 80 325
59 81 327
59 82 268
59 83 184
59 84 63
59 85 343
59 86 77
59 87 39
59 88 241
59 89 164
59 90 430
59 91 165
59 92 129
59 93 218
59 94 273
59 95 33
59 96 79
59 97 178
59 98 236
59 99 348
60 61 42
60 62 108
60 63 98
60 64 78
60 65 232
60 66 138
60 67 172
60 68 203
60 69 193
60 70 18
60 71 190
60 72 106
60 73 37
60 74 179
60 75 350
60 76 364
60 77 304
60 78 36
60 79 327
60 80 233
60 81 192
60 82 235
60 83 115
60 84 261
60 85 145
60 86 242
60 87 159
60 88 377
60 89 142
60 90 345
60 91 36
60 92 126
60 93 393
60 94 148
60 95 168
60 96 245
60 97 241
60 98 77
60 99 155
61 62 113
61 63 85
61 64 83
61 65 244
61 66 173
61 67 212
61 68 173
61 69 174
61 70 41
61 71 161
61 72 121
61 73 39
61 74 221
61 75 333
61 76 335
61 77 262
61 78 13
61 79 328
61 80 193
61 81 150
61 82 205
61 83 157
61 84 282
61 85 131
61 86 251
61 87 180
61 88 373
61 89 126
61 90 304
61 91 56
61 92 165
61 93 399
61 94 107
61 95 187
61 96 255
61 97 282
61 98 36
61 99 157
62 63 198
62 64 185
62 65 131
62 66 228
62 67 176
62 68 280
62 69 288
62 70 125
62 71 135
62 72 27
62 73 76
62 74 230
62 75 255
62 76 293
62 77 309
62 78 100
62 79 219
62 80 218
62 81 211
62 82 179
62 83 164
62 84 176
62 85 244
62 86 138
62 87 82
62 88 269
62 89 64
62 90 328
62 91 71
62 92 133
62 93 286
62 94 157
62 95 83
62 96 141
62 97 239
62 98 122
62 99 262
63 64 39
63 65 327
63 66 155
63 67 256
63 68 115
63 69 94
63 70 81
63 71 231
63 72 202
63 73 121
63 74 233
63 75 412
63 76 400
63 77 274
63 78 97
63 79 414
63 80 232
63 81 169
63 82 270
63 83 184
63 84 360
63 85 46
63 86 335
63 87 257
63 88 458
63 89 210
63 90 331
63 91 132
63 92 215
63 93 484
63 94 151
63 95 266
63 96 339
63 97 322
63 98 97
63 99 79
64 65 310
64 66 117
64 67 220
64 68 153
64 69 125
64 70 59
64 71 242
64 72 184
64 73 109
64 74 193
64 75 416
64 76 415
64 77 307
64 78 91
64 79 404
64 80 257
64 81 198
64 82 284
64 83 147
64 84 336
64 85 74
64 86 320
64 87 235
64 88 452
64 89 209
64 90 361
64 91 114
64 92 181
64 93 471
64 94 172
64 95 245
64 96 323
64 97 285
64 98 107
64 99 77
65 66 324
65 67 206
65 68 411
65 69 419
65 70 251
65 71 213
65 72 126
65 73 206
65 74 289
65 75 222
65 76 308
65 77 407
65 78 231
65 79 118
65 80 311
65 81 325
65 82 240
65 83 240
65 84 70
65 85 374
65 86 15
65 87 86
65 88 178
65 89 155
65 90 406
65 91 196
65 92 187
65 93 164
65 94 273
65 95 72
65 96 17
65 97 239
65 98 252
65 99 387
66 67 159
66 68 264
66 69 219
66 70 131
66 71 328
66 72 212
66 73 174
66 74 93
66 75 482
66 76 503
66 77 423
66 78 173
66 79 435
66 80 365
66 81 312
66 82 374
66 83 88
66 84 325
66 85 174
66 86 337
66 87 238
66 88 491
66 89 276
66 90 473
66 91 164
66 92 144
66 93 487
66 94 278
66 95 251
66 96 340
66 97 206
66 98 207
66 99 134
67 68 370
67 69 345
67 70 183
67 71 311
67 72 150
67 73 182
67 74 89
67 75 410
67 76 467
67 77 467
67 78 203
67 79 324
67 80 384
67 81 358
67 82 356
67 83 76
67 84 182
67 85 295
67 86 221
67 87 129
67 88 384
67 89 241
67 90 497
67 91 162
67 92 47
67 93 357
67 94 308
67 95 142
67 96 223
67 97 69
67 98 245
67 99 275
68 69 64
68 70 188
68 71 257
68 72 293
68 73 212
68 74 347
68 75 442
68 76 398
68 77 210
68 78 186
68 79 478
68 80 211
68 81 140
68 82 281
68 83 299
68 84 454
68 85 91
68 86 416
68 87 353
68 88 512
68 89 268
68 90 279
68 91 229
68 92 327
68 93 555
68 94 162
68 95 359
68 96 420
68 97 436
68 98 158
68 99 146
69 70 175
69 71 294
69 72 294
69 73 213
69 74 308
69 75 480
69 76 448
69 77 274
69 78 188
69 79 499
69 80 264
69 81 193
69 82 325
69 83 270
69 84 454
69 85 50
69 86 426
69 87 351
69 88 539
69 89 290
69 90 341
69 91 225
69 92 307
69 93 572
69 94 201
69 95 359
69 96 430
69 97 408
69 98 174
69 99 89
70 71 199
70 72 124
70 73 51
70 74 181
70 75 365
70 76 374
70 77 301
70 78 42
70 79 345
70 80 235
70 81 189
70 82 244
70 83 120
70 84 279
70 85 127
70 86 260
70 87 177
70 88 394
70 89 156
70 90 345
70 91 55
70 92 139
70 93 411
70 94 149
70 95 186
70 96 263
70 97 251
70 98 77
70 99 137
71 72 162
71 73 155
71 74 355
71 75 186
71 76 174
71 77 194
71 78 157
71 79 235
71 80 98
71 81 131
71 82 46
71 83 287
71 84 279
71 85 267
71 86 210
71 87 208
71 88 259
71 89 72
71 90 197
71 91 168
71 92 266
71 93 318
71 94 94
71 95 203
71 96 213
71 97 375
71 98 135
71 99 310
72 73 81
72 74 207
72 75 274
72 76 318
72 77 334
72 78 107
72 79 226
72 80 244
72 81 233
72 82 206
72 83 143
72 84 161
72 85 248
72 86 136
72 87 61
72 88 279
72 89 91
72 90 354
72 91 70
72 92 108
72 93 287
72 94 179
72 95 66
72 96 139
72 97 212
72 98 136
72 99 261
73 74 204
73 75 313
73 76 329
73 77 285
73 78 26
73 79 295
73 80 207
73 81 175
73 82 201
73 83 137
73 84 242
73 85 168
73 86 214
73 87 140
73 88 343
73 89 105
73 90 320
73 91 19
73 92 135
73 93 363
73 94 126
73 95 147
73 96 217
73 97 251
73 98 63
73 99 187
74 75 480
74 76 522
74 77 483
74 78 215
74 79 407
74 80 411
74 81 370
74 82 401
74 83 67
74 84 271
74 85 261
74 86 304
74 87 207
74 88 467
74 89 290
74 90 524
74 91 188
74 92 104
74 93 445
74 94 327
74 95 221
74 96 306
74 97 117
74 98 256
74 99 226
75 76 117
75 77 325
75 78 325
75 79 142
75 80 249
75 81 308
75 82 163
75 83 418
75 84 286
75 85 452
75 86 208
75 87 281
75 88 118
75 89 209
75 90 287
75 91 319
75 92 377
75 93 209
75 94 280
75 95 269
75 96 208
75 97 456
75 98 315
75 99 490
76 77 238
76 78 331
76 79 254
76 80 187
76 81 257
76 82 130
76 83 455
76 84 377
76 85 431
76 86 297
76 87 345
76 88 235
76 89 231
76 90 185
76 91 340
76 92 426
76 93 325
76 94 250
76 95 335
76 96 298
76 97 523
76 98 307
76 99 479
77 78 268
77 79 419
77 80 96
77 81 112
77 82 178
77 83 419
77 84 471
77 85 281
77 86 404
77 87 390
77 88 429
77 89 256
77 90 71
77 91 305
77 92 419
77 93 502
77 94 159
77 95 388
77 96 407
77 97 536
77 98 226
77 99 339
78 79 316
78 80 196
78 81 157
78 82 202
78 83 150
78 84 269
78 85 144
78 86 238
78 87 167
78 88 362
78 89 117
78 90 308
78 91 44
78 92 155
78 93 386
78 94 111
78 95 173
78 96 242
78 97 272
78 98 42
78 99 167
79 80 328
79 81 365
79 82 241
79 83 355
79 84 162
79 85 459
79 86 103
79 87 201
79 88 61
79 89 210
79 90 399
79 91 291
79 92 304
79 93 82
79 94 321
79 95 187
79 96 101
79 97 354
79 98 325
79 99 482
80 81 71
80 82 89
80 83 345
80 84 375
80 85 254
80 86 308
80 87 297
80 88 343
80 89 161
80 90 113
80 91 225
80 92 337
80 93 410
80 94 86
80 95 295
80 96 311
80 97 452
80 98 157
80 99 308
81 82 144
81 83 307
81 84 383
81 85 185
81 86 326
81 87 293
81 88 390
81 89 170
81 90 162
81 91 195
81 92 310
81 93 447
81 94 54
81 95 294
81 96 329
81 97 427
81 98 114
81 99 241
82 83 333
82 84 309
82 85 303
82 86 234
82 87 248
82 88 254
82 89 115
82 90 166
82 91 215
82 92 312
82 93 323
82 94 123
82 95 241
82 96 237
82 97 418
82 98 176
82 99 349
83 84 237
83 85 220
83 86 254
83 87 155
83 88 413
83 89 223
83 90 458
83 91 120
83 92 56
83 93 402
83 94 262
83 95 168
83 96 257
83 97 138
83 98 192
83 99 198
84 85 406
84 86 80
84 87 102
84 88 222
84 89 216
84 90 474
84 91 228
84 92 180
84 93 177
84 94 330
84 95 95
84 96 79
84 97 196
84 98 297
84 99 410
85 86 382
85 87 304
85 88 502
85 89 253
85 90 344
85 91 179
85 92 256
85 93 531
85 94 180
85 95 312
85 96 386
85 97 358
85 98 138
85 99 58
86 87 99
86 88 163
86 89 156
86 90 401
86 91 205
86 92 202
86 93 152
86 94 274
86 95 85
86 96 3
86 97 254
86 98 257
86 99 397
87 88 260
87 89 137
87 90 405
87 91 126
87 92 103
87 93 249
87 94 239
87 95 14
87 96 102
87 97 177
87 98 198
87 99 309
88 89 249
88 90 399
88 91 341
88 92 363
88 93 94
88 94 351
88 95 246
88 96 161
88 97 415
88 98 365
88 99 529
89 90 268
89 91 112
89 92 197
89 93 287
89 94 118
89 95 133
89 96 159
89 97 303
89 98 116
89 99 284
90 91 338
90 92 450
90 93 480
90 94 196
90 95 401
90 96 404
90 97 564
90 98 268
90 99 401
91 92 115
91 93 356
91 94 145
91 95 133
91 96 209
91 97 231
91 98 83
91 99 192
92 93 347
92 94 260
92 95 117
92 96 204
92 97 116
92 98 197
92 99 244
93 94 401
93 95 236
93 96 149
93 97 373
93 98 399
93 99 548
94 95 240
94 96 278
94 97 377
94 98 71
94 99 229
95 96 88
95 97 188
95 98 202
95 99 320
96 97 255
96 98 261
96 99 400
97 98 314
97 99 333
98 99 175
