100 4950
0 1 116
0 2 239
0 3 270
0 4 361
0 5 246
0 6 220
0 7 481
0 8 185
0 9 62
0 10 237
0 11 457
0 12 327
0 13 233
0 14 282
0 15 373
0 16 432
0 17 139
0 18 273
0 19 468
0 20 295
0 21 351
0 22 67
0 23 356
0 24 231
0 25 238
0 26 396
0 27 271
0 28 108
0 29 170
0 30 277
0 31 378
0 32 429
0 33 139
0 34 359
0 35 428
0 36 80
0 37 446
0 38 377
0 39 419
0 40 291
0 41 472
0 42 327
0 43 54
0 44 200
0 45 172
0 46 164
0 47 390
0 48 447
0 49 87
0 50 277
0 51 186
0 52 237
0 53 56
0 54 91
0 55 325
0 56 176
0 57 235
0 58 51
0 59 463
0 60 88
0 61 186
0 62 49
0 63 299
0 64 72
0 65 261
0 66 125
0 67 416
0 68 201
0 69 252
0 70 460
0 71 424
0 72 141
0 73 258
0 74 422
0 75 164
0 76 474
0 77 441
0 78 514
0 79 197
0 80 241
0 81 170
0 82 420
0 83 323
0 84 231
0 85 217
0 86 458
0 87 419
0 88 230
0 89 342
0 90 300
0 91 310
0 92 317
0 93 234
0 94 495
0 95 498
0 96 237
0 97 358
0 98 394
0 99 484
1 2 127
1 3 224
1 4 256
1 5 167
1 6 247
1 7 365
1 8 227
1 9 140
1 10 137
1 11 344
1 12 217
1 13 159
1 14 197
1 15 257
1 16 345
1 17 171
1 18 224
1 19 357
1 20 249
1 21 264
1 22 77
1 23 255
1 24 128
1 25 208
1 26 293
1 27 217
1 28 15
1 29 62
1 30 212
1 31 282
1 32 313
1 33 148
1 34 284
1 35 331
1 36 105
1 37 345
1 38 281
1 39 320
1 40 186
1 41 382
1 42 234
1 43 66
1 44 85
1 45 205
1 46 64
1 47 287
1 48 331
1 49 31
1 50 222
1 51 180
1 52 253
1 53 75
1 54 62
1 55 217
1 56 202
1 57 130
1 58 90
1 59 347
1 60 110
1 61 206
1 62 71
1 63 252
1 64 62
1 65 145
1 66 48
1 67 334
1 68 85
1 69 157
1 70 361
1 71 325
1 72 194
1 73 217
1 74 314
1 75 68
1 76 359
1 77 347
1 78 406
1 79 204
1 80 134
1 81 61
1 82 310
1 83 248
1 84 259
1 85 170
1 86 366
1 87 311
1 88 193
1 89 243
1 90 233
1 91 240
1 92 272
1 93 223
1 94 400
1 95 399
1 96 149
1 97 276
1 98 284
1 99 372
2 3 194
2 4 204
2 5 106
2 6 352
2 7 254
2 8 340
2 9 267
2 10 137
2 11 217
2 12 153
2 13 195
2 14 203
2 15 147
2 16 321
2 17 285
2 18 273
2 19 230
2 20 297
2 21 252
2 22 183
2 23 136
2 24 124
2 25 201
2 26 171
2 27 263
2 28 139
2 29 107
2 30 245
2 31 246
2 32 209
2 33 257
2 34 287
2 35 214
2 36 228
2 37 224
2 38 246
2 39 272
2 40 66
2 41 349
2 42 214
2 43 185
2 44 73
2 45 263
2 46 122
2 47 236
2 48 213
2 49 158
2 50 179
2 51 275
2 52 285
2 53 202
2 54 158
2 55 92
2 56 311
2 57 30
2 58 200
2 59 236
2 60 198
2 61 311
2 62 190
2 63 298
2 64 171
2 65 62
2 66 151
2 67 319
2 68 59
2 69 158
2 70 311
2 71 206
2 72 313
2 73 277
2 74 243
2 75 82
2 76 259
2 77 309
2 78 280
2 79 302
2 80 117
2 81 105
2 82 182
2 83 170
2 84 300
2 85 158
2 86 329
2 87 185
2 88 262
2 89 127
2 90 169
2 91 260
2 92 317
2 93 307
2 94 353
2 95 343
2 96 166
2 97 182
2 98 156
2 99 245
3 4 398
3 5 88
3 6 467
3 7 406
3 8 440
3 9 327
3 10 319
3 11 321
3 12 346
3 13 366
3 14 388
3 15 315
3 16 515
3 17 386
3 18 440
3 19 317
3 20 466
3 21 443
3 22 205
3 23 183
3 24 306
3 25 39
3 26 219
3 27 432
3 28 238
3 29 259
3 30 421
3 31 440
3 32 375
3 33 368
3 34 475
3 35 221
3 36 314
3 37 248
3 38 440
3 39 465
3 40 170
3 41 543
3 42 406
3 43 228
3 44 245
3 45 158
3 46 271
3 47 430
3 48 356
3 49 242
3 50 22
3 51 405
3 52 132
3 53 274
3 54 189
3 55 197
3 56 421
3 57 163
3 58 218
3 59 390
3 60 183
3 61 426
3 62 232
3 63 468
3 64 208
3 65 256
3 66 272
3 67 512
3 68 229
3 69 341
3 70 503
3 71 225
3 72 401
3 73 438
3 74 432
3 75 164
3 76 426
3 77 503
3 78 336
3 79 427
3 80 303
3 81 257
3 82 276
3 83 87
3 84 156
3 85 55
3 86 523
3 87 257
3 88 416
3 89 170
3 90 57
3 91 441
3 92 488
3 93 448
3 94 546
3 95 534
3 96 344
3 97 126
3 98 251
3 99 334
4 5 310
4 6 343
4 7 183
4 8 356
4 9 352
4 10 123
4 11 250
4 12 51
4 13 151
4 14 104
4 15 132
4 16 123
4 17 319
4 18 192
4 19 276
4 20 202
4 21 83
4 22 334
4 23 283
4 24 130
4 25 405
4 26 292
4 27 180
4 28 258
4 29 194
4 30 154
4 31 49
4 32 133
4 33 288
4 34 127
4 35 342
4 36 304
4 37 335
4 38 50
4 39 67
4 40 241
4 41 146
4 42 59
4 43 321
4 44 177
4 45 450
4 46 197
4 47 32
4 48 188
4 49 277
4 50 382
4 51 271
4 52 484
4 53 305
4 54 316
4 55 234
4 56 322
4 57 235
4 58 346
4 59 171
4 60 364
4 61 314
4 62 325
4 63 200
4 64 319
4 65 142
4 66 235
4 67 129
4 68 187
4 69 112
4 70 108
4 71 329
4 72 353
4 73 210
4 74 65
4 75 263
4 76 149
4 77 104
4 78 337
4 79 294
4 80 122
4 81 195
4 82 251
4 83 360
4 84 496
4 85 362
4 86 125
4 87 275
4 88 218
4 89 283
4 90 368
4 91 138
4 92 211
4 93 270
4 94 149
4 95 143
4 96 130
4 97 359
4 98 245
4 99 281
5 6 415
5 7 327
5 8 394
5 9 294
5 10 237
5 11 255
5 12 258
5 13 290
5 14 305
5 15 230
5 16 428
5 17 338
5 18 366
5 19 256
5 20 391
5 21 358
5 22 179
5 23 124
5 24 224
5 25 103
5 26 165
5 27 357
5 28 182
5 29 185
5 30 343
5 31 353
5 32 292
5 33 315
5 34 392
5 35 186
5 36 269
5 37 208
5 38 353
5 39 377
5 40 87
5 41 456
5 42 320
5 43 195
5 44 165
5 45 196
5 46 199
5 47 342
5 48 278
5 49 192
5 50 72
5 51 345
5 52 198
5 53 232
5 54 155
5 55 119
5 56 370
5 57 75
5 58 196
5 59 309
5 60 173
5 61 373
5 62 200
5 63 393
5 64 175
5 65 169
5 66 210
5 67 426
5 68 149
5 69 259
5 70 415
5 71 185
5 72 359
5 73 366
5 74 344
5 75 99
5 76 343
5 77 415
5 78 288
5 79 370
5 80 219
5 81 183
5 82 211
5 83 81
5 84 218
5 85 67
5 86 435
5 87 198
5 88 347
5 89 109
5 90 68
5 91 361
5 92 413
5 93 385
5 94 458
5 95 446
5 96 264
5 97 111
5 98 183
5 99 273
6 7 516
6 8 41
6 9 159
6 10 251
6 11 542
6 12 339
6 13 195
6 14 239
6 15 427
6 16 346
6 17 82
6 18 160
6 19 562
6 20 163
6 21 284
6 22 268
6 23 488
6 24 257
6 25 443
6 26 522
6 27 168
6 28 232
6 29 245
6 30 192
6 31 330
6 32 462
6 33 99
6 34 264
6 35 566
6 36 153
6 37 575
6 38 327
6 39 371
6 40 418
6 41 387
6 42 286
6 43 242
6 44 280
6 45 392
6 46 229
6 47 358
6 48 503
6 49 225
6 50 468
6 51 79
6 52 457
6 53 194
6 54 278
6 55 442
6 56 46
6 57 366
6 58 260
6 59 501
6 60 301
6 61 41
6 62 240
6 63 168
6 64 261
6 65 330
6 66 205
6 67 323
6 68 293
6 69 246
6 70 404
6 71 558
6 72 82
6 73 138
6 74 406
6 75 315
6 76 490
6 77 374
6 78 620
6 79 51
6 80 270
6 81 246
6 82 519
6 83 495
6 84 451
6 85 411
6 86 382
6 87 530
6 88 125
6 89 479
6 90 480
6 91 220
6 92 174
6 93 76
6 94 424
6 95 440
6 96 226
6 97 522
6 98 498
6 99 574
7 8 523
7 9 491
7 10 270
7 11 116
7 12 176
7 13 320
7 14 281
7 15 108
7 16 269
7 17 479
7 18 373
7 19 139
7 20 385
7 21 263
7 22 433
7 23 231
7 24 268
7 25 430
7 26 213
7 27 361
7 28 373
7 29 314
7 30 335
7 31 219
7 32 54
7 33 446
7 34 305
7 35 251
7 36 445
7 37 230
7 38 221
7 39 198
7 40 239
7 41 265
7 42 242
7 43 430
7 44 281
7 45 513
7 46 324
7 47 184
7 48 51
7 49 394
7 50 385
7 51 440
7 52 525
7 53 432
7 54 409
7 55 209
7 56 489
7 57 274
7 58 449
7 59 18
7 60 452
7 61 483
7 62 435
7 63 383
7 64 420
7 65 220
7 66 365
7 67 286
7 68 280
7 69 270
7 70 205
7 71 237
7 72 512
7 73 390
7 74 138
7 75 336
7 76 45
7 77 231
7 78 190
7 79 466
7 80 255
7 81 314
7 82 148
7 83 336
7 84 543
7 85 393
7 86 246
7 87 177
7 88 394
7 89 242
7 90 357
7 91 321
7 92 394
7 93 447
7 94 237
7 95 209
7 96 291
7 97 315
7 98 164
7 99 134
8 9 123
8 10 253
8 11 540
8 12 346
8 13 204
8 14 252
8 15 428
8 16 372
8 17 56
8 18 183
8 19 558
8 20 192
8 21 305
8 22 238
8 23 476
8 24 257
8 25 414
8 26 511
8 27 190
8 28 212
8 29 235
8 30 212
8 31 348
8 32 468
8 33 83
8 34 289
8 35 554
8 36 126
8 37 564
8 38 346
8 39 391
8 40 406
8 41 413
8 42 301
8 43 213
8 44 271
8 45 357
8 46 219
8 47 374
8 48 506
8 49 202
8 50 443
8 51 85
8 52 422
8 53 166
8 54 251
8 55 432
8 56 33
8 57 352
8 58 228
8 59 507
8 60 269
8 61 42
8 62 210
8 63 196
8 64 233
8 65 326
8 66 190
8 67 349
8 68 283
8 69 252
8 70 426
8 71 546
8 72 44
8 73 161
8 74 420
8 75 295
8 76 500
8 77 396
8 78 614
8 79 64
8 80 271
8 81 236
8 82 514
8 83 475
8 84 416
8 85 385
8 86 406
8 87 523
8 88 143
8 89 465
8 90 458
8 91 242
8 92 205
8 93 103
8 94 448
8 95 462
8 96 232
8 97 503
8 98 492
8 99 571
9 10 230
9 11 482
9 12 326
9 13 210
9 14 262
9 15 386
9 16 407
9 17 81
9 18 234
9 19 496
9 20 253
9 21 328
9 22 122
9 23 394
9 24 228
9 25 298
9 26 433
9 27 235
9 28 127
9 29 177
9 30 245
9 31 361
9 32 438
9 33 89
9 34 329
9 35 469
9 36 48
9 37 484
9 38 360
9 39 404
9 40 325
9 41 448
9 42 311
9 43 100
9 44 213
9 45 234
9 46 167
9 47 378
9 48 463
9 49 108
9 50 333
9 51 136
9 52 299
9 53 65
9 54 140
9 55 357
9 56 116
9 57 269
9 58 109
9 59 474
9 60 149
9 61 128
9 62 95
9 63 257
9 64 120
9 65 274
9 66 126
9 67 389
9 68 218
9 69 240
9 70 444
9 71 464
9 72 79
9 73 216
9 74 416
9 75 202
9 76 479
9 77 421
9 78 546
9 79 142
9 80 240
9 81 178
9 82 449
9 83 373
9 84 293
9 85 273
9 86 436
9 87 451
9 88 189
9 89 381
9 90 352
9 91 279
9 92 273
9 93 182
9 94 476
9 95 482
9 96 223
9 97 406
9 98 423
9 99 511
10 11 292
10 12 96
10 13 63
10 14 68
10 15 175
10 16 209
10 17 208
10 18 139
10 19 313
10 20 161
10 21 129
10 22 215
10 23 262
10 24 13
10 25 316
10 26 288
10 27 128
10 28 136
10 29 75
10 30 108
10 31 144
10 32 215
10 33 176
10 34 156
10 35 336
10 36 182
10 37 339
10 38 143
10 39 183
10 40 198
10 41 245
10 42 96
10 43 199
10 44 74
10 45 339
10 46 74
10 47 152
10 48 252
10 49 155
10 50 309
10 51 172
10 52 381
10 53 181
10 54 199
10 55 211
10 56 220
10 57 165
10 58 225
10 59 254
10 60 248
10 61 215
10 62 203
10 63 162
10 64 200
10 65 89
10 66 112
10 67 200
10 68 89
10 69 22
10 70 225
10 71 326
10 72 242
10 73 146
10 74 186
10 75 162
10 76 251
10 77 209
10 78 372
10 79 199
10 80 22
10 81 77
10 82 273
10 83 307
10 84 390
10 85 273
10 86 228
10 87 288
10 88 138
10 89 256
10 90 304
10 91 123
10 92 181
10 93 190
10 94 262
10 95 262
10 96 30
10 97 319
10 98 255
10 99 324
11 12 219
11 13 352
11 14 327
11 15 121
11 16 360
11 17 488
11 18 420
11 19 26
11 20 437
11 21 332
11 22 399
11 23 138
11 24 285
11 25 351
11 26 108
11 27 408
11 28 355
11 29 309
11 30 383
11 31 296
11 32 127
11 33 457
11 34 377
11 35 138
11 36 440
11 37 114
11 38 297
11 39 288
11 40 175
11 41 364
11 42 301
11 43 402
11 44 271
11 45 451
11 46 323
11 47 264
11 48 72
11 49 375
11 50 299
11 51 463
11 52 449
11 53 418
11 54 373
11 55 139
11 56 507
11 57 225
11 58 416
11 59 108
11 60 408
11 61 504
11 62 408
11 63 436
11 64 388
11 65 213
11 66 359
11 67 373
11 68 264
11 69 301
11 70 306
11 71 124
11 72 520
11 73 433
11 74 229
11 75 296
11 76 157
11 77 327
11 78 87
11 79 490
11 80 271
11 81 308
11 82 44
11 83 241
11 84 471
11 85 321
11 86 344
11 87 68
11 88 429
11 89 151
11 90 267
11 91 378
11 92 451
11 93 481
11 94 343
11 95 318
11 96 319
11 97 213
11 98 71
11 99 32
12 13 144
12 14 108
12 15 98
12 16 173
12 17 304
12 18 202
12 19 244
12 20 218
12 21 119
12 22 293
12 23 235
12 24 98
12 25 354
12 26 247
12 27 190
12 28 220
12 29 156
12 30 164
12 31 98
12 32 122
12 33 272
12 34 162
12 35 298
12 36 278
12 37 293
12 38 98
12 39 119
12 40 189
12 41 197
12 42 83
12 43 283
12 44 133
12 45 404
12 46 162
12 47 83
12 48 167
12 49 240
12 50 330
12 51 263
12 52 434
12 53 273
12 54 273
12 55 185
12 56 313
12 57 183
12 58 307
12 59 161
12 60 321
12 61 307
12 62 287
12 63 217
12 64 279
12 65 91
12 66 203
12 67 176
12 68 140
12 69 94
12 70 158
12 71 285
12 72 338
12 73 217
12 74 97
12 75 216
12 76 155
12 77 156
12 78 306
12 79 289
12 80 86
12 81 157
12 82 213
12 83 309
12 84 448
12 85 311
12 86 177
12 87 235
12 88 218
12 89 234
12 90 316
12 91 158
12 92 231
12 93 271
12 94 200
12 95 191
12 96 114
12 97 309
12 98 203
12 99 252
13 14 52
13 15 234
13 16 198
13 17 168
13 18 77
13 19 374
13 20 101
13 21 118
13 22 229
13 23 324
13 24 73
13 25 358
13 26 351
13 27 67
13 28 152
13 29 108
13 30 54
13 31 152
13 32 266
13 33 137
13 34 127
13 35 399
13 36 163
13 37 402
13 38 150
13 39 195
13 40 259
13 41 239
13 42 102
13 43 208
13 44 125
13 45 363
13 46 98
13 47 173
13 48 308
13 49 165
13 50 358
13 51 120
13 52 412
13 53 177
13 54 220
13 55 274
13 56 171
13 57 221
13 58 235
13 59 305
13 60 266
13 61 164
13 62 210
13 63 103
13 64 215
13 65 152
13 66 117
13 67 183
13 68 141
13 69 51
13 70 234
13 71 389
13 72 202
13 73 83
13 74 216
13 75 203
13 76 296
13 77 211
13 78 434
13 79 145
13 80 85
13 81 110
13 82 336
13 83 363
13 84 418
13 85 316
13 86 226
13 87 351
13 88 76
13 89 318
13 90 358
13 91 81
13 92 123
13 93 129
13 94 265
13 95 272
13 96 33
13 97 378
13 98 318
13 99 385
14 15 205
14 16 150
14 17 219
14 18 93
14 19 351
14 20 110
14 21 68
14 22 272
14 23 320
14 24 81
14 25 384
14 26 341
14 27 81
14 28 193
14 29 138
14 30 55
14 31 100
14 32 228
14 33 188
14 34 88
14 35 391
14 36 215
14 37 390
14 38 98
14 39 143
14 40 260
14 41 189
14 42 50
14 43 253
14 44 143
14 45 402
14 46 133
14 47 122
14 48 276
14 49 208
14 50 377
14 51 167
14 52 447
14 53 225
14 54 259
14 55 268
14 56 219
14 57 231
14 58 280
14 59 267
14 60 307
14 61 211
14 62 256
14 63 109
14 64 257
14 65 148
14 66 161
14 67 137
14 68 158
14 69 46
14 70 182
14 71 379
14 72 253
14 73 109
14 74 167
14 75 230
14 76 252
14 77 159
14 78 412
14 79 190
14 80 86
14 81 140
14 82 316
14 83 373
14 84 455
14 85 341
14 86 175
14 87 335
14 88 114
14 89 315
14 90 372
14 91 57
14 92 125
14 93 166
14 94 214
14 95 220
14 96 48
14 97 383
14 98 302
14 99 359
15 16 251
15 17 380
15 18 298
15 19 146
15 20 315
15 21 213
15 22 325
15 23 162
15 24 171
15 25 333
15 26 163
15 27 286
15 28 265
15 29 208
15 30 261
15 31 181
15 32 62
15 33 348
15 34 257
15 35 213
15 36 341
15 37 202
15 38 182
15 39 183
15 40 144
15 41 264
15 42 180
15 43 322
15 44 174
15 45 409
15 46 220
15 47 153
15 48 77
15 49 286
15 50 295
15 51 348
15 52 425
15 53 326
15 54 300
15 55 123
15 56 395
15 57 169
15 58 341
15 59 90
15 60 344
15 61 391
15 62 327
15 63 315
15 64 312
15 65 112
15 66 260
15 67 260
15 68 172
15 69 182
15 70 210
15 71 199
15 72 413
15 73 312
15 74 131
15 75 228
15 76 113
15 77 223
15 78 208
15 79 375
15 80 157
15 81 208
15 82 118
15 83 257
15 84 443
15 85 294
15 86 242
15 87 143
15 88 310
15 89 167
15 90 272
15 91 256
15 92 329
15 93 363
15 94 252
15 95 233
15 96 201
15 97 246
15 98 114
15 99 154
16 17 352
16 18 188
16 19 386
16 20 183
16 21 81
16 22 421
16 23 406
16 24 220
16 25 518
16 26 414
16 27 182
16 28 342
16 29 284
16 30 164
16 31 75
16 32 233
16 33 325
16 34 82
16 35 464
16 36 361
16 37 454
16 38 75
16 39 71
16 40 363
16 41 41
16 42 112
16 43 403
16 44 279
16 45 549
16 46 281
16 47 98
16 48 291
16 49 358
16 50 501
16 51 292
16 52 590
16 53 375
16 54 408
16 55 358
16 56 342
16 57 352
16 58 430
16 59 264
16 60 456
16 61 330
16 62 406
16 63 179
16 64 406
16 65 259
16 66 311
16 67 25
16 68 292
16 69 188
16 70 73
16 71 450
16 72 384
16 73 210
16 74 132
16 75 369
16 76 225
16 77 39
16 78 446
16 79 308
16 80 218
16 81 286
16 82 368
16 83 482
16 84 599
16 85 475
16 86 37
16 87 394
16 88 231
16 89 407
16 90 488
16 91 131
16 92 176
16 93 271
16 94 78
16 95 99
16 96 197
16 97 483
16 98 365
16 99 389
17 18 168
17 19 506
17 20 183
17 21 278
17 22 186
17 23 421
17 24 210
17 25 361
17 26 457
17 27 171
17 28 155
17 29 181
17 30 188
17 31 318
17 32 424
17 33 32
17 34 270
17 35 498
17 36 71
17 37 510
17 38 316
17 39 361
17 40 350
17 41 394
17 42 269
17 43 160
17 44 218
17 45 311
17 46 166
17 47 341
17 48 458
17 49 146
17 50 388
17 51 62
17 52 375
17 53 112
17 54 197
17 55 378
17 56 37
17 57 296
17 58 178
17 59 462
17 60 219
17 61 47
17 62 157
17 63 187
17 64 179
17 65 275
17 66 135
17 67 331
17 68 229
17 69 210
17 70 399
17 71 491
17 72 34
17 73 147
17 74 384
17 75 239
17 76 459
17 77 372
17 78 561
17 79 61
17 80 224
17 81 182
17 82 462
17 83 419
17 84 370
17 85 330
17 86 384
17 87 469
17 88 122
17 89 410
17 90 402
17 91 221
17 92 201
17 93 103
17 94 425
17 95 436
17 96 191
17 97 447
17 98 438
17 99 520
18 19 443
18 20 25
18 21 125
18 22 285
18 23 401
18 24 150
18 25 429
18 26 426
18 27 12
18 28 214
18 29 182
18 30 37
18 31 171
18 32 321
18 33 145
18 34 105
18 35 475
18 36 194
18 37 477
18 38 169
18 39 212
18 40 336
18 41 229
18 42 132
18 43 262
18 44 202
18 45 422
18 46 169
18 47 202
18 48 369
18 49 222
18 50 434
18 51 106
18 52 476
18 53 221
18 54 281
18 55 350
18 56 154
18 57 298
18 58 288
18 59 360
18 60 323
18 61 142
18 62 262
18 63 27
18 64 272
18 65 228
18 66 177
18 67 165
18 68 218
18 69 123
18 70 244
18 71 464
18 72 198
18 73 22
18 74 251
18 75 276
18 76 341
18 77 214
18 78 504
18 79 120
18 80 161
18 81 184
18 82 407
18 83 440
18 84 479
18 85 389
18 86 222
18 87 424
18 88 45
18 89 395
18 90 434
18 91 60
18 92 48
18 93 84
18 94 264
18 95 280
18 96 108
18 97 456
18 98 391
18 99 452
19 20 461
19 21 358
19 22 408
19 23 134
19 24 305
19 25 349
19 26 99
19 27 431
19 28 369
19 29 325
19 30 406
19 31 322
19 32 154
19 33 475
19 34 402
19 35 120
19 36 456
19 37 95
19 38 323
19 39 315
19 40 181
19 41 391
19 42 326
19 43 414
19 44 288
19 45 453
19 46 340
19 47 290
19 48 98
19 49 388
19 50 295
19 51 483
19 52 447
19 53 432
19 54 383
19 55 145
19 56 526
19 57 234
19 58 426
19 59 133
19 60 416
19 61 524
19 62 419
19 63 460
19 64 399
19 65 232
19 66 375
19 67 399
19 68 280
19 69 323
19 70 332
19 71 108
19 72 537
19 73 455
19 74 255
19 75 306
19 76 182
19 77 353
19 78 61
19 79 510
19 80 292
19 81 324
19 82 48
19 83 234
19 84 469
19 85 322
19 86 370
19 87 60
19 88 451
19 89 149
19 90 261
19 91 402
19 92 475
19 93 503
19 94 369
19 95 344
19 96 341
19 97 203
19 98 75
19 99 17
20 21 129
20 22 309
20 23 424
20 24 173
20 25 455
20 26 448
20 27 34
20 28 238
20 29 207
20 30 55
20 31 177
20 32 334
20 33 163
20 34 101
20 35 497
20 36 215
20 37 498
20 38 174
20 39 215
20 40 360
20 41 223
20 42 143
20 43 285
20 44 227
20 45 446
20 46 194
20 47 209
20 48 384
20 49 246
20 50 459
20 51 120
20 52 501
20 53 243
20 54 306
20 55 373
20 56 165
20 57 323
20 58 311
20 59 373
20 60 347
20 61 152
20 62 286
20 63 4
20 64 296
20 65 250
20 66 202
20 67 159
20 68 243
20 69 144
20 70 244
20 71 486
20 72 211
20 73 36
20 74 259
20 75 302
20 76 352
20 77 212
20 78 522
20 79 129
20 80 184
20 81 209
20 82 426
20 83 465
20 84 503
20 85 414
20 86 219
20 87 444
20 88 64
20 89 418
20 90 459
20 91 65
20 92 23
20 93 89
20 94 261
20 95 278
20 96 131
20 97 480
20 98 411
20 99 470
21 22 340
21 23 352
21 24 141
21 25 443
21 26 367
21 27 115
21 28 260
21 29 204
21 30 93
21 31 47
21 32 216
21 33 250
21 34 44
21 35 417
21 36 281
21 37 412
21 38 45
21 39 87
21 40 301
21 41 121
21 42 38
21 43 322
21 44 202
21 45 468
21 46 200
21 47 81
21 48 271
21 49 277
21 50 430
21 51 221
21 52 511
21 53 294
21 54 326
21 55 302
21 56 273
21 57 282
21 58 348
21 59 253
21 60 374
21 61 263
21 62 324
21 63 126
21 64 325
21 65 191
21 66 230
21 67 70
21 68 216
21 69 108
21 70 121
21 71 404
21 72 311
21 73 146
21 74 131
21 75 291
21 76 226
21 77 94
21 78 419
21 79 241
21 80 141
21 81 205
21 82 331
21 83 418
21 84 520
21 85 400
21 86 107
21 87 353
21 88 162
21 89 351
21 90 421
21 91 65
21 92 132
21 93 208
21 94 148
21 95 158
21 96 116
21 97 423
21 98 322
21 99 364
22 23 291
22 24 206
22 25 176
22 26 332
22 27 281
22 28 79
22 29 140
22 30 280
22 31 359
22 32 384
22 33 175
22 34 356
22 35 362
22 36 115
22 37 381
22 38 358
22 39 397
22 40 228
22 41 459
22 42 311
22 43 26
22 44 160
22 45 136
22 46 140
22 47 365
22 48 396
22 49 64
22 50 211
22 51 218
22 52 194
22 53 75
22 54 25
22 55 263
22 56 222
22 57 173
22 58 18
22 59 415
22 60 37
22 61 230
22 62 28
22 63 313
22 64 15
22 65 216
22 66 112
22 67 409
22 68 156
22 69 233
22 70 439
22 71 359
22 72 197
22 73 275
22 74 391
22 75 102
22 76 431
22 77 425
22 78 452
22 79 236
22 80 212
22 81 139
22 82 360
22 83 255
22 84 194
22 85 151
22 86 443
22 87 357
22 88 248
22 89 277
22 90 232
22 91 310
22 92 332
22 93 265
22 94 477
22 95 476
22 96 224
22 97 290
22 98 333
22 99 425
23 24 251
23 25 214
23 26 41
23 27 390
23 28 270
23 29 243
23 30 370
23 31 331
23 32 212
23 33 393
23 34 394
23 35 77
23 36 360
23 37 90
23 38 332
23 39 342
23 40 70
23 41 424
23 42 315
23 43 302
23 44 209
23 45 320
23 46 259
23 47 309
23 48 180
23 49 286
23 50 161
23 51 412
23 52 312
23 53 329
23 54 266
23 55 51
23 56 447
23 57 125
23 58 309
23 59 217
23 60 292
23 61 448
23 62 307
23 63 424
23 64 284
23 65 173
23 66 286
23 67 411
23 68 196
23 69 279
23 70 372
23 71 70
23 72 447
23 73 408
23 74 293
23 75 193
23 76 260
23 77 382
23 78 164
23 79 439
23 80 240
23 81 242
23 82 93
23 83 105
23 84 334
23 85 188
23 86 402
23 87 74
23 88 395
23 89 15
23 90 129
23 91 377
23 92 442
23 93 443
23 94 414
23 95 396
23 96 292
23 97 84
23 98 69
23 99 151
24 25 303
24 26 277
24 27 139
24 28 128
24 29 65
24 30 121
24 31 154
24 32 214
24 33 178
24 34 169
24 35 326
24 36 180
24 37 329
24 38 153
24 39 191
24 40 186
24 41 256
24 42 107
24 43 191
24 44 61
24 45 329
24 46 67
24 47 160
24 48 248
24 49 147
24 50 295
24 51 178
24 52 370
24 53 176
24 54 189
24 55 200
24 56 224
24 57 152
24 58 217
24 59 252
24 60 238
24 61 220
24 62 195
24 63 174
24 64 191
24 65 78
24 66 106
24 67 212
24 68 76
24 69 35
24 70 233
24 71 315
24 72 243
24 73 157
24 74 191
24 75 150
24 76 252
24 77 219
24 78 364
24 79 205
24 80 13
24 81 67
24 82 265
24 83 294
24 84 379
24 85 260
24 86 238
24 87 278
24 88 147
24 89 244
24 90 291
24 91 136
24 92 193
24 93 198
24 94 271
24 95 270
24 96 42
24 97 307
24 98 246
24 99 317
25 26 252
25 27 422
25 28 221
25 29 250
25 30 413
25 31 445
25 32 395
25 33 346
25 34 473
25 35 258
25 36 289
25 37 285
25 38 445
25 39 473
25 40 190
25 41 549
25 42 407
25 43 201
25 44 242
25 45 118
25 46 261
25 47 437
25 48 381
25 49 221
25 50 59
25 51 385
25 52 97
25 53 249
25 54 164
25 55 220
25 56 397
25 57 171
25 58 188
25 59 412
25 60 150
25 61 404
25 62 204
25 63 457
25 64 181
25 65 263
25 66 256
25 67 513
25 68 227
25 69 338
25 70 512
25 71 262
25 72 373
25 73 425
25 74 444
25 75 155
25 76 446
25 77 509
25 78 371
25 79 406
25 80 302
25 81 248
25 82 306
25 83 124
25 84 120
25 85 43
25 86 529
25 87 289
25 88 401
25 89 200
25 90 94
25 91 436
25 92 477
25 93 430
25 94 555
25 95 545
25 96 339
25 97 164
25 98 280
25 99 366
26 27 415
26 28 307
26 29 277
26 30 393
26 31 341
26 32 204
26 33 428
26 34 409
26 35 50
26 36 398
26 37 53
26 38 342
26 39 346
26 40 107
26 41 428
26 42 330
26 43 342
26 44 241
26 45 360
26 46 293
26 47 316
26 48 162
26 49 324
26 50 196
26 51 444
26 52 349
26 53 368
26 54 306
26 55 79
26 56 482
26 57 163
26 58 350
26 59 201
26 60 333
26 61 482
26 62 347
26 63 448
26 64 324
26 65 198
26 66 322
26 67 421
26 68 229
26 69 303
26 70 373
26 71 38
26 72 484
26 73 434
26 74 294
26 75 233
26 76 247
26 77 387
26 78 123
26 79 472
26 80 265
26 81 275
26 82 65
26 83 135
26 84 372
26 85 228
26 86 406
26 87 39
26 88 424
26 89 56
26 90 162
26 91 397
26 92 465
26 93 473
26 94 414
26 95 393
26 96 318
26 97 105
26 98 51
26 99 116
27 28 208
27 29 173
27 30 26
27 31 161
27 32 309
27 33 147
27 34 99
27 35 464
27 36 193
27 37 466
27 38 159
27 39 203
27 40 326
27 41 223
27 42 121
27 43 258
27 44 192
27 45 417
27 46 161
27 47 191
27 48 357
27 49 217
27 50 425
27 51 110
27 52 470
27 53 218
27 54 276
27 55 339
27 56 160
27 57 288
27 58 284
27 59 348
27 60 318
27 61 149
27 62 258
27 63 36
27 64 267
27 65 217
27 66 171
27 67 160
27 68 208
27 69 111
27 70 236
27 71 453
27 72 202
27 73 30
27 74 240
27 75 268
27 76 330
27 77 206
27 78 492
27 79 126
27 80 150
27 81 175
27 82 395
27 83 431
27 84 474
27 85 381
27 86 215
27 87 412
27 88 49
27 89 384
27 90 425
27 91 52
27 92 56
27 93 93
27 94 257
27 95 272
27 96 97
27 97 446
27 98 379
27 99 440
28 29 63
28 30 204
28 31 281
28 32 321
28 33 132
28 34 278
28 35 346
28 36 90
28 37 360
28 38 279
28 39 319
28 40 200
28 41 380
28 42 232
28 43 63
28 44 92
28 45 211
28 46 61
28 47 288
28 48 340
28 49 21
28 50 237
28 51 166
28 52 262
28 53 62
28 54 68
28 55 231
28 56 187
28 57 144
28 58 89
28 59 355
28 60 114
28 61 191
28 62 67
28 63 241
28 64 64
28 65 153
28 66 36
28 67 330
28 68 93
28 69 154
28 70 361
28 71 340
28 72 179
28 73 206
28 74 317
28 75 83
28 76 365
28 77 346
28 78 420
28 79 189
28 80 136
28 81 63
28 82 322
28 83 263
28 84 266
28 85 184
28 86 364
28 87 325
28 88 181
28 89 257
28 90 248
28 91 233
28 92 261
28 93 209
28 94 399
28 95 399
28 96 144
28 97 291
28 98 296
28 99 384
29 30 162
29 31 219
29 32 261
29 33 151
29 34 226
29 35 321
29 36 132
29 37 330
29 38 218
29 39 257
29 40 173
29 41 321
29 42 172
29 43 127
29 44 37
29 45 264
29 46 15
29 47 225
29 48 285
29 49 84
29 50 252
29 51 168
29 52 308
29 53 119
29 54 123
29 55 198
29 56 205
29 57 124
29 58 152
29 59 296
29 60 172
29 61 204
29 62 131
29 63 209
29 64 125
29 65 97
29 66 51
29 67 274
29 68 48
29 69 95
29 70 299
29 71 312
29 72 211
29 73 180
29 74 253
29 75 95
29 76 304
29 77 285
29 78 380
29 79 195
29 80 72
29 81 2
29 82 280
29 83 262
29 84 316
29 85 208
29 86 303
29 87 287
29 88 161
29 89 234
29 90 254
29 91 186
29 92 229
29 93 203
29 94 337
29 95 336
29 96 90
29 97 283
29 98 257
29 99 339
30 31 137
30 32 283
30 33 161
30 34 84
30 35 443
30 36 201
30 37 443
30 38 135
30 39 179
30 40 307
30 41 206
30 42 95
30 43 258
30 44 178
30 45 415
30 46 152
30 47 166
30 48 331
30 49 215
30 50 412
30 51 129
30 52 466
30 53 222
30 54 272
30 55 318
30 56 180
30 57 272
30 58 285
30 59 322
30 60 317
30 61 170
30 62 259
30 63 55
30 64 266
30 65 196
30 66 168
30 67 144
30 68 194
30 69 90
30 70 214
30 71 431
30 72 220
30 73 56
30 74 215
30 75 258
30 76 304
30 77 185
30 78 468
30 79 148
30 80 130
30 81 164
30 82 371
30 83 415
30 84 471
30 85 371
30 86 196
30 87 389
30 88 69
30 89 364
30 90 411
30 91 34
30 92 72
30 93 117
30 94 238
30 95 250
30 96 79
30 97 428
30 98 356
30 99 415
31 32 174
31 33 288
31 34 86
31 35 391
31 36 314
31 37 383
31 38 2
31 39 43
31 40 287
31 41 104
31 42 50
31 43 343
31 44 209
31 45 482
31 46 219
31 47 34
31 48 231
31 49 299
31 50 426
31 51 264
31 52 519
31 53 321
31 54 343
31 55 283
31 56 316
31 57 277
31 58 370
31 59 210
31 60 392
31 61 306
31 62 347
31 63 174
31 64 344
31 65 184
31 66 253
31 67 80
31 68 221
31 69 126
31 70 82
31 71 378
31 72 352
31 73 192
31 74 84
31 75 298
31 76 180
31 77 65
31 78 383
31 79 284
31 80 149
31 81 221
31 82 299
31 83 407
31 84 530
31 85 402
31 86 85
31 87 324
31 88 205
31 89 332
31 90 413
31 91 112
31 92 180
31 93 254
31 94 118
31 95 121
31 96 140
31 97 407
31 98 294
31 99 326
32 33 392
32 34 260
32 35 249
32 36 391
32 37 232
32 38 176
32 39 161
32 40 205
32 41 236
32 42 191
32 43 379
32 44 229
32 45 471
32 46 271
32 47 141
32 48 57
32 49 342
32 50 355
32 51 385
32 52 487
32 53 380
32 54 360
32 55 180
32 56 435
32 57 232
32 58 400
32 59 39
32 60 405
32 61 429
32 62 384
32 63 332
32 64 371
32 65 168
32 66 312
32 67 248
32 68 229
32 69 216
32 70 178
32 71 234
32 72 457
32 73 337
32 74 101
32 75 289
32 76 51
32 77 199
32 78 212
32 79 411
32 80 200
32 81 261
32 82 145
32 83 312
32 84 505
32 85 356
32 86 216
32 87 174
32 88 340
32 89 220
32 90 330
32 91 270
32 92 344
32 93 393
32 94 216
32 95 192
32 96 236
32 97 297
32 98 152
32 99 155
33 34 245
33 35 471
33 36 61
33 37 481
33 38 286
33 39 331
33 40 322
33 41 367
33 42 239
33 43 149
33 44 188
33 45 306
33 46 136
33 47 310
33 48 426
33 49 126
33 50 369
33 51 47
33 52 368
33 53 100
33 54 182
33 55 349
33 56 54
33 57 269
33 58 170
33 59 430
33 60 210
33 61 58
33 62 147
33 63 168
33 64 166
33 65 244
33 66 107
33 67 306
33 68 199
33 69 178
33 70 370
33 71 463
33 72 66
33 73 127
33 74 353
33 75 216
33 76 427
33 77 344
33 78 531
33 79 61
33 80 192
33 81 153
33 82 431
33 83 396
33 84 365
33 85 313
33 86 357
33 87 439
33 88 100
33 89 382
33 90 381
33 91 195
33 92 183
33 93 95
33 94 398
33 95 407
33 96 159
33 97 423
33 98 408
33 99 489
34 35 460
34 36 285
34 37 456
34 38 84
34 39 119
34 40 340
34 41 124
34 42 79
34 43 336
34 44 231
34 45 489
34 46 220
34 47 121
34 48 315
34 49 292
34 50 464
34 51 210
34 52 535
34 53 303
34 54 346
34 55 343
34 56 259
34 57 317
34 58 363
34 59 296
34 60 392
34 61 248
34 62 338
34 63 97
34 64 342
34 65 228
34 66 244
34 67 61
34 68 246
34 69 134
34 70 143
34 71 447
34 72 302
34 73 127
34 74 170
34 75 318
34 76 267
34 77 111
34 78 464
34 79 225
34 80 172
34 81 228
34 82 375
34 83 456
34 84 542
34 85 430
34 86 118
34 87 397
34 88 148
34 89 391
34 90 457
34 91 50
34 92 98
34 93 188
34 94 160
34 95 177
34 96 136
34 97 463
34 98 366
34 99 408
35 36 436
35 37 29
35 38 393
35 39 396
35 40 148
35 41 477
35 42 381
35 43 374
35 44 286
35 45 372
35 46 337
35 47 366
35 48 202
35 49 361
35 50 199
35 51 489
35 52 353
35 53 404
35 54 337
35 55 125
35 56 525
35 57 202
35 58 379
35 59 241
35 60 359
35 61 525
35 62 380
35 63 498
35 64 356
35 65 247
35 66 363
35 67 472
35 68 273
35 69 353
35 70 422
35 71 14
35 72 524
35 73 483
35 74 342
35 75 267
35 76 289
35 77 436
35 78 118
35 79 517
35 80 314
35 81 319
35 82 104
35 83 134
35 84 377
35 85 241
35 86 455
35 87 75
35 88 471
35 89 88
35 90 164
35 91 448
35 92 515
35 93 519
35 94 462
35 95 440
35 96 367
35 97 95
35 98 99
35 99 134
36 37 450
36 38 312
36 39 356
36 40 290
36 41 402
36 42 263
36 43 89
36 44 169
36 45 244
36 46 120
36 47 330
36 48 418
36 49 77
36 50 317
36 51 107
36 52 307
36 53 40
36 54 125
36 55 320
36 56 107
36 57 234
36 58 109
36 59 427
36 60 150
36 61 115
36 62 87
36 63 219
36 64 108
36 65 230
36 66 81
36 67 344
36 68 176
36 69 192
36 70 396
36 71 430
36 72 89
36 73 178
36 74 368
36 75 172
36 76 431
36 77 374
36 78 508
36 79 121
36 80 192
36 81 133
36 82 409
36 83 350
36 84 304
36 85 259
36 86 389
36 87 413
36 88 151
36 89 348
36 90 332
36 91 235
36 92 237
36 93 155
36 94 429
36 95 435
36 96 174
36 97 380
36 98 384
36 99 470
37 38 385
37 39 385
37 40 159
37 41 465
37 42 377
37 43 392
37 44 294
37 45 398
37 46 346
37 47 356
37 48 182
37 49 376
37 50 226
37 51 497
37 52 380
37 53 420
37 54 355
37 55 132
37 56 535
37 57 215
37 58 398
37 59 221
37 60 380
37 61 535
37 62 397
37 63 498
37 64 374
37 65 250
37 66 375
37 67 463
37 68 282
37 69 354
37 70 408
37 71 23
37 72 537
37 73 486
37 74 329
37 75 283
37 76 269
37 77 425
37 78 89
37 79 525
37 80 317
37 81 328
37 82 87
37 83 161
37 84 404
37 85 266
37 86 444
37 87 60
37 88 476
37 89 103
37 90 191
37 91 446
37 92 515
37 93 525
37 94 448
37 95 425
37 96 369
37 97 123
37 98 90
37 99 107
38 39 45
38 40 288
38 41 104
38 42 49
38 43 342
38 44 209
38 45 481
38 46 218
38 47 36
38 48 233
38 49 297
38 50 426
38 51 262
38 52 519
38 53 320
38 54 342
38 55 283
38 56 314
38 57 277
38 58 368
38 59 212
38 60 391
38 61 304
38 62 345
38 63 171
38 64 343
38 65 184
38 66 252
38 67 79
38 68 220
38 69 125
38 70 84
38 71 379
38 72 350
38 73 190
38 74 86
38 75 298
38 76 182
38 77 66
38 78 385
38 79 282
38 80 149
38 81 220
38 82 301
38 83 407
38 84 530
38 85 401
38 86 85
38 87 325
38 88 203
38 89 332
38 90 413
38 91 110
38 92 178
38 93 252
38 94 119
38 95 122
38 96 139
38 97 408
38 98 295
38 99 328
39 40 305
39 41 81
39 42 93
39 43 383
39 44 243
39 45 516
39 46 258
39 47 35
39 48 219
39 49 338
39 50 449
39 51 307
39 52 551
39 53 362
39 54 380
39 55 296
39 56 359
39 57 302
39 58 408
39 59 192
39 60 429
39 61 349
39 62 386
39 63 212
39 64 382
39 65 210
39 66 294
39 67 88
39 68 253
39 69 167
39 70 41
39 71 382
39 72 395
39 73 233
39 74 60
39 75 330
39 76 155
39 77 40
39 78 374
39 79 327
39 80 185
39 81 258
39 82 298
39 83 425
39 84 563
39 85 430
39 86 60
39 87 325
39 88 248
39 89 344
39 90 434
39 91 152
39 92 216
39 93 296
39 94 82
39 95 79
39 96 182
39 97 421
39 98 297
39 99 317
40 41 386
40 42 262
40 43 236
40 44 140
40 45 278
40 46 189
40 47 270
40 48 191
40 49 216
40 50 150
40 51 342
40 52 285
40 53 260
40 54 202
40 55 36
40 56 377
40 57 56
40 58 246
40 59 222
40 60 234
40 61 377
40 62 241
40 63 361
40 64 219
40 65 112
40 66 215
40 67 365
40 68 125
40 69 217
40 70 340
40 71 140
40 72 377
40 73 342
40 74 265
40 75 127
40 76 256
40 77 344
40 78 224
40 79 369
40 80 176
40 81 171
40 82 133
40 83 119
40 84 304
40 85 153
40 86 365
40 87 128
40 88 328
40 89 60
40 90 129
40 91 318
40 92 379
40 93 374
40 94 383
40 95 369
40 96 228
40 97 123
40 98 105
40 99 198
41 42 148
41 43 442
41 44 313
41 45 585
41 46 318
41 47 115
41 48 293
41 49 397
41 50 528
41 51 334
41 52 623
41 53 415
41 54 444
41 55 377
41 56 384
41 57 380
41 58 468
41 59 262
41 60 493
41 61 372
41 62 445
41 63 219
41 64 444
41 65 287
41 66 350
41 67 64
41 68 325
41 69 225
41 70 59
41 71 462
41 72 425
41 73 251
41 74 136
41 75 402
41 76 219
41 77 41
41 78 449
41 79 349
41 80 253
41 81 322
41 82 378
41 83 506
41 84 634
41 85 506
41 86 21
41 87 405
41 88 272
41 89 426
41 90 514
41 91 172
41 92 216
41 93 312
41 94 42
41 95 69
41 96 236
41 97 503
41 98 377
41 99 391
42 43 294
42 44 166
42 45 436
42 46 170
42 47 72
42 48 243
42 49 249
42 50 393
42 51 216
42 52 477
42 53 271
42 54 296
42 55 264
42 56 269
42 57 244
42 58 321
42 59 230
42 60 344
42 61 260
42 62 297
42 63 141
42 64 296
42 65 152
42 66 203
42 67 106
42 68 180
42 69 77
42 70 133
42 71 368
42 72 303
42 73 151
42 74 119
42 75 256
42 76 209
42 77 114
42 78 388
42 79 239
42 80 106
42 81 173
42 82 297
42 83 380
42 84 486
42 85 364
42 86 131
42 87 319
42 88 161
42 89 313
42 90 383
42 91 79
42 92 152
42 93 212
42 94 167
42 95 172
42 96 89
42 97 385
42 98 287
42 99 333
43 44 152
43 45 161
43 46 125
43 47 352
43 48 395
43 49 45
43 50 232
43 51 192
43 52 220
43 53 49
43 54 40
43 55 270
43 56 197
43 57 180
43 58 26
43 59 412
43 60 62
43 61 204
43 62 5
43 63 289
43 64 20
43 65 211
43 66 91
43 67 390
43 68 150
43 69 217
43 70 424
43 71 370
43 72 172
43 73 250
43 74 380
43 75 109
43 76 426
43 77 408
43 78 460
43 79 210
43 80 199
43 81 126
43 82 366
43 83 273
43 84 219
43 85 173
43 86 426
43 87 364
43 88 223
43 89 288
43 90 252
43 91 289
43 92 308
43 93 240
43 94 462
43 95 462
43 96 206
43 97 306
43 98 339
43 99 430
44 45 273
44 46 52
44 47 209
44 48 250
44 49 113
44 50 235
44 51 203
44 52 310
44 53 152
44 54 139
44 55 162
44 56 241
44 57 96
44 58 174
44 59 263
44 60 188
44 61 240
44 62 156
44 63 228
44 64 146
44 65 61
44 66 88
44 67 272
44 68 16
44 69 96
44 70 285
44 71 278
44 72 248
44 73 204
44 74 231
44 75 89
44 76 274
44 77 275
44 78 343
44 79 230
44 80 60
44 81 36
44 82 243
44 83 238
44 84 321
44 85 199
44 86 294
44 87 251
44 88 188
44 89 200
44 90 233
44 91 196
44 92 248
44 93 234
44 94 325
44 95 321
44 96 99
44 97 255
44 98 220
44 99 302
45 46 269
45 47 482
45 48 468
45 49 200
45 50 177
45 51 351
45 52 66
45 53 207
45 54 143
45 55 313
45 56 347
45 57 240
45 58 136
45 59 496
45 60 99
45 61 357
45 62 161
45 63 449
45 64 149
45 65 315
45 66 246
45 67 539
45 68 263
45 69 360
45 70 558
45 71 374
45 72 313
45 73 411
45 74 500
45 75 188
45 76 522
45 77 548
45 78 482
45 79 366
45 80 332
45 81 263
45 82 407
45 83 240
45 84 59
45 85 132
45 86 567
45 87 394
45 88 385
45 89 305
45 90 211
45 91 444
45 92 469
45 93 399
45 94 598
45 95 594
45 96 354
45 97 280
45 98 380
45 99 470
46 47 227
46 48 297
46 49 80
46 50 265
46 51 153
46 52 315
46 53 110
46 54 126
46 55 213
46 56 189
46 57 139
46 58 150
46 59 307
46 60 174
46 61 189
46 62 128
46 63 197
46 64 125
46 65 110
46 66 41
46 67 270
46 68 63
46 69 92
46 70 299
46 71 328
46 72 197
46 73 167
46 74 257
46 75 107
46 76 313
46 77 284
46 78 395
46 79 180
46 80 76
46 81 17
46 82 295
46 83 277
46 84 322
46 85 220
46 86 302
46 87 303
46 88 147
46 89 249
46 90 268
46 91 178
46 92 217
46 93 187
46 94 337
46 95 337
46 96 84
46 97 298
46 98 272
46 99 353
47 48 198
47 49 307
47 50 414
47 51 289
47 52 516
47 53 334
47 54 347
47 55 262
47 56 341
47 57 267
47 58 377
47 59 176
47 60 396
47 61 332
47 62 355
47 63 206
47 64 350
47 65 174
47 66 264
47 67 108
47 68 219
47 69 138
47 70 75
47 71 352
47 72 375
47 73 222
47 74 50
47 75 296
47 76 145
47 77 74
47 78 351
47 79 311
47 80 153
47 81 226
47 82 270
47 83 390
47 84 528
47 85 394
47 86 94
47 87 296
47 88 233
47 89 311
47 90 398
47 91 144
47 92 214
47 93 283
47 94 117
47 95 111
47 96 155
47 97 388
47 98 267
47 99 294
48 49 361
48 50 334
48 51 425
48 52 476
48 53 402
48 54 371
48 55 160
48 56 473
48 57 230
48 58 413
48 59 38
48 60 412
48 61 468
48 62 400
48 63 383
48 64 384
48 65 188
48 66 337
48 67 305
48 68 247
48 69 257
48 70 234
48 71 188
48 72 491
48 73 384
48 74 159
48 75 296
48 76 86
48 77 256
48 78 155
48 79 452
48 80 234
48 81 285
48 82 98
48 83 284
48 84 496
48 85 345
48 86 273
48 87 127
48 88 384
48 89 190
48 90 306
48 91 322
48 92 395
48 93 438
48 94 271
48 95 246
48 96 277
48 97 263
48 98 112
48 99 98
49 50 242
49 51 164
49 52 254
49 53 43
49 54 60
49 55 248
49 56 179
49 57 160
49 58 71
49 59 376
49 60 101
49 61 185
49 62 48
49 63 249
49 64 50
49 65 174
49 66 47
49 67 345
49 68 114
49 69 172
49 70 380
49 71 356
49 72 166
49 73 212
49 74 337
49 75 95
49 76 386
49 77 363
49 78 438
49 79 185
49 80 156
49 81 83
49 82 341
49 83 273
49 84 257
49 85 186
49 86 381
49 87 343
49 88 187
49 89 273
49 90 256
49 91 246
49 92 269
49 93 210
49 94 417
49 95 418
49 96 161
49 97 303
49 98 315
49 99 404
50 51 403
50 52 154
50 53 277
50 54 193
50 55 175
50 56 422
50 57 148
50 58 226
50 59 368
50 60 192
50 61 427
50 62 237
50 63 461
50 64 212
50 65 242
50 66 269
50 67 499
50 68 219
50 69 331
50 70 487
50 71 203
50 72 404
50 73 432
50 74 414
50 75 158
50 76 406
50 77 487
50 78 313
50 79 426
50 80 291
50 81 250
50 82 254
50 83 65
50 84 178
50 85 60
50 86 508
50 87 234
50 88 411
50 89 147
50 90 35
50 91 432
50 92 481
50 93 445
50 94 529
50 95 517
50 96 334
50 97 104
50 98 229
50 99 311
51 52 412
51 53 144
51 54 223
51 55 365
51 56 52
51 57 292
51 58 215
51 59 424
51 60 255
51 61 43
51 62 191
51 63 125
51 64 208
51 65 251
51 66 135
51 67 271
51 68 216
51 69 169
51 70 342
51 71 481
51 72 92
51 73 85
51 74 335
51 75 246
51 76 416
51 77 314
51 78 541
51 79 27
51 80 191
51 81 170
51 82 441
51 83 425
51 84 411
51 85 350
51 86 325
51 87 451
51 88 61
51 89 403
51 90 413
51 91 161
51 92 139
51 93 48
51 94 367
51 95 379
51 96 149
51 97 449
51 98 420
51 99 495
52 53 268
52 54 195
52 55 317
52 56 412
52 57 258
52 58 198
52 59 507
52 60 157
52 61 421
52 62 221
52 63 504
52 64 205
52 65 343
52 66 299
52 67 582
52 68 298
52 69 403
52 70 592
52 71 358
52 72 378
52 73 467
52 74 528
52 75 221
52 76 539
52 77 585
52 78 468
52 79 429
52 80 371
52 81 307
52 82 404
52 83 219
52 84 24
52 85 131
52 86 604
52 87 387
52 88 441
52 89 298
52 90 189
52 91 493
52 92 524
52 93 460
52 94 633
52 95 626
52 96 399
52 97 258
52 98 378
52 99 464
53 54 85
53 55 292
53 56 148
53 57 204
53 58 70
53 59 415
53 60 110
53 61 155
53 62 47
53 63 247
53 64 67
53 65 213
53 66 70
53 67 360
53 68 155
53 69 195
53 70 404
53 71 399
53 72 127
53 73 207
53 74 367
53 75 138
53 76 423
53 77 384
53 78 482
53 79 161
53 80 186
53 81 119
53 82 385
53 83 313
53 84 266
53 85 219
53 86 401
53 87 386
53 88 180
53 89 317
53 90 293
53 91 254
53 92 266
53 93 192
53 94 438
53 95 442
53 96 181
53 97 344
53 98 359
53 99 447
54 55 237
54 56 232
54 57 148
54 58 43
54 59 391
54 60 48
54 61 239
54 62 44
54 63 309
54 64 19
54 65 193
54 66 104
54 67 396
54 68 134
54 69 219
54 70 422
54 71 334
54 72 211
54 73 272
54 74 371
54 75 76
54 76 408
54 77 409
54 78 426
54 79 242
54 80 194
54 81 122
54 82 335
54 83 233
54 84 198
54 85 134
54 86 427
54 87 331
54 88 247
54 89 252
54 90 212
54 91 301
54 92 329
54 93 269
54 94 461
54 95 459
54 96 211
54 97 267
54 98 307
54 99 399
55 56 403
55 57 90
55 58 281
55 59 193
55 60 270
55 61 402
55 62 275
55 63 373
55 64 254
55 65 122
55 66 243
55 67 362
55 68 149
55 69 228
55 70 328
55 71 115
55 72 406
55 73 357
55 74 251
55 75 161
55 76 230
55 77 336
55 78 189
55 79 392
55 80 189
55 81 196
55 82 97
55 83 133
55 84 337
55 85 186
55 86 356
55 87 94
55 88 346
55 89 49
55 90 149
55 91 326
55 92 391
55 93 394
55 94 371
55 95 354
55 96 242
55 97 125
55 98 69
55 99 162
56 57 324
56 58 215
56 59 474
56 60 256
56 61 13
56 62 194
56 63 169
56 64 215
56 65 294
56 66 162
56 67 320
56 68 253
56 69 219
56 70 394
56 71 517
56 72 48
56 73 132
56 74 387
56 75 271
56 76 467
56 77 365
56 78 583
56 79 35
56 80 238
56 81 206
56 82 483
56 83 451
56 84 407
56 85 365
56 86 376
56 87 492
56 88 111
56 89 437
56 90 435
56 91 212
56 92 180
56 93 78
56 94 418
56 95 431
56 96 198
56 97 478
56 98 461
56 99 539
57 58 191
57 59 256
57 60 184
57 61 325
57 62 185
57 63 324
57 64 164
57 65 93
57 66 162
57 67 350
57 68 80
57 69 186
57 70 341
57 71 195
57 72 322
57 73 301
57 74 273
57 75 71
57 76 283
57 77 339
57 78 279
57 79 318
57 80 145
57 81 122
57 82 186
57 83 142
57 84 274
57 85 129
57 86 360
57 87 184
57 88 284
57 89 113
57 90 140
57 91 288
57 92 343
57 93 327
57 94 384
57 95 373
57 96 193
57 97 159
57 98 159
57 99 251
58 59 431
58 60 41
58 61 224
58 62 25
58 63 315
58 64 29
58 65 231
58 66 118
58 67 417
58 68 171
58 69 243
58 70 450
58 71 377
58 72 186
58 73 276
58 74 404
58 75 120
58 76 447
58 77 435
58 78 470
58 79 231
58 80 224
58 81 151
58 82 378
58 83 271
58 84 196
58 85 165
58 86 452
58 87 375
58 88 249
58 89 295
58 90 248
58 91 316
58 92 334
58 93 263
58 94 488
58 95 488
58 96 232
58 97 307
58 98 351
58 99 442
59 60 434
59 61 468
59 62 417
59 63 371
59 64 402
59 65 202
59 66 347
59 67 280
59 68 262
59 69 255
59 70 203
59 71 226
59 72 496
59 73 377
59 74 131
59 75 318
59 76 48
59 77 228
59 78 187
59 79 450
59 80 238
59 81 296
59 82 137
59 83 321
59 84 526
59 85 376
59 86 243
59 87 166
59 88 379
59 89 226
59 90 341
59 91 309
59 92 382
59 93 433
59 94 237
59 95 211
59 96 275
59 97 301
59 98 151
59 99 131
60 61 265
60 62 63
60 63 350
60 64 51
60 65 239
60 66 148
60 67 444
60 68 181
60 69 267
60 70 471
60 71 357
60 72 227
60 73 312
60 74 419
60 75 116
60 76 454
60 77 457
60 78 455
60 79 271
60 80 243
60 81 171
60 82 368
60 83 243
60 84 157
60 85 132
60 86 476
60 87 362
60 88 286
60 89 278
60 90 217
60 91 347
60 92 370
60 93 302
60 94 509
60 95 507
60 96 259
60 97 280
60 98 340
60 99 433
61 62 202
61 63 156
61 64 222
61 65 292
61 66 164
61 67 308
61 68 252
61 69 213
61 70 384
61 71 517
61 72 62
61 73 120
61 74 378
61 75 274
61 76 460
61 77 355
61 78 581
61 79 22
61 80 234
61 81 206
61 82 481
61 83 454
61 84 417
61 85 371
61 86 365
61 87 490
61 88 101
61 89 438
61 90 439
61 91 201
61 92 167
61 93 65
61 94 407
61 95 420
61 96 192
61 97 481
61 98 459
61 99 536
62 63 289
62 64 24
62 65 215
62 66 94
62 67 392
62 68 155
62 69 220
62 70 428
62 71 376
62 72 169
62 73 251
62 74 384
62 75 114
62 76 430
62 77 411
62 78 465
62 79 208
62 80 203
62 81 130
62 82 371
62 83 278
62 84 220
62 85 177
62 86 429
62 87 370
62 88 224
62 89 293
62 90 256
62 91 291
62 92 309
62 93 238
62 94 465
62 95 466
62 96 208
62 97 311
62 98 344
62 99 435
63 64 300
63 65 251
63 66 205
63 67 155
63 68 244
63 69 144
63 70 240
63 71 486
63 72 215
63 73 41
63 74 256
63 75 304
63 76 350
63 77 208
63 78 522
63 79 134
63 80 184
63 81 211
63 82 426
63 83 466
63 84 507
63 85 417
63 86 215
63 87 444
63 88 68
63 89 419
63 90 461
63 91 62
63 92 20
63 93 93
63 94 257
63 95 274
63 96 132
63 97 481
63 98 411
63 99 469
64 65 202
64 66 97
64 67 394
64 68 142
64 69 218
64 70 424
64 71 352
64 72 192
64 73 262
64 74 376
64 75 93
64 76 418
64 77 410
64 78 443
64 79 227
64 80 197
64 81 124
64 82 351
64 83 253
64 84 207
64 85 153
64 86 428
64 87 348
64 88 236
64 89 270
64 90 232
64 91 296
64 92 319
64 93 255
64 94 462
64 95 461
64 96 209
64 97 287
64 98 323
64 99 415
65 66 149
65 67 257
65 68 60
65 69 106
65 70 249
65 71 236
65 72 306
65 73 236
65 74 185
65 75 127
65 76 215
65 77 246
65 78 289
65 79 279
65 80 67
65 81 96
65 82 189
65 83 227
65 84 357
65 85 220
65 86 267
65 87 200
65 88 226
65 89 168
65 90 230
65 91 205
65 92 269
65 93 276
65 94 292
65 95 283
65 96 119
65 97 235
65 98 168
65 99 244
66 67 298
66 68 95
66 69 127
66 70 335
66 71 356
66 72 162
66 73 170
66 74 297
66 75 111
66 76 354
66 77 318
66 78 429
66 79 159
66 80 116
66 81 52
66 82 329
66 83 291
66 84 302
66 85 218
66 86 335
66 87 335
66 88 145
66 89 275
66 90 277
66 91 198
66 92 225
66 93 176
66 94 371
66 95 373
66 96 114
66 97 316
66 98 305
66 99 389
67 68 286
67 69 179
67 70 97
67 71 458
67 72 363
67 73 187
67 74 149
67 75 362
67 76 244
67 77 62
67 78 460
67 79 285
67 80 212
67 81 276
67 82 378
67 83 484
67 84 590
67 85 470
67 86 62
67 87 403
67 88 209
67 89 411
67 90 488
67 91 110
67 92 152
67 93 247
67 94 102
67 95 124
67 96 185
67 97 486
67 98 374
67 99 402
68 69 111
68 70 295
68 71 264
68 72 258
68 73 220
68 74 238
68 75 77
68 76 275
68 77 286
68 78 333
68 79 243
68 80 74
68 81 46
68 82 234
68 83 222
68 84 309
68 85 184
68 86 306
68 87 240
68 88 204
68 89 186
68 90 217
68 91 212
68 92 264
68 93 248
68 94 335
68 95 330
68 96 115
68 97 239
68 98 209
68 99 294
69 70 208
69 71 341
69 72 244
69 73 133
69 74 176
69 75 184
69 76 248
69 77 191
69 78 383
69 79 195
69 80 41
69 81 97
69 82 285
69 83 328
69 84 411
69 85 295
69 86 209
69 87 301
69 88 128
69 89 274
69 90 326
69 91 102
69 92 162
69 93 181
69 94 244
69 95 246
69 96 20
69 97 339
69 98 268
69 99 333
70 71 407
70 72 432
70 73 266
70 74 79
70 75 371
70 76 159
70 77 34
70 78 389
70 79 362
70 80 227
70 81 300
70 82 321
70 83 459
70 84 604
70 85 469
70 86 42
70 87 348
70 88 283
70 89 376
70 90 470
70 91 184
70 92 242
70 93 328
70 94 42
70 95 38
70 96 223
70 97 454
70 98 322
70 99 332
71 72 518
71 73 472
71 74 327
71 75 262
71 76 274
71 77 422
71 78 110
71 79 508
71 80 303
71 81 311
71 82 89
71 83 138
71 84 381
71 85 243
71 86 441
71 87 60
71 88 461
71 89 82
71 90 168
71 91 436
71 92 503
71 93 510
71 94 448
71 95 426
71 96 356
71 97 102
71 98 85
71 99 122
72 73 177
72 74 418
72 75 261
72 76 493
72 77 405
72 78 591
72 79 83
72 80 257
72 81 212
72 82 492
72 83 439
72 84 372
72 85 346
72 86 417
72 87 498
72 88 153
72 89 436
72 90 421
72 91 253
72 92 227
72 93 126
72 94 458
72 95 469
72 96 225
72 97 469
72 98 468
72 99 550
73 74 271
73 75 274
73 76 360
73 77 236
73 78 516
73 79 98
73 80 169
73 81 182
73 82 418
73 83 442
73 84 469
73 85 385
73 86 244
73 87 434
73 88 27
73 89 401
73 90 435
73 91 82
73 92 58
73 93 62
73 94 287
73 95 302
73 96 116
73 97 459
73 98 401
73 99 465
74 75 312
74 76 96
74 77 97
74 78 314
74 79 358
74 80 181
74 81 254
74 82 242
74 83 383
74 84 543
74 85 402
74 86 115
74 87 269
74 88 281
74 89 297
74 90 395
74 91 194
74 92 264
74 93 332
74 94 121
74 95 103
74 96 195
74 97 376
74 98 243
74 99 257
75 76 339
75 77 363
75 78 351
75 79 271
75 80 150
75 81 93
75 82 258
75 83 180
75 84 232
75 85 113
75 86 383
75 87 255
75 88 252
75 89 180
75 90 166
75 91 281
75 92 324
75 93 287
75 94 413
75 95 407
75 96 184
75 97 208
75 98 230
75 99 322
76 77 187
76 78 235
76 79 441
76 80 239
76 81 304
76 82 184
76 83 361
76 84 556
76 85 408
76 86 201
76 87 213
76 88 366
76 89 268
76 90 380
76 91 287
76 92 359
76 93 419
76 94 191
76 95 164
76 96 268
76 97 344
76 98 196
76 99 179
77 78 412
77 79 332
77 80 215
77 81 286
77 82 338
77 83 464
77 84 596
77 85 465
77 86 20
77 87 365
77 88 254
77 89 384
77 90 472
77 91 154
77 92 209
77 93 298
77 94 54
77 95 66
77 96 203
77 97 461
77 98 337
77 99 354
78 79 568
78 80 351
78 81 379
78 82 100
78 83 249
78 84 491
78 85 350
78 86 429
78 87 95
78 88 511
78 89 179
78 90 278
78 91 464
78 92 536
78 93 562
78 94 425
78 95 398
78 96 401
78 97 212
78 98 123
78 99 57
79 80 219
79 81 197
79 82 468
79 83 451
79 84 426
79 85 372
79 86 342
79 87 479
79 88 79
79 89 430
79 90 437
79 91 178
79 92 145
79 93 43
79 94 384
79 95 398
79 96 175
79 97 475
79 98 447
79 99 522
80 81 73
80 82 252
80 83 287
80 84 381
80 85 258
80 86 234
80 87 266
80 88 160
80 89 234
80 90 285
80 91 143
80 92 203
80 93 211
80 94 266
80 95 264
80 96 52
80 97 298
80 98 233
80 99 303
81 82 279
81 83 260
81 84 314
81 85 206
81 86 305
81 87 286
81 88 163
81 89 232
81 90 252
81 91 188
81 92 231
81 93 204
81 94 338
81 95 337
81 96 92
81 97 281
81 98 256
81 99 338
82 83 197
82 84 426
82 85 277
82 86 357
82 87 29
82 88 412
82 89 106
82 90 222
82 91 370
82 92 442
82 93 463
82 94 360
82 95 337
82 96 302
82 97 170
82 98 28
82 99 64
83 84 243
83 85 114
83 86 485
83 87 174
83 88 424
83 89 94
83 90 30
83 91 430
83 92 486
83 93 464
83 94 502
83 95 487
83 96 335
83 97 40
83 98 174
83 99 251
84 85 150
84 86 615
84 87 409
84 88 443
84 89 320
84 90 213
84 91 499
84 92 527
84 93 459
84 94 645
84 95 639
84 96 406
84 97 282
84 98 399
84 99 486
85 86 486
85 87 263
85 88 363
85 89 173
85 90 86
85 91 393
85 92 437
85 93 394
85 94 512
85 95 502
85 96 296
85 97 153
85 98 250
85 99 339
86 87 384
86 88 264
86 89 404
86 90 493
86 91 164
86 92 213
86 93 306
86 94 42
86 95 62
86 96 220
86 97 482
86 98 356
86 99 371
87 88 426
87 89 89
87 90 201
87 91 390
87 92 460
87 93 476
87 94 388
87 95 366
87 96 317
87 97 145
87 98 32
87 99 77
88 89 388
88 90 415
88 91 100
88 92 86
88 93 53
88 94 306
88 95 319
88 96 109
88 97 443
88 98 393
88 99 461
89 90 116
89 91 373
89 92 437
89 93 434
89 94 418
89 95 400
89 96 286
89 97 78
89 98 81
89 99 166
90 91 428
90 92 481
90 93 453
90 94 512
90 95 498
90 96 332
90 97 70
90 98 197
90 99 278
91 92 73
91 93 144
91 94 206
91 95 220
91 96 97
91 97 440
91 98 357
91 99 410
92 93 102
92 94 255
92 95 274
92 96 151
92 97 500
92 98 427
92 99 483
93 94 348
93 95 364
93 96 162
93 97 486
93 98 444
93 99 514
94 95 29
94 96 257
94 97 496
94 98 363
94 99 368
95 96 261
95 97 478
95 98 342
95 99 342
96 97 349
96 98 285
96 99 352
97 98 150
97 99 219
98 99 92
