100 4950
0 1 169
0 2 505
0 3 174
0 4 50
0 5 61
0 6 60
0 7 181
0 8 406
0 9 541
0 10 395
0 11 299
0 12 312
0 13 224
0 14 68
0 15 379
0 16 511
0 17 342
0 18 231
0 19 164
0 20 138
0 21 84
0 22 385
0 23 301
0 24 342
0 25 341
0 26 80
0 27 328
0 28 244
0 29 48
0 30 353
0 31 139
0 32 138
0 33 496
0 34 137
0 35 95
0 36 367
0 37 428
0 38 302
0 39 195
0 40 293
0 41 363
0 42 126
0 43 76
0 44 281
0 45 458
0 46 289
0 47 427
0 48 185
0 49 207
0 50 243
0 51 253
0 52 335
0 53 199
0 54 220
0 55 185
0 56 445
0 57 430
0 58 563
0 59 178
0 60 361
0 61 387
0 62 140
0 63 439
0 64 311
0 65 238
0 66 223
0 67 133
0 68 61
0 69 374
0 70 412
0 71 320
0 72 167
0 73 264
0 74 369
0 75 312
0 76 374
0 77 401
0 78 231
0 79 194
0 80 345
0 81 87
0 82 214
0 83 114
0 84 338
0 85 310
0 86 439
0 87 265
0 88 98
0 89 308
0 90 66
0 91 223
0 92 375
0 93 279
0 94 394
0 95 169
0 96 405
0 97 273
0 98 372
0 99 32
1 2 378
1 3 122
1 4 184
1 5 213
1 6 204
1 7 45
1 8 254
1 9 395
1 10 274
1 11 151
1 12 320
1 13 143
1 14 235
1 15 244
1 16 353
1 17 317
1 18 159
1 19 237
1 20 174
1 21 253
1 22 250
1 23 267
1 24 296
1 25 282
1 26 127
1 27 203
1 28 164
1 29 159
1 30 335
1 31 102
1 32 61
1 33 339
1 34 53
1 35 251
1 36 198
1 37 324
1 38 253
1 39 110
1 40 219
1 41 201
1 42 53
1 43 198
1 44 133
1 45 350
1 46 140
1 47 259
1 48 32
1 49 120
1 50 147
1 51 213
1 52 258
1 53 88
1 54 266
1 55 99
1 56 277
1 57 276
1 58 414
1 59 100
1 60 230
1 61 303
1 62 122
1 63 308
1 64 188
1 65 147
1 66 177
1 67 101
1 68 170
1 69 209
1 70 268
1 71 341
1 72 118
1 73 126
1 74 279
1 75 308
1 76 387
1 77 254
1 78 142
1 79 237
1 80 265
1 81 95
1 82 165
1 83 183
1 84 347
1 85 141
1 86 336
1 87 112
1 88 72
1 89 171
1 90 104
1 91 59
1 92 230
1 93 183
1 94 299
1 95 256
1 96 236
1 97 302
1 98 242
1 99 198
2 3 333
2 4 541
2 5 564
2 6 501
2 7 410
2 8 151
2 9 90
2 10 109
2 11 228
2 12 346
2 13 282
2 14 548
2 15 133
2 16 146
2 17 284
2 18 278
2 19 435
2 20 398
2 21 574
2 22 128
2 23 273
2 24 244
2 25 223
2 26 498
2 27 476
2 28 264
2 29 519
2 30 299
2 31 365
2 32 440
2 33 145
2 34 432
2 35 600
2 36 310
2 37 99
2 38 252
2 39 309
2 40 230
2 41 367
2 42 391
2 43 478
2 44 246
2 45 76
2 46 239
2 47 330
2 48 393
2 49 476
2 50 486
2 51 286
2 52 198
2 53 309
2 54 401
2 55 320
2 56 239
2 57 142
2 58 114
2 59 468
2 60 148
2 61 161
2 62 499
2 63 70
2 64 475
2 65 488
2 66 298
2 67 371
2 68 463
2 69 228
2 70 463
2 71 372
2 72 491
2 73 425
2 74 160
2 75 323
2 76 369
2 77 137
2 78 274
2 79 396
2 80 188
2 81 419
2 82 303
2 83 429
2 84 353
2 85 324
2 86 96
2 87 393
2 88 420
2 89 207
2 90 459
2 91 370
2 92 154
2 93 228
2 94 136
2 95 457
2 96 324
2 97 380
2 98 486
2 99 537
3 4 216
3 5 234
3 6 169
3 7 167
3 8 253
3 9 377
3 10 224
3 11 152
3 12 197
3 13 51
3 14 215
3 15 213
3 16 358
3 17 199
3 18 57
3 19 140
3 20 79
3 21 240
3 22 218
3 23 150
3 24 185
3 25 177
3 26 189
3 27 323
3 28 70
3 29 197
3 30 216
3 31 36
3 32 163
3 33 345
3 34 154
3 35 269
3 36 273
3 37 254
3 38 141
3 39 32
3 40 122
3 41 296
3 42 88
3 43 148
3 44 138
3 45 284
3 46 145
3 47 336
3 48 155
3 49 239
3 50 269
3 51 96
3 52 164
3 53 56
3 54 151
3 55 32
3 56 320
3 57 276
3 58 401
3 59 215
3 60 195
3 61 215
3 62 218
3 63 269
3 64 310
3 65 268
3 66 59
3 67 42
3 68 130
3 69 245
3 70 379
3 71 218
3 72 226
3 73 246
3 74 196
3 75 185
3 76 264
3 77 242
3 78 59
3 79 124
3 80 173
3 81 95
3 82 47
3 83 105
3 84 225
3 85 225
3 86 265
3 87 227
3 88 109
3 89 149
3 90 141
3 91 171
3 92 217
3 93 105
3 94 220
3 95 163
3 96 313
3 97 181
3 98 360
3 99 206
4 5 30
4 6 106
4 7 183
4 8 433
4 9 572
4 10 432
4 11 327
4 12 363
4 13 265
4 14 91
4 15 412
4 16 536
4 17 392
4 18 273
4 19 215
4 20 188
4 21 94
4 22 418
4 23 350
4 24 390
4 25 387
4 26 64
4 27 313
4 28 286
4 29 25
4 30 403
4 31 180
4 32 137
4 33 522
4 34 140
4 35 67
4 36 376
4 37 469
4 38 349
4 39 233
4 40 337
4 41 364
4 42 152
4 43 125
4 44 308
4 45 498
4 46 316
4 47 433
4 48 192
4 49 190
4 50 223
4 51 300
4 52 379
4 53 232
4 54 271
4 55 222
4 56 461
4 57 456
4 58 592
4 59 164
4 60 395
4 61 431
4 62 118
4 63 474
4 64 295
4 65 219
4 66 268
4 67 173
4 68 112
4 69 394
4 70 401
4 71 371
4 72 147
4 73 256
4 74 412
4 75 363
4 76 425
4 77 430
4 78 271
4 79 245
4 80 389
4 81 122
4 82 259
4 83 165
4 84 389
4 85 319
4 86 480
4 87 264
4 88 122
4 89 339
4 90 83
4 91 231
4 92 405
4 93 319
4 94 436
4 95 218
4 96 411
4 97 324
4 98 356
4 99 39
5 6 102
5 7 213
5 8 459
5 9 597
5 10 454
5 11 352
5 12 368
5 13 284
5 14 74
5 15 436
5 16 562
5 17 401
5 18 292
5 19 215
5 20 197
5 21 70
5 22 442
5 23 362
5 24 403
5 25 402
5 26 94
5 27 342
5 28 305
5 29 55
5 30 411
5 31 199
5 32 167
5 33 548
5 34 170
5 35 38
5 36 406
5 37 488
5 38 363
5 39 254
5 40 354
5 41 394
5 42 178
5 43 125
5 44 334
5 45 518
5 46 342
5 47 463
5 48 221
5 49 219
5 50 252
5 51 314
5 52 396
5 53 256
5 54 273
5 55 243
5 56 490
5 57 483
5 58 618
5 59 193
5 60 419
5 61 448
5 62 147
5 63 496
5 64 324
5 65 247
5 66 284
5 67 193
5 68 119
5 69 422
5 70 430
5 71 374
5 72 176
5 73 286
5 74 430
5 75 370
5 76 428
5 77 455
5 78 291
5 79 249
5 80 406
5 81 144
5 82 275
5 83 171
5 84 393
5 85 348
5 86 499
5 87 294
5 88 148
5 89 364
5 90 109
5 91 260
5 92 430
5 93 339
5 94 454
5 95 215
5 96 441
5 97 327
5 98 385
5 99 33
6 7 226
6 8 418
6 9 546
6 10 392
6 11 312
6 12 269
6 13 219
6 14 48
6 15 382
6 16 524
6 17 306
6 18 222
6 19 113
6 20 108
6 21 74
6 22 388
6 23 272
6 24 314
6 25 316
6 26 140
6 27 381
6 28 236
6 29 109
6 30 314
6 31 142
6 32 187
6 33 510
6 34 184
6 35 122
6 36 401
6 37 416
6 38 277
6 39 197
6 40 277
6 41 405
6 42 153
6 43 25
6 44 296
6 45 446
6 46 303
6 47 463
6 48 227
6 49 262
6 50 298
6 51 229
6 52 317
6 53 209
6 54 172
6 55 190
6 56 470
6 57 442
6 58 570
6 59 233
6 60 364
6 61 369
6 62 199
6 63 438
6 64 364
6 65 295
6 66 206
6 67 137
6 68 39
6 69 397
6 70 461
6 71 273
6 72 225
6 73 313
6 74 354
6 75 272
6 76 327
6 77 409
6 78 228
6 79 150
6 80 328
6 81 110
6 82 199
6 83 77
6 84 293
6 85 345
6 86 426
6 87 310
6 88 133
6 89 316
6 90 113
6 91 263
6 92 384
6 93 273
6 94 380
6 95 113
6 96 440
6 97 226
6 98 424
6 99 70
7 8 276
7 9 419
7 10 309
7 11 181
7 12 364
7 13 188
7 14 248
7 15 276
7 16 371
7 17 362
7 18 204
7 19 274
7 20 213
7 21 264
7 22 282
7 23 312
7 24 341
7 25 326
7 26 119
7 27 163
7 28 209
7 29 158
7 30 380
7 31 144
7 32 45
7 33 357
7 34 43
7 35 250
7 36 193
7 37 362
7 38 298
7 39 156
7 40 264
7 41 183
7 42 89
7 43 223
7 44 164
7 45 387
7 46 170
7 47 250
7 48 17
7 49 75
7 50 102
7 51 259
7 52 301
7 53 133
7 54 307
7 55 144
7 56 283
7 57 297
7 58 436
7 59 59
7 60 263
7 61 345
7 62 93
7 63 339
7 64 148
7 65 102
7 66 222
7 67 141
7 68 195
7 69 222
7 70 236
7 71 385
7 72 81
7 73 89
7 74 320
7 75 353
7 76 432
7 77 280
7 78 187
7 79 277
7 80 307
7 81 123
7 82 210
7 83 217
7 84 392
7 85 136
7 86 374
7 87 85
7 88 95
7 89 205
7 90 115
7 91 49
7 92 258
7 93 226
7 94 339
7 95 292
7 96 228
7 97 345
7 98 204
7 99 205
8 9 142
8 10 103
8 11 107
8 12 352
8 13 208
8 14 461
8 15 65
8 16 105
8 17 304
8 18 214
8 19 384
8 20 330
8 21 484
8 22 64
8 23 269
8 24 261
8 25 235
8 26 380
8 27 325
8 28 201
8 29 409
8 30 324
8 31 275
8 32 313
8 33 92
8 34 306
8 35 497
8 36 159
8 37 162
8 38 243
8 39 221
8 40 201
8 41 217
8 42 281
8 43 400
8 44 125
8 45 170
8 46 117
8 47 188
8 48 260
8 49 336
8 50 341
8 51 252
8 52 197
8 53 209
8 54 370
8 55 228
8 56 109
8 57 23
8 58 160
8 59 332
8 60 77
8 61 197
8 62 370
8 63 92
8 64 325
8 65 344
8 66 244
8 67 280
8 68 378
8 69 77
8 70 314
8 71 381
8 72 356
8 73 278
8 74 176
8 75 329
8 76 398
8 77 23
8 78 198
8 79 354
8 80 191
8 81 318
8 82 243
8 83 358
8 84 369
8 85 174
8 86 171
8 87 246
8 88 311
8 89 103
8 90 350
8 91 231
8 92 39
8 93 170
8 94 171
8 95 407
8 96 178
8 97 370
8 98 335
8 99 438
9 10 164
9 11 245
9 12 424
9 13 328
9 14 592
9 15 164
9 16 74
9 17 365
9 18 329
9 19 495
9 20 450
9 21 616
9 22 159
9 23 346
9 24 323
9 25 299
9 26 521
9 27 453
9 28 315
9 29 548
9 30 381
9 31 405
9 32 455
9 33 82
9 34 448
9 35 635
9 36 280
9 37 181
9 38 323
9 39 349
9 40 292
9 41 336
9 42 419
9 43 526
9 44 264
9 45 163
9 46 256
9 47 283
9 48 403
9 49 477
9 50 480
9 51 350
9 52 269
9 53 342
9 54 469
9 55 358
9 56 190
9 57 121
9 58 26
9 59 474
9 60 182
9 61 241
9 62 512
9 63 115
9 64 455
9 65 483
9 66 354
9 67 411
9 68 508
9 69 207
9 70 423
9 71 452
9 72 499
9 73 415
9 74 233
9 75 401
9 76 453
9 77 141
9 78 319
9 79 459
9 80 259
9 81 454
9 82 356
9 83 480
9 84 434
9 85 309
9 86 181
9 87 384
9 88 449
9 89 233
9 90 488
9 91 373
9 92 166
9 93 278
9 94 214
9 95 518
9 96 283
9 97 454
9 98 456
9 99 574
10 11 131
10 12 266
10 13 172
10 14 439
10 15 43
10 16 174
10 17 211
10 18 170
10 19 332
10 20 291
10 21 464
10 22 41
10 23 185
10 24 168
10 25 143
10 26 391
10 27 398
10 28 156
10 29 410
10 30 230
10 31 256
10 32 335
10 33 164
10 34 327
10 35 490
10 36 248
10 37 63
10 38 161
10 39 199
10 40 128
10 41 303
10 42 282
10 43 370
10 44 146
10 45 80
10 46 141
10 47 287
10 48 292
10 49 379
10 50 394
10 51 186
10 52 108
10 53 200
10 54 305
10 55 210
10 56 212
10 57 113
10 58 189
10 59 368
10 60 48
10 61 96
10 62 396
10 63 48
10 64 394
10 65 396
10 66 192
10 67 262
10 68 354
10 69 168
10 70 402
10 71 295
10 72 390
10 73 338
10 74 78
10 75 243
10 76 304
10 77 80
10 78 164
10 79 296
10 80 100
10 81 310
10 82 196
10 83 321
10 84 280
10 85 245
10 86 74
10 87 306
10 88 312
10 89 104
10 90 351
10 91 274
10 92 77
10 93 119
10 94 69
10 95 355
10 96 274
10 97 292
10 98 416
10 99 428
11 12 292
11 13 116
11 14 355
11 15 95
11 16 212
11 17 259
11 18 126
11 19 289
11 20 231
11 21 378
11 22 100
11 23 213
11 24 222
11 25 199
11 26 276
11 27 272
11 28 117
11 29 302
11 30 280
11 31 170
11 32 212
11 33 198
11 34 205
11 35 391
11 36 148
11 37 189
11 38 190
11 39 119
11 40 143
11 41 193
11 42 174
11 43 296
11 44 18
11 45 211
11 46 11
11 47 204
11 48 164
11 49 249
11 50 263
11 51 179
11 52 162
11 53 103
11 54 286
11 55 124
11 56 170
11 57 130
11 58 265
11 59 240
11 60 83
11 61 191
11 62 272
11 63 158
11 64 266
11 65 265
11 66 159
11 67 175
11 68 273
11 69 96
11 70 291
11 71 319
11 72 262
11 73 208
11 74 164
11 75 271
11 76 349
11 77 103
11 78 106
11 79 266
11 80 163
11 81 211
11 82 154
11 83 257
11 84 314
11 85 124
11 86 201
11 87 176
11 88 204
11 89 29
11 90 243
11 91 143
11 92 79
11 93 100
11 94 175
11 95 313
11 96 185
11 97 298
11 98 295
11 99 331
12 13 190
12 14 313
12 15 288
12 16 440
12 17 63
12 18 174
12 19 157
12 20 177
12 21 336
12 22 291
12 23 82
12 24 101
12 25 124
12 26 363
12 27 519
12 28 179
12 29 354
12 30 56
12 31 223
12 32 356
12 33 430
12 34 348
12 35 391
12 36 439
12 37 246
12 38 108
12 39 214
12 40 152
12 41 475
12 42 281
12 43 244
12 44 288
12 45 271
12 46 291
12 47 496
12 48 352
12 49 436
12 50 467
12 51 115
12 52 158
12 53 241
12 54 98
12 55 223
12 56 451
12 57 370
12 58 450
12 59 410
12 60 274
12 61 184
12 62 405
12 63 311
12 64 506
12 65 465
12 66 147
12 67 227
12 68 250
12 69 383
12 70 566
12 71 29
12 72 418
12 73 442
12 74 191
12 75 23
12 76 67
12 77 331
12 78 197
12 79 119
12 80 166
12 81 270
12 82 157
12 83 198
12 84 27
12 85 402
12 86 250
12 87 420
12 88 294
12 89 270
12 90 315
12 91 365
12 92 313
12 93 192
12 94 210
12 95 167
12 96 476
12 97 47
12 98 554
12 99 335
13 14 266
13 15 164
13 16 313
13 17 176
13 18 16
13 19 175
13 20 123
13 21 291
13 22 169
13 23 125
13 24 152
13 25 139
13 26 233
13 27 331
13 28 22
13 29 245
13 30 195
13 31 85
13 32 195
13 33 300
13 34 186
13 35 320
13 36 253
13 37 204
13 38 109
13 39 35
13 40 78
13 41 285
13 42 126
13 43 198
13 44 106
13 45 233
13 46 111
13 47 314
13 48 173
13 49 264
13 50 290
13 51 75
13 52 119
13 53 55
13 54 170
13 55 48
13 56 286
13 57 231
13 58 352
13 59 243
13 60 146
13 61 168
13 62 254
13 63 218
13 64 320
13 65 290
13 66 45
13 67 91
13 68 181
13 69 212
13 70 376
13 71 216
13 72 257
13 73 256
13 74 147
13 75 174
13 76 254
13 77 195
13 78 10
13 79 150
13 80 127
13 81 143
13 82 38
13 83 152
13 84 216
13 85 212
13 86 215
13 87 231
13 88 151
13 89 106
13 90 187
13 91 178
13 92 171
13 93 54
13 94 171
13 95 199
13 96 292
13 97 187
13 98 364
13 99 257
14 15 428
14 16 566
14 17 353
14 18 270
14 19 156
14 20 156
14 21 25
14 22 433
14 23 320
14 24 362
14 25 365
14 26 144
14 27 395
14 28 284
14 29 105
14 30 360
14 31 186
14 32 206
14 33 553
14 34 205
14 35 81
14 36 433
14 37 465
14 38 326
14 39 242
14 40 326
14 41 431
14 42 187
14 43 73
14 44 337
14 45 495
14 46 345
14 47 494
14 48 252
14 49 272
14 50 308
14 51 278
14 52 366
14 53 252
14 54 215
14 55 234
14 56 507
14 57 485
14 58 615
14 59 244
14 60 410
14 61 417
14 62 204
14 63 485
14 64 377
14 65 303
14 66 254
14 67 181
14 68 84
14 69 435
14 70 480
14 71 315
14 72 232
14 73 332
14 74 403
14 75 318
14 76 369
14 77 453
14 78 275
14 79 195
14 80 377
14 81 145
14 82 247
14 83 126
14 84 336
14 85 376
14 86 475
14 87 333
14 88 162
14 89 360
14 90 133
14 91 290
14 92 428
14 93 320
14 94 428
14 95 150
14 96 471
14 97 269
14 98 438
14 99 52
15 16 155
15 17 239
15 18 166
15 19 334
15 20 286
15 21 452
15 22 5
15 23 206
15 24 196
15 25 170
15 26 366
15 27 355
15 28 152
15 29 389
15 30 259
15 31 241
15 32 306
15 33 143
15 34 298
15 35 473
15 36 204
15 37 107
15 38 181
15 39 185
15 40 140
15 41 259
15 42 260
15 43 362
15 44 112
15 45 122
15 46 105
15 47 244
15 48 259
15 49 344
15 50 356
15 51 195
15 52 132
15 53 180
15 54 314
15 55 194
15 56 173
15 57 81
15 58 188
15 59 335
15 60 18
15 61 133
15 62 366
15 63 63
15 64 352
15 65 358
15 66 193
15 67 247
15 68 343
15 69 124
15 70 359
15 71 318
15 72 357
15 73 298
15 74 111
15 75 266
15 76 333
15 77 43
15 78 154
15 79 301
15 80 126
15 81 292
15 82 194
15 83 316
15 84 305
15 85 203
15 86 118
15 87 266
15 88 290
15 89 73
15 90 329
15 91 237
15 92 34
15 93 117
15 94 109
15 95 358
15 96 230
15 97 309
15 98 373
15 99 411
16 17 385
16 18 317
16 19 487
16 20 435
16 21 590
16 22 151
16 23 358
16 24 342
16 25 317
16 26 481
16 27 386
16 28 304
16 29 511
16 30 404
16 31 381
16 32 411
16 33 14
16 34 405
16 35 601
16 36 213
16 37 213
16 38 333
16 39 327
16 40 295
16 41 268
16 42 385
16 43 506
16 44 229
16 45 205
16 46 222
16 47 210
16 48 356
16 49 422
16 50 421
16 51 350
16 52 282
16 53 314
16 54 469
16 55 334
16 56 118
16 57 81
16 58 76
16 59 423
16 60 171
16 61 266
16 62 464
16 63 134
16 64 390
16 65 425
16 66 346
16 67 386
16 68 484
16 69 150
16 70 351
16 71 469
16 72 448
16 73 356
16 74 251
16 75 417
16 76 478
16 77 117
16 78 303
16 79 456
16 80 274
16 81 423
16 82 346
16 83 463
16 84 454
16 85 250
16 86 217
16 87 326
16 88 414
16 89 208
16 90 453
16 91 323
16 92 141
16 93 270
16 94 238
16 95 511
16 96 212
16 97 463
16 98 386
16 99 543
17 18 159
17 19 202
17 20 204
17 21 378
17 22 241
17 23 50
17 24 43
17 25 68
17 26 381
17 27 507
17 28 158
17 29 379
17 30 21
17 31 231
17 32 362
17 33 376
17 34 353
17 35 427
17 36 408
17 37 185
17 38 70
17 39 206
17 40 115
17 41 450
17 42 287
17 43 281
17 44 259
17 45 208
17 46 261
17 47 462
17 48 348
17 49 437
17 50 465
17 51 103
17 52 106
17 53 231
17 54 148
17 55 218
17 56 408
17 57 320
17 58 391
17 59 413
17 60 227
17 61 123
17 62 416
17 63 254
17 64 496
17 65 464
17 66 141
17 67 237
17 68 282
17 69 345
17 70 545
17 71 88
17 72 425
17 73 431
17 74 134
17 75 43
17 76 94
17 77 282
17 78 180
17 79 160
17 80 112
17 81 286
17 82 152
17 83 231
17 84 69
17 85 378
17 86 188
17 87 406
17 88 305
17 89 233
17 90 332
17 91 354
17 92 267
17 93 160
17 94 150
17 95 216
17 96 443
17 97 106
17 98 538
17 99 368
18 19 169
18 20 121
18 21 295
18 22 171
18 23 109
18 24 137
18 25 124
18 26 244
18 27 348
18 28 14
18 29 254
18 30 179
18 31 93
18 32 210
18 33 304
18 34 201
18 35 326
18 36 267
18 37 196
18 38 93
18 39 49
18 40 65
18 41 300
18 42 139
18 43 200
18 44 118
18 45 226
18 46 123
18 47 327
18 48 189
18 49 279
18 50 306
18 51 59
18 52 107
18 53 72
18 54 160
18 55 61
18 56 296
18 57 237
18 58 353
18 59 258
18 60 148
18 61 157
18 62 268
18 63 217
18 64 337
18 65 306
18 66 32
18 67 100
18 68 185
18 69 222
18 70 391
18 71 200
18 72 272
18 73 272
18 74 138
18 75 158
18 76 238
18 77 200
18 78 22
18 79 141
18 80 116
18 81 152
18 82 28
18 83 151
18 84 200
18 85 227
18 86 207
18 87 248
18 88 163
18 89 113
18 90 198
18 91 195
18 92 176
18 93 50
18 94 162
18 95 193
18 96 306
18 97 173
18 98 381
18 99 263
19 20 64
19 21 179
19 22 339
19 23 176
19 24 218
19 25 226
19 26 230
19 27 438
19 28 183
19 29 211
19 30 206
19 31 138
19 32 249
19 33 474
19 34 243
19 35 235
19 36 412
19 37 341
19 38 189
19 39 172
19 40 205
19 41 431
19 42 185
19 43 90
19 44 277
19 45 370
19 46 283
19 47 475
19 48 268
19 49 332
19 50 367
19 51 148
19 52 238
19 53 196
19 54 59
19 55 172
19 56 459
19 57 407
19 58 520
19 59 303
19 60 316
19 61 285
19 62 283
19 63 380
19 64 422
19 65 364
19 66 141
19 67 138
19 68 104
19 69 384
19 70 505
19 71 159
19 72 303
19 73 362
19 74 277
19 75 163
19 76 213
19 77 370
19 78 186
19 79 42
19 80 249
19 81 154
19 82 141
19 83 59
19 84 180
19 85 361
19 86 349
19 87 350
19 88 183
19 89 282
19 90 187
19 91 295
19 92 345
19 93 217
19 94 302
19 95 23
19 96 452
19 97 113
19 98 479
19 99 182
20 21 182
20 22 291
20 23 165
20 24 207
20 25 208
20 26 186
20 27 376
20 28 135
20 29 177
20 30 215
20 31 74
20 32 192
20 33 422
20 34 185
20 35 225
20 36 349
20 37 310
20 38 169
20 39 112
20 40 171
20 41 366
20 42 123
20 43 83
20 44 217
20 45 340
20 46 224
20 47 412
20 48 206
20 49 275
20 50 309
20 51 121
20 52 210
20 53 134
20 54 96
20 55 110
20 56 399
20 57 354
20 58 474
20 59 246
20 60 268
20 61 261
20 62 233
20 63 338
20 64 361
20 65 307
20 66 99
20 67 74
20 68 78
20 69 324
20 70 442
20 71 189
20 72 250
20 73 300
20 74 247
20 75 175
20 76 242
20 77 318
20 78 132
20 79 67
20 80 221
20 81 99
20 82 94
20 83 31
20 84 204
20 85 297
20 86 319
20 87 286
20 88 125
20 89 227
20 90 139
20 91 231
20 92 293
20 93 172
20 94 273
20 95 85
20 96 389
20 97 144
20 98 416
20 99 164
21 22 458
21 23 345
21 24 387
21 25 391
21 26 154
21 27 405
21 28 309
21 29 113
21 30 384
21 31 210
21 32 220
21 33 576
21 34 220
21 35 64
21 36 452
21 37 490
21 38 351
21 39 267
21 40 352
21 41 447
21 42 208
21 43 99
21 44 360
21 45 520
21 46 368
21 47 512
21 48 269
21 49 282
21 50 317
21 51 304
21 52 392
21 53 275
21 54 238
21 55 258
21 56 528
21 57 508
21 58 639
21 59 255
21 60 434
21 61 443
21 62 211
21 63 510
21 64 387
21 65 312
21 66 280
21 67 205
21 68 110
21 69 457
21 70 492
21 71 337
21 72 240
21 73 345
21 74 428
21 75 342
21 76 391
21 77 477
21 78 300
21 79 219
21 80 403
21 81 167
21 82 273
21 83 151
21 84 359
21 85 394
21 86 500
21 87 348
21 88 182
21 89 384
21 90 150
21 91 308
21 92 452
21 93 345
21 94 454
21 95 172
21 96 489
21 97 291
21 98 449
21 99 60
22 23 209
22 24 198
22 25 172
22 26 372
22 27 360
22 28 157
22 29 395
22 30 261
22 31 247
22 32 312
22 33 139
22 34 304
22 35 479
22 36 207
22 37 104
22 38 184
22 39 190
22 40 144
22 41 262
22 42 265
22 43 367
22 44 118
22 45 118
22 46 111
22 47 245
22 48 265
22 49 349
22 50 361
22 51 199
22 52 134
22 53 186
22 54 318
22 55 200
22 56 173
22 57 79
22 58 183
22 59 340
22 60 23
22 61 133
22 62 371
22 63 57
22 64 357
22 65 363
22 66 197
22 67 253
22 68 349
22 69 127
22 70 362
22 71 320
22 72 363
22 73 303
22 74 111
22 75 268
22 76 335
22 77 41
22 78 160
22 79 306
22 80 128
22 81 297
22 82 199
22 83 321
22 84 307
22 85 207
22 86 115
22 87 271
22 88 295
22 89 79
22 90 335
22 91 243
22 92 36
22 93 121
22 94 108
22 95 362
22 96 232
22 97 313
22 98 376
22 99 417
23 24 42
23 25 52
23 26 335
23 27 456
23 28 108
23 29 336
23 30 70
23 31 183
23 32 313
23 33 348
23 34 304
23 35 390
23 36 362
23 37 174
23 38 25
23 39 156
23 40 70
23 41 402
23 42 238
23 43 246
23 44 212
23 45 202
23 46 214
23 47 418
23 48 297
23 49 386
23 50 414
23 51 54
23 52 77
23 53 180
23 54 131
23 55 167
23 56 369
23 57 287
23 58 373
23 59 363
23 60 192
23 61 113
23 62 368
23 63 232
23 64 445
23 65 414
23 66 91
23 67 189
23 68 243
23 69 303
23 70 496
23 71 111
23 72 376
23 73 381
23 74 113
23 75 60
23 76 136
23 77 248
23 78 129
23 79 134
23 80 87
23 81 240
23 82 103
23 83 194
23 84 102
23 85 329
23 86 180
23 87 356
23 88 258
23 89 189
23 90 286
23 91 304
23 92 231
23 93 113
23 94 136
23 95 195
23 96 398
23 97 107
23 98 488
23 99 330
24 25 25
24 26 373
24 27 478
24 28 132
24 29 375
24 30 62
24 31 220
24 32 346
24 33 333
24 34 337
24 35 432
24 36 371
24 37 144
24 38 43
24 39 186
24 40 82
24 41 415
24 42 273
24 43 288
24 44 224
24 45 169
24 46 225
24 47 423
24 48 326
24 49 416
24 50 443
24 51 91
24 52 64
24 53 208
24 54 170
24 55 198
24 56 366
24 57 277
24 58 349
24 59 395
24 60 185
24 61 82
24 62 403
24 63 211
24 64 469
24 65 442
24 66 126
24 67 226
24 68 285
24 69 305
24 70 512
24 71 129
24 72 409
24 73 405
24 74 91
24 75 79
24 76 137
24 77 239
24 78 154
24 79 175
24 80 69
24 81 278
24 82 137
24 83 236
24 84 112
24 85 344
24 86 148
24 87 378
24 88 294
24 89 195
24 90 325
24 91 328
24 92 225
24 93 126
24 94 108
24 95 236
24 96 405
24 97 138
24 98 508
24 99 371
25 26 366
25 27 459
25 28 117
25 29 371
25 30 88
25 31 213
25 32 334
25 33 307
25 34 325
25 35 432
25 36 347
25 37 123
25 38 39
25 39 173
25 40 63
25 41 392
25 42 263
25 43 291
25 44 202
25 45 150
25 46 203
25 47 399
25 48 311
25 49 402
25 50 427
25 51 87
25 52 38
25 53 193
25 54 183
25 55 186
25 56 341
25 57 251
25 58 326
25 59 381
25 60 159
25 61 62
25 62 392
25 63 186
25 64 450
25 65 427
25 66 119
25 67 219
25 68 285
25 69 280
25 70 489
25 71 153
25 72 396
25 73 386
25 74 66
25 75 101
25 76 163
25 77 213
25 78 139
25 79 185
25 80 43
25 81 271
25 82 130
25 83 239
25 84 137
25 85 322
25 86 128
25 87 359
25 88 286
25 89 171
25 90 318
25 91 310
25 92 199
25 93 105
25 94 86
25 95 246
25 96 381
25 97 157
25 98 488
25 99 370
26 27 251
26 28 255
26 29 41
26 30 395
26 31 153
26 32 74
26 33 467
26 34 78
26 35 131
26 36 313
26 37 433
26 38 330
26 39 199
26 40 309
26 41 300
26 42 109
26 43 150
26 44 257
26 45 462
26 46 265
26 47 369
26 48 130
26 49 128
26 50 163
26 51 282
26 52 351
26 53 191
26 54 280
26 55 186
26 56 401
26 57 403
26 58 541
26 59 101
26 60 350
26 61 402
26 62 60
26 63 429
26 64 233
26 65 159
26 66 247
26 67 147
26 68 127
26 69 335
26 70 338
26 71 375
26 72 87
26 73 192
26 74 380
26 75 358
26 76 428
26 77 380
26 78 237
26 79 251
26 80 360
26 81 95
26 82 236
26 83 172
26 84 390
26 85 256
26 86 445
26 87 200
26 88 81
26 89 292
26 90 48
26 91 168
26 92 355
26 93 284
26 94 403
26 95 239
26 96 347
26 97 330
26 98 294
26 99 94
27 28 348
27 29 291
27 30 526
27 31 305
27 32 195
27 33 375
27 34 199
27 35 373
27 36 173
27 37 459
27 38 438
27 39 304
27 40 397
27 41 119
27 42 252
27 43 383
27 44 262
27 45 478
27 46 264
27 47 191
27 48 171
27 49 123
27 50 90
27 51 406
27 52 427
27 53 277
27 54 469
27 55 295
27 56 271
27 57 338
27 58 461
27 59 150
27 60 349
27 61 462
27 62 195
27 63 411
27 64 18
27 65 95
27 66 372
27 67 304
27 68 355
27 69 249
27 70 92
27 71 541
27 72 166
27 73 77
27 74 435
27 75 504
27 76 585
27 77 339
27 78 327
27 79 440
27 80 430
27 81 285
27 82 361
27 83 381
27 84 546
27 85 153
27 86 471
27 87 100
27 88 257
27 89 301
27 90 268
27 91 153
27 92 326
27 93 353
27 94 447
27 95 455
27 96 180
27 97 505
27 98 43
27 99 345
28 29 266
28 30 178
28 31 106
28 32 217
28 33 291
28 34 208
28 35 339
28 36 260
28 37 183
28 38 90
28 39 57
28 40 56
28 41 296
28 42 148
28 43 214
28 44 110
28 45 213
28 46 114
28 47 320
28 48 193
28 49 284
28 50 310
28 51 63
28 52 97
28 53 75
28 54 171
28 55 70
28 56 285
28 57 224
28 58 339
28 59 264
28 60 134
28 61 146
28 62 276
28 63 203
28 64 337
28 65 310
28 66 43
28 67 112
28 68 199
28 69 212
28 70 388
28 71 205
28 72 279
28 73 273
28 74 126
28 75 161
28 76 241
28 77 186
28 78 21
28 79 153
28 80 105
28 81 164
28 82 42
28 83 165
28 84 203
28 85 223
28 86 194
28 87 248
28 88 173
28 89 102
28 90 209
28 91 196
28 92 163
28 93 36
28 94 150
28 95 206
28 96 299
28 97 181
28 98 380
28 99 276
29 30 391
29 31 160
29 32 112
29 33 497
29 34 115
29 35 93
29 36 351
29 37 449
29 38 333
29 39 213
29 40 319
29 41 340
29 42 129
29 43 125
29 44 284
29 45 478
29 46 292
29 47 408
29 48 166
29 49 168
29 50 203
29 51 285
29 52 361
29 53 210
29 54 265
29 55 201
29 56 436
29 57 432
29 58 568
29 59 142
29 60 372
29 61 412
29 62 98
29 63 451
29 64 274
29 65 198
29 66 251
29 67 154
29 68 107
29 69 368
29 70 379
29 71 364
29 72 126
29 73 233
29 74 392
29 75 352
29 76 418
29 77 406
29 78 250
29 79 238
29 80 371
29 81 102
29 82 241
29 83 157
29 84 380
29 85 293
29 86 460
29 87 240
29 88 99
29 89 316
29 90 59
29 91 205
29 92 381
29 93 299
29 94 416
29 95 217
29 96 386
29 97 317
29 98 335
29 99 54
30 31 247
30 32 379
30 33 395
30 34 370
30 35 436
30 36 429
30 37 200
30 38 90
30 39 225
30 40 136
30 41 470
30 42 304
30 43 289
30 44 280
30 45 223
30 46 282
30 47 483
30 48 367
30 49 454
30 50 483
30 51 121
30 52 127
30 53 250
30 54 150
30 55 236
30 56 429
30 57 340
30 58 408
30 59 431
30 60 247
30 61 140
30 62 432
30 63 272
30 64 516
30 65 482
30 66 158
30 67 252
30 68 292
30 69 366
30 70 566
30 71 77
30 72 441
30 73 451
30 74 152
30 75 43
30 76 74
30 77 302
30 78 199
30 79 165
30 80 132
30 81 300
30 82 170
30 83 240
30 84 54
30 85 398
30 86 202
30 87 426
30 88 321
30 89 254
30 90 346
30 91 374
30 92 288
30 93 181
30 94 168
30 95 219
30 96 465
30 97 103
30 98 559
30 99 378
31 32 132
31 33 367
31 34 124
31 35 235
31 36 276
31 37 289
31 38 177
31 39 56
31 40 158
31 41 292
31 42 57
31 43 125
31 44 154
31 45 318
31 46 162
31 47 339
31 48 134
31 49 212
31 50 244
31 51 130
31 52 200
31 53 67
31 54 163
31 55 47
31 56 333
31 57 299
31 58 428
31 59 186
31 60 224
31 61 251
31 62 184
31 63 300
31 64 291
31 65 243
31 66 94
31 67 6
31 68 103
31 69 258
31 70 368
31 71 242
31 72 195
31 73 228
31 74 232
31 75 214
31 76 291
31 77 267
31 78 91
31 79 134
31 80 210
31 81 59
31 82 83
31 83 91
31 84 251
31 85 223
31 86 300
31 87 213
31 88 74
31 89 173
31 90 105
31 91 157
31 92 241
31 93 140
31 94 256
31 95 159
31 96 316
31 97 201
31 98 344
31 99 172
32 33 397
32 34 9
32 35 205
32 36 239
32 37 384
32 38 302
32 39 160
32 40 273
32 41 228
32 42 75
32 43 188
32 44 194
32 45 411
32 46 201
32 47 296
32 48 56
32 49 82
32 50 118
32 51 258
32 52 313
32 53 144
32 54 288
32 55 148
32 56 327
32 57 335
32 58 473
32 59 54
32 60 291
32 61 361
32 62 60
32 63 369
32 64 178
32 65 115
32 66 221
32 67 128
32 68 160
32 69 263
32 70 275
32 71 374
32 72 62
32 73 126
32 74 337
32 75 347
32 76 423
32 77 315
32 78 196
32 79 258
32 80 321
32 81 94
32 82 209
32 83 190
32 84 384
32 85 182
32 86 396
32 87 128
32 88 66
32 89 233
32 90 73
32 91 94
32 92 291
32 93 241
32 94 358
32 95 264
32 96 273
32 97 332
32 98 237
32 99 161
33 34 390
33 35 587
33 36 201
33 37 207
33 38 323
33 39 314
33 40 284
33 41 256
33 42 371
33 43 492
33 44 215
33 45 200
33 46 208
33 47 201
33 48 342
33 49 408
33 50 408
33 51 338
33 52 272
33 53 300
33 54 457
33 55 320
33 56 108
33 57 68
33 58 86
33 59 409
33 60 160
33 61 258
33 62 450
33 63 127
33 64 378
33 65 412
33 66 334
33 67 372
33 68 470
33 69 136
33 70 341
33 71 459
33 72 434
33 73 342
33 74 242
33 75 407
33 76 469
33 77 104
33 78 290
33 79 443
33 80 264
33 81 409
33 82 333
33 83 450
33 84 444
33 85 237
33 86 211
33 87 313
33 88 400
33 89 195
33 90 438
33 91 309
33 92 128
33 93 258
33 94 230
33 95 498
33 96 202
33 97 452
33 98 375
33 99 528
34 35 207
34 36 236
34 37 375
34 38 293
34 39 151
34 40 264
34 41 227
34 42 66
34 43 184
34 44 186
34 45 402
34 46 194
34 47 293
34 48 51
34 49 89
34 50 124
34 51 250
34 52 304
34 53 135
34 54 281
34 55 139
34 56 322
34 57 328
34 58 467
34 59 62
34 60 283
34 61 352
34 62 69
34 63 361
34 64 182
34 65 121
34 66 212
34 67 120
34 68 156
34 69 258
34 70 277
34 71 366
34 72 71
34 73 128
34 74 328
34 75 338
34 76 415
34 77 307
34 78 187
34 79 251
34 80 312
34 81 88
34 82 201
34 83 184
34 84 376
34 85 178
34 86 387
34 87 128
34 88 60
34 89 224
34 90 72
34 91 90
34 92 284
34 93 232
34 94 349
34 95 258
34 96 271
34 97 324
34 98 241
34 99 161
35 36 444
35 37 523
35 38 393
35 39 290
35 40 387
35 41 431
35 42 216
35 43 147
35 44 372
35 45 553
35 46 380
35 47 501
35 48 259
35 49 251
35 50 283
35 51 345
35 52 429
35 53 293
35 54 294
35 55 280
35 56 528
35 57 521
35 58 656
35 59 227
35 60 456
35 61 480
35 62 179
35 63 533
35 64 355
35 65 278
35 66 316
35 67 228
35 68 147
35 69 460
35 70 463
35 71 394
35 72 208
35 73 321
35 74 463
35 75 394
35 76 448
35 77 493
35 78 326
35 79 272
35 80 439
35 81 181
35 82 308
35 83 196
35 84 415
35 85 386
35 86 534
35 87 331
35 88 186
35 89 401
35 90 148
35 91 298
35 92 468
35 93 374
35 94 488
35 95 231
35 96 479
35 97 348
35 98 416
35 99 63
36 37 312
36 38 338
36 39 243
36 40 292
36 41 57
36 42 248
36 43 392
36 44 150
36 45 325
36 46 147
36 47 63
36 48 184
36 49 222
36 50 214
36 51 324
36 52 309
36 53 216
36 54 421
36 55 240
36 56 101
36 57 168
36 58 288
36 59 232
36 60 204
36 61 330
36 62 279
36 63 250
36 64 177
36 65 218
36 66 298
36 67 278
36 68 365
36 69 82
36 70 155
36 71 466
36 72 257
36 73 149
36 74 304
36 75 419
36 76 498
36 77 177
36 78 244
36 79 397
36 80 309
36 81 291
36 82 291
36 83 367
36 84 462
36 85 57
36 86 322
36 87 123
36 88 270
36 89 175
36 90 302
36 91 145
36 92 171
36 93 248
36 94 310
36 95 434
36 96 40
36 97 440
36 98 177
36 99 395
37 38 155
37 39 236
37 40 139
37 41 366
37 42 324
37 43 393
37 44 203
37 45 30
37 46 198
37 47 349
37 48 345
37 49 435
37 50 451
37 51 193
37 52 102
37 53 243
37 54 304
37 55 248
37 56 271
37 57 168
37 58 207
37 59 421
37 60 110
37 61 61
37 62 445
37 63 80
37 64 455
37 65 453
37 66 210
37 67 295
37 68 381
37 69 231
37 70 466
37 71 273
37 72 441
37 73 397
37 74 63
37 75 223
37 76 272
37 77 140
37 78 198
37 79 301
37 80 91
37 81 347
37 82 217
37 83 341
37 84 254
37 85 308
37 86 12
37 87 366
37 88 352
37 89 161
37 90 390
37 91 330
37 92 140
37 93 149
37 94 38
37 95 362
37 96 337
37 97 281
37 98 479
37 99 460
38 39 142
38 40 46
38 41 380
38 42 229
38 43 252
38 44 189
38 45 183
38 46 191
38 47 394
38 48 283
38 49 373
38 50 400
38 51 49
38 52 54
38 53 165
38 54 149
38 55 154
38 56 344
38 57 262
38 58 350
38 59 351
38 60 166
38 61 96
38 62 359
38 63 208
38 64 428
38 65 399
38 66 83
38 67 183
38 68 246
38 69 278
38 70 475
38 71 137
38 72 365
38 73 363
38 74 92
38 75 85
38 76 160
38 77 223
38 78 112
38 79 147
38 80 64
38 81 235
38 82 94
38 83 200
38 84 127
38 85 308
38 86 162
38 87 338
38 88 250
38 89 165
38 90 282
38 91 286
38 92 205
38 93 90
38 94 116
38 95 209
38 96 375
38 97 131
38 98 469
38 99 331
39 40 113
39 41 269
39 42 91
39 43 178
39 44 105
39 45 265
39 46 112
39 47 305
39 48 141
39 49 231
39 50 258
39 51 103
39 52 154
39 53 28
39 54 179
39 55 13
39 56 287
39 57 245
39 58 372
39 59 209
39 60 167
39 61 203
39 62 219
39 63 243
39 64 292
39 65 258
39 66 67
39 67 62
39 68 158
39 69 212
39 70 355
39 71 237
39 72 223
39 73 228
39 74 181
39 75 200
39 76 280
39 77 212
39 78 38
39 79 154
39 80 162
39 81 111
39 82 56
39 83 137
39 84 241
39 85 196
39 86 247
39 87 205
39 88 117
39 89 118
39 90 154
39 91 151
39 92 186
39 93 86
39 94 204
39 95 195
39 96 283
39 97 204
39 98 339
39 99 228
40 41 334
40 42 204
40 43 253
40 44 143
40 45 169
40 46 145
40 47 347
40 48 248
40 49 339
40 50 364
40 51 57
40 52 42
40 53 131
40 54 176
40 55 126
40 56 299
40 57 221
40 58 318
40 59 319
40 60 125
40 61 93
40 62 332
40 63 177
40 64 387
40 65 364
40 66 71
40 67 164
40 68 243
40 69 232
40 70 430
40 71 181
40 72 335
40 73 324
40 74 76
40 75 130
40 76 206
40 77 182
40 78 77
40 79 167
40 80 52
40 81 217
40 82 79
40 83 202
40 84 173
40 85 263
40 86 148
40 87 296
40 88 228
40 89 118
40 90 263
40 91 247
40 92 162
40 93 44
40 94 102
40 95 227
40 96 328
40 97 169
40 98 426
40 99 324
41 42 254
41 43 399
41 44 190
41 45 381
41 46 189
41 47 77
41 48 178
41 49 192
41 50 176
41 51 359
41 52 355
41 53 241
41 54 447
41 55 264
41 56 151
41 57 226
41 58 343
41 59 207
41 60 257
41 61 381
41 62 257
41 63 307
41 64 126
41 65 181
41 66 330
41 67 293
41 68 371
41 69 139
41 70 99
41 71 501
41 72 231
41 73 115
41 74 354
41 75 457
41 76 537
41 77 234
41 78 278
41 79 421
41 80 356
41 81 296
41 82 322
41 83 380
41 84 500
41 85 73
41 86 377
41 87 100
41 88 272
41 89 221
41 90 297
41 91 142
41 92 226
41 93 290
41 94 362
41 95 452
41 96 61
41 97 472
41 98 120
41 99 388
42 43 145
42 44 156
42 45 352
42 46 164
42 47 310
42 48 82
42 49 154
42 50 187
42 51 184
42 52 245
42 53 82
42 54 218
42 55 78
42 56 320
42 57 304
42 58 440
42 59 128
42 60 243
42 61 294
42 62 129
42 63 322
42 64 237
42 65 185
42 66 147
42 67 54
42 68 117
42 69 248
42 70 321
42 71 300
42 72 137
42 73 177
42 74 272
42 75 272
42 76 349
42 77 277
42 78 128
42 79 188
42 80 253
42 81 42
42 82 135
42 83 129
42 84 309
42 85 192
42 86 336
42 87 166
42 88 30
42 89 187
42 90 69
42 91 113
42 92 252
42 93 176
42 94 294
42 95 203
42 96 287
42 97 259
42 98 293
42 99 158
43 44 279
43 45 423
43 46 287
43 47 454
43 48 223
43 49 267
43 50 303
43 51 204
43 52 293
43 53 192
43 54 148
43 55 172
43 56 457
43 57 424
43 58 550
43 59 237
43 60 344
43 61 344
43 62 208
43 63 416
43 64 366
43 65 300
43 66 182
43 67 121
43 68 28
43 69 382
43 70 460
43 71 248
43 72 232
43 73 312
43 74 330
43 75 246
43 76 303
43 77 390
43 78 207
43 79 125
43 80 304
43 81 103
43 82 176
43 83 52
43 84 268
43 85 336
43 86 402
43 87 307
43 88 128
43 89 297
43 90 116
43 91 257
43 92 365
43 93 251
43 94 356
43 95 92
43 96 431
43 97 202
43 98 426
43 99 92
44 45 226
44 46 7
44 47 209
44 48 147
44 49 233
44 50 248
44 51 173
44 52 167
44 53 86
44 54 277
44 55 108
44 56 182
44 57 148
44 58 284
44 59 223
44 60 99
44 61 199
44 62 254
44 63 175
44 64 255
44 65 250
44 66 150
44 67 158
44 68 256
44 69 107
44 70 287
44 71 315
44 72 245
44 73 195
44 74 172
44 75 269
44 76 348
44 77 122
44 78 96
44 79 255
44 80 169
44 81 193
44 82 144
44 83 242
44 84 312
44 85 119
44 86 215
44 87 165
44 88 186
44 89 42
44 90 225
44 91 128
44 92 97
44 93 99
44 94 186
44 95 300
44 96 188
44 97 291
44 98 287
44 99 313
45 46 221
45 47 358
45 48 370
45 49 459
45 50 474
45 51 222
45 52 132
45 53 271
45 54 332
45 55 277
45 56 275
45 57 172
45 58 189
45 59 446
45 60 129
45 61 88
45 62 471
45 63 79
45 64 474
45 65 476
45 66 240
45 67 325
45 68 411
45 69 243
45 70 480
45 71 297
45 72 467
45 73 418
45 74 93
45 75 249
45 76 292
45 77 148
45 78 227
45 79 330
45 80 120
45 81 376
45 82 247
45 83 371
45 84 277
45 85 325
45 86 21
45 87 387
45 88 381
45 89 184
45 90 419
45 91 354
45 92 154
45 93 179
45 94 67
45 95 392
45 96 347
45 97 307
45 98 495
45 99 490
46 47 205
46 48 153
46 49 239
46 50 253
46 51 177
46 52 167
46 53 94
46 54 282
46 55 116
46 56 175
46 57 141
46 58 276
46 59 229
46 60 93
46 61 197
46 62 260
46 63 169
46 64 258
46 65 255
46 66 155
46 67 166
46 68 264
46 69 101
46 70 287
46 71 319
46 72 251
46 73 199
46 74 170
46 75 272
46 76 350
46 77 114
46 78 101
46 79 261
46 80 168
46 81 201
46 82 149
46 83 249
46 84 315
46 85 119
46 86 210
46 87 168
46 88 193
46 89 37
46 90 232
46 91 133
46 92 90
46 93 101
46 94 183
46 95 307
46 96 185
46 97 295
46 98 288
46 99 321
47 48 242
47 49 268
47 50 253
47 51 383
47 52 360
47 53 279
47 54 483
47 55 303
47 56 93
47 57 189
47 58 286
47 59 281
47 60 247
47 61 375
47 62 331
47 63 279
47 64 201
47 65 258
47 66 359
47 67 341
47 68 427
47 69 120
47 70 141
47 71 524
47 72 306
47 73 191
47 74 350
47 75 476
47 76 554
47 77 209
47 78 305
47 79 459
47 80 358
47 81 353
47 82 352
47 83 430
47 84 519
47 85 118
47 86 358
47 87 172
47 88 332
47 89 228
47 90 361
47 91 204
47 92 210
47 93 305
47 94 352
47 95 497
47 96 23
47 97 500
47 98 181
47 99 454
48 49 91
48 50 116
48 51 245
48 52 285
48 53 117
48 54 298
48 55 130
48 56 271
48 57 282
48 58 420
48 59 76
48 60 246
48 61 329
48 62 109
48 63 322
48 64 156
48 65 116
48 66 208
48 67 132
48 68 194
48 69 208
48 70 239
48 71 373
48 72 98
48 73 94
48 74 303
48 75 340
48 76 419
48 77 264
48 78 171
48 79 269
48 80 291
48 81 120
48 82 197
48 83 212
48 84 380
48 85 127
48 86 357
48 87 84
48 88 94
48 89 187
48 90 119
48 91 39
48 92 241
48 93 210
48 94 322
48 95 286
48 96 220
48 97 335
48 98 210
48 99 211
49 50 36
49 51 333
49 52 377
49 53 208
49 54 371
49 55 219
49 56 322
49 57 355
49 58 491
49 59 29
49 60 332
49 61 420
49 62 72
49 63 406
49 64 105
49 65 32
49 66 296
49 67 209
49 68 240
49 69 271
49 70 212
49 71 455
49 72 43
49 73 77
49 74 395
49 75 425
49 76 503
49 77 343
49 78 262
49 79 341
49 80 383
49 81 177
49 82 284
49 83 273
49 84 463
49 85 173
49 86 447
49 87 99
49 88 149
49 89 275
49 90 150
49 91 106
49 92 322
49 93 302
49 94 413
49 95 346
49 96 249
49 97 413
49 98 166
49 99 222
50 51 361
50 52 399
50 53 234
50 54 405
50 55 247
50 56 315
50 57 359
50 58 493
50 59 65
50 60 346
50 61 441
50 62 105
50 63 417
50 64 72
50 65 5
50 66 324
50 67 241
50 68 276
50 69 272
50 70 181
50 71 486
50 72 76
50 73 65
50 74 415
50 75 455
50 76 534
50 77 350
50 78 288
50 79 375
50 80 405
50 81 212
50 82 313
50 83 308
50 84 494
50 85 171
50 86 463
50 87 95
50 88 184
50 89 290
50 90 186
50 91 120
50 92 332
50 93 324
50 94 432
50 95 382
50 96 235
50 97 446
50 98 133
50 99 257
51 52 90
51 53 129
51 54 119
51 55 114
51 56 344
51 57 273
51 58 375
51 59 309
51 60 178
51 61 140
51 62 314
51 63 234
51 64 395
51 65 361
51 66 37
51 67 135
51 68 198
51 69 273
51 70 451
51 71 142
51 72 321
51 73 330
51 74 129
51 75 98
51 76 179
51 77 234
51 78 82
51 79 110
51 80 101
51 81 187
51 82 49
51 83 152
51 84 141
51 85 286
51 86 201
51 87 307
51 88 204
51 89 160
51 90 234
51 91 253
51 92 213
51 93 83
51 94 154
51 95 170
51 96 362
51 97 119
51 98 440
51 99 282
52 53 170
52 54 202
52 55 167
52 56 302
52 57 214
52 58 296
52 59 358
52 60 120
52 61 51
52 62 373
52 63 154
52 64 419
52 65 400
52 66 112
52 67 206
52 68 283
52 69 241
52 70 454
52 71 187
52 72 375
52 73 356
52 74 39
52 75 135
52 76 201
52 77 175
52 78 117
52 79 198
52 80 11
52 81 259
52 82 121
52 83 241
52 84 173
52 85 286
52 86 111
52 87 327
52 88 270
52 89 134
52 90 305
52 91 281
52 92 160
52 93 75
52 94 64
52 95 259
52 96 343
52 97 185
52 98 454
52 99 366
53 54 206
53 55 24
53 56 266
53 57 232
53 58 364
53 59 188
53 60 163
53 61 217
53 62 204
53 63 241
53 64 265
53 65 234
53 66 94
53 67 72
53 68 170
53 69 191
53 70 326
53 71 265
53 72 204
53 73 201
53 74 193
53 75 227
53 76 307
53 77 202
53 78 54
53 79 180
53 80 177
53 81 112
53 82 84
53 83 156
53 84 268
53 85 169
53 86 254
53 87 178
53 88 111
53 89 108
53 90 150
53 91 124
53 92 176
53 93 97
53 94 214
53 95 219
53 96 256
53 97 232
53 98 312
53 99 232
54 55 183
54 56 456
54 57 392
54 58 495
54 59 343
54 60 297
54 61 245
54 62 329
54 63 353
54 64 454
54 65 403
54 66 128
54 67 165
54 68 159
54 69 382
54 70 529
54 71 100
54 72 346
54 73 392
54 74 241
54 75 107
54 76 155
54 77 353
54 78 180
54 79 29
54 80 213
54 81 195
54 82 132
54 83 108
54 84 121
54 85 375
54 86 311
54 87 375
54 88 222
54 89 273
54 90 234
54 91 320
54 92 331
54 93 200
54 94 265
54 95 69
54 96 461
54 97 54
54 98 508
54 99 240
55 56 289
55 57 252
55 58 380
55 59 196
55 60 176
55 61 216
55 62 206
55 63 253
55 64 283
55 65 246
55 66 77
55 67 53
55 68 150
55 69 214
55 70 348
55 71 246
55 72 210
55 73 218
55 74 194
55 75 210
55 76 290
55 77 219
55 78 50
55 79 157
55 80 175
55 81 99
55 82 66
55 83 133
55 84 250
55 85 192
55 86 259
55 87 197
55 88 105
55 89 126
55 90 142
55 91 142
55 92 194
55 93 98
55 94 217
55 95 195
55 96 281
55 97 211
55 98 331
55 99 218
56 57 103
56 58 194
56 59 328
56 60 182
56 61 307
56 62 374
56 63 195
56 64 277
56 65 319
56 66 328
56 67 336
56 68 431
56 69 74
56 70 233
56 71 480
56 72 353
56 73 249
56 74 284
56 75 429
56 76 502
56 77 132
56 78 276
56 79 436
56 80 298
56 81 362
56 82 324
56 83 423
56 84 471
56 85 149
56 86 279
56 87 223
56 88 346
56 89 184
56 90 381
56 91 233
56 92 141
56 93 261
56 94 281
56 95 482
56 96 94
56 97 463
56 98 268
56 99 475
57 58 138
57 59 352
57 60 96
57 61 209
57 62 391
57 63 92
57 64 338
57 65 362
57 66 267
57 67 304
57 68 402
57 69 89
57 70 320
57 71 399
57 72 377
57 73 295
57 74 190
57 75 347
57 76 414
57 77 39
57 78 221
57 79 376
57 80 207
57 81 342
57 82 266
57 83 381
57 84 387
57 85 189
57 86 176
57 87 263
57 88 334
57 89 127
57 90 373
57 91 251
57 92 61
57 93 192
57 94 182
57 95 430
57 96 181
57 97 390
57 98 345
57 99 462
58 59 490
58 60 206
58 61 267
58 62 529
58 63 142
58 64 465
58 65 496
58 66 379
58 67 434
58 68 531
58 69 220
58 70 427
58 71 478
58 72 515
58 73 428
58 74 260
58 75 427
58 76 479
58 77 162
58 78 343
58 79 485
58 80 286
58 81 475
58 82 381
58 83 504
58 84 460
58 85 321
58 86 207
58 87 397
58 88 470
58 89 255
58 90 509
58 91 389
58 92 188
58 93 303
58 94 240
58 95 543
58 96 288
58 97 481
58 98 462
58 99 596
59 60 322
59 61 403
59 62 49
59 63 398
59 64 132
59 65 62
59 66 272
59 67 182
59 68 210
59 69 272
59 70 237
59 71 428
59 72 25
59 73 94
59 74 378
59 75 400
59 76 477
59 77 337
59 78 242
59 79 313
59 80 365
59 81 148
59 82 260
59 83 243
59 84 438
59 85 178
59 86 433
59 87 109
59 88 120
59 89 264
59 90 121
59 91 101
59 92 315
59 93 284
59 94 398
59 95 317
59 96 261
59 97 386
59 98 193
59 99 195
60 61 128
60 62 352
60 63 78
60 64 345
60 65 348
60 66 175
60 67 229
60 68 325
60 69 127
60 70 357
60 71 304
60 72 344
60 73 289
60 74 103
60 75 252
60 76 321
60 77 57
60 78 136
60 79 284
60 80 116
60 81 275
60 82 176
60 83 298
60 84 292
60 85 197
60 86 121
60 87 257
60 88 273
60 89 58
60 90 312
60 91 226
60 92 40
60 93 99
60 94 105
60 95 340
60 96 232
60 97 294
60 98 368
60 99 394
61 62 421
61 63 132
61 64 455
61 65 442
61 66 164
61 67 258
61 68 335
61 69 255
61 70 480
61 71 211
61 72 421
61 73 394
61 74 26
61 75 161
61 76 213
61 77 175
61 78 165
61 79 244
61 80 41
61 81 310
61 82 172
61 83 292
61 84 193
61 85 315
61 86 66
61 87 364
61 88 320
61 89 161
61 90 356
61 91 321
61 92 167
61 93 120
61 94 28
61 95 306
61 96 360
61 97 219
61 98 486
61 99 418
62 63 429
62 64 177
62 65 100
62 66 277
62 67 179
62 68 183
62 69 315
62 70 284
62 71 420
62 72 29
62 73 144
62 74 397
62 75 398
62 76 472
62 77 373
62 78 256
62 79 300
62 80 381
62 81 135
62 82 265
62 83 224
62 84 433
62 85 225
62 86 457
62 87 158
62 88 111
62 89 293
62 90 95
62 91 142
62 92 350
62 93 301
62 94 418
62 95 294
62 96 310
62 97 376
62 98 238
62 99 152
63 64 409
63 65 420
63 66 240
63 67 306
63 68 400
63 69 168
63 70 405
63 71 339
63 72 421
63 73 358
63 74 120
63 75 288
63 76 345
63 77 73
63 78 210
63 79 344
63 80 145
63 81 352
63 82 243
63 83 368
63 84 323
63 85 258
63 86 86
63 87 326
63 88 352
63 89 137
63 90 391
63 91 300
63 92 86
63 93 166
63 94 104
63 95 403
63 96 270
63 97 339
63 98 425
63 99 471
64 65 77
64 66 360
64 67 289
64 68 338
64 69 249
64 70 109
64 71 528
64 72 148
64 73 64
64 74 428
64 75 492
64 76 573
64 77 338
64 78 316
64 79 425
64 80 422
64 81 269
64 82 349
64 83 365
64 84 533
64 85 151
64 86 466
64 87 91
64 88 241
64 89 296
64 90 251
64 91 141
64 92 323
64 93 345
64 94 441
64 95 439
64 96 187
64 97 491
64 98 61
64 99 327
65 66 324
65 67 239
65 68 273
65 69 276
65 70 186
65 71 485
65 72 72
65 73 69
65 74 416
65 75 454
65 76 533
65 77 353
65 78 288
65 79 373
65 80 406
65 81 209
65 82 312
65 83 305
65 84 493
65 85 175
65 86 465
65 87 99
65 88 181
65 89 292
65 90 183
65 91 122
65 92 334
65 93 325
65 94 433
65 95 379
65 96 240
65 97 444
65 98 138
65 99 253
66 67 100
66 68 171
66 69 255
66 70 419
66 71 171
66 72 284
66 73 295
66 74 148
66 75 132
66 76 212
66 77 229
66 78 54
66 79 110
66 80 123
66 81 152
66 82 11
66 83 131
66 84 173
66 85 257
66 86 220
66 87 272
66 88 167
66 89 145
66 90 199
66 91 218
66 92 205
66 93 76
66 94 174
66 95 164
66 96 338
66 97 142
66 98 406
66 99 253
67 68 98
67 69 262
67 70 367
67 71 246
67 72 190
67 73 227
67 74 238
67 75 219
67 76 295
67 77 272
67 78 98
67 79 136
67 80 216
67 81 52
67 82 89
67 83 89
67 84 255
67 85 225
67 86 306
67 87 212
67 88 68
67 89 179
67 90 99
67 91 157
67 92 247
67 93 146
67 94 262
67 95 159
67 96 318
67 97 204
67 98 343
67 99 166
68 69 358
68 70 432
68 71 258
68 72 206
68 73 284
68 74 319
68 75 251
68 76 312
68 77 370
68 78 190
68 79 132
68 80 294
68 81 75
68 82 163
68 83 52
68 84 276
68 85 309
68 86 391
68 87 278
68 88 100
68 89 276
68 90 89
68 91 229
68 92 344
68 93 235
68 94 345
68 95 112
68 96 404
68 97 211
68 98 398
68 99 86
69 70 237
69 71 412
69 72 298
69 73 207
69 74 230
69 75 362
69 76 438
69 77 95
69 78 202
69 79 362
69 80 239
69 81 289
69 82 250
69 83 348
69 84 405
69 85 101
69 86 241
69 87 177
69 88 275
69 89 113
69 90 312
69 91 173
69 92 90
69 93 191
69 94 232
69 95 407
69 96 105
69 97 393
69 98 258
69 99 405
70 71 591
70 72 255
70 73 148
70 74 454
70 75 549
70 76 630
70 77 332
70 78 369
70 79 501
70 80 455
70 81 359
70 82 410
70 83 451
70 84 592
70 85 167
70 86 477
70 87 155
70 88 332
70 89 320
70 90 349
70 91 210
70 92 326
70 93 386
70 94 461
70 95 525
70 96 140
70 97 559
70 98 56
70 99 432
71 72 435
71 73 464
71 74 219
71 75 52
71 76 54
71 77 360
71 78 223
71 79 125
71 80 195
71 81 285
71 82 181
71 83 206
71 84 25
71 85 428
71 86 276
71 87 443
71 88 310
71 89 298
71 90 328
71 91 388
71 92 342
71 93 220
71 94 238
71 95 165
71 96 504
71 97 46
71 98 577
71 99 341
72 73 117
72 74 397
72 75 409
72 76 485
72 77 361
72 78 258
72 79 317
72 80 382
72 81 151
72 82 272
72 83 243
72 84 446
72 85 204
72 86 453
72 87 134
72 88 124
72 89 285
72 90 116
72 91 125
72 92 339
72 93 301
72 94 417
72 95 316
72 96 286
72 97 392
72 98 209
72 99 181
73 74 367
73 75 428
73 76 508
73 77 289
73 78 251
73 79 363
73 80 360
73 81 212
73 82 284
73 83 306
73 84 469
73 85 106
73 86 409
73 87 32
73 88 184
73 89 237
73 90 200
73 91 77
73 92 272
73 93 281
73 94 382
73 95 380
73 96 172
73 97 427
73 98 116
73 99 285
74 75 168
74 76 226
74 77 153
74 78 143
74 79 237
74 80 28
74 81 290
74 82 156
74 83 279
74 84 203
74 85 288
74 86 72
74 87 337
74 88 299
74 89 134
74 90 335
74 91 295
74 92 143
74 93 96
74 94 25
74 95 299
74 96 335
74 97 221
74 98 459
74 99 400
75 76 80
75 77 308
75 78 180
75 79 122
75 80 143
75 81 264
75 82 143
75 83 199
75 84 43
75 85 384
75 86 227
75 87 405
75 88 286
75 89 249
75 90 310
75 91 351
75 92 291
75 93 171
75 94 187
75 95 176
75 96 457
75 97 62
75 98 538
75 99 337
76 77 376
76 78 260
76 79 180
76 80 206
76 81 337
76 82 223
76 83 260
76 84 39
76 85 464
76 86 273
76 87 485
76 88 361
76 89 325
76 90 381
76 91 431
76 92 361
76 93 249
76 94 241
76 95 219
76 96 534
76 97 101
76 98 619
76 99 395
77 78 186
77 79 339
77 80 170
77 81 313
77 82 228
77 83 347
77 84 348
77 85 187
77 86 149
77 87 257
77 88 307
77 89 93
77 90 346
77 91 237
77 92 25
77 93 154
77 94 148
77 95 393
77 96 198
77 97 351
77 98 352
77 99 433
78 79 160
78 80 125
78 81 148
78 82 48
78 83 161
78 84 223
78 85 205
78 86 209
78 87 226
78 88 155
78 89 96
78 90 192
78 91 174
78 92 161
78 93 48
78 94 166
78 95 209
78 96 283
78 97 195
78 98 359
78 99 264
79 80 209
79 81 166
79 82 112
79 83 81
79 84 143
79 85 349
79 86 309
79 87 347
79 88 192
79 89 254
79 90 205
79 91 291
79 92 315
79 93 185
79 94 262
79 95 61
79 96 437
79 97 79
79 98 479
79 99 216
80 81 269
80 82 131
80 83 252
80 84 180
80 85 288
80 86 99
80 87 331
80 88 279
80 89 134
80 90 314
80 91 286
80 92 156
80 93 81
80 94 53
80 95 271
80 96 341
80 97 194
80 98 457
80 99 376
81 82 141
81 83 95
81 84 298
81 85 234
81 86 358
81 87 204
81 88 28
81 89 220
81 90 47
81 91 154
81 92 287
81 93 197
81 94 314
81 95 170
81 96 330
81 97 241
81 98 327
81 99 120
82 83 125
82 84 184
82 85 249
82 86 227
82 87 262
82 88 156
82 89 142
82 90 188
82 91 207
82 92 204
82 93 77
82 94 181
82 95 164
82 96 330
82 97 150
82 98 396
82 99 245
83 84 224
83 85 313
83 86 351
83 87 295
83 88 124
83 89 255
83 90 128
83 91 242
83 92 322
83 93 202
83 94 304
83 95 74
83 96 407
83 97 160
83 98 422
83 99 138
84 85 427
84 86 256
84 87 446
84 88 322
84 89 291
84 90 342
84 91 392
84 92 332
84 93 214
84 94 220
84 95 188
84 96 500
84 97 67
84 98 580
84 99 360
85 86 319
85 87 76
85 88 213
85 89 154
85 90 244
85 91 88
85 92 173
85 93 218
85 94 298
85 95 383
85 96 95
85 97 399
85 98 171
85 99 338
86 87 378
86 88 364
86 89 173
86 90 401
86 91 342
86 92 151
86 93 161
86 94 46
86 95 370
86 96 346
86 97 286
86 98 490
86 99 470
87 88 178
87 89 206
87 90 200
87 91 55
87 92 240
87 93 253
87 94 351
87 95 369
87 96 151
87 97 408
87 98 133
87 99 289
88 89 217
88 90 39
88 91 130
88 92 282
88 93 203
88 94 322
88 95 198
88 96 309
88 97 267
88 98 299
88 99 129
89 90 256
89 91 170
89 92 68
89 93 77
89 94 145
89 95 305
89 96 210
89 97 279
89 98 325
89 99 340
90 91 157
90 92 321
90 93 240
90 94 359
90 95 199
90 96 339
90 97 283
90 98 311
90 99 94
91 92 216
91 93 206
91 94 311
91 95 315
91 96 181
91 97 352
91 98 189
91 99 250
92 93 131
92 94 142
92 95 369
92 96 196
92 97 331
92 98 341
92 99 408
93 94 118
93 95 241
93 96 285
93 97 202
93 98 382
93 99 311
94 95 324
94 96 338
94 97 243
94 98 470
94 99 425
95 96 474
95 97 120
95 98 496
95 99 183
96 97 479
96 98 174
96 99 432
97 98 542
97 99 294
98 99 389
