100 4950
0 1 369
0 2 165
0 3 499
0 4 143
0 5 355
0 6 403
0 7 104
0 8 472
0 9 348
0 10 418
0 11 455
0 12 275
0 13 251
0 14 279
0 15 121
0 16 177
0 17 388
0 18 355
0 19 249
0 20 508
0 21 361
0 22 203
0 23 223
0 24 171
0 25 363
0 26 166
0 27 377
0 28 183
0 29 474
0 30 214
0 31 351
0 32 423
0 33 366
0 34 225
0 35 320
0 36 509
0 37 349
0 38 441
0 39 495
0 40 105
0 41 236
0 42 344
0 43 283
0 44 172
0 45 324
0 46 415
0 47 168
0 48 17
0 49 280
0 50 250
0 51 10
0 52 307
0 53 188
0 54 412
0 55 484
0 56 235
0 57 210
0 58 357
0 59 293
0 60 130
0 61 382
0 62 115
0 63 247
0 64 168
0 65 475
0 66 289
0 67 217
0 68 153
0 69 78
0 70 246
0 71 221
0 72 142
0 73 353
0 74 253
0 75 251
0 76 266
0 77 56
0 78 276
0 79 217
0 80 415
0 81 220
0 82 507
0 83 94
0 84 181
0 85 153
0 86 366
0 87 249
0 88 460
0 89 458
0 90 410
0 91 212
0 92 474
0 93 258
0 94 332
0 95 203
0 96 448
0 97 255
0 98 267
0 99 121
1 2 475
1 3 467
1 4 438
1 5 184
1 6 192
1 7 265
1 8 259
1 9 282
1 10 49
1 11 159
1 12 113
1 13 297
1 14 239
1 15 350
1 16 488
1 17 412
1 18 178
1 19 268
1 20 149
1 21 352
1 22 505
1 23 234
1 24 294
1 25 364
1 26 203
1 27 401
1 28 375
1 29 458
1 30 426
1 31 21
1 32 64
1 33 83
1 34 499
1 35 53
1 36 478
1 37 23
1 38 364
1 39 134
1 40 308
1 41 171
1 42 82
1 43 184
1 44 508
1 45 127
1 46 461
1 47 250
1 48 377
1 49 447
1 50 299
1 51 361
1 52 136
1 53 186
1 54 104
1 55 430
1 56 203
1 57 449
1 58 89
1 59 317
1 60 277
1 61 399
1 62 315
1 63 275
1 64 241
1 65 363
1 66 338
1 67 475
1 68 276
1 69 345
1 70 404
1 71 296
1 72 243
1 73 47
1 74 125
1 75 117
1 76 419
1 77 323
1 78 405
1 79 303
1 80 94
1 81 278
1 82 147
1 83 441
1 84 210
1 85 329
1 86 234
1 87 159
1 88 299
1 89 108
1 90 463
1 91 437
1 92 130
1 93 159
1 94 354
1 95 214
1 96 277
1 97 251
1 98 122
1 99 470
2 3 435
2 4 37
2 5 395
2 6 442
2 7 242
2 8 493
2 9 343
2 10 524
2 11 516
2 12 365
2 13 416
2 14 300
2 15 126
2 16 13
2 17 323
2 18 398
2 19 259
2 20 594
2 21 322
2 22 38
2 23 382
2 24 192
2 25 318
2 26 282
2 27 316
2 28 129
2 29 406
2 30 112
2 31 455
2 32 517
2 33 446
2 34 67
2 35 435
2 36 442
2 37 460
2 38 409
2 39 585
2 40 269
2 41 310
2 42 426
2 43 434
2 44 46
2 45 391
2 46 331
2 47 326
2 48 148
2 49 173
2 50 240
2 51 175
2 52 374
2 53 321
2 54 486
2 55 432
2 56 289
2 57 86
2 58 434
2 59 269
2 60 290
2 61 323
2 62 160
2 63 411
2 64 324
2 65 452
2 66 253
2 67 72
2 68 316
2 69 135
2 70 164
2 71 219
2 72 234
2 73 473
2 74 380
2 75 366
2 76 175
2 77 218
2 78 197
2 79 211
2 80 494
2 81 384
2 82 594
2 83 77
2 84 327
2 85 154
2 86 384
2 87 391
2 88 462
2 89 543
2 90 324
2 91 100
2 92 554
2 93 402
2 94 288
2 95 266
2 96 457
2 97 274
2 98 356
2 99 65
3 4 414
3 5 282
3 6 283
3 7 472
3 8 251
3 9 194
3 10 487
3 11 361
3 12 392
3 13 651
3 14 264
3 15 380
3 16 438
3 17 113
3 18 288
3 19 269
3 20 471
3 21 144
3 22 429
3 23 582
3 24 333
3 25 138
3 26 437
3 27 123
3 28 325
3 29 29
3 30 323
3 31 450
3 32 452
3 33 385
3 34 390
3 35 473
3 36 11
3 37 472
3 38 103
3 39 475
3 40 545
3 41 359
3 42 385
3 43 584
3 44 480
3 45 344
3 46 110
3 47 548
3 48 490
3 49 265
3 50 255
3 51 502
3 52 341
3 53 479
3 54 386
3 55 39
3 56 327
3 57 348
3 58 378
3 59 212
3 60 538
3 61 117
3 62 386
3 63 632
3 64 539
3 65 121
3 66 210
3 67 370
3 68 560
3 69 421
3 70 272
3 71 283
3 72 404
3 73 504
3 74 484
3 75 447
3 76 259
3 77 509
3 78 239
3 79 285
3 80 400
3 81 616
3 82 473
3 83 479
3 84 513
3 85 345
3 86 232
3 87 529
3 88 191
3 89 440
3 90 118
3 91 334
3 92 431
3 93 539
3 94 168
3 95 350
3 96 209
3 97 274
3 98 388
3 99 488
4 5 359
4 6 406
4 7 210
4 8 459
4 9 311
4 10 486
4 11 479
4 12 327
4 13 390
4 14 264
4 15 89
4 16 50
4 17 301
4 18 361
4 19 224
4 20 557
4 21 294
4 22 69
4 23 353
4 24 154
4 25 292
4 26 246
4 27 292
4 28 97
4 29 385
4 30 92
4 31 417
4 32 480
4 33 408
4 34 82
4 35 398
4 36 421
4 37 423
4 38 382
4 39 547
4 40 244
4 41 272
4 42 388
4 43 402
4 44 79
4 45 353
4 46 313
4 47 297
4 48 126
4 49 159
4 50 207
4 51 152
4 52 336
4 53 287
4 54 449
4 55 408
4 56 251
4 57 75
4 58 397
4 59 238
4 60 262
4 61 299
4 62 122
4 63 384
4 64 294
4 65 423
4 66 223
4 67 74
4 68 288
4 69 101
4 70 141
4 71 184
4 72 198
4 73 437
4 74 345
4 75 329
4 76 156
4 77 192
4 78 175
4 79 176
4 80 456
4 81 357
4 82 556
4 83 71
4 84 295
4 85 117
4 86 349
4 87 357
4 88 430
4 89 506
4 90 307
4 91 84
4 92 516
4 93 369
4 94 261
4 95 229
4 96 424
4 97 238
4 98 318
4 99 74
5 6 48
5 7 276
5 8 119
5 9 103
5 10 208
5 11 125
5 12 126
5 13 408
5 14 97
5 15 277
5 16 406
5 17 235
5 18 6
5 19 138
5 20 224
5 21 175
5 22 414
5 23 336
5 24 206
5 25 187
5 26 217
5 27 224
5 28 270
5 29 274
5 30 311
5 31 167
5 32 178
5 33 103
5 34 394
5 35 194
5 36 294
5 37 190
5 38 180
5 39 221
5 40 347
5 41 125
5 42 102
5 43 319
5 44 438
5 45 65
5 46 284
5 47 320
5 48 355
5 49 307
5 50 163
5 51 352
5 52 69
5 53 241
5 54 117
5 55 246
5 56 120
5 57 340
5 58 95
5 59 159
5 60 326
5 61 222
5 62 255
5 63 387
5 64 310
5 65 183
5 66 183
5 67 369
5 68 340
5 69 296
5 70 272
5 71 177
5 72 215
5 73 222
5 74 221
5 75 185
5 76 280
5 77 334
5 78 260
5 79 186
5 80 130
5 81 377
5 82 225
5 83 391
5 84 277
5 85 242
5 86 50
5 87 269
5 88 130
5 89 179
5 90 287
5 91 324
5 92 180
5 93 277
5 94 185
5 95 151
5 96 111
5 97 121
5 98 125
5 99 415
6 7 322
6 8 77
6 9 128
6 10 204
6 11 88
6 12 161
6 13 443
6 14 142
6 15 325
6 16 452
6 17 255
6 18 47
6 19 183
6 20 196
6 21 198
6 22 460
6 23 371
6 24 254
6 25 210
6 26 261
6 27 246
6 28 316
6 29 280
6 30 354
6 31 178
6 32 168
6 33 109
6 34 438
6 35 213
6 36 295
6 37 202
6 38 180
6 39 197
6 40 391
6 41 171
6 42 117
6 43 347
6 44 485
6 45 95
6 46 303
6 47 360
6 48 403
6 49 345
6 50 206
6 51 399
6 52 106
6 53 280
6 54 102
6 55 245
6 56 168
6 57 384
6 58 105
6 59 196
6 60 369
6 61 242
6 62 303
6 63 421
6 64 349
6 65 172
6 66 220
6 67 413
6 68 381
6 69 345
6 70 313
6 71 223
6 72 262
6 73 235
6 74 252
6 75 219
6 76 320
6 77 380
6 78 298
6 79 231
6 80 116
6 81 413
6 82 198
6 83 440
6 84 316
6 85 290
6 86 70
6 87 301
6 88 107
6 89 159
6 90 307
6 91 368
6 92 153
6 93 307
6 94 214
6 95 199
6 96 85
6 97 168
6 98 162
6 99 463
7 8 396
7 9 295
7 10 314
7 11 363
7 12 177
7 13 196
7 14 219
7 15 141
7 16 256
7 17 369
7 18 275
7 19 203
7 20 407
7 21 328
7 22 279
7 23 145
7 24 144
7 25 333
7 26 65
7 27 356
7 28 200
7 29 449
7 30 247
7 31 248
7 32 321
7 33 269
7 34 289
7 35 215
7 36 482
7 37 244
7 38 396
7 39 394
7 40 75
7 41 151
7 42 247
7 43 191
7 44 263
7 45 234
7 46 405
7 47 92
7 48 115
7 49 301
7 50 217
7 51 96
7 52 219
7 53 84
7 54 315
7 55 449
7 56 162
7 57 256
7 58 261
7 59 260
7 60 68
7 61 360
7 62 110
7 63 184
7 64 86
7 65 423
7 66 265
7 67 273
7 68 94
7 69 110
7 70 258
7 71 190
7 72 68
7 73 248
7 74 148
7 75 147
7 76 279
7 77 61
7 78 281
7 79 190
7 80 317
7 81 160
7 82 405
7 83 187
7 84 84
7 85 151
7 86 298
7 87 149
7 88 395
7 89 358
7 90 402
7 91 251
7 92 375
7 93 160
7 94 305
7 95 131
7 96 379
7 97 202
7 98 171
7 99 216
8 9 154
8 10 262
8 11 117
8 12 239
8 13 520
8 14 198
8 15 384
8 16 503
8 17 255
8 18 121
8 19 236
8 20 222
8 21 207
8 22 507
8 23 449
8 24 313
8 25 218
8 26 336
8 27 249
8 28 364
8 29 255
8 30 396
8 31 249
8 32 223
8 33 179
8 34 481
8 35 287
8 36 261
8 37 273
8 38 156
8 39 228
8 40 467
8 41 245
8 42 191
8 43 423
8 44 538
8 45 173
8 46 298
8 47 437
8 48 470
8 49 375
8 50 253
8 51 469
8 52 183
8 53 358
8 54 158
8 55 212
8 56 237
8 57 427
8 58 178
8 59 230
8 60 445
8 61 244
8 62 366
8 63 499
8 64 427
8 65 130
8 66 252
8 67 455
8 68 458
8 69 409
8 70 350
8 71 275
8 72 334
8 73 305
8 74 330
8 75 296
8 76 352
8 77 453
8 78 329
8 79 283
8 80 171
8 81 491
8 82 225
8 83 500
8 84 394
8 85 347
8 86 110
8 87 378
8 88 60
8 89 199
8 90 304
8 91 410
8 92 186
8 93 384
8 94 233
8 95 269
8 96 47
8 97 224
8 98 240
8 99 522
9 10 310
9 11 217
9 12 198
9 13 461
9 14 76
9 15 243
9 16 351
9 17 132
9 18 109
9 19 98
9 20 323
9 21 72
9 22 354
9 23 392
9 24 178
9 25 84
9 26 251
9 27 121
9 28 214
9 29 180
9 30 242
9 31 263
9 32 281
9 33 205
9 34 327
9 35 282
9 36 205
9 37 284
9 38 102
9 39 322
9 40 370
9 41 166
9 42 200
9 43 390
9 44 389
9 45 155
9 46 181
9 47 362
9 48 343
9 49 222
9 50 104
9 51 347
9 52 150
9 53 289
9 54 220
9 55 162
9 56 138
9 57 273
9 58 196
9 59 76
9 60 357
9 61 119
9 62 234
9 63 442
9 64 352
9 65 129
9 66 97
9 67 301
9 68 377
9 69 276
9 70 195
9 71 131
9 72 226
9 73 315
9 74 290
9 75 253
9 76 198
9 77 343
9 78 175
9 79 137
9 80 233
9 81 427
9 82 324
9 83 359
9 84 324
9 85 205
9 86 58
9 87 335
9 88 119
9 89 281
9 90 184
9 91 256
9 92 279
9 93 345
9 94 85
9 95 165
9 96 114
9 97 94
9 98 194
9 99 377
10 11 149
10 12 160
10 13 334
10 14 276
10 15 398
10 16 537
10 17 442
10 18 202
10 19 308
10 20 109
10 21 382
10 22 553
10 23 274
10 24 340
10 25 394
10 26 253
10 27 431
10 28 421
10 29 481
10 30 470
10 31 69
10 32 39
10 33 105
10 34 545
10 35 100
10 36 498
10 37 70
10 38 383
10 39 92
10 40 355
10 41 217
10 42 114
10 43 219
10 44 557
10 45 160
10 46 491
10 47 296
10 48 427
10 49 488
10 50 339
10 51 411
10 52 172
10 53 235
10 54 104
10 55 449
10 56 247
10 57 495
10 58 115
10 59 353
10 60 324
10 61 429
10 62 364
10 63 312
10 64 287
10 65 376
10 66 375
10 67 521
10 68 321
10 69 395
10 70 446
10 71 339
10 72 292
10 73 79
10 74 172
10 75 167
10 76 460
10 77 373
10 78 445
10 79 346
10 80 90
10 81 317
10 82 106
10 83 490
10 84 257
10 85 376
10 86 258
10 87 201
10 88 309
10 89 78
10 90 494
10 91 482
10 92 101
10 93 199
10 94 387
10 95 260
10 96 288
10 97 290
10 98 168
10 99 519
11 12 186
11 13 447
11 14 221
11 15 394
11 16 527
11 17 343
11 18 121
11 19 262
11 20 110
11 21 286
11 22 537
11 23 379
11 24 324
11 25 298
11 26 298
11 27 334
11 28 394
11 29 362
11 30 435
11 31 156
11 32 110
11 33 98
11 34 519
11 35 200
11 36 372
11 37 178
11 38 261
11 39 113
11 40 424
11 41 219
11 42 119
11 43 339
11 44 557
11 45 131
11 46 390
11 47 381
11 48 459
11 49 432
11 50 288
11 51 450
11 52 148
11 53 304
11 54 56
11 55 322
11 56 229
11 57 464
11 58 104
11 59 283
11 60 397
11 61 330
11 62 367
11 63 425
11 64 371
11 65 243
11 66 306
11 67 493
11 68 405
11 69 407
11 70 397
11 71 301
11 72 314
11 73 207
11 74 258
11 75 233
11 76 405
11 77 423
11 78 385
11 79 309
11 80 64
11 81 423
11 82 112
11 83 505
11 84 337
11 85 362
11 86 159
11 87 303
11 88 172
11 89 82
11 90 395
11 91 449
11 92 69
11 93 307
11 94 303
11 95 257
11 96 153
11 97 245
11 98 191
11 99 530
12 13 282
12 14 138
12 15 238
12 16 377
12 17 320
12 18 122
12 19 160
12 20 235
12 21 262
12 22 393
12 23 211
12 24 180
12 25 272
12 26 112
12 27 307
12 28 262
12 29 379
12 30 312
12 31 92
12 32 153
12 33 92
12 34 385
12 35 89
12 36 404
12 37 103
12 38 295
12 39 223
12 40 238
12 41 58
12 42 69
12 43 194
12 44 399
12 45 65
12 46 367
12 47 200
12 48 280
12 49 335
12 50 191
12 51 268
12 52 57
12 53 121
12 54 137
12 55 359
12 56 91
12 57 335
12 58 83
12 59 214
12 60 213
12 61 307
12 62 205
12 63 261
12 64 189
12 65 307
12 66 234
12 67 362
12 68 222
12 69 239
12 70 292
12 71 184
12 72 137
12 73 128
12 74 95
12 75 59
12 76 307
12 77 238
12 78 295
12 79 191
12 80 140
12 81 252
12 82 234
12 83 336
12 84 156
12 85 216
12 86 168
12 87 143
12 88 257
12 89 184
12 90 368
12 91 323
12 92 199
12 93 151
12 94 256
12 95 101
12 96 237
12 97 144
12 98 8
12 99 364
13 14 387
13 15 335
13 16 428
13 17 556
13 18 404
13 19 383
13 20 443
13 21 508
13 22 454
13 23 71
13 24 337
13 25 516
13 26 213
13 27 543
13 28 396
13 29 631
13 30 441
13 31 294
13 32 361
13 33 351
13 34 472
13 35 248
13 36 662
13 37 275
13 38 564
13 39 426
13 40 146
13 41 295
13 42 333
13 43 115
13 44 422
13 45 347
13 46 596
13 47 106
13 48 268
13 49 498
13 50 403
13 51 241
13 52 339
13 53 172
13 54 391
13 55 623
13 56 324
13 57 447
13 58 348
13 59 444
13 60 131
13 61 546
13 62 306
13 63 22
13 64 114
13 65 583
13 66 453
13 67 460
13 68 104
13 69 298
13 70 455
13 71 379
13 72 254
13 73 255
13 74 191
13 75 224
13 76 476
13 77 198
13 78 477
13 79 381
13 80 385
13 81 36
13 82 440
13 83 345
13 84 137
13 85 348
13 86 446
13 87 144
13 88 538
13 89 405
13 90 593
13 91 444
13 92 427
13 93 140
13 94 490
13 95 301
13 96 519
13 97 376
13 98 282
13 99 370
14 15 185
14 16 310
14 17 182
14 18 100
14 19 41
14 20 314
14 21 126
14 22 318
14 23 318
14 24 115
14 25 135
14 26 175
14 27 169
14 28 173
14 29 247
14 30 214
14 31 218
14 32 254
14 33 174
14 34 297
14 35 226
14 36 276
14 37 235
14 38 178
14 39 309
14 40 294
14 41 95
14 42 161
14 43 320
14 44 343
14 45 116
14 46 229
14 47 286
14 48 276
14 49 216
14 50 67
14 51 277
14 52 103
14 53 214
14 54 204
14 55 236
14 56 62
14 57 243
14 58 163
14 59 78
14 60 281
14 61 170
14 62 169
14 63 368
14 64 277
14 65 204
14 66 99
14 67 272
14 68 301
14 69 211
14 70 178
14 71 80
14 72 151
14 73 263
14 74 222
14 75 186
14 76 188
14 77 269
14 78 170
14 79 89
14 80 215
14 81 352
14 82 314
14 83 302
14 84 249
14 85 149
14 86 88
14 87 265
14 88 181
14 89 266
14 90 229
14 91 227
14 92 270
14 93 276
14 94 118
14 95 89
14 96 169
14 97 26
14 98 131
14 99 324
15 16 139
15 17 267
15 18 279
15 19 148
15 20 468
15 21 244
15 22 155
15 23 286
15 24 70
15 25 245
15 26 163
15 27 257
15 28 64
15 29 353
15 30 105
15 31 329
15 32 391
15 33 320
15 34 154
15 35 311
15 36 389
15 37 334
15 38 328
15 39 459
15 40 195
15 41 184
15 42 299
15 43 328
15 44 164
15 45 266
15 46 293
15 47 233
15 48 110
15 49 165
15 50 140
15 51 125
15 52 249
15 53 208
15 54 361
15 55 366
15 56 164
15 57 115
15 58 309
15 59 179
15 60 204
15 61 262
15 62 36
15 63 325
15 64 228
15 65 366
15 66 172
15 67 135
15 68 231
15 69 43
15 70 126
15 71 112
15 72 112
15 73 350
15 74 261
15 75 242
15 76 147
15 77 147
15 78 155
15 79 106
15 80 368
15 81 300
15 82 468
15 83 116
15 84 222
15 85 38
15 86 274
15 87 279
15 88 361
15 89 417
15 90 288
15 91 109
15 92 428
15 93 291
15 94 214
15 95 140
15 96 352
15 97 160
15 98 229
15 99 138
16 17 327
16 18 409
16 19 269
16 20 606
16 21 328
16 22 26
16 23 395
16 24 203
16 25 324
16 26 295
16 27 320
16 28 138
16 29 409
16 30 116
16 31 468
16 32 530
16 33 458
16 34 61
16 35 448
16 36 444
16 37 473
16 38 415
16 39 597
16 40 282
16 41 322
16 42 438
16 43 447
16 44 42
16 45 403
16 46 332
16 47 339
16 48 160
16 49 174
16 50 249
16 51 187
16 52 386
16 53 335
16 54 498
16 55 436
16 56 301
16 57 89
16 58 447
16 59 277
16 60 303
16 61 327
16 62 173
16 63 424
16 64 337
16 65 459
16 66 260
16 67 70
16 68 329
16 69 149
16 70 168
16 71 229
16 72 247
16 73 487
16 74 394
16 75 379
16 76 179
16 77 231
16 78 201
16 79 221
16 80 506
16 81 397
16 82 606
16 83 87
16 84 341
16 85 166
16 86 394
16 87 405
16 88 470
16 89 556
16 90 325
16 91 104
16 92 566
16 93 416
16 94 294
16 95 279
16 96 465
16 97 284
16 98 369
16 99 72
17 18 241
17 19 174
17 20 452
17 21 60
17 22 319
17 23 490
17 24 227
17 25 48
17 26 343
17 27 13
17 28 212
17 29 86
17 30 211
17 31 392
17 32 413
17 33 337
17 34 282
17 35 407
17 36 122
17 37 412
17 38 109
17 39 451
17 40 441
17 41 275
17 42 330
17 43 501
17 44 369
17 45 285
17 46 49
17 47 451
17 48 378
17 49 157
17 50 152
17 51 391
17 52 277
17 53 388
17 54 351
17 55 109
17 56 240
17 57 238
17 58 327
17 59 112
17 60 437
17 61 13
17 62 276
17 63 539
17 64 442
17 65 154
17 66 104
17 67 260
17 68 461
17 69 310
17 70 160
17 71 179
17 72 303
17 73 442
17 74 403
17 75 368
17 76 148
17 77 402
17 78 126
17 79 179
17 80 365
17 81 520
17 82 453
17 83 366
17 84 419
17 85 235
17 86 188
17 87 445
17 88 199
17 89 412
17 90 52
17 91 223
17 92 408
17 93 456
17 94 66
17 95 257
17 96 208
17 97 183
17 98 313
17 99 375
18 19 141
18 20 219
18 21 181
18 22 417
18 23 333
18 24 208
18 25 193
18 26 215
18 27 230
18 28 273
18 29 280
18 30 314
18 31 161
18 32 172
18 33 97
18 34 398
18 35 188
18 36 300
18 37 184
18 38 186
18 39 215
18 40 345
18 41 124
18 42 96
18 43 314
18 44 440
18 45 60
18 46 290
18 47 317
18 48 355
18 49 312
18 50 167
18 51 351
18 52 65
18 53 238
18 54 111
18 55 252
18 56 120
18 57 343
18 58 89
18 59 164
18 60 324
18 61 228
18 62 256
18 63 383
18 64 307
18 65 189
18 66 188
18 67 372
18 68 338
18 69 297
18 70 276
18 71 180
18 72 215
18 73 217
18 74 216
18 75 181
18 76 285
18 77 333
18 78 265
18 79 189
18 80 124
18 81 374
18 82 219
18 83 393
18 84 274
18 85 244
18 86 56
18 87 265
18 88 134
18 89 174
18 90 293
18 91 328
18 92 175
18 93 273
18 94 190
18 95 151
18 96 114
18 97 124
18 98 122
18 99 417
19 20 353
19 21 126
19 22 277
19 23 316
19 24 80
19 25 132
19 26 169
19 27 161
19 28 132
19 29 248
19 30 173
19 31 246
19 32 289
19 33 210
19 34 256
19 35 249
19 36 280
19 37 261
19 38 194
19 39 347
19 40 277
19 41 107
19 42 195
19 43 328
19 44 303
19 45 151
19 46 217
19 47 279
19 48 244
19 49 180
19 50 31
19 51 249
19 52 136
19 53 214
19 54 242
19 55 246
19 56 70
19 57 202
19 58 198
19 59 61
19 60 268
19 61 163
19 62 136
19 63 365
19 64 270
19 65 226
19 66 76
19 67 231
19 68 291
19 69 178
19 70 139
19 71 39
19 72 134
19 73 288
19 74 233
19 75 199
19 76 152
19 77 246
19 78 136
19 79 48
19 80 253
19 81 347
19 82 353
19 83 264
19 84 245
19 85 110
19 86 126
19 87 272
19 88 213
19 89 304
19 90 216
19 91 186
19 92 310
19 93 284
19 94 107
19 95 82
19 96 204
19 97 17
19 98 152
19 99 285
20 21 394
20 22 620
20 23 382
20 24 403
20 25 406
20 26 343
20 27 442
20 28 479
20 29 472
20 30 525
20 31 161
20 32 87
20 33 148
20 34 606
20 35 203
20 36 481
20 37 173
20 38 371
20 39 17
20 40 456
20 41 285
20 42 169
20 43 328
20 44 632
20 45 204
20 46 499
20 47 400
20 48 515
20 49 530
20 50 382
20 51 502
20 52 221
20 53 333
20 54 110
20 55 432
20 56 306
20 57 552
20 58 159
20 59 383
20 60 425
20 61 439
20 62 438
20 63 421
20 64 391
20 65 351
20 66 407
20 67 581
20 68 425
20 69 473
20 70 492
20 71 389
20 72 373
20 73 188
20 74 274
20 75 261
20 76 502
20 77 467
20 78 483
20 79 398
20 80 101
20 81 426
20 82 3
20 83 571
20 84 359
20 85 441
20 86 265
20 87 308
20 88 281
20 89 50
20 90 504
20 91 538
20 92 44
20 93 307
20 94 408
20 95 328
20 96 262
20 97 335
20 98 243
20 99 599
21 22 325
21 23 441
21 24 191
21 25 12
21 26 294
21 27 49
21 28 199
21 29 123
21 30 212
21 31 333
21 32 353
21 33 277
21 34 292
21 35 348
21 36 154
21 37 353
21 38 87
21 39 393
21 40 402
21 41 221
21 42 270
21 43 447
21 44 368
21 45 225
21 46 109
21 47 405
21 48 353
21 49 174
21 50 112
21 51 362
21 52 218
21 53 338
21 54 291
21 55 123
21 56 187
21 57 242
21 58 267
21 59 68
21 60 394
21 61 47
21 62 246
21 63 490
21 64 396
21 65 131
21 66 72
21 67 268
21 68 417
21 69 284
21 70 160
21 71 141
21 72 260
21 73 383
21 74 348
21 75 312
21 76 156
21 77 367
21 78 131
21 79 144
21 80 305
21 81 473
21 82 395
21 83 352
21 84 370
21 85 208
21 86 129
21 87 391
21 88 157
21 89 353
21 90 112
21 91 225
21 92 350
21 93 402
21 94 33
21 95 207
21 96 161
21 97 131
21 98 256
21 99 367
22 23 420
22 24 216
22 25 320
22 26 316
22 27 313
22 28 144
22 29 400
22 30 113
22 31 484
22 32 545
22 33 471
22 34 41
22 35 466
22 36 435
22 37 490
22 38 413
22 39 611
22 40 307
22 41 337
22 42 452
22 43 471
22 44 58
22 45 415
22 46 322
22 47 363
22 48 186
22 49 164
22 50 255
22 51 213
22 52 398
22 53 357
22 54 510
22 55 429
22 56 313
22 57 83
22 58 460
22 59 278
22 60 328
22 61 321
22 62 190
22 63 449
22 64 361
22 65 456
22 66 260
22 67 59
22 68 354
22 69 170
22 70 165
22 71 237
22 72 266
22 73 505
22 74 414
22 75 398
22 76 172
22 77 256
22 78 195
22 79 229
22 80 519
22 81 422
22 82 619
22 83 114
22 84 364
22 85 178
22 86 399
22 87 427
22 88 472
22 89 569
22 90 314
22 91 100
22 92 578
22 93 438
22 94 292
22 95 293
22 96 468
22 97 293
22 98 384
22 99 97
23 24 278
23 25 449
23 26 147
23 27 477
23 28 344
23 29 564
23 30 392
23 31 228
23 32 298
23 33 282
23 34 433
23 35 183
23 36 594
23 37 211
23 38 494
23 39 366
23 40 121
23 41 225
23 42 263
23 43 68
23 44 395
23 45 276
23 46 532
23 47 56
23 48 239
23 49 444
23 50 339
23 51 213
23 52 267
23 53 103
23 54 323
23 55 554
23 56 255
23 57 401
23 58 278
23 59 378
23 60 93
23 61 480
23 62 254
23 63 50
23 64 59
23 65 512
23 66 389
23 67 418
23 68 72
23 69 254
23 70 400
23 71 316
23 72 193
23 73 195
23 74 121
23 75 152
23 76 420
23 77 167
23 78 419
23 79 319
23 80 318
23 81 44
23 82 380
23 83 317
23 84 71
23 85 293
23 86 374
23 87 76
23 88 467
23 89 342
23 90 530
23 91 396
23 92 364
23 93 75
23 94 424
23 95 234
23 96 447
23 97 309
23 98 211
23 99 345
24 25 195
24 26 135
24 27 214
24 28 81
24 29 309
24 30 133
24 31 272
24 32 329
24 33 255
24 34 205
24 35 261
24 36 344
24 37 281
24 38 269
24 39 395
24 40 214
24 41 123
24 42 236
24 43 305
24 44 232
24 45 199
24 46 261
24 47 231
24 48 165
24 49 169
24 50 80
24 51 171
24 52 182
24 53 183
24 54 294
24 55 315
24 56 97
24 57 155
24 58 244
24 59 123
24 60 212
24 61 219
24 62 56
24 63 323
24 64 224
24 65 304
24 66 123
24 67 181
24 68 237
24 69 98
24 70 124
24 71 50
24 72 84
24 73 301
24 74 224
24 75 198
24 76 144
24 77 175
24 78 140
24 79 48
24 80 302
24 81 301
24 82 403
24 83 186
24 84 207
24 85 37
24 86 204
24 87 252
24 88 293
24 89 353
24 90 258
24 91 143
24 92 362
24 93 264
24 94 165
24 95 79
24 96 283
24 97 90
24 98 171
24 99 209
25 26 302
25 27 37
25 28 197
25 29 116
25 30 208
25 31 344
25 32 365
25 33 289
25 34 286
25 35 359
25 36 149
25 37 364
25 38 92
25 39 405
25 40 407
25 41 230
25 42 282
25 43 456
25 44 365
25 45 237
25 46 97
25 47 412
25 48 354
25 49 166
25 50 116
25 51 365
25 52 229
25 53 346
25 54 304
25 55 120
25 56 196
25 57 237
25 58 279
25 59 73
25 60 400
25 61 35
25 62 248
25 63 498
25 64 403
25 65 136
25 66 73
25 67 263
25 68 423
25 69 285
25 70 155
25 71 145
25 72 266
25 73 394
25 74 358
25 75 322
25 76 149
25 77 371
25 78 125
25 79 147
25 80 317
25 81 480
25 82 407
25 83 351
25 84 378
25 85 209
25 86 141
25 87 401
25 88 166
25 89 365
25 90 100
25 91 221
25 92 362
25 93 411
25 94 31
25 95 215
25 96 171
25 97 140
25 98 266
25 99 365
26 27 330
26 28 210
26 29 418
26 30 261
26 31 185
26 32 257
26 33 204
26 34 318
26 35 156
26 36 449
26 37 184
26 38 353
26 39 329
26 40 130
26 41 92
26 42 181
26 43 170
26 44 310
26 45 170
26 46 384
26 47 111
26 48 174
26 49 304
26 50 191
26 51 159
26 52 156
26 53 48
26 54 250
26 55 411
26 56 113
26 57 276
26 58 195
26 59 230
26 60 109
26 61 332
26 62 127
26 63 196
26 64 101
26 65 376
26 66 241
26 67 298
26 68 127
26 69 147
26 70 259
26 71 169
26 72 53
26 73 193
26 74 98
26 75 87
26 76 279
26 77 126
26 78 275
26 79 172
26 80 252
26 81 178
26 82 341
26 83 239
26 84 76
26 85 158
26 86 244
26 87 118
26 88 341
26 89 293
26 90 382
26 91 268
26 92 310
26 93 130
26 94 277
26 95 87
26 96 324
26 97 163
26 98 106
26 99 268
27 28 202
27 29 96
27 30 204
27 31 380
27 32 402
27 33 326
27 34 277
27 35 394
27 36 132
27 37 400
27 38 108
27 39 442
27 40 429
27 41 263
27 42 319
27 43 488
27 44 362
27 45 273
27 46 60
27 47 438
27 48 367
27 49 152
27 50 140
27 51 380
27 52 265
27 53 375
27 54 341
27 55 116
27 56 227
27 57 231
27 58 316
27 59 99
27 60 424
27 61 7
27 62 265
27 63 526
27 64 429
27 65 153
27 66 91
27 67 255
27 68 448
27 69 299
27 70 152
27 71 166
27 72 290
27 73 430
27 74 390
27 75 355
27 76 141
27 77 390
27 78 119
27 79 167
27 80 354
27 81 507
27 82 444
27 83 356
27 84 406
27 85 223
27 86 178
27 87 432
27 88 194
27 89 402
27 90 63
27 91 216
27 92 399
27 93 443
27 94 53
27 95 244
27 96 202
27 97 170
27 98 301
27 99 367
28 29 298
28 30 51
28 31 354
28 32 408
28 33 332
28 34 126
28 35 343
28 36 334
28 37 363
28 38 286
28 39 472
28 40 258
28 41 204
28 42 314
28 43 379
28 44 174
28 45 275
28 46 233
28 47 292
28 48 170
28 49 102
28 50 111
28 51 188
28 52 258
28 53 257
28 54 369
28 55 316
28 56 175
28 57 73
28 58 321
28 59 141
28 60 265
28 61 209
28 62 90
28 63 384
28 64 286
28 65 327
28 66 127
28 67 101
28 68 292
28 69 107
28 70 62
28 71 93
28 72 157
28 73 383
28 74 303
28 75 279
28 76 83
28 77 211
28 78 93
28 79 84
28 80 378
28 81 360
28 82 479
28 83 154
28 84 276
28 85 52
28 86 256
28 87 328
28 88 333
28 89 429
28 90 228
28 91 61
28 92 437
28 93 340
28 94 166
28 95 161
28 96 327
28 97 148
28 98 253
28 99 168
29 30 294
29 31 440
29 32 447
29 33 378
29 34 361
29 35 461
29 36 36
29 37 462
29 38 101
29 39 475
29 40 523
29 41 342
29 42 376
29 43 568
29 44 451
29 45 333
29 46 81
29 47 528
29 48 464
29 49 236
29 50 232
29 51 476
29 52 329
29 53 460
29 54 382
29 55 48
29 56 309
29 57 320
29 58 370
29 59 189
29 60 516
29 61 91
29 62 361
29 63 613
29 64 519
29 65 129
29 66 186
29 67 341
29 68 539
29 69 395
29 70 244
29 71 260
29 72 382
29 73 494
29 74 468
29 75 432
29 76 230
29 77 485
29 78 210
29 79 261
29 80 396
29 81 596
29 82 474
29 83 451
29 84 494
29 85 320
29 86 224
29 87 513
29 88 194
29 89 438
29 90 89
29 91 305
29 92 431
29 93 523
29 94 144
29 95 330
29 96 211
29 97 254
29 98 373
29 99 460
30 31 404
30 32 456
30 33 380
30 34 84
30 35 394
30 36 330
30 37 414
30 38 300
30 39 518
30 40 300
30 41 254
30 42 362
30 43 429
30 44 158
30 45 321
30 46 221
30 47 339
30 48 199
30 49 68
30 50 147
30 51 220
30 52 305
30 53 308
30 54 415
30 55 320
30 56 224
30 57 30
30 58 368
30 59 166
30 60 310
30 61 211
30 62 137
30 63 431
30 64 333
30 65 343
30 66 147
30 67 59
30 68 337
30 69 145
30 70 52
30 71 136
30 72 208
30 73 434
30 74 355
30 75 330
30 76 64
30 77 250
30 78 85
30 79 127
30 80 424
30 81 406
30 82 525
30 83 162
30 84 325
30 85 103
30 86 290
30 87 379
30 88 359
30 89 476
30 90 214
30 91 13
30 92 483
30 93 391
30 94 179
30 95 211
30 96 356
30 97 191
30 98 303
30 99 167
31 32 74
31 33 70
31 34 477
31 35 45
31 36 461
31 37 24
31 38 347
31 39 146
31 40 294
31 41 150
31 42 64
31 43 183
31 44 488
31 45 107
31 46 441
31 47 239
31 48 359
31 49 425
31 50 278
31 51 344
31 52 115
31 53 172
31 54 99
31 55 413
31 56 182
31 57 427
31 58 74
31 59 296
31 60 264
31 61 380
31 62 295
31 63 271
31 64 230
31 65 348
31 66 317
31 67 454
31 68 265
31 69 326
31 70 382
31 71 274
31 72 223
31 73 56
31 74 113
31 75 100
31 76 397
31 77 307
31 78 383
31 79 282
31 80 92
31 81 272
31 82 159
31 83 422
31 84 198
31 85 308
31 86 217
31 87 152
31 88 286
31 89 115
31 90 443
31 91 415
31 92 136
31 93 153
31 94 333
31 95 193
31 96 264
31 97 229
31 98 101
31 99 450
32 33 79
32 34 534
32 35 116
32 36 463
32 37 87
32 38 349
32 39 72
32 40 369
32 41 207
32 42 94
32 43 247
32 44 553
32 45 137
32 46 462
32 47 313
32 48 430
32 49 469
32 50 319
32 51 416
32 52 152
32 53 246
32 54 66
32 55 414
32 56 233
32 57 482
32 58 90
32 59 329
32 60 338
32 61 400
32 62 358
32 63 339
32 64 304
32 65 340
32 66 352
32 67 510
32 68 339
32 69 392
32 70 428
32 71 322
32 72 290
32 73 107
32 74 187
32 75 174
32 76 441
32 77 381
32 78 424
32 79 330
32 80 52
32 81 342
32 82 85
32 83 489
32 84 272
32 85 366
32 86 226
32 87 223
32 88 271
32 89 44
32 90 465
32 91 468
32 92 66
32 93 223
32 94 360
32 95 251
32 96 250
32 97 271
32 98 161
32 99 517
33 34 458
33 35 108
33 36 396
33 37 94
33 38 282
33 39 139
33 40 328
33 41 137
33 42 22
33 43 246
33 44 484
33 45 59
33 46 386
33 47 283
33 48 371
33 49 390
33 50 241
33 51 360
33 52 74
33 53 206
33 54 45
33 55 348
33 56 158
33 57 406
33 58 11
33 59 250
33 60 300
33 61 324
33 62 290
33 63 329
33 64 273
33 65 279
33 66 273
33 67 434
33 68 307
33 69 326
33 70 350
33 71 244
33 72 227
33 73 126
33 74 161
33 75 135
33 76 362
33 77 330
33 78 345
33 79 252
33 80 49
33 81 325
33 82 147
33 83 424
33 84 239
33 85 292
33 86 154
33 87 207
33 88 216
33 89 97
33 90 389
33 91 392
33 92 109
33 93 211
33 94 282
33 95 179
33 96 195
33 97 192
33 98 98
33 99 451
34 35 463
34 36 396
34 37 485
34 38 379
34 39 598
34 40 326
34 41 328
34 42 440
34 43 479
34 44 99
34 45 401
34 46 282
34 47 377
34 48 208
34 49 125
34 50 232
34 51 234
34 52 384
34 53 362
34 54 495
34 55 391
34 56 301
34 57 54
34 58 447
34 59 250
34 60 343
34 61 284
34 62 190
34 63 465
34 64 374
34 65 423
34 66 230
34 67 25
34 68 370
34 69 179
34 70 132
34 71 217
34 72 266
34 73 503
34 74 415
34 75 396
34 76 137
34 77 274
34 78 161
34 79 209
34 80 505
34 81 439
34 82 605
34 83 143
34 84 372
34 85 169
34 86 375
34 87 433
34 88 442
34 89 556
34 90 274
34 91 70
34 92 563
34 93 444
34 94 259
34 95 284
34 96 440
34 97 273
34 98 376
34 99 133
35 36 485
35 37 30
35 38 373
35 39 187
35 40 255
35 41 144
35 42 96
35 43 139
35 44 465
35 45 129
35 46 455
35 47 197
35 48 329
35 49 422
35 50 280
35 51 311
35 52 132
35 53 134
35 54 143
35 55 438
35 56 180
35 57 416
35 58 109
35 59 303
35 60 224
35 61 394
35 62 275
35 63 226
35 64 188
35 65 378
35 66 323
35 67 441
35 68 222
35 69 302
35 70 378
35 71 272
35 72 200
35 73 40
35 74 71
35 75 70
35 76 395
35 77 272
35 78 383
35 79 278
35 80 137
35 81 227
35 82 200
35 83 396
35 84 157
35 85 294
35 86 242
35 87 107
35 88 319
35 89 159
35 90 456
35 91 404
35 92 181
35 93 108
35 94 345
35 95 183
35 96 298
35 97 233
35 98 97
35 99 424
36 37 484
36 38 114
36 39 485
36 40 556
36 41 370
36 42 396
36 43 595
36 44 487
36 45 356
36 46 114
36 47 559
36 48 499
36 49 271
36 50 266
36 51 512
36 52 353
36 53 490
36 54 397
36 55 49
36 56 339
36 57 355
36 58 389
36 59 222
36 60 549
36 61 126
36 62 396
36 63 644
36 64 550
36 65 131
36 66 220
36 67 376
36 68 571
36 69 431
36 70 280
36 71 294
36 72 414
36 73 516
36 74 495
36 75 459
36 76 266
36 77 520
36 78 246
36 79 296
36 80 411
36 81 627
36 82 483
36 83 487
36 84 524
36 85 355
36 86 244
36 87 541
36 88 201
36 89 451
36 90 122
36 91 341
36 92 442
36 93 551
36 94 179
36 95 361
36 96 219
36 97 285
36 98 399
36 99 496
37 38 370
37 39 157
37 40 285
37 41 161
37 42 87
37 43 163
37 44 491
37 45 128
37 46 461
37 47 227
37 48 358
37 49 438
37 50 292
37 51 341
37 52 134
37 53 164
37 54 122
37 55 436
37 56 194
37 57 436
37 58 97
37 59 313
37 60 254
37 61 399
37 62 300
37 63 252
37 64 218
37 65 371
37 66 334
37 67 462
37 68 253
37 69 328
37 70 395
37 71 287
37 72 226
37 73 33
37 74 102
37 75 97
37 76 410
37 77 302
37 78 397
37 79 294
37 80 113
37 81 255
37 82 170
37 83 423
37 84 187
37 85 316
37 86 239
37 87 135
37 88 310
37 89 131
37 90 462
37 91 425
37 92 153
37 93 136
37 94 352
37 95 202
37 96 288
37 97 245
37 98 111
37 99 451
38 39 374
38 40 471
38 41 268
38 42 282
38 43 489
38 44 456
38 45 243
38 46 145
38 47 464
38 48 434
38 49 257
38 50 190
38 51 441
38 52 242
38 53 391
38 54 283
38 55 66
38 56 240
38 57 329
38 58 275
38 59 149
38 60 459
38 61 101
38 62 325
38 63 544
38 64 455
38 65 45
38 66 159
38 67 355
38 68 479
38 69 365
38 70 247
38 71 219
38 72 327
38 73 402
38 74 389
38 75 352
38 76 241
38 77 441
38 78 218
38 79 224
38 80 297
38 81 529
38 82 373
38 83 439
38 84 426
38 85 291
38 86 130
38 87 435
38 88 96
38 89 338
38 90 152
38 91 313
38 92 330
38 93 445
38 94 121
38 95 267
38 96 110
38 97 194
38 98 291
38 99 454
39 40 441
39 41 275
39 42 159
39 43 311
39 44 622
39 45 197
39 46 500
39 47 384
39 48 502
39 49 525
39 50 376
39 51 488
39 52 213
39 53 318
39 54 105
39 55 436
39 56 297
39 57 545
39 58 151
39 59 379
39 60 410
39 61 439
39 62 427
39 63 404
39 64 376
39 65 356
39 66 403
39 67 573
39 68 410
39 69 462
39 70 486
39 71 382
39 72 361
39 73 171
39 74 258
39 75 247
39 76 497
39 77 454
39 78 479
39 79 391
39 80 94
39 81 409
39 82 14
39 83 560
39 84 344
39 85 432
39 86 264
39 87 292
39 88 286
39 89 42
39 90 504
39 91 531
39 92 44
39 93 291
39 94 406
39 95 318
39 96 266
39 97 329
39 98 232
39 99 588
40 41 221
40 42 306
40 43 186
40 44 277
40 45 300
40 46 475
40 47 69
40 48 122
40 49 360
40 50 290
40 51 95
40 52 286
40 53 123
40 54 373
40 55 523
40 56 236
40 57 302
40 58 320
40 59 333
40 60 32
40 61 433
40 62 171
40 63 142
40 64 73
40 65 499
40 66 337
40 67 314
40 68 49
40 69 154
40 70 320
40 71 262
40 72 144
40 73 281
40 74 183
40 75 196
40 76 341
40 77 51
40 78 346
40 79 261
40 80 373
40 81 115
40 82 454
40 83 199
40 84 99
40 85 215
40 86 371
40 87 163
40 88 468
40 89 409
40 90 472
40 91 301
40 92 428
40 93 171
40 94 378
40 95 206
40 96 452
40 97 277
40 98 234
40 99 226
41 42 116
41 43 225
41 44 347
41 45 87
41 46 321
41 47 199
41 48 239
41 49 278
41 50 136
41 51 231
41 52 71
41 53 123
41 54 180
41 55 329
41 56 36
41 57 277
41 58 126
41 59 166
41 60 201
41 61 264
41 62 153
41 63 276
41 64 189
41 65 287
41 66 183
41 67 304
41 68 218
41 69 189
41 70 234
41 71 127
41 72 94
41 73 184
41 74 127
41 75 92
41 76 250
41 77 209
41 78 239
41 79 134
41 80 185
41 81 262
41 82 284
41 83 288
41 84 159
41 85 159
41 86 153
41 87 170
41 88 249
41 89 234
41 90 321
41 91 265
41 92 246
41 93 181
41 94 210
41 95 43
41 96 232
41 97 93
41 98 49
41 99 315
42 43 231
42 44 463
42 45 46
42 46 379
42 47 262
42 48 349
42 49 375
42 50 226
42 51 338
42 52 58
42 53 185
42 54 68
42 55 349
42 56 139
42 57 388
42 58 15
42 59 238
42 60 279
42 61 317
42 62 269
42 63 311
42 64 252
42 65 284
42 66 261
42 67 416
42 68 286
42 69 305
42 70 334
42 71 228
42 72 205
42 73 120
42 74 142
42 75 114
42 76 347
42 77 308
42 78 331
42 79 236
42 80 71
42 81 307
42 82 168
42 83 403
42 84 218
42 85 273
42 86 152
42 87 189
42 88 223
42 89 118
42 90 382
42 91 374
42 92 131
42 93 194
42 94 274
42 95 159
42 96 202
42 97 177
42 98 76
42 99 430
43 44 452
43 45 254
43 46 545
43 47 116
43 48 297
43 49 475
43 50 354
43 51 273
43 52 250
43 53 122
43 54 283
43 55 552
43 56 260
43 57 443
43 58 246
43 59 389
43 60 155
43 61 489
43 62 293
43 63 94
43 64 114
43 65 501
43 66 403
43 67 462
43 68 137
43 69 301
43 70 430
43 71 336
43 72 222
43 73 140
43 74 100
43 75 136
43 76 450
43 77 226
43 78 445
43 79 340
43 80 275
43 81 104
43 82 325
43 83 375
43 84 107
43 85 327
43 86 362
43 87 55
43 88 449
43 89 291
43 90 544
43 91 436
43 92 314
43 93 44
43 94 435
43 95 246
43 96 428
43 97 317
43 98 197
43 99 403
44 45 430
44 46 375
44 47 339
44 48 156
44 49 216
44 50 285
44 51 182
44 52 413
44 53 345
44 54 525
44 55 478
44 56 328
44 57 131
44 58 472
44 59 315
44 60 302
44 61 369
44 62 194
44 63 419
44 64 339
44 65 499
44 66 299
44 67 112
44 68 326
44 69 163
44 70 210
44 71 263
44 72 265
44 73 503
44 74 407
44 75 395
44 76 221
44 77 228
44 78 243
44 79 255
44 80 532
44 81 392
44 82 631
44 83 78
44 84 346
44 85 195
44 86 429
44 87 413
44 88 508
44 89 581
44 90 367
44 91 146
44 92 592
44 93 423
44 94 335
44 95 304
44 96 502
44 97 317
44 98 391
44 99 52
45 46 334
45 47 265
45 48 327
45 49 331
45 50 182
45 51 319
45 52 17
45 53 185
45 54 95
45 55 309
45 56 101
45 57 348
45 58 47
45 59 192
45 60 275
45 61 272
45 62 237
45 63 326
45 64 254
45 65 249
45 66 215
45 67 376
45 68 287
45 69 276
45 70 291
45 71 185
45 72 182
45 73 160
45 74 157
45 75 123
45 76 303
45 77 294
45 78 286
45 79 194
45 80 103
45 81 317
45 82 204
45 83 374
45 84 221
45 85 236
45 86 112
45 87 206
45 88 194
45 89 154
45 90 336
45 91 333
45 92 163
45 93 213
45 94 228
45 95 127
45 96 174
45 97 133
45 98 67
45 99 400
46 47 490
46 48 403
46 49 158
46 50 193
46 51 419
46 52 326
46 53 430
46 54 399
46 55 122
46 56 285
46 57 244
46 58 376
46 59 156
46 60 473
46 61 62
46 62 307
46 63 580
46 64 482
46 65 186
46 66 143
46 67 263
46 68 498
46 69 337
46 70 174
46 71 216
46 72 341
46 73 491
46 74 449
46 75 414
46 76 157
46 77 434
46 78 140
46 79 215
46 80 413
46 81 560
46 82 501
46 83 382
46 84 460
46 85 264
46 86 236
46 87 490
46 88 240
46 89 460
46 90 8
46 91 231
46 92 456
46 93 501
46 94 111
46 95 299
46 96 251
46 97 228
46 98 360
46 99 388
47 48 183
47 49 393
47 50 298
47 51 157
47 52 253
47 53 79
47 54 327
47 55 522
47 56 224
47 57 347
47 58 277
47 59 339
47 60 38
47 61 441
47 62 202
47 63 92
47 64 10
47 65 487
47 66 348
47 67 362
47 68 25
47 69 199
47 70 350
47 71 274
47 72 148
47 73 219
47 74 126
47 75 148
47 76 371
47 77 111
47 78 371
47 79 275
47 80 324
47 81 69
47 82 398
47 83 261
47 84 44
47 85 243
47 86 352
47 87 97
47 88 448
47 89 355
47 90 488
47 91 343
47 92 376
47 93 103
47 94 385
47 95 198
47 96 430
47 97 274
47 98 197
47 99 289
48 49 265
48 50 243
48 51 27
48 52 310
48 53 199
48 54 416
48 55 475
48 56 235
48 57 194
48 58 361
48 59 285
48 60 145
48 61 373
48 62 108
48 63 264
48 64 183
48 65 470
48 66 281
48 67 200
48 68 170
48 69 68
48 70 232
48 71 214
48 72 145
48 73 363
48 74 264
48 75 260
48 76 252
48 77 72
48 78 264
48 79 210
48 80 420
48 81 237
48 82 513
48 83 78
48 84 194
48 85 144
48 86 363
48 87 262
48 88 457
48 89 465
48 90 398
48 91 197
48 92 480
48 93 272
48 94 323
48 95 204
48 96 445
48 97 252
48 98 273
48 99 106
49 50 149
49 51 286
49 52 317
49 53 353
49 54 419
49 55 266
49 56 243
49 57 86
49 58 378
49 59 149
49 60 367
49 61 160
49 62 192
49 63 485
49 64 387
49 65 302
49 66 125
49 67 105
49 68 394
49 69 207
49 70 45
49 71 150
49 72 252
49 73 462
49 74 392
49 75 364
49 76 27
49 77 312
49 78 47
49 79 144
49 80 431
49 81 462
49 82 530
49 83 230
49 84 375
49 85 150
49 86 277
49 87 422
49 88 330
49 89 482
49 90 151
49 91 75
49 92 486
49 93 434
49 94 143
49 95 240
49 96 331
49 97 197
49 98 327
49 99 232
50 51 251
50 52 167
50 53 237
50 54 271
50 55 235
50 56 100
50 57 177
50 58 229
50 59 43
50 60 284
50 61 143
50 62 135
50 63 387
50 64 289
50 65 226
50 66 49
50 67 206
50 68 308
50 69 175
50 70 110
50 71 29
50 72 150
50 73 319
50 74 261
50 75 228
50 76 121
50 77 255
50 78 105
50 79 34
50 80 282
50 81 367
50 82 382
50 83 254
50 84 267
50 85 102
50 86 144
50 87 299
50 88 223
50 89 334
50 90 191
50 91 161
50 92 338
50 93 310
50 94 87
50 95 108
50 96 216
50 97 48
50 98 183
50 99 273
51 52 302
51 53 179
51 54 406
51 55 485
51 56 232
51 57 217
51 58 351
51 59 294
51 60 119
51 61 385
51 62 116
51 63 237
51 64 158
51 65 475
51 66 291
51 67 225
51 68 143
51 69 81
51 70 251
51 71 222
51 72 137
51 73 345
51 74 244
51 75 244
51 76 271
51 77 46
51 78 281
51 79 218
51 80 409
51 81 210
51 82 500
51 83 104
51 84 171
51 85 156
51 86 364
51 87 239
51 88 458
51 89 452
51 90 414
51 91 219
51 92 468
51 93 249
51 94 334
51 95 200
51 96 446
51 97 254
51 98 261
51 99 132
52 53 174
52 54 112
52 55 307
52 56 84
52 57 331
52 58 62
52 59 181
52 60 262
52 61 265
52 62 220
52 63 318
52 64 243
52 65 251
52 66 203
52 67 360
52 68 275
52 69 259
52 70 276
52 71 170
52 72 165
52 73 165
52 74 152
52 75 116
52 76 289
52 77 278
52 78 273
52 79 178
52 80 120
52 81 308
52 82 221
52 83 357
52 84 210
52 85 219
52 86 112
52 87 200
52 88 199
52 89 171
52 90 328
52 91 317
52 92 180
52 93 208
52 94 218
52 95 109
52 96 180
52 97 119
52 98 56
52 99 383
53 54 251
53 55 451
53 56 152
53 57 322
53 58 200
53 59 275
53 60 94
53 61 377
53 62 172
53 63 153
53 64 69
53 65 411
53 66 287
53 67 343
53 68 101
53 69 186
53 70 308
53 71 217
53 72 100
53 73 165
53 74 65
53 75 73
53 76 328
53 77 138
53 78 323
53 79 220
53 80 250
53 81 138
53 82 331
53 83 271
53 84 36
53 85 205
53 86 275
53 87 71
53 88 369
53 89 286
53 90 429
53 91 315
53 92 305
53 93 83
53 94 322
53 95 131
53 96 351
53 97 206
53 98 118
53 99 300
54 55 348
54 56 197
54 57 442
54 58 55
54 59 274
54 60 345
54 61 338
54 62 332
54 63 368
54 64 317
54 65 273
54 66 298
54 67 470
54 68 351
54 69 370
54 70 382
54 71 279
54 72 272
54 73 152
54 74 203
54 75 179
54 76 392
54 77 376
54 78 374
54 79 287
54 80 14
54 81 367
54 82 110
54 83 468
54 84 283
54 85 332
54 86 163
54 87 247
54 88 205
54 89 62
54 90 403
54 91 427
54 92 68
54 93 250
54 94 302
54 95 221
54 96 184
54 97 224
54 98 144
54 99 494
55 56 299
55 57 347
55 58 341
55 59 191
55 60 514
55 61 109
55 62 369
55 63 604
55 64 512
55 65 83
55 66 194
55 67 370
55 68 536
55 69 406
55 70 268
55 71 264
55 72 380
55 73 469
55 74 452
55 75 415
55 76 257
55 77 490
55 78 235
55 79 267
55 80 362
55 81 588
55 82 434
55 83 470
55 84 485
55 85 330
55 86 196
55 87 498
55 88 152
55 89 402
55 90 131
55 91 332
55 92 392
55 93 508
55 94 152
55 95 323
55 96 170
55 97 248
55 98 355
55 99 482
56 57 249
56 58 146
56 59 129
56 60 221
56 61 229
56 62 138
56 63 305
56 64 214
56 65 263
56 66 146
56 67 276
56 68 240
56 69 178
56 70 200
56 71 92
56 72 97
56 73 219
56 74 163
56 75 129
56 76 216
56 77 216
56 78 203
56 79 100
56 80 205
56 81 289
56 82 305
56 83 275
56 84 186
56 85 135
56 86 135
56 87 205
56 88 232
56 89 255
56 90 285
56 91 235
56 92 265
56 93 216
56 94 174
56 95 32
56 96 217
56 97 57
56 98 83
56 99 300
57 58 394
57 59 196
57 60 316
57 61 238
57 62 150
57 63 437
57 64 342
57 65 373
57 66 177
57 67 29
57 68 343
57 69 148
57 70 81
57 71 163
57 72 223
57 73 456
57 74 372
57 75 350
57 76 90
57 77 251
57 78 112
57 79 155
57 80 451
57 81 412
57 82 552
57 83 146
57 84 337
57 85 121
57 86 320
57 87 393
57 88 389
57 89 503
57 90 237
57 91 16
57 92 510
57 93 405
57 94 208
57 95 234
57 96 387
57 97 219
57 98 326
57 99 146
58 59 239
58 60 293
58 61 314
58 62 278
58 63 326
58 64 267
58 65 274
58 66 262
58 67 422
58 68 301
58 69 315
58 70 338
58 71 233
58 72 217
58 73 130
58 74 157
58 75 129
58 76 351
58 77 322
58 78 334
58 79 241
58 80 59
58 81 322
58 82 159
58 83 414
58 84 233
58 85 281
58 86 145
58 87 204
58 88 212
58 89 109
58 90 379
58 91 380
58 92 120
58 93 209
58 94 272
58 95 168
58 96 190
58 97 181
58 98 89
58 99 441
59 60 326
59 61 102
59 62 178
59 63 426
59 64 330
59 65 188
59 66 23
59 67 225
59 68 350
59 69 216
59 70 119
59 71 72
59 72 192
59 73 341
59 74 293
59 75 259
59 76 123
59 77 298
59 78 102
59 79 75
59 80 287
59 81 408
59 82 384
59 83 291
59 84 307
59 85 141
59 86 128
59 87 334
59 88 193
59 89 337
59 90 155
59 91 180
59 92 339
59 93 345
59 94 46
59 95 144
59 96 190
59 97 72
59 98 207
59 99 307
60 61 428
60 62 175
60 63 122
60 64 41
60 65 484
60 66 333
60 67 330
60 68 27
60 69 167
60 70 325
60 71 258
60 72 134
60 73 249
60 74 152
60 75 167
60 76 346
60 77 73
60 78 349
60 79 258
60 80 345
60 81 96
60 82 423
60 83 224
60 84 67
60 85 218
60 86 354
60 87 131
60 88 450
60 89 379
60 90 470
60 91 313
60 92 398
60 93 138
60 94 372
60 95 192
60 96 434
60 97 265
60 98 209
60 99 251
61 62 270
61 63 529
61 64 432
61 65 146
61 66 95
61 67 262
61 68 451
61 69 304
61 70 159
61 71 170
61 72 294
61 73 430
61 74 392
61 75 356
61 76 148
61 77 394
61 78 126
61 79 171
61 80 352
61 81 510
61 82 440
61 83 363
61 84 409
61 85 228
61 86 175
61 87 434
61 88 189
61 89 399
61 90 65
61 91 223
61 92 395
61 93 445
61 94 55
61 95 246
61 96 197
61 97 172
61 98 301
61 99 373
62 63 294
62 64 196
62 65 361
62 66 175
62 67 170
62 68 202
62 69 42
62 70 150
62 71 106
62 72 76
62 73 314
62 74 225
62 75 207
62 76 171
62 77 126
62 78 175
62 79 102
62 80 338
62 81 270
62 82 437
62 83 137
62 84 187
62 85 43
62 86 257
62 87 243
62 88 349
62 89 387
62 90 303
62 91 143
62 92 399
62 93 255
62 94 217
62 95 111
62 96 338
62 97 144
62 98 196
62 99 162
63 64 99
63 65 563
63 66 437
63 67 452
63 68 95
63 69 289
63 70 442
63 71 363
63 72 239
63 73 233
63 74 169
63 75 202
63 76 463
63 77 193
63 78 463
63 79 365
63 80 363
63 81 27
63 82 418
63 83 341
63 84 119
63 85 335
63 86 425
63 87 122
63 88 517
63 89 383
63 90 578
63 91 434
63 92 405
63 93 118
63 94 473
63 95 283
63 96 498
63 97 358
63 98 261
63 99 368
64 65 477
64 66 339
64 67 359
64 68 34
64 69 195
64 70 343
64 71 265
64 72 140
64 73 211
64 74 117
64 75 138
64 76 364
64 77 111
64 78 364
64 79 267
64 80 315
64 81 77
64 82 389
64 83 261
64 84 34
64 85 236
64 86 342
64 87 90
64 88 438
64 89 346
64 90 479
64 91 338
64 92 366
64 93 97
64 94 376
64 95 189
64 96 420
64 97 264
64 98 187
64 99 289
65 66 200
65 67 399
65 68 503
65 69 401
65 70 291
65 71 255
65 72 355
65 73 404
65 74 401
65 75 365
65 76 286
65 77 472
65 78 262
65 79 261
65 80 287
65 81 549
65 82 353
65 83 479
65 84 447
65 85 328
65 86 138
65 87 449
65 88 70
65 89 323
65 90 194
65 91 357
65 92 312
65 93 458
65 94 164
65 95 292
65 96 90
65 97 223
65 98 304
65 99 495
66 67 205
66 68 357
66 69 212
66 70 98
66 71 75
66 72 199
66 73 361
66 74 309
66 75 275
66 76 101
66 77 299
66 78 78
66 79 75
66 80 310
66 81 417
66 82 407
66 83 280
66 84 317
66 85 136
66 86 151
66 87 348
66 88 212
66 89 361
66 90 141
66 91 161
66 92 363
66 93 359
66 94 42
66 95 157
66 96 210
66 97 90
66 98 226
66 99 295
67 68 357
67 69 163
67 70 108
67 71 192
67 72 246
67 73 481
67 74 395
67 75 374
67 76 113
67 77 262
67 78 137
67 79 184
67 80 480
67 81 426
67 82 581
67 83 143
67 84 356
67 85 146
67 86 349
67 87 414
67 88 417
67 89 531
67 90 255
67 91 45
67 92 538
67 93 426
67 94 235
67 95 261
67 96 415
67 97 248
67 98 353
67 99 137
68 69 194
68 70 352
68 71 282
68 72 157
68 73 244
68 74 151
68 75 172
68 76 373
68 77 98
68 78 375
68 79 282
68 80 349
68 81 69
68 82 423
68 83 248
68 84 68
68 85 245
68 86 371
68 87 122
68 88 467
68 89 381
68 90 495
68 91 340
68 92 401
68 93 128
68 94 396
68 95 212
68 96 449
68 97 287
68 98 219
68 99 275
69 70 170
69 71 146
69 72 102
69 73 340
69 74 245
69 75 232
69 76 191
69 77 104
69 78 199
69 79 141
69 80 375
69 81 263
69 82 472
69 83 98
69 84 194
69 85 75
69 86 300
69 87 256
69 88 391
69 89 422
69 90 332
69 91 146
69 92 436
69 93 268
69 94 254
69 95 149
69 96 381
69 97 186
69 98 230
69 99 125
70 71 107
70 72 208
70 73 418
70 74 347
70 75 319
70 76 21
70 77 273
70 78 33
70 79 100
70 80 392
70 81 419
70 82 492
70 83 208
70 84 330
70 85 107
70 86 246
70 87 377
70 88 310
70 89 444
70 90 168
70 91 65
70 92 449
70 93 389
70 94 127
70 95 195
70 96 308
70 97 157
70 98 283
70 99 216
71 72 125
71 73 311
71 74 246
71 75 215
71 76 123
71 77 226
71 78 112
71 79 8
71 80 289
71 81 343
71 82 389
71 83 228
71 84 245
71 85 74
71 86 165
71 87 281
71 88 249
71 89 340
71 90 214
71 91 148
71 92 347
71 93 293
71 94 115
71 95 91
71 96 241
71 97 55
71 98 176
71 99 247
72 73 239
72 74 149
72 75 131
72 76 228
72 77 119
72 78 225
72 79 126
72 80 276
72 81 218
72 82 371
72 83 199
72 84 123
72 85 105
72 86 232
72 87 171
72 88 328
72 89 322
72 90 339
72 91 215
72 92 336
72 93 183
72 94 238
72 95 65
72 96 314
72 97 133
72 98 129
72 99 227
73 74 100
73 75 107
73 76 434
73 77 304
73 78 422
73 79 318
73 80 142
73 81 238
73 82 185
73 83 432
73 84 182
73 85 334
73 86 272
73 87 123
73 88 343
73 89 151
73 90 492
73 91 444
73 92 174
73 93 120
73 94 381
73 95 223
73 96 321
73 97 272
73 98 136
73 99 461
74 75 36
74 76 365
74 77 203
74 78 358
74 79 251
74 80 200
74 81 164
74 82 272
74 83 334
74 84 85
74 85 252
74 86 263
74 87 48
74 88 351
74 89 229
74 90 449
74 91 363
74 92 249
74 93 56
74 94 338
74 95 154
74 96 331
74 97 221
74 98 97
74 99 363
75 76 337
75 77 207
75 78 327
75 79 221
75 80 178
75 81 195
75 82 259
75 83 326
75 84 104
75 85 228
75 86 226
75 87 84
75 88 316
75 89 213
75 90 414
75 91 340
75 92 232
75 93 93
75 94 303
75 95 124
75 96 296
75 97 186
75 98 60
75 99 354
76 77 294
76 78 24
76 79 116
76 80 403
76 81 440
76 82 503
76 83 224
76 84 351
76 85 128
76 86 252
76 87 396
76 88 309
76 89 455
76 90 151
76 91 75
76 92 459
76 93 408
76 94 123
76 95 213
76 96 309
76 97 170
76 98 299
76 99 230
77 78 300
77 79 223
77 80 378
77 81 166
77 82 466
77 83 150
77 84 126
77 85 170
77 86 352
77 87 194
77 88 448
77 89 418
77 90 430
77 91 251
77 92 436
77 93 204
77 94 341
77 95 185
77 96 434
77 97 248
77 98 232
77 99 178
78 79 106
78 80 385
78 81 441
78 82 484
78 83 241
78 84 348
78 85 131
78 86 230
78 87 391
78 88 285
78 89 436
78 90 135
78 91 97
78 92 440
78 93 402
78 94 99
78 95 203
78 96 285
78 97 154
78 98 286
78 99 250
79 80 297
79 81 344
79 82 398
79 83 221
79 84 247
79 85 68
79 86 173
79 87 285
79 88 256
79 89 348
79 90 213
79 91 140
79 92 355
79 93 297
79 94 117
79 95 97
79 96 248
79 97 64
79 98 183
79 99 240
80 81 362
80 82 100
80 83 473
80 84 281
80 85 340
80 86 177
80 87 242
80 88 219
80 89 51
80 90 417
80 91 437
80 92 60
80 93 245
80 94 315
80 95 228
80 96 198
80 97 235
80 98 147
80 99 500
81 82 423
81 83 314
81 84 103
81 85 311
81 86 413
81 87 120
81 88 507
81 89 386
81 90 557
81 91 409
81 92 408
81 93 119
81 94 454
81 95 265
81 96 488
81 97 341
81 98 252
81 99 341
82 83 570
82 84 357
82 85 440
82 86 266
82 87 305
82 88 283
82 89 50
82 90 505
82 91 538
82 92 44
82 93 304
82 94 409
82 95 327
82 96 264
82 97 335
82 98 242
82 99 598
83 84 270
83 85 153
83 86 390
83 87 337
83 88 477
83 89 520
83 90 375
83 91 155
83 92 534
83 93 347
83 94 320
83 95 247
83 96 468
83 97 276
83 98 328
83 99 29
84 85 225
84 86 311
84 87 68
84 88 406
84 89 313
84 90 459
84 91 331
84 92 333
84 93 77
84 94 353
84 95 163
84 96 387
84 97 239
84 98 154
84 99 299
85 86 237
85 87 276
85 88 323
85 89 390
85 90 259
85 91 111
85 92 400
85 93 288
85 94 178
85 95 115
85 96 314
85 97 123
85 98 207
85 99 174
86 87 311
86 88 97
86 89 224
86 90 240
86 91 304
86 92 221
86 93 319
86 94 144
86 95 167
86 96 82
86 97 114
86 98 165
86 99 412
87 88 400
87 89 266
87 90 489
87 91 386
87 92 288
87 93 12
87 94 379
87 95 191
87 96 380
87 97 262
87 98 145
87 99 366
88 89 253
88 90 246
88 91 373
88 92 242
88 93 408
88 94 186
88 95 263
88 96 21
88 97 205
88 98 256
88 99 496
89 90 464
89 91 488
89 92 23
89 93 267
89 94 365
89 95 277
89 96 233
89 97 286
89 98 192
89 99 548
90 91 224
90 92 460
90 93 500
90 94 111
90 95 298
90 96 257
90 97 228
90 98 361
90 99 381
91 92 495
91 93 398
91 94 192
91 95 222
91 96 370
91 97 204
91 98 314
91 99 157
92 93 289
92 94 364
92 95 288
92 96 222
92 97 292
92 98 207
92 99 561
93 94 390
93 95 202
93 96 387
93 97 273
93 98 154
93 99 376
94 95 190
94 96 188
94 97 117
94 98 250
94 99 334
95 96 249
95 97 75
95 98 92
95 99 273
96 97 194
96 98 236
96 99 489
97 98 136
97 99 298
98 99 356
