100 4950
0 1 0.002370
0 2 0.002591
0 3 0.003745
0 4 0.003356
0 5 0.002155
0 6 0.001582
0 7 0.001672
0 8 0.003356
0 9 0.003546
0 10 0.002119
0 11 0.002151
0 12 0.001757
0 13 0.001626
0 14 0.002915
0 15 0.006944
0 16 0.002967
0 17 0.002457
0 18 0.002165
0 19 0.003559
0 20 0.002320
0 21 0.002053
0 22 0.005814
0 23 0.004032
0 24 0.002825
0 25 0.002985
0 26 0.002597
0 27 0.003663
0 28 0.001835
0 29 0.002597
0 30 0.002421
0 31 0.003322
0 32 0.002740
0 33 0.003521
0 34 0.001684
0 35 0.002732
0 36 0.003559
0 37 0.003717
0 38 0.001623
0 39 0.001792
0 40 0.004545
0 41 0.002451
0 42 0.005848
0 43 0.001953
0 44 0.004587
0 45 0.002105
0 46 0.002079
0 47 0.003597
0 48 0.002155
0 49 0.005952
0 50 0.003484
0 51 0.005000
0 52 0.002985
0 53 0.004808
0 54 0.002079
0 55 0.002320
0 56 0.002075
0 57 0.005464
0 58 0.001848
0 59 0.003676
0 60 0.001534
0 61 0.002083
0 62 0.001969
0 63 0.002725
0 64 0.002119
0 65 0.011111
0 66 0.002710
0 67 0.003333
0 68 0.002141
0 69 0.008547
0 70 0.002053
0 71 0.002232
0 72 0.001538
0 73 0.004149
0 74 0.003676
0 75 0.004545
0 76 0.003891
0 77 0.002110
0 78 0.013699
0 79 0.008929
0 80 0.002451
0 81 0.001757
0 82 0.001667
0 83 0.002083
0 84 0.002519
0 85 0.001938
0 86 0.002874
0 87 0.002469
0 88 0.004878
0 89 0.002169
0 90 0.002342
0 91 0.002545
0 92 0.010101
0 93 0.001587
0 94 0.002208
0 95 0.002639
0 96 0.002242
0 97 0.002488
0 98 0.003876
0 99 0.012658
1 2 0.008000
1 3 0.005917
1 4 0.002364
1 5 0.004854
1 6 0.002257
1 7 0.002096
1 8 0.004464
1 9 0.002160
1 10 0.004274
1 11 0.005051
1 12 0.002985
1 13 0.002538
1 14 0.004926
1 15 0.003571
1 16 0.004651
1 17 0.001757
1 18 0.003096
1 19 0.003650
1 20 0.041667
1 21 0.002899
1 22 0.003559
1 23 0.002370
1 24 0.003984
1 25 0.001894
1 26 0.003226
1 27 0.003623
1 28 0.002625
1 29 0.003145
1 30 0.001704
1 31 0.003472
1 32 0.002551
1 33 0.003086
1 34 0.002283
1 35 0.010417
1 36 0.002155
1 37 0.002398
1 38 0.002381
1 39 0.002169
1 40 0.002174
1 41 0.003472
1 42 0.002268
1 43 0.002092
1 44 0.002551
1 45 0.001992
1 46 0.002551
1 47 0.006135
1 48 0.001629
1 49 0.002494
1 50 0.003717
1 51 0.002114
1 52 0.001832
1 53 0.004587
1 54 0.015873
1 55 0.001789
1 56 0.001767
1 57 0.003650
1 58 0.002907
1 59 0.006135
1 60 0.002141
1 61 0.015873
1 62 0.002849
1 63 0.001767
1 64 0.004587
1 65 0.002747
1 66 0.002481
1 67 0.007042
1 68 0.003333
1 69 0.002299
1 70 0.003597
1 71 0.002203
1 72 0.002183
1 73 0.002119
1 74 0.002890
1 75 0.002857
1 76 0.006024
1 77 0.017544
1 78 0.002841
1 79 0.003215
1 80 0.007246
1 81 0.002193
1 82 0.002463
1 83 0.001783
1 84 0.006024
1 85 0.002817
1 86 0.001988
1 87 0.002165
1 88 0.003984
1 89 0.001912
1 90 0.003436
1 91 0.002381
1 92 0.003030
1 93 0.002160
1 94 0.001595
1 95 0.010753
1 96 0.010526
1 97 0.003745
1 98 0.005076
1 99 0.002865
2 3 0.008065
2 4 0.003195
2 5 0.009615
2 6 0.002950
2 7 0.002770
2 8 0.008403
2 9 0.002786
2 10 0.007874
2 11 0.010000
2 12 0.004184
2 13 0.003367
2 14 0.011765
2 15 0.004082
2 16 0.010204
2 17 0.002203
2 18 0.004950
2 19 0.005952
2 20 0.009091
2 21 0.004425
2 22 0.004566
2 23 0.003115
2 24 0.007752
2 25 0.002387
2 26 0.005376
2 27 0.005814
2 28 0.003731
2 29 0.005155
2 30 0.002119
2 31 0.005682
2 32 0.003690
2 33 0.004673
2 34 0.003067
2 35 0.023256
2 36 0.002786
2 37 0.003205
2 38 0.003155
2 39 0.002933
2 40 0.002717
2 41 0.006098
2 42 0.002793
2 43 0.002825
2 44 0.003356
2 45 0.002646
2 46 0.003717
2 47 0.009009
2 48 0.002016
2 49 0.003135
2 50 0.006211
2 51 0.002591
2 52 0.002273
2 53 0.005435
2 54 0.006944
2 55 0.002273
2 56 0.002252
2 57 0.004762
2 58 0.004237
2 59 0.008403
2 60 0.002755
2 61 0.007042
2 62 0.004255
2 63 0.002193
2 64 0.008621
2 65 0.003226
2 66 0.003534
2 67 0.010989
2 68 0.005495
2 69 0.002725
2 70 0.005988
2 71 0.003030
2 72 0.002809
2 73 0.002660
2 74 0.004184
2 75 0.003906
2 76 0.006098
2 77 0.007194
2 78 0.003067
2 79 0.003559
2 80 0.038462
2 81 0.002959
2 82 0.003311
2 83 0.002278
2 84 0.022727
2 85 0.004167
2 86 0.002564
2 87 0.002933
2 88 0.005405
2 89 0.002500
2 90 0.005952
2 91 0.003356
2 92 0.003472
2 93 0.002817
2 94 0.001957
2 95 0.027027
2 96 0.014085
2 97 0.006993
2 98 0.007752
2 99 0.003247
3 4 0.003636
3 5 0.004587
3 6 0.002309
3 7 0.002309
3 8 0.010101
3 9 0.003247
3 10 0.004274
3 11 0.004651
3 12 0.002907
3 13 0.002500
3 14 0.008475
3 15 0.008065
3 16 0.008264
3 17 0.002347
3 18 0.003690
3 19 0.007353
3 20 0.005814
3 21 0.003356
3 22 0.008929
3 23 0.003788
3 24 0.006289
3 25 0.002667
3 26 0.004566
3 27 0.007519
3 28 0.002849
3 29 0.004444
3 30 0.002262
3 31 0.006329
3 32 0.003690
3 33 0.005464
3 34 0.002445
3 35 0.010000
3 36 0.003247
3 37 0.003788
3 38 0.002427
3 39 0.002475
3 40 0.003390
3 41 0.004587
3 42 0.003676
3 43 0.002538
3 44 0.004348
3 45 0.002532
3 46 0.003096
3 47 0.071429
3 48 0.002096
3 49 0.004274
3 50 0.007519
3 51 0.003268
3 52 0.002558
3 53 0.016393
3 54 0.004505
3 55 0.002358
3 56 0.002247
3 57 0.009434
3 58 0.003030
3 59 0.142857
3 60 0.002193
3 61 0.004545
3 62 0.003185
3 63 0.002410
3 64 0.004386
3 65 0.005051
3 66 0.003546
3 67 0.029412
3 68 0.003831
3 69 0.003745
3 70 0.003788
3 71 0.002857
3 72 0.002217
3 73 0.003236
3 74 0.005025
3 75 0.005291
3 76 0.016667
3 77 0.004651
3 78 0.004902
3 79 0.006289
3 80 0.006757
3 81 0.002463
3 82 0.002525
3 83 0.002268
3 84 0.006849
3 85 0.003115
3 86 0.002809
3 87 0.002941
3 88 0.012195
3 89 0.002463
3 90 0.004329
3 91 0.003289
3 92 0.005882
3 93 0.002262
3 94 0.002066
3 95 0.008929
3 96 0.005556
3 97 0.004975
3 98 0.027778
3 99 0.005263
4 5 0.003106
4 6 0.002591
4 7 0.003067
4 8 0.005000
4 9 0.018519
4 10 0.003226
4 11 0.003049
4 12 0.002762
4 13 0.002571
4 14 0.004367
4 15 0.003788
4 16 0.004630
4 17 0.006623
4 18 0.004184
4 19 0.006711
4 20 0.002410
4 21 0.003937
4 22 0.004878
4 23 0.018868
4 24 0.005155
4 25 0.009346
4 26 0.005917
4 27 0.006757
4 28 0.003289
4 29 0.006098
4 30 0.005988
4 31 0.007246
4 32 0.010989
4 33 0.010000
4 34 0.002959
4 35 0.003040
4 36 0.018182
4 37 0.034483
4 38 0.002660
4 39 0.003534
4 40 0.009434
4 41 0.004831
4 42 0.007092
4 43 0.004484
4 44 0.012346
4 45 0.005618
4 46 0.004505
4 47 0.003650
4 48 0.004902
4 49 0.007692
4 50 0.006452
4 51 0.007299
4 52 0.007812
4 53 0.003704
4 54 0.002193
4 55 0.006452
4 56 0.005208
4 57 0.004950
4 58 0.003106
4 59 0.003571
4 60 0.002506
4 61 0.002203
4 62 0.003610
4 63 0.006944
4 64 0.003106
4 65 0.004545
4 66 0.011364
4 67 0.003460
4 68 0.003846
4 69 0.005208
4 70 0.003356
4 71 0.006410
4 72 0.002494
4 73 0.010309
4 74 0.012821
4 75 0.010101
4 76 0.003096
4 77 0.002222
4 78 0.003356
4 79 0.003584
4 80 0.003145
4 81 0.003356
4 82 0.002762
4 83 0.005291
4 84 0.003460
4 85 0.003521
4 86 0.012195
4 87 0.009259
4 88 0.004739
4 89 0.006061
4 90 0.004484
4 91 0.009434
4 92 0.004016
4 93 0.002681
4 94 0.004785
4 95 0.002985
4 96 0.002625
4 97 0.004608
4 98 0.004167
4 99 0.003937
5 6 0.004184
5 7 0.003663
5 8 0.005917
5 9 0.002681
5 10 0.034483
5 11 0.111111
5 12 0.007407
5 13 0.005155
5 14 0.008130
5 15 0.003012
5 16 0.007634
5 17 0.002257
5 18 0.007576
5 19 0.004926
5 20 0.005435
5 21 0.006711
5 22 0.003413
5 23 0.002890
5 24 0.007519
5 25 0.002358
5 26 0.006250
5 27 0.004762
5 28 0.005650
5 29 0.005988
5 30 0.002165
5 31 0.005051
5 32 0.003922
5 33 0.004255
5 34 0.004292
5 35 0.006849
5 36 0.002674
5 37 0.003030
5 38 0.004630
5 39 0.003817
5 40 0.002500
5 41 0.008130
5 42 0.002481
5 43 0.003401
5 44 0.003003
5 45 0.002994
5 46 0.004926
5 47 0.004902
5 48 0.002105
5 49 0.002732
5 50 0.005102
5 51 0.002353
5 52 0.002237
5 53 0.003636
5 54 0.005128
5 55 0.002387
5 56 0.002451
5 57 0.003546
5 58 0.007194
5 59 0.004651
5 60 0.003788
5 61 0.005208
5 62 0.006667
5 63 0.002188
5 64 0.076923
5 65 0.002625
5 66 0.003774
5 67 0.005263
5 68 0.009615
5 69 0.002358
5 70 0.013514
5 71 0.003472
5 72 0.003906
5 73 0.002481
5 74 0.003831
5 75 0.003390
5 76 0.003774
5 77 0.005208
5 78 0.002427
5 79 0.002717
5 80 0.012500
5 81 0.003937
5 82 0.004950
5 83 0.002481
5 84 0.013889
5 85 0.006536
5 86 0.002577
5 87 0.003175
5 88 0.003846
5 89 0.002740
5 90 0.008696
5 91 0.003663
5 92 0.002717
5 93 0.003876
5 94 0.002020
5 95 0.007299
5 96 0.008772
5 97 0.009259
5 98 0.004717
5 99 0.002584
6 7 0.010638
6 8 0.002857
6 9 0.002299
6 10 0.004695
6 11 0.004065
6 12 0.009091
6 13 0.017544
6 14 0.003155
6 15 0.001905
6 16 0.003165
6 17 0.002315
6 18 0.005814
6 19 0.002833
6 20 0.002381
6 21 0.006849
6 22 0.002128
6 23 0.002315
6 24 0.003484
6 25 0.002208
6 26 0.004032
6 27 0.002770
6 28 0.011364
6 29 0.004032
6 30 0.002222
6 31 0.003012
6 32 0.003390
6 33 0.002841
6 34 0.019231
6 35 0.002618
6 36 0.002294
6 37 0.002445
6 38 0.041667
6 39 0.007937
6 40 0.002041
6 41 0.004405
6 42 0.001938
6 43 0.004902
6 44 0.002268
6 45 0.003636
6 46 0.006061
6 47 0.002381
6 48 0.002299
6 49 0.002045
6 50 0.002874
6 51 0.001919
6 52 0.002101
6 53 0.002079
6 54 0.002375
6 55 0.002545
6 56 0.002874
6 57 0.002174
6 58 0.009615
6 59 0.002315
6 60 0.040000
6 61 0.002387
6 62 0.008000
6 63 0.002128
6 64 0.004405
6 65 0.001842
6 66 0.003356
6 67 0.002427
6 68 0.005780
6 69 0.001799
6 70 0.005780
6 71 0.003953
6 72 0.052632
6 73 0.002075
6 74 0.002710
6 75 0.002381
6 76 0.002045
6 77 0.002381
6 78 0.001675
6 79 0.001792
6 80 0.003155
6 81 0.009434
6 82 0.026316
6 83 0.002907
6 84 0.003344
6 85 0.008547
6 86 0.002439
6 87 0.003236
6 88 0.002247
6 89 0.003165
6 90 0.004762
6 91 0.003509
6 92 0.001832
6 93 0.029412
6 94 0.002146
6 95 0.002674
6 96 0.002874
6 97 0.004202
6 98 0.002410
6 99 0.001779
7 8 0.002941
7 9 0.002695
7 10 0.004082
7 11 0.003546
7 12 0.005848
7 13 0.007194
7 14 0.003155
7 15 0.001976
7 16 0.003205
7 17 0.002857
7 18 0.006135
7 19 0.003040
7 20 0.002193
7 21 0.007299
7 22 0.002232
7 23 0.002660
7 24 0.003623
7 25 0.002639
7 26 0.004505
7 27 0.002967
7 28 0.010309
7 29 0.004566
7 30 0.002732
7 31 0.003279
7 32 0.004167
7 33 0.003175
7 34 0.019231
7 35 0.002488
7 36 0.002688
7 37 0.002841
7 38 0.009615
7 39 0.022727
7 40 0.002315
7 41 0.004651
7 42 0.002155
7 43 0.008403
7 44 0.002551
7 45 0.005263
7 46 0.008475
7 47 0.002370
7 48 0.002882
7 49 0.002257
7 50 0.003067
7 51 0.002160
7 52 0.002494
7 53 0.002119
7 54 0.002146
7 55 0.003247
7 56 0.003846
7 57 0.002283
7 58 0.007092
7 59 0.002309
7 60 0.010870
7 61 0.002155
7 62 0.007874
7 63 0.002558
7 64 0.003817
7 65 0.001961
7 66 0.004184
7 67 0.002392
7 68 0.005556
7 69 0.001965
7 70 0.005000
7 71 0.005618
7 72 0.010101
7 73 0.002381
7 74 0.003058
7 75 0.002639
7 76 0.002037
7 77 0.002155
7 78 0.001748
7 79 0.001862
7 80 0.002924
7 81 0.033333
7 82 0.009615
7 83 0.003906
7 84 0.003145
7 85 0.008197
7 86 0.002976
7 87 0.004237
7 88 0.002342
7 89 0.004348
7 90 0.004950
7 91 0.004525
7 92 0.001923
7 93 0.015625
7 94 0.002639
7 95 0.002519
7 96 0.002584
7 97 0.004292
7 98 0.002451
7 99 0.001876
8 9 0.004132
8 10 0.005747
8 11 0.005848
8 12 0.003650
8 13 0.003086
8 14 0.021277
8 15 0.005714
8 16 0.025641
8 17 0.002890
8 18 0.005495
8 19 0.019608
8 20 0.004630
8 21 0.004785
8 22 0.007874
8 23 0.004902
8 24 0.015385
8 25 0.003279
8 26 0.008197
8 27 0.018519
8 28 0.003774
8 29 0.007874
8 30 0.002747
8 31 0.015152
8 32 0.005650
8 33 0.010000
8 34 0.003115
8 35 0.007692
8 36 0.004132
8 37 0.005102
8 38 0.003021
8 39 0.003236
8 40 0.004016
8 41 0.007874
8 42 0.004115
8 43 0.003378
8 44 0.005556
8 45 0.003344
8 46 0.004386
8 47 0.011111
8 48 0.002545
8 49 0.004902
8 50 0.022222
8 51 0.003717
8 52 0.003086
8 53 0.007519
8 54 0.003861
8 55 0.002959
8 56 0.002833
8 57 0.008621
8 58 0.003984
8 59 0.009901
8 60 0.002688
8 61 0.003891
8 62 0.004405
8 63 0.002915
8 64 0.005682
8 65 0.004695
8 66 0.005319
8 67 0.010204
8 68 0.005618
8 69 0.003891
8 70 0.005208
8 71 0.003953
8 72 0.002717
8 73 0.003876
8 74 0.008130
8 75 0.007246
8 76 0.006329
8 77 0.003968
8 78 0.003984
8 79 0.004762
8 80 0.007692
8 81 0.003205
8 82 0.003175
8 83 0.002874
8 84 0.009174
8 85 0.004255
8 86 0.003584
8 87 0.004032
8 88 0.010309
8 89 0.003205
8 90 0.007042
8 91 0.004785
8 92 0.004902
8 93 0.002817
8 94 0.002475
8 95 0.007353
8 96 0.005291
8 97 0.008850
8 98 0.014493
8 99 0.004505
9 10 0.002762
9 11 0.002639
9 12 0.002410
9 13 0.002273
9 14 0.003623
9 15 0.003636
9 16 0.003802
9 17 0.007576
9 18 0.003425
9 19 0.005236
9 20 0.002188
9 21 0.003268
9 22 0.004484
9 23 0.021277
9 24 0.004098
9 25 0.014493
9 26 0.004505
9 27 0.005291
9 28 0.002817
9 29 0.004608
9 30 0.006993
9 31 0.005435
9 32 0.007092
9 33 0.006897
9 34 0.002591
9 35 0.002695
9 36 0.500000
9 37 0.021277
9 38 0.002347
9 39 0.003058
9 40 0.014706
9 41 0.003846
9 42 0.008772
9 43 0.003831
9 44 0.011765
9 45 0.004831
9 46 0.003690
9 47 0.003247
9 48 0.005291
9 49 0.008403
9 50 0.005051
9 51 0.010204
9 52 0.011905
9 53 0.003413
9 54 0.002000
9 55 0.006667
9 56 0.004975
9 57 0.004505
9 58 0.002674
9 59 0.003195
9 60 0.002237
9 61 0.002008
9 62 0.003049
9 63 0.009259
9 64 0.002674
9 65 0.004630
9 66 0.007299
9 67 0.003067
9 68 0.003195
9 69 0.005917
9 70 0.002849
9 71 0.005102
9 72 0.002222
9 73 0.019608
9 74 0.008333
9 75 0.008333
9 76 0.002849
9 77 0.002024
9 78 0.003378
9 79 0.003521
9 80 0.002740
9 81 0.002907
9 82 0.002421
9 83 0.005025
9 84 0.002967
9 85 0.002985
9 86 0.014925
9 87 0.007092
9 88 0.004255
9 89 0.005405
9 90 0.003623
9 91 0.006623
9 92 0.003984
9 93 0.002381
9 94 0.005376
9 95 0.002646
9 96 0.002336
9 97 0.003717
9 98 0.003650
9 99 0.003968
10 11 0.026316
10 12 0.008929
10 13 0.005848
10 14 0.007752
10 15 0.002915
10 16 0.007353
10 17 0.002353
10 18 0.009434
10 19 0.004950
10 20 0.004717
10 21 0.008264
10 22 0.003333
10 23 0.002959
10 24 0.007812
10 25 0.002439
10 26 0.006944
10 27 0.004785
10 28 0.006757
10 29 0.006667
10 30 0.002252
10 31 0.005181
10 32 0.004202
10 33 0.004367
10 34 0.004878
10 35 0.005882
10 36 0.002755
10 37 0.003115
10 38 0.005263
10 39 0.004274
10 40 0.002538
10 41 0.009434
10 42 0.002500
10 43 0.003745
10 44 0.003058
10 45 0.003226
10 46 0.005650
10 47 0.004545
10 48 0.002203
10 49 0.002747
10 50 0.005128
10 51 0.002387
10 52 0.002309
10 53 0.003460
10 54 0.004484
10 55 0.002506
10 56 0.002591
10 57 0.003460
10 58 0.009009
10 59 0.004329
10 60 0.004219
10 61 0.004525
10 62 0.008264
10 63 0.002268
10 64 0.052632
10 65 0.002591
10 66 0.004032
10 67 0.004808
10 68 0.012821
10 69 0.002358
10 70 0.022222
10 71 0.003774
10 72 0.004348
10 73 0.002532
10 74 0.003937
10 75 0.003425
10 76 0.003521
10 77 0.004545
10 78 0.002370
10 79 0.002639
10 80 0.009615
10 81 0.004425
10 82 0.005714
10 83 0.002625
10 84 0.011111
10 85 0.008065
10 86 0.002688
10 87 0.003390
10 88 0.003731
10 89 0.002924
10 90 0.010638
10 91 0.003953
10 92 0.002660
10 93 0.004329
10 94 0.002101
10 95 0.006211
10 96 0.007042
10 97 0.010638
10 98 0.004464
10 99 0.002532
11 12 0.007042
11 13 0.004975
11 14 0.008065
11 15 0.003021
11 16 0.007463
11 17 0.002222
11 18 0.007092
11 19 0.004831
11 20 0.005682
11 21 0.006329
11 22 0.003413
11 23 0.002849
11 24 0.007299
11 25 0.002326
11 26 0.005988
11 27 0.004695
11 28 0.005405
11 29 0.005747
11 30 0.002132
11 31 0.004950
11 32 0.003817
11 33 0.004167
11 34 0.004149
11 35 0.007092
11 36 0.002632
11 37 0.002976
11 38 0.004464
11 39 0.003690
11 40 0.002469
11 41 0.007634
11 42 0.002457
11 43 0.003300
11 44 0.002967
11 45 0.002915
11 46 0.004717
11 47 0.004950
11 48 0.002075
11 49 0.002703
11 50 0.005025
11 51 0.002331
11 52 0.002208
11 53 0.003650
11 54 0.005376
11 55 0.002342
11 56 0.002398
11 57 0.003534
11 58 0.006803
11 59 0.004717
11 60 0.003690
11 61 0.005435
11 62 0.006329
11 63 0.002155
11 64 0.047619
11 65 0.002618
11 66 0.003676
11 67 0.005376
11 68 0.008850
11 69 0.002347
11 70 0.012048
11 71 0.003378
11 72 0.003802
11 73 0.002451
11 74 0.003774
11 75 0.003344
11 76 0.003817
11 77 0.005464
11 78 0.002433
11 79 0.002725
11 80 0.013514
11 81 0.003802
11 82 0.004785
11 83 0.002427
11 84 0.014286
11 85 0.006173
11 86 0.002538
11 87 0.003096
11 88 0.003846
11 89 0.002681
11 90 0.008130
11 91 0.003571
11 92 0.002717
11 93 0.003759
11 94 0.001988
11 95 0.007634
11 96 0.009524
11 97 0.008696
11 98 0.004739
11 99 0.002584
12 13 0.016667
12 14 0.004292
12 15 0.002232
12 16 0.004237
12 17 0.002242
12 18 0.008065
12 19 0.003448
12 20 0.003205
12 21 0.008929
12 22 0.002500
12 23 0.002494
12 24 0.004630
12 25 0.002227
12 26 0.005000
12 27 0.003356
12 28 0.011628
12 29 0.004926
12 30 0.002151
12 31 0.003650
12 32 0.003623
12 33 0.003311
12 34 0.008264
12 35 0.003559
12 36 0.002404
12 37 0.002632
12 38 0.011494
12 39 0.005556
12 40 0.002179
12 41 0.006024
12 42 0.002105
12 43 0.004149
12 44 0.002500
12 45 0.003300
12 46 0.006098
12 47 0.003021
12 48 0.002165
12 49 0.002252
12 50 0.003534
12 51 0.002049
12 52 0.002114
12 53 0.002519
12 54 0.003205
12 55 0.002427
12 56 0.002618
12 57 0.002571
12 58 0.022222
12 59 0.002924
12 60 0.007463
12 61 0.003226
12 62 0.010870
12 63 0.002110
12 64 0.008130
12 65 0.002079
12 66 0.003534
12 67 0.003135
12 68 0.009346
12 69 0.001969
12 70 0.012048
12 71 0.003759
12 72 0.008000
12 73 0.002193
12 74 0.003086
12 75 0.002695
12 76 0.002525
12 77 0.003215
12 78 0.001905
12 79 0.002070
12 80 0.004673
12 81 0.006098
12 82 0.013333
12 83 0.002653
12 84 0.004950
12 85 0.011494
12 86 0.002457
12 87 0.003185
12 88 0.002703
12 89 0.002933
12 90 0.006757
12 91 0.003597
12 92 0.002101
12 93 0.007407
12 94 0.002045
12 95 0.003690
12 96 0.004149
12 97 0.005952
12 98 0.003021
12 99 0.002024
13 14 0.003497
13 15 0.002004
13 16 0.003472
13 17 0.002203
13 18 0.006369
13 19 0.002985
13 20 0.002695
13 21 0.007299
13 22 0.002227
13 23 0.002315
13 24 0.003802
13 25 0.002141
13 26 0.004237
13 27 0.002915
13 28 0.011494
13 29 0.004202
13 30 0.002114
13 31 0.003165
13 32 0.003333
13 33 0.002933
13 34 0.011364
13 35 0.002950
13 36 0.002262
13 37 0.002439
13 38 0.026316
13 39 0.006211
13 40 0.002041
13 41 0.004808
13 42 0.001957
13 43 0.004274
13 44 0.002299
13 45 0.003311
13 46 0.005747
13 47 0.002584
13 48 0.002160
13 49 0.002075
13 50 0.003040
13 51 0.001923
13 52 0.002041
13 53 0.002217
13 54 0.002710
13 55 0.002398
13 56 0.002639
13 57 0.002283
13 58 0.013333
13 59 0.002513
13 60 0.012658
13 61 0.002725
13 62 0.008772
13 63 0.002049
13 64 0.005495
13 65 0.001898
13 66 0.003289
13 67 0.002660
13 68 0.006711
13 69 0.001828
13 70 0.007353
13 71 0.003663
13 72 0.014493
13 73 0.002062
13 74 0.002770
13 75 0.002439
13 76 0.002208
13 77 0.002717
13 78 0.001739
13 79 0.001873
13 80 0.003663
13 81 0.007042
13 82 0.027027
13 83 0.002667
13 84 0.003861
13 85 0.009434
13 86 0.002358
13 87 0.003067
13 88 0.002375
13 89 0.002924
13 90 0.005263
13 91 0.003378
13 92 0.001905
13 93 0.011364
13 94 0.002028
13 95 0.003030
13 96 0.003344
13 97 0.004651
13 98 0.002597
13 99 0.001845
14 15 0.004651
14 16 0.071429
14 17 0.002703
14 18 0.006494
14 19 0.011236
14 20 0.005236
14 21 0.005525
14 22 0.005848
14 23 0.004149
14 24 0.020000
14 25 0.002976
14 26 0.008850
14 27 0.010638
14 28 0.004274
14 29 0.008333
14 30 0.002577
14 31 0.010753
14 32 0.005263
14 33 0.007576
14 34 0.003425
14 35 0.009174
14 36 0.003623
14 37 0.004348
14 38 0.003367
14 39 0.003460
14 40 0.003448
14 41 0.009709
14 42 0.003484
14 43 0.003472
14 44 0.004525
14 45 0.003300
14 46 0.004739
14 47 0.009434
14 48 0.002421
14 49 0.004016
14 50 0.012346
14 51 0.003215
14 52 0.002809
14 53 0.006024
14 54 0.004386
14 55 0.002801
14 56 0.002747
14 57 0.006211
14 58 0.004651
14 59 0.008475
14 60 0.002941
14 61 0.004425
14 62 0.005076
14 63 0.002688
14 64 0.007692
14 65 0.003861
14 66 0.004975
14 67 0.009709
14 68 0.006897
14 69 0.003300
14 70 0.006623
14 71 0.003922
14 72 0.002985
14 73 0.003367
14 74 0.006410
14 75 0.005556
14 76 0.005682
14 77 0.004505
14 78 0.003401
14 79 0.003984
14 80 0.011111
14 81 0.003448
14 82 0.003571
14 83 0.002786
14 84 0.015625
14 85 0.004902
14 86 0.003268
14 87 0.003846
14 88 0.007194
14 89 0.003106
14 90 0.008696
14 91 0.004587
14 92 0.004049
14 93 0.003077
14 94 0.002342
14 95 0.009009
14 96 0.006579
14 97 0.011905
14 98 0.010101
14 99 0.003759
15 16 0.004717
15 17 0.002463
15 18 0.002825
15 19 0.005618
15 20 0.003472
15 21 0.002625
15 22 0.016129
15 23 0.004348
15 24 0.004184
15 25 0.002924
15 26 0.003509
15 27 0.005848
15 28 0.002283
15 29 0.003472
15 30 0.002392
15 31 0.004950
15 32 0.003344
15 33 0.004926
15 34 0.002028
15 35 0.004484
15 36 0.003636
15 37 0.004149
15 38 0.001976
15 39 0.002123
15 40 0.004219
15 41 0.003344
15 42 0.005051
15 43 0.002268
15 44 0.005236
15 45 0.002364
15 46 0.002564
15 47 0.007353
15 48 0.002160
15 49 0.005988
15 50 0.005525
15 51 0.004255
15 52 0.002849
15 53 0.015625
15 54 0.002959
15 55 0.002398
15 56 0.002208
15 57 0.014286
15 58 0.002347
15 59 0.007752
15 60 0.001832
15 61 0.002967
15 62 0.002494
15 63 0.002632
15 64 0.002933
15 65 0.010989
15 66 0.003257
15 67 0.006369
15 68 0.002833
15 69 0.005814
15 70 0.002740
15 71 0.002597
15 72 0.001842
15 73 0.003906
15 74 0.004902
15 75 0.006061
15 76 0.008547
15 77 0.003021
15 78 0.012346
15 79 0.027027
15 80 0.003731
15 81 0.002092
15 82 0.002041
15 83 0.002222
15 84 0.003831
15 85 0.002451
15 86 0.002967
15 87 0.002801
15 88 0.012500
15 89 0.002370
15 90 0.003165
15 91 0.003021
15 92 0.019608
15 93 0.001894
15 94 0.002169
15 95 0.004237
15 96 0.003300
15 97 0.003484
15 98 0.008333
15 99 0.014286
16 17 0.002801
16 18 0.006623
16 19 0.013158
16 20 0.004902
16 21 0.005618
16 22 0.006061
16 23 0.004386
16 24 0.024390
16 25 0.003096
16 26 0.009615
16 27 0.012195
16 28 0.004292
16 29 0.009009
16 30 0.002667
16 31 0.012500
16 32 0.005650
16 33 0.008403
16 34 0.003448
16 35 0.008333
16 36 0.003788
16 37 0.004608
16 38 0.003367
16 39 0.003521
16 40 0.003597
16 41 0.010204
16 42 0.003623
16 43 0.003571
16 44 0.004808
16 45 0.003425
16 46 0.004902
16 47 0.009091
16 48 0.002500
16 49 0.004202
16 50 0.014493
16 51 0.003333
16 52 0.002915
16 53 0.006061
16 54 0.004149
16 55 0.002899
16 56 0.002841
16 57 0.006452
16 58 0.004630
16 59 0.008264
16 60 0.002950
16 61 0.004184
16 62 0.005128
16 63 0.002786
16 64 0.007246
16 65 0.003984
16 66 0.005291
16 67 0.009091
16 68 0.006944
16 69 0.003413
16 70 0.006494
16 71 0.004098
16 72 0.002985
16 73 0.003521
16 74 0.006944
16 75 0.005952
16 76 0.005556
16 77 0.004255
16 78 0.003460
16 79 0.004049
16 80 0.009709
16 81 0.003497
16 82 0.003571
16 83 0.002874
16 84 0.013158
16 85 0.004950
16 86 0.003413
16 87 0.004032
16 88 0.007407
16 89 0.003226
16 90 0.009009
16 91 0.004831
16 92 0.004132
16 93 0.003096
16 94 0.002415
16 95 0.008130
16 96 0.006061
16 97 0.012346
16 98 0.010101
16 99 0.003846
17 18 0.003021
17 19 0.003367
17 20 0.001786
17 21 0.002985
17 22 0.002849
17 23 0.005650
17 24 0.003058
17 25 0.013889
17 26 0.003521
17 27 0.003367
17 28 0.002710
17 29 0.003623
17 30 0.050000
17 31 0.003559
17 32 0.005291
17 33 0.004049
17 34 0.002625
17 35 0.002110
17 36 0.007519
17 37 0.005988
17 38 0.002320
17 39 0.003236
17 40 0.005319
17 41 0.003125
17 42 0.004219
17 43 0.004329
17 44 0.004651
17 45 0.006250
17 46 0.003534
17 47 0.002358
17 48 0.016949
17 49 0.004016
17 50 0.003311
17 51 0.004785
17 52 0.012500
17 53 0.002387
17 54 0.001672
17 55 0.022727
17 56 0.009434
17 57 0.002865
17 58 0.002494
17 59 0.002320
17 60 0.002283
17 61 0.001678
17 62 0.002825
17 63 0.019231
17 64 0.002273
17 65 0.002890
17 66 0.005618
17 67 0.002278
17 68 0.002793
17 69 0.003436
17 70 0.002500
17 71 0.005495
17 72 0.002257
17 73 0.006024
17 74 0.004386
17 75 0.004065
17 76 0.002110
17 77 0.001689
17 78 0.002347
17 79 0.002410
17 80 0.002198
17 81 0.003049
17 82 0.002375
17 83 0.009346
17 84 0.002358
17 85 0.002786
17 86 0.014085
17 87 0.007519
17 88 0.002778
17 89 0.008264
17 90 0.003021
17 91 0.005814
17 92 0.002611
17 93 0.002445
17 94 0.016949
17 95 0.002088
17 96 0.001927
17 97 0.002976
17 98 0.002558
17 99 0.002611
18 19 0.005495
18 20 0.003289
18 21 0.035714
18 22 0.003344
18 23 0.003597
18 24 0.008547
18 25 0.003049
18 26 0.012500
18 27 0.005263
18 28 0.011765
18 29 0.012195
18 30 0.002849
18 31 0.006173
18 32 0.006494
18 33 0.005405
18 34 0.007143
18 35 0.004132
18 36 0.003413
18 37 0.003891
18 38 0.006452
18 39 0.007143
18 40 0.002967
18 41 0.017857
18 42 0.002817
18 43 0.006173
18 44 0.003584
18 45 0.004854
18 46 0.013889
18 47 0.003846
18 48 0.002817
18 49 0.003077
18 50 0.005650
18 51 0.002732
18 52 0.002841
18 53 0.003185
18 54 0.003096
18 55 0.003311
18 56 0.003546
18 57 0.003460
18 58 0.011765
18 59 0.003690
18 60 0.005181
18 61 0.003115
18 62 0.021277
18 63 0.002817
18 64 0.008065
18 65 0.002681
18 66 0.006211
18 67 0.003906
18 68 0.033333
18 69 0.002558
18 70 0.014085
18 71 0.006211
18 72 0.005263
18 73 0.003003
18 74 0.004878
18 75 0.003937
18 76 0.003040
18 77 0.003135
18 78 0.002347
18 79 0.002584
18 80 0.005376
18 81 0.007246
18 82 0.007194
18 83 0.003610
18 84 0.006289
18 85 0.018182
18 86 0.003484
18 87 0.005025
18 88 0.003650
18 89 0.004184
18 90 0.025000
18 91 0.006250
18 92 0.002667
18 93 0.005747
18 94 0.002632
18 95 0.004202
18 96 0.004167
18 97 0.014085
18 98 0.004032
18 99 0.002558
19 20 0.003745
19 21 0.004808
19 22 0.008403
19 23 0.006494
19 24 0.013158
19 25 0.003937
19 26 0.009259
19 27 0.125000
19 28 0.003759
19 29 0.009009
19 30 0.003185
19 31 0.038462
19 32 0.007299
19 33 0.020000
19 34 0.003145
19 35 0.005525
19 36 0.005208
19 37 0.006897
19 38 0.002976
19 39 0.003401
19 40 0.004950
19 41 0.007812
19 42 0.004975
19 43 0.003717
19 44 0.007519
19 45 0.003817
19 46 0.004695
19 47 0.007634
19 48 0.002899
19 49 0.006135
19 50 0.111111
19 51 0.004464
19 52 0.003650
19 53 0.006579
19 54 0.003236
19 55 0.003436
19 56 0.003226
19 57 0.009174
19 58 0.003831
19 59 0.007194
19 60 0.002674
19 61 0.003257
19 62 0.004367
19 63 0.003413
19 64 0.004808
19 65 0.005208
19 66 0.006803
19 67 0.006993
19 68 0.005348
19 69 0.004505
19 70 0.004762
19 71 0.004566
19 72 0.002695
19 73 0.004785
19 74 0.013889
19 75 0.010753
19 76 0.005236
19 77 0.003300
19 78 0.004082
19 79 0.004808
19 80 0.005650
19 81 0.003322
19 82 0.003125
19 83 0.003268
19 84 0.006579
19 85 0.004219
19 86 0.004367
19 87 0.004878
19 88 0.010101
19 89 0.003690
19 90 0.006849
19 91 0.005882
19 92 0.005181
19 93 0.002825
19 94 0.002817
19 95 0.005348
19 96 0.004202
19 97 0.008197
19 98 0.009901
19 99 0.004785
20 21 0.003067
20 22 0.003521
20 23 0.002398
20 24 0.004202
20 25 0.001919
20 26 0.003378
20 27 0.003717
20 28 0.002778
20 29 0.003300
20 30 0.001730
20 31 0.003584
20 32 0.002632
20 33 0.003165
20 34 0.002404
20 35 0.011494
20 36 0.002183
20 37 0.002433
20 38 0.002519
20 39 0.002268
20 40 0.002183
20 41 0.003676
20 42 0.002273
20 43 0.002169
20 44 0.002571
20 45 0.002053
20 46 0.002674
20 47 0.006061
20 48 0.001658
20 49 0.002494
20 50 0.003831
20 51 0.002119
20 52 0.001852
20 53 0.004444
20 54 0.019608
20 55 0.001825
20 56 0.001808
20 57 0.003610
20 58 0.003106
20 59 0.006024
20 60 0.002252
20 61 0.020000
20 62 0.003030
20 63 0.001789
20 64 0.005102
20 65 0.002710
20 66 0.002558
20 67 0.007042
20 68 0.003571
20 69 0.002283
20 70 0.003891
20 71 0.002278
20 72 0.002294
20 73 0.002132
20 74 0.002950
20 75 0.002890
20 76 0.005682
20 77 0.022727
20 78 0.002762
20 79 0.003125
20 80 0.008403
20 81 0.002294
20 82 0.002611
20 83 0.001825
20 84 0.006711
20 85 0.002985
20 86 0.002024
20 87 0.002222
20 88 0.003968
20 89 0.001961
20 90 0.003650
20 91 0.002457
20 92 0.002967
20 93 0.002268
20 94 0.001621
20 95 0.012346
20 96 0.013889
20 97 0.003984
20 98 0.005076
20 99 0.002801
21 22 0.003067
21 23 0.003378
21 24 0.006944
21 25 0.002959
21 26 0.009709
21 27 0.004630
21 28 0.017241
21 29 0.009709
21 30 0.002825
21 31 0.005348
21 32 0.006024
21 33 0.004831
21 34 0.008929
21 35 0.003745
21 36 0.003257
21 37 0.003650
21 38 0.007634
21 39 0.008621
21 40 0.002825
21 41 0.012048
21 42 0.002667
21 43 0.006711
21 44 0.003333
21 45 0.005000
21 46 0.016667
21 47 0.003484
21 48 0.002817
21 49 0.002882
21 50 0.004926
21 51 0.002604
21 52 0.002762
21 53 0.002933
21 54 0.002924
21 55 0.003300
21 56 0.003597
21 57 0.003175
21 58 0.014493
21 59 0.003356
21 60 0.006024
21 61 0.002941
21 62 0.043478
21 63 0.002762
21 64 0.007194
21 65 0.002513
21 66 0.005814
21 67 0.003534
21 68 0.021739
21 69 0.002421
21 70 0.012500
21 71 0.006289
21 72 0.006098
21 73 0.002865
21 74 0.004425
21 75 0.003623
21 76 0.002809
21 77 0.002950
21 78 0.002212
21 79 0.002415
21 80 0.004785
21 81 0.008850
21 82 0.008696
21 83 0.003663
21 84 0.005464
21 85 0.032258
21 86 0.003378
21 87 0.004926
21 88 0.003322
21 89 0.004237
21 90 0.014706
21 91 0.005988
21 92 0.002494
21 93 0.006803
21 94 0.002625
21 95 0.003817
21 96 0.003861
21 97 0.010204
21 98 0.003623
21 99 0.002398
22 23 0.005650
22 24 0.005376
22 25 0.003436
22 26 0.004405
22 27 0.009009
22 28 0.002611
22 29 0.004367
22 30 0.002740
22 31 0.006993
22 32 0.004219
22 33 0.007092
22 34 0.002294
22 35 0.004831
22 36 0.004505
22 37 0.005405
22 38 0.002208
22 39 0.002433
22 40 0.005155
22 41 0.004098
22 42 0.006098
22 43 0.002632
22 44 0.007194
22 45 0.002770
22 46 0.003021
22 47 0.008333
22 48 0.002457
22 49 0.007812
22 50 0.008065
22 51 0.005000
22 52 0.003300
22 53 0.013514
22 54 0.003003
22 55 0.002786
22 56 0.002545
22 57 0.090909
22 58 0.002667
22 59 0.008403
22 60 0.002037
22 61 0.003012
22 62 0.002890
22 63 0.003030
22 64 0.003322
22 65 0.010989
22 66 0.004082
22 67 0.006993
22 68 0.003333
22 69 0.006452
22 70 0.003145
22 71 0.003096
22 72 0.002049
22 73 0.004717
22 74 0.006993
22 75 0.009346
22 76 0.007407
22 77 0.003067
22 78 0.007874
22 79 0.011111
22 80 0.004184
22 81 0.002387
22 82 0.002294
22 83 0.002564
22 84 0.004425
22 85 0.002825
22 86 0.003546
22 87 0.003378
22 88 0.028571
22 89 0.002770
22 90 0.003817
22 91 0.003717
22 92 0.012987
22 93 0.002119
22 94 0.002451
22 95 0.004566
22 96 0.003509
22 97 0.004255
22 98 0.010870
22 99 0.010526
23 24 0.004673
23 25 0.008696
23 26 0.004926
23 27 0.006667
23 28 0.002865
23 29 0.005025
23 30 0.005291
23 31 0.006623
23 32 0.007246
23 33 0.008929
23 34 0.002591
23 35 0.003021
23 36 0.021739
23 37 0.040000
23 38 0.002375
23 39 0.003003
23 40 0.016949
23 41 0.004167
23 42 0.011236
23 43 0.003636
23 44 0.025641
23 45 0.004367
23 46 0.003717
23 47 0.003788
23 48 0.004292
23 49 0.012500
23 50 0.006211
23 51 0.011236
23 52 0.007812
23 53 0.004049
23 54 0.002169
23 55 0.005236
23 56 0.004237
23 57 0.005682
23 58 0.002762
23 59 0.003717
23 60 0.002237
23 61 0.002179
23 62 0.003135
23 63 0.006494
23 64 0.002874
23 65 0.005714
23 66 0.007246
23 67 0.003534
23 68 0.003378
23 69 0.007143
23 70 0.003021
23 71 0.004808
23 72 0.002232
23 73 0.017241
23 74 0.011628
23 75 0.013333
23 76 0.003279
23 77 0.002198
23 78 0.003922
23 79 0.004167
23 80 0.003030
23 81 0.002874
23 82 0.002457
23 83 0.004274
23 84 0.003289
23 85 0.003067
23 86 0.009174
23 87 0.006289
23 88 0.005263
23 89 0.004695
23 90 0.003891
23 91 0.006369
23 92 0.004808
23 93 0.002375
23 94 0.004310
23 95 0.002950
23 96 0.002558
23 97 0.004065
23 98 0.004348
23 99 0.004739
24 25 0.003344
24 26 0.015873
24 27 0.012048
24 28 0.005000
24 29 0.014286
24 30 0.002890
24 31 0.015152
24 32 0.006993
24 33 0.009709
24 34 0.003906
24 35 0.006369
24 36 0.004098
24 37 0.005025
24 38 0.003731
24 39 0.004082
24 40 0.003731
24 41 0.016129
24 42 0.003663
24 43 0.004184
24 44 0.004975
24 45 0.003953
24 46 0.006061
24 47 0.006757
24 48 0.002725
24 49 0.004219
24 50 0.014493
24 51 0.003413
24 52 0.003115
24 53 0.005051
24 54 0.003676
24 55 0.003205
24 56 0.003165
24 57 0.005714
24 58 0.005291
24 59 0.006250
24 60 0.003247
24 61 0.003704
24 62 0.006135
24 63 0.002994
24 64 0.007353
24 65 0.003759
24 66 0.006494
24 67 0.006667
24 68 0.008696
24 69 0.003356
24 70 0.007407
24 71 0.004878
24 72 0.003279
24 73 0.003690
24 74 0.007812
24 75 0.006098
24 76 0.004587
24 77 0.003759
24 78 0.003205
24 79 0.003676
24 80 0.007812
24 81 0.004032
24 82 0.003968
24 83 0.003215
24 84 0.010309
24 85 0.005882
24 86 0.003759
24 87 0.004717
24 88 0.006289
24 89 0.003663
24 90 0.012821
24 91 0.005882
24 92 0.003802
24 93 0.003436
24 94 0.002611
24 95 0.006289
24 96 0.005208
24 97 0.020408
24 98 0.007519
24 99 0.003571
25 26 0.003745
25 27 0.003953
25 28 0.002632
25 29 0.003846
25 30 0.012658
25 31 0.004098
25 32 0.005714
25 33 0.004854
25 34 0.002488
25 35 0.002299
25 36 0.014493
25 37 0.008929
25 38 0.002232
25 39 0.002976
25 40 0.008547
25 41 0.003279
25 42 0.006024
25 43 0.003817
25 44 0.006536
25 45 0.005076
25 46 0.003413
25 47 0.002667
25 48 0.007692
25 49 0.005556
25 50 0.003831
25 51 0.007246
25 52 0.040000
25 53 0.002762
25 54 0.001779
25 55 0.009615
25 56 0.006061
25 57 0.003448
25 58 0.002463
25 59 0.002625
25 60 0.002165
25 61 0.001786
25 62 0.002786
25 63 0.025000
25 64 0.002364
25 65 0.003610
25 66 0.005988
25 67 0.002551
25 68 0.002841
25 69 0.004566
25 70 0.002551
25 71 0.004975
25 72 0.002146
25 73 0.010526
25 74 0.005464
25 75 0.005319
25 76 0.002387
25 77 0.001799
25 78 0.002801
25 79 0.002874
25 80 0.002358
25 81 0.002825
25 82 0.002294
25 83 0.006061
25 84 0.002532
25 85 0.002740
25 86 0.023256
25 87 0.006944
25 88 0.003289
25 89 0.006135
25 90 0.003135
25 91 0.005814
25 92 0.003175
25 93 0.002304
25 94 0.008264
25 95 0.002268
25 96 0.002053
25 97 0.003155
25 98 0.002933
25 99 0.003185
26 27 0.008621
26 28 0.006211
26 29 0.125000
26 30 0.003300
26 31 0.011765
26 32 0.010526
26 33 0.009524
26 34 0.004739
26 35 0.004566
26 36 0.004484
26 37 0.005464
26 38 0.004292
26 39 0.005319
26 40 0.003831
26 41 0.025641
26 42 0.003610
26 43 0.005682
26 44 0.004975
26 45 0.005208
26 46 0.009346
26 47 0.004762
26 48 0.003145
26 49 0.004065
26 50 0.009615
26 51 0.003460
26 52 0.003448
26 53 0.003968
26 54 0.003067
26 55 0.003817
26 56 0.003861
26 57 0.004608
26 58 0.006135
26 59 0.004525
26 60 0.003731
26 61 0.003086
26 62 0.008000
26 63 0.003356
26 64 0.006329
26 65 0.003390
26 66 0.009434
26 67 0.004717
26 68 0.010638
26 69 0.003205
26 70 0.007692
26 71 0.006944
26 72 0.003759
26 73 0.003861
26 74 0.007937
26 75 0.005747
26 76 0.003597
26 77 0.003115
26 78 0.002833
26 79 0.003175
26 80 0.005556
26 81 0.005155
26 82 0.004608
26 83 0.003937
26 84 0.006711
26 85 0.007519
26 86 0.004367
26 87 0.006289
26 88 0.004878
26 89 0.004651
26 90 0.018182
26 91 0.008621
26 92 0.003322
26 93 0.004049
26 94 0.002967
26 95 0.004566
26 96 0.004115
26 97 0.018868
26 98 0.005263
26 99 0.003175
27 28 0.003650
27 29 0.008475
27 30 0.003185
27 31 0.031250
27 32 0.007092
27 33 0.019608
27 34 0.003067
27 35 0.005495
27 36 0.005291
27 37 0.006993
27 38 0.002907
27 39 0.003322
27 40 0.005076
27 41 0.007353
27 42 0.005128
27 43 0.003636
27 44 0.007812
27 45 0.003745
27 46 0.004545
27 47 0.007752
27 48 0.002890
27 49 0.006369
27 50 0.066667
27 51 0.004587
27 52 0.003676
27 53 0.006803
27 54 0.003205
27 55 0.003425
27 56 0.003195
27 57 0.009804
27 58 0.003717
27 59 0.007299
27 60 0.002618
27 61 0.003226
27 62 0.004219
27 63 0.003436
27 64 0.004651
27 65 0.005435
27 66 0.006623
27 67 0.006993
27 68 0.005155
27 69 0.004651
27 70 0.004608
27 71 0.004464
27 72 0.002639
27 73 0.004878
27 74 0.014085
27 75 0.011494
27 76 0.005319
27 77 0.003279
27 78 0.004202
27 79 0.005000
27 80 0.005495
27 81 0.003247
27 82 0.003049
27 83 0.003236
27 84 0.006369
27 85 0.004098
27 86 0.004367
27 87 0.004808
27 88 0.010753
27 89 0.003650
27 90 0.006494
27 91 0.005747
27 92 0.005376
27 93 0.002770
27 94 0.002817
27 95 0.005291
27 96 0.004132
27 97 0.007692
27 98 0.010204
27 99 0.004975
28 29 0.006211
28 30 0.002577
28 31 0.004098
28 32 0.004673
28 33 0.003788
28 34 0.016949
28 35 0.003226
28 36 0.002809
28 37 0.003067
28 38 0.013514
28 39 0.010417
28 40 0.002457
28 41 0.007143
28 42 0.002326
28 43 0.006410
28 44 0.002817
28 45 0.004545
28 46 0.011364
28 47 0.002950
28 48 0.002625
28 49 0.002481
28 50 0.003831
28 51 0.002288
28 52 0.002475
28 53 0.002519
28 54 0.002703
28 55 0.003003
28 56 0.003344
28 57 0.002681
28 58 0.021739
28 59 0.002849
28 60 0.009174
28 61 0.002725
28 62 0.026316
28 63 0.002488
28 64 0.006061
28 65 0.002193
28 66 0.004566
28 67 0.003003
28 68 0.010989
28 69 0.002132
28 70 0.009615
28 71 0.005319
28 72 0.009434
28 73 0.002500
28 74 0.003546
28 75 0.003003
28 76 0.002451
28 77 0.002725
28 78 0.001961
28 79 0.002123
28 80 0.004032
28 81 0.012195
28 82 0.016949
28 83 0.003401
28 84 0.004425
28 85 0.032258
28 86 0.002959
28 87 0.004167
28 88 0.002793
28 89 0.003846
28 90 0.008130
28 91 0.004785
28 92 0.002179
28 93 0.010989
28 94 0.002439
28 95 0.003289
28 96 0.003448
28 97 0.006536
28 98 0.003021
28 99 0.002110
29 30 0.003390
29 31 0.011494
29 32 0.011364
29 33 0.009615
29 34 0.004785
29 35 0.004425
29 36 0.004587
29 37 0.005587
29 38 0.004292
29 39 0.005435
29 40 0.003891
29 41 0.022222
29 42 0.003650
29 43 0.005882
29 44 0.005051
29 45 0.005405
29 46 0.009709
29 47 0.004630
29 48 0.003226
29 49 0.004098
29 50 0.009346
29 51 0.003497
29 52 0.003521
29 53 0.003906
29 54 0.002994
29 55 0.003922
29 56 0.003984
29 57 0.004566
29 58 0.006024
29 59 0.004405
29 60 0.003745
29 61 0.003021
29 62 0.007937
29 63 0.003436
29 64 0.006061
29 65 0.003378
29 66 0.010101
29 67 0.004566
29 68 0.010204
29 69 0.003226
29 70 0.007407
29 71 0.007353
29 72 0.003759
29 73 0.003937
29 74 0.008065
29 75 0.005780
29 76 0.003521
29 77 0.003040
29 78 0.002825
29 79 0.003145
29 80 0.005319
29 81 0.005236
29 82 0.004587
29 83 0.004065
29 84 0.006369
29 85 0.007463
29 86 0.004505
29 87 0.006623
29 88 0.004785
29 89 0.004808
29 90 0.016667
29 91 0.009259
29 92 0.003311
29 93 0.004082
29 94 0.003030
29 95 0.004425
29 96 0.003984
29 97 0.016667
29 98 0.005102
29 99 0.003155
30 31 0.003344
30 32 0.004808
30 33 0.003788
30 34 0.002506
30 35 0.002033
30 36 0.006944
30 37 0.005525
30 38 0.002227
30 39 0.003067
30 40 0.005128
30 41 0.002950
30 42 0.004098
30 43 0.004032
30 44 0.004405
30 45 0.005650
30 46 0.003311
30 47 0.002273
30 48 0.018519
30 49 0.003876
30 50 0.003135
30 51 0.004673
30 52 0.012500
30 53 0.002309
30 54 0.001623
30 55 0.016949
30 56 0.008547
30 57 0.002755
30 58 0.002381
30 59 0.002237
30 60 0.002198
30 61 0.001629
30 62 0.002681
30 63 0.020408
30 64 0.002179
30 65 0.002817
30 66 0.005076
30 67 0.002193
30 68 0.002646
30 69 0.003367
30 70 0.002387
30 71 0.005000
30 72 0.002169
30 73 0.005780
30 74 0.004082
30 75 0.003861
30 76 0.002045
30 77 0.001639
30 78 0.002299
30 79 0.002347
30 80 0.002114
30 81 0.002890
30 82 0.002278
30 83 0.008403
30 84 0.002257
30 85 0.002646
30 86 0.011628
30 87 0.006579
30 88 0.002674
30 89 0.007299
30 90 0.002857
30 91 0.005208
30 92 0.002545
30 93 0.002347
30 94 0.022727
30 95 0.002012
30 96 0.001862
30 97 0.002817
30 98 0.002457
30 99 0.002551
31 32 0.008772
31 33 0.025000
31 34 0.003390
31 35 0.005155
31 36 0.005435
31 37 0.007246
31 38 0.003165
31 39 0.003717
31 40 0.004926
31 41 0.009174
31 42 0.004808
31 43 0.004115
31 44 0.007353
31 45 0.004202
31 46 0.005319
31 47 0.006579
31 48 0.003058
31 49 0.005780
31 50 0.038462
31 51 0.004386
31 52 0.003788
31 53 0.005650
31 54 0.003135
31 55 0.003663
31 56 0.003472
31 57 0.007519
31 58 0.004132
31 59 0.006173
31 60 0.002841
31 61 0.003155
31 62 0.004808
31 63 0.003559
31 64 0.004975
31 65 0.004717
31 66 0.008065
31 67 0.006135
31 68 0.005917
31 69 0.004255
31 70 0.005128
31 71 0.005155
31 72 0.002857
31 73 0.004831
31 74 0.015385
31 75 0.010000
31 76 0.004651
31 77 0.003195
31 78 0.003731
31 79 0.004310
31 80 0.005495
31 81 0.003623
31 82 0.003333
31 83 0.003521
31 84 0.006494
31 85 0.004630
31 86 0.004651
31 87 0.005464
31 88 0.008000
31 89 0.004032
31 90 0.007812
31 91 0.006849
31 92 0.004630
31 93 0.003021
31 94 0.002950
31 95 0.005025
31 96 0.004098
31 97 0.009346
31 98 0.008065
31 99 0.004329
32 33 0.010309
32 34 0.004032
32 35 0.003367
32 36 0.006993
32 37 0.008772
32 38 0.003497
32 39 0.005076
32 40 0.005128
32 41 0.007519
32 42 0.004444
32 43 0.006803
32 44 0.006536
32 45 0.007874
32 46 0.007576
32 47 0.003774
32 48 0.004444
32 49 0.004902
32 50 0.007194
32 51 0.004425
32 52 0.005025
32 53 0.003497
32 54 0.002415
32 55 0.005882
32 56 0.005682
32 57 0.004348
32 58 0.004274
32 59 0.003636
32 60 0.003226
32 61 0.002427
32 62 0.005319
32 63 0.004878
32 64 0.003968
32 65 0.003571
32 66 0.083333
32 67 0.003636
32 68 0.005650
32 69 0.003690
32 70 0.004587
32 71 0.011494
32 72 0.003215
32 73 0.005348
32 74 0.010309
32 75 0.006803
32 76 0.003058
32 77 0.002445
32 78 0.002849
32 79 0.003106
32 80 0.003717
32 81 0.004739
32 82 0.003676
32 83 0.005814
32 84 0.004202
32 85 0.005128
32 86 0.007353
32 87 0.014085
32 88 0.004367
32 89 0.007353
32 90 0.006897
32 91 0.029412
32 92 0.003344
32 93 0.003534
32 94 0.004115
32 95 0.003333
32 96 0.003003
32 97 0.006757
32 98 0.004219
32 99 0.003236
33 34 0.003215
33 35 0.004367
33 36 0.006897
33 37 0.010101
33 38 0.002967
33 39 0.003623
33 40 0.006024
33 41 0.007299
33 42 0.005747
33 43 0.004184
33 44 0.010000
33 45 0.004484
33 46 0.005051
33 47 0.005587
33 48 0.003378
33 49 0.007042
33 50 0.017857
33 51 0.005236
33 52 0.004425
33 53 0.005263
33 54 0.002801
33 55 0.004132
33 56 0.003788
33 57 0.007463
33 58 0.003731
33 59 0.005348
33 60 0.002703
33 61 0.002817
33 62 0.004348
33 63 0.004098
33 64 0.004202
33 65 0.005128
33 66 0.009434
33 67 0.005181
33 68 0.005102
33 69 0.004831
33 70 0.004405
33 71 0.005495
33 72 0.002710
33 73 0.005917
33 74 0.038462
33 75 0.014493
33 76 0.004237
33 77 0.002849
33 78 0.003846
33 79 0.004367
33 80 0.004525
33 81 0.003497
33 82 0.003115
33 83 0.003846
33 84 0.005181
33 85 0.004219
33 86 0.005587
33 87 0.006211
33 88 0.007519
33 89 0.004405
33 90 0.006452
33 91 0.007692
33 92 0.004808
33 93 0.002882
33 94 0.003279
33 95 0.004237
33 96 0.003534
33 97 0.007194
33 98 0.006803
33 99 0.004545
34 35 0.002717
34 36 0.002577
34 37 0.002762
34 38 0.018519
34 39 0.013158
34 40 0.002257
34 41 0.005128
34 42 0.002123
34 43 0.006536
34 44 0.002525
34 45 0.004464
34 46 0.008475
34 47 0.002519
34 48 0.002604
34 49 0.002242
34 50 0.003195
34 51 0.002110
34 52 0.002347
34 53 0.002208
34 54 0.002364
34 55 0.002924
34 56 0.003356
34 57 0.002347
34 58 0.010417
34 59 0.002445
34 60 0.016129
34 61 0.002375
34 62 0.010526
34 63 0.002387
34 64 0.004525
34 65 0.001980
34 66 0.003984
34 67 0.002558
34 68 0.006711
34 69 0.001949
34 70 0.006211
34 71 0.004950
34 72 0.015625
34 73 0.002304
34 74 0.003067
34 75 0.002646
34 76 0.002146
34 77 0.002375
34 78 0.001776
34 79 0.001905
34 80 0.003279
34 81 0.017857
34 82 0.019231
34 83 0.003401
34 84 0.003521
34 85 0.011236
34 86 0.002778
34 87 0.003861
34 88 0.002421
34 89 0.003774
34 90 0.005587
34 91 0.004237
34 92 0.001957
34 93 0.027027
34 94 0.002410
34 95 0.002762
34 96 0.002899
34 97 0.004785
34 98 0.002584
34 99 0.001901
35 36 0.002695
35 37 0.003077
35 38 0.002786
35 39 0.002625
35 40 0.002688
35 41 0.005000
35 42 0.002793
35 43 0.002558
35 44 0.003300
35 45 0.002439
35 46 0.003257
35 47 0.011236
35 48 0.001927
35 49 0.003145
35 50 0.005747
35 51 0.002577
35 52 0.002203
35 53 0.006289
35 54 0.007576
35 55 0.002155
35 56 0.002119
35 57 0.005051
35 58 0.003597
35 59 0.010638
35 60 0.002463
35 61 0.007692
35 62 0.003623
35 63 0.002114
35 64 0.006329
35 65 0.003378
35 66 0.003236
35 67 0.015152
35 68 0.004484
35 69 0.002786
35 70 0.004762
35 71 0.002762
35 72 0.002506
35 73 0.002611
35 74 0.003968
35 75 0.003831
35 76 0.007752
35 77 0.008000
35 78 0.003311
35 79 0.003876
35 80 0.014925
35 81 0.002639
35 82 0.002907
35 83 0.002141
35 84 0.011765
35 85 0.003546
35 86 0.002451
35 87 0.002717
35 88 0.005780
35 89 0.002326
35 90 0.004854
35 91 0.003067
35 92 0.003717
35 93 0.002519
35 94 0.001880
35 95 0.071429
35 96 0.012346
35 97 0.005587
35 98 0.008621
35 99 0.003460
36 37 0.021277
36 38 0.002342
36 39 0.003040
36 40 0.014925
36 41 0.003831
36 42 0.008850
36 43 0.003802
36 44 0.011905
36 45 0.004785
36 46 0.003676
36 47 0.003247
36 48 0.005263
36 49 0.008475
36 50 0.005025
36 51 0.010309
36 52 0.011905
36 53 0.003413
36 54 0.001996
36 55 0.006623
36 56 0.004950
36 57 0.004525
36 58 0.002667
36 59 0.003195
36 60 0.002227
36 61 0.002004
36 62 0.003030
36 63 0.009259
36 64 0.002667
36 65 0.004651
36 66 0.007246
36 67 0.003067
36 68 0.003185
36 69 0.005988
36 70 0.002841
36 71 0.005076
36 72 0.002217
36 73 0.020000
36 74 0.008264
36 75 0.008333
36 76 0.002857
36 77 0.002024
36 78 0.003390
36 79 0.003534
36 80 0.002732
36 81 0.002899
36 82 0.002415
36 83 0.005000
36 84 0.002959
36 85 0.002976
36 86 0.014706
36 87 0.007042
36 88 0.004255
36 89 0.005376
36 90 0.003610
36 91 0.006579
36 92 0.004000
36 93 0.002370
36 94 0.005348
36 95 0.002646
36 96 0.002336
36 97 0.003704
36 98 0.003650
36 99 0.003984
37 38 0.002513
37 39 0.003236
37 40 0.012195
37 41 0.004525
37 42 0.008850
37 43 0.003984
37 44 0.018519
37 45 0.004831
37 46 0.004082
37 47 0.003802
37 48 0.004484
37 49 0.009901
37 50 0.006579
37 51 0.008929
37 52 0.007692
37 53 0.003953
37 54 0.002203
37 55 0.005682
37 56 0.004587
37 57 0.005495
37 58 0.002933
37 59 0.003717
37 60 0.002364
37 61 0.002212
37 62 0.003367
37 63 0.006579
37 64 0.003021
37 65 0.005181
37 66 0.008772
37 67 0.003559
37 68 0.003623
37 69 0.006135
37 70 0.003205
37 71 0.005435
37 72 0.002358
37 73 0.013158
37 74 0.013514
37 75 0.012658
37 76 0.003247
37 77 0.002237
37 78 0.003676
37 79 0.003937
37 80 0.003135
37 81 0.003086
37 82 0.002604
37 83 0.004651
37 84 0.003425
37 85 0.003289
37 86 0.010309
37 87 0.007299
37 88 0.005155
37 89 0.005181
37 90 0.004219
37 91 0.007519
37 92 0.004464
37 93 0.002519
37 94 0.004464
37 95 0.003012
37 96 0.002618
37 97 0.004386
37 98 0.004367
37 99 0.004386
38 39 0.007692
38 40 0.002088
38 41 0.004785
38 42 0.001988
38 43 0.004878
38 44 0.002336
38 45 0.003636
38 46 0.006410
38 47 0.002500
38 48 0.002294
38 49 0.002101
38 50 0.003021
38 51 0.001961
38 52 0.002123
38 53 0.002169
38 54 0.002513
38 55 0.002551
38 56 0.002849
38 57 0.002262
38 58 0.012048
38 59 0.002433
38 60 0.020833
38 61 0.002525
38 62 0.009259
38 63 0.002146
38 64 0.004902
38 65 0.001898
38 66 0.003448
38 67 0.002558
38 68 0.006494
38 69 0.001845
38 70 0.006623
38 71 0.004000
38 72 0.025000
38 73 0.002119
38 74 0.002817
38 75 0.002463
38 76 0.002141
38 77 0.002519
38 78 0.001727
38 79 0.001855
38 80 0.003401
38 81 0.009091
38 82 0.058824
38 83 0.002890
38 84 0.003610
38 85 0.009901
38 86 0.002469
38 87 0.003279
38 88 0.002347
38 89 0.003165
38 90 0.005208
38 91 0.003597
38 92 0.001890
38 93 0.019231
38 94 0.002141
38 95 0.002849
38 96 0.003077
38 97 0.004566
38 98 0.002532
38 99 0.001835
39 40 0.002577
39 41 0.005348
39 42 0.002375
39 43 0.012658
39 44 0.002857
39 45 0.006667
39 46 0.012195
39 47 0.002545
39 48 0.003236
39 49 0.002494
39 50 0.003436
39 51 0.002381
39 52 0.002793
39 53 0.002273
39 54 0.002193
39 55 0.003731
39 56 0.004484
39 57 0.002488
39 58 0.007092
39 59 0.002469
39 60 0.007692
39 61 0.002203
39 62 0.008850
39 63 0.002865
39 64 0.003968
39 65 0.002128
39 66 0.005076
39 67 0.002551
39 68 0.006173
39 69 0.002141
39 70 0.005263
39 71 0.007407
39 72 0.007353
39 73 0.002653
39 74 0.003497
39 75 0.002959
39 76 0.002160
39 77 0.002208
39 78 0.001869
39 79 0.002000
39 80 0.003086
39 81 0.047619
39 82 0.008000
39 83 0.004566
39 84 0.003356
39 85 0.009009
39 86 0.003413
39 87 0.005181
39 88 0.002551
39 89 0.005236
39 90 0.005650
39 91 0.005618
39 92 0.002075
39 93 0.009901
39 94 0.002933
39 95 0.002653
39 96 0.002674
39 97 0.004854
39 98 0.002653
39 99 0.002020
40 41 0.003367
40 42 0.020000
40 43 0.003067
40 44 0.014286
40 45 0.003650
40 46 0.003067
40 47 0.003356
40 48 0.004065
40 49 0.014286
40 50 0.004762
40 51 0.031250
40 52 0.008403
40 53 0.003731
40 54 0.001984
40 55 0.004695
40 56 0.003745
40 57 0.005102
40 58 0.002375
40 59 0.003322
40 60 0.001984
40 61 0.001992
40 62 0.002653
40 63 0.006667
40 64 0.002481
40 65 0.006135
40 66 0.005181
40 67 0.003135
40 68 0.002825
40 69 0.009615
40 70 0.002571
40 71 0.003846
40 72 0.001980
40 73 0.043478
40 74 0.007092
40 75 0.008850
40 76 0.003040
40 77 0.002012
40 78 0.004132
40 79 0.004202
40 80 0.002639
40 81 0.002475
40 82 0.002151
40 83 0.003759
40 84 0.002825
40 85 0.002604
40 86 0.007634
40 87 0.004831
40 88 0.004630
40 89 0.003968
40 90 0.003185
40 91 0.004739
40 92 0.004902
40 93 0.002092
40 94 0.004237
40 95 0.002625
40 96 0.002283
40 97 0.003311
40 98 0.003788
40 99 0.005000
41 42 0.003215
41 43 0.005236
41 44 0.004255
41 45 0.004587
41 46 0.009174
41 47 0.004831
41 48 0.002841
41 49 0.003597
41 50 0.008197
41 51 0.003077
41 52 0.003049
41 53 0.003861
41 54 0.003356
41 55 0.003367
41 56 0.003460
41 57 0.004274
41 58 0.007463
41 59 0.004566
41 60 0.004032
41 61 0.003378
41 62 0.009804
41 63 0.002976
41 64 0.008333
41 65 0.003125
41 66 0.006993
41 67 0.004854
41 68 0.016667
41 69 0.002924
41 70 0.010870
41 71 0.005882
41 72 0.004082
41 73 0.003378
41 74 0.006250
41 75 0.004878
41 76 0.003610
41 77 0.003413
41 78 0.002695
41 79 0.003012
41 80 0.006494
41 81 0.005319
41 82 0.005181
41 83 0.003521
41 84 0.008130
41 85 0.009091
41 86 0.003745
41 87 0.005181
41 88 0.004566
41 89 0.004082
41 90 0.052632
41 91 0.006667
41 92 0.003125
41 93 0.004348
41 94 0.002681
41 95 0.005025
41 96 0.004673
41 97 0.045455
41 98 0.005155
41 99 0.002976
42 43 0.002755
42 44 0.013158
42 45 0.003165
42 46 0.002825
42 47 0.003597
42 48 0.003390
42 49 0.025000
42 50 0.004785
42 51 0.026316
42 52 0.005988
42 53 0.004219
42 54 0.002049
42 55 0.003817
42 56 0.003185
42 57 0.005917
42 58 0.002278
42 59 0.003584
42 60 0.001883
42 61 0.002053
42 62 0.002513
42 63 0.005025
42 64 0.002457
42 65 0.008475
42 66 0.004444
42 67 0.003333
42 68 0.002710
42 69 0.018182
42 70 0.002494
42 71 0.003367
42 72 0.001880
42 73 0.013889
42 74 0.006579
42 75 0.009174
42 76 0.003344
42 77 0.002079
42 78 0.005128
42 79 0.005128
42 80 0.002688
42 81 0.002299
42 82 0.002049
42 83 0.003195
42 84 0.002857
42 85 0.002463
42 86 0.005587
42 87 0.004049
42 88 0.005236
42 89 0.003367
42 90 0.003049
42 91 0.004082
42 92 0.006250
42 93 0.001976
42 94 0.003521
42 95 0.002717
42 96 0.002336
42 97 0.003205
42 98 0.004098
42 99 0.006452
43 44 0.003367
43 45 0.013889
43 46 0.010989
43 47 0.002597
43 48 0.004310
43 49 0.002874
43 50 0.003731
43 51 0.002801
43 52 0.003521
43 53 0.002381
43 54 0.002066
43 55 0.005263
43 56 0.006849
43 57 0.002695
43 58 0.005051
43 59 0.002525
43 60 0.004808
43 61 0.002079
43 62 0.006369
43 63 0.003663
43 64 0.003509
43 65 0.002342
43 66 0.006993
43 67 0.002577
43 68 0.005263
43 69 0.002421
43 70 0.004386
43 71 0.014925
43 72 0.004673
43 73 0.003205
43 74 0.004115
43 75 0.003413
43 76 0.002208
43 77 0.002088
43 78 0.002012
43 79 0.002141
43 80 0.002924
43 81 0.010101
43 82 0.005051
43 83 0.007042
43 84 0.003195
43 85 0.006289
43 86 0.004525
43 87 0.008197
43 88 0.002725
43 89 0.008850
43 90 0.005319
43 91 0.008333
43 92 0.002247
43 93 0.005587
43 94 0.003802
43 95 0.002571
43 96 0.002506
43 97 0.004717
43 98 0.002755
43 99 0.002198
44 45 0.003876
44 46 0.003571
44 47 0.004310
44 48 0.003676
44 49 0.019231
44 50 0.007143
44 51 0.010753
44 52 0.006061
44 53 0.004762
44 54 0.002304
44 55 0.004386
44 56 0.003690
44 57 0.007246
44 58 0.002747
44 59 0.004237
44 60 0.002188
44 61 0.002309
44 62 0.003096
44 63 0.005208
44 64 0.002976
44 65 0.007143
44 66 0.006452
44 67 0.003968
44 68 0.003401
44 69 0.008475
44 70 0.003067
44 71 0.004310
44 72 0.002188
44 73 0.012500
44 74 0.013158
44 75 0.023256
44 76 0.003717
44 77 0.002336
44 78 0.004587
44 79 0.004950
44 80 0.003236
44 81 0.002755
44 82 0.002421
44 83 0.003731
44 84 0.003521
44 85 0.003030
44 86 0.006803
44 87 0.005319
44 88 0.006494
44 89 0.004065
44 90 0.003953
44 91 0.005618
44 92 0.005848
44 93 0.002315
44 94 0.003704
44 95 0.003205
44 96 0.002717
44 97 0.004202
44 98 0.005076
44 99 0.005747
45 46 0.007042
45 47 0.002577
45 48 0.006173
45 49 0.003257
45 50 0.003802
45 51 0.003279
45 52 0.004608
45 53 0.002427
45 54 0.001938
45 55 0.008403
45 56 0.012658
45 57 0.002825
45 58 0.003861
45 59 0.002513
45 60 0.003584
45 61 0.001949
45 62 0.004673
45 63 0.004902
45 64 0.003049
45 65 0.002532
45 66 0.008475
45 67 0.002525
45 68 0.004255
45 69 0.002710
45 70 0.003623
45 71 0.020408
45 72 0.003509
45 73 0.003876
45 74 0.004566
45 75 0.003788
45 76 0.002212
45 77 0.001957
45 78 0.002128
45 79 0.002252
45 80 0.002695
45 81 0.005882
45 82 0.003745
45 83 0.013514
45 84 0.002941
45 85 0.004608
45 86 0.006369
45 87 0.014085
45 88 0.002817
45 89 0.023810
45 90 0.004525
45 91 0.010638
45 92 0.002392
45 93 0.004000
45 94 0.005208
45 95 0.002433
45 96 0.002315
45 97 0.004184
45 98 0.002762
45 99 0.002347
46 47 0.003195
46 48 0.003344
46 49 0.003030
46 50 0.004762
46 51 0.002801
46 52 0.003155
46 53 0.002786
46 54 0.002538
46 55 0.004016
46 56 0.004545
46 57 0.003115
46 58 0.008403
46 59 0.003077
46 60 0.005587
46 61 0.002551
46 62 0.013699
46 63 0.003175
46 64 0.005128
46 65 0.002545
46 66 0.007463
46 67 0.003195
46 68 0.010000
46 69 0.002525
46 70 0.007246
46 71 0.009709
46 72 0.005556
46 73 0.003145
46 74 0.004739
46 75 0.003788
46 76 0.002611
46 77 0.002564
46 78 0.002198
46 79 0.002381
46 80 0.003922
46 81 0.011364
46 82 0.006993
46 83 0.004651
46 84 0.004405
46 85 0.012987
46 86 0.003984
46 87 0.006536
46 88 0.003215
46 89 0.005587
46 90 0.009804
46 91 0.008130
46 92 0.002481
46 93 0.006536
46 94 0.003067
46 95 0.003289
46 96 0.003226
46 97 0.007752
46 98 0.003378
46 99 0.002404
47 48 0.002110
47 49 0.004202
47 50 0.007812
47 51 0.003226
47 52 0.002551
47 53 0.013514
47 54 0.004673
47 55 0.002375
47 56 0.002273
47 57 0.008850
47 58 0.003155
47 59 0.083333
47 60 0.002252
47 61 0.004717
47 62 0.003311
47 63 0.002415
47 64 0.004651
47 65 0.004808
47 66 0.003623
47 67 0.041667
47 68 0.004016
47 69 0.003650
47 70 0.003984
47 71 0.002915
47 72 0.002283
47 73 0.003205
47 74 0.005102
47 75 0.005236
47 76 0.014286
47 77 0.004854
47 78 0.004630
47 79 0.005814
47 80 0.007463
47 81 0.002532
47 82 0.002611
47 83 0.002294
47 84 0.007519
47 85 0.003236
47 86 0.002817
47 87 0.002985
47 88 0.011364
47 89 0.002500
47 90 0.004545
47 91 0.003367
47 92 0.005525
47 93 0.002326
47 94 0.002075
47 95 0.009901
47 96 0.005917
47 97 0.005263
47 98 0.028571
47 99 0.004975
48 49 0.003257
48 50 0.002865
48 51 0.003745
48 52 0.007463
48 53 0.002114
48 54 0.001565
48 55 0.017857
48 56 0.011364
48 57 0.002475
48 58 0.002398
48 59 0.002075
48 60 0.002283
48 61 0.001570
48 62 0.002695
48 63 0.009709
48 64 0.002128
48 65 0.002475
48 66 0.004673
48 67 0.002049
48 68 0.002611
48 69 0.002874
48 70 0.002353
48 71 0.005102
48 72 0.002252
48 73 0.004464
48 74 0.003584
48 75 0.003322
48 76 0.001898
48 77 0.001580
48 78 0.002066
48 79 0.002114
48 80 0.002024
48 81 0.003040
48 82 0.002336
48 83 0.010870
48 84 0.002160
48 85 0.002667
48 86 0.007937
48 87 0.006250
48 88 0.002415
48 89 0.008197
48 90 0.002770
48 91 0.004926
48 92 0.002273
48 93 0.002445
48 94 0.029412
48 95 0.001912
48 96 0.001792
48 97 0.002703
48 98 0.002268
48 99 0.002268
49 50 0.005848
49 51 0.013699
49 52 0.005376
49 53 0.004975
49 54 0.002227
49 55 0.003731
49 56 0.003175
49 57 0.007634
49 58 0.002445
49 59 0.004167
49 60 0.001976
49 61 0.002237
49 62 0.002710
49 63 0.004608
49 64 0.002695
49 65 0.010204
49 66 0.004831
49 67 0.003846
49 68 0.002967
49 69 0.014925
49 70 0.002725
49 71 0.003534
49 72 0.001976
49 73 0.011111
49 74 0.008264
49 75 0.013514
49 76 0.003817
49 77 0.002262
49 78 0.005618
49 79 0.005917
49 80 0.003003
49 81 0.002415
49 82 0.002169
49 83 0.003195
49 84 0.003205
49 85 0.002653
49 86 0.005405
49 87 0.004219
49 88 0.006579
49 89 0.003413
49 90 0.003378
49 91 0.004367
49 92 0.007353
49 93 0.002075
49 94 0.003333
49 95 0.003049
49 96 0.002571
49 97 0.003597
49 98 0.004878
49 99 0.007407
50 51 0.004310
50 52 0.003571
50 53 0.006536
50 54 0.003300
50 55 0.003390
50 56 0.003195
50 57 0.008850
50 58 0.003922
50 59 0.007299
50 60 0.002710
50 61 0.003322
50 62 0.004484
50 63 0.003344
50 64 0.005000
50 65 0.005025
50 66 0.006711
50 67 0.007194
50 68 0.005556
50 69 0.004348
50 70 0.004926
50 71 0.004566
50 72 0.002732
50 73 0.004608
50 74 0.012821
50 75 0.009901
50 76 0.005263
50 77 0.003378
50 78 0.004000
50 79 0.004717
50 80 0.005882
50 81 0.003367
50 82 0.003185
50 83 0.003247
50 84 0.006944
50 85 0.004329
50 86 0.004255
50 87 0.004808
50 88 0.009804
50 89 0.003663
50 90 0.007143
50 91 0.005848
50 92 0.005025
50 93 0.002865
50 94 0.002778
50 95 0.005525
50 96 0.004329
50 97 0.008696
50 98 0.010101
50 99 0.004651
51 52 0.007353
51 53 0.003663
51 54 0.001927
51 55 0.004202
51 56 0.003401
51 57 0.004902
51 58 0.002222
51 59 0.003205
51 60 0.001869
51 61 0.001931
51 62 0.002457
51 63 0.005952
51 64 0.002336
51 65 0.006494
51 66 0.004444
51 67 0.003012
51 68 0.002618
51 69 0.011905
51 70 0.002404
51 71 0.003436
51 72 0.001866
51 73 0.020833
51 74 0.005988
51 75 0.007576
51 76 0.002985
51 77 0.001953
51 78 0.004348
51 79 0.004310
51 80 0.002506
51 81 0.002299
51 82 0.002016
51 83 0.003413
51 84 0.002667
51 85 0.002415
51 86 0.006329
51 87 0.004219
51 88 0.004444
51 89 0.003546
51 90 0.002924
51 91 0.004132
51 92 0.005076
51 93 0.001965
51 94 0.003937
51 95 0.002513
51 96 0.002188
51 97 0.003040
51 98 0.003623
51 99 0.005236
52 53 0.002674
52 54 0.001718
52 55 0.008475
52 56 0.005556
52 57 0.003311
52 58 0.002326
52 59 0.002519
52 60 0.002058
52 61 0.001724
52 62 0.002611
52 63 0.030303
52 64 0.002242
52 65 0.003546
52 66 0.005236
52 67 0.002445
52 68 0.002660
52 69 0.004566
52 70 0.002404
52 71 0.004464
52 72 0.002045
52 73 0.010204
52 74 0.004950
52 75 0.004926
52 76 0.002309
52 77 0.001736
52 78 0.002770
52 79 0.002817
52 80 0.002247
52 81 0.002653
52 82 0.002179
52 83 0.005556
52 84 0.002404
52 85 0.002571
52 86 0.014925
52 87 0.005952
52 88 0.003145
52 89 0.005464
52 90 0.002924
52 91 0.005102
52 92 0.003106
52 93 0.002188
52 94 0.008403
52 95 0.002174
52 96 0.001969
52 97 0.002941
52 98 0.002801
52 99 0.003135
53 54 0.003636
53 55 0.002358
53 56 0.002212
53 57 0.013699
53 58 0.002632
53 59 0.015152
53 60 0.001984
53 61 0.003650
53 62 0.002786
53 63 0.002494
53 64 0.003509
53 65 0.006849
53 66 0.003390
53 67 0.010638
53 68 0.003247
53 69 0.004505
53 70 0.003165
53 71 0.002703
53 72 0.002004
53 73 0.003509
53 74 0.005025
53 75 0.005747
53 76 0.016129
53 77 0.003731
53 78 0.006993
53 79 0.010101
53 80 0.004808
53 81 0.002252
53 82 0.002247
53 83 0.002227
53 84 0.004902
53 85 0.002732
53 86 0.002865
53 87 0.002849
53 88 0.016667
53 89 0.002398
53 90 0.003650
53 91 0.003135
53 92 0.008850
53 93 0.002053
53 94 0.002101
53 95 0.005814
53 96 0.004167
53 97 0.004098
53 98 0.014925
53 99 0.007519
54 55 0.001715
54 56 0.001712
54 57 0.003067
54 58 0.003049
54 59 0.004651
54 60 0.002247
54 61 0.333333
54 62 0.002907
54 63 0.001667
54 64 0.004878
54 65 0.002387
54 66 0.002347
54 67 0.005236
54 68 0.003367
54 69 0.002053
54 70 0.003731
54 71 0.002141
54 72 0.002294
54 73 0.001946
54 74 0.002632
54 75 0.002551
54 76 0.004425
54 77 0.125000
54 78 0.002427
54 79 0.002703
54 80 0.006849
54 81 0.002232
54 82 0.002591
54 83 0.001727
54 84 0.005650
54 85 0.002882
54 86 0.001873
54 87 0.002070
54 88 0.003322
54 89 0.001848
54 90 0.003367
54 91 0.002273
54 92 0.002584
54 93 0.002252
54 94 0.001529
54 95 0.008130
54 96 0.011765
54 97 0.003610
54 98 0.004082
54 99 0.002457
55 56 0.015873
55 57 0.002809
55 58 0.002725
55 59 0.002331
55 60 0.002513
55 61 0.001721
55 62 0.003115
55 63 0.010638
55 64 0.002410
55 65 0.002740
55 66 0.006329
55 67 0.002304
55 68 0.003030
55 69 0.003165
55 70 0.002688
55 71 0.006849
55 72 0.002481
55 73 0.005208
55 74 0.004405
55 75 0.003953
55 76 0.002105
55 77 0.001730
55 78 0.002247
55 79 0.002331
55 80 0.002283
55 81 0.003472
55 82 0.002611
55 83 0.015625
55 84 0.002457
55 85 0.003077
55 86 0.011905
55 87 0.009524
55 88 0.002747
55 89 0.012821
55 90 0.003268
55 91 0.006803
55 92 0.002513
55 93 0.002717
55 94 0.012821
55 95 0.002141
55 96 0.001992
55 97 0.003185
55 98 0.002571
55 99 0.002494
56 57 0.002577
56 58 0.002967
56 59 0.002227
56 60 0.002849
56 61 0.001718
56 62 0.003413
56 63 0.006369
56 64 0.002481
56 65 0.002439
56 66 0.006061
56 67 0.002222
56 68 0.003215
56 69 0.002710
56 70 0.002833
56 71 0.008197
56 72 0.002801
56 73 0.004049
56 74 0.003937
56 75 0.003460
56 76 0.002004
56 77 0.001727
56 78 0.002045
56 79 0.002128
56 80 0.002283
56 81 0.004115
56 82 0.002915
56 83 0.166667
56 84 0.002457
56 85 0.003378
56 86 0.007299
56 87 0.009434
56 88 0.002545
56 89 0.022727
56 90 0.003401
56 91 0.006849
56 92 0.002273
56 93 0.003106
56 94 0.008333
56 95 0.002110
56 96 0.001996
56 97 0.003236
56 98 0.002439
56 99 0.002247
57 58 0.002747
57 59 0.008929
57 60 0.002079
57 61 0.003086
57 62 0.002985
57 63 0.003040
57 64 0.003448
57 65 0.009901
57 66 0.004202
57 67 0.007407
57 68 0.003448
57 69 0.006173
57 70 0.003257
57 71 0.003175
57 72 0.002092
57 73 0.004695
57 74 0.007299
57 75 0.009615
57 76 0.007519
57 77 0.003135
57 78 0.007246
57 79 0.010101
57 80 0.004367
57 81 0.002445
57 82 0.002347
57 83 0.002597
57 84 0.004630
57 85 0.002915
57 86 0.003584
57 87 0.003448
57 88 0.038462
57 89 0.002817
57 90 0.003984
57 91 0.003817
57 92 0.011364
57 93 0.002165
57 94 0.002463
57 95 0.004762
57 96 0.003623
57 97 0.004464
57 98 0.012048
57 99 0.009434
58 59 0.003040
58 60 0.007812
58 61 0.003067
58 62 0.020833
58 63 0.002326
58 64 0.007874
58 65 0.002208
58 66 0.004167
58 67 0.003236
58 68 0.013333
58 69 0.002110
58 70 0.014493
58 71 0.004505
58 72 0.008197
58 73 0.002404
58 74 0.003472
58 75 0.002967
58 76 0.002597
58 77 0.003067
58 78 0.001996
58 79 0.002174
58 80 0.004673
58 81 0.007812
58 82 0.014925
58 83 0.003012
58 84 0.005128
58 85 0.023256
58 86 0.002747
58 87 0.003717
58 88 0.002882
58 89 0.003367
58 90 0.008696
58 91 0.004255
58 92 0.002217
58 93 0.008333
58 94 0.002247
58 95 0.003690
58 96 0.003984
58 97 0.007092
58 98 0.003195
58 99 0.002137
59 60 0.002198
59 61 0.004673
59 62 0.003185
59 63 0.002381
59 64 0.004444
59 65 0.004902
59 66 0.003509
59 67 0.034483
59 68 0.003831
59 69 0.003663
59 70 0.003817
59 71 0.002833
59 72 0.002222
59 73 0.003175
59 74 0.004926
59 75 0.005128
59 76 0.016949
59 77 0.004808
59 78 0.004785
59 79 0.006098
59 80 0.006944
59 81 0.002457
59 82 0.002532
59 83 0.002247
59 84 0.006993
59 85 0.003115
59 86 0.002770
59 87 0.002907
59 88 0.011364
59 89 0.002439
59 90 0.004310
59 91 0.003257
59 92 0.005714
59 93 0.002262
59 94 0.002045
59 95 0.009346
59 96 0.005714
59 97 0.004975
59 98 0.024390
59 99 0.005102
60 61 0.002257
60 62 0.006849
60 63 0.002092
60 64 0.003984
60 65 0.001776
60 66 0.003205
60 67 0.002294
60 68 0.005102
60 69 0.001745
60 70 0.005076
60 71 0.003817
60 72 0.090909
60 73 0.002020
60 74 0.002591
60 75 0.002283
60 76 0.001953
60 77 0.002252
60 78 0.001618
60 79 0.001727
60 80 0.002933
60 81 0.009091
60 82 0.016129
60 83 0.002882
60 84 0.003096
60 85 0.007194
60 86 0.002381
60 87 0.003135
60 88 0.002146
60 89 0.003125
60 90 0.004329
60 91 0.003367
60 92 0.001764
60 93 0.033333
60 94 0.002128
60 95 0.002513
60 96 0.002681
60 97 0.003846
60 98 0.002288
60 99 0.001718
61 62 0.002933
61 63 0.001672
61 64 0.004926
61 65 0.002398
61 66 0.002364
61 67 0.005291
61 68 0.003390
61 69 0.002058
61 70 0.003774
61 71 0.002151
61 72 0.002304
61 73 0.001953
61 74 0.002639
61 75 0.002564
61 76 0.004444
61 77 0.142857
61 78 0.002433
61 79 0.002710
61 80 0.006944
61 81 0.002242
61 82 0.002611
61 83 0.001733
61 84 0.005714
61 85 0.002899
61 86 0.001883
61 87 0.002079
61 88 0.003333
61 89 0.001859
61 90 0.003390
61 91 0.002283
61 92 0.002591
61 93 0.002262
61 94 0.001534
61 95 0.008264
61 96 0.012195
61 97 0.003636
61 98 0.004098
61 99 0.002463
62 63 0.002611
62 64 0.007194
62 65 0.002387
62 66 0.005155
62 67 0.003367
62 68 0.018519
62 69 0.002299
62 70 0.012987
62 71 0.005714
62 72 0.006993
62 73 0.002688
62 74 0.004032
62 75 0.003356
62 76 0.002695
62 77 0.002933
62 78 0.002114
62 79 0.002309
62 80 0.004630
62 81 0.009434
62 82 0.010753
62 83 0.003472
62 84 0.005208
62 85 0.125000
62 86 0.003155
62 87 0.004505
62 88 0.003115
62 89 0.003984
62 90 0.011628
62 91 0.005319
62 92 0.002370
62 93 0.007752
62 94 0.002513
62 95 0.003690
62 96 0.003817
62 97 0.008696
62 98 0.003413
62 99 0.002283
63 64 0.002198
63 65 0.003195
63 66 0.005102
63 67 0.002320
63 68 0.002632
63 69 0.003984
63 70 0.002375
63 71 0.004608
63 72 0.002075
63 73 0.007752
63 74 0.004525
63 75 0.004386
63 76 0.002183
63 77 0.001684
63 78 0.002551
63 79 0.002597
63 80 0.002174
63 81 0.002717
63 82 0.002198
63 83 0.006329
63 84 0.002326
63 85 0.002577
63 86 0.014286
63 87 0.006135
63 88 0.002915
63 89 0.006024
63 90 0.002865
63 91 0.005102
63 92 0.002841
63 93 0.002227
63 94 0.011494
63 95 0.002088
63 96 0.001908
63 97 0.002857
63 98 0.002632
63 99 0.002857
64 65 0.002577
64 66 0.003817
64 67 0.004975
64 68 0.010417
64 69 0.002331
64 70 0.015873
64 71 0.003546
64 72 0.004115
64 73 0.002469
64 74 0.003802
64 75 0.003344
64 76 0.003610
64 77 0.004926
64 78 0.002381
64 79 0.002653
64 80 0.010870
64 81 0.004098
64 82 0.005263
64 83 0.002513
64 84 0.012048
64 85 0.007042
64 86 0.002591
64 87 0.003215
64 88 0.003731
64 89 0.002786
64 90 0.009091
64 91 0.003717
64 92 0.002660
64 93 0.004065
64 94 0.002033
64 95 0.006711
64 96 0.008000
64 97 0.009434
64 98 0.004525
64 99 0.002532
65 66 0.003509
65 67 0.004329
65 68 0.002646
65 69 0.012195
65 70 0.002500
65 71 0.002747
65 72 0.001783
65 73 0.005405
65 74 0.005405
65 75 0.007463
65 76 0.004878
65 77 0.002427
65 78 0.012346
65 79 0.012658
65 80 0.003040
65 81 0.002083
65 82 0.001957
65 83 0.002457
65 84 0.003175
65 85 0.002342
65 86 0.003546
65 87 0.003077
65 88 0.008000
65 89 0.002597
65 90 0.002959
65 91 0.003236
65 92 0.022727
65 93 0.001848
65 94 0.002519
65 95 0.003247
65 96 0.002674
65 97 0.003195
65 98 0.005525
65 99 0.026316
66 67 0.003497
66 68 0.005405
66 69 0.003676
66 70 0.004425
66 71 0.012500
66 72 0.003195
66 73 0.005435
66 74 0.009615
66 75 0.006579
66 76 0.002959
66 77 0.002381
66 78 0.002801
66 79 0.003040
66 80 0.003559
66 81 0.004739
66 82 0.003623
66 83 0.006211
66 84 0.004000
66 85 0.005000
66 86 0.007874
66 87 0.016667
66 88 0.004202
66 89 0.008000
66 90 0.006494
66 91 0.040000
66 92 0.003279
66 93 0.003509
66 94 0.004310
66 95 0.003205
66 96 0.002907
66 97 0.006329
66 98 0.004049
66 99 0.003175
67 68 0.004115
67 69 0.003367
67 70 0.004149
67 71 0.002865
67 72 0.002326
67 73 0.003012
67 74 0.004717
67 75 0.004762
67 76 0.012987
67 77 0.005435
67 78 0.004219
67 79 0.005181
67 80 0.008621
67 81 0.002545
67 82 0.002667
67 83 0.002242
67 84 0.008403
67 85 0.003300
67 86 0.002703
67 87 0.002899
67 88 0.009009
67 89 0.002439
67 90 0.004608
67 91 0.003268
67 92 0.004926
67 93 0.002364
67 94 0.002012
67 95 0.012658
67 96 0.006849
67 97 0.005348
67 98 0.017857
67 99 0.004484
68 69 0.002488
68 70 0.023256
68 71 0.005263
68 72 0.005236
68 73 0.002849
68 74 0.004587
68 75 0.003774
68 76 0.003145
68 77 0.003401
68 78 0.002342
68 79 0.002591
68 80 0.006098
68 81 0.006369
68 82 0.007246
68 83 0.003268
68 84 0.007194
68 85 0.016393
68 86 0.003205
68 87 0.004405
68 88 0.003663
68 89 0.003731
68 90 0.023810
68 91 0.005376
68 92 0.002653
68 93 0.005525
68 94 0.002457
68 95 0.004587
68 96 0.004673
68 97 0.015152
68 98 0.004132
68 99 0.002538
69 70 0.002326
69 71 0.002882
69 72 0.001745
69 73 0.007937
69 74 0.005319
69 75 0.007246
69 76 0.003546
69 77 0.002083
69 78 0.006667
69 79 0.006289
69 80 0.002604
69 81 0.002083
69 82 0.001898
69 83 0.002725
69 84 0.002740
69 85 0.002257
69 86 0.004274
69 87 0.003344
69 88 0.005348
69 89 0.002849
69 90 0.002770
69 91 0.003401
69 92 0.007937
69 93 0.001821
69 94 0.002967
69 95 0.002695
69 96 0.002299
69 97 0.002933
69 98 0.004115
69 99 0.008696
70 71 0.004310
70 72 0.005263
70 73 0.002584
70 74 0.004000
70 75 0.003401
70 76 0.003145
70 77 0.003774
70 78 0.002257
70 79 0.002500
70 80 0.006849
70 81 0.005525
70 82 0.007407
70 83 0.002874
70 84 0.007874
70 85 0.012500
70 86 0.002833
70 87 0.003717
70 88 0.003472
70 89 0.003226
70 90 0.013158
70 91 0.004386
70 92 0.002538
70 93 0.005319
70 94 0.002227
70 95 0.004926
70 96 0.005348
70 97 0.011236
70 98 0.004016
70 99 0.002427
71 72 0.003759
71 73 0.004065
71 74 0.005464
71 75 0.004329
71 76 0.002451
71 77 0.002160
71 78 0.002288
71 79 0.002451
71 80 0.003106
71 81 0.006536
71 82 0.004167
71 83 0.008547
71 84 0.003436
71 85 0.005556
71 86 0.006289
71 87 0.017241
71 88 0.003185
71 89 0.012821
71 90 0.005747
71 91 0.017857
71 92 0.002604
71 93 0.004292
71 94 0.004484
71 95 0.002762
71 96 0.002604
71 97 0.005236
71 98 0.003155
71 99 0.002538
72 73 0.002012
72 74 0.002591
72 75 0.002288
72 76 0.001976
72 77 0.002299
72 78 0.001626
72 79 0.001736
72 80 0.002994
72 81 0.008621
72 82 0.017857
72 83 0.002833
72 84 0.003165
72 85 0.007407
72 86 0.002364
72 87 0.003106
72 88 0.002160
72 89 0.003067
72 90 0.004386
72 91 0.003333
72 92 0.001773
72 93 0.027778
72 94 0.002101
72 95 0.002558
72 96 0.002747
72 97 0.003906
72 98 0.002309
72 99 0.001724
73 74 0.006993
73 75 0.008130
73 76 0.002899
73 77 0.001972
73 78 0.003788
73 79 0.003861
73 80 0.002591
73 81 0.002545
73 82 0.002183
73 83 0.004065
73 84 0.002778
73 85 0.002639
73 86 0.009009
73 87 0.005208
73 88 0.004329
73 89 0.004274
73 90 0.003195
73 91 0.005000
73 92 0.004444
73 93 0.002137
73 94 0.004673
73 95 0.002558
73 96 0.002242
73 97 0.003300
73 98 0.003610
73 99 0.004505
74 75 0.018868
74 76 0.004016
74 77 0.002674
74 78 0.003922
74 79 0.004425
74 80 0.004065
74 81 0.003367
74 82 0.002941
74 83 0.004000
74 84 0.004587
74 85 0.003906
74 86 0.006289
74 87 0.006494
74 88 0.007143
74 89 0.004566
74 90 0.005650
74 91 0.007812
74 92 0.004950
74 93 0.002762
74 94 0.003497
74 95 0.003861
74 96 0.003247
74 97 0.006135
74 98 0.006135
74 99 0.004695
75 76 0.004329
75 77 0.002597
75 78 0.004831
75 79 0.005495
75 80 0.003745
75 81 0.002857
75 82 0.002564
75 83 0.003497
75 84 0.004098
75 85 0.003268
75 86 0.005682
75 87 0.005128
75 88 0.008621
75 89 0.003876
75 90 0.004464
75 91 0.005682
75 92 0.006452
75 93 0.002415
75 94 0.003311
75 95 0.003717
75 96 0.003067
75 97 0.004878
75 98 0.006410
75 99 0.006135
76 77 0.004566
76 78 0.005348
76 79 0.006849
76 80 0.005291
76 81 0.002151
76 82 0.002217
76 83 0.002020
76 84 0.005128
76 85 0.002646
76 86 0.002475
76 87 0.002532
76 88 0.008621
76 89 0.002169
76 90 0.003448
76 91 0.002778
76 92 0.005988
76 93 0.002004
76 94 0.001883
76 95 0.007092
76 96 0.004854
76 97 0.003861
76 98 0.010989
76 99 0.005376
77 78 0.002469
77 79 0.002755
77 80 0.007092
77 81 0.002242
77 82 0.002604
77 83 0.001742
77 84 0.005814
77 85 0.002907
77 86 0.001898
77 87 0.002092
77 88 0.003401
77 89 0.001866
77 90 0.003413
77 91 0.002299
77 92 0.002632
77 93 0.002257
77 94 0.001541
77 95 0.008621
77 96 0.012346
77 97 0.003663
77 98 0.004202
77 99 0.002500
78 79 0.022222
78 80 0.002865
78 81 0.001842
78 82 0.001776
78 83 0.002058
78 84 0.002924
78 85 0.002083
78 86 0.002762
78 87 0.002494
78 88 0.006452
78 89 0.002165
78 90 0.002577
78 91 0.002618
78 92 0.018868
78 93 0.001672
78 94 0.002096
78 95 0.003175
78 96 0.002618
78 97 0.002770
78 98 0.004975
78 99 0.022222
79 80 0.003289
79 81 0.001969
79 82 0.001912
79 83 0.002141
79 84 0.003356
79 85 0.002268
79 86 0.002874
79 87 0.002653
79 88 0.008772
79 89 0.002273
79 90 0.002865
79 91 0.002825
79 92 0.028571
79 93 0.001786
79 94 0.002137
79 95 0.003690
79 96 0.002959
79 97 0.003115
79 98 0.006369
79 99 0.021739
80 81 0.003125
80 82 0.003584
80 83 0.002304
80 84 0.031250
80 85 0.004525
80 86 0.002551
80 87 0.002967
80 88 0.004878
80 89 0.002532
80 90 0.006452
80 91 0.003401
80 92 0.003236
80 93 0.003003
80 94 0.001957
80 95 0.017241
80 96 0.015385
80 97 0.007519
80 98 0.006667
80 99 0.003040
81 82 0.009434
81 83 0.004184
81 84 0.003390
81 85 0.009804
81 86 0.003205
81 87 0.004739
81 88 0.002506
81 89 0.004739
81 90 0.005682
81 91 0.005155
81 92 0.002037
81 93 0.012346
81 94 0.002770
81 95 0.002674
81 96 0.002725
81 97 0.004854
81 98 0.002625
81 99 0.001984
82 83 0.002950
82 84 0.003831
82 85 0.011765
82 86 0.002545
82 87 0.003413
82 88 0.002439
82 89 0.003257
82 90 0.005714
82 91 0.003759
82 92 0.001953
82 93 0.016667
82 94 0.002183
82 95 0.002976
82 96 0.003205
82 97 0.004926
82 98 0.002646
82 99 0.001890
83 84 0.002488
83 85 0.003436
83 86 0.007353
83 87 0.009901
83 88 0.002571
83 89 0.025641
83 90 0.003460
83 91 0.007042
83 92 0.002288
83 93 0.003145
83 94 0.008065
83 95 0.002132
83 96 0.002016
83 97 0.003289
83 98 0.002463
83 99 0.002262
84 85 0.005076
84 86 0.002755
84 87 0.003268
84 88 0.005208
84 89 0.002747
84 90 0.007937
84 91 0.003802
84 92 0.003344
84 93 0.003195
84 94 0.002083
84 95 0.012500
84 96 0.010526
84 97 0.009804
84 98 0.007042
84 99 0.003135
85 86 0.003096
85 87 0.004405
85 88 0.003049
85 89 0.003922
85 90 0.010753
85 91 0.005155
85 92 0.002331
85 93 0.008197
85 94 0.002481
85 95 0.003623
85 96 0.003759
85 97 0.008197
85 98 0.003333
85 99 0.002247
86 87 0.009804
86 88 0.003448
86 89 0.007874
86 90 0.003571
86 91 0.007692
86 92 0.003165
86 93 0.002558
86 94 0.007812
86 95 0.002421
86 96 0.002193
86 97 0.003559
86 98 0.003115
86 99 0.003145
87 88 0.003425
87 89 0.014925
87 90 0.004975
87 91 0.022727
87 92 0.002857
87 93 0.003448
87 94 0.005495
87 95 0.002703
87 96 0.002494
87 97 0.004739
87 98 0.003268
87 99 0.002801
88 89 0.002793
88 90 0.004237
88 91 0.003817
88 92 0.009259
88 93 0.002232
88 94 0.002398
88 95 0.005405
88 96 0.003984
88 97 0.004808
88 98 0.017241
88 99 0.007812
89 90 0.004000
89 91 0.009615
89 92 0.002427
89 93 0.003436
89 94 0.006623
89 95 0.002320
89 96 0.002188
89 97 0.003774
89 98 0.002695
89 99 0.002392
90 91 0.006289
90 92 0.002959
90 93 0.004673
90 94 0.002618
90 95 0.004926
90 96 0.004695
90 97 0.032258
90 98 0.004785
90 99 0.002825
91 92 0.003040
91 93 0.003704
91 94 0.004464
91 95 0.003049
91 96 0.002793
91 97 0.005952
91 98 0.003704
91 99 0.002950
92 93 0.001832
92 94 0.002299
92 95 0.003559
92 96 0.002865
92 97 0.003215
92 98 0.006250
92 99 0.047619
93 94 0.002268
93 95 0.002564
93 96 0.002703
93 97 0.004115
93 98 0.002375
93 99 0.001779
94 95 0.001862
94 96 0.001739
94 97 0.002564
94 98 0.002227
94 99 0.002304
95 96 0.014706
95 97 0.005650
95 98 0.007812
95 99 0.003311
96 97 0.005155
96 98 0.005155
96 99 0.002710
97 98 0.005587
97 99 0.003049
98 99 0.005556
