100 4950
0 1 0.009259
0 2 0.006110
0 3 0.069767
0 4 0.006961
0 5 0.007246
0 6 0.006993
0 7 0.009317
0 8 0.009036
0 9 0.009709
0 10 0.018519
0 11 0.013158
0 12 0.020270
0 13 0.008357
0 14 0.006479
0 15 0.008219
0 16 0.007426
0 17 0.006303
0 18 0.013274
0 19 0.048387
0 20 0.007177
0 21 0.010239
0 22 0.005566
0 23 0.037975
0 24 0.009119
0 25 0.025000
0 26 0.006865
0 27 0.007895
0 28 0.006579
0 29 0.030928
0 30 0.018072
0 31 0.005587
0 32 0.006098
0 33 0.008772
0 34 0.008380
0 35 0.026786
0 36 0.010169
0 37 0.011538
0 38 0.013699
0 39 0.017964
0 40 0.006316
0 41 0.008264
0 42 0.016043
0 43 0.006479
0 44 0.011494
0 45 0.008671
0 46 0.037037
0 47 0.011765
0 48 0.005758
0 49 0.007653
0 50 0.025000
0 51 0.013333
0 52 0.010204
0 53 0.015152
0 54 0.200000
0 55 0.005445
0 56 0.017857
0 57 0.008021
0 58 0.016043
0 59 0.014706
0 60 0.007143
0 61 0.007059
0 62 0.007109
0 63 0.009434
0 64 0.007042
0 65 0.007538
0 66 0.007916
0 67 0.006652
0 68 0.007634
0 69 0.014019
0 70 0.006410
0 71 0.043478
0 72 0.011673
0 73 0.013514
0 74 0.007177
0 75 0.032967
0 76 0.006383
0 77 0.006316
0 78 0.111111
0 79 0.007958
0 80 0.037975
0 81 0.006522
0 82 0.006637
0 83 0.007833
0 84 0.005941
0 85 0.011905
0 86 0.016760
0 87 0.013393
0 88 0.008547
0 89 0.007634
0 90 0.006250
0 91 0.005576
0 92 0.007463
0 93 0.012000
0 94 0.008523
0 95 0.009836
0 96 0.005076
0 97 0.006608
0 98 0.007075
0 99 0.040000
1 2 0.011029
1 3 0.010526
1 4 0.013514
1 5 0.017544
1 6 0.023438
1 7 0.016760
1 8 0.020000
1 9 0.019231
1 10 0.017647
1 11 0.023077
1 12 0.013393
1 13 0.037975
1 14 0.019737
1 15 0.008772
1 16 0.012397
1 17 0.015000
1 18 0.017442
1 19 0.009740
1 20 0.015306
1 21 0.032609
1 22 0.010101
1 23 0.011858
1 24 0.008065
1 25 0.011905
1 26 0.024590
1 27 0.008955
1 28 0.009404
1 29 0.012552
1 30 0.017341
1 31 0.012146
1 32 0.017143
1 33 0.157895
1 34 0.012448
1 35 0.010345
1 36 0.012048
1 37 0.017341
1 38 0.022556
1 39 0.014151
1 40 0.015464
1 41 0.009346
1 42 0.014778
1 43 0.016854
1 44 0.010791
1 45 0.028571
1 46 0.010135
1 47 0.008357
1 48 0.014218
1 49 0.037975
1 50 0.009967
1 51 0.020833
1 52 0.018293
1 53 0.013825
1 54 0.009615
1 55 0.012195
1 56 0.018293
1 57 0.024590
1 58 0.017143
1 59 0.009375
1 60 0.030612
1 61 0.024793
1 62 0.030000
1 63 0.011278
1 64 0.015707
1 65 0.016760
1 66 0.025641
1 67 0.010989
1 68 0.014218
1 69 0.027027
1 70 0.014634
1 71 0.008772
1 72 0.008929
1 73 0.021277
1 74 0.031579
1 75 0.010000
1 76 0.020134
1 77 0.019608
1 78 0.009404
1 79 0.008621
1 80 0.008310
1 81 0.013699
1 82 0.018868
1 83 0.046875
1 84 0.011494
1 85 0.033708
1 86 0.009375
1 87 0.017143
1 88 0.009554
1 89 0.014925
1 90 0.017341
1 91 0.011070
1 92 0.014218
1 93 0.015544
1 94 0.033333
1 95 0.010345
1 96 0.009772
1 97 0.011538
1 98 0.014563
1 99 0.010417
2 3 0.006682
2 4 0.049180
2 5 0.029412
2 6 0.008929
2 7 0.017751
2 8 0.007143
2 9 0.007026
2 10 0.008798
2 11 0.010949
2 12 0.006579
2 13 0.008955
2 14 0.016216
2 15 0.012448
2 16 0.030612
2 17 0.007299
2 18 0.006961
2 19 0.005929
2 20 0.037500
2 21 0.013514
2 22 0.054545
2 23 0.006696
2 24 0.009677
2 25 0.006329
2 26 0.009804
2 27 0.013825
2 28 0.026087
2 29 0.007595
2 30 0.009036
2 31 0.022388
2 32 0.014493
2 33 0.011407
2 34 0.019868
2 35 0.005882
2 36 0.013453
2 37 0.006818
2 38 0.010601
2 39 0.009231
2 40 0.007481
2 41 0.013699
2 42 0.009836
2 43 0.023810
2 44 0.010870
2 45 0.008130
2 46 0.007075
2 47 0.008403
2 48 0.016393
2 49 0.010067
2 50 0.005736
2 51 0.011070
2 52 0.015228
2 53 0.010067
2 54 0.006198
2 55 0.017045
2 56 0.007772
2 57 0.019737
2 58 0.007177
2 59 0.008380
2 60 0.012552
2 61 0.016760
2 62 0.012931
2 63 0.014151
2 64 0.006897
2 65 0.006912
2 66 0.008152
2 67 0.048387
2 68 0.030303
2 69 0.009009
2 70 0.007042
2 71 0.005576
2 72 0.009063
2 73 0.010909
2 74 0.011364
2 75 0.007143
2 76 0.013216
2 77 0.010490
2 78 0.006342
2 79 0.012658
2 80 0.005405
2 81 0.053571
2 82 0.008242
2 83 0.012931
2 84 0.073171
2 85 0.011070
2 86 0.007979
2 87 0.006928
2 88 0.013453
2 89 0.030303
2 90 0.008621
2 91 0.034483
2 92 0.033708
2 93 0.012346
2 94 0.008547
2 95 0.012295
2 96 0.020408
2 97 0.068182
2 98 0.006579
2 99 0.007075
3 4 0.007732
3 5 0.008065
3 6 0.007634
3 7 0.010676
3 8 0.009868
3 9 0.010601
3 10 0.025000
3 11 0.016216
3 12 0.023077
3 13 0.009259
3 14 0.007126
3 15 0.009009
3 16 0.008264
3 17 0.006757
3 18 0.014851
3 19 0.039474
3 20 0.007979
3 21 0.012000
3 22 0.006036
3 23 0.053571
3 24 0.009934
3 25 0.027523
3 26 0.007500
3 27 0.008671
3 28 0.007194
3 29 0.055556
3 30 0.024194
3 31 0.006061
3 32 0.006667
3 33 0.009934
3 34 0.009404
3 35 0.025862
3 36 0.011673
3 37 0.012658
3 38 0.017045
3 39 0.023622
3 40 0.006787
3 41 0.009119
3 42 0.020548
3 43 0.007126
3 44 0.013216
3 45 0.009585
3 46 0.051724
3 47 0.012876
3 48 0.006263
3 49 0.008451
3 50 0.023810
3 51 0.016484
3 52 0.011905
3 53 0.018868
3 54 0.083333
3 55 0.005906
3 56 0.022222
3 57 0.009063
3 58 0.018634
3 59 0.016760
3 60 0.007895
3 61 0.007833
3 62 0.007874
3 63 0.010676
3 64 0.007538
3 65 0.008108
3 66 0.008671
3 67 0.007317
3 68 0.008547
3 69 0.017045
3 70 0.006849
3 71 0.030612
3 72 0.012987
3 73 0.016667
3 74 0.007916
3 75 0.044118
3 76 0.006993
3 77 0.006881
3 78 0.083333
3 79 0.008721
3 80 0.026786
3 81 0.007177
3 82 0.007177
3 83 0.008772
3 84 0.006479
3 85 0.014218
3 86 0.019231
3 87 0.015000
3 88 0.009494
3 89 0.008547
3 90 0.006757
3 91 0.006061
3 92 0.008333
3 93 0.014354
3 94 0.009404
3 95 0.011070
3 96 0.005474
3 97 0.007264
3 98 0.007557
3 99 0.065217
4 5 0.052632
4 6 0.009934
4 7 0.027523
4 8 0.008086
4 9 0.007979
4 10 0.010676
4 11 0.014085
4 12 0.007576
4 13 0.010345
4 14 0.018072
4 15 0.014286
4 16 0.053571
4 17 0.007895
4 18 0.008021
4 19 0.006742
4 20 0.111111
4 21 0.018293
4 22 0.027273
4 23 0.007732
4 24 0.010949
4 25 0.007264
4 26 0.010909
4 27 0.015873
4 28 0.026316
4 29 0.008955
4 30 0.011029
4 31 0.019608
4 32 0.015385
4 33 0.013953
4 34 0.028846
4 35 0.006667
4 36 0.017442
4 37 0.007772
4 38 0.013453
4 39 0.011321
4 40 0.008108
4 41 0.016129
4 42 0.012195
4 43 0.026786
4 44 0.013333
4 45 0.009288
4 46 0.008219
4 47 0.009646
4 48 0.016304
4 49 0.011583
4 50 0.006479
4 51 0.014218
4 52 0.021898
4 53 0.012552
4 54 0.007075
4 55 0.015873
4 56 0.009174
4 57 0.030000
4 58 0.008333
4 59 0.009804
4 60 0.014563
4 61 0.020134
4 62 0.015000
4 63 0.018072
4 64 0.007576
4 65 0.007653
4 66 0.009202
4 67 0.053571
4 68 0.071429
4 69 0.010949
4 70 0.007634
4 71 0.006289
4 72 0.010563
4 73 0.013953
4 74 0.012987
4 75 0.008287
4 76 0.014493
4 77 0.011407
4 78 0.007264
4 79 0.014423
4 80 0.006061
4 81 0.063830
4 82 0.009036
4 83 0.015707
4 84 0.037500
4 85 0.014218
4 86 0.009317
4 87 0.007958
4 88 0.016043
4 89 0.076923
4 90 0.009317
4 91 0.024390
4 92 0.096774
4 93 0.016304
4 94 0.009804
4 95 0.015000
4 96 0.016216
4 97 0.075000
4 98 0.007212
4 99 0.008219
5 6 0.012245
5 7 0.027273
5 8 0.009404
5 9 0.009202
5 10 0.011673
5 11 0.015873
5 12 0.008287
5 13 0.012712
5 14 0.026087
5 15 0.012048
5 16 0.029412
5 17 0.009288
5 18 0.009063
5 19 0.007126
5 20 0.096774
5 21 0.023256
5 22 0.022556
5 23 0.008264
5 24 0.009804
5 25 0.007833
5 26 0.013761
5 27 0.012987
5 28 0.017751
5 29 0.009434
5 30 0.012000
5 31 0.022727
5 32 0.020548
5 33 0.018519
5 34 0.022222
5 35 0.007143
5 36 0.015707
5 37 0.008824
5 38 0.015152
5 39 0.011765
5 40 0.009554
5 41 0.013333
5 42 0.012712
5 43 0.043478
5 44 0.012397
5 45 0.011111
5 46 0.008403
5 47 0.009063
5 48 0.020690
5 49 0.014851
5 50 0.006928
5 51 0.015789
5 52 0.023256
5 53 0.012766
5 54 0.007389
5 55 0.018868
5 56 0.010239
5 57 0.058824
5 58 0.009317
5 59 0.009494
5 60 0.020134
5 61 0.032258
5 62 0.020979
5 63 0.015625
5 64 0.008824
5 65 0.008902
5 66 0.011070
5 67 0.026549
5 68 0.041667
5 69 0.012605
5 70 0.008929
5 71 0.006593
5 72 0.009868
5 73 0.015544
5 74 0.017241
5 75 0.008451
5 76 0.019481
5 77 0.014423
5 78 0.007519
5 79 0.012048
5 80 0.006342
5 81 0.058824
5 82 0.010870
5 83 0.022222
5 84 0.030928
5 85 0.016949
5 86 0.009119
5 87 0.008982
5 88 0.013453
5 89 0.049180
5 90 0.011278
5 91 0.024194
5 92 0.046875
5 93 0.016484
5 94 0.011905
5 95 0.013333
5 96 0.016760
5 97 0.031250
5 98 0.008333
5 99 0.008475
6 7 0.010239
6 8 0.021277
6 9 0.018405
6 10 0.010417
6 11 0.011673
6 12 0.009901
6 13 0.042254
6 14 0.018868
6 15 0.006522
6 16 0.008876
6 17 0.037975
6 18 0.013158
6 19 0.007500
6 20 0.010870
6 21 0.013953
6 22 0.008772
6 23 0.008499
6 24 0.006048
6 25 0.008955
6 26 0.088235
6 27 0.006682
6 28 0.007282
6 29 0.008475
6 30 0.010239
6 31 0.011628
6 32 0.019108
6 33 0.025641
6 34 0.008547
6 35 0.008108
6 36 0.008086
6 37 0.014354
6 38 0.011583
6 39 0.008902
6 40 0.042254
6 41 0.006865
6 42 0.009091
6 43 0.014019
6 44 0.007426
6 45 0.031579
6 46 0.007246
6 47 0.006173
6 48 0.015000
6 49 0.058824
6 50 0.007937
6 51 0.011070
6 52 0.010563
6 53 0.008721
6 54 0.007212
6 55 0.012712
6 56 0.011494
6 57 0.014218
6 58 0.011858
6 59 0.006711
6 60 0.030612
6 61 0.019108
6 62 0.028571
6 63 0.007772
6 64 0.028571
6 65 0.026316
6 66 0.045455
6 67 0.008380
6 68 0.009804
6 69 0.013575
6 70 0.032609
6 71 0.006944
6 72 0.006479
6 73 0.011236
6 74 0.041667
6 75 0.007160
6 76 0.024000
6 77 0.038961
6 78 0.007009
6 79 0.006466
6 80 0.006652
6 81 0.010676
6 82 0.090909
6 83 0.026316
6 84 0.009646
6 85 0.013953
6 86 0.006726
6 87 0.012931
6 88 0.006961
6 89 0.010204
6 90 0.058824
6 91 0.009967
6 92 0.009934
6 93 0.009404
6 94 0.037037
6 95 0.007282
6 96 0.009585
6 97 0.008824
6 98 0.023438
6 99 0.007407
7 8 0.009404
7 9 0.009464
7 10 0.016854
7 11 0.026087
7 12 0.009934
7 13 0.011673
7 14 0.014423
7 15 0.017964
7 16 0.034483
7 17 0.008086
7 18 0.010169
7 19 0.008824
7 20 0.029412
7 21 0.032967
7 22 0.013699
7 23 0.010563
7 24 0.014354
7 25 0.009524
7 26 0.010909
7 27 0.019108
7 28 0.018987
7 29 0.013158
7 30 0.017857
7 31 0.012448
7 32 0.012346
7 33 0.016575
7 34 0.046154
7 35 0.008571
7 36 0.034884
7 37 0.009554
7 38 0.024194
7 39 0.019231
7 40 0.008242
7 41 0.020690
7 42 0.021898
7 43 0.017045
7 44 0.022388
7 45 0.010676
7 46 0.011719
7 47 0.013393
7 48 0.011952
7 49 0.012346
7 50 0.008264
7 51 0.027778
7 52 0.096774
7 53 0.022901
7 54 0.009494
7 55 0.011194
7 56 0.012821
7 57 0.030612
7 58 0.011029
7 59 0.014563
7 60 0.014019
7 61 0.017241
7 62 0.014286
7 63 0.031579
7 64 0.008130
7 65 0.008403
7 66 0.010169
7 67 0.022556
7 68 0.042254
7 69 0.015873
7 70 0.007895
7 71 0.008086
7 72 0.015228
7 73 0.026549
7 74 0.012931
7 75 0.011858
7 76 0.012500
7 77 0.010638
7 78 0.009868
7 79 0.017442
7 80 0.007732
7 81 0.020690
7 82 0.009202
7 83 0.016484
7 84 0.016043
7 85 0.023256
7 86 0.013636
7 87 0.010101
7 88 0.021739
7 89 0.042254
7 90 0.009146
7 91 0.013274
7 92 0.037500
7 93 0.039474
7 94 0.011194
7 95 0.023810
7 96 0.010526
7 97 0.022556
7 98 0.007812
7 99 0.011719
8 9 0.115385
8 10 0.013100
8 11 0.012821
8 12 0.015873
8 13 0.032609
8 14 0.011029
8 15 0.006329
8 16 0.007692
8 17 0.019608
8 18 0.027778
8 19 0.010345
8 20 0.008696
8 21 0.013100
8 22 0.006818
8 23 0.011811
8 24 0.006122
8 25 0.013575
8 26 0.017857
8 27 0.006383
8 28 0.006424
8 29 0.010753
8 30 0.012500
8 31 0.008000
8 32 0.010638
8 33 0.018987
8 34 0.007833
8 35 0.011952
8 36 0.007979
8 37 0.038462
8 38 0.012987
8 39 0.010239
8 40 0.019355
8 41 0.006593
8 42 0.010204
8 43 0.009524
8 44 0.007653
8 45 0.055556
8 46 0.008798
8 47 0.006550
8 48 0.009259
8 49 0.021277
8 50 0.011719
8 51 0.012048
8 52 0.010067
8 53 0.009554
8 54 0.009464
8 55 0.008287
8 56 0.017241
8 57 0.011070
8 58 0.020690
8 59 0.007335
8 60 0.014706
8 61 0.011811
8 62 0.014286
8 63 0.007557
8 64 0.031250
8 65 0.044776
8 66 0.039474
8 67 0.007092
8 68 0.008333
8 69 0.018405
8 70 0.021277
8 71 0.009434
8 72 0.006818
8 73 0.012346
8 74 0.016393
8 75 0.008621
8 76 0.012048
8 77 0.013953
8 78 0.008876
8 79 0.006237
8 80 0.008955
8 81 0.008197
8 82 0.020548
8 83 0.015625
8 84 0.007407
8 85 0.015075
8 86 0.007500
8 87 0.027027
8 88 0.006726
8 89 0.008571
8 90 0.016304
8 91 0.007353
8 92 0.008333
8 93 0.009646
8 94 0.040541
8 95 0.007229
8 96 0.006928
8 97 0.007317
8 98 0.032258
8 99 0.009119
9 10 0.014019
9 11 0.013333
9 12 0.018182
9 13 0.027778
9 14 0.010453
9 15 0.006410
9 16 0.007653
9 17 0.016854
9 18 0.035714
9 19 0.011278
9 20 0.008547
9 21 0.013216
9 22 0.006667
9 23 0.012931
9 24 0.006237
9 25 0.015228
9 26 0.015957
9 27 0.006438
9 28 0.006410
9 29 0.011538
9 30 0.013274
9 31 0.007712
9 32 0.010067
9 33 0.018072
9 34 0.007853
9 35 0.013274
9 36 0.008108
9 37 0.056604
9 38 0.013514
9 39 0.010753
9 40 0.016667
9 41 0.006667
9 42 0.010676
9 43 0.009202
9 44 0.007853
9 45 0.041667
9 46 0.009346
9 47 0.006742
9 48 0.008798
9 49 0.018987
9 50 0.012987
9 51 0.012500
9 52 0.010169
9 53 0.009934
9 54 0.010169
9 55 0.007937
9 56 0.019355
9 57 0.010830
9 58 0.024390
9 59 0.007595
9 60 0.013699
9 61 0.011278
9 62 0.013333
9 63 0.007673
9 64 0.025000
9 65 0.032967
9 66 0.030612
9 67 0.007042
9 68 0.008287
9 69 0.019868
9 70 0.018072
9 71 0.010204
9 72 0.007009
9 73 0.012821
9 74 0.015000
9 75 0.009119
9 76 0.011278
9 77 0.012766
9 78 0.009464
9 79 0.006303
9 80 0.009646
9 81 0.008043
9 82 0.017647
9 83 0.014706
9 84 0.007229
9 85 0.015544
9 86 0.007792
9 87 0.034483
9 88 0.006818
9 89 0.008499
9 90 0.014493
9 91 0.007143
9 92 0.008264
9 93 0.009901
9 94 0.032967
9 95 0.007353
9 96 0.006696
9 97 0.007246
9 98 0.026087
9 99 0.009709
10 11 0.043478
10 12 0.023077
10 13 0.013514
10 14 0.009967
10 15 0.010714
10 16 0.011321
10 17 0.008621
10 18 0.019608
10 19 0.018182
10 20 0.011321
10 21 0.022901
10 22 0.007772
10 23 0.027778
10 24 0.010870
10 25 0.021739
10 26 0.010345
10 27 0.010490
10 28 0.009091
10 29 0.042857
10 30 0.214286
10 31 0.007979
10 32 0.009063
10 33 0.016043
10 34 0.013043
10 35 0.017442
10 36 0.016129
10 37 0.016304
10 38 0.050847
10 39 0.044776
10 40 0.008696
10 41 0.011194
10 42 0.040541
10 43 0.009934
10 44 0.016667
10 45 0.013575
10 46 0.023438
10 47 0.012876
10 48 0.008357
10 49 0.012245
10 50 0.016216
10 51 0.042254
10 52 0.020270
10 53 0.031579
10 54 0.019737
10 55 0.007712
10 56 0.042254
10 57 0.014085
10 58 0.025862
10 59 0.016575
10 60 0.011450
10 61 0.011407
10 62 0.011407
10 63 0.014218
10 64 0.009554
10 65 0.010345
10 66 0.012000
10 67 0.009646
10 68 0.012146
10 69 0.042857
10 70 0.008671
10 71 0.015152
10 72 0.013825
10 73 0.045455
10 74 0.011407
10 75 0.022727
10 76 0.009646
10 77 0.009317
10 78 0.019608
10 79 0.010345
10 80 0.013825
10 81 0.009836
10 82 0.009524
10 83 0.013393
10 84 0.008547
10 85 0.032967
10 86 0.017544
10 87 0.019608
10 88 0.011673
10 89 0.012295
10 90 0.008902
10 91 0.007895
10 92 0.011765
10 93 0.024590
10 94 0.013575
10 95 0.013889
10 96 0.006961
10 97 0.009677
10 98 0.009404
10 99 0.025210
11 12 0.016043
11 13 0.015075
11 14 0.012448
11 15 0.012295
11 16 0.014925
11 17 0.009202
11 18 0.016043
11 19 0.012821
11 20 0.015228
11 21 0.045455
11 22 0.009434
11 23 0.017045
11 24 0.011673
11 25 0.014851
11 26 0.011952
11 27 0.012295
11 28 0.011070
11 29 0.022727
11 30 0.048387
11 31 0.009677
11 32 0.010989
11 33 0.020833
11 34 0.017341
11 35 0.012605
11 36 0.020690
11 37 0.014218
11 38 0.300000
11 39 0.035294
11 40 0.009346
11 41 0.013216
11 42 0.040541
11 43 0.012712
11 44 0.018868
11 45 0.014286
11 46 0.016760
11 47 0.012876
11 48 0.010101
11 49 0.014423
11 50 0.011952
11 51 0.187500
11 52 0.035294
11 53 0.034091
11 54 0.013699
11 55 0.009231
11 56 0.025210
11 57 0.020548
11 58 0.018750
11 59 0.015707
11 60 0.014151
11 61 0.014778
11 62 0.014218
11 63 0.017751
11 64 0.009868
11 65 0.010526
11 66 0.012821
11 67 0.012195
11 68 0.016575
11 69 0.037500
11 70 0.009146
11 71 0.011236
11 72 0.014218
11 73 0.272727
11 74 0.013761
11 75 0.016667
11 76 0.011719
11 77 0.010830
11 78 0.013953
11 79 0.011905
11 80 0.010526
11 81 0.012712
11 82 0.010453
11 83 0.017341
11 84 0.010601
11 85 0.071429
11 86 0.015789
11 87 0.015957
11 88 0.013825
11 89 0.016949
11 90 0.009934
11 91 0.009615
11 92 0.015957
11 93 0.038462
11 94 0.014778
11 95 0.016393
11 96 0.008242
11 97 0.012346
11 98 0.009554
11 99 0.017241
12 13 0.012876
12 14 0.008000
12 15 0.007371
12 16 0.007732
12 17 0.008876
12 18 0.036585
12 19 0.029412
12 20 0.007979
12 21 0.012821
12 22 0.006061
12 23 0.040000
12 24 0.007576
12 25 0.090909
12 26 0.009434
12 27 0.007246
12 28 0.006565
12 29 0.023077
12 30 0.020979
12 31 0.006438
12 32 0.007538
12 33 0.012397
12 34 0.008403
12 35 0.043478
12 36 0.009524
12 37 0.026316
12 38 0.016854
12 39 0.016129
12 40 0.008876
12 41 0.007576
12 42 0.015075
12 43 0.007634
12 44 0.009868
12 45 0.014151
12 46 0.016667
12 47 0.008824
12 48 0.006912
12 49 0.010870
12 50 0.038462
12 51 0.015385
12 52 0.011029
12 53 0.013636
12 54 0.022388
12 55 0.006397
12 56 0.042857
12 57 0.009585
12 58 0.058824
12 59 0.010563
12 60 0.009404
12 61 0.008772
12 62 0.009317
12 63 0.008824
12 64 0.010563
12 65 0.011765
12 66 0.012245
12 67 0.006928
12 68 0.008174
12 69 0.024000
12 70 0.009146
12 71 0.022901
12 72 0.009091
12 73 0.015873
12 74 0.009709
12 75 0.015789
12 76 0.008086
12 77 0.008310
12 78 0.018750
12 79 0.007177
12 80 0.020134
12 81 0.007282
12 82 0.009346
12 83 0.010453
12 84 0.006536
12 85 0.016129
12 86 0.011278
12 87 0.037975
12 88 0.007792
12 89 0.008287
12 90 0.008499
12 91 0.006250
12 92 0.008043
12 93 0.011952
12 94 0.013453
12 95 0.008772
12 96 0.005725
12 97 0.006993
12 98 0.010753
12 99 0.017964
13 14 0.016575
13 15 0.007126
13 16 0.009464
13 17 0.023438
13 18 0.018634
13 19 0.009091
13 20 0.011364
13 21 0.017647
13 22 0.008523
13 23 0.010638
13 24 0.006682
13 25 0.011321
13 26 0.034884
13 27 0.007264
13 28 0.007634
13 29 0.010526
13 30 0.013158
13 31 0.010601
13 32 0.015707
13 33 0.038462
13 34 0.009404
13 35 0.009967
13 36 0.009174
13 37 0.020408
13 38 0.015000
13 39 0.010909
13 40 0.024194
13 41 0.007500
13 42 0.011111
13 43 0.013333
13 44 0.008499
13 45 0.078947
13 46 0.008646
13 47 0.006961
13 48 0.012821
13 49 0.060000
13 50 0.009709
13 51 0.014019
13 52 0.012397
13 53 0.010490
13 54 0.008696
13 55 0.011070
13 56 0.015707
13 57 0.015707
13 58 0.016393
13 59 0.007732
13 60 0.026549
13 61 0.018405
13 62 0.025210
13 63 0.008721
13 64 0.026549
13 65 0.029126
13 66 0.076923
13 67 0.008721
13 68 0.010526
13 69 0.019608
13 70 0.023077
13 71 0.008287
13 72 0.007335
13 73 0.014354
13 74 0.032609
13 75 0.008523
13 76 0.018868
13 77 0.022727
13 78 0.008357
13 79 0.007042
13 80 0.007874
13 81 0.010714
13 82 0.031579
13 83 0.028846
13 84 0.009434
13 85 0.019108
13 86 0.007792
13 87 0.018182
13 88 0.007653
13 89 0.010949
13 90 0.024590
13 91 0.009434
13 92 0.010563
13 93 0.011194
13 94 0.166667
13 95 0.008152
13 96 0.008772
13 97 0.009119
13 98 0.023256
13 99 0.008902
14 15 0.008287
14 16 0.013889
14 17 0.013100
14 18 0.009346
14 19 0.006608
14 20 0.020833
14 21 0.017045
14 22 0.016304
14 23 0.007538
14 24 0.007229
14 25 0.007463
14 26 0.023622
14 27 0.008721
14 28 0.010753
14 29 0.008108
14 30 0.010033
14 31 0.029126
14 32 0.085714
14 33 0.022222
14 34 0.012097
14 35 0.006818
14 36 0.010204
14 37 0.009434
14 38 0.012048
14 39 0.009317
14 40 0.013699
14 41 0.008876
14 42 0.009772
14 43 0.050000
14 44 0.008798
14 45 0.013761
14 46 0.007143
14 47 0.006977
14 48 0.050000
14 49 0.022556
14 50 0.006652
14 51 0.012000
14 52 0.013825
14 53 0.009615
14 54 0.006637
14 55 0.031579
14 56 0.009615
14 57 0.026786
14 58 0.009174
14 59 0.007371
14 60 0.043478
14 61 0.076923
14 62 0.048387
14 63 0.010033
14 64 0.011407
14 65 0.011194
14 66 0.014563
14 67 0.013636
14 68 0.016129
14 69 0.011719
14 70 0.012195
14 71 0.006135
14 72 0.007426
14 73 0.012048
14 74 0.032609
14 75 0.007126
14 76 0.071429
14 77 0.029412
14 78 0.006623
14 79 0.008264
14 80 0.005917
14 81 0.022556
14 82 0.016304
14 83 0.033708
14 84 0.019355
14 85 0.014218
14 86 0.007229
14 87 0.009231
14 88 0.008955
14 89 0.017143
14 90 0.018293
14 91 0.020979
14 92 0.016854
14 93 0.011236
14 94 0.015152
14 95 0.009036
14 96 0.018519
14 97 0.015075
14 98 0.010490
14 99 0.007229
15 16 0.019355
15 17 0.005576
15 18 0.007026
15 19 0.007389
15 20 0.013393
15 21 0.011905
15 22 0.010204
15 23 0.008287
15 24 0.041667
15 25 0.007335
15 26 0.006803
15 27 0.111111
15 28 0.021583
15 29 0.010239
15 30 0.011236
15 31 0.008287
15 32 0.007595
15 33 0.008646
15 34 0.026087
15 35 0.006897
15 36 0.030303
15 37 0.006623
15 38 0.012048
15 39 0.013514
15 40 0.005660
15 41 0.120000
15 42 0.014354
15 43 0.009494
15 44 0.028037
15 45 0.006787
15 46 0.010563
15 47 0.021277
15 48 0.007653
15 49 0.007317
15 50 0.006696
15 51 0.013043
15 52 0.016760
15 53 0.015957
15 54 0.008219
15 55 0.007519
15 56 0.008571
15 57 0.011628
15 58 0.007614
15 59 0.017647
15 60 0.007916
15 61 0.009009
15 62 0.008021
15 63 0.038961
15 64 0.005629
15 65 0.005792
15 66 0.006550
15 67 0.016667
15 68 0.016854
15 69 0.009288
15 70 0.005495
15 71 0.006977
15 72 0.024590
15 73 0.012712
15 74 0.007538
15 75 0.010870
15 76 0.007538
15 77 0.006726
15 78 0.008824
15 79 0.250000
15 80 0.006787
15 81 0.011719
15 82 0.006085
15 83 0.008596
15 84 0.010753
15 85 0.010870
15 86 0.015306
15 87 0.007009
15 88 0.100000
15 89 0.015873
15 90 0.006073
15 91 0.009202
15 92 0.015957
15 93 0.018072
15 94 0.006977
15 95 0.046154
15 96 0.007752
15 97 0.015075
15 98 0.005495
15 99 0.010309
16 17 0.007194
16 18 0.007937
16 19 0.007059
16 20 0.041096
16 21 0.017964
16 22 0.019737
16 23 0.008130
16 24 0.013699
16 25 0.007463
16 26 0.009554
16 27 0.022556
16 28 0.038462
16 29 0.009646
16 30 0.011811
16 31 0.014423
16 32 0.012195
16 33 0.012552
16 34 0.055556
16 35 0.006881
16 36 0.023810
16 37 0.007614
16 38 0.014286
16 39 0.012658
16 40 0.007335
16 41 0.022901
16 42 0.013761
16 43 0.018182
16 44 0.016854
16 45 0.008671
16 46 0.009009
16 47 0.011538
16 48 0.012552
16 49 0.010274
16 50 0.006682
16 51 0.015385
16 52 0.025641
16 53 0.014493
16 54 0.007538
16 55 0.012245
16 56 0.009375
16 57 0.023256
16 58 0.008403
16 59 0.011538
16 60 0.012195
16 61 0.015625
16 62 0.012500
16 63 0.026087
16 64 0.007026
16 65 0.007160
16 66 0.008475
16 67 0.062500
16 68 0.090909
16 69 0.010989
16 70 0.006993
16 71 0.006579
16 72 0.012821
16 73 0.015000
16 74 0.011152
16 75 0.009146
16 76 0.011765
16 77 0.009740
16 78 0.007812
16 79 0.019608
16 80 0.006356
16 81 0.029412
16 82 0.008108
16 83 0.013333
16 84 0.023256
16 85 0.014218
16 86 0.010753
16 87 0.007895
16 88 0.022727
16 89 0.066667
16 90 0.008242
16 91 0.017143
16 92 0.078947
16 93 0.019481
16 94 0.009091
16 95 0.020270
16 96 0.012658
16 97 0.054545
16 98 0.006742
16 99 0.008982
17 18 0.011628
17 19 0.006834
17 20 0.008499
17 21 0.010345
17 22 0.007282
17 23 0.007538
17 24 0.005254
17 25 0.008108
17 26 0.028302
17 27 0.005693
17 28 0.006110
17 29 0.007317
17 30 0.008451
17 31 0.009346
17 32 0.013699
17 33 0.015625
17 34 0.006977
17 35 0.007463
17 36 0.006711
17 37 0.013043
17 38 0.009174
17 39 0.007444
17 40 0.272727
17 41 0.005825
17 42 0.007557
17 43 0.010453
17 44 0.006276
17 45 0.022901
17 46 0.006369
17 47 0.005376
17 48 0.011583
17 49 0.023256
17 50 0.007371
17 51 0.008798
17 52 0.008310
17 53 0.007246
17 54 0.006494
17 55 0.010239
17 56 0.009709
17 57 0.010381
17 58 0.010309
17 59 0.005814
17 60 0.017241
17 61 0.012876
17 62 0.016575
17 63 0.006479
17 64 0.044118
17 65 0.031579
17 66 0.030303
17 67 0.006897
17 68 0.007792
17 69 0.010791
17 70 0.136364
17 71 0.006397
17 72 0.005607
17 73 0.008902
17 74 0.020134
17 75 0.006289
17 76 0.015789
17 77 0.022727
17 78 0.006263
17 79 0.005535
17 80 0.006173
17 81 0.008427
17 82 0.062500
17 83 0.015544
17 84 0.007833
17 85 0.010563
17 86 0.005848
17 87 0.011494
17 88 0.005894
17 89 0.008043
17 90 0.042857
17 91 0.008130
17 92 0.007874
17 93 0.007653
17 94 0.023438
17 95 0.006135
17 96 0.008065
17 97 0.007194
17 98 0.034091
17 99 0.006508
18 19 0.016393
18 20 0.008547
18 21 0.014151
18 22 0.006479
18 23 0.020134
18 24 0.006993
18 25 0.026316
18 26 0.012146
18 27 0.006993
18 28 0.006637
18 29 0.016129
18 30 0.017964
18 31 0.007160
18 32 0.008824
18 33 0.015957
18 34 0.008403
18 35 0.020690
18 36 0.009091
18 37 0.085714
18 38 0.016667
18 39 0.013699
18 40 0.011628
18 41 0.007282
18 42 0.013274
18 43 0.008596
18 44 0.009036
18 45 0.022222
18 46 0.012245
18 47 0.007812
18 48 0.007916
18 49 0.014423
18 50 0.019868
18 51 0.015075
18 52 0.011194
18 53 0.012097
18 54 0.014151
18 55 0.007212
18 56 0.035714
18 57 0.010676
18 58 0.069767
18 59 0.009063
18 60 0.011583
18 61 0.010274
18 62 0.011364
18 63 0.008475
18 64 0.014778
18 65 0.017241
18 66 0.017964
18 67 0.007177
18 68 0.008523
18 69 0.027778
18 70 0.012146
18 71 0.014151
18 72 0.008130
18 73 0.015544
18 74 0.012245
18 75 0.011858
18 76 0.009677
18 77 0.010274
18 78 0.012766
18 79 0.006881
18 80 0.013100
18 81 0.007853
18 82 0.012346
18 83 0.012931
18 84 0.007042
18 85 0.017857
18 86 0.009464
18 87 0.750000
18 88 0.007463
18 89 0.008721
18 90 0.010830
18 91 0.006803
18 92 0.008427
18 93 0.011450
18 94 0.020270
18 95 0.008242
18 96 0.006276
18 97 0.007317
18 98 0.015152
18 99 0.012931
19 20 0.006977
19 21 0.010204
19 22 0.005445
19 23 0.050847
19 24 0.007958
19 25 0.042857
19 26 0.007264
19 27 0.007160
19 28 0.006198
19 29 0.025641
19 30 0.017241
19 31 0.005587
19 32 0.006237
19 33 0.009202
19 34 0.007812
19 35 0.058824
19 36 0.009174
19 37 0.014019
19 38 0.013393
19 39 0.015544
19 40 0.006834
19 41 0.007481
19 42 0.014218
19 43 0.006479
19 44 0.010000
19 45 0.009646
19 46 0.022901
19 47 0.009740
19 48 0.005848
19 49 0.008130
19 50 0.051724
19 51 0.012766
19 52 0.009677
19 53 0.013216
19 54 0.057692
19 55 0.005495
19 56 0.020690
19 57 0.007979
19 58 0.020134
19 59 0.011811
19 60 0.007407
19 61 0.007177
19 62 0.007371
19 63 0.008547
19 64 0.007792
19 65 0.008427
19 66 0.008721
19 67 0.006356
19 68 0.007317
19 69 0.015075
19 70 0.006993
19 71 0.085714
19 72 0.009804
19 73 0.012987
19 74 0.007519
19 75 0.021127
19 76 0.006579
19 77 0.006623
19 78 0.035294
19 79 0.007177
19 80 0.055556
19 81 0.006397
19 82 0.007143
19 83 0.008130
19 84 0.005814
19 85 0.012048
19 86 0.013043
19 87 0.016667
19 88 0.007712
19 89 0.007353
19 90 0.006667
19 91 0.005515
19 92 0.007177
19 93 0.010949
19 94 0.009346
19 95 0.008721
19 96 0.005059
19 97 0.006356
19 98 0.007916
19 99 0.024793
20 21 0.020979
20 22 0.024590
20 23 0.008065
20 24 0.010563
20 25 0.007595
20 26 0.012048
20 27 0.014634
20 28 0.021583
20 29 0.009317
20 30 0.011673
20 31 0.020833
20 32 0.017241
20 33 0.015873
20 34 0.026549
20 35 0.006944
20 36 0.017143
20 37 0.008287
20 38 0.014563
20 39 0.011765
20 40 0.008721
20 41 0.015000
20 42 0.012712
20 43 0.032258
20 44 0.013216
20 45 0.010101
20 46 0.008427
20 47 0.009524
20 48 0.017857
20 49 0.012931
20 50 0.006742
20 51 0.015306
20 52 0.023622
20 53 0.012931
20 54 0.007299
20 55 0.016949
20 56 0.009772
20 57 0.040000
20 58 0.008850
20 59 0.009836
20 60 0.016667
20 61 0.024390
20 62 0.017241
20 63 0.017341
20 64 0.008108
20 65 0.008219
20 66 0.010000
20 67 0.036585
20 68 0.063830
20 69 0.011811
20 70 0.008174
20 71 0.006494
20 72 0.010417
20 73 0.015075
20 74 0.014634
20 75 0.008475
20 76 0.016304
20 77 0.012552
20 78 0.007463
20 79 0.013393
20 80 0.006250
20 81 0.068182
20 82 0.009804
20 83 0.018182
20 84 0.034483
20 85 0.015707
20 86 0.009375
20 87 0.008475
20 88 0.015075
20 89 0.078947
20 90 0.010135
20 91 0.024194
20 92 0.081081
20 93 0.016949
20 94 0.010753
20 95 0.014493
20 96 0.016304
20 97 0.045455
20 98 0.007712
20 99 0.008451
21 22 0.011494
21 23 0.012712
21 24 0.010638
21 25 0.011811
21 26 0.014778
21 27 0.012245
21 28 0.012346
21 29 0.015228
21 30 0.023622
21 31 0.012195
21 32 0.014423
21 33 0.030303
21 34 0.019355
21 35 0.010274
21 36 0.018987
21 37 0.013158
21 38 0.040541
21 39 0.020408
21 40 0.010563
21 41 0.012987
21 42 0.022727
21 43 0.017544
21 44 0.015789
21 45 0.015707
21 46 0.012245
21 47 0.010949
21 48 0.012931
21 49 0.018293
21 50 0.009836
21 51 0.040541
21 52 0.041096
21 53 0.021277
21 54 0.010601
21 55 0.011538
21 56 0.018182
21 57 0.036145
21 58 0.015228
21 59 0.012448
21 60 0.019481
21 61 0.021739
21 62 0.019737
21 63 0.017143
21 64 0.010676
21 65 0.011194
21 66 0.014493
21 67 0.014563
21 68 0.021429
21 69 0.026786
21 70 0.010135
21 71 0.009146
21 72 0.012000
21 73 0.040541
21 74 0.018293
21 75 0.012245
21 76 0.015464
21 77 0.013575
21 78 0.010714
21 79 0.011628
21 80 0.008671
21 81 0.016760
21 82 0.012146
21 83 0.026087
21 84 0.013333
21 85 0.061224
21 86 0.012245
21 87 0.013953
21 88 0.013453
21 89 0.022727
21 90 0.011719
21 91 0.012000
21 92 0.020833
21 93 0.028571
21 94 0.016760
21 95 0.015075
21 96 0.010000
21 97 0.015075
21 98 0.010135
21 99 0.012500
22 23 0.006085
22 24 0.008264
22 25 0.005825
22 26 0.009677
22 27 0.011152
22 28 0.018519
22 29 0.006772
22 30 0.007937
22 31 0.028571
22 32 0.015228
22 33 0.010526
22 34 0.014563
22 35 0.005435
22 36 0.010830
22 37 0.006397
22 38 0.009174
22 39 0.008021
22 40 0.007463
22 41 0.011029
22 42 0.008451
22 43 0.023256
22 44 0.009091
22 45 0.007732
22 46 0.006316
22 47 0.007299
22 48 0.018182
22 49 0.009677
22 50 0.005310
22 51 0.009464
22 52 0.012195
22 53 0.008596
22 54 0.005639
22 55 0.020408
22 56 0.007042
22 57 0.016393
22 58 0.006608
22 59 0.007282
22 60 0.012146
22 61 0.015789
22 62 0.012500
22 63 0.011236
22 64 0.006742
22 65 0.006711
22 66 0.007833
22 67 0.026087
22 68 0.020000
22 69 0.008086
22 70 0.006977
22 71 0.005146
22 72 0.007792
22 73 0.009375
22 74 0.011029
22 75 0.006369
22 76 0.013453
22 77 0.010601
22 78 0.005747
22 79 0.010381
22 80 0.004992
22 81 0.036145
22 82 0.008152
22 83 0.012048
22 84 0.081081
22 85 0.009709
22 86 0.006977
22 87 0.006438
22 88 0.010870
22 89 0.020270
22 90 0.008671
22 91 0.058824
22 92 0.021429
22 93 0.010204
22 94 0.008130
22 95 0.010033
22 96 0.030303
22 97 0.030303
22 98 0.006424
22 99 0.006329
23 24 0.008824
23 25 0.054545
23 26 0.008264
23 27 0.008065
23 28 0.006961
23 29 0.042857
23 30 0.025862
23 31 0.006263
23 32 0.007059
23 33 0.011029
23 34 0.009091
23 35 0.040541
23 36 0.010830
23 37 0.016304
23 38 0.018072
23 39 0.021127
23 40 0.007557
23 41 0.008475
23 42 0.018868
23 43 0.007407
23 44 0.011719
23 45 0.011194
23 46 0.027778
23 47 0.010830
23 48 0.006565
23 49 0.009434
23 50 0.034483
23 51 0.016949
23 52 0.011811
23 53 0.016949
23 54 0.046154
23 55 0.006135
23 56 0.032609
23 57 0.009434
23 58 0.027523
23 59 0.013575
23 60 0.008571
23 61 0.008310
23 62 0.008523
23 63 0.009934
23 64 0.008621
23 65 0.009375
23 66 0.009967
23 67 0.007212
23 68 0.008499
23 69 0.020979
23 70 0.007692
23 71 0.032609
23 72 0.011111
23 73 0.017341
23 74 0.008671
23 75 0.025210
23 76 0.007481
23 77 0.007463
23 78 0.034884
23 79 0.008043
23 80 0.027027
23 81 0.007282
23 82 0.008000
23 83 0.009554
23 84 0.006550
23 85 0.015707
23 86 0.014925
23 87 0.020408
23 88 0.008772
23 89 0.008547
23 90 0.007444
23 91 0.006173
23 92 0.008310
23 93 0.013636
23 94 0.010909
23 95 0.010067
23 96 0.005607
23 97 0.007212
23 98 0.008671
23 99 0.031250
24 25 0.007673
24 26 0.006237
24 27 0.030612
24 28 0.014218
24 29 0.011070
24 30 0.011407
24 31 0.007042
24 32 0.006696
24 33 0.007895
24 34 0.017442
24 35 0.007282
24 36 0.023810
24 37 0.006550
24 38 0.011538
24 39 0.014151
24 40 0.005310
24 41 0.032609
24 42 0.014706
24 43 0.008021
24 44 0.030303
24 45 0.006466
24 46 0.012048
24 47 0.037500
24 48 0.006667
24 49 0.006742
24 50 0.007059
24 51 0.012397
24 52 0.014151
24 53 0.016484
24 54 0.009036
24 55 0.006522
24 56 0.008646
24 57 0.009804
24 58 0.007653
24 59 0.023810
24 60 0.007109
24 61 0.007833
24 62 0.007177
24 63 0.025862
24 64 0.005376
24 65 0.005545
24 66 0.006186
24 67 0.012048
24 68 0.012605
24 69 0.009063
24 70 0.005199
24 71 0.007557
24 72 0.041096
24 73 0.012146
24 74 0.006834
24 75 0.012552
24 76 0.006696
24 77 0.006110
24 78 0.009901
24 79 0.037037
24 80 0.007371
24 81 0.009375
24 82 0.005682
24 83 0.007712
24 84 0.008671
24 85 0.010169
24 86 0.019868
24 87 0.006993
24 88 0.034091
24 89 0.012097
24 90 0.005618
24 91 0.007653
24 92 0.012097
24 93 0.016484
24 94 0.006579
24 95 0.035294
24 96 0.006608
24 97 0.011278
24 98 0.005263
24 99 0.011628
25 26 0.008596
25 27 0.007177
25 28 0.006424
25 29 0.024793
25 30 0.020000
25 31 0.006122
25 32 0.007042
25 33 0.011111
25 34 0.008174
25 35 0.076923
25 36 0.009375
25 37 0.020690
25 38 0.015625
25 39 0.016043
25 40 0.008086
25 41 0.007500
25 42 0.014851
25 43 0.007194
25 44 0.009868
25 45 0.012295
25 46 0.018405
25 47 0.009063
25 48 0.006508
25 49 0.009804
25 50 0.058824
25 51 0.014493
25 52 0.010526
25 53 0.013514
25 54 0.028302
25 55 0.006061
25 56 0.032967
25 57 0.008955
25 58 0.036585
25 59 0.010909
25 60 0.008621
25 61 0.008152
25 62 0.008547
25 63 0.008696
25 64 0.009494
25 65 0.010453
25 66 0.010830
25 67 0.006711
25 68 0.007853
25 69 0.020270
25 70 0.008333
25 71 0.030303
25 72 0.009288
25 73 0.014851
25 74 0.008850
25 75 0.017341
25 76 0.007519
25 77 0.007653
25 78 0.022222
25 79 0.007160
25 80 0.025641
25 81 0.006928
25 82 0.008499
25 83 0.009554
25 84 0.006263
25 85 0.014563
25 86 0.011765
25 87 0.027027
25 88 0.007732
25 89 0.007937
25 90 0.007792
25 91 0.005976
25 92 0.007712
25 93 0.011628
25 94 0.011765
25 95 0.008721
25 96 0.005474
25 97 0.006742
25 98 0.009677
25 99 0.020000
26 27 0.006993
26 28 0.007772
26 29 0.008403
26 30 0.010204
26 31 0.013333
26 32 0.024194
26 33 0.027778
26 34 0.009063
26 35 0.007772
26 36 0.008427
26 37 0.012931
26 38 0.011765
26 39 0.008982
26 40 0.031250
26 41 0.007177
26 42 0.009259
26 43 0.016393
26 44 0.007653
26 45 0.025424
26 46 0.007194
26 47 0.006303
26 48 0.017964
26 49 0.065217
26 50 0.007595
26 51 0.011321
26 52 0.011152
26 53 0.008876
26 54 0.007075
26 55 0.014778
26 56 0.011070
26 57 0.016043
26 58 0.011194
26 59 0.006818
26 60 0.043478
26 61 0.023438
26 62 0.039474
26 63 0.008130
26 64 0.021739
26 65 0.020408
26 66 0.032258
26 67 0.009091
26 68 0.010638
26 69 0.013333
26 70 0.024793
26 71 0.006726
26 72 0.006637
26 73 0.011450
26 74 0.066667
26 75 0.007126
26 76 0.032609
26 77 0.063830
26 78 0.006897
26 79 0.006742
26 80 0.006466
26 81 0.011952
26 82 0.050847
26 83 0.032258
26 84 0.010714
26 85 0.014286
26 86 0.006803
26 87 0.011952
26 88 0.007264
26 89 0.011111
26 90 0.055556
26 91 0.011152
26 92 0.010830
26 93 0.009772
26 94 0.029703
26 95 0.007557
26 96 0.010714
26 97 0.009615
26 98 0.018634
26 99 0.007353
27 28 0.026549
27 29 0.009868
27 30 0.010989
27 31 0.008824
27 32 0.007979
27 33 0.008876
27 34 0.030303
27 35 0.006742
27 36 0.029703
27 37 0.006608
27 38 0.012000
27 39 0.012931
27 40 0.005769
27 41 0.157895
27 42 0.013825
27 43 0.010101
27 44 0.025000
27 45 0.006881
27 46 0.010000
27 47 0.018182
27 48 0.008086
27 49 0.007519
27 50 0.006550
27 51 0.012987
27 52 0.017341
27 53 0.015228
27 54 0.007895
27 55 0.007958
27 56 0.008451
27 57 0.012295
27 58 0.007538
27 59 0.015707
27 60 0.008219
27 61 0.009464
27 62 0.008333
27 63 0.039474
27 64 0.005714
27 65 0.005859
27 66 0.006652
27 67 0.019231
27 68 0.018868
27 69 0.009288
27 70 0.005597
27 71 0.006757
27 72 0.020690
27 73 0.012658
27 74 0.007792
27 75 0.010274
27 76 0.007853
27 77 0.006961
27 78 0.008427
27 79 0.142857
27 80 0.006565
27 81 0.012821
27 82 0.006237
27 83 0.008929
27 84 0.011765
27 85 0.010989
27 86 0.013889
27 87 0.006977
27 88 0.096774
27 89 0.017544
27 90 0.006237
27 91 0.009934
27 92 0.017857
27 93 0.017857
27 94 0.007075
27 95 0.039474
27 96 0.008264
27 97 0.017143
27 98 0.005556
27 99 0.009804
28 29 0.008152
28 30 0.009434
28 31 0.012097
28 32 0.009772
28 33 0.009494
28 34 0.029703
28 35 0.006000
28 36 0.018519
28 37 0.006383
28 38 0.010753
28 39 0.010274
28 40 0.006224
28 41 0.024590
28 42 0.010949
28 43 0.013453
28 44 0.014493
28 45 0.007092
28 46 0.007895
28 47 0.011029
28 48 0.010309
28 49 0.008174
28 50 0.005837
28 51 0.011450
28 52 0.016129
28 53 0.011583
28 54 0.006637
28 55 0.010417
28 56 0.007692
28 57 0.014706
28 58 0.006993
28 59 0.010417
28 60 0.009434
28 61 0.011494
28 62 0.009615
28 63 0.021127
28 64 0.005964
28 65 0.006048
28 66 0.006961
28 67 0.049180
28 68 0.027523
28 69 0.008671
28 70 0.005964
28 71 0.005848
28 72 0.012048
28 73 0.011194
28 74 0.008772
28 75 0.008021
28 76 0.009375
28 77 0.007958
28 78 0.006912
28 79 0.022727
28 80 0.005682
28 81 0.019868
28 82 0.006772
28 83 0.010000
28 84 0.019231
28 85 0.010526
28 86 0.009677
28 87 0.006608
28 88 0.023077
28 89 0.025000
28 90 0.006912
28 91 0.014851
28 92 0.027027
28 93 0.014218
28 94 0.007371
28 95 0.018182
28 96 0.011538
28 97 0.036585
28 98 0.005758
28 99 0.007833
29 30 0.042254
29 31 0.006787
29 32 0.007500
29 33 0.011719
29 34 0.011194
29 35 0.020979
29 36 0.014218
29 37 0.013636
29 38 0.024390
29 39 0.039474
29 40 0.007371
29 41 0.010490
29 42 0.031579
29 43 0.008152
29 44 0.016043
29 45 0.010714
29 46 0.047619
29 47 0.014218
29 48 0.007026
29 49 0.009615
29 50 0.019231
29 51 0.023438
29 52 0.015075
29 53 0.027273
29 54 0.033708
29 55 0.006579
29 56 0.028302
29 57 0.010791
29 58 0.020979
29 59 0.019355
29 60 0.009036
29 61 0.009036
29 62 0.009009
29 63 0.012766
29 64 0.008130
29 65 0.008746
29 66 0.009646
29 67 0.008380
29 68 0.010067
29 69 0.022388
29 70 0.007389
29 71 0.020548
29 72 0.014778
29 73 0.023810
29 74 0.009009
29 75 0.042857
29 76 0.007895
29 77 0.007673
29 78 0.035714
29 79 0.009868
29 80 0.018519
29 81 0.008242
29 82 0.007895
29 83 0.010204
29 84 0.007335
29 85 0.018750
29 86 0.021898
29 87 0.016216
29 88 0.010949
29 89 0.010101
29 90 0.007426
29 91 0.006803
29 92 0.009772
29 93 0.018987
29 94 0.010638
29 95 0.013100
29 96 0.006061
29 97 0.008333
29 98 0.008086
29 99 0.057692
30 31 0.008065
30 32 0.009091
30 33 0.015873
30 34 0.013761
30 35 0.016393
30 36 0.017341
30 37 0.015228
30 38 0.056604
30 39 0.055556
30 40 0.008523
30 41 0.011765
30 42 0.050000
30 43 0.010067
30 44 0.017964
30 45 0.013100
30 46 0.024000
30 47 0.013636
30 48 0.008403
30 49 0.012048
30 50 0.015306
30 51 0.048387
30 52 0.021739
30 53 0.036585
30 54 0.019108
30 55 0.007772
30 56 0.035294
30 57 0.014423
30 58 0.023077
30 59 0.017647
30 60 0.011407
30 61 0.011494
30 62 0.011364
30 63 0.015152
30 64 0.009288
30 65 0.010000
30 66 0.011628
30 67 0.010000
30 68 0.012658
30 69 0.037975
30 70 0.008475
30 71 0.014563
30 72 0.014706
30 73 0.051724
30 74 0.011278
30 75 0.023438
30 76 0.009646
30 77 0.009231
30 78 0.019481
30 79 0.010830
30 80 0.013393
30 81 0.010101
30 82 0.009317
30 83 0.013333
30 84 0.008746
30 85 0.033333
30 86 0.018634
30 87 0.017964
30 88 0.012346
30 89 0.012766
30 90 0.008772
30 91 0.008043
30 92 0.012245
30 93 0.027523
30 94 0.013158
30 95 0.014851
30 96 0.007059
30 97 0.010000
30 98 0.009119
30 99 0.025641
31 32 0.029126
31 33 0.012931
31 34 0.011719
31 35 0.005671
31 36 0.009404
31 37 0.007177
31 38 0.009404
31 39 0.007833
31 40 0.009646
31 41 0.008876
31 42 0.008219
31 43 0.040000
31 44 0.008086
31 45 0.009346
31 46 0.006186
31 47 0.006536
31 48 0.047619
31 49 0.012712
31 50 0.005545
31 51 0.009524
31 52 0.011538
31 53 0.008219
31 54 0.005682
31 55 0.069767
31 56 0.007500
31 57 0.018182
31 58 0.007143
31 59 0.006711
31 60 0.017544
31 61 0.023622
31 62 0.018182
31 63 0.009494
31 64 0.008287
31 65 0.008130
31 66 0.009740
31 67 0.015789
31 68 0.015789
31 69 0.008746
31 70 0.008824
31 71 0.005254
31 72 0.006944
31 73 0.009494
31 74 0.015464
31 75 0.006198
31 76 0.022388
31 77 0.015789
31 78 0.005725
31 79 0.008333
31 80 0.005085
31 81 0.028037
31 82 0.010753
31 83 0.015957
31 84 0.031915
31 85 0.010381
31 86 0.006522
31 87 0.007109
31 88 0.008850
31 89 0.016575
31 90 0.011905
31 91 0.054545
31 92 0.016760
31 93 0.009585
31 94 0.009967
31 95 0.008571
31 96 0.050000
31 97 0.017751
31 98 0.007792
31 99 0.006237
32 33 0.019108
32 34 0.010714
32 35 0.006452
32 36 0.009146
32 37 0.009009
32 38 0.010714
32 39 0.008451
32 40 0.014354
32 41 0.008108
32 42 0.008824
32 43 0.035714
32 44 0.008000
32 45 0.013158
32 46 0.006637
32 47 0.006452
32 48 0.068182
32 49 0.021277
32 50 0.006316
32 51 0.010638
32 52 0.011952
32 53 0.008671
32 54 0.006250
32 55 0.037037
32 56 0.008876
32 57 0.020548
32 58 0.008596
32 59 0.006803
32 60 0.036585
32 61 0.041667
32 62 0.038961
32 63 0.009009
32 64 0.011538
32 65 0.011152
32 66 0.014218
32 67 0.012146
32 68 0.013761
32 69 0.010601
32 70 0.012605
32 71 0.005825
32 72 0.006849
32 73 0.010676
32 74 0.030303
32 75 0.006623
32 76 0.090909
32 77 0.034091
32 78 0.006211
32 79 0.007595
32 80 0.005618
32 81 0.018987
32 82 0.016949
32 83 0.026786
32 84 0.017341
32 85 0.012448
32 86 0.006682
32 87 0.008746
32 88 0.008152
32 89 0.014563
32 90 0.019868
32 91 0.019868
32 92 0.014354
32 93 0.009967
32 94 0.014423
32 95 0.008197
32 96 0.019108
32 97 0.013274
32 98 0.010563
32 99 0.006726
33 34 0.012346
33 35 0.009740
33 36 0.011719
33 37 0.015957
33 38 0.020408
33 39 0.013216
33 40 0.016129
33 41 0.009231
33 42 0.013825
33 43 0.018293
33 44 0.010453
33 45 0.027523
33 46 0.009585
33 47 0.008108
33 48 0.015464
33 49 0.044776
33 50 0.009404
33 51 0.019108
33 52 0.017751
33 53 0.013043
33 54 0.009091
33 55 0.013100
33 56 0.016484
33 57 0.026087
33 58 0.015544
33 59 0.009009
33 60 0.037975
33 61 0.028571
33 62 0.036585
33 63 0.011029
33 64 0.015873
33 65 0.016667
33 66 0.025862
33 67 0.011194
33 68 0.014423
33 69 0.023256
33 70 0.015075
33 71 0.008333
33 72 0.008671
33 73 0.019481
33 74 0.038961
33 75 0.009494
33 76 0.022901
33 77 0.022059
33 78 0.008929
33 79 0.008523
33 80 0.007916
33 81 0.014354
33 82 0.020134
33 83 0.065217
33 84 0.012000
33 85 0.029126
33 86 0.009009
33 87 0.015707
33 88 0.009434
33 89 0.015228
33 90 0.018750
33 91 0.011673
33 92 0.014493
33 93 0.014851
33 94 0.032609
33 95 0.010101
33 96 0.010309
33 97 0.011811
33 98 0.014563
33 99 0.009836
34 35 0.007500
34 36 0.041096
34 37 0.007958
34 38 0.016575
34 39 0.015544
34 40 0.007109
34 41 0.032967
34 42 0.017241
34 43 0.014778
34 44 0.024000
34 45 0.008696
34 46 0.010526
34 47 0.014423
34 48 0.010753
34 49 0.009934
34 50 0.007264
34 51 0.018405
34 52 0.033708
34 53 0.018634
34 54 0.008475
34 55 0.010381
34 56 0.010309
34 57 0.020690
34 58 0.009036
34 59 0.014493
34 60 0.011278
34 61 0.013761
34 62 0.011494
34 63 0.048387
34 64 0.006961
34 65 0.007143
34 66 0.008403
34 67 0.030612
34 68 0.044776
34 69 0.012000
34 70 0.006818
34 71 0.007246
34 72 0.016575
34 73 0.017751
34 74 0.010490
34 75 0.010753
34 76 0.010563
34 77 0.009036
34 78 0.008902
34 79 0.025641
34 80 0.006993
34 81 0.020000
34 82 0.007812
34 83 0.012605
34 84 0.016484
34 85 0.015625
34 86 0.013216
34 87 0.008380
34 88 0.034091
34 89 0.039474
34 90 0.007853
34 91 0.013274
34 92 0.038462
34 93 0.027027
34 94 0.009063
34 95 0.031250
34 96 0.010417
34 97 0.027778
34 98 0.006711
34 99 0.010453
35 36 0.008596
35 37 0.017341
35 38 0.013158
35 39 0.014019
35 40 0.007444
35 41 0.007026
35 42 0.013043
35 43 0.006593
35 44 0.009119
35 45 0.010791
35 46 0.017341
35 47 0.008646
35 48 0.006000
35 49 0.008721
35 50 0.214286
35 51 0.012397
35 52 0.009375
35 53 0.012048
35 54 0.030000
35 55 0.005618
35 56 0.023077
35 57 0.008043
35 58 0.025210
35 59 0.010274
35 60 0.007772
35 61 0.007389
35 62 0.007712
35 63 0.008021
35 64 0.008696
35 65 0.009524
35 66 0.009646
35 67 0.006224
35 68 0.007177
35 69 0.016043
35 70 0.007673
35 71 0.042857
35 72 0.008772
35 73 0.012658
35 74 0.007958
35 75 0.016393
35 76 0.006849
35 77 0.006993
35 78 0.022556
35 79 0.006726
35 80 0.034884
35 81 0.006383
35 82 0.007752
35 83 0.008499
35 84 0.005803
35 85 0.012295
35 86 0.011111
35 87 0.021127
35 88 0.007229
35 89 0.007246
35 90 0.007143
35 91 0.005545
35 92 0.007059
35 93 0.010345
35 94 0.010345
35 95 0.008086
35 96 0.005111
35 97 0.006250
35 98 0.008876
35 99 0.018634
36 37 0.008451
36 38 0.019868
36 39 0.022059
36 40 0.006803
36 41 0.036145
36 42 0.025210
36 43 0.011583
36 44 0.055556
36 45 0.008696
36 46 0.013761
36 47 0.021277
36 48 0.008982
36 49 0.009375
36 50 0.008287
36 51 0.022727
36 52 0.034483
36 53 0.029703
36 54 0.010274
36 55 0.008596
36 56 0.011765
36 57 0.016393
36 58 0.010067
36 59 0.022222
36 60 0.010101
36 61 0.011538
36 62 0.010204
36 63 0.115385
36 64 0.006849
36 65 0.007109
36 66 0.008242
36 67 0.017647
36 68 0.022727
36 69 0.013393
36 70 0.006608
36 71 0.008475
36 72 0.026316
36 73 0.021739
36 74 0.009554
36 75 0.014151
36 76 0.009231
36 77 0.008197
36 78 0.011029
36 79 0.028037
36 80 0.008130
36 81 0.013889
36 82 0.007444
36 83 0.011364
36 84 0.011952
36 85 0.016854
36 86 0.019355
36 87 0.009063
36 88 0.041667
36 89 0.021739
36 90 0.007335
36 91 0.010169
36 92 0.020979
36 93 0.044118
36 94 0.008955
36 95 0.071429
36 96 0.008427
36 97 0.016667
36 98 0.006652
36 99 0.013514
37 38 0.014634
37 39 0.011952
37 40 0.012931
37 41 0.006865
37 42 0.011719
37 43 0.008547
37 44 0.008310
37 45 0.026087
37 46 0.010753
37 47 0.007212
37 48 0.008021
37 49 0.015306
37 50 0.016854
37 51 0.013393
37 52 0.010417
37 53 0.010830
37 54 0.012195
37 55 0.007299
37 56 0.025641
37 57 0.010381
37 58 0.038462
37 59 0.008264
37 60 0.011858
37 61 0.010274
37 62 0.011628
37 63 0.007916
37 64 0.017442
37 65 0.020979
37 66 0.020548
37 67 0.006928
37 68 0.008174
37 69 0.022901
37 70 0.013761
37 71 0.012397
37 72 0.007481
37 73 0.013761
37 74 0.012712
37 75 0.010417
37 76 0.009901
37 77 0.010791
37 78 0.011152
37 79 0.006494
37 80 0.011628
37 81 0.007692
37 82 0.013575
37 83 0.013043
37 84 0.006928
37 85 0.016129
37 86 0.008547
37 87 0.081081
37 88 0.007026
37 89 0.008357
37 90 0.011719
37 91 0.006757
37 92 0.008108
37 93 0.010417
37 94 0.022727
37 95 0.007673
37 96 0.006289
37 97 0.007092
37 98 0.018072
37 99 0.011236
38 39 0.037500
38 40 0.009317
38 41 0.012876
38 42 0.042254
38 43 0.012245
38 44 0.018634
38 45 0.014354
38 46 0.017442
38 47 0.012876
38 48 0.009836
38 49 0.014218
38 50 0.012448
38 51 0.150000
38 52 0.031915
38 53 0.034483
38 54 0.014286
38 55 0.009009
38 56 0.027027
38 57 0.019355
38 58 0.019737
38 59 0.015873
38 60 0.013825
38 61 0.014286
38 62 0.013825
38 63 0.017241
38 64 0.009868
38 65 0.010563
38 66 0.012821
38 67 0.011765
38 68 0.015789
38 69 0.040541
38 70 0.009119
38 71 0.011673
38 72 0.014151
38 73 0.214286
38 74 0.013453
38 75 0.017241
38 76 0.011407
38 77 0.010638
38 78 0.014493
38 79 0.011628
38 80 0.010909
38 81 0.012195
38 82 0.010381
38 83 0.016854
38 84 0.010274
38 85 0.066667
38 86 0.016043
38 87 0.016575
38 88 0.013453
38 89 0.016043
38 90 0.009804
38 91 0.009346
38 92 0.015228
38 93 0.036145
38 94 0.014778
38 95 0.016043
38 96 0.008043
38 97 0.011858
38 98 0.009585
38 99 0.017964
39 40 0.007519
39 41 0.014019
39 42 0.150000
39 43 0.009646
39 44 0.025424
39 45 0.010714
39 46 0.029126
39 47 0.017964
39 48 0.007979
39 49 0.010345
39 50 0.013216
39 51 0.041096
39 52 0.023256
39 53 0.083333
39 54 0.018519
39 55 0.007463
39 56 0.022059
39 57 0.013636
39 58 0.016575
39 59 0.025641
39 60 0.010135
39 61 0.010563
39 62 0.010169
39 63 0.018750
39 64 0.008021
39 65 0.008523
39 66 0.009772
39 67 0.010563
39 68 0.013274
39 69 0.022901
39 70 0.007444
39 71 0.013575
39 72 0.019868
39 73 0.040000
39 74 0.009934
39 75 0.029703
39 76 0.008850
39 77 0.008310
39 78 0.020270
39 79 0.012876
39 80 0.012658
39 81 0.010101
39 82 0.008174
39 83 0.011673
39 84 0.008772
39 85 0.024194
39 86 0.027273
39 87 0.013699
39 88 0.014851
39 89 0.013216
39 90 0.007812
39 91 0.007958
39 92 0.012712
39 93 0.036145
39 94 0.010830
39 95 0.018987
39 96 0.006928
39 97 0.010453
39 98 0.007874
39 99 0.029703
40 41 0.005906
40 42 0.007634
40 43 0.010830
40 44 0.006356
40 45 0.023077
40 46 0.006397
40 47 0.005435
40 48 0.012048
40 49 0.024793
40 50 0.007335
40 51 0.008929
40 52 0.008475
40 53 0.007335
40 54 0.006508
40 55 0.010601
40 56 0.009740
40 57 0.010676
40 58 0.010309
40 59 0.005871
40 60 0.018182
40 61 0.013393
40 62 0.017544
40 63 0.006579
40 64 0.040541
40 65 0.030303
40 66 0.030928
40 67 0.007042
40 68 0.007979
40 69 0.010909
40 70 0.096774
40 71 0.006397
40 72 0.005671
40 73 0.009036
40 74 0.021429
40 75 0.006329
40 76 0.016667
40 77 0.024590
40 78 0.006289
40 79 0.005607
40 80 0.006173
40 81 0.008671
40 82 0.076923
40 83 0.016216
40 84 0.008021
40 85 0.010753
40 86 0.005906
40 87 0.011450
40 88 0.005988
40 89 0.008242
40 90 0.050000
40 91 0.008357
40 92 0.008065
40 93 0.007772
40 94 0.024000
40 95 0.006224
40 96 0.008287
40 97 0.007353
40 98 0.031250
40 99 0.006550
41 42 0.015075
41 43 0.010274
41 44 0.029126
41 45 0.007126
41 46 0.010601
41 47 0.019737
41 48 0.008174
41 49 0.007752
41 50 0.006818
41 51 0.014019
41 52 0.018868
41 53 0.016760
41 54 0.008287
41 55 0.008000
41 56 0.008902
41 57 0.012766
41 58 0.007874
41 59 0.017143
41 60 0.008451
41 61 0.009709
41 62 0.008571
41 63 0.050847
41 64 0.005859
41 65 0.006024
41 66 0.006849
41 67 0.018987
41 68 0.019481
41 69 0.009772
41 70 0.005725
41 71 0.007042
41 72 0.022901
41 73 0.013636
41 74 0.008000
41 75 0.010909
41 76 0.008021
41 77 0.007109
41 78 0.008850
41 79 0.111111
41 80 0.006834
41 81 0.012931
41 82 0.006383
41 83 0.009202
41 84 0.011719
41 85 0.011673
41 86 0.015000
41 87 0.007264
41 88 0.230769
41 89 0.018182
41 90 0.006369
41 91 0.009901
41 92 0.018293
41 93 0.019868
41 94 0.007317
41 95 0.051724
41 96 0.008242
41 97 0.017045
41 98 0.005703
41 99 0.010381
42 43 0.010204
42 44 0.028037
42 45 0.010830
42 46 0.024793
42 47 0.018182
42 48 0.008333
42 49 0.010638
42 50 0.012295
42 51 0.049180
42 52 0.027273
42 53 0.136364
42 54 0.016575
42 55 0.007792
42 56 0.020833
42 57 0.014778
42 58 0.015873
42 59 0.025210
42 60 0.010563
42 61 0.011152
42 62 0.010601
42 63 0.020833
42 64 0.008086
42 65 0.008571
42 66 0.009901
42 67 0.011321
42 68 0.014493
42 69 0.022901
42 70 0.007519
42 71 0.012500
42 72 0.020408
42 73 0.047619
42 74 0.010309
42 75 0.025210
42 76 0.009202
42 77 0.008596
42 78 0.017857
42 79 0.013699
42 80 0.011719
42 81 0.010753
42 82 0.008333
42 83 0.012245
42 84 0.009288
42 85 0.026087
42 86 0.025641
42 87 0.013274
42 88 0.016043
42 89 0.014423
42 90 0.007979
42 91 0.008380
42 92 0.013825
42 93 0.046875
42 94 0.011029
42 95 0.020833
42 96 0.007229
42 97 0.011194
42 98 0.007916
42 99 0.025000
43 44 0.009709
43 45 0.011450
43 46 0.007282
43 47 0.007519
43 48 0.039474
43 49 0.016484
43 50 0.006424
43 51 0.012448
43 52 0.015625
43 53 0.010169
43 54 0.006608
43 55 0.032258
43 56 0.009202
43 57 0.032967
43 58 0.008646
43 59 0.007874
43 60 0.025424
43 61 0.048387
43 62 0.027027
43 63 0.011538
43 64 0.009494
43 65 0.009404
43 66 0.011765
43 67 0.018405
43 68 0.021739
43 69 0.011152
43 70 0.009901
43 71 0.006036
43 72 0.008065
43 73 0.012346
43 74 0.020833
43 75 0.007299
43 76 0.029703
43 77 0.018634
43 78 0.006652
43 79 0.009494
43 80 0.005825
43 81 0.040541
43 82 0.012448
43 83 0.024390
43 84 0.030612
43 85 0.014019
43 86 0.007634
43 87 0.008523
43 88 0.010309
43 89 0.023438
43 90 0.013453
43 91 0.031915
43 92 0.023256
43 93 0.012295
43 94 0.012397
43 95 0.010204
43 96 0.022727
43 97 0.021127
43 98 0.008850
43 99 0.007353
44 45 0.008174
44 46 0.016575
44 47 0.032967
44 48 0.007812
44 49 0.008475
44 50 0.008772
44 51 0.020979
44 52 0.023810
44 53 0.034884
44 54 0.011538
44 55 0.007500
44 56 0.011952
44 57 0.013100
44 58 0.010135
44 59 0.036145
44 60 0.008876
44 61 0.009836
44 62 0.008955
44 63 0.045455
44 64 0.006494
44 65 0.006772
44 66 0.007712
44 67 0.013575
44 68 0.016216
44 69 0.012931
44 70 0.006224
44 71 0.009259
44 72 0.046875
44 73 0.020134
44 74 0.008523
44 75 0.017341
44 76 0.008130
44 77 0.007371
44 78 0.012712
44 79 0.025424
44 80 0.008902
44 81 0.011152
44 82 0.006881
44 83 0.009934
44 84 0.009868
44 85 0.015152
44 86 0.028846
44 87 0.009036
44 88 0.032967
44 89 0.015707
44 90 0.006742
44 91 0.008621
44 92 0.015306
44 93 0.034884
44 94 0.008333
44 95 0.066667
44 96 0.007335
44 97 0.012931
44 98 0.006356
44 99 0.016043
45 46 0.008772
45 47 0.006803
45 48 0.011070
45 49 0.034483
45 50 0.010526
45 51 0.013333
45 52 0.011407
45 53 0.010169
45 54 0.009036
45 55 0.009740
45 56 0.016760
45 57 0.013453
45 58 0.018405
45 59 0.007595
45 60 0.020000
45 61 0.015000
45 62 0.019108
45 63 0.008219
45 64 0.031579
45 65 0.038961
45 66 0.088235
45 67 0.007979
45 68 0.009524
45 69 0.019868
45 70 0.023810
45 71 0.008772
45 72 0.007143
45 73 0.013636
45 74 0.023256
45 75 0.008621
45 76 0.015306
45 77 0.018182
45 78 0.008621
45 79 0.006696
45 80 0.008333
45 81 0.009524
45 82 0.027523
45 83 0.021429
45 84 0.008475
45 85 0.017647
45 86 0.007712
45 87 0.021739
45 88 0.007264
45 89 0.009836
45 90 0.020979
45 91 0.008451
45 92 0.009524
45 93 0.010601
45 94 0.150000
45 95 0.007772
45 96 0.007895
45 97 0.008287
45 98 0.028302
45 99 0.009063
46 47 0.016949
46 48 0.006303
46 49 0.008065
46 50 0.016393
46 51 0.017442
46 52 0.013043
46 53 0.023622
46 54 0.035714
46 55 0.005964
46 56 0.017964
46 57 0.009346
46 58 0.014851
46 59 0.024194
46 60 0.007752
46 61 0.007853
46 62 0.007732
46 63 0.012500
46 64 0.006961
46 65 0.007407
46 66 0.008043
46 67 0.007895
46 68 0.009202
46 69 0.015385
46 70 0.006410
46 71 0.020134
46 72 0.016949
46 73 0.017544
46 74 0.007692
46 75 0.272727
46 76 0.006912
46 77 0.006682
46 78 0.053571
46 79 0.010135
46 80 0.018868
46 81 0.007519
46 82 0.006803
46 83 0.008621
46 84 0.006772
46 85 0.014085
46 86 0.030000
46 87 0.012346
46 88 0.011070
46 89 0.009174
46 90 0.006466
46 91 0.006263
46 92 0.008929
46 93 0.016484
46 94 0.008721
46 95 0.013274
46 96 0.005607
46 97 0.007792
46 98 0.006928
46 99 0.230769
47 48 0.006329
47 49 0.006881
47 50 0.008380
47 51 0.013825
47 52 0.013953
47 53 0.020548
47 54 0.011583
47 55 0.006122
47 56 0.010000
47 57 0.009404
47 58 0.008721
47 59 0.053571
47 60 0.007059
47 61 0.007595
47 62 0.007092
47 63 0.020548
47 64 0.005597
47 65 0.005825
47 66 0.006438
47 67 0.010033
47 68 0.011070
47 69 0.010135
47 70 0.005348
47 71 0.009259
47 72 0.107143
47 73 0.013514
47 74 0.006849
47 75 0.017964
47 76 0.006536
47 77 0.006073
47 78 0.013100
47 79 0.019868
47 80 0.009009
47 81 0.008427
47 82 0.005792
47 83 0.007732
47 84 0.007712
47 85 0.010949
47 86 0.038462
47 87 0.007812
47 88 0.020979
47 89 0.010753
47 90 0.005671
47 91 0.006928
47 92 0.010601
47 93 0.017647
47 94 0.006897
47 95 0.026549
47 96 0.006061
47 97 0.009585
47 98 0.005515
47 99 0.015957
48 49 0.016304
48 50 0.005871
48 51 0.009836
48 52 0.011407
48 53 0.008242
48 54 0.005882
48 55 0.078947
48 56 0.008065
48 57 0.018868
48 58 0.007772
48 59 0.006608
48 60 0.024590
48 61 0.031250
48 62 0.025641
48 63 0.008929
48 64 0.009901
48 65 0.009585
48 66 0.011811
48 67 0.012987
48 68 0.014019
48 69 0.009494
48 70 0.010753
48 71 0.005474
48 72 0.006711
48 73 0.009836
48 74 0.021127
48 75 0.006303
48 76 0.039474
48 77 0.023256
48 78 0.005882
48 79 0.007673
48 80 0.005291
48 81 0.021277
48 82 0.013699
48 83 0.020270
48 84 0.020548
48 85 0.011152
48 86 0.006466
48 87 0.007833
48 88 0.008197
48 89 0.014778
48 90 0.015707
48 91 0.025862
48 92 0.014706
48 93 0.009524
48 94 0.011952
48 95 0.008108
48 96 0.026316
48 97 0.014286
48 98 0.009174
48 99 0.006369
49 50 0.008499
49 51 0.013453
49 52 0.012821
49 53 0.010135
49 54 0.007916
49 55 0.013575
49 56 0.013274
49 57 0.018293
49 58 0.013333
49 59 0.007538
49 60 0.046154
49 61 0.024793
49 62 0.041667
49 63 0.008955
49 64 0.021739
49 65 0.021739
49 66 0.040541
49 67 0.009554
49 68 0.011583
49 69 0.016667
49 70 0.021739
49 71 0.007463
49 72 0.007264
49 73 0.013699
49 74 0.069767
49 75 0.007979
49 76 0.027523
49 77 0.034884
49 78 0.007692
49 79 0.007246
49 80 0.007126
49 81 0.012397
49 82 0.035714
49 83 0.044118
49 84 0.010830
49 85 0.017964
49 86 0.007538
49 87 0.014218
49 88 0.007874
49 89 0.012097
49 90 0.031579
49 91 0.010989
49 92 0.011673
49 93 0.011194
49 94 0.044118
49 95 0.008287
49 96 0.010204
49 97 0.010101
49 98 0.018868
49 99 0.008264
50 51 0.011765
50 52 0.009009
50 53 0.011407
50 54 0.027523
50 55 0.005505
50 56 0.021127
50 57 0.007792
50 58 0.023438
50 59 0.009901
50 60 0.007576
50 61 0.007177
50 62 0.007500
50 63 0.007752
50 64 0.008596
50 65 0.009375
50 66 0.009434
50 67 0.006061
50 68 0.006961
50 69 0.015152
50 70 0.007576
50 71 0.042857
50 72 0.008475
50 73 0.012000
50 74 0.007752
50 75 0.015464
50 76 0.006696
50 77 0.006849
50 78 0.021127
50 79 0.006536
50 80 0.035714
50 81 0.006211
50 82 0.007614
50 83 0.008242
50 84 0.005671
50 85 0.011673
50 86 0.010676
50 87 0.020270
50 88 0.007009
50 89 0.007026
50 90 0.007026
50 91 0.005425
50 92 0.006849
50 93 0.009901
50 94 0.010067
50 95 0.007812
50 96 0.005008
50 97 0.006085
50 98 0.008798
50 99 0.017442
51 52 0.038462
51 53 0.040541
51 54 0.013889
51 55 0.009036
51 56 0.023256
51 57 0.019868
51 58 0.017647
51 59 0.017045
51 60 0.013393
51 61 0.014218
51 62 0.013453
51 63 0.019355
51 64 0.009375
51 65 0.009967
51 66 0.012048
51 67 0.012448
51 68 0.016949
51 69 0.032258
51 70 0.008721
51 71 0.011236
51 72 0.015385
51 73 0.428571
51 74 0.012987
51 75 0.017442
51 76 0.011236
51 77 0.010381
51 78 0.014286
51 79 0.012605
51 80 0.010526
51 81 0.012658
51 82 0.009934
51 83 0.016216
51 84 0.010601
51 85 0.052632
51 86 0.017045
51 87 0.015000
51 88 0.014778
51 89 0.017241
51 90 0.009464
51 91 0.009554
51 92 0.016304
51 93 0.046875
51 94 0.013699
51 95 0.017857
51 96 0.008174
51 97 0.012552
51 98 0.009091
51 99 0.017964
52 53 0.028302
52 54 0.010453
52 55 0.010563
52 56 0.014706
52 57 0.028302
52 58 0.012295
52 59 0.015707
52 60 0.014151
52 61 0.016667
52 62 0.014354
52 63 0.029126
52 64 0.008475
52 65 0.008824
52 66 0.010714
52 67 0.018405
52 68 0.030000
52 69 0.018634
52 70 0.008152
52 71 0.008772
52 72 0.015873
52 73 0.036145
52 74 0.013158
52 75 0.013216
52 76 0.012295
52 77 0.010676
52 78 0.010870
52 79 0.016216
52 80 0.008357
52 81 0.017647
52 82 0.009464
52 83 0.016854
52 84 0.014085
52 85 0.029126
52 86 0.014851
52 87 0.011111
52 88 0.020000
52 89 0.030303
52 90 0.009317
52 91 0.012048
52 92 0.027523
52 93 0.056604
52 94 0.011905
52 95 0.023256
52 96 0.009772
52 97 0.018405
52 98 0.008152
52 99 0.013100
53 54 0.015464
53 55 0.007752
53 56 0.018072
53 57 0.014634
53 58 0.014218
53 59 0.029126
53 60 0.010239
53 61 0.010949
53 62 0.010274
53 63 0.024000
53 64 0.007692
53 65 0.008130
53 66 0.009375
53 67 0.011811
53 68 0.015075
53 69 0.019737
53 70 0.007212
53 71 0.011765
53 72 0.023810
53 73 0.038462
53 74 0.009934
53 75 0.024390
53 76 0.008982
53 77 0.008333
53 78 0.016854
53 79 0.015152
53 80 0.011111
53 81 0.010909
53 82 0.008000
53 83 0.011765
53 84 0.009464
53 85 0.023077
53 86 0.028571
53 87 0.012097
53 88 0.017964
53 89 0.014925
53 90 0.007692
53 91 0.008451
53 92 0.014286
53 93 0.054545
53 94 0.010345
53 95 0.024390
53 96 0.007264
53 97 0.011583
53 98 0.007519
53 99 0.023438
54 55 0.005556
54 56 0.019355
54 57 0.008242
54 58 0.017341
54 59 0.014493
54 60 0.007353
54 61 0.007246
54 62 0.007317
54 63 0.009494
54 64 0.007282
54 65 0.007812
54 66 0.008219
54 67 0.006726
54 68 0.007752
54 69 0.014851
54 70 0.006608
54 71 0.045455
54 72 0.011538
54 73 0.014019
54 74 0.007407
54 75 0.031915
54 76 0.006550
54 77 0.006494
54 78 0.088235
54 79 0.007958
54 80 0.038462
54 81 0.006637
54 82 0.006849
54 83 0.008086
54 84 0.006024
54 85 0.012397
54 86 0.016484
54 87 0.014354
54 88 0.008571
54 89 0.007772
54 90 0.006438
54 91 0.005671
54 92 0.007576
54 93 0.012245
54 94 0.008850
54 95 0.009836
54 96 0.005155
54 97 0.006696
54 98 0.007335
54 99 0.040000
55 56 0.007407
55 57 0.016393
55 58 0.007126
55 59 0.006329
55 60 0.018868
55 61 0.023438
55 62 0.019481
55 63 0.008596
55 64 0.008850
55 65 0.008596
55 66 0.010309
55 67 0.013100
55 68 0.013453
55 69 0.008596
55 70 0.009585
55 71 0.005172
55 72 0.006494
55 73 0.009036
55 74 0.016760
55 75 0.005976
55 76 0.026549
55 77 0.018405
55 78 0.005566
55 79 0.007557
55 80 0.005008
55 81 0.020979
55 82 0.011858
55 83 0.016304
55 84 0.022222
55 85 0.010033
55 86 0.006173
55 87 0.007160
55 88 0.008000
55 89 0.014019
55 90 0.013393
55 91 0.030928
55 92 0.014085
55 93 0.008902
55 94 0.010417
55 95 0.007833
55 96 0.037500
55 97 0.014423
55 98 0.008287
55 99 0.006024
56 57 0.012295
56 58 0.066667
56 59 0.012146
56 60 0.011494
56 61 0.010830
56 62 0.011407
56 63 0.010753
56 64 0.011321
56 65 0.012552
56 66 0.014151
56 67 0.008242
56 68 0.010067
56 69 0.052632
56 70 0.009868
56 71 0.016760
56 72 0.010490
56 73 0.024390
56 74 0.011765
56 75 0.017143
56 76 0.009615
56 77 0.009677
56 78 0.017647
56 79 0.008333
56 80 0.015228
56 81 0.008746
56 82 0.010563
56 83 0.013274
56 84 0.007692
56 85 0.025641
56 86 0.012821
56 87 0.035714
56 88 0.009202
56 89 0.010239
56 90 0.009615
56 91 0.007282
56 92 0.009868
56 93 0.015957
56 94 0.016216
56 95 0.010490
56 96 0.006565
56 97 0.008357
56 98 0.011278
56 99 0.019231
57 58 0.011029
57 59 0.010135
57 60 0.024793
57 61 0.038961
57 62 0.025862
57 63 0.015707
57 64 0.010033
57 65 0.010239
57 66 0.013158
57 67 0.019608
57 68 0.031250
57 69 0.015873
57 70 0.009967
57 71 0.007317
57 72 0.010274
57 73 0.019737
57 74 0.020979
57 75 0.009375
57 76 0.021127
57 77 0.015957
57 78 0.008333
57 79 0.011494
57 80 0.007009
57 81 0.029412
57 82 0.012397
57 83 0.030928
57 84 0.020408
57 85 0.023256
57 86 0.009804
57 87 0.010601
57 88 0.013043
57 89 0.035294
57 90 0.012605
57 91 0.017751
57 92 0.031915
57 93 0.019108
57 94 0.014563
57 95 0.013514
57 96 0.013761
57 97 0.021583
57 98 0.009434
57 99 0.009464
58 59 0.010345
58 60 0.011152
58 61 0.010204
58 62 0.010989
58 63 0.009288
58 64 0.012500
58 65 0.014151
58 66 0.015306
58 67 0.007500
58 68 0.008982
58 69 0.034884
58 70 0.010601
58 71 0.016667
58 72 0.009091
58 73 0.018293
58 74 0.011583
58 75 0.014286
58 76 0.009346
58 77 0.009646
58 78 0.015464
58 79 0.007426
58 80 0.015152
58 81 0.008065
58 82 0.011029
58 83 0.012605
58 84 0.007177
58 85 0.020134
58 86 0.010870
58 87 0.071429
58 88 0.008108
58 89 0.009146
58 90 0.009901
58 91 0.006865
58 92 0.008850
58 93 0.012987
58 94 0.017341
58 95 0.009091
58 96 0.006276
58 97 0.007614
58 98 0.012605
58 99 0.015789
59 60 0.007614
59 61 0.008108
59 62 0.007653
59 63 0.020134
59 64 0.006135
59 65 0.006410
59 66 0.007126
59 67 0.009868
59 68 0.011321
59 69 0.012146
59 70 0.005803
59 71 0.011029
59 72 0.055556
59 73 0.016667
59 74 0.007426
59 75 0.026316
59 76 0.006961
59 77 0.006508
59 78 0.016854
59 79 0.016484
59 80 0.010638
59 81 0.008646
59 82 0.006289
59 83 0.008451
59 84 0.007792
59 85 0.012931
59 86 0.115385
59 87 0.009091
59 88 0.018293
59 89 0.011111
59 90 0.006098
59 91 0.007026
59 92 0.010870
59 93 0.021277
59 94 0.007673
59 95 0.024390
59 96 0.006148
59 97 0.009524
59 98 0.006036
59 99 0.022388
60 61 0.050000
60 62 0.375000
60 63 0.009740
60 64 0.015075
60 65 0.014851
60 66 0.021739
60 67 0.011450
60 68 0.014019
60 69 0.014423
60 70 0.015873
60 71 0.006834
60 72 0.007500
60 73 0.013514
60 74 0.115385
60 75 0.007692
60 76 0.056604
60 77 0.043478
60 78 0.007246
60 79 0.007874
60 80 0.006550
60 81 0.016393
60 82 0.023622
60 83 0.075000
60 84 0.013953
60 85 0.017241
60 86 0.007538
60 87 0.011407
60 88 0.008571
60 89 0.014851
60 90 0.025424
60 91 0.014354
60 92 0.014354
60 93 0.011719
60 94 0.023077
60 95 0.008876
60 96 0.013043
60 97 0.012295
60 98 0.013575
60 99 0.007895
61 62 0.056604
61 63 0.011236
61 64 0.011673
61 65 0.011628
61 66 0.015464
61 67 0.014706
61 68 0.018634
61 69 0.013575
61 70 0.012097
61 71 0.006623
61 72 0.008152
61 73 0.014218
61 74 0.034884
61 75 0.007833
61 76 0.045455
61 77 0.025641
61 78 0.007229
61 79 0.008955
61 80 0.006356
61 81 0.024194
61 82 0.016129
61 83 0.048387
61 84 0.019231
61 85 0.017341
61 86 0.007958
61 87 0.010135
61 88 0.009836
61 89 0.020134
61 90 0.017241
61 91 0.019355
61 92 0.019355
61 93 0.013043
61 94 0.016575
61 95 0.010033
61 96 0.016129
61 97 0.016216
61 98 0.010753
61 99 0.007979
62 63 0.009868
62 64 0.014563
62 65 0.014354
62 66 0.020690
62 67 0.011765
62 68 0.014423
62 69 0.014286
62 70 0.015306
62 71 0.006803
62 72 0.007557
62 73 0.013575
62 74 0.090909
62 75 0.007692
62 76 0.061224
62 77 0.041096
62 78 0.007229
62 79 0.007958
62 80 0.006522
62 81 0.017045
62 82 0.022388
62 83 0.075000
62 84 0.014423
62 85 0.017143
62 86 0.007576
62 87 0.011236
62 88 0.008696
62 89 0.015306
62 90 0.024194
62 91 0.014851
62 92 0.014778
62 93 0.011858
62 94 0.021898
62 95 0.008982
62 96 0.013453
62 97 0.012658
62 98 0.013158
62 99 0.007874
63 64 0.006579
63 65 0.006803
63 66 0.007853
63 67 0.019231
63 68 0.023622
63 69 0.012097
63 70 0.006383
63 71 0.007937
63 72 0.025210
63 73 0.018634
63 74 0.009202
63 75 0.012876
63 76 0.009009
63 77 0.007958
63 78 0.010169
63 79 0.035294
63 80 0.007634
63 81 0.014218
63 82 0.007177
63 83 0.010870
63 84 0.012346
63 85 0.015075
63 86 0.017647
63 87 0.008451
63 88 0.061224
63 89 0.022059
63 90 0.007109
63 91 0.010417
63 92 0.021739
63 93 0.032609
63 94 0.008475
63 95 0.085714
63 96 0.008571
63 97 0.017857
63 98 0.006383
63 99 0.012295
64 65 0.100000
64 66 0.040000
64 67 0.006652
64 68 0.007614
64 69 0.012295
64 70 0.060000
64 71 0.007264
64 72 0.005825
64 73 0.009524
64 74 0.017341
64 75 0.006849
64 76 0.013100
64 77 0.016949
64 78 0.006944
64 79 0.005576
64 80 0.006993
64 81 0.007895
64 82 0.034091
64 83 0.014634
64 84 0.007264
64 85 0.011321
64 86 0.006211
64 87 0.014563
64 88 0.005952
64 89 0.007833
64 90 0.024194
64 91 0.007407
64 92 0.007653
64 93 0.007958
64 94 0.029126
64 95 0.006263
64 96 0.007194
64 97 0.006897
64 98 0.125000
64 99 0.007143
65 66 0.045455
65 67 0.006726
65 68 0.007752
65 69 0.013575
65 70 0.037975
65 71 0.007812
65 72 0.006061
65 73 0.010169
65 74 0.016949
65 75 0.007282
65 76 0.012658
65 77 0.015789
65 78 0.007407
65 79 0.005714
65 80 0.007500
65 81 0.007916
65 82 0.028571
65 83 0.014778
65 84 0.007246
65 85 0.012146
65 86 0.006522
65 87 0.016949
65 88 0.006122
65 89 0.007979
65 90 0.020979
65 91 0.007317
65 92 0.007772
65 93 0.008333
65 94 0.033333
65 95 0.006494
65 96 0.007059
65 97 0.006961
65 98 0.100000
65 99 0.007614
66 67 0.007895
66 68 0.009317
66 69 0.016575
66 70 0.030928
66 71 0.007979
66 72 0.006757
66 73 0.012295
66 74 0.026316
66 75 0.007916
66 76 0.016760
66 77 0.021429
66 78 0.007874
66 79 0.006466
66 80 0.007634
66 81 0.009585
66 82 0.039474
66 83 0.021898
66 84 0.008596
66 85 0.015544
66 86 0.007194
66 87 0.017544
66 88 0.006977
66 89 0.009646
66 90 0.027027
66 91 0.008671
66 92 0.009375
66 93 0.009868
66 94 0.096774
66 95 0.007407
66 96 0.008197
66 97 0.008219
66 98 0.032967
66 99 0.008264
67 68 0.044776
67 69 0.009524
67 70 0.006682
67 71 0.005964
67 72 0.010989
67 73 0.012195
67 74 0.010490
67 75 0.008000
67 76 0.011494
67 77 0.009434
67 78 0.006961
67 79 0.017045
67 80 0.005780
67 81 0.033333
67 82 0.007732
67 83 0.012195
67 84 0.030000
67 85 0.011905
67 86 0.009259
67 87 0.007143
67 88 0.018519
67 89 0.040000
67 90 0.007958
67 91 0.020408
67 92 0.046875
67 93 0.014925
67 94 0.008357
67 95 0.016043
67 96 0.014423
67 97 0.136364
67 98 0.006369
67 99 0.007874
68 69 0.012097
68 70 0.007557
68 71 0.006787
68 72 0.012295
68 73 0.016575
68 74 0.012658
68 75 0.009317
68 76 0.013333
68 77 0.010830
68 78 0.008021
68 79 0.016854
68 80 0.006536
68 81 0.035294
68 82 0.008876
68 83 0.015625
68 84 0.024793
68 85 0.016216
68 86 0.010676
68 87 0.008475
68 88 0.019608
68 89 0.230769
68 90 0.009036
68 91 0.018293
68 92 0.250000
68 93 0.020690
68 94 0.010033
68 95 0.018634
68 96 0.013333
68 97 0.047619
68 98 0.007264
68 99 0.009202
69 70 0.010870
69 71 0.012876
69 72 0.010791
69 73 0.034483
69 74 0.014706
69 75 0.015000
69 76 0.011583
69 77 0.011494
69 78 0.014286
69 79 0.009063
69 80 0.011905
69 81 0.010381
69 82 0.012146
69 83 0.017442
69 84 0.008955
69 85 0.046875
69 86 0.012500
69 87 0.027523
69 88 0.010135
69 89 0.012397
69 90 0.011070
69 91 0.008427
69 92 0.011858
69 93 0.019108
69 94 0.019868
69 95 0.011538
69 96 0.007481
69 97 0.009709
69 98 0.012000
69 99 0.016216
70 71 0.006550
70 72 0.005576
70 73 0.008850
70 74 0.018405
70 75 0.006329
70 76 0.014423
70 77 0.019868
70 78 0.006356
70 79 0.005445
70 80 0.006316
70 81 0.008086
70 82 0.047619
70 83 0.014634
70 84 0.007500
70 85 0.010453
70 86 0.005848
70 87 0.012000
70 88 0.005803
70 89 0.007792
70 90 0.033333
70 91 0.007752
70 92 0.007634
70 93 0.007557
70 94 0.023622
70 95 0.006061
70 96 0.007653
70 97 0.006961
70 98 0.044118
70 99 0.006565
71 72 0.009231
71 73 0.011364
71 74 0.006928
71 75 0.018868
71 76 0.006122
71 77 0.006160
71 78 0.031579
71 79 0.006803
71 80 0.157895
71 81 0.005964
71 82 0.006652
71 83 0.007426
71 84 0.005464
71 85 0.010601
71 86 0.012146
71 87 0.014423
71 88 0.007246
71 89 0.006818
71 90 0.006211
71 91 0.005199
71 92 0.006667
71 93 0.009901
71 94 0.008499
71 95 0.008130
71 96 0.004785
71 97 0.005952
71 98 0.007371
71 99 0.021429
72 73 0.014925
72 74 0.007264
72 75 0.017964
72 76 0.006944
72 77 0.006397
72 78 0.012987
72 79 0.022556
72 80 0.008955
72 81 0.009119
72 82 0.006073
72 83 0.008264
72 84 0.008287
72 85 0.011905
72 86 0.037975
72 87 0.008130
72 88 0.024793
72 89 0.011905
72 90 0.005941
72 91 0.007371
72 92 0.011719
72 93 0.020690
72 94 0.007246
72 95 0.034483
72 96 0.006410
72 97 0.010453
72 98 0.005725
72 99 0.016129
73 74 0.013158
73 75 0.017442
73 76 0.011321
73 77 0.010453
73 78 0.014354
73 79 0.012245
73 80 0.010676
73 81 0.012500
73 82 0.010067
73 83 0.016393
73 84 0.010490
73 85 0.056604
73 86 0.016667
73 87 0.015464
73 88 0.014286
73 89 0.016854
73 90 0.009585
73 91 0.009494
73 92 0.015873
73 93 0.042857
73 94 0.014019
73 95 0.017241
73 96 0.008130
73 97 0.012295
73 98 0.009259
73 99 0.017964
74 75 0.007634
74 76 0.044776
74 77 0.050000
74 78 0.007264
74 79 0.007481
74 80 0.006652
74 81 0.014354
74 82 0.029412
74 83 0.058824
74 84 0.012500
74 85 0.016760
74 86 0.007389
74 87 0.012048
74 88 0.008130
74 89 0.013333
74 90 0.030928
74 91 0.012821
74 92 0.012876
74 93 0.011194
74 94 0.027273
74 95 0.008451
74 96 0.011905
74 97 0.011194
74 98 0.015385
74 99 0.007853
75 76 0.006881
75 77 0.006637
75 78 0.046154
75 79 0.010453
75 80 0.017751
75 81 0.007576
75 82 0.006726
75 83 0.008547
75 84 0.006818
75 85 0.013889
75 86 0.033708
75 87 0.011905
75 88 0.011407
75 89 0.009259
75 90 0.006410
75 91 0.006303
75 92 0.009036
75 93 0.016854
75 94 0.008571
75 95 0.013761
75 96 0.005629
75 97 0.007874
75 98 0.006818
75 99 0.125000
76 77 0.049180
76 78 0.006479
76 79 0.007500
76 80 0.005894
76 81 0.017241
76 82 0.020548
76 83 0.034091
76 84 0.015306
76 85 0.013575
76 86 0.006849
76 87 0.009554
76 88 0.008108
76 89 0.014085
76 90 0.024194
76 91 0.016760
76 92 0.013825
76 93 0.010274
76 94 0.017045
76 95 0.008242
76 96 0.015873
76 97 0.012448
76 98 0.011905
76 99 0.007026
77 78 0.006369
77 79 0.006696
77 80 0.005929
77 81 0.012876
77 82 0.032967
77 83 0.028302
77 84 0.011719
77 85 0.012605
77 86 0.006452
77 87 0.010135
77 88 0.007194
77 89 0.011321
77 90 0.046875
77 91 0.012605
77 92 0.011070
77 93 0.009231
77 94 0.020408
77 95 0.007371
77 96 0.012397
77 97 0.010033
77 98 0.014925
77 99 0.006803
78 79 0.008523
78 80 0.028571
78 81 0.006757
78 82 0.006623
78 83 0.007979
78 84 0.006135
78 85 0.012346
78 86 0.019608
78 87 0.012876
78 88 0.009174
78 89 0.008000
78 90 0.006263
78 91 0.005747
78 92 0.007812
78 93 0.012987
78 94 0.008475
78 95 0.010676
78 96 0.005199
78 97 0.006897
78 98 0.006961
78 99 0.058824
79 80 0.006608
79 81 0.011811
79 82 0.006036
79 83 0.008523
79 84 0.010909
79 85 0.010601
79 86 0.014423
79 87 0.006865
79 88 0.083333
79 89 0.015873
79 90 0.006036
79 91 0.009317
79 92 0.016043
79 93 0.017143
79 94 0.006881
79 95 0.039474
79 96 0.007833
79 97 0.015385
79 98 0.005425
79 99 0.009901
80 81 0.005758
80 82 0.006397
80 83 0.007092
80 84 0.005291
80 85 0.009934
80 86 0.011673
80 87 0.013274
80 88 0.007026
80 89 0.006565
80 90 0.005988
80 91 0.005042
80 92 0.006424
80 93 0.009404
80 94 0.008086
80 95 0.007853
80 96 0.004644
80 97 0.005758
80 98 0.007092
80 99 0.019737
81 82 0.009709
81 83 0.016949
81 84 0.063830
81 85 0.013216
81 86 0.008264
81 87 0.007792
81 88 0.012876
81 89 0.038462
81 90 0.010204
81 91 0.037037
81 92 0.041096
81 93 0.013636
81 94 0.010135
81 95 0.012245
81 96 0.021277
81 97 0.043478
81 98 0.007481
81 99 0.007557
82 83 0.020408
82 84 0.008876
82 85 0.012245
82 86 0.006303
82 87 0.012146
82 88 0.006466
82 89 0.009202
82 90 0.076923
82 91 0.009231
82 92 0.008982
82 93 0.008547
82 94 0.030000
82 95 0.006742
82 96 0.009036
82 97 0.008108
82 98 0.026786
82 99 0.006961
83 84 0.013953
83 85 0.022222
83 86 0.008357
83 87 0.012712
83 88 0.009375
83 89 0.016575
83 90 0.020548
83 91 0.013825
83 92 0.015873
83 93 0.013699
83 94 0.024793
83 95 0.009836
83 96 0.012146
83 97 0.013043
83 98 0.013274
83 99 0.008798
84 85 0.010989
84 86 0.007463
84 87 0.006993
84 88 0.011628
84 89 0.025641
84 90 0.009404
84 91 0.062500
84 92 0.027273
84 93 0.011407
84 94 0.008955
84 95 0.010830
84 96 0.027523
84 97 0.037037
84 98 0.006897
84 99 0.006787
85 86 0.012931
85 87 0.017647
85 88 0.012097
85 89 0.016760
85 90 0.011494
85 91 0.010101
85 92 0.015789
85 93 0.026316
85 94 0.018405
85 95 0.013825
85 96 0.008696
85 97 0.012195
85 98 0.010870
85 99 0.014493
86 87 0.009464
86 88 0.015873
86 89 0.010490
86 90 0.006098
86 91 0.006772
86 92 0.010239
86 93 0.020000
86 94 0.007752
86 95 0.020548
86 96 0.005952
86 97 0.008982
86 98 0.006135
86 99 0.027273
87 88 0.007444
87 89 0.008646
87 90 0.010714
87 91 0.006757
87 92 0.008380
87 93 0.011407
87 94 0.019737
87 95 0.008219
87 96 0.006237
87 97 0.007264
87 98 0.014925
87 99 0.012987
88 89 0.018405
88 90 0.006452
88 91 0.009836
88 92 0.018405
88 93 0.021429
88 94 0.007463
88 95 0.065217
88 96 0.008174
88 97 0.016760
88 98 0.005792
88 99 0.010830
89 90 0.009375
89 91 0.018987
89 92 0.250000
89 93 0.020548
89 94 0.010417
89 95 0.017647
89 96 0.013699
89 97 0.044776
89 98 0.007463
89 99 0.009174
90 91 0.009967
90 92 0.009202
90 93 0.008333
90 94 0.023077
90 95 0.006667
90 96 0.009901
90 97 0.008380
90 98 0.020408
90 99 0.006593
91 92 0.019737
91 93 0.010000
91 94 0.008929
91 95 0.009317
91 96 0.048387
91 97 0.023438
91 98 0.007009
91 99 0.006289
92 93 0.019355
92 94 0.010067
92 95 0.017442
92 96 0.014019
92 97 0.053571
92 98 0.007299
92 99 0.008929
93 94 0.010909
93 95 0.028571
93 96 0.008357
93 97 0.014634
93 98 0.007712
93 99 0.016484
94 95 0.007979
94 96 0.008333
94 97 0.008696
94 98 0.025641
94 99 0.008982
95 96 0.007812
95 97 0.015000
95 98 0.006110
95 99 0.012987
96 97 0.015873
96 98 0.006818
96 99 0.005639
97 98 0.006593
97 99 0.007772
98 99 0.007109
