100 4950
0 1 0.007576
0 2 0.010714
0 3 0.005495
0 4 0.025000
0 5 0.042857
0 6 0.026786
0 7 0.020408
0 8 0.011765
0 9 0.005917
0 10 0.061224
0 11 0.005639
0 12 0.011070
0 13 0.005736
0 14 0.012195
0 15 0.036145
0 16 0.008357
0 17 0.012097
0 18 0.007712
0 19 0.027027
0 20 0.008108
0 21 0.028846
0 22 0.007246
0 23 0.007335
0 24 0.006865
0 25 0.021127
0 26 0.006944
0 27 0.006356
0 28 0.008000
0 29 0.006263
0 30 0.009063
0 31 0.020979
0 32 0.007833
0 33 0.009868
0 34 0.013953
0 35 0.010135
0 36 0.007229
0 37 0.005747
0 38 0.008772
0 39 0.010791
0 40 0.009346
0 41 0.009288
0 42 0.008772
0 43 0.007538
0 44 0.014019
0 45 0.036145
0 46 0.011029
0 47 0.029126
0 48 0.009494
0 49 0.006522
0 50 0.030000
0 51 0.025641
0 52 0.005111
0 53 0.005747
0 54 0.006048
0 55 0.010274
0 56 0.007519
0 57 0.006977
0 58 0.010274
0 59 0.029126
0 60 0.010526
0 61 0.060000
0 62 0.017857
0 63 0.010239
0 64 0.006356
0 65 0.009464
0 66 0.008696
0 67 0.011407
0 68 0.006944
0 69 0.009288
0 70 0.011278
0 71 0.012931
0 72 0.006608
0 73 0.006550
0 74 0.007874
0 75 0.006263
0 76 0.008174
0 77 0.046875
0 78 0.006186
0 79 0.015075
0 80 0.009901
0 81 0.012397
0 82 0.013825
0 83 0.010490
0 84 0.008571
0 85 0.008499
0 86 0.021739
0 87 0.007353
0 88 0.009375
0 89 0.006696
0 90 0.005484
0 91 0.014151
0 92 0.009677
0 93 0.006224
0 94 0.011719
0 95 0.008219
0 96 0.012245
0 97 0.007916
0 98 0.005435
0 99 0.093750
1 2 0.023256
1 3 0.011583
1 4 0.008130
1 5 0.008596
1 6 0.009967
1 7 0.010909
1 8 0.010989
1 9 0.025210
1 10 0.008357
1 11 0.013953
1 12 0.023810
1 13 0.012448
1 14 0.007538
1 15 0.009063
1 16 0.018293
1 17 0.012658
1 18 0.008746
1 19 0.008523
1 20 0.020408
1 21 0.007538
1 22 0.019231
1 23 0.009174
1 24 0.012658
1 25 0.011583
1 26 0.019737
1 27 0.010753
1 28 0.014925
1 29 0.032967
1 30 0.007895
1 31 0.009231
1 32 0.176471
1 33 0.018987
1 34 0.016484
1 35 0.007229
1 36 0.012048
1 37 0.010169
1 38 0.012987
1 39 0.007389
1 40 0.007246
1 41 0.037975
1 42 0.006316
1 43 0.428571
1 44 0.012245
1 45 0.008108
1 46 0.009524
1 47 0.010101
1 48 0.025641
1 49 0.010169
1 50 0.009967
1 51 0.010000
1 52 0.009404
1 53 0.012097
1 54 0.028302
1 55 0.006711
1 56 0.100000
1 57 0.027027
1 58 0.013636
1 59 0.009868
1 60 0.014218
1 61 0.008043
1 62 0.009119
1 63 0.025424
1 64 0.013889
1 65 0.036145
1 66 0.042857
1 67 0.021583
1 68 0.010239
1 69 0.012397
1 70 0.018182
1 71 0.008108
1 72 0.043478
1 73 0.021429
1 74 0.051724
1 75 0.017143
1 76 0.020134
1 77 0.008696
1 78 0.020979
1 79 0.009709
1 80 0.027273
1 81 0.007557
1 82 0.008130
1 83 0.026087
1 84 0.006652
1 85 0.058824
1 86 0.010526
1 87 0.011858
1 88 0.008130
1 89 0.008850
1 90 0.010870
1 91 0.007075
1 92 0.006438
1 93 0.034483
1 94 0.015306
1 95 0.038462
1 96 0.016949
1 97 0.085714
1 98 0.009772
1 99 0.007557
2 3 0.008380
2 4 0.012500
2 5 0.013333
2 6 0.017045
2 7 0.020270
2 8 0.012658
2 9 0.012097
2 10 0.012048
2 11 0.009288
2 12 0.062500
2 13 0.008902
2 14 0.008696
2 15 0.014493
2 16 0.026316
2 17 0.025641
2 18 0.008499
2 19 0.011583
2 20 0.026316
2 21 0.011070
2 22 0.013158
2 23 0.008596
2 24 0.010135
2 25 0.021583
2 26 0.018072
2 27 0.008798
2 28 0.012605
2 29 0.014851
2 30 0.008333
2 31 0.015306
2 32 0.026316
2 33 0.046154
2 34 0.041096
2 35 0.008000
2 36 0.010204
2 37 0.008043
2 38 0.012295
2 39 0.008287
2 40 0.007833
2 41 0.058824
2 42 0.006849
2 43 0.023438
2 44 0.016043
2 45 0.011111
2 46 0.010601
2 47 0.016854
2 48 0.071429
2 49 0.008621
2 50 0.016575
2 51 0.017241
2 52 0.007229
2 53 0.008798
2 54 0.013699
2 55 0.007500
2 56 0.024390
2 57 0.019481
2 58 0.014493
2 59 0.016575
2 60 0.028571
2 61 0.012000
2 62 0.014925
2 63 0.031579
2 64 0.010101
2 65 0.061224
2 66 0.026786
2 67 0.038961
2 68 0.008982
2 69 0.012346
2 70 0.023256
2 71 0.009494
2 72 0.016949
2 73 0.012397
2 74 0.029412
2 75 0.010909
2 76 0.026786
2 77 0.012658
2 78 0.011673
2 79 0.012097
2 80 0.030612
2 81 0.008772
2 82 0.009677
2 83 0.125000
2 84 0.007109
2 85 0.029126
2 86 0.018987
2 87 0.010204
2 88 0.008646
2 89 0.008021
2 90 0.008108
2 91 0.008427
2 92 0.007126
2 93 0.014286
2 94 0.039474
2 95 0.034884
2 96 0.024194
2 97 0.023622
2 98 0.007634
2 99 0.010490
3 4 0.005282
3 5 0.005703
3 6 0.006173
3 7 0.006316
3 8 0.009646
3 9 0.015464
3 10 0.006024
3 11 0.058824
3 12 0.009231
3 13 0.125000
3 14 0.007212
3 15 0.005894
3 16 0.007109
3 17 0.006316
3 18 0.011628
3 19 0.006579
3 20 0.007407
3 21 0.005093
3 22 0.021898
3 23 0.013393
3 24 0.024590
3 25 0.006787
3 26 0.007481
3 27 0.026087
3 28 0.017143
3 29 0.010638
3 30 0.008798
3 31 0.005639
3 32 0.011029
3 33 0.007353
3 34 0.008108
3 35 0.007481
3 36 0.019481
3 37 0.038961
3 38 0.013889
3 39 0.007444
3 40 0.007833
3 41 0.009524
3 42 0.006818
3 43 0.011364
3 44 0.008982
3 45 0.006186
3 46 0.009231
3 47 0.006369
3 48 0.008242
3 49 0.020690
3 50 0.006316
3 51 0.006148
3 52 0.049180
3 53 0.115385
3 54 0.010714
3 55 0.006834
3 56 0.010490
3 57 0.008403
3 58 0.011583
3 59 0.006198
3 60 0.006550
3 61 0.005525
3 62 0.005505
3 63 0.010753
3 64 0.040000
3 65 0.009585
3 66 0.012195
3 67 0.009615
3 68 0.017544
3 69 0.012552
3 70 0.010490
3 71 0.007538
3 72 0.010601
3 73 0.025000
3 74 0.009494
3 75 0.035294
3 76 0.007371
3 77 0.006211
3 78 0.025000
3 79 0.008043
3 80 0.011070
3 81 0.007194
3 82 0.007371
3 83 0.008955
3 84 0.007389
3 85 0.011628
3 86 0.006224
3 87 0.018405
3 88 0.008876
3 89 0.014778
3 90 0.120000
3 91 0.006466
3 92 0.006652
3 93 0.012146
3 94 0.006928
3 95 0.008929
3 96 0.009772
3 97 0.012500
3 98 0.046154
3 99 0.005639
4 5 0.046154
4 6 0.036145
4 7 0.031250
4 8 0.009404
4 9 0.006160
4 10 0.021277
4 11 0.005525
4 12 0.011905
4 13 0.005515
4 14 0.008646
4 15 0.042857
4 16 0.010526
4 17 0.018405
4 18 0.006508
4 19 0.014493
4 20 0.010000
4 21 0.085714
4 22 0.006961
4 23 0.006329
4 24 0.006329
4 25 0.023810
4 26 0.008287
4 27 0.005825
4 28 0.007335
4 29 0.006849
4 30 0.007160
4 31 0.065217
4 32 0.008499
4 33 0.012605
4 34 0.015000
4 35 0.007576
4 36 0.006550
4 37 0.005357
4 38 0.007732
4 39 0.007937
4 40 0.007177
4 41 0.010345
4 42 0.006696
4 43 0.008152
4 44 0.011364
4 45 0.016043
4 46 0.008621
4 47 0.028846
4 48 0.011321
4 49 0.005894
4 50 0.030000
4 51 0.037500
4 52 0.004862
4 53 0.005495
4 54 0.006593
4 55 0.007538
4 56 0.008287
4 57 0.008065
4 58 0.008929
4 59 0.033708
4 60 0.014778
4 61 0.041096
4 62 0.050847
4 63 0.010274
4 64 0.006036
4 65 0.010453
4 66 0.008929
4 67 0.011628
4 68 0.006186
4 69 0.008021
4 70 0.010563
4 71 0.009146
4 72 0.007246
4 73 0.006479
4 74 0.008902
4 75 0.006110
4 76 0.010101
4 77 0.020408
4 78 0.006186
4 79 0.010830
4 80 0.010000
4 81 0.008746
4 82 0.009554
4 83 0.011765
4 84 0.006652
4 85 0.008955
4 86 0.034091
4 87 0.006623
4 88 0.007389
4 89 0.005882
4 90 0.005226
4 91 0.009346
4 92 0.007177
4 93 0.006667
4 94 0.016043
4 95 0.009464
4 96 0.011364
4 97 0.008287
4 98 0.005111
4 99 0.020000
5 6 0.060000
5 7 0.036585
5 8 0.011538
5 9 0.006466
5 10 0.038462
5 11 0.005941
5 12 0.013333
5 13 0.005976
5 14 0.010601
5 15 0.157895
5 16 0.010204
5 17 0.016667
5 18 0.007481
5 19 0.020979
5 20 0.009804
5 21 0.043478
5 22 0.007692
5 23 0.007212
5 24 0.007042
5 25 0.032967
5 26 0.008152
5 27 0.006466
5 28 0.008310
5 29 0.007042
5 30 0.008427
5 31 0.040541
5 32 0.008955
5 33 0.012448
5 34 0.017647
5 35 0.009036
5 36 0.007371
5 37 0.005871
5 38 0.008955
5 39 0.009554
5 40 0.008475
5 41 0.011029
5 42 0.007812
5 43 0.008571
5 44 0.014423
5 45 0.024194
5 46 0.010453
5 47 0.054545
5 48 0.011628
5 49 0.006565
5 50 0.058824
5 51 0.056604
5 52 0.005245
5 53 0.005964
5 54 0.006757
5 55 0.008955
5 56 0.008621
5 57 0.008086
5 58 0.010601
5 59 0.065217
5 60 0.013761
5 61 0.115385
5 62 0.029703
5 63 0.011673
5 64 0.006623
5 65 0.011236
5 66 0.009804
5 67 0.013393
5 68 0.006977
5 69 0.009404
5 70 0.012500
5 71 0.011364
5 72 0.007463
5 73 0.007026
5 74 0.009202
5 75 0.006637
5 76 0.009901
5 77 0.036145
5 78 0.006637
5 79 0.013953
5 80 0.011278
5 81 0.010753
5 82 0.012000
5 83 0.012766
5 84 0.007752
5 85 0.009677
5 86 0.041667
5 87 0.007463
5 88 0.008721
5 89 0.006608
5 90 0.005660
5 91 0.011628
5 92 0.008475
5 93 0.006912
5 94 0.015707
5 95 0.009709
5 96 0.013699
5 97 0.008929
5 98 0.005556
5 99 0.031915
6 7 0.083333
6 8 0.012500
6 9 0.007194
6 10 0.030000
6 11 0.006479
6 12 0.016854
6 13 0.006479
6 14 0.010526
6 15 0.093750
6 16 0.012097
6 17 0.021739
6 18 0.007853
6 19 0.019868
6 20 0.011583
6 21 0.028846
6 22 0.008571
6 23 0.007614
6 24 0.007653
6 25 0.066667
6 26 0.009346
6 27 0.006944
6 28 0.009174
6 29 0.007958
6 30 0.008646
6 31 0.048387
6 32 0.010490
6 33 0.015544
6 34 0.024194
6 35 0.009063
6 36 0.008000
6 37 0.006289
6 38 0.009836
6 39 0.009554
6 40 0.008547
6 41 0.013453
6 42 0.007732
6 43 0.009967
6 44 0.016304
6 45 0.021277
6 46 0.010989
6 47 0.111111
6 48 0.014354
6 49 0.007026
6 50 0.125000
6 51 0.428571
6 52 0.005607
6 53 0.006466
6 54 0.007595
6 55 0.008824
6 56 0.010033
6 57 0.009317
6 58 0.011811
6 59 0.250000
6 60 0.017241
6 61 0.040000
6 62 0.034091
6 63 0.014085
6 64 0.007229
6 65 0.013699
6 66 0.011538
6 67 0.016667
6 68 0.007444
6 69 0.010274
6 70 0.014925
6 71 0.011450
6 72 0.008499
6 73 0.007812
6 74 0.010830
6 75 0.007299
6 76 0.011719
6 77 0.030928
6 78 0.007353
6 79 0.014634
6 80 0.013514
6 81 0.010676
6 82 0.012048
6 83 0.016043
6 84 0.007772
6 85 0.011407
6 86 0.111111
6 87 0.008086
6 88 0.008982
6 89 0.006993
6 90 0.006098
6 91 0.011152
6 92 0.008333
6 93 0.007792
6 94 0.020833
6 95 0.011538
6 96 0.016575
6 97 0.010381
6 98 0.005952
6 99 0.023438
7 8 0.012048
7 9 0.007634
7 10 0.022388
7 11 0.006682
7 12 0.019108
7 13 0.006637
7 14 0.009740
7 15 0.046154
7 16 0.014085
7 17 0.028846
7 18 0.007692
7 19 0.016760
7 20 0.013393
7 21 0.024194
7 22 0.008876
7 23 0.007519
7 24 0.007772
7 25 0.071429
7 26 0.010453
7 27 0.007009
7 28 0.009346
7 29 0.008621
7 30 0.008287
7 31 0.051724
7 32 0.011538
7 33 0.018868
7 34 0.028302
7 35 0.008523
7 36 0.008043
7 37 0.006369
7 38 0.009836
7 39 0.008955
7 40 0.008108
7 41 0.015228
7 42 0.007299
7 43 0.010909
7 44 0.015707
7 45 0.017341
7 46 0.010490
7 47 0.055556
7 48 0.016949
7 49 0.007042
7 50 0.055556
7 51 0.096774
7 52 0.005703
7 53 0.006608
7 54 0.008197
7 55 0.008264
7 56 0.011070
7 57 0.010345
7 58 0.011765
7 59 0.065217
7 60 0.021583
7 61 0.028037
7 62 0.039474
7 63 0.015228
7 64 0.007407
7 65 0.015544
7 66 0.012500
7 67 0.018293
7 68 0.007444
7 69 0.010204
7 70 0.015464
7 71 0.010601
7 72 0.009259
7 73 0.008152
7 74 0.012146
7 75 0.007557
7 76 0.013514
7 77 0.023256
7 78 0.007692
7 79 0.013575
7 80 0.014563
7 81 0.009868
7 82 0.011070
7 83 0.018634
7 84 0.007389
7 85 0.012448
7 86 0.272727
7 87 0.008130
7 88 0.008596
7 89 0.006928
7 90 0.006224
7 91 0.010135
7 92 0.007812
7 93 0.008380
7 94 0.027273
7 95 0.013100
7 96 0.017143
7 97 0.011236
7 98 0.006036
7 99 0.018405
8 9 0.008746
8 10 0.014493
8 11 0.009677
8 12 0.015625
8 13 0.010381
8 14 0.023438
8 15 0.012048
8 16 0.008547
8 17 0.009554
8 18 0.020979
8 19 0.019868
8 20 0.008621
8 21 0.009146
8 22 0.015075
8 23 0.019108
8 24 0.015625
8 25 0.014423
8 26 0.007673
8 27 0.013514
8 28 0.021583
8 29 0.008310
8 30 0.024194
8 31 0.010000
8 32 0.011152
8 33 0.010000
8 34 0.016393
8 35 0.020833
8 36 0.018182
8 37 0.010989
8 38 0.031579
8 39 0.022388
8 40 0.020270
8 41 0.012448
8 42 0.014563
8 43 0.010791
8 44 0.050000
8 45 0.016484
8 46 0.065217
8 47 0.013889
8 48 0.010909
8 49 0.014493
8 50 0.013699
8 51 0.012245
8 52 0.008746
8 53 0.010490
8 54 0.008021
8 55 0.017241
8 56 0.010239
8 57 0.008242
8 58 0.050000
8 59 0.012931
8 60 0.009231
8 61 0.011152
8 62 0.009259
8 63 0.018405
8 64 0.012658
8 65 0.012876
8 66 0.014778
8 67 0.018519
8 68 0.016949
8 69 0.041096
8 70 0.026316
8 71 0.029703
8 72 0.008824
8 73 0.011765
8 74 0.010101
8 75 0.011407
8 76 0.008646
8 77 0.015544
8 78 0.010453
8 79 0.047619
8 80 0.017857
8 81 0.023622
8 82 0.028846
8 83 0.013575
8 84 0.016043
8 85 0.013393
8 86 0.012000
8 87 0.019108
8 88 0.027027
8 89 0.015385
8 90 0.009772
8 91 0.018405
8 92 0.015385
8 93 0.008671
8 94 0.010526
8 95 0.010101
8 96 0.026316
8 97 0.012500
8 98 0.009836
8 99 0.012766
9 10 0.006438
9 11 0.020833
9 12 0.012552
9 13 0.016129
9 14 0.006383
9 15 0.006726
9 16 0.011364
9 17 0.008499
9 18 0.008130
9 19 0.006667
9 20 0.012245
9 21 0.005814
9 22 0.018519
9 23 0.008721
9 24 0.012876
9 25 0.008021
9 26 0.013453
9 27 0.011450
9 28 0.013100
9 29 0.032258
9 30 0.006993
9 31 0.006772
9 32 0.022222
9 33 0.011029
9 34 0.010169
9 35 0.006316
9 36 0.011673
9 37 0.011765
9 38 0.011029
9 39 0.006383
9 40 0.006424
9 41 0.015228
9 42 0.005660
9 43 0.025000
9 44 0.009036
9 45 0.006369
9 46 0.007937
9 47 0.007299
9 48 0.012876
9 49 0.010453
9 50 0.007229
9 51 0.007212
9 52 0.011905
9 53 0.015385
9 54 0.034091
9 55 0.005882
9 56 0.022727
9 57 0.016760
9 58 0.010563
9 59 0.007160
9 60 0.009259
9 61 0.006160
9 62 0.006711
9 63 0.013889
9 64 0.016043
9 65 0.015000
9 66 0.018405
9 67 0.012245
9 68 0.010067
9 69 0.010309
9 70 0.011765
9 71 0.006772
9 72 0.029412
9 73 0.027523
9 74 0.018293
9 75 0.022556
9 76 0.012097
9 77 0.006637
9 78 0.035294
9 79 0.007653
9 80 0.014493
9 81 0.006397
9 82 0.006726
9 83 0.012931
9 84 0.005988
9 85 0.019355
9 86 0.007463
9 87 0.011321
9 88 0.007143
9 89 0.008772
9 90 0.013761
9 91 0.005952
9 92 0.005682
9 93 0.050847
9 94 0.009554
9 95 0.016129
9 96 0.011029
9 97 0.023256
9 98 0.011719
9 99 0.005952
10 11 0.006186
10 12 0.012821
10 13 0.006316
10 14 0.014423
10 15 0.036585
10 16 0.008876
10 17 0.012658
10 18 0.008772
10 19 0.044118
10 20 0.008646
10 21 0.022059
10 22 0.008174
10 23 0.008287
10 24 0.007712
10 25 0.025862
10 26 0.007353
10 27 0.007075
10 28 0.009202
10 29 0.006757
10 30 0.010453
10 31 0.020134
10 32 0.008646
10 33 0.010638
10 34 0.016667
10 35 0.011673
10 36 0.008197
10 37 0.006329
10 38 0.010239
10 39 0.012552
10 40 0.010676
10 41 0.010417
10 42 0.009740
10 43 0.008310
10 44 0.018072
10 45 0.063830
10 46 0.013333
10 47 0.037037
10 48 0.010453
10 49 0.007282
10 50 0.037037
10 51 0.028037
10 52 0.005566
10 53 0.006329
10 54 0.006508
10 55 0.011628
10 56 0.008242
10 57 0.007463
10 58 0.012346
10 59 0.033708
10 60 0.011111
10 61 0.041096
10 62 0.016949
10 63 0.011952
10 64 0.007075
10 65 0.010638
10 66 0.009868
10 67 0.013514
10 68 0.007833
10 69 0.010949
10 70 0.013636
10 71 0.015707
10 72 0.007160
10 73 0.007282
10 74 0.008621
10 75 0.006928
10 76 0.008696
10 77 0.187500
10 78 0.006818
10 79 0.019737
10 80 0.011494
10 81 0.014706
10 82 0.017045
10 83 0.011905
10 84 0.009615
10 85 0.009585
10 86 0.023810
10 87 0.008357
10 88 0.010870
10 89 0.007500
10 90 0.006012
10 91 0.016575
10 92 0.010830
10 93 0.006742
10 94 0.012658
10 95 0.008955
10 96 0.015000
10 97 0.008850
10 98 0.005952
10 99 0.076923
11 12 0.010169
11 13 0.063830
11 14 0.007059
11 15 0.006148
11 16 0.007937
11 17 0.006818
11 18 0.010714
11 19 0.006682
11 20 0.008310
11 21 0.005291
11 22 0.025424
11 23 0.012048
11 24 0.022059
11 25 0.007160
11 26 0.008475
11 27 0.020833
11 28 0.017442
11 29 0.012876
11 30 0.008380
11 31 0.005941
11 32 0.013043
11 33 0.008130
11 34 0.008746
11 35 0.007229
11 36 0.017964
11 37 0.025000
11 38 0.013761
11 39 0.007229
11 40 0.007500
11 41 0.010791
11 42 0.006536
11 43 0.013636
11 44 0.009231
11 45 0.006303
11 46 0.009063
11 47 0.006667
11 48 0.009231
11 49 0.017241
11 50 0.006608
11 51 0.006452
11 52 0.027273
11 53 0.052632
11 54 0.013043
11 55 0.006637
11 56 0.012448
11 57 0.009677
11 58 0.011811
11 59 0.006494
11 60 0.007143
11 61 0.005725
11 62 0.005814
11 63 0.011905
11 64 0.037500
11 65 0.010830
11 66 0.014085
11 67 0.010526
11 68 0.015385
11 69 0.012448
11 70 0.011236
11 71 0.007444
11 72 0.012821
11 73 0.036585
11 74 0.011029
11 75 0.056604
11 76 0.008264
11 77 0.006397
11 78 0.041096
11 79 0.008086
11 80 0.012346
11 81 0.007059
11 82 0.007299
11 83 0.009967
11 84 0.007042
11 85 0.013575
11 86 0.006579
11 87 0.016949
11 88 0.008499
11 89 0.012876
11 90 0.040000
11 91 0.006397
11 92 0.006438
11 93 0.015152
11 94 0.007538
11 95 0.010239
11 96 0.010417
11 97 0.015000
11 98 0.026316
11 99 0.005769
12 13 0.009901
12 14 0.009836
12 15 0.014493
12 16 0.018750
12 17 0.019355
12 18 0.009804
12 19 0.012931
12 20 0.019231
12 21 0.010753
12 22 0.015707
12 23 0.009934
12 24 0.011811
12 25 0.022222
12 26 0.014778
12 27 0.010033
12 28 0.015464
12 29 0.014218
12 30 0.009554
12 31 0.014151
12 32 0.026316
12 33 0.026549
12 34 0.053571
12 35 0.009036
12 36 0.012048
12 37 0.009009
12 38 0.015228
12 39 0.009375
12 40 0.008850
12 41 0.051724
12 42 0.007595
12 43 0.023438
12 44 0.020690
12 45 0.012097
12 46 0.012605
12 47 0.017442
12 48 0.035714
12 49 0.009901
12 50 0.017045
12 51 0.016854
12 52 0.007895
12 53 0.009804
12 54 0.013158
12 55 0.008380
12 56 0.022901
12 57 0.016393
12 58 0.018750
12 59 0.016667
12 60 0.020000
12 61 0.012097
12 62 0.013514
12 63 0.060000
12 64 0.011538
12 65 0.058824
12 66 0.035714
12 67 0.100000
12 68 0.010417
12 69 0.015306
12 70 0.036585
12 71 0.010870
12 72 0.016129
12 73 0.014085
12 74 0.025000
12 75 0.012295
12 76 0.019231
12 77 0.013636
12 78 0.012876
12 79 0.014354
12 80 0.053571
12 81 0.009934
12 82 0.011070
12 83 0.103448
12 84 0.007937
12 85 0.035294
12 86 0.018072
12 87 0.012048
12 88 0.009967
12 89 0.009146
12 90 0.008955
12 91 0.009375
12 92 0.007895
12 93 0.014151
12 94 0.026087
12 95 0.026549
12 96 0.037975
12 97 0.027027
12 98 0.008427
12 99 0.011029
13 14 0.007576
13 15 0.006173
13 16 0.007444
13 17 0.006623
13 18 0.012448
13 19 0.006928
13 20 0.007752
13 21 0.005300
13 22 0.026316
13 23 0.014354
13 24 0.029412
13 25 0.007160
13 26 0.007772
13 27 0.029703
13 28 0.019737
13 29 0.011111
13 30 0.009317
13 31 0.005894
13 32 0.011811
13 33 0.007752
13 34 0.008646
13 35 0.007853
13 36 0.022388
13 37 0.041096
13 38 0.015464
13 39 0.007812
13 40 0.008219
13 41 0.010204
13 42 0.007109
13 43 0.012195
13 44 0.009646
13 45 0.006494
13 46 0.009868
13 47 0.006696
13 48 0.008721
13 49 0.022901
13 50 0.006637
13 51 0.006452
13 52 0.037975
13 53 0.272727
13 54 0.011111
13 55 0.007143
13 56 0.011152
13 57 0.008772
13 58 0.012712
13 59 0.006508
13 60 0.006865
13 61 0.005780
13 62 0.005747
13 63 0.011719
13 64 0.057692
13 65 0.010274
13 66 0.013333
13 67 0.010381
13 68 0.019355
13 69 0.013889
13 70 0.011407
13 71 0.007958
13 72 0.011152
13 73 0.029412
13 74 0.010067
13 75 0.045455
13 76 0.007712
13 77 0.006536
13 78 0.028302
13 79 0.008547
13 80 0.012048
13 81 0.007576
13 82 0.007792
13 83 0.009585
13 84 0.007712
13 85 0.012658
13 86 0.006550
13 87 0.020833
13 88 0.009404
13 89 0.015789
13 90 0.083333
13 91 0.006772
13 92 0.006944
13 93 0.012712
13 94 0.007282
13 95 0.009464
13 96 0.010601
13 97 0.013636
13 98 0.042254
13 99 0.005894
14 15 0.010714
14 16 0.006550
14 17 0.007595
14 18 0.016484
14 19 0.021277
14 20 0.006550
14 21 0.008746
14 22 0.009375
14 23 0.014085
14 24 0.010169
14 25 0.011111
14 26 0.005917
14 27 0.009646
14 28 0.011765
14 29 0.006148
14 30 0.030000
14 31 0.008721
14 32 0.007614
14 33 0.007444
14 34 0.010753
14 35 0.058824
14 36 0.011407
14 37 0.008242
14 38 0.014423
14 39 0.090909
14 40 0.038462
14 41 0.008357
14 42 0.028846
14 43 0.007444
14 44 0.018750
14 45 0.018293
14 46 0.031579
14 47 0.011583
14 48 0.007772
14 49 0.010417
14 50 0.011494
14 51 0.010309
14 52 0.006881
14 53 0.007673
14 54 0.005988
14 55 0.052632
14 56 0.007177
14 57 0.006198
14 58 0.016043
14 59 0.010949
14 60 0.007212
14 61 0.010714
14 62 0.008065
14 63 0.010526
14 64 0.008646
14 65 0.008547
14 66 0.009119
14 67 0.010830
14 68 0.011719
14 69 0.016129
14 70 0.012712
14 71 0.100000
14 72 0.006438
14 73 0.007937
14 74 0.007177
14 75 0.007874
14 76 0.006565
14 77 0.014925
14 78 0.007317
14 79 0.030612
14 80 0.010309
14 81 0.600000
14 82 0.081081
14 83 0.009009
14 84 0.028571
14 85 0.008596
14 86 0.009836
14 87 0.011811
14 88 0.031915
14 89 0.011952
14 90 0.007371
14 91 0.056604
14 92 0.038462
14 93 0.006329
14 94 0.007979
14 95 0.007229
14 96 0.013100
14 97 0.008197
14 98 0.007576
14 99 0.013889
15 16 0.010830
15 17 0.018182
15 18 0.007673
15 19 0.021277
15 20 0.010381
15 21 0.036585
15 22 0.008043
15 23 0.007407
15 24 0.007299
15 25 0.041667
15 26 0.008547
15 27 0.006667
15 28 0.008671
15 29 0.007353
15 30 0.008596
15 31 0.044118
15 32 0.009494
15 33 0.013393
15 34 0.019737
15 35 0.009146
15 36 0.007634
15 37 0.006036
15 38 0.009346
15 39 0.009677
15 40 0.008571
15 41 0.011811
15 42 0.007853
15 43 0.009063
15 44 0.015306
15 45 0.023810
15 46 0.010791
15 47 0.076923
15 48 0.012500
15 49 0.006772
15 50 0.088235
15 51 0.085714
15 52 0.005396
15 53 0.006160
15 54 0.007059
15 55 0.009009
15 56 0.009119
15 57 0.008499
15 58 0.011111
15 59 0.111111
15 60 0.014851
15 61 0.068182
15 62 0.031250
15 63 0.012552
15 64 0.006865
15 65 0.012048
15 66 0.010417
15 67 0.014563
15 68 0.007177
15 69 0.009804
15 70 0.013393
15 71 0.011538
15 72 0.007833
15 73 0.007317
15 74 0.009740
15 75 0.006881
15 76 0.010490
15 77 0.036585
15 78 0.006912
15 79 0.014493
15 80 0.012048
15 81 0.010870
15 82 0.012195
15 83 0.013825
15 84 0.007833
15 85 0.010309
15 86 0.053571
15 87 0.007732
15 88 0.008902
15 89 0.006787
15 90 0.005837
15 91 0.011583
15 92 0.008499
15 93 0.007229
15 94 0.017241
15 95 0.010309
15 96 0.014778
15 97 0.009434
15 98 0.005714
15 99 0.029126
16 17 0.024390
16 18 0.006508
16 19 0.008287
16 20 0.150000
16 21 0.009404
16 22 0.009740
16 23 0.006608
16 24 0.007772
16 25 0.013453
16 26 0.038462
16 27 0.006977
16 28 0.008955
16 29 0.016216
16 30 0.006342
16 31 0.012500
16 32 0.020000
16 33 0.051724
16 34 0.016575
16 35 0.006135
16 36 0.007712
16 37 0.006623
16 38 0.008596
16 39 0.006303
16 40 0.006036
16 41 0.024390
16 42 0.005435
16 43 0.018868
16 44 0.009967
16 45 0.008152
16 46 0.007576
16 47 0.011583
16 48 0.038961
16 49 0.006803
16 50 0.011494
16 51 0.012346
16 52 0.006237
16 53 0.007317
16 54 0.015000
16 55 0.005848
16 56 0.021739
16 57 0.030612
16 58 0.009434
16 59 0.011719
16 60 0.036145
16 61 0.009404
16 62 0.013043
16 63 0.015075
16 64 0.008021
16 65 0.023256
16 66 0.015544
16 67 0.015789
16 68 0.006944
16 69 0.008523
16 70 0.012448
16 71 0.006993
16 72 0.018072
16 73 0.009934
16 74 0.028037
16 75 0.008876
16 76 0.176471
16 77 0.009119
16 78 0.009804
16 79 0.008310
16 80 0.015075
16 81 0.006593
16 82 0.007092
16 83 0.022727
16 84 0.005597
16 85 0.017241
16 86 0.013514
16 87 0.007673
16 88 0.006508
16 89 0.006316
16 90 0.006834
16 91 0.006438
16 92 0.005607
16 93 0.014286
16 94 0.028846
16 95 0.034884
16 96 0.012605
16 97 0.016216
16 98 0.006410
16 99 0.008065
17 18 0.006726
17 19 0.010870
17 20 0.021583
17 21 0.015228
17 22 0.008721
17 23 0.006696
17 24 0.007335
17 25 0.023077
17 26 0.015000
17 27 0.006623
17 28 0.008621
17 29 0.010381
17 30 0.006897
17 31 0.025424
17 32 0.013575
17 33 0.035714
17 34 0.022388
17 35 0.006897
17 36 0.007444
17 37 0.006148
17 38 0.008696
17 39 0.007160
17 40 0.006667
17 41 0.018405
17 42 0.006036
17 43 0.012821
17 44 0.011719
17 45 0.010949
17 46 0.008427
17 47 0.019231
17 48 0.024793
17 49 0.006565
17 50 0.019108
17 51 0.022556
17 52 0.005650
17 53 0.006550
17 54 0.009804
17 55 0.006637
17 56 0.013514
17 57 0.014019
17 58 0.009967
17 59 0.020134
17 60 0.073171
17 61 0.014706
17 62 0.027778
17 63 0.014634
17 64 0.007246
17 65 0.018293
17 66 0.013100
17 67 0.016854
17 68 0.006818
17 69 0.008824
17 70 0.013333
17 71 0.008130
17 72 0.011236
17 73 0.008380
17 74 0.015625
17 75 0.007653
17 76 0.022059
17 77 0.012987
17 78 0.008065
17 79 0.009934
17 80 0.014218
17 81 0.007653
17 82 0.008357
17 83 0.021277
17 84 0.006148
17 85 0.013699
17 86 0.026786
17 87 0.007463
17 88 0.007109
17 89 0.006289
17 90 0.006160
17 91 0.007673
17 92 0.006342
17 93 0.009740
17 94 0.071429
17 95 0.017647
17 96 0.014085
17 97 0.012397
17 98 0.005894
17 99 0.011278
18 19 0.010753
18 20 0.006608
18 21 0.006397
18 22 0.014423
18 23 0.085714
18 24 0.020548
18 25 0.008596
18 26 0.006186
18 27 0.020833
18 28 0.020690
18 29 0.007160
18 30 0.033708
18 31 0.006787
18 32 0.008671
18 33 0.007177
18 34 0.009585
18 35 0.019868
18 36 0.025862
18 37 0.015544
18 38 0.026316
18 39 0.018868
18 40 0.023256
18 41 0.008824
18 42 0.016393
18 43 0.008596
18 44 0.015000
18 45 0.009709
18 46 0.025424
18 47 0.008380
18 48 0.007792
18 49 0.025862
18 50 0.008287
18 51 0.007752
18 52 0.011321
18 53 0.012821
18 54 0.007009
18 55 0.015957
18 56 0.008108
18 57 0.006682
18 58 0.020408
18 59 0.008021
18 60 0.006652
18 61 0.007353
18 62 0.006452
18 63 0.011407
18 64 0.014851
18 65 0.008982
18 66 0.010676
18 67 0.010830
18 68 0.034483
18 69 0.027273
18 70 0.013333
18 71 0.017143
18 72 0.007426
18 73 0.011450
18 74 0.007812
18 75 0.012000
18 76 0.006608
18 77 0.009119
18 78 0.010274
18 79 0.015789
18 80 0.011407
18 81 0.016304
18 82 0.015957
18 83 0.009036
18 84 0.020134
18 85 0.009901
18 86 0.007653
18 87 0.028037
18 88 0.033333
18 89 0.042857
18 90 0.012346
18 91 0.012821
18 92 0.015228
18 93 0.007614
18 94 0.007264
18 95 0.007653
18 96 0.012766
18 97 0.009740
18 98 0.013453
18 99 0.008219
19 20 0.008152
19 21 0.014706
19 22 0.009036
19 23 0.009967
19 24 0.008798
19 25 0.020408
19 26 0.007059
19 27 0.008065
19 28 0.010638
19 29 0.006803
19 30 0.013636
19 31 0.014423
19 32 0.008772
19 33 0.009836
19 34 0.016043
19 35 0.015789
19 36 0.009524
19 37 0.007075
19 38 0.012295
19 39 0.017442
19 40 0.014085
19 41 0.010345
19 42 0.012397
19 43 0.008475
19 44 0.024000
19 45 0.096774
19 46 0.018519
19 47 0.023810
19 48 0.009967
19 49 0.008403
19 50 0.023622
19 51 0.019108
19 52 0.006098
19 53 0.006961
19 54 0.006565
19 55 0.015625
19 56 0.008287
19 57 0.007282
19 58 0.015228
19 59 0.021583
19 60 0.009836
19 61 0.021429
19 62 0.012766
19 63 0.012712
19 64 0.007853
19 65 0.010601
19 66 0.010381
19 67 0.014085
19 68 0.009146
19 69 0.013453
19 70 0.015306
19 71 0.024390
19 72 0.007212
19 73 0.007853
19 74 0.008523
19 75 0.007538
19 76 0.008197
19 77 0.049180
19 78 0.007282
19 79 0.032967
19 80 0.012245
19 81 0.021898
19 82 0.027523
19 83 0.011719
19 84 0.012245
19 85 0.009901
19 86 0.017241
19 87 0.009740
19 88 0.014354
19 89 0.008824
19 90 0.006608
19 91 0.025210
19 92 0.014151
19 93 0.006881
19 94 0.011236
19 95 0.008772
19 96 0.016760
19 97 0.009174
19 98 0.006593
19 99 0.034884
20 21 0.008982
20 22 0.010169
20 23 0.006742
20 24 0.008043
20 25 0.012931
20 26 0.047619
20 27 0.007194
20 28 0.009231
20 29 0.018182
20 30 0.006383
20 31 0.011765
20 32 0.022388
20 33 0.045455
20 34 0.016393
20 35 0.006148
20 36 0.007937
20 37 0.006849
20 38 0.008798
20 39 0.006316
20 40 0.006061
20 41 0.026316
20 42 0.005445
20 43 0.021127
20 44 0.010000
20 45 0.008000
20 46 0.007614
20 47 0.011152
20 48 0.041096
20 49 0.006993
20 50 0.011070
20 51 0.011765
20 52 0.006452
20 53 0.007614
20 54 0.016667
20 55 0.005848
20 56 0.024793
20 57 0.037975
20 58 0.009615
20 59 0.011236
20 60 0.030000
20 61 0.009063
20 62 0.012195
20 63 0.015625
20 64 0.008357
20 65 0.024793
20 66 0.016575
20 67 0.016129
20 68 0.007126
20 69 0.008696
20 70 0.012712
20 71 0.006993
20 72 0.020408
20 73 0.010490
20 74 0.033333
20 75 0.009317
20 76 0.750000
20 77 0.008902
20 78 0.010381
20 79 0.008310
20 80 0.015625
20 81 0.006593
20 82 0.007092
20 83 0.023438
20 84 0.005618
20 85 0.018634
20 86 0.012821
20 87 0.007874
20 88 0.006565
20 89 0.006452
20 90 0.007092
20 91 0.006397
20 92 0.005618
20 93 0.015707
20 94 0.025862
20 95 0.042254
20 96 0.012766
20 97 0.017647
20 98 0.006637
20 99 0.007853
21 22 0.006623
21 23 0.006198
21 24 0.006098
21 25 0.020270
21 26 0.007576
21 27 0.005639
21 28 0.007026
21 29 0.006383
21 30 0.007126
21 31 0.037500
21 32 0.007833
21 33 0.011029
21 34 0.013274
21 35 0.007634
21 36 0.006329
21 37 0.005190
21 38 0.007463
21 39 0.008000
21 40 0.007194
21 41 0.009375
21 42 0.006772
21 43 0.007538
21 44 0.010870
21 45 0.016575
21 46 0.008475
21 47 0.025000
21 48 0.010101
21 49 0.005725
21 50 0.026087
21 51 0.029126
21 52 0.004710
21 53 0.005291
21 54 0.006160
21 55 0.007634
21 56 0.007634
21 57 0.007407
21 58 0.008547
21 59 0.028302
21 60 0.012658
21 61 0.046875
21 62 0.032609
21 63 0.009494
21 64 0.005803
21 65 0.009494
21 66 0.008287
21 67 0.010601
21 68 0.006024
21 69 0.007752
21 70 0.009868
21 71 0.009202
21 72 0.006742
21 73 0.006160
21 74 0.008152
21 75 0.005837
21 76 0.009063
21 77 0.020690
21 78 0.005882
21 79 0.010676
21 80 0.009231
21 81 0.008850
21 82 0.009615
21 83 0.010526
21 84 0.006696
21 85 0.008264
21 86 0.026087
21 87 0.006397
21 88 0.007335
21 89 0.005747
21 90 0.005051
21 91 0.009585
21 92 0.007299
21 93 0.006237
21 94 0.013575
21 95 0.008596
21 96 0.010601
21 97 0.007692
21 98 0.004950
21 99 0.022222
22 23 0.016304
22 24 0.036585
22 25 0.009804
22 26 0.009772
22 27 0.024194
22 28 0.044118
22 29 0.013825
22 30 0.011152
22 31 0.007595
22 32 0.018182
22 33 0.010563
22 34 0.012821
22 35 0.009404
22 36 0.030303
22 37 0.020548
22 38 0.026087
22 39 0.009494
22 40 0.009709
22 41 0.015707
22 42 0.008108
22 43 0.018519
22 44 0.014423
22 45 0.008357
22 46 0.013274
22 47 0.008955
22 48 0.012397
22 49 0.021277
22 50 0.008824
22 51 0.008523
22 52 0.015873
22 53 0.025862
22 54 0.013393
22 55 0.008451
22 56 0.016216
22 57 0.011321
22 58 0.021429
22 59 0.008621
22 60 0.009036
22 61 0.007353
22 62 0.007335
22 63 0.020833
22 64 0.042857
22 65 0.016043
22 66 0.025210
22 67 0.017045
22 68 0.021127
22 69 0.022222
22 70 0.019868
22 71 0.010135
22 72 0.014563
22 73 0.051724
22 74 0.014354
22 75 0.044776
22 76 0.010135
22 77 0.008523
22 78 0.032967
22 79 0.011673
22 80 0.022059
22 81 0.009375
22 82 0.009934
22 83 0.014634
22 84 0.008798
22 85 0.022222
22 86 0.008696
22 87 0.028302
22 88 0.011494
22 89 0.015957
22 90 0.020690
22 91 0.008310
22 92 0.008065
22 93 0.015873
22 94 0.009901
22 95 0.013333
22 96 0.017442
22 97 0.023810
22 98 0.018072
22 99 0.007444
23 24 0.025862
23 25 0.008380
23 26 0.006356
23 27 0.027273
23 28 0.023810
23 29 0.007519
23 30 0.024590
23 31 0.006623
23 32 0.009063
23 33 0.007246
23 34 0.009524
23 35 0.016216
23 36 0.034091
23 37 0.018868
23 38 0.028302
23 39 0.015625
23 40 0.018405
23 41 0.009036
23 42 0.013825
23 43 0.009009
23 44 0.014218
23 45 0.009063
23 46 0.021277
23 47 0.008086
23 48 0.007937
23 49 0.036585
23 50 0.008021
23 51 0.007519
23 52 0.012987
23 53 0.014925
23 54 0.007371
23 55 0.013514
23 56 0.008451
23 57 0.006897
23 58 0.020270
23 59 0.007752
23 60 0.006667
23 61 0.007059
23 62 0.006316
23 63 0.011719
23 64 0.017544
23 65 0.009202
23 66 0.011194
23 67 0.010949
23 68 0.055556
23 69 0.027523
23 70 0.013393
23 71 0.014778
23 72 0.007792
23 73 0.012712
23 74 0.008065
23 75 0.013575
23 76 0.006742
23 77 0.008621
23 78 0.011321
23 79 0.014218
23 80 0.011765
23 81 0.013953
23 82 0.013889
23 83 0.009174
23 84 0.016393
23 85 0.010345
23 86 0.007463
23 87 0.037500
23 88 0.024390
23 89 0.075000
23 90 0.014354
23 91 0.011321
23 92 0.012987
23 93 0.008043
23 94 0.007264
23 95 0.007874
23 96 0.012712
23 97 0.010239
23 98 0.015873
23 99 0.007772
24 25 0.008571
24 26 0.007732
24 27 0.066667
24 28 0.045455
24 29 0.010101
24 30 0.013453
24 31 0.006772
24 32 0.012245
24 33 0.008427
24 34 0.010490
24 35 0.010676
24 36 0.090909
24 37 0.034884
24 38 0.030612
24 39 0.010601
24 40 0.011321
24 41 0.011321
24 42 0.009259
24 43 0.012295
24 44 0.013393
24 45 0.008086
24 46 0.014706
24 47 0.008043
24 48 0.009524
24 49 0.050847
24 50 0.007958
24 51 0.007595
24 52 0.019868
24 53 0.030928
24 54 0.009934
24 55 0.009404
24 56 0.011236
24 57 0.008646
24 58 0.020548
24 59 0.007752
24 60 0.007481
24 61 0.006818
24 62 0.006508
24 63 0.014706
24 64 0.052632
24 65 0.011538
24 66 0.015464
24 67 0.012931
24 68 0.045455
24 69 0.025210
24 70 0.015544
24 71 0.010870
24 72 0.010453
24 73 0.024194
24 74 0.010345
24 75 0.028302
24 76 0.008021
24 77 0.008043
24 78 0.019868
24 79 0.011765
24 80 0.015075
24 81 0.010169
24 82 0.010526
24 83 0.010989
24 84 0.010309
24 85 0.014085
24 86 0.007653
24 87 0.069767
24 88 0.013761
24 89 0.027273
24 90 0.026087
24 91 0.008772
24 92 0.009036
24 93 0.011236
24 94 0.008130
24 95 0.009868
24 96 0.014151
24 97 0.014563
24 98 0.026087
24 99 0.007126
25 26 0.010239
25 27 0.007673
25 28 0.010526
25 29 0.008850
25 30 0.009346
25 31 0.031579
25 32 0.012245
25 33 0.018072
25 34 0.037500
25 35 0.009585
25 36 0.008955
25 37 0.006897
25 38 0.011278
25 39 0.010135
25 40 0.009091
25 41 0.016393
25 42 0.008043
25 43 0.011538
25 44 0.020134
25 45 0.020408
25 46 0.012245
25 47 0.075000
25 48 0.017241
25 49 0.007752
25 50 0.069767
25 51 0.065217
25 52 0.006098
25 53 0.007126
25 54 0.008427
25 55 0.009202
25 56 0.011583
25 57 0.010381
25 58 0.013953
25 59 0.066667
25 60 0.018868
25 61 0.026316
25 62 0.025641
25 63 0.017751
25 64 0.008086
25 65 0.016854
25 66 0.013889
25 67 0.022222
25 68 0.008242
25 69 0.011811
25 70 0.018987
25 71 0.012245
25 72 0.009554
25 73 0.008824
25 74 0.012500
25 75 0.008174
25 76 0.013100
25 77 0.028302
25 78 0.008264
25 79 0.016484
25 80 0.016854
25 81 0.011278
25 82 0.012821
25 83 0.020548
25 84 0.008174
25 85 0.013699
25 86 0.068182
25 87 0.009063
25 88 0.009740
25 89 0.007634
25 90 0.006682
25 91 0.011450
25 92 0.008646
25 93 0.008721
25 94 0.024390
25 95 0.013393
25 96 0.021739
25 97 0.012195
25 98 0.006494
25 99 0.019868
26 27 0.006977
26 28 0.008621
26 29 0.022727
26 30 0.005882
26 31 0.009464
26 32 0.020833
26 33 0.023438
26 34 0.012552
26 35 0.005629
26 36 0.007538
26 37 0.006757
26 38 0.008086
26 39 0.005747
26 40 0.005576
26 41 0.019868
26 42 0.005034
26 43 0.020548
26 44 0.008621
26 45 0.006912
26 46 0.006881
26 47 0.009091
26 48 0.024000
26 49 0.006726
26 50 0.009036
26 51 0.009464
26 52 0.006494
26 53 0.007614
26 54 0.020833
26 55 0.005348
26 56 0.024590
26 57 0.066667
26 58 0.008596
26 59 0.009119
26 60 0.018750
26 61 0.007614
26 62 0.009772
26 63 0.013043
26 64 0.008197
26 65 0.018868
26 66 0.014634
26 67 0.012987
26 68 0.006787
26 69 0.007937
26 70 0.010830
26 71 0.006276
26 72 0.024590
26 73 0.010453
26 74 0.029703
26 75 0.009317
26 76 0.045455
26 77 0.007557
26 78 0.010638
26 79 0.007299
26 80 0.013216
26 81 0.005941
26 82 0.006342
26 83 0.017143
26 84 0.005199
26 85 0.016393
26 86 0.010101
26 87 0.007463
26 88 0.006024
26 89 0.006160
26 90 0.007126
26 91 0.005758
26 92 0.005155
26 93 0.018182
26 94 0.016854
26 95 0.031579
26 96 0.010714
26 97 0.016393
26 98 0.006593
26 99 0.006772
27 28 0.027778
27 29 0.009009
27 30 0.013100
27 31 0.006186
27 32 0.010417
27 33 0.007481
27 34 0.009091
27 35 0.010345
27 36 0.050847
27 37 0.056604
27 38 0.022901
27 39 0.010169
27 40 0.011070
27 41 0.009709
27 42 0.009202
27 43 0.010526
27 44 0.011583
27 45 0.007463
27 46 0.013333
27 47 0.007264
27 48 0.008333
27 49 0.096774
27 50 0.007194
27 51 0.006881
27 52 0.023810
27 53 0.032258
27 54 0.008902
27 55 0.009146
27 56 0.009740
27 57 0.007732
27 58 0.016484
27 59 0.007026
27 60 0.006726
27 61 0.006276
27 62 0.005964
27 63 0.012048
27 64 0.040000
27 65 0.009836
27 66 0.012605
27 67 0.010830
27 68 0.051724
27 69 0.020000
27 70 0.012712
27 71 0.010135
27 72 0.009231
27 73 0.019231
27 74 0.009036
27 75 0.023077
27 76 0.007177
27 77 0.007335
27 78 0.016854
27 79 0.010563
27 80 0.012295
27 81 0.009615
27 82 0.009772
27 83 0.009464
27 84 0.010274
27 85 0.011673
27 86 0.006928
27 87 0.046154
27 88 0.013216
27 89 0.033333
27 90 0.030000
27 91 0.008310
27 92 0.008850
27 93 0.009934
27 94 0.007264
27 95 0.008646
27 96 0.011811
27 97 0.012048
27 98 0.035294
27 99 0.006608
28 29 0.010909
28 30 0.014925
28 31 0.007937
28 32 0.014563
28 33 0.009967
28 34 0.013514
28 35 0.011952
28 36 0.053571
28 37 0.019868
28 38 0.062500
28 39 0.012048
28 40 0.012448
28 41 0.014085
28 42 0.009901
28 43 0.014493
28 44 0.018634
28 45 0.009646
28 46 0.018634
28 47 0.009740
28 48 0.011450
28 49 0.027273
28 50 0.009615
28 51 0.009091
28 52 0.014085
28 53 0.020134
28 54 0.010601
28 55 0.010417
28 56 0.013100
28 57 0.009677
28 58 0.035294
28 59 0.009317
28 60 0.008746
28 61 0.007979
28 62 0.007576
28 63 0.020690
28 64 0.030000
28 65 0.014493
28 66 0.020690
28 67 0.017647
28 68 0.030928
28 69 0.042857
28 70 0.023438
28 71 0.012876
28 72 0.011538
28 73 0.023810
28 74 0.012146
28 75 0.023622
28 76 0.009231
28 77 0.009646
28 78 0.018987
28 79 0.015000
28 80 0.021277
28 81 0.011765
28 82 0.012552
28 83 0.013953
28 84 0.010989
28 85 0.018072
28 86 0.009174
28 87 0.052632
28 88 0.015544
28 89 0.021277
28 90 0.017341
28 91 0.010067
28 92 0.009868
28 93 0.012000
28 94 0.009709
28 95 0.011628
28 96 0.020408
28 97 0.017964
28 98 0.016760
28 99 0.008357
29 30 0.006452
29 31 0.007634
29 32 0.030000
29 33 0.014563
29 34 0.011321
29 35 0.005976
29 36 0.009524
29 37 0.008929
29 38 0.009646
29 39 0.006073
29 40 0.006000
29 41 0.019108
29 42 0.005338
29 43 0.034483
29 44 0.008955
29 45 0.006550
29 46 0.007463
29 47 0.007937
29 48 0.017241
29 49 0.008451
29 50 0.007874
29 51 0.008000
29 52 0.008772
29 53 0.010753
29 54 0.166667
29 55 0.005607
29 56 0.037037
29 57 0.032967
29 58 0.009772
29 59 0.007853
29 60 0.011765
29 61 0.006652
29 62 0.007653
29 63 0.014423
29 64 0.011494
29 65 0.018405
29 66 0.018750
29 67 0.013158
29 68 0.008357
29 69 0.009231
29 70 0.011765
29 71 0.006522
29 72 0.115385
29 73 0.016760
29 74 0.029412
29 75 0.014286
29 76 0.017857
29 77 0.006977
29 78 0.018182
29 79 0.007500
29 80 0.015000
29 81 0.006173
29 82 0.006536
29 83 0.015464
29 84 0.005587
29 85 0.021277
29 86 0.008380
29 87 0.009317
29 88 0.006608
29 89 0.007407
29 90 0.009868
29 91 0.005825
29 92 0.005405
29 93 0.083333
29 94 0.011811
29 95 0.024590
29 96 0.011236
29 97 0.024590
29 98 0.008798
29 99 0.006224
30 31 0.007353
30 32 0.007895
30 33 0.007092
30 34 0.009836
30 35 0.047619
30 36 0.015707
30 37 0.010753
30 38 0.019108
30 39 0.041096
30 40 0.069767
30 41 0.008333
30 42 0.029126
30 43 0.007772
30 44 0.016667
30 45 0.012097
30 46 0.037500
30 47 0.009346
30 48 0.007557
30 49 0.014851
30 50 0.009259
30 51 0.008499
30 52 0.008523
30 53 0.009494
30 54 0.006303
30 55 0.030000
30 56 0.007426
30 57 0.006263
30 58 0.018519
30 59 0.008902
30 60 0.006696
30 61 0.008380
30 62 0.006912
30 63 0.010676
30 64 0.010791
30 65 0.008523
30 66 0.009615
30 67 0.010563
30 68 0.017442
30 69 0.021277
30 70 0.012821
30 71 0.029703
30 72 0.006726
30 73 0.009202
30 74 0.007282
30 75 0.009346
30 76 0.006397
30 77 0.010830
30 78 0.008380
30 79 0.020979
30 80 0.010563
30 81 0.029412
30 82 0.025862
30 83 0.008746
30 84 0.041096
30 85 0.008982
30 86 0.008287
30 87 0.016575
30 88 0.214286
30 89 0.019108
30 90 0.009146
30 91 0.019737
30 92 0.027027
30 93 0.006757
30 94 0.007371
30 95 0.007229
30 96 0.012712
30 97 0.008671
30 98 0.009646
30 99 0.009901
31 32 0.009677
31 33 0.015544
31 34 0.018405
31 35 0.007673
31 36 0.006993
31 37 0.005682
31 38 0.008310
31 39 0.008021
31 40 0.007299
31 41 0.012195
31 42 0.006711
31 43 0.009259
31 44 0.012346
31 45 0.015464
31 46 0.009009
31 47 0.034091
31 48 0.013699
31 49 0.006224
31 50 0.035294
31 51 0.053571
31 52 0.005146
31 53 0.005871
31 54 0.007317
31 55 0.007538
31 56 0.009434
31 57 0.009202
31 58 0.009677
31 59 0.041667
31 60 0.018987
31 61 0.031915
31 62 0.107143
31 63 0.011811
31 64 0.006494
31 65 0.012295
31 66 0.010169
31 67 0.013636
31 68 0.006536
31 69 0.008596
31 70 0.011952
31 71 0.009288
31 72 0.008130
31 73 0.007075
31 74 0.010274
31 75 0.006623
31 76 0.011905
31 77 0.020000
31 78 0.006742
31 79 0.011278
31 80 0.011450
31 81 0.008824
31 82 0.009709
31 83 0.014085
31 84 0.006726
31 85 0.010204
31 86 0.057692
31 87 0.007059
31 88 0.007595
31 89 0.006160
31 90 0.005566
31 91 0.009202
31 92 0.007160
31 93 0.007407
31 94 0.021127
31 95 0.011029
31 96 0.012931
31 97 0.009404
31 98 0.005415
31 99 0.017964
32 33 0.021127
32 34 0.017857
32 35 0.007282
32 36 0.011765
32 37 0.009804
32 38 0.012876
32 39 0.007463
32 40 0.007282
32 41 0.046875
32 42 0.006356
32 43 0.200000
32 44 0.012605
32 45 0.008357
32 46 0.009615
32 47 0.010563
32 48 0.030000
32 49 0.009901
32 50 0.010453
32 51 0.010526
32 52 0.009036
32 53 0.011494
32 54 0.025862
32 55 0.006772
32 56 0.120000
32 57 0.028571
32 58 0.013761
32 59 0.010345
32 60 0.015385
32 61 0.008380
32 62 0.009585
32 63 0.027273
32 64 0.013216
32 65 0.044118
32 66 0.044118
32 67 0.023256
32 68 0.010033
32 69 0.012397
32 70 0.018868
32 71 0.008219
32 72 0.039474
32 73 0.019608
32 74 0.065217
32 75 0.015873
32 76 0.022222
32 77 0.009009
32 78 0.018987
32 79 0.009901
32 80 0.029126
32 81 0.007653
32 82 0.008264
32 83 0.030000
32 84 0.006667
32 85 0.065217
32 86 0.011111
32 87 0.011583
32 88 0.008152
32 89 0.008696
32 90 0.010381
32 91 0.007177
32 92 0.006479
32 93 0.030000
32 94 0.016667
32 95 0.046875
32 96 0.017751
32 97 0.075000
32 98 0.009404
32 99 0.007792
33 34 0.024000
33 35 0.006881
33 36 0.008427
33 37 0.006993
33 38 0.009740
33 39 0.007109
33 40 0.006742
33 41 0.031915
33 42 0.006012
33 43 0.019355
33 44 0.012097
33 45 0.009677
33 46 0.008696
33 47 0.014778
33 48 0.068182
33 49 0.007335
33 50 0.014634
33 51 0.015873
33 52 0.006438
33 53 0.007634
33 54 0.013453
33 55 0.006550
33 56 0.021277
33 57 0.022388
33 58 0.011029
33 59 0.014925
33 60 0.056604
33 61 0.011278
33 62 0.015957
33 63 0.018987
33 64 0.008523
33 65 0.030928
33 66 0.018182
33 67 0.021127
33 68 0.007557
33 69 0.009740
33 70 0.015464
33 71 0.008021
33 72 0.016304
33 73 0.010381
33 74 0.027273
33 75 0.009288
33 76 0.046875
33 77 0.011029
33 78 0.010033
33 79 0.009804
33 80 0.018634
33 81 0.007500
33 82 0.008174
33 83 0.034483
33 84 0.006198
33 85 0.019868
33 86 0.017751
33 87 0.008403
33 88 0.007317
33 89 0.006865
33 90 0.007109
33 91 0.007335
33 92 0.006250
33 93 0.013333
33 94 0.057692
33 95 0.034483
33 96 0.015957
33 97 0.017751
33 98 0.006696
33 99 0.009494
34 35 0.009585
34 36 0.010870
34 37 0.008130
34 38 0.014019
34 39 0.010067
34 40 0.009259
34 41 0.027523
34 42 0.007979
34 43 0.016393
34 44 0.023810
34 45 0.015152
34 46 0.013274
34 47 0.025641
34 48 0.026316
34 49 0.009091
34 50 0.025000
34 51 0.024194
34 52 0.007109
34 53 0.008596
34 54 0.010638
34 55 0.008982
34 56 0.016216
34 57 0.013274
34 58 0.017857
34 59 0.024000
34 60 0.020979
34 61 0.015625
34 62 0.017045
34 63 0.032609
34 64 0.009967
34 65 0.029126
34 66 0.021898
34 67 0.051724
34 68 0.009677
34 69 0.014493
34 70 0.031579
34 71 0.012000
34 72 0.012500
34 73 0.011407
34 74 0.017751
34 75 0.010309
34 76 0.016484
34 77 0.017964
34 78 0.010526
34 79 0.016484
34 80 0.029703
34 81 0.010870
34 82 0.012346
34 83 0.041667
34 84 0.008264
34 85 0.021429
34 86 0.026549
34 87 0.010949
34 88 0.010274
34 89 0.008696
34 90 0.007937
34 91 0.010490
34 92 0.008427
34 93 0.011236
34 94 0.029126
34 95 0.019108
34 96 0.037500
34 97 0.017964
34 98 0.007614
34 99 0.013761
35 36 0.012048
35 37 0.008798
35 38 0.014634
35 39 0.157895
35 40 0.103448
35 41 0.007833
35 42 0.046875
35 43 0.007143
35 44 0.015873
35 45 0.014019
35 46 0.030000
35 47 0.009836
35 48 0.007229
35 49 0.011364
35 50 0.009772
35 51 0.008902
35 52 0.007246
35 53 0.007979
35 54 0.005825
35 55 0.076923
35 56 0.006881
35 57 0.005917
35 58 0.015306
35 59 0.009375
35 60 0.006608
35 61 0.009091
35 62 0.007177
35 63 0.009804
35 64 0.008929
35 65 0.008000
35 66 0.008696
35 67 0.009901
35 68 0.012821
35 69 0.016216
35 70 0.011673
35 71 0.043478
35 72 0.006224
35 73 0.007979
35 74 0.006818
35 75 0.008000
35 76 0.006160
35 77 0.012000
35 78 0.007335
35 79 0.022388
35 80 0.009646
35 81 0.054545
35 82 0.036145
35 83 0.008310
35 84 0.053571
35 85 0.008197
35 86 0.008571
35 87 0.012552
35 88 0.046875
35 89 0.013636
35 90 0.007712
35 91 0.030928
35 92 0.055556
35 93 0.006186
35 94 0.007264
35 95 0.006818
35 96 0.011811
35 97 0.007874
35 98 0.008043
35 99 0.011278
36 37 0.027523
36 38 0.041096
36 39 0.011952
36 40 0.012876
36 41 0.011236
36 42 0.010274
36 43 0.011765
36 44 0.014925
36 45 0.008696
36 46 0.017341
36 47 0.008451
36 48 0.009464
36 49 0.054545
36 50 0.008357
36 51 0.007916
36 52 0.016760
36 53 0.023438
36 54 0.009317
36 55 0.010453
36 56 0.010791
36 57 0.008357
36 58 0.024194
36 59 0.008108
36 60 0.007538
36 61 0.007143
36 62 0.006696
36 63 0.015000
36 64 0.034091
36 65 0.011450
36 66 0.015152
36 67 0.013333
36 68 0.066667
36 69 0.032258
36 70 0.016575
36 71 0.012245
36 72 0.009901
36 73 0.020270
36 74 0.010067
36 75 0.022222
36 76 0.007916
36 77 0.008547
36 78 0.016949
36 79 0.013158
36 80 0.015306
36 81 0.011364
36 82 0.011765
36 83 0.011111
36 84 0.011538
36 85 0.013761
36 86 0.007958
36 87 0.272727
36 88 0.016129
36 89 0.032967
36 90 0.020690
36 91 0.009646
36 92 0.010000
36 93 0.010453
36 94 0.008242
36 95 0.009677
36 96 0.015075
36 97 0.013889
36 98 0.021429
36 99 0.007557
37 38 0.016575
37 39 0.008646
37 40 0.009346
37 41 0.008929
37 42 0.008000
37 43 0.009967
37 44 0.009709
37 45 0.006608
37 46 0.010791
37 47 0.006536
37 48 0.007752
37 49 0.038462
37 50 0.006479
37 51 0.006250
37 52 0.041096
37 53 0.047619
37 54 0.008902
37 55 0.007916
37 56 0.009259
37 57 0.007481
37 58 0.012987
37 59 0.006342
37 60 0.006289
37 61 0.005703
37 62 0.005505
37 63 0.010563
37 64 0.037500
37 65 0.009009
37 66 0.011364
37 67 0.009554
37 68 0.027523
37 69 0.014925
37 70 0.010791
37 71 0.008596
37 72 0.009036
37 73 0.018868
37 74 0.008547
37 75 0.023810
37 76 0.006834
37 77 0.006550
37 78 0.017341
37 79 0.008929
37 80 0.010791
37 81 0.008219
37 82 0.008357
37 83 0.008596
37 84 0.008798
37 85 0.010676
37 86 0.006303
37 87 0.025641
37 88 0.010791
37 89 0.022901
37 90 0.053571
37 91 0.007246
37 92 0.007712
37 93 0.009901
37 94 0.006711
37 95 0.008152
37 96 0.010101
37 97 0.011194
37 98 0.093750
37 99 0.005941
38 39 0.014851
38 40 0.015306
38 41 0.013158
38 42 0.011628
38 43 0.012658
38 44 0.023256
38 45 0.010989
38 46 0.026316
38 47 0.010563
38 48 0.010989
38 49 0.024590
38 50 0.010381
38 51 0.009709
38 52 0.012048
38 53 0.015707
38 54 0.009346
38 55 0.012448
38 56 0.011673
38 57 0.008929
38 58 0.057692
38 59 0.010000
38 60 0.008671
38 61 0.008621
38 62 0.007874
38 63 0.019868
38 64 0.020979
38 65 0.013575
38 66 0.017964
38 67 0.017647
38 68 0.030612
38 69 0.130435
38 70 0.025000
38 71 0.016129
38 72 0.010204
38 73 0.017442
38 74 0.011070
38 75 0.017241
38 76 0.008798
38 77 0.010791
38 78 0.014634
38 79 0.018987
38 80 0.020000
38 81 0.014423
38 82 0.015544
38 83 0.013514
38 84 0.013100
38 85 0.015789
38 86 0.009709
38 87 0.044776
38 88 0.020270
38 89 0.022727
38 90 0.014151
38 91 0.011952
38 92 0.011628
38 93 0.010381
38 94 0.009709
38 95 0.010791
38 96 0.022388
38 97 0.015306
38 98 0.014151
38 99 0.009259
39 40 0.066667
39 41 0.008065
39 42 0.038462
39 43 0.007299
39 44 0.017143
39 45 0.015306
39 46 0.032258
39 47 0.010453
39 48 0.007463
39 49 0.011111
39 50 0.010345
39 51 0.009375
39 52 0.007160
39 53 0.007937
39 54 0.005917
39 55 0.073171
39 56 0.007026
39 57 0.006048
39 58 0.015873
39 59 0.009901
39 60 0.006849
39 61 0.009646
39 62 0.007481
39 63 0.010135
39 64 0.008902
39 65 0.008242
39 66 0.008929
39 67 0.010309
39 68 0.012552
39 69 0.016575
39 70 0.012146
39 71 0.057692
39 72 0.006329
39 73 0.008021
39 74 0.006993
39 75 0.008021
39 76 0.006329
39 77 0.012931
39 78 0.007389
39 79 0.025424
39 80 0.009967
39 81 0.081081
39 82 0.046154
39 83 0.008621
39 84 0.040541
39 85 0.008403
39 86 0.009036
39 87 0.012448
39 88 0.042857
39 89 0.013100
39 90 0.007653
39 91 0.037037
39 92 0.049180
39 93 0.006276
39 94 0.007538
39 95 0.007009
39 96 0.012397
39 97 0.008043
39 98 0.007937
39 99 0.012097
40 41 0.007732
40 42 0.047619
40 43 0.007160
40 44 0.015152
40 45 0.012552
40 46 0.029412
40 47 0.009231
40 48 0.007109
40 49 0.012346
40 50 0.009174
40 51 0.008403
40 52 0.007634
40 53 0.008380
40 54 0.005871
40 55 0.050000
40 56 0.006865
40 57 0.005882
40 58 0.015464
40 59 0.008824
40 60 0.006438
40 61 0.008499
40 62 0.006849
40 63 0.009709
40 64 0.009375
40 65 0.007895
40 66 0.008696
40 67 0.009709
40 68 0.014019
40 69 0.016854
40 70 0.011494
40 71 0.032967
40 72 0.006237
40 73 0.008197
40 74 0.006772
40 75 0.008287
40 76 0.006073
40 77 0.010989
40 78 0.007538
40 79 0.020134
40 80 0.009585
40 81 0.037037
40 82 0.028571
40 83 0.008152
40 84 0.075000
40 85 0.008174
40 86 0.008152
40 87 0.013453
40 88 0.062500
40 89 0.015228
40 90 0.008108
40 91 0.024000
40 92 0.043478
40 93 0.006237
40 94 0.007059
40 95 0.006757
40 96 0.011538
40 97 0.007895
40 98 0.008523
40 99 0.010274
41 42 0.006726
41 43 0.037975
41 44 0.015075
41 45 0.009836
41 46 0.010490
41 47 0.013514
41 48 0.058824
41 49 0.009375
41 50 0.013333
41 51 0.013514
41 52 0.008043
41 53 0.010033
41 54 0.017241
41 55 0.007299
41 56 0.038961
41 57 0.023810
41 58 0.015000
41 59 0.013216
41 60 0.020833
41 61 0.010135
41 62 0.011952
41 63 0.037500
41 64 0.011583
41 65 0.375000
41 66 0.041096
41 67 0.036585
41 68 0.009709
41 69 0.012931
41 70 0.023622
41 71 0.009091
41 72 0.022727
41 73 0.015228
41 74 0.047619
41 75 0.012987
41 76 0.026316
41 77 0.010909
41 78 0.014354
41 79 0.011364
41 80 0.038462
41 81 0.008427
41 82 0.009202
41 83 0.078947
41 84 0.007042
41 85 0.051724
41 86 0.014563
41 87 0.011152
41 88 0.008646
41 89 0.008523
41 90 0.009119
41 91 0.007979
41 92 0.006944
41 93 0.018519
41 94 0.024590
41 95 0.052632
41 96 0.023077
41 97 0.037975
41 98 0.008451
41 99 0.009202
42 43 0.006250
42 44 0.011905
42 45 0.011407
42 46 0.018634
42 47 0.008287
42 48 0.006276
42 49 0.010067
42 50 0.008242
42 51 0.007614
42 52 0.006726
42 53 0.007229
42 54 0.005236
42 55 0.058824
42 56 0.006036
42 57 0.005272
42 58 0.011765
42 59 0.007958
42 60 0.005814
42 61 0.007895
42 62 0.006316
42 63 0.008152
42 64 0.007895
42 65 0.006849
42 66 0.007389
42 67 0.008197
42 68 0.011152
42 69 0.012500
42 70 0.009404
42 71 0.023438
42 72 0.005535
42 73 0.007009
42 74 0.005976
42 75 0.007092
42 76 0.005455
42 77 0.009934
42 78 0.006522
42 79 0.015385
42 80 0.008043
42 81 0.028037
42 82 0.021429
42 83 0.007075
42 84 0.085714
42 85 0.007026
42 86 0.007353
42 87 0.010638
42 88 0.027273
42 89 0.012195
42 90 0.007059
42 91 0.022727
42 92 0.085714
42 93 0.005525
42 94 0.006316
42 95 0.005976
42 96 0.009464
42 97 0.006803
42 98 0.007407
42 99 0.009646
43 44 0.012048
43 45 0.008065
43 46 0.009375
43 47 0.010067
43 48 0.026316
43 49 0.009934
43 50 0.009934
43 51 0.010000
43 52 0.009259
43 53 0.011858
43 54 0.029126
43 55 0.006652
43 56 0.125000
43 57 0.028846
43 58 0.013333
43 59 0.009868
43 60 0.014423
43 61 0.008043
43 62 0.009146
43 63 0.024793
43 64 0.013514
43 65 0.036145
43 66 0.040000
43 67 0.021127
43 68 0.010033
43 69 0.012097
43 70 0.017751
43 71 0.008000
43 72 0.046875
43 73 0.020690
43 74 0.056604
43 75 0.016575
43 76 0.020833
43 77 0.008646
43 78 0.020270
43 79 0.009554
43 80 0.026316
43 81 0.007481
43 82 0.008043
43 83 0.026087
43 84 0.006565
43 85 0.054545
43 86 0.010526
43 87 0.011538
43 88 0.008000
43 89 0.008696
43 90 0.010638
43 91 0.007009
43 92 0.006369
43 93 0.035294
43 94 0.015464
43 95 0.041096
43 96 0.016575
43 97 0.073171
43 98 0.009585
43 99 0.007519
44 45 0.019737
44 46 0.029703
44 47 0.018750
44 48 0.013216
44 49 0.012048
44 50 0.018293
44 51 0.015957
44 52 0.008021
44 53 0.009677
44 54 0.008571
44 55 0.014085
44 56 0.011494
44 57 0.009231
44 58 0.038462
44 59 0.017045
44 60 0.011152
44 61 0.013636
44 62 0.011278
44 63 0.023438
44 64 0.011538
44 65 0.015625
44 66 0.016949
44 67 0.025424
44 68 0.013453
44 69 0.026786
44 70 0.037037
44 71 0.022901
44 72 0.009585
44 73 0.011628
44 74 0.011583
44 75 0.010949
44 76 0.010033
44 77 0.020000
44 78 0.010381
44 79 0.046154
44 80 0.022059
44 81 0.019108
44 82 0.023622
44 83 0.017241
44 84 0.012658
44 85 0.015385
44 86 0.015625
44 87 0.015385
44 88 0.017964
44 89 0.012146
44 90 0.008982
44 91 0.016667
44 92 0.012766
44 93 0.009202
44 94 0.013158
44 95 0.011719
44 96 0.042857
44 97 0.013953
44 98 0.008876
44 99 0.015075
45 46 0.015625
45 47 0.025210
45 48 0.009646
45 49 0.007732
45 50 0.025210
45 51 0.020270
45 52 0.005747
45 53 0.006522
45 54 0.006329
45 55 0.014085
45 56 0.007937
45 57 0.007075
45 58 0.013274
45 59 0.023077
45 60 0.009836
45 61 0.025424
45 62 0.013514
45 63 0.011673
45 64 0.007317
45 65 0.010067
45 66 0.009677
45 67 0.012987
45 68 0.008380
45 69 0.011858
45 70 0.013699
45 71 0.020000
45 72 0.006928
45 73 0.007353
45 74 0.008197
45 75 0.007059
45 76 0.008043
45 77 0.066667
45 78 0.006865
45 79 0.024793
45 80 0.011278
45 81 0.018750
45 82 0.022388
45 83 0.011152
45 84 0.011194
45 85 0.009317
45 86 0.017964
45 87 0.008876
45 88 0.012658
45 89 0.008086
45 90 0.006211
45 91 0.022388
45 92 0.012987
45 93 0.006593
45 94 0.011152
45 95 0.008451
45 96 0.014925
45 97 0.008646
45 98 0.006186
45 99 0.053571
46 47 0.012146
46 48 0.009346
46 49 0.014634
46 50 0.011952
46 51 0.010791
46 52 0.008571
46 53 0.010033
46 54 0.007229
46 55 0.022388
46 56 0.008929
46 57 0.007335
46 58 0.031250
46 59 0.011364
46 60 0.008130
46 61 0.010274
46 62 0.008380
46 63 0.014423
46 64 0.011811
46 65 0.010791
46 66 0.012245
46 67 0.014423
46 68 0.017241
46 69 0.032609
46 70 0.018750
46 71 0.041096
46 72 0.007853
46 73 0.010563
46 74 0.008798
46 75 0.010453
46 76 0.007634
46 77 0.014085
46 78 0.009494
46 79 0.041096
46 80 0.014151
46 81 0.031579
46 82 0.036585
46 83 0.011278
46 84 0.021277
46 85 0.011278
46 86 0.010490
46 87 0.018293
46 88 0.045455
46 89 0.016667
46 90 0.009464
46 91 0.021583
46 92 0.019608
46 93 0.007772
46 94 0.009146
46 95 0.008772
46 96 0.018868
46 97 0.010676
46 98 0.009677
46 99 0.012146
47 48 0.014085
47 49 0.007389
47 50 0.600000
47 51 0.090909
47 52 0.005792
47 53 0.006682
47 54 0.007595
47 55 0.009554
47 56 0.010067
47 57 0.009146
47 58 0.012876
47 59 0.176471
47 60 0.015789
47 61 0.039474
47 62 0.026316
47 63 0.014851
47 64 0.007519
47 65 0.013825
47 66 0.011905
47 67 0.017647
47 68 0.007874
47 69 0.011111
47 70 0.016216
47 71 0.012712
47 72 0.008499
47 73 0.008065
47 74 0.010753
47 75 0.007538
47 76 0.011278
47 77 0.040000
47 78 0.007557
47 79 0.016760
47 80 0.014151
47 81 0.011765
47 82 0.013453
47 83 0.016216
47 84 0.008333
47 85 0.011719
47 86 0.061224
47 87 0.008547
47 88 0.009740
47 89 0.007371
47 90 0.006303
47 91 0.012295
47 92 0.008982
47 93 0.007833
47 94 0.019108
47 95 0.011407
47 96 0.018182
47 97 0.010601
47 98 0.006173
47 99 0.026316
48 49 0.008108
48 50 0.013889
48 51 0.014563
48 52 0.007092
48 53 0.008596
48 54 0.015707
48 55 0.006818
48 56 0.029412
48 57 0.026087
48 58 0.012448
48 59 0.013953
48 60 0.031250
48 61 0.010601
48 62 0.013699
48 63 0.024390
48 64 0.009677
48 65 0.053571
48 66 0.024390
48 67 0.026316
48 68 0.008380
48 69 0.010909
48 70 0.018293
48 71 0.008403
48 72 0.020000
48 73 0.012245
48 74 0.041096
48 75 0.010714
48 76 0.041667
48 77 0.010870
48 78 0.011765
48 79 0.010381
48 80 0.024194
48 81 0.007833
48 82 0.008547
48 83 0.054545
48 84 0.006508
48 85 0.027778
48 86 0.016043
48 87 0.009434
48 88 0.007792
48 89 0.007500
48 90 0.007916
48 91 0.007538
48 92 0.006494
48 93 0.015957
48 94 0.036585
48 95 0.056604
48 96 0.018519
48 97 0.023810
48 98 0.007407
48 99 0.009259
49 50 0.007317
49 51 0.006961
49 52 0.019868
49 53 0.024390
49 54 0.008333
49 55 0.009967
49 56 0.009231
49 57 0.007407
49 58 0.017241
49 59 0.007126
49 60 0.006637
49 61 0.006397
49 62 0.005988
49 63 0.011811
49 64 0.029412
49 65 0.009524
49 66 0.012048
49 67 0.010753
49 68 0.093750
49 69 0.021739
49 70 0.012766
49 71 0.010949
49 72 0.008696
49 73 0.016667
49 74 0.008646
49 75 0.019108
49 76 0.006977
49 77 0.007557
49 78 0.014706
49 79 0.011236
49 80 0.012000
49 81 0.010381
49 82 0.010526
49 83 0.009259
49 84 0.011364
49 85 0.011152
49 86 0.006977
49 87 0.052632
49 88 0.014925
49 89 0.050000
49 90 0.023438
49 91 0.008876
49 92 0.009646
49 93 0.009231
49 94 0.007177
49 95 0.008310
49 96 0.011905
49 97 0.011364
49 98 0.027523
49 99 0.006803
50 51 0.096774
50 52 0.005747
50 53 0.006623
50 54 0.007538
50 55 0.009494
50 56 0.009967
50 57 0.009091
50 58 0.012658
50 59 0.214286
50 60 0.015707
50 61 0.041096
50 62 0.027027
50 63 0.014563
50 64 0.007444
50 65 0.013636
50 66 0.011719
50 67 0.017241
50 68 0.007792
50 69 0.010949
50 70 0.015789
50 71 0.012552
50 72 0.008427
50 73 0.007979
50 74 0.010638
50 75 0.007463
50 76 0.011194
50 77 0.040000
50 78 0.007481
50 79 0.016484
50 80 0.013889
50 81 0.011673
50 82 0.013274
50 83 0.015957
50 84 0.008287
50 85 0.011538
50 86 0.062500
50 87 0.008451
50 88 0.009646
50 89 0.007299
50 90 0.006250
50 91 0.012195
50 92 0.008929
50 93 0.007772
50 94 0.018987
50 95 0.011278
50 96 0.017751
50 97 0.010453
50 98 0.006110
50 99 0.026786
51 52 0.005587
51 53 0.006424
51 54 0.007634
51 55 0.008671
51 56 0.010101
51 57 0.009404
51 58 0.011628
51 59 0.157895
51 60 0.017751
51 61 0.038462
51 62 0.036585
51 63 0.014019
51 64 0.007194
51 65 0.013761
51 66 0.011538
51 67 0.016575
51 68 0.007371
51 69 0.010135
51 70 0.014706
51 71 0.011152
51 72 0.008547
51 73 0.007792
51 74 0.010909
51 75 0.007282
51 76 0.011905
51 77 0.029126
51 78 0.007353
51 79 0.014218
51 80 0.013453
51 81 0.010417
51 82 0.011719
51 83 0.016129
51 84 0.007653
51 85 0.011450
51 86 0.136364
51 87 0.008000
51 88 0.008824
51 89 0.006912
51 90 0.006073
51 91 0.010870
51 92 0.008174
51 93 0.007833
51 94 0.021429
51 95 0.011673
51 96 0.016304
51 97 0.010381
51 98 0.005917
51 99 0.022388
52 53 0.040541
52 54 0.008850
52 55 0.006637
52 56 0.008671
52 57 0.007194
52 58 0.010101
52 59 0.005639
52 60 0.005814
52 61 0.005102
52 62 0.005025
52 63 0.009036
52 64 0.024793
52 65 0.008086
52 66 0.009901
52 67 0.008242
52 68 0.016575
52 69 0.011111
52 70 0.008982
52 71 0.007126
52 72 0.008746
52 73 0.016667
52 74 0.007979
52 75 0.020833
52 76 0.006424
52 77 0.005725
52 78 0.016667
52 79 0.007407
52 80 0.009231
52 81 0.006849
52 82 0.006961
52 83 0.007673
52 84 0.007282
52 85 0.009494
52 86 0.005639
52 87 0.016043
52 88 0.008547
52 89 0.014925
52 90 0.066667
52 91 0.006173
52 92 0.006508
52 93 0.009772
52 94 0.006122
52 95 0.007576
52 96 0.008475
52 97 0.010033
52 98 0.071429
52 99 0.005254
53 54 0.010753
53 55 0.007246
53 56 0.010870
53 57 0.008571
53 58 0.012821
53 59 0.006494
53 60 0.006787
53 61 0.005769
53 62 0.005714
53 63 0.011583
53 64 0.058824
53 65 0.010101
53 66 0.013043
53 67 0.010274
53 68 0.020408
53 69 0.014085
53 70 0.011364
53 71 0.008065
53 72 0.010830
53 73 0.027778
53 74 0.009836
53 75 0.041096
53 76 0.007595
53 77 0.006550
53 78 0.026087
53 79 0.008621
53 80 0.011905
53 81 0.007673
53 82 0.007874
53 83 0.009434
53 84 0.007853
53 85 0.012397
53 86 0.006522
53 87 0.021739
53 88 0.009585
53 89 0.016575
53 90 0.100000
53 91 0.006849
53 92 0.007042
53 93 0.012245
53 94 0.007212
53 95 0.009259
53 96 0.010563
53 97 0.013274
53 98 0.048387
53 99 0.005906
54 55 0.005474
54 56 0.030612
54 57 0.028571
54 58 0.009404
54 59 0.007519
54 60 0.011029
54 61 0.006410
54 62 0.007335
54 63 0.013453
54 64 0.011364
54 65 0.016667
54 66 0.017241
54 67 0.012295
54 68 0.008219
54 69 0.008929
54 70 0.011111
54 71 0.006342
54 72 0.069767
54 73 0.016484
54 74 0.025210
54 75 0.014218
54 76 0.016393
54 77 0.006711
54 78 0.018182
54 79 0.007246
54 80 0.013953
54 81 0.006000
54 82 0.006342
54 83 0.014218
54 84 0.005474
54 85 0.019231
54 86 0.007979
54 87 0.009119
54 88 0.006438
54 89 0.007299
54 90 0.009901
54 91 0.005671
54 92 0.005291
54 93 0.085714
54 94 0.011070
54 95 0.021583
54 96 0.010601
54 97 0.022059
54 98 0.008824
54 99 0.006012
55 56 0.006424
55 57 0.005597
55 58 0.013100
55 59 0.009146
55 60 0.006342
55 61 0.009091
55 62 0.007042
55 63 0.008929
55 64 0.008021
55 65 0.007444
55 66 0.007958
55 67 0.009091
55 68 0.011070
55 69 0.013575
55 70 0.010490
55 71 0.035294
55 72 0.005837
55 73 0.007264
55 74 0.006397
55 75 0.007264
55 76 0.005859
55 77 0.011905
55 78 0.006726
55 79 0.019608
55 80 0.008798
55 81 0.050000
55 82 0.031915
55 83 0.007752
55 84 0.046154
55 85 0.007557
55 86 0.008333
55 87 0.010830
55 88 0.029412
55 89 0.011719
55 90 0.007042
55 91 0.036585
55 92 0.136364
55 93 0.005780
55 94 0.006944
55 95 0.006410
55 96 0.010676
55 97 0.007264
55 98 0.007317
55 99 0.011494
56 57 0.037037
56 58 0.012346
56 59 0.009901
56 60 0.015544
56 61 0.008065
56 62 0.009404
56 63 0.022556
56 64 0.012245
56 65 0.036145
56 66 0.032609
56 67 0.020000
56 68 0.009317
56 69 0.011236
56 70 0.016484
56 71 0.007712
56 72 0.053571
56 73 0.017857
56 74 0.090909
56 75 0.014778
56 76 0.024390
56 77 0.008571
56 78 0.017751
56 79 0.009202
56 80 0.023622
56 81 0.007229
56 82 0.007752
56 83 0.026316
56 84 0.006329
56 85 0.042254
56 86 0.010676
56 87 0.010638
56 88 0.007634
56 89 0.008174
56 90 0.009868
56 91 0.006803
56 92 0.006160
56 93 0.034091
56 94 0.016393
56 95 0.054545
56 96 0.015625
56 97 0.047619
56 98 0.008929
56 99 0.007463
57 58 0.009434
57 59 0.009119
57 60 0.017045
57 61 0.007576
57 62 0.009346
57 63 0.014925
57 64 0.009317
57 65 0.022388
57 66 0.017647
57 67 0.014423
57 68 0.007444
57 69 0.008696
57 70 0.012000
57 71 0.006593
57 72 0.038462
57 73 0.012346
57 74 0.044118
57 75 0.010791
57 76 0.036585
57 77 0.007692
57 78 0.012605
57 79 0.007712
57 80 0.015228
57 81 0.006224
57 82 0.006637
57 83 0.019108
57 84 0.005474
57 85 0.020408
57 86 0.010000
57 87 0.008264
57 88 0.006410
57 89 0.006696
57 90 0.007958
57 91 0.005976
57 92 0.005386
57 93 0.024590
57 94 0.016216
57 95 0.042254
57 96 0.011719
57 97 0.020833
57 98 0.007299
57 99 0.006849
58 59 0.012097
58 60 0.009836
58 61 0.010135
58 62 0.009091
58 63 0.025000
58 64 0.016216
58 65 0.015544
58 66 0.019868
58 67 0.022901
58 68 0.020134
58 69 0.075000
58 70 0.037975
58 71 0.018750
58 72 0.010453
58 73 0.015306
58 74 0.011952
58 75 0.014634
58 76 0.009646
58 77 0.013158
58 78 0.013158
58 79 0.025641
58 80 0.024390
58 81 0.016216
58 82 0.018293
58 83 0.016043
58 84 0.012931
58 85 0.017341
58 86 0.011628
58 87 0.025210
58 88 0.020000
58 89 0.016760
58 90 0.011628
58 91 0.013453
58 92 0.012048
58 93 0.010345
58 94 0.011278
58 95 0.011811
58 96 0.033708
58 97 0.016129
58 98 0.011494
58 99 0.010909
59 60 0.016304
59 61 0.043478
59 62 0.030303
59 63 0.014085
59 64 0.007282
59 65 0.013514
59 66 0.011494
59 67 0.016667
59 68 0.007557
59 69 0.010526
59 70 0.015075
59 71 0.011905
59 72 0.008403
59 73 0.007812
59 74 0.010638
59 75 0.007317
59 76 0.011364
59 77 0.035294
59 78 0.007371
59 79 0.015385
59 80 0.013514
59 81 0.011111
59 82 0.012552
59 83 0.015789
59 84 0.008000
59 85 0.011364
59 86 0.078947
59 87 0.008197
59 88 0.009259
59 89 0.007092
59 90 0.006135
59 91 0.011628
59 92 0.008596
59 93 0.007712
59 94 0.019608
59 95 0.011278
59 96 0.016854
59 97 0.010309
59 98 0.005988
59 99 0.025424
60 61 0.012397
60 62 0.020270
60 63 0.015075
60 64 0.007481
60 65 0.020548
60 66 0.014019
60 67 0.016949
60 68 0.006865
60 69 0.008746
60 70 0.013216
60 71 0.007712
60 72 0.012821
60 73 0.008824
60 74 0.018634
60 75 0.008021
60 76 0.030928
60 77 0.011407
60 78 0.008547
60 79 0.009346
60 80 0.014778
60 81 0.007264
60 82 0.007895
60 83 0.023256
60 84 0.005941
60 85 0.014925
60 86 0.020270
60 87 0.007538
60 88 0.006897
60 89 0.006289
60 90 0.006356
60 91 0.007212
60 92 0.006073
60 93 0.010870
60 94 0.073171
60 95 0.021583
60 96 0.013761
60 97 0.013575
60 98 0.006048
60 99 0.009967
61 62 0.025210
61 63 0.010791
61 64 0.006383
61 65 0.010309
61 66 0.009146
61 67 0.012245
61 68 0.006787
61 69 0.009063
61 70 0.011628
61 71 0.011407
61 72 0.007042
61 73 0.006711
61 74 0.008547
61 75 0.006369
61 76 0.009146
61 77 0.036585
61 78 0.006356
61 79 0.013699
61 80 0.010453
61 81 0.010870
61 82 0.012097
61 83 0.011583
61 84 0.007812
61 85 0.009036
61 86 0.030612
61 87 0.007229
61 88 0.008671
61 89 0.006479
61 90 0.005495
61 91 0.011952
61 92 0.008621
61 93 0.006565
61 94 0.013889
61 95 0.008982
61 96 0.012658
61 97 0.008357
61 98 0.005405
61 99 0.038961
62 63 0.011278
62 64 0.006289
62 65 0.012048
62 66 0.009836
62 67 0.012821
62 68 0.006263
62 69 0.008108
62 70 0.011194
62 71 0.008571
62 72 0.008152
62 73 0.006897
62 74 0.010274
62 75 0.006452
62 76 0.012346
62 77 0.016949
62 78 0.006608
62 79 0.010274
62 80 0.010949
62 81 0.008152
62 82 0.008902
62 83 0.013699
62 84 0.006342
62 85 0.009967
62 86 0.040541
62 87 0.006742
62 88 0.007126
62 89 0.005894
62 90 0.005415
62 91 0.008499
62 92 0.006726
62 93 0.007371
62 94 0.021739
62 95 0.011070
62 96 0.012000
62 97 0.009202
62 98 0.005263
62 99 0.015464
63 64 0.014151
63 65 0.041096
63 66 0.055556
63 67 0.088235
63 68 0.012500
63 69 0.019608
63 70 0.060000
63 71 0.011719
63 72 0.016216
63 73 0.017442
63 74 0.022388
63 75 0.015000
63 76 0.015625
63 77 0.012712
63 78 0.015385
63 79 0.015544
63 80 0.300000
63 81 0.010601
63 82 0.011811
63 83 0.041667
63 84 0.008621
63 85 0.044776
63 86 0.014634
63 87 0.015000
63 88 0.011194
63 89 0.010714
63 90 0.010417
63 91 0.009740
63 92 0.008427
63 93 0.014925
63 94 0.018182
63 95 0.022222
63 96 0.050000
63 97 0.032967
63 98 0.009772
63 99 0.010381
64 65 0.011719
64 66 0.016043
64 67 0.012295
64 68 0.025210
64 69 0.018072
64 70 0.014019
64 71 0.009174
64 72 0.011765
64 73 0.036145
64 74 0.011029
64 75 0.054545
64 76 0.008333
64 77 0.007353
64 78 0.029126
64 79 0.010033
64 80 0.014634
64 81 0.008646
64 82 0.008955
64 83 0.010949
64 84 0.008646
64 85 0.014778
64 86 0.007282
64 87 0.030612
64 88 0.010949
64 89 0.018750
64 90 0.038462
64 91 0.007634
64 92 0.007752
64 93 0.013100
64 94 0.008065
64 95 0.010381
64 96 0.012766
64 97 0.015789
64 98 0.031250
64 99 0.006550
65 66 0.043478
65 67 0.040000
65 68 0.009868
65 69 0.013333
65 70 0.025210
65 71 0.009317
65 72 0.021739
65 73 0.015385
65 74 0.042857
65 75 0.013100
65 76 0.024793
65 77 0.011194
65 78 0.014354
65 79 0.011719
65 80 0.042254
65 81 0.008621
65 82 0.009434
65 83 0.090909
65 84 0.007160
65 85 0.053571
65 86 0.014851
65 87 0.011407
65 88 0.008824
65 89 0.008671
65 90 0.009174
65 91 0.008130
65 92 0.007075
65 93 0.017964
65 94 0.024590
65 95 0.046154
65 96 0.024590
65 97 0.037975
65 98 0.008523
65 99 0.009375
66 67 0.036145
66 68 0.012448
66 69 0.017045
66 70 0.030928
66 71 0.009967
66 72 0.021739
66 73 0.022901
66 74 0.028846
66 75 0.018405
66 76 0.016484
66 77 0.010381
66 78 0.020000
66 79 0.012448
66 80 0.066667
66 81 0.009174
66 82 0.010000
66 83 0.033708
66 84 0.007833
66 85 0.130435
66 86 0.012048
66 87 0.015000
66 88 0.009967
66 89 0.010526
66 90 0.011583
66 91 0.008427
66 92 0.007557
66 93 0.020134
66 94 0.016043
66 95 0.026316
66 96 0.027027
66 97 0.076923
66 98 0.010601
66 99 0.008772
67 68 0.011407
67 69 0.017964
67 70 0.057692
67 71 0.012097
67 72 0.014706
67 73 0.014634
67 74 0.020979
67 75 0.012876
67 76 0.016216
67 77 0.014493
67 78 0.013158
67 79 0.016484
67 80 0.069767
67 81 0.010909
67 82 0.012295
67 83 0.050847
67 84 0.008621
67 85 0.032609
67 86 0.017544
67 87 0.013393
67 88 0.011029
67 89 0.009967
67 90 0.009375
67 91 0.010169
67 92 0.008547
67 93 0.013333
67 94 0.021429
67 95 0.021583
67 96 0.060000
67 97 0.025641
67 98 0.008876
67 99 0.011538
68 69 0.026786
68 70 0.013889
68 71 0.012346
68 72 0.008646
68 73 0.015873
68 74 0.008772
68 75 0.017544
68 76 0.007109
68 77 0.008130
68 78 0.013889
68 79 0.012658
68 80 0.012658
68 81 0.011628
68 82 0.011811
68 83 0.009646
68 84 0.012712
68 85 0.011450
68 86 0.007371
68 87 0.073171
68 88 0.017647
68 89 0.063830
68 90 0.019108
68 91 0.009772
68 92 0.010638
68 93 0.009091
68 94 0.007463
68 95 0.008475
68 96 0.012931
68 97 0.011538
68 98 0.021429
68 99 0.007299
69 70 0.025862
69 71 0.018293
69 72 0.009772
69 73 0.015544
69 74 0.010791
69 75 0.015306
69 76 0.008696
69 77 0.011583
69 78 0.013333
69 79 0.022059
69 80 0.019481
69 81 0.016129
69 82 0.017647
69 83 0.013514
69 84 0.014085
69 85 0.015152
69 86 0.010101
69 87 0.034884
69 88 0.022901
69 89 0.021429
69 90 0.012821
69 91 0.013100
69 92 0.012605
69 93 0.009868
69 94 0.009836
69 95 0.010563
69 96 0.023438
69 97 0.014493
69 98 0.012931
69 99 0.009868
70 71 0.014493
70 72 0.012876
70 73 0.015625
70 74 0.016393
70 75 0.014019
70 76 0.012766
70 77 0.014634
70 78 0.013636
70 79 0.020690
70 80 0.053571
70 81 0.012821
70 82 0.014634
70 83 0.027273
70 84 0.010000
70 85 0.026087
70 86 0.015075
70 87 0.016760
70 88 0.013514
70 89 0.011905
70 90 0.010309
70 91 0.011538
70 92 0.009772
70 93 0.012195
70 94 0.015789
70 95 0.016393
70 96 0.142857
70 97 0.022222
70 98 0.009868
70 99 0.011673
71 72 0.006849
71 73 0.008499
71 74 0.007712
71 75 0.008357
71 76 0.007009
71 77 0.016484
71 78 0.007772
71 79 0.043478
71 80 0.011450
71 81 0.111111
71 82 0.187500
71 83 0.009868
71 84 0.024194
71 85 0.009375
71 86 0.010676
71 87 0.012712
71 88 0.032609
71 89 0.012397
71 90 0.007692
71 91 0.045455
71 92 0.028302
71 93 0.006726
71 94 0.008621
71 95 0.007772
71 96 0.015000
71 97 0.008876
71 98 0.007874
71 99 0.014706
72 73 0.017341
72 74 0.038961
72 75 0.014563
72 76 0.020134
72 77 0.007407
72 78 0.018293
72 79 0.007958
72 80 0.016854
72 81 0.006452
72 82 0.006865
72 83 0.017751
72 84 0.005792
72 85 0.025210
72 86 0.008982
72 87 0.009709
72 88 0.006881
72 89 0.007634
72 90 0.009868
72 91 0.006098
72 92 0.005618
72 93 0.066667
72 94 0.012987
72 95 0.030612
72 96 0.012295
72 97 0.029412
72 98 0.008850
72 99 0.006565
73 74 0.015228
73 75 0.083333
73 76 0.010417
73 77 0.007557
73 78 0.090909
73 79 0.009646
73 80 0.018405
73 81 0.007958
73 82 0.008380
73 83 0.013636
73 84 0.007538
73 85 0.021429
73 86 0.007979
73 87 0.019108
73 88 0.009404
73 89 0.012821
73 90 0.021898
73 91 0.007194
73 92 0.006977
73 93 0.020408
73 94 0.009494
73 95 0.013889
73 96 0.014085
73 97 0.025000
73 98 0.017751
73 99 0.006682
74 75 0.012876
74 76 0.032967
74 77 0.008955
74 78 0.015000
74 79 0.009259
74 80 0.023077
74 81 0.007212
74 82 0.007772
74 83 0.030928
74 84 0.006237
74 85 0.036585
74 86 0.011673
74 87 0.009934
74 88 0.007481
74 89 0.007752
74 90 0.008982
74 91 0.006865
74 92 0.006122
74 93 0.025862
74 94 0.019481
74 95 0.130435
74 96 0.015789
74 97 0.035714
74 98 0.008242
74 99 0.007792
75 76 0.009288
75 77 0.007194
75 78 0.061224
75 79 0.009317
75 80 0.015707
75 81 0.007874
75 82 0.008219
75 83 0.011905
75 84 0.007653
75 85 0.017241
75 86 0.007426
75 87 0.020833
75 88 0.009524
75 89 0.014019
75 90 0.029703
75 91 0.007075
75 92 0.007009
75 93 0.016949
75 94 0.008571
75 95 0.011905
75 96 0.012766
75 97 0.019355
75 98 0.022388
75 99 0.006410
76 77 0.008982
76 78 0.010309
76 79 0.008333
76 80 0.015625
76 81 0.006608
76 82 0.007109
76 83 0.023622
76 84 0.005629
76 85 0.018519
76 86 0.012931
76 87 0.007874
76 88 0.006579
76 89 0.006452
76 90 0.007075
76 91 0.006424
76 92 0.005629
76 93 0.015544
76 94 0.026549
76 95 0.041667
76 96 0.012821
76 97 0.017544
76 98 0.006608
76 99 0.007916
77 78 0.007059
77 79 0.021429
77 80 0.012245
77 81 0.015228
77 82 0.017857
77 83 0.012605
77 84 0.009836
77 85 0.010033
77 86 0.024590
77 87 0.008721
77 88 0.011321
77 89 0.007752
77 90 0.006198
77 91 0.016949
77 92 0.011029
77 93 0.006961
77 94 0.013158
77 95 0.009317
77 96 0.016216
77 97 0.009259
77 98 0.006148
77 99 0.056604
78 79 0.008746
78 80 0.016129
78 81 0.007317
78 82 0.007673
78 83 0.012712
78 84 0.006977
78 85 0.019481
78 86 0.007538
78 87 0.016129
78 88 0.008547
78 89 0.011538
78 90 0.021277
78 91 0.006667
78 92 0.006494
78 93 0.022901
78 94 0.009091
78 95 0.013575
78 96 0.012500
78 97 0.022901
78 98 0.017045
78 99 0.006289
79 80 0.015000
79 81 0.031579
79 82 0.047619
79 83 0.012712
79 84 0.016043
79 85 0.011583
79 86 0.013636
79 87 0.013636
79 88 0.023077
79 89 0.012000
79 90 0.008130
79 91 0.026087
79 92 0.017143
79 93 0.007712
79 94 0.010714
79 95 0.009375
79 96 0.022222
79 97 0.010753
79 98 0.008174
79 99 0.017045
80 81 0.010381
80 82 0.011538
80 83 0.040000
80 84 0.008523
80 85 0.050000
80 86 0.014085
80 87 0.015228
80 88 0.011070
80 89 0.010791
80 90 0.010676
80 91 0.009524
80 92 0.008310
80 93 0.015625
80 94 0.017647
80 95 0.022727
80 96 0.044118
80 97 0.036585
80 98 0.010000
80 99 0.010067
81 82 0.088235
81 83 0.009091
81 84 0.027523
81 85 0.008646
81 86 0.009967
81 87 0.011811
81 88 0.031250
81 89 0.011858
81 90 0.007353
81 91 0.058824
81 92 0.036585
81 93 0.006356
81 94 0.008043
81 95 0.007264
81 96 0.013216
81 97 0.008219
81 98 0.007557
81 99 0.014151
82 83 0.010033
82 84 0.021739
82 85 0.009404
82 86 0.011152
82 87 0.012195
82 88 0.028302
82 89 0.011719
82 90 0.007519
82 91 0.050000
82 92 0.026087
82 93 0.006711
82 94 0.008850
82 95 0.007853
82 96 0.015228
82 97 0.008876
82 98 0.007673
82 99 0.015873
83 84 0.007371
83 85 0.036145
83 86 0.017544
83 87 0.011070
83 88 0.009091
83 89 0.008547
83 90 0.008646
83 91 0.008646
83 92 0.007353
83 93 0.015075
83 94 0.030303
83 95 0.034483
83 96 0.027778
83 97 0.027778
83 98 0.008108
83 99 0.010381
84 85 0.007426
84 86 0.007426
84 87 0.012000
84 88 0.036145
84 89 0.014151
84 90 0.007673
84 91 0.020833
84 92 0.050000
84 93 0.005803
84 94 0.006466
84 95 0.006224
84 96 0.010000
84 97 0.007194
84 98 0.008086
84 99 0.009375
85 86 0.012048
85 87 0.013575
85 88 0.009288
85 89 0.009804
85 90 0.011029
85 91 0.008021
85 92 0.007177
85 93 0.022388
85 94 0.016854
85 95 0.032609
85 96 0.023622
85 97 0.111111
85 98 0.010067
85 99 0.008547
86 87 0.008043
86 88 0.008596
86 89 0.006881
86 90 0.006148
86 91 0.010274
86 92 0.007874
86 93 0.008152
86 94 0.025210
86 95 0.012552
86 96 0.016667
86 97 0.010870
86 98 0.005964
86 99 0.019355
87 88 0.017045
87 89 0.034884
87 90 0.019481
87 91 0.009934
87 92 0.010345
87 93 0.010204
87 94 0.008264
87 95 0.009585
87 96 0.015306
87 97 0.013636
87 98 0.020270
87 99 0.007712
88 89 0.018868
88 90 0.009231
88 91 0.020548
88 92 0.026316
88 93 0.006897
88 94 0.007614
88 95 0.007444
88 96 0.013453
88 97 0.008955
88 98 0.009677
88 99 0.010239
89 90 0.016304
89 91 0.009901
89 92 0.011364
89 93 0.007979
89 94 0.006818
89 95 0.007538
89 96 0.011278
89 97 0.009804
89 98 0.018750
89 99 0.007042
90 91 0.006579
90 92 0.006849
90 93 0.011111
90 94 0.006742
90 95 0.008499
90 96 0.009615
90 97 0.011765
90 98 0.075000
90 99 0.005639
91 92 0.030303
91 93 0.005964
91 94 0.007958
91 95 0.006944
91 96 0.012048
91 97 0.007614
91 98 0.006726
91 99 0.016575
92 93 0.005576
92 94 0.006608
92 95 0.006135
92 96 0.009934
92 97 0.006928
92 98 0.007143
92 99 0.010753
93 94 0.011111
93 95 0.021739
93 96 0.011538
93 97 0.027027
93 98 0.009804
93 99 0.006211
94 95 0.022556
94 96 0.016760
94 97 0.015000
94 98 0.006410
94 99 0.011111
95 96 0.016043
95 97 0.030000
95 98 0.007853
95 99 0.008065
96 97 0.020134
96 98 0.009259
96 99 0.012658
97 98 0.010563
97 99 0.007958
98 99 0.005607
