100 4950
0 1 0.006061
0 2 0.014085
0 3 0.004184
0 4 0.020408
0 5 0.004630
0 6 0.004608
0 7 0.003289
0 8 0.014085
0 9 0.005155
0 10 0.009434
0 11 0.047619
0 12 0.005291
0 13 0.004132
0 14 0.005051
0 15 0.009524
0 16 0.003559
0 17 0.009615
0 18 0.016129
0 19 0.004274
0 20 0.005814
0 21 0.006410
0 22 0.005848
0 23 0.003559
0 24 0.005682
0 25 0.004695
0 26 0.003155
0 27 0.003289
0 28 0.007519
0 29 0.004386
0 30 0.003788
0 31 0.004808
0 32 0.005814
0 33 0.007634
0 34 0.003425
0 35 0.004831
0 36 0.002865
0 37 0.005618
0 38 0.007143
0 39 0.009434
0 40 0.003425
0 41 0.007752
0 42 0.005525
0 43 0.006173
0 44 0.003390
0 45 0.005747
0 46 0.004717
0 47 0.005747
0 48 0.008475
0 49 0.002597
0 50 0.005236
0 51 0.005291
0 52 0.004739
0 53 0.003401
0 54 0.004975
0 55 0.004016
0 56 0.040000
0 57 0.005208
0 58 0.003968
0 59 0.003333
0 60 0.004348
0 61 0.009804
0 62 0.003788
0 63 0.005464
0 64 0.004425
0 65 0.003676
0 66 0.003472
0 67 0.010101
0 68 0.004975
0 69 0.003436
0 70 0.004348
0 71 0.018868
0 72 0.004149
0 73 0.003802
0 74 0.010000
0 75 0.010417
0 76 0.012500
0 77 0.004695
0 78 0.003509
0 79 0.003448
0 80 0.007092
0 81 0.006897
0 82 0.003106
0 83 0.005208
0 84 0.007576
0 85 0.007246
0 86 0.006211
0 87 0.005618
0 88 0.010870
0 89 0.004808
0 90 0.003906
0 91 0.002564
0 92 0.005952
0 93 0.004167
0 94 0.006369
0 95 0.004167
0 96 0.005181
0 97 0.002865
0 98 0.005618
0 99 0.004566
1 2 0.004292
1 3 0.003003
1 4 0.007407
1 5 0.002639
1 6 0.012195
1 7 0.004098
1 8 0.006944
1 9 0.006410
1 10 0.007353
1 11 0.005780
1 12 0.002833
1 13 0.009346
1 14 0.002985
1 15 0.014706
1 16 0.002740
1 17 0.005236
1 18 0.005848
1 19 0.003096
1 20 0.033333
1 21 0.004032
1 22 0.004098
1 23 0.008000
1 24 0.002985
1 25 0.002667
1 26 0.006061
1 27 0.002257
1 28 0.010309
1 29 0.005814
1 30 0.007194
1 31 0.003106
1 32 0.002967
1 33 0.007519
1 34 0.003759
1 35 0.010309
1 36 0.005000
1 37 0.015385
1 38 0.003546
1 39 0.004785
1 40 0.007752
1 41 0.007874
1 42 0.002941
1 43 0.004525
1 44 0.002392
1 45 0.002994
1 46 0.002976
1 47 0.006289
1 48 0.004630
1 49 0.003115
1 50 0.003077
1 51 0.003279
1 52 0.011236
1 53 0.002320
1 54 0.021739
1 55 0.009524
1 56 0.005780
1 57 0.002817
1 58 0.010753
1 59 0.004630
1 60 0.003344
1 61 0.005348
1 62 0.007092
1 63 0.003012
1 64 0.003356
1 65 0.008264
1 66 0.006329
1 67 0.004049
1 68 0.003610
1 69 0.002488
1 70 0.002703
1 71 0.005988
1 72 0.002770
1 73 0.003937
1 74 0.004348
1 75 0.007812
1 76 0.004630
1 77 0.017857
1 78 0.004115
1 79 0.002525
1 80 0.009174
1 81 0.003401
1 82 0.005988
1 83 0.010101
1 84 0.003401
1 85 0.003559
1 86 0.003356
1 87 0.007299
1 88 0.006494
1 89 0.004808
1 90 0.003448
1 91 0.003030
1 92 0.004255
1 93 0.003215
1 94 0.004167
1 95 0.004386
1 96 0.003322
1 97 0.003067
1 98 0.010417
1 99 0.002732
2 3 0.004831
2 4 0.008696
2 5 0.006410
2 6 0.003597
2 7 0.002762
2 8 0.008929
2 9 0.003937
2 10 0.006024
2 11 0.016129
2 12 0.008130
2 13 0.003311
2 14 0.007092
2 15 0.005714
2 16 0.003497
2 17 0.007092
2 18 0.009259
2 19 0.004149
2 20 0.004132
2 21 0.007092
2 22 0.006098
2 23 0.002849
2 24 0.007937
2 25 0.006410
2 26 0.002639
2 27 0.003717
2 28 0.005000
2 29 0.003472
2 30 0.003125
2 31 0.005988
2 32 0.009434
2 33 0.005848
2 34 0.002924
2 35 0.003636
2 36 0.002445
2 37 0.004184
2 38 0.011628
2 39 0.009901
2 40 0.002770
2 41 0.005236
2 42 0.007692
2 43 0.005076
2 44 0.003650
2 45 0.008197
2 46 0.006135
2 47 0.004808
2 48 0.006944
2 49 0.002273
2 50 0.005848
2 51 0.006667
2 52 0.003571
2 53 0.003817
2 54 0.003690
2 55 0.003135
2 56 0.013333
2 57 0.008130
2 58 0.003155
2 59 0.002762
2 60 0.004695
2 61 0.008850
2 62 0.003012
2 63 0.008333
2 64 0.004808
2 65 0.002924
2 66 0.002907
2 67 0.011765
2 68 0.005376
2 69 0.003584
2 70 0.005000
2 71 0.009709
2 72 0.005155
2 73 0.003226
2 74 0.009259
2 75 0.006329
2 76 0.010989
2 77 0.003584
2 78 0.002950
2 79 0.003546
2 80 0.005291
2 81 0.011765
2 82 0.002597
2 83 0.004065
2 84 0.012195
2 85 0.011905
2 86 0.009174
2 87 0.004545
2 88 0.008130
2 89 0.003891
2 90 0.003472
2 91 0.002252
2 92 0.005025
2 93 0.004525
2 94 0.006803
2 95 0.003448
2 96 0.005155
2 97 0.002532
2 98 0.004310
2 99 0.005495
3 4 0.003534
3 5 0.003390
3 6 0.003077
3 7 0.001862
3 8 0.004975
3 9 0.002347
3 10 0.002924
3 11 0.004587
3 12 0.003953
3 13 0.002967
3 14 0.009709
3 15 0.003247
3 16 0.002037
3 17 0.002959
3 18 0.003356
3 19 0.002237
3 20 0.002801
3 21 0.011236
3 22 0.011111
3 23 0.002198
3 24 0.003356
3 25 0.003289
3 26 0.002439
3 27 0.002252
3 28 0.002801
3 29 0.002183
3 30 0.002976
3 31 0.020833
3 32 0.004149
3 33 0.004926
3 34 0.001887
3 35 0.002410
3 36 0.002336
3 37 0.003390
3 38 0.007812
3 39 0.007299
3 40 0.002227
3 41 0.002762
3 42 0.003333
3 43 0.002519
3 44 0.002151
3 45 0.003436
3 46 0.014493
3 47 0.005076
3 48 0.002890
3 49 0.001618
3 50 0.002717
3 51 0.016949
3 52 0.002421
3 53 0.002262
3 54 0.002639
3 55 0.002288
3 56 0.003861
3 57 0.004566
3 58 0.002632
3 59 0.001905
3 60 0.018868
3 61 0.006579
3 62 0.002137
3 63 0.007299
3 64 0.020000
3 65 0.002208
3 66 0.002817
3 67 0.003436
3 68 0.016393
3 69 0.002101
3 70 0.002591
3 71 0.003448
3 72 0.016667
3 73 0.001996
3 74 0.003185
3 75 0.003030
3 76 0.003390
3 77 0.002849
3 78 0.001923
3 79 0.002075
3 80 0.004348
3 81 0.007143
3 82 0.002375
3 83 0.003623
3 84 0.003759
3 85 0.007752
3 86 0.009174
3 87 0.004464
3 88 0.005464
3 89 0.002242
3 90 0.002041
3 91 0.001603
3 92 0.002494
3 93 0.020833
3 94 0.010526
3 95 0.002092
3 96 0.002500
3 97 0.001704
3 98 0.003745
3 99 0.002747
4 5 0.004049
4 6 0.005000
4 7 0.003891
4 8 0.010417
4 9 0.006849
4 10 0.016949
4 11 0.014706
4 12 0.004444
4 13 0.004405
4 14 0.004065
4 15 0.014706
4 16 0.003817
4 17 0.013158
4 18 0.024390
4 19 0.004630
4 20 0.007407
4 21 0.005051
4 22 0.004762
4 23 0.004149
4 24 0.004975
4 25 0.004132
4 26 0.003378
4 27 0.003195
4 28 0.011628
4 29 0.005587
4 30 0.003953
4 31 0.003922
4 32 0.004762
4 33 0.006897
4 34 0.004049
4 35 0.006211
4 36 0.003040
4 37 0.006061
4 38 0.005319
4 39 0.006757
4 40 0.003906
4 41 0.012346
4 42 0.004854
4 43 0.007692
4 44 0.003401
4 45 0.004975
4 46 0.003861
4 47 0.005291
4 48 0.010204
4 49 0.002967
4 50 0.005128
4 51 0.004237
4 52 0.005988
4 53 0.003322
4 54 0.006098
4 55 0.004854
4 56 0.023256
4 57 0.004274
4 58 0.004425
4 59 0.003984
4 60 0.003717
4 61 0.007246
4 62 0.004587
4 63 0.004329
4 64 0.003759
4 65 0.004329
4 66 0.003623
4 67 0.008850
4 68 0.004149
4 69 0.003521
4 70 0.004184
4 71 0.029412
4 72 0.003460
4 73 0.004545
4 74 0.010101
4 75 0.020833
4 76 0.012048
4 77 0.005319
4 78 0.004202
4 79 0.003559
4 80 0.006897
4 81 0.005181
4 82 0.003333
4 83 0.005376
4 84 0.006211
4 85 0.005348
4 86 0.004762
4 87 0.005376
4 88 0.008403
4 89 0.006098
4 90 0.004525
4 91 0.002915
4 92 0.007194
4 93 0.003571
4 94 0.005076
4 95 0.005102
4 96 0.005495
4 97 0.003279
4 98 0.005747
4 99 0.004310
5 6 0.002315
5 7 0.002252
5 8 0.003745
5 9 0.002833
5 10 0.003623
5 11 0.004651
5 12 0.023256
5 13 0.002193
5 14 0.005155
5 15 0.003185
5 16 0.003831
5 17 0.004425
5 18 0.004587
5 19 0.004329
5 20 0.002618
5 21 0.003759
5 22 0.003413
5 23 0.002053
5 24 0.018868
5 25 0.071429
5 26 0.001880
5 27 0.006494
5 28 0.003106
5 29 0.002597
5 30 0.002101
5 31 0.004032
5 32 0.017241
5 33 0.003067
5 34 0.002469
5 35 0.002506
5 36 0.001776
5 37 0.002551
5 38 0.005618
5 39 0.004082
5 40 0.001992
5 41 0.003322
5 42 0.020833
5 43 0.003906
5 44 0.005236
5 45 0.020000
5 46 0.004386
5 47 0.002778
5 48 0.004785
5 49 0.001957
5 50 0.007634
5 51 0.004167
5 52 0.002457
5 53 0.006452
5 54 0.002439
5 55 0.002222
5 56 0.004831
5 57 0.012821
5 58 0.002141
5 59 0.002183
5 60 0.003086
5 61 0.003817
5 62 0.002208
5 63 0.006289
5 64 0.003135
5 65 0.002105
5 66 0.002000
5 67 0.007042
5 68 0.003300
5 69 0.004651
5 70 0.008475
5 71 0.004566
5 72 0.003968
5 73 0.002703
5 74 0.005814
5 75 0.003636
5 76 0.005747
5 77 0.002331
5 78 0.002415
5 79 0.004425
5 80 0.002899
5 81 0.006173
5 82 0.001859
5 83 0.002494
5 84 0.011628
5 85 0.005618
5 86 0.005263
5 87 0.002667
5 88 0.003597
5 89 0.003030
5 90 0.003135
5 91 0.001953
5 92 0.004032
5 93 0.003040
5 94 0.003623
5 95 0.002786
5 96 0.005263
5 97 0.002257
5 98 0.002577
5 99 0.010753
6 7 0.003175
6 8 0.005882
6 9 0.004237
6 10 0.004651
6 11 0.004587
6 12 0.002494
6 13 0.037037
6 14 0.002841
6 15 0.007143
6 16 0.002247
6 17 0.003759
6 18 0.004167
6 19 0.002488
6 20 0.009346
6 21 0.004016
6 22 0.004219
6 23 0.006757
6 24 0.002551
6 25 0.002326
6 26 0.009901
6 27 0.001949
6 28 0.005618
6 29 0.004032
6 30 0.017544
6 31 0.003067
6 32 0.002611
6 33 0.007752
6 34 0.002915
6 35 0.005952
6 36 0.007576
6 37 0.025000
6 38 0.003268
6 39 0.004484
6 40 0.007634
6 41 0.004808
6 42 0.002513
6 43 0.003311
6 44 0.002033
6 45 0.002558
6 46 0.002899
6 47 0.007692
6 48 0.003436
6 49 0.002577
6 50 0.002532
6 51 0.003215
6 52 0.006410
6 53 0.001996
6 54 0.009804
6 55 0.006623
6 56 0.004329
6 57 0.002525
6 58 0.017857
6 59 0.003546
6 60 0.003546
6 61 0.005000
6 62 0.005102
6 63 0.002809
6 64 0.003546
6 65 0.006536
6 66 0.012821
6 67 0.003226
6 68 0.003774
6 69 0.002088
6 70 0.002278
6 71 0.004274
6 72 0.002747
6 73 0.002994
6 74 0.003356
6 75 0.004902
6 76 0.003546
6 77 0.023810
6 78 0.003145
6 79 0.002110
6 80 0.009901
6 81 0.003125
6 82 0.009259
6 83 0.020000
6 84 0.002865
6 85 0.003279
6 86 0.003155
6 87 0.009804
6 88 0.005882
6 89 0.003460
6 90 0.002688
6 91 0.002513
6 92 0.003175
6 93 0.003425
6 94 0.004202
6 95 0.003247
6 96 0.002660
6 97 0.002481
6 98 0.016949
6 99 0.002320
7 8 0.002950
7 9 0.009009
7 10 0.005025
7 11 0.003086
7 12 0.002268
7 13 0.002994
7 14 0.002000
7 15 0.004274
7 16 0.003731
7 17 0.004405
7 18 0.003922
7 19 0.003937
7 20 0.004651
7 21 0.002222
7 22 0.002193
7 23 0.004854
7 24 0.002551
7 25 0.002309
7 26 0.002841
7 27 0.002375
7 28 0.005495
7 29 0.012500
7 30 0.002740
7 31 0.001957
7 32 0.002326
7 33 0.002770
7 34 0.016393
7 35 0.006757
7 36 0.002611
7 37 0.003247
7 38 0.002262
7 39 0.002500
7 40 0.004149
7 41 0.005682
7 42 0.002525
7 43 0.005319
7 44 0.002710
7 45 0.002525
7 46 0.001942
7 47 0.002525
7 48 0.004219
7 49 0.012195
7 50 0.003049
7 51 0.002033
7 52 0.006250
7 53 0.002463
7 54 0.004695
7 55 0.005682
7 56 0.003448
7 57 0.002160
7 58 0.003472
7 59 0.022222
7 60 0.001938
7 61 0.002584
7 62 0.007634
7 63 0.002075
7 64 0.001946
7 65 0.005263
7 66 0.002653
7 67 0.003215
7 68 0.002045
7 69 0.002976
7 70 0.002717
7 71 0.003846
7 72 0.001835
7 73 0.011494
7 74 0.003597
7 75 0.004785
7 76 0.003521
7 77 0.003636
7 78 0.029412
7 79 0.003096
7 80 0.002915
7 81 0.002242
7 82 0.002890
7 83 0.002924
7 84 0.002695
7 85 0.002268
7 86 0.002151
7 87 0.002646
7 88 0.002786
7 89 0.008772
7 90 0.006289
7 91 0.011236
7 92 0.005076
7 93 0.001898
7 94 0.002242
7 95 0.011364
7 96 0.003690
7 97 0.010101
7 98 0.002950
7 99 0.002632
8 9 0.004367
8 10 0.006623
8 11 0.016949
8 12 0.004292
8 13 0.005181
8 14 0.005208
8 15 0.009259
8 16 0.002857
8 17 0.005952
8 18 0.007874
8 19 0.003300
8 20 0.006173
8 21 0.008850
8 22 0.008475
8 23 0.003731
8 24 0.004274
8 25 0.003745
8 26 0.003690
8 27 0.002695
8 28 0.006369
8 29 0.003861
8 30 0.004785
8 31 0.005495
8 32 0.004630
8 33 0.016129
8 34 0.002967
8 35 0.004630
8 36 0.003333
8 37 0.007634
8 38 0.007143
8 39 0.014925
8 40 0.003690
8 41 0.005988
8 42 0.004184
8 43 0.004464
8 44 0.002740
8 45 0.004329
8 46 0.005155
8 47 0.009615
8 48 0.005376
8 49 0.002381
8 50 0.003846
8 51 0.006098
8 52 0.004651
8 53 0.002762
8 54 0.005319
8 55 0.004098
8 56 0.010526
8 57 0.004425
8 58 0.004651
8 59 0.003077
8 60 0.005618
8 61 0.020408
8 62 0.003690
8 63 0.005263
8 64 0.005682
8 65 0.003802
8 66 0.004292
8 67 0.005952
8 68 0.006623
8 69 0.002770
8 70 0.003356
8 71 0.008475
8 72 0.004545
8 73 0.003205
8 74 0.005848
8 75 0.007246
8 76 0.006667
8 77 0.005587
8 78 0.003077
8 79 0.002770
8 80 0.012821
8 81 0.006536
8 82 0.003597
8 83 0.007407
8 84 0.005263
8 85 0.007194
8 86 0.006452
8 87 0.009009
8 88 0.043478
8 89 0.003906
8 90 0.003165
8 91 0.002342
8 92 0.004310
8 93 0.005291
8 94 0.009259
8 95 0.003484
8 96 0.003802
8 97 0.002519
8 98 0.008264
8 99 0.003509
9 10 0.011111
9 11 0.004673
9 12 0.002915
9 13 0.003861
9 14 0.002558
9 15 0.007812
9 16 0.004202
9 17 0.007812
9 18 0.006757
9 19 0.004854
9 20 0.007692
9 21 0.002950
9 22 0.002882
9 23 0.005650
9 24 0.003322
9 25 0.002907
9 26 0.003344
9 27 0.002778
9 28 0.013514
9 29 0.028571
9 30 0.003436
9 31 0.002500
9 32 0.003021
9 33 0.003906
9 34 0.008772
9 35 0.012195
9 36 0.003003
9 37 0.004566
9 38 0.003003
9 39 0.003448
9 40 0.004831
9 41 0.015152
9 42 0.003268
9 43 0.009009
9 44 0.003135
9 45 0.003289
9 46 0.002469
9 47 0.003390
9 48 0.006897
9 49 0.005208
9 50 0.003968
9 51 0.002625
9 52 0.010309
9 53 0.002890
9 54 0.007092
9 55 0.007407
9 56 0.005525
9 57 0.002762
9 58 0.004425
9 59 0.009174
9 60 0.002457
9 61 0.003610
9 62 0.008772
9 63 0.002674
9 64 0.002475
9 65 0.006250
9 66 0.003247
9 67 0.004673
9 68 0.002632
9 69 0.003413
9 70 0.003367
9 71 0.006579
9 72 0.002304
9 73 0.010101
9 74 0.005495
9 75 0.010101
9 76 0.005464
9 77 0.004975
9 78 0.010417
9 79 0.003534
9 80 0.004132
9 81 0.002967
9 82 0.003378
9 83 0.003968
9 84 0.003663
9 85 0.003021
9 86 0.002817
9 87 0.003571
9 88 0.004000
9 89 0.017241
9 90 0.006944
9 91 0.005025
9 92 0.008065
9 93 0.002392
9 94 0.002976
9 95 0.013699
9 96 0.004902
9 97 0.005714
9 98 0.004065
9 99 0.003311
10 11 0.007937
10 12 0.003817
10 13 0.004149
10 14 0.003311
10 15 0.013158
10 16 0.004329
10 17 0.017241
10 18 0.016393
10 19 0.005319
10 20 0.008065
10 21 0.003906
10 22 0.003745
10 23 0.004608
10 24 0.004425
10 25 0.003717
10 26 0.003333
10 27 0.003195
10 28 0.020408
10 29 0.008065
10 30 0.003690
10 31 0.003195
10 32 0.004032
10 33 0.005236
10 34 0.005291
10 35 0.008065
10 36 0.002985
10 37 0.005405
10 38 0.004098
10 39 0.004854
10 40 0.004202
10 41 0.037037
10 42 0.004329
10 43 0.011364
10 44 0.003521
10 45 0.004405
10 46 0.003155
10 47 0.004274
10 48 0.012048
10 49 0.003584
10 50 0.005102
10 51 0.003401
10 52 0.007463
10 53 0.003333
10 54 0.006667
10 55 0.005650
10 56 0.010870
10 57 0.003623
10 58 0.004425
10 59 0.005076
10 60 0.003058
10 61 0.005102
10 62 0.005650
10 63 0.003509
10 64 0.003086
10 65 0.004926
10 66 0.003425
10 67 0.007407
10 68 0.003344
10 69 0.003759
10 70 0.004132
10 71 0.015625
10 72 0.002882
10 73 0.006173
10 74 0.009259
10 75 0.071429
10 76 0.009804
10 77 0.005208
10 78 0.005556
10 79 0.003846
10 80 0.005405
10 81 0.004032
10 82 0.003311
10 83 0.004695
10 84 0.005181
10 85 0.004115
10 86 0.003759
10 87 0.004425
10 88 0.005780
10 89 0.009434
10 90 0.005848
10 91 0.003521
10 92 0.009901
10 93 0.002959
10 94 0.003922
10 95 0.007299
10 96 0.006061
10 97 0.004049
10 98 0.004926
10 99 0.004132
11 12 0.005435
11 13 0.004132
11 14 0.005556
11 15 0.008547
11 16 0.003356
11 17 0.008065
11 18 0.012195
11 19 0.003984
11 20 0.005464
11 21 0.007353
11 22 0.006623
11 23 0.003425
11 24 0.005618
11 25 0.004695
11 26 0.003145
11 27 0.003205
11 28 0.006623
11 29 0.004049
11 30 0.003817
11 31 0.005348
11 32 0.005988
11 33 0.008333
11 34 0.003195
11 35 0.004505
11 36 0.002865
11 37 0.005618
11 38 0.008197
11 39 0.011628
11 40 0.003322
11 41 0.006757
11 42 0.005464
11 43 0.005464
11 44 0.003257
11 45 0.005714
11 46 0.005208
11 47 0.006173
11 48 0.007299
11 49 0.002469
11 50 0.004950
11 51 0.005917
11 52 0.004444
11 53 0.003300
11 54 0.004739
11 55 0.003831
11 56 0.022727
11 57 0.005464
11 58 0.003906
11 59 0.003145
11 60 0.004785
11 61 0.012048
11 62 0.003584
11 63 0.005988
11 64 0.004878
11 65 0.003521
11 66 0.003497
11 67 0.009174
11 68 0.005525
11 69 0.003289
11 70 0.004184
11 71 0.013514
11 72 0.004525
11 73 0.003521
11 74 0.008621
11 75 0.008621
11 76 0.010526
11 77 0.004587
11 78 0.003279
11 79 0.003279
11 80 0.007463
11 81 0.007752
11 82 0.003086
11 83 0.005319
11 84 0.007463
11 85 0.008333
11 86 0.006993
11 87 0.005917
11 88 0.012987
11 89 0.004386
11 90 0.003623
11 91 0.002439
11 92 0.005319
11 93 0.004566
11 94 0.007353
11 95 0.003831
11 96 0.004785
11 97 0.002703
11 98 0.005714
11 99 0.004425
12 13 0.002358
12 14 0.006536
12 15 0.003436
12 16 0.003534
12 17 0.004608
12 18 0.004950
12 19 0.004032
12 20 0.002793
12 21 0.004464
12 22 0.003984
12 23 0.002146
12 24 0.016129
12 25 0.019231
12 26 0.001996
12 27 0.005155
12 28 0.003279
12 29 0.002653
12 30 0.002262
12 31 0.004878
12 32 0.055556
12 33 0.003448
12 34 0.002457
12 35 0.002618
12 36 0.001883
12 37 0.002770
12 38 0.007353
12 39 0.004878
12 40 0.002088
12 41 0.003472
12 42 0.016393
12 43 0.003906
12 44 0.004444
12 45 0.018182
12 46 0.005348
12 47 0.003106
12 48 0.004902
12 49 0.001953
12 50 0.006711
12 51 0.005076
12 52 0.002571
12 53 0.005181
12 54 0.002584
12 55 0.002320
12 56 0.005464
12 57 0.026316
12 58 0.002278
12 59 0.002217
12 60 0.003546
12 61 0.004484
12 62 0.002283
12 63 0.008475
12 64 0.003623
12 65 0.002198
12 66 0.002146
12 67 0.007634
12 68 0.003831
12 69 0.004082
12 70 0.006803
12 71 0.004975
12 72 0.004739
12 73 0.002688
12 74 0.006098
12 75 0.003861
12 76 0.006211
12 77 0.002494
12 78 0.002421
12 79 0.003937
12 80 0.003226
12 81 0.008403
12 82 0.001969
12 83 0.002725
12 84 0.014085
12 85 0.007407
12 86 0.006757
12 87 0.002959
12 88 0.004149
12 89 0.003049
12 90 0.003049
12 91 0.001946
12 92 0.004000
12 93 0.003497
12 94 0.004255
12 95 0.002793
12 96 0.004926
12 97 0.002222
12 98 0.002825
12 99 0.008130
13 14 0.002710
13 15 0.005988
13 16 0.002123
13 17 0.003425
13 18 0.003745
13 19 0.002336
13 20 0.007692
13 21 0.003788
13 22 0.004000
13 23 0.006452
13 24 0.002392
13 25 0.002203
13 26 0.012658
13 27 0.001855
13 28 0.004902
13 29 0.003704
13 30 0.030303
13 31 0.002933
13 32 0.002457
13 33 0.006849
13 34 0.002740
13 35 0.005319
13 36 0.009259
13 37 0.015385
13 38 0.003067
13 39 0.004132
13 40 0.007519
13 41 0.004274
13 42 0.002364
13 43 0.003049
13 44 0.001927
13 45 0.002404
13 46 0.002778
13 47 0.007143
13 48 0.003145
13 49 0.002475
13 50 0.002370
13 51 0.003067
13 52 0.005714
13 53 0.001894
13 54 0.008197
13 55 0.006098
13 56 0.003891
13 57 0.002392
13 58 0.017857
13 59 0.003344
13 60 0.003436
13 61 0.004566
13 62 0.004739
13 63 0.002660
13 64 0.003425
13 65 0.006135
13 66 0.019231
13 67 0.002976
13 68 0.003623
13 69 0.001980
13 70 0.002151
13 71 0.003846
13 72 0.002639
13 73 0.002809
13 74 0.003077
13 75 0.004329
13 76 0.003247
13 77 0.016667
13 78 0.002950
13 79 0.002000
13 80 0.008333
13 81 0.002933
13 82 0.011364
13 83 0.015873
13 84 0.002674
13 85 0.003077
13 86 0.002976
13 87 0.008850
13 88 0.005263
13 89 0.003195
13 90 0.002519
13 91 0.002410
13 92 0.002933
13 93 0.003322
13 94 0.003953
13 95 0.003021
13 96 0.002481
13 97 0.002358
13 98 0.013333
13 99 0.002188
14 15 0.003425
14 16 0.002433
14 17 0.003546
14 18 0.004032
14 19 0.002710
14 20 0.002841
14 21 0.009009
14 22 0.007407
14 23 0.002179
14 24 0.004926
14 25 0.004902
14 26 0.002237
14 27 0.002890
14 28 0.003030
14 29 0.002353
14 30 0.002653
14 31 0.017544
14 32 0.006993
14 33 0.004464
14 34 0.002075
14 35 0.002506
14 36 0.002123
14 37 0.003175
14 38 0.016949
14 39 0.007692
14 40 0.002165
14 41 0.003067
14 42 0.004902
14 43 0.002959
14 44 0.002688
14 45 0.005128
14 46 0.028571
14 47 0.004202
14 48 0.003521
14 49 0.001724
14 50 0.003559
14 51 0.017857
14 52 0.002494
14 53 0.002907
14 54 0.002646
14 55 0.002304
14 56 0.004739
14 57 0.008547
14 58 0.002488
14 59 0.002012
14 60 0.007042
14 61 0.006536
14 62 0.002193
14 63 0.027778
14 64 0.007353
14 65 0.002203
14 66 0.002506
14 67 0.004630
14 68 0.007812
14 69 0.002591
14 70 0.003413
14 71 0.004132
14 72 0.016667
14 73 0.002217
14 74 0.004065
14 75 0.003413
14 76 0.004348
14 77 0.002717
14 78 0.002088
14 79 0.002538
14 80 0.003984
14 81 0.017544
14 82 0.002188
14 83 0.003257
14 84 0.005618
14 85 0.016667
14 86 0.026316
14 87 0.003817
14 88 0.005405
14 89 0.002519
14 90 0.002347
14 91 0.001712
14 92 0.002959
14 93 0.006993
14 94 0.008065
14 95 0.002326
14 96 0.003115
14 97 0.001866
14 98 0.003390
14 99 0.003717
15 16 0.003257
15 17 0.007937
15 18 0.009615
15 19 0.003802
15 20 0.014706
15 21 0.004545
15 22 0.004464
15 23 0.005682
15 24 0.003717
15 25 0.003226
15 26 0.004329
15 27 0.002653
15 28 0.018182
15 29 0.006452
15 30 0.005128
15 31 0.003460
15 32 0.003636
15 33 0.007812
15 34 0.004149
15 35 0.009174
15 36 0.003774
15 37 0.009174
15 38 0.004255
15 39 0.005747
15 40 0.005291
15 41 0.012987
15 42 0.003650
15 43 0.006098
15 44 0.002833
15 45 0.003717
15 46 0.003356
15 47 0.005988
15 48 0.006623
15 49 0.003175
15 50 0.003861
15 51 0.003704
15 52 0.009091
15 53 0.002740
15 54 0.010309
15 55 0.006897
15 56 0.009259
15 57 0.003378
15 58 0.006250
15 59 0.004587
15 60 0.003534
15 61 0.006369
15 62 0.006061
15 63 0.003534
15 64 0.003559
15 65 0.005952
15 66 0.004587
15 67 0.005556
15 68 0.003891
15 69 0.002950
15 70 0.003300
15 71 0.010000
15 72 0.003067
15 73 0.004525
15 74 0.006135
15 75 0.015385
15 76 0.006711
15 77 0.008197
15 78 0.004464
15 79 0.002994
15 80 0.008696
15 81 0.004098
15 82 0.004274
15 83 0.007299
15 84 0.004367
15 85 0.004274
15 86 0.003937
15 87 0.006452
15 88 0.007874
15 89 0.005952
15 90 0.004098
15 91 0.003096
15 92 0.005650
15 93 0.003390
15 94 0.004651
15 95 0.005128
15 96 0.004219
15 97 0.003311
15 98 0.007812
15 99 0.003344
16 17 0.005348
16 18 0.004444
16 19 0.020833
16 20 0.002874
16 21 0.002358
16 22 0.002247
16 23 0.002410
16 24 0.004525
16 25 0.004049
16 26 0.001901
16 27 0.005917
16 28 0.003704
16 29 0.003953
16 30 0.001996
16 31 0.002227
16 32 0.003546
16 33 0.002469
16 34 0.004762
16 35 0.003145
16 36 0.001783
16 37 0.002410
16 38 0.002740
16 39 0.002646
16 40 0.002252
16 41 0.004184
16 42 0.004484
16 43 0.006944
16 44 0.009174
16 45 0.004386
16 46 0.002273
16 47 0.002227
16 48 0.006061
16 49 0.003257
16 50 0.007463
16 51 0.002309
16 52 0.003003
16 53 0.006494
16 54 0.002717
16 55 0.002681
16 56 0.003891
16 57 0.003135
16 58 0.002217
16 59 0.003300
16 60 0.002008
16 61 0.002632
16 62 0.002865
16 63 0.002639
16 64 0.002028
16 65 0.002513
16 66 0.001916
16 67 0.004950
16 68 0.002128
16 69 0.013699
16 70 0.006803
16 71 0.004274
16 72 0.002132
16 73 0.005495
16 74 0.005464
16 75 0.004132
16 76 0.004902
16 77 0.002387
16 78 0.004255
16 79 0.017241
16 80 0.002463
16 81 0.002801
16 82 0.001905
16 83 0.002262
16 84 0.004274
16 85 0.002747
16 86 0.002584
16 87 0.002237
16 88 0.002688
16 89 0.005464
16 90 0.009174
16 91 0.003311
16 92 0.007634
16 93 0.001972
16 94 0.002336
16 95 0.005263
16 96 0.010870
16 97 0.004545
16 98 0.002320
16 99 0.005882
17 18 0.023810
17 19 0.007092
17 20 0.005525
17 21 0.003861
17 22 0.003650
17 23 0.003650
17 24 0.005747
17 25 0.004608
17 26 0.002817
17 27 0.003906
17 28 0.009346
17 29 0.006211
17 30 0.003115
17 31 0.003300
17 32 0.004878
17 33 0.004545
17 34 0.004975
17 35 0.005587
17 36 0.002564
17 37 0.004292
17 38 0.004425
17 39 0.004785
17 40 0.003378
17 41 0.012500
17 42 0.005587
17 43 0.016667
17 44 0.004386
17 45 0.005650
17 46 0.003300
17 47 0.003788
17 48 0.038462
17 49 0.003311
17 50 0.007246
17 51 0.003497
17 52 0.005263
17 53 0.004115
17 54 0.004831
17 55 0.004274
17 56 0.012346
17 57 0.004219
17 58 0.003546
17 59 0.004255
17 60 0.003012
17 61 0.004878
17 62 0.004348
17 63 0.003846
17 64 0.003040
17 65 0.003846
17 66 0.002915
17 67 0.011628
17 68 0.003289
17 69 0.004695
17 70 0.005435
17 71 0.019608
17 72 0.003003
17 73 0.005917
17 74 0.018182
17 75 0.015625
17 76 0.017544
17 77 0.004065
17 78 0.004975
17 79 0.004785
17 80 0.004545
17 81 0.004425
17 82 0.002801
17 83 0.003876
17 84 0.006849
17 85 0.004444
17 86 0.004016
17 87 0.003831
17 88 0.005263
17 89 0.008547
17 90 0.006536
17 91 0.003268
17 92 0.015152
17 93 0.002924
17 94 0.003846
17 95 0.006711
17 96 0.009009
17 97 0.003937
17 98 0.004065
17 99 0.005435
18 19 0.005618
18 20 0.005952
18 21 0.004608
18 22 0.004292
18 23 0.003704
18 24 0.005917
18 25 0.004717
18 26 0.002994
18 27 0.003650
18 28 0.009524
18 29 0.005495
18 30 0.003413
18 31 0.003774
18 32 0.005319
18 33 0.005525
18 34 0.004237
18 35 0.005495
18 36 0.002717
18 37 0.004878
18 38 0.005263
18 39 0.005988
18 40 0.003484
18 41 0.011494
18 42 0.005714
18 43 0.009901
18 44 0.003937
18 45 0.005882
18 46 0.003759
18 47 0.004444
18 48 0.016667
18 49 0.003003
18 50 0.006410
18 51 0.004049
18 52 0.005263
18 53 0.003817
18 54 0.005102
18 55 0.004310
18 56 0.025000
18 57 0.004630
18 58 0.003802
18 59 0.003906
18 60 0.003436
18 61 0.006135
18 62 0.004219
18 63 0.004386
18 64 0.003484
18 65 0.003876
18 66 0.003165
18 67 0.012658
18 68 0.003802
18 69 0.004098
18 70 0.005000
18 71 0.100000
18 72 0.003378
18 73 0.004878
18 74 0.016949
18 75 0.017241
18 76 0.021739
18 77 0.004425
18 78 0.004310
18 79 0.004149
18 80 0.005435
18 81 0.005208
18 82 0.002959
18 83 0.004425
18 84 0.007463
18 85 0.005291
18 86 0.004695
18 87 0.004464
18 88 0.006711
18 89 0.006623
18 90 0.005155
18 91 0.002967
18 92 0.009346
18 93 0.003322
18 94 0.004587
18 95 0.005464
18 96 0.007042
18 97 0.003436
18 98 0.004673
18 99 0.005128
19 20 0.003247
19 21 0.002646
19 22 0.002513
19 23 0.002625
19 24 0.005348
19 25 0.004587
19 26 0.002058
19 27 0.005952
19 28 0.004367
19 29 0.004425
19 30 0.002183
19 31 0.002469
19 32 0.004082
19 33 0.002793
19 34 0.004975
19 35 0.003534
19 36 0.001919
19 37 0.002688
19 38 0.003115
19 39 0.003012
19 40 0.002445
19 41 0.005051
19 42 0.005291
19 43 0.009615
19 44 0.008621
19 45 0.005155
19 46 0.002519
19 47 0.002481
19 48 0.008403
19 49 0.003289
19 50 0.009901
19 51 0.002571
19 52 0.003367
19 53 0.006536
19 54 0.003030
19 55 0.002950
19 56 0.004762
19 57 0.003546
19 58 0.002433
19 59 0.003534
19 60 0.002212
19 61 0.003003
19 62 0.003135
19 63 0.002959
19 64 0.002237
19 65 0.002740
19 66 0.002083
19 67 0.006369
19 68 0.002358
19 69 0.011494
19 70 0.007937
19 71 0.005348
19 72 0.002342
19 73 0.005952
19 74 0.007299
19 75 0.005051
19 76 0.006329
19 77 0.002646
19 78 0.004525
19 79 0.012987
19 80 0.002778
19 81 0.003185
19 82 0.002058
19 83 0.002519
19 84 0.005181
19 85 0.003125
19 86 0.002907
19 87 0.002494
19 88 0.003077
19 89 0.006452
19 90 0.010000
19 91 0.003322
19 92 0.011111
19 93 0.002169
19 94 0.002618
19 95 0.005882
19 96 0.020833
19 97 0.004484
19 98 0.002591
19 99 0.006897
20 21 0.003704
20 22 0.003731
20 23 0.009091
20 24 0.002985
20 25 0.002653
20 26 0.005618
20 27 0.002294
20 28 0.012658
20 29 0.006944
20 30 0.006173
20 31 0.002915
20 32 0.002915
20 33 0.006289
20 34 0.004202
20 35 0.014706
20 36 0.004695
20 37 0.010638
20 38 0.003367
20 39 0.004386
20 40 0.008264
20 41 0.009091
20 42 0.002933
20 43 0.004878
20 44 0.002457
20 45 0.002985
20 46 0.002817
20 47 0.005348
20 48 0.004854
20 49 0.003425
20 50 0.003145
20 51 0.003077
20 52 0.016667
20 53 0.002364
20 54 0.034483
20 55 0.012195
20 56 0.005682
20 57 0.002747
20 58 0.009615
20 59 0.005348
20 60 0.003077
20 61 0.004808
20 62 0.008772
20 63 0.002890
20 64 0.003096
20 65 0.009804
20 66 0.005556
20 67 0.004065
20 68 0.003322
20 69 0.002571
20 70 0.002747
20 71 0.006061
20 72 0.002625
20 73 0.004386
20 74 0.004444
20 75 0.008475
20 76 0.004695
20 77 0.013699
20 78 0.004673
20 79 0.002618
20 80 0.007353
20 81 0.003247
20 82 0.005587
20 83 0.007812
20 84 0.003378
20 85 0.003378
20 86 0.003175
20 87 0.006024
20 88 0.005714
20 89 0.005435
20 90 0.003731
20 91 0.003322
20 92 0.004566
20 93 0.002976
20 94 0.003802
20 95 0.004950
20 96 0.003460
20 97 0.003344
20 98 0.008000
20 99 0.002770
21 22 0.037037
21 23 0.002695
21 24 0.003937
21 25 0.003676
21 26 0.002933
21 27 0.002488
21 28 0.003717
21 29 0.002703
21 30 0.003731
21 31 0.012821
21 32 0.004785
21 33 0.008264
21 34 0.002252
21 35 0.003058
21 36 0.002755
21 37 0.004651
21 38 0.011111
21 39 0.019608
21 40 0.002717
21 41 0.003636
21 42 0.003891
21 43 0.003145
21 44 0.002421
21 45 0.004032
21 46 0.010309
21 47 0.007812
21 48 0.003704
21 49 0.001883
21 50 0.003215
21 51 0.015873
21 52 0.003077
21 53 0.002519
21 54 0.003413
21 55 0.002849
21 56 0.005618
21 57 0.005000
21 58 0.003311
21 59 0.002288
21 60 0.013333
21 61 0.015625
21 62 0.002625
21 63 0.007752
21 64 0.014085
21 65 0.002717
21 66 0.003448
21 67 0.004464
21 68 0.021277
21 69 0.002387
21 70 0.002967
21 71 0.004785
21 72 0.008621
21 73 0.002398
21 74 0.004132
21 75 0.004098
21 76 0.004505
21 77 0.003704
21 78 0.002304
21 79 0.002370
21 80 0.006667
21 81 0.009346
21 82 0.002849
21 83 0.004950
21 84 0.004673
21 85 0.011111
21 86 0.011628
21 87 0.006536
21 88 0.010526
21 89 0.002770
21 90 0.002433
21 91 0.001862
21 92 0.003096
21 93 0.011905
21 94 0.076923
21 95 0.002545
21 96 0.003012
21 97 0.001988
21 98 0.005236
21 99 0.003155
22 23 0.002740
22 24 0.003571
22 25 0.003356
22 26 0.003077
22 27 0.002336
22 28 0.003636
22 29 0.002653
22 30 0.003968
22 31 0.010753
22 32 0.004237
22 33 0.008850
22 34 0.002198
22 35 0.003040
22 36 0.002899
22 37 0.004878
22 38 0.008547
22 39 0.014925
22 40 0.002778
22 41 0.003521
22 42 0.003534
22 43 0.003003
22 44 0.002288
22 45 0.003650
22 46 0.008621
22 47 0.009009
22 48 0.003484
22 49 0.001859
22 50 0.002994
22 51 0.012195
22 52 0.003077
22 53 0.002370
22 54 0.003460
22 55 0.002865
22 56 0.005155
22 57 0.004405
22 58 0.003436
22 59 0.002262
22 60 0.016393
22 61 0.013889
22 62 0.002625
22 63 0.006452
22 64 0.017241
22 65 0.002755
22 66 0.003676
22 67 0.004065
22 68 0.029412
22 69 0.002262
22 70 0.002762
22 71 0.004464
22 72 0.007692
22 73 0.002336
22 74 0.003817
22 75 0.003922
22 76 0.004149
22 77 0.003817
22 78 0.002262
22 79 0.002247
22 80 0.007092
22 81 0.007463
22 82 0.002976
22 83 0.005319
22 84 0.004167
22 85 0.008547
22 86 0.008929
22 87 0.007246
22 88 0.010204
22 89 0.002681
22 90 0.002347
22 91 0.001835
22 92 0.002950
22 93 0.013889
22 94 0.055556
22 95 0.002475
22 96 0.002833
22 97 0.001946
22 98 0.005618
22 99 0.002924
23 24 0.002278
23 25 0.002079
23 26 0.006711
23 27 0.001901
23 28 0.005952
23 29 0.005952
23 30 0.005525
23 31 0.002242
23 32 0.002222
23 33 0.003953
23 34 0.003953
23 35 0.010101
23 36 0.005587
23 37 0.006098
23 38 0.002469
23 39 0.003003
23 40 0.028571
23 41 0.005128
23 42 0.002252
23 43 0.003559
23 44 0.002041
23 45 0.002278
23 46 0.002174
23 47 0.003717
23 48 0.003356
23 49 0.003788
23 50 0.002433
23 51 0.002331
23 52 0.011765
23 53 0.001949
23 54 0.012195
23 55 0.023810
23 56 0.003534
23 57 0.002119
23 58 0.010000
23 59 0.006098
23 60 0.002398
23 61 0.003215
23 62 0.013158
23 63 0.002203
23 64 0.002398
23 65 0.055556
23 66 0.005376
23 67 0.002874
23 68 0.002519
23 69 0.002141
23 70 0.002188
23 71 0.003731
23 72 0.002066
23 73 0.003891
23 74 0.003096
23 75 0.004673
23 76 0.003175
23 77 0.009091
23 78 0.004505
23 79 0.002183
23 80 0.004425
23 81 0.002404
23 82 0.007042
23 83 0.005208
23 84 0.002494
23 85 0.002475
23 86 0.002370
23 87 0.004115
23 88 0.003597
23 89 0.004292
23 90 0.003145
23 91 0.003636
23 92 0.003390
23 93 0.002336
23 94 0.002762
23 95 0.004219
23 96 0.002688
23 97 0.003289
23 98 0.005076
23 99 0.002183
24 25 0.022727
24 26 0.002033
24 27 0.006711
24 28 0.003663
24 29 0.003003
24 30 0.002278
24 31 0.003984
24 32 0.015873
24 33 0.003390
24 34 0.002833
24 35 0.002865
24 36 0.001908
24 37 0.002825
24 38 0.005814
24 39 0.004484
24 40 0.002193
24 41 0.003984
24 42 0.166667
24 43 0.004902
24 44 0.005917
24 45 0.125000
24 46 0.004237
24 47 0.003003
24 48 0.006369
24 49 0.002174
24 50 0.011364
24 51 0.004167
24 52 0.002793
24 53 0.006897
24 54 0.002747
24 55 0.002494
24 56 0.006135
24 57 0.010204
24 58 0.002353
24 59 0.002463
24 60 0.003135
24 61 0.004219
24 62 0.002488
24 63 0.005952
24 64 0.003185
24 65 0.002347
24 66 0.002160
24 67 0.010989
24 68 0.003390
24 69 0.005376
24 70 0.011111
24 71 0.005848
24 72 0.003802
24 73 0.003145
24 74 0.008333
24 75 0.004425
24 76 0.008065
24 77 0.002591
24 78 0.002762
24 79 0.005155
24 80 0.003215
24 81 0.006289
24 82 0.002012
24 83 0.002732
24 84 0.022222
24 85 0.005848
24 86 0.005263
24 87 0.002907
24 88 0.004032
24 89 0.003597
24 90 0.003717
24 91 0.002174
24 92 0.005076
24 93 0.003077
24 94 0.003817
24 95 0.003257
24 96 0.007042
24 97 0.002545
24 98 0.002841
24 99 0.014925
25 26 0.001890
25 27 0.006993
25 28 0.003175
25 29 0.002660
25 30 0.002110
25 31 0.003906
25 32 0.015625
25 33 0.003058
25 34 0.002538
25 35 0.002551
25 36 0.001783
25 37 0.002558
25 38 0.005405
25 39 0.004032
25 40 0.002012
25 41 0.003401
25 42 0.025641
25 43 0.004082
25 44 0.005618
25 45 0.023810
25 46 0.004202
25 47 0.002762
25 48 0.005000
25 49 0.002000
25 50 0.008475
25 51 0.004032
25 52 0.002494
25 53 0.006944
25 54 0.002469
25 55 0.002257
25 56 0.004926
25 57 0.011364
25 58 0.002155
25 59 0.002232
25 60 0.003012
25 61 0.003788
25 62 0.002247
25 63 0.005917
25 64 0.003067
25 65 0.002132
25 66 0.002004
25 67 0.007463
25 68 0.003226
25 69 0.004950
25 70 0.009615
25 71 0.004695
25 72 0.003817
25 73 0.002786
25 74 0.006135
25 75 0.003731
25 76 0.005988
25 77 0.002347
25 78 0.002481
25 79 0.004695
25 80 0.002899
25 81 0.005917
25 82 0.001869
25 83 0.002500
25 84 0.012195
25 85 0.005435
25 86 0.005051
25 87 0.002667
25 88 0.003584
25 89 0.003125
25 90 0.003268
25 91 0.002000
25 92 0.004219
25 93 0.002976
25 94 0.003559
25 95 0.002874
25 96 0.005650
25 97 0.002320
25 98 0.002584
25 99 0.012500
26 27 0.001647
26 28 0.003891
26 29 0.003322
26 30 0.013333
26 31 0.002398
26 32 0.002066
26 33 0.004444
26 34 0.002545
26 35 0.004566
26 36 0.028571
26 37 0.007143
26 38 0.002475
26 39 0.003125
26 40 0.008621
26 41 0.003472
26 42 0.002012
26 43 0.002611
26 44 0.001715
26 45 0.002041
26 46 0.002288
26 47 0.004651
26 48 0.002625
26 49 0.002427
26 50 0.002045
26 51 0.002481
26 52 0.004902
26 53 0.001681
26 54 0.006289
26 55 0.005650
26 56 0.003030
26 57 0.002016
26 58 0.013333
26 59 0.003205
26 60 0.002762
26 61 0.003367
26 62 0.004505
26 63 0.002203
26 64 0.002747
26 65 0.006098
26 66 0.016393
26 67 0.002451
26 68 0.002857
26 69 0.001767
26 70 0.001873
26 71 0.003040
26 72 0.002203
26 73 0.002558
26 74 0.002545
26 75 0.003425
26 76 0.002646
26 77 0.009091
26 78 0.002747
26 79 0.001786
26 80 0.005051
26 81 0.002387
26 82 0.071429
26 83 0.007092
26 84 0.002232
26 85 0.002481
26 86 0.002415
26 87 0.005319
26 88 0.003717
26 89 0.002809
26 90 0.002262
26 91 0.002358
26 92 0.002519
26 93 0.002688
26 94 0.003040
26 95 0.002717
26 96 0.002151
26 97 0.002232
26 98 0.006494
26 99 0.001894
27 28 0.002770
27 29 0.002597
27 30 0.001773
27 31 0.002519
27 32 0.004902
27 33 0.002315
27 34 0.002717
27 35 0.002331
27 36 0.001560
27 37 0.002101
27 38 0.003125
27 39 0.002703
27 40 0.001818
27 41 0.003012
27 42 0.006849
27 43 0.004000
27 44 0.016129
27 45 0.006410
27 46 0.002632
27 47 0.002114
27 48 0.004329
27 49 0.002128
27 50 0.008403
27 51 0.002584
27 52 0.002268
27 53 0.062500
27 54 0.002165
27 55 0.002062
27 56 0.003509
27 57 0.004329
27 58 0.001869
27 59 0.002232
27 60 0.002137
27 61 0.002625
27 62 0.002114
27 63 0.003215
27 64 0.002160
27 65 0.001953
27 66 0.001701
27 67 0.004878
27 68 0.002252
27 69 0.010204
27 70 0.013333
27 71 0.003584
27 72 0.002475
27 73 0.002985
27 74 0.004651
27 75 0.003135
27 76 0.004329
27 77 0.002008
27 78 0.002577
27 79 0.008772
27 80 0.002252
27 81 0.003268
27 82 0.001639
27 83 0.002024
27 84 0.005291
27 85 0.003135
27 86 0.002967
27 87 0.002079
27 88 0.002584
27 89 0.003155
27 90 0.003759
27 91 0.002141
27 92 0.004219
27 93 0.002114
27 94 0.002433
27 95 0.002985
27 96 0.006369
27 97 0.002591
27 98 0.002079
27 99 0.011494
28 29 0.009804
28 30 0.004274
28 31 0.003003
28 32 0.003436
28 33 0.005464
28 34 0.005376
28 35 0.012821
28 36 0.003425
28 37 0.006494
28 38 0.003676
28 39 0.004545
28 40 0.005291
28 41 0.031250
28 42 0.003597
28 43 0.007874
28 44 0.003030
28 45 0.003650
28 46 0.002941
28 47 0.004505
28 48 0.007634
28 49 0.003802
28 50 0.004082
28 51 0.003185
28 52 0.011628
28 53 0.002874
28 54 0.009804
28 55 0.007752
28 56 0.007874
28 57 0.003155
28 58 0.005495
28 59 0.005882
28 60 0.002985
28 61 0.004854
28 62 0.007463
28 63 0.003165
28 64 0.003012
28 65 0.006452
28 66 0.003937
28 67 0.005495
28 68 0.003247
28 69 0.003215
28 70 0.003436
28 71 0.009524
28 72 0.002710
28 73 0.005988
28 74 0.006410
28 75 0.020833
28 76 0.006711
28 77 0.006667
28 78 0.005882
28 79 0.003289
28 80 0.005882
28 81 0.003597
28 82 0.003891
28 83 0.005376
28 84 0.004202
28 85 0.003704
28 86 0.003413
28 87 0.004808
28 88 0.005618
28 89 0.008621
28 90 0.005128
28 91 0.003704
28 92 0.007143
28 93 0.002890
28 94 0.003774
28 95 0.007092
28 96 0.004739
28 97 0.004032
28 98 0.005618
28 99 0.003448
29 30 0.003311
29 31 0.002309
29 32 0.002740
29 33 0.003546
29 34 0.010417
29 35 0.012048
29 36 0.002994
29 37 0.004237
29 38 0.002732
29 39 0.003115
29 40 0.005000
29 41 0.010101
29 42 0.002959
29 43 0.007299
29 44 0.002941
29 45 0.002976
29 46 0.002283
29 47 0.003135
29 48 0.005650
29 49 0.006211
29 50 0.003571
29 51 0.002415
29 52 0.010204
29 53 0.002695
29 54 0.006711
29 55 0.007812
29 56 0.004651
29 57 0.002525
29 58 0.004329
29 59 0.013333
29 60 0.002288
29 61 0.003257
29 62 0.010309
29 63 0.002451
29 64 0.002304
29 65 0.006623
29 66 0.003155
29 67 0.004049
29 68 0.002439
29 69 0.003205
29 70 0.003086
29 71 0.005376
29 72 0.002141
29 73 0.010989
29 74 0.004673
29 75 0.007576
29 76 0.004630
29 77 0.004739
29 78 0.013889
29 79 0.003322
29 80 0.003759
29 81 0.002695
29 82 0.003367
29 83 0.003704
29 84 0.003257
29 85 0.002740
29 86 0.002577
29 87 0.003311
29 88 0.003571
29 89 0.014085
29 90 0.006623
29 91 0.005952
29 92 0.006667
29 93 0.002232
29 94 0.002725
29 95 0.014493
29 96 0.004367
29 97 0.006410
29 98 0.003774
29 99 0.003021
30 31 0.002907
30 32 0.002353
30 33 0.006369
30 34 0.002519
30 35 0.004545
30 36 0.010526
30 37 0.011236
30 38 0.002967
30 39 0.003968
30 40 0.006410
30 41 0.003788
30 42 0.002252
30 43 0.002793
30 44 0.001832
30 45 0.002288
30 46 0.002740
30 47 0.007042
30 48 0.002899
30 49 0.002304
30 50 0.002237
30 51 0.003021
30 52 0.004854
30 53 0.001808
30 54 0.006494
30 55 0.005155
30 56 0.003559
30 57 0.002304
30 58 0.012195
30 59 0.003040
30 60 0.003472
30 61 0.004367
30 62 0.004149
30 63 0.002591
30 64 0.003460
30 65 0.005236
30 66 0.040000
30 67 0.002778
30 68 0.003623
30 69 0.001876
30 70 0.002041
30 71 0.003497
30 72 0.002625
30 73 0.002577
30 74 0.002849
30 75 0.003846
30 76 0.003003
30 77 0.010870
30 78 0.002703
30 79 0.001890
30 80 0.007519
30 81 0.002833
30 82 0.011494
30 83 0.013333
30 84 0.002532
30 85 0.002976
30 86 0.002899
30 87 0.008621
30 88 0.004902
30 89 0.002899
30 90 0.002336
30 91 0.002247
30 92 0.002695
30 93 0.003367
30 94 0.003891
30 95 0.002755
30 96 0.002320
30 97 0.002198
30 98 0.011236
30 99 0.002079
31 32 0.005155
31 33 0.005025
31 34 0.002004
31 35 0.002519
31 36 0.002283
31 37 0.003425
31 38 0.011905
31 39 0.008621
31 40 0.002252
31 41 0.002985
31 42 0.003953
31 43 0.002770
31 44 0.002387
31 45 0.004098
31 46 0.038462
31 47 0.004926
31 48 0.003236
31 49 0.001692
31 50 0.003096
31 51 0.052632
31 52 0.002525
31 53 0.002532
31 54 0.002725
31 55 0.002353
31 56 0.004425
31 57 0.005814
31 58 0.002639
31 59 0.001992
31 60 0.011628
31 61 0.007353
31 62 0.002212
31 63 0.011111
31 64 0.012346
31 65 0.002262
31 66 0.002740
31 67 0.004016
31 68 0.012821
31 69 0.002320
31 70 0.002941
31 71 0.003891
31 72 0.025641
31 73 0.002132
31 74 0.003650
31 75 0.003311
31 76 0.003891
31 77 0.002882
31 78 0.002033
31 79 0.002288
31 80 0.004405
31 81 0.010638
31 82 0.002342
31 83 0.003584
31 84 0.004525
31 85 0.011765
31 86 0.015873
31 87 0.004367
31 88 0.005952
31 89 0.002415
31 90 0.002208
31 91 0.001675
31 92 0.002747
31 93 0.011494
31 94 0.011236
31 95 0.002237
31 96 0.002801
31 97 0.001802
31 98 0.003731
31 99 0.003155
32 33 0.003663
32 34 0.002513
32 35 0.002717
32 36 0.001946
32 37 0.002907
32 38 0.008264
32 39 0.005319
32 40 0.002160
32 41 0.003650
32 42 0.015873
32 43 0.004065
32 44 0.004348
32 45 0.017857
32 46 0.005650
32 47 0.003279
32 48 0.005155
32 49 0.001988
32 50 0.006711
32 51 0.005405
32 52 0.002667
32 53 0.004950
32 54 0.002695
32 55 0.002410
32 56 0.005952
32 57 0.027027
32 58 0.002370
32 59 0.002278
32 60 0.003731
32 61 0.004854
32 62 0.002358
32 63 0.009259
32 64 0.003802
32 65 0.002273
32 66 0.002227
32 67 0.008403
32 68 0.004049
32 69 0.004032
32 70 0.006579
32 71 0.005348
32 72 0.004950
32 73 0.002755
32 74 0.006536
32 75 0.004082
32 76 0.006711
32 77 0.002604
32 78 0.002481
32 79 0.003891
32 80 0.003413
32 81 0.009524
32 82 0.002037
32 83 0.002857
32 84 0.016667
32 85 0.008264
32 86 0.007407
32 87 0.003115
32 88 0.004464
32 89 0.003145
32 90 0.003115
32 91 0.001980
32 92 0.004132
32 93 0.003663
32 94 0.004566
32 95 0.002865
32 96 0.005025
32 97 0.002262
32 98 0.002967
32 99 0.007812
33 34 0.002710
33 35 0.004484
33 36 0.004000
33 37 0.010638
33 38 0.005556
33 39 0.010417
33 40 0.004049
33 41 0.004975
33 42 0.003333
33 43 0.003663
33 44 0.002353
33 45 0.003425
33 46 0.004608
33 47 0.022222
33 48 0.004167
33 49 0.002268
33 50 0.003115
33 51 0.005464
33 52 0.004587
33 53 0.002364
33 54 0.005618
33 55 0.004202
33 56 0.006536
33 57 0.003584
33 58 0.005525
33 59 0.002941
33 60 0.005988
33 61 0.013699
33 62 0.003676
33 63 0.004348
33 64 0.006024
33 65 0.003984
33 66 0.005556
33 67 0.004367
33 68 0.006897
33 69 0.002381
33 70 0.002786
33 71 0.005814
33 72 0.004219
33 73 0.002874
33 74 0.004348
33 75 0.005618
33 76 0.004762
33 77 0.006667
33 78 0.002841
33 79 0.002387
33 80 0.034483
33 81 0.005102
33 82 0.004274
33 83 0.011905
33 84 0.004000
33 85 0.005556
33 86 0.005263
33 87 0.020000
33 88 0.020408
33 89 0.003413
33 90 0.002770
33 91 0.002227
33 92 0.003534
33 93 0.005618
33 94 0.008929
33 95 0.003115
33 96 0.003115
33 97 0.002326
33 98 0.013889
33 99 0.002890
34 35 0.005618
34 36 0.002347
34 37 0.003030
34 38 0.002353
34 39 0.002538
34 40 0.003484
34 41 0.005848
34 42 0.002793
34 43 0.006579
34 44 0.003185
34 45 0.002793
34 46 0.001996
34 47 0.002451
34 48 0.004854
34 49 0.009346
34 50 0.003546
34 51 0.002079
34 52 0.005208
34 53 0.002833
34 54 0.004098
34 55 0.004608
34 56 0.003650
34 57 0.002309
34 58 0.003077
34 59 0.009804
34 60 0.001942
34 61 0.002611
34 62 0.005650
34 63 0.002174
34 64 0.001953
34 65 0.004237
34 66 0.002427
34 67 0.003571
34 68 0.002053
34 69 0.003571
34 70 0.003125
34 71 0.004132
34 72 0.001883
34 73 0.027778
34 74 0.004049
34 75 0.004975
34 76 0.003891
34 77 0.003268
34 78 0.031250
34 79 0.003759
34 80 0.002817
34 81 0.002347
34 82 0.002577
34 83 0.002747
34 84 0.002959
34 85 0.002358
34 86 0.002232
34 87 0.002545
34 88 0.002786
34 89 0.011628
34 90 0.009709
34 91 0.009346
34 92 0.006329
34 93 0.001905
34 94 0.002257
34 95 0.018868
34 96 0.004464
34 97 0.016129
34 98 0.002793
34 99 0.002994
35 36 0.003953
35 37 0.006211
35 38 0.002924
35 39 0.003546
35 40 0.007874
35 41 0.010000
35 42 0.002825
35 43 0.005464
35 44 0.002551
35 45 0.002849
35 46 0.002457
35 47 0.003937
35 48 0.004950
35 49 0.004464
35 50 0.003175
35 51 0.002646
35 52 0.062500
35 53 0.002410
35 54 0.014925
35 55 0.017544
35 56 0.004926
35 57 0.002538
35 58 0.006757
35 59 0.008333
35 60 0.002591
35 61 0.003788
35 62 0.017241
35 63 0.002571
35 64 0.002597
35 65 0.012048
35 66 0.004255
35 67 0.003876
35 68 0.002762
35 69 0.002710
35 70 0.002770
35 71 0.005495
35 72 0.002304
35 73 0.005780
35 74 0.004329
35 75 0.008000
35 76 0.004444
35 77 0.007752
35 78 0.006623
35 79 0.002778
35 80 0.004950
35 81 0.002857
35 82 0.004630
35 83 0.005128
35 84 0.003175
35 85 0.002933
35 86 0.002762
35 87 0.004274
35 88 0.004310
35 89 0.007194
35 90 0.004444
35 91 0.004274
35 92 0.005076
35 93 0.002513
35 94 0.003115
35 95 0.006711
35 96 0.003636
35 97 0.004237
35 98 0.005208
35 99 0.002755
36 37 0.005848
36 38 0.002326
36 39 0.002890
36 40 0.006897
36 41 0.003096
36 42 0.001890
36 43 0.002392
36 44 0.001621
36 45 0.001916
36 46 0.002179
36 47 0.004237
36 48 0.002410
36 49 0.002268
36 50 0.001912
36 51 0.002353
36 52 0.004202
36 53 0.001590
36 54 0.005155
36 55 0.004785
36 56 0.002762
36 57 0.001905
36 58 0.009091
36 59 0.002924
36 60 0.002639
36 61 0.003096
36 62 0.003953
36 63 0.002083
36 64 0.002625
36 65 0.005155
36 66 0.013514
36 67 0.002268
36 68 0.002717
36 69 0.001664
36 70 0.001761
36 71 0.002755
36 72 0.002105
36 73 0.002353
36 74 0.002342
36 75 0.003058
36 76 0.002427
36 77 0.006944
36 78 0.002525
36 79 0.001681
36 80 0.004444
36 81 0.002242
36 82 0.026316
36 83 0.005988
36 84 0.002083
36 85 0.002326
36 86 0.002278
36 87 0.004762
36 88 0.003378
36 89 0.002564
36 90 0.002101
36 91 0.002208
36 92 0.002315
36 93 0.002577
36 94 0.002849
36 95 0.002488
36 96 0.002000
36 97 0.002083
36 98 0.005556
36 99 0.001783
37 38 0.003731
37 39 0.005376
37 40 0.006452
37 41 0.005495
37 42 0.002786
37 43 0.003663
37 44 0.002183
37 45 0.002841
37 46 0.003226
37 47 0.009524
37 48 0.003876
37 49 0.002604
37 50 0.002786
37 51 0.003623
37 52 0.006623
37 53 0.002151
37 54 0.009901
37 55 0.006329
37 56 0.005155
37 57 0.002801
37 58 0.011364
37 59 0.003584
37 60 0.003922
37 61 0.006135
37 62 0.005025
37 63 0.003145
37 64 0.003922
37 65 0.006024
37 66 0.008929
37 67 0.003663
37 68 0.004255
37 69 0.002242
37 70 0.002488
37 71 0.005051
37 72 0.003021
37 73 0.003155
37 74 0.003802
37 75 0.005747
37 76 0.004082
37 77 0.017544
37 78 0.003257
37 79 0.002268
37 80 0.015152
37 81 0.003546
37 82 0.006757
37 83 0.028571
37 84 0.003226
37 85 0.003745
37 86 0.003571
37 87 0.012500
37 88 0.007576
37 89 0.003717
37 90 0.002865
37 91 0.002538
37 92 0.003509
37 93 0.003759
37 94 0.004878
37 95 0.003448
37 96 0.002915
37 97 0.002558
37 98 0.029412
37 99 0.002538
38 39 0.011765
38 40 0.002439
38 41 0.003731
38 42 0.005714
38 43 0.003534
38 44 0.002959
38 45 0.006061
38 46 0.012821
38 47 0.004926
38 48 0.004367
38 49 0.001916
38 50 0.004149
38 51 0.014286
38 52 0.002907
38 53 0.003155
38 54 0.003086
38 55 0.002646
38 56 0.006536
38 57 0.009009
38 58 0.002825
38 59 0.002278
38 60 0.006757
38 61 0.009259
38 62 0.002506
38 63 0.019608
38 64 0.006993
38 65 0.002506
38 66 0.002778
38 67 0.006024
38 68 0.007937
38 69 0.002874
38 70 0.003846
38 71 0.005435
38 72 0.009259
38 73 0.002538
38 74 0.005181
38 75 0.004255
38 76 0.005682
38 77 0.003145
38 78 0.002375
38 79 0.002825
38 80 0.004854
38 81 0.055556
38 82 0.002421
38 83 0.003788
38 84 0.007246
38 85 0.500000
38 86 0.041667
38 87 0.004464
38 88 0.007353
38 89 0.002941
38 90 0.002681
38 91 0.001901
38 92 0.003521
38 93 0.006494
38 94 0.009901
38 95 0.002681
38 96 0.003650
38 97 0.002088
38 98 0.003984
38 99 0.004202
39 40 0.003003
39 41 0.004444
39 42 0.004405
39 43 0.003731
39 44 0.002667
39 45 0.004587
39 46 0.007812
39 47 0.008333
39 48 0.004525
39 49 0.002075
39 50 0.003690
39 51 0.010309
39 52 0.003559
39 53 0.002755
39 54 0.003953
39 55 0.003226
39 56 0.007812
39 57 0.005319
39 58 0.003663
39 59 0.002571
39 60 0.008065
39 61 0.041667
39 62 0.002967
39 63 0.007463
39 64 0.008333
39 65 0.003049
39 66 0.003623
39 67 0.005525
39 68 0.010417
39 69 0.002653
39 70 0.003322
39 71 0.006289
39 72 0.006536
39 73 0.002732
39 74 0.005128
39 75 0.005155
39 76 0.005714
39 77 0.004184
39 78 0.002604
39 79 0.002632
39 80 0.008130
39 81 0.009901
39 82 0.003040
39 83 0.005556
39 84 0.005525
39 85 0.011905
39 86 0.010526
39 87 0.007143
39 88 0.017857
39 89 0.003215
39 90 0.002770
39 91 0.002049
39 92 0.003663
39 93 0.007463
39 94 0.019608
39 95 0.002915
39 96 0.003484
39 97 0.002212
39 98 0.005988
39 99 0.003534
40 41 0.004587
40 42 0.002169
40 43 0.003247
40 44 0.001938
40 45 0.002193
40 46 0.002174
40 47 0.003876
40 48 0.003125
40 49 0.003367
40 50 0.002304
40 51 0.002342
40 52 0.008929
40 53 0.001862
40 54 0.010753
40 55 0.013699
40 56 0.003367
40 57 0.002070
40 58 0.012821
40 59 0.005051
40 60 0.002445
40 61 0.003215
40 62 0.009009
40 63 0.002174
40 64 0.002445
40 65 0.019608
40 66 0.006329
40 67 0.002732
40 68 0.002564
40 69 0.002024
40 70 0.002083
40 71 0.003509
40 72 0.002070
40 73 0.003448
40 74 0.002915
40 75 0.004274
40 76 0.003003
40 77 0.010101
40 78 0.003906
40 79 0.002058
40 80 0.004545
40 81 0.002370
40 82 0.009259
40 83 0.005587
40 84 0.002398
40 85 0.002445
40 86 0.002353
40 87 0.004329
40 88 0.003597
40 89 0.003788
40 90 0.002865
40 91 0.003236
40 92 0.003106
40 93 0.002381
40 94 0.002793
40 95 0.003717
40 96 0.002513
40 97 0.002959
40 98 0.005405
40 99 0.002088
41 42 0.003906
41 43 0.010417
41 44 0.003333
41 45 0.003953
41 46 0.002941
41 47 0.004132
41 48 0.009709
41 49 0.003891
41 50 0.004608
41 51 0.003165
41 52 0.009009
41 53 0.003135
41 54 0.007519
41 55 0.006494
41 56 0.008547
41 57 0.003300
41 58 0.004673
41 59 0.005814
41 60 0.002907
41 61 0.004695
41 62 0.006579
41 63 0.003236
41 64 0.002924
41 65 0.005525
41 66 0.003509
41 67 0.006250
41 68 0.003155
41 69 0.003571
41 70 0.003802
41 71 0.011111
41 72 0.002710
41 73 0.006757
41 74 0.007576
41 75 0.029412
41 76 0.007812
41 77 0.005525
41 78 0.006289
41 79 0.003663
41 80 0.005236
41 81 0.003676
41 82 0.003472
41 83 0.004717
41 84 0.004566
41 85 0.003759
41 86 0.003448
41 87 0.004329
41 88 0.005319
41 89 0.010753
41 90 0.005952
41 91 0.003802
41 92 0.009174
41 93 0.002817
41 94 0.003663
41 95 0.008197
41 96 0.005525
41 97 0.004329
41 98 0.004902
41 99 0.003788
42 43 0.004808
42 44 0.005952
42 45 0.100000
42 46 0.004219
42 47 0.002967
42 48 0.006173
42 49 0.002155
42 50 0.011111
42 51 0.004132
42 52 0.002755
42 53 0.006993
42 54 0.002710
42 55 0.002463
42 56 0.005952
42 57 0.010204
42 58 0.002326
42 59 0.002439
42 60 0.003106
42 61 0.004132
42 62 0.002457
42 63 0.005917
42 64 0.003155
42 65 0.002315
42 66 0.002137
42 67 0.010309
42 68 0.003356
42 69 0.005376
42 70 0.011111
42 71 0.005650
42 72 0.003788
42 73 0.003096
42 74 0.008000
42 75 0.004329
42 76 0.007692
42 77 0.002551
42 78 0.002732
42 79 0.005128
42 80 0.003165
42 81 0.006211
42 82 0.001992
42 83 0.002695
42 84 0.020000
42 85 0.005747
42 86 0.005208
42 87 0.002865
42 88 0.003953
42 89 0.003546
42 90 0.003663
42 91 0.002155
42 92 0.004975
42 93 0.003049
42 94 0.003759
42 95 0.003215
42 96 0.006897
42 97 0.002519
42 98 0.002801
42 99 0.015385
43 44 0.004762
43 45 0.004808
43 46 0.002778
43 47 0.003155
43 48 0.018182
43 49 0.003891
43 50 0.006993
43 51 0.002907
43 52 0.005102
43 53 0.004237
43 54 0.004405
43 55 0.004184
43 56 0.007143
43 57 0.003559
43 58 0.003247
43 59 0.004854
43 60 0.002558
43 61 0.003802
43 62 0.004464
43 63 0.003195
43 64 0.002577
43 65 0.003774
43 66 0.002639
43 67 0.007752
43 68 0.002755
43 69 0.005348
43 70 0.005348
43 71 0.009091
43 72 0.002564
43 73 0.008475
43 74 0.010417
43 75 0.010000
43 76 0.009259
43 77 0.003623
43 78 0.006289
43 79 0.005587
43 80 0.003704
43 81 0.003559
43 82 0.002611
43 83 0.003322
43 84 0.005348
43 85 0.003559
43 86 0.003268
43 87 0.003215
43 88 0.004049
43 89 0.013333
43 90 0.010638
43 91 0.003861
43 92 0.066667
43 93 0.002494
43 94 0.003135
43 95 0.009709
43 96 0.010638
43 97 0.005000
43 98 0.003436
43 99 0.005128
44 45 0.005650
44 46 0.002475
44 47 0.002137
44 48 0.004926
44 49 0.002421
44 50 0.009524
44 51 0.002463
44 52 0.002469
44 53 0.020408
44 54 0.002315
44 55 0.002227
44 56 0.003663
44 57 0.003802
44 58 0.001965
44 59 0.002506
44 60 0.002070
44 61 0.002611
44 62 0.002315
44 63 0.002967
44 64 0.002092
44 65 0.002105
44 66 0.001757
44 67 0.005051
44 68 0.002188
44 69 0.027027
44 70 0.012658
44 71 0.003831
44 72 0.002320
44 73 0.003546
44 74 0.005051
44 75 0.003436
44 76 0.004608
44 77 0.002110
44 78 0.002985
44 79 0.019231
44 80 0.002304
44 81 0.003067
44 82 0.001709
44 83 0.002088
44 84 0.004975
44 85 0.002967
44 86 0.002801
44 87 0.002119
44 88 0.002604
44 89 0.003704
44 90 0.004739
44 91 0.002445
44 92 0.005102
44 93 0.002041
44 94 0.002381
44 95 0.003509
44 96 0.008403
44 97 0.003049
44 98 0.002141
44 99 0.009709
45 46 0.004386
45 47 0.003040
45 48 0.006250
45 49 0.002151
45 50 0.010526
45 51 0.004292
45 52 0.002786
45 53 0.006579
45 54 0.002747
45 55 0.002488
45 56 0.006173
45 57 0.010989
45 58 0.002358
45 59 0.002445
45 60 0.003195
45 61 0.004292
45 62 0.002475
45 63 0.006211
45 64 0.003247
45 65 0.002342
45 66 0.002169
45 67 0.010753
45 68 0.003460
45 69 0.005181
45 70 0.010204
45 71 0.005814
45 72 0.003922
45 73 0.003096
45 74 0.008130
45 75 0.004405
45 76 0.007937
45 77 0.002597
45 78 0.002725
45 79 0.004950
45 80 0.003247
45 81 0.006579
45 82 0.002020
45 83 0.002755
45 84 0.023810
45 85 0.006098
45 86 0.005464
45 87 0.002933
45 88 0.004098
45 89 0.003546
45 90 0.003636
45 91 0.002151
45 92 0.004975
45 93 0.003135
45 94 0.003891
45 95 0.003215
45 96 0.006711
45 97 0.002506
45 98 0.002865
45 99 0.013514
46 47 0.004464
46 48 0.003268
46 49 0.001678
46 50 0.003205
46 51 0.028571
46 52 0.002457
46 53 0.002646
46 54 0.002625
46 55 0.002288
46 56 0.004405
46 57 0.006579
46 58 0.002519
46 59 0.001965
46 60 0.008929
46 61 0.006667
46 62 0.002160
46 63 0.014286
46 64 0.009346
46 65 0.002193
46 66 0.002591
46 67 0.004132
46 68 0.009709
46 69 0.002392
46 70 0.003077
46 71 0.003861
46 72 0.032258
46 73 0.002128
46 74 0.003704
46 75 0.003257
46 76 0.003953
46 77 0.002747
46 78 0.002020
46 79 0.002353
46 80 0.004082
46 81 0.012048
46 82 0.002237
46 83 0.003356
46 84 0.004785
46 85 0.012658
46 86 0.018519
46 87 0.004000
46 88 0.005464
46 89 0.002404
46 90 0.002222
46 91 0.001664
46 92 0.002770
46 93 0.008929
46 94 0.009174
46 95 0.002227
46 96 0.002865
46 97 0.001799
46 98 0.003484
46 99 0.003311
47 48 0.003521
47 49 0.002105
47 50 0.002747
47 51 0.005263
47 52 0.004049
47 53 0.002155
47 54 0.004975
47 55 0.003846
47 56 0.005076
47 57 0.003257
47 58 0.005405
47 59 0.002681
47 60 0.006579
47 61 0.010000
47 62 0.003344
47 63 0.004000
47 64 0.006536
47 65 0.003704
47 66 0.006135
47 67 0.003690
47 68 0.007353
47 69 0.002155
47 70 0.002500
47 71 0.004630
47 72 0.004167
47 73 0.002577
47 74 0.003663
47 75 0.004525
47 76 0.003953
47 77 0.006211
47 78 0.002571
47 79 0.002160
47 80 0.018868
47 81 0.004545
47 82 0.004425
47 83 0.012346
47 84 0.003472
47 85 0.004950
47 86 0.004808
47 87 0.035714
47 88 0.011628
47 89 0.002994
47 90 0.002475
47 91 0.002066
47 92 0.003058
47 93 0.006135
47 94 0.008621
47 95 0.002762
47 96 0.002740
47 97 0.002132
47 98 0.013699
47 99 0.002591
48 49 0.003226
48 50 0.008772
48 51 0.003425
48 52 0.004695
48 53 0.004608
48 54 0.004310
48 55 0.003891
48 56 0.010638
48 57 0.004386
48 58 0.003247
48 59 0.004016
48 60 0.002907
48 61 0.004566
48 62 0.003984
48 63 0.003876
48 64 0.002941
48 65 0.003521
48 66 0.002717
48 67 0.013333
48 68 0.003165
48 69 0.005319
48 70 0.006250
48 71 0.014493
48 72 0.002967
48 73 0.005814
48 74 0.023810
48 75 0.011111
48 76 0.018519
48 77 0.003676
48 78 0.004762
48 79 0.005435
48 80 0.004132
48 81 0.004405
48 82 0.002611
48 83 0.003546
48 84 0.007463
48 85 0.004386
48 86 0.003968
48 87 0.003534
48 88 0.004808
48 89 0.008065
48 90 0.006944
48 91 0.003205
48 92 0.017857
48 93 0.002825
48 94 0.003676
48 95 0.006452
48 96 0.011628
48 97 0.003937
48 98 0.003704
48 99 0.006211
49 50 0.002571
49 51 0.001745
49 52 0.004274
49 53 0.002198
49 54 0.003497
49 55 0.004149
49 56 0.002710
49 57 0.001862
49 58 0.002817
49 59 0.009434
49 60 0.001675
49 61 0.002137
49 62 0.005128
49 63 0.001786
49 64 0.001681
49 65 0.004000
49 66 0.002247
49 67 0.002604
49 68 0.001751
49 69 0.002646
49 70 0.002353
49 71 0.002950
49 72 0.001600
49 73 0.007042
49 74 0.002849
49 75 0.003448
49 76 0.002786
49 77 0.002882
49 78 0.009804
49 79 0.002747
49 80 0.002364
49 81 0.001908
49 82 0.002475
49 83 0.002392
49 84 0.002257
49 85 0.001923
49 86 0.001838
49 87 0.002193
49 88 0.002273
49 89 0.005376
49 90 0.004878
49 91 0.076923
49 92 0.003788
49 93 0.001642
49 94 0.001898
49 95 0.006452
49 96 0.003030
49 97 0.010870
49 98 0.002404
49 99 0.002273
50 51 0.003226
50 52 0.003058
50 53 0.009346
50 54 0.002899
50 55 0.002703
50 56 0.005882
50 57 0.005405
50 58 0.002398
50 59 0.002874
50 60 0.002618
50 61 0.003597
50 62 0.002762
50 63 0.004032
50 64 0.002653
50 65 0.002519
50 66 0.002123
50 67 0.010753
50 68 0.002809
50 69 0.009174
50 70 0.021277
50 71 0.006173
50 72 0.002941
50 73 0.004049
50 74 0.010309
50 75 0.004975
50 76 0.008696
50 77 0.002632
50 78 0.003378
50 79 0.008772
50 80 0.003021
50 81 0.004348
50 82 0.002033
50 83 0.002646
50 84 0.009615
50 85 0.004184
50 86 0.003831
50 87 0.002710
50 88 0.003584
50 89 0.004630
50 90 0.005263
50 91 0.002577
50 92 0.007576
50 93 0.002571
50 94 0.003155
50 95 0.004149
50 96 0.016667
50 97 0.003175
50 98 0.002732
50 99 0.018868
51 52 0.002646
51 53 0.002604
51 54 0.002865
51 55 0.002457
51 56 0.004831
51 57 0.006024
51 58 0.002755
51 59 0.002066
51 60 0.011494
51 61 0.008475
51 62 0.002304
51 63 0.011765
51 64 0.012195
51 65 0.002353
51 66 0.002841
51 67 0.004292
51 68 0.013699
51 69 0.002398
51 70 0.003049
51 71 0.004184
51 72 0.017857
51 73 0.002217
51 74 0.003876
51 75 0.003521
51 76 0.004167
51 77 0.003021
51 78 0.002114
51 79 0.002364
51 80 0.004739
51 81 0.012195
51 82 0.002421
51 83 0.003788
51 84 0.004831
51 85 0.014085
51 86 0.019608
51 87 0.004651
51 88 0.006623
51 89 0.002525
51 90 0.002299
51 91 0.001730
51 92 0.002890
51 93 0.011111
51 94 0.013514
51 95 0.002336
51 96 0.002924
51 97 0.001862
51 98 0.003953
51 99 0.003268
52 53 0.002336
52 54 0.018519
52 55 0.022727
52 56 0.004785
52 57 0.002500
52 58 0.007463
52 59 0.007752
52 60 0.002611
52 61 0.003817
52 62 0.017857
52 63 0.002558
52 64 0.002625
52 65 0.014085
52 66 0.004525
52 67 0.003745
52 68 0.002793
52 69 0.002611
52 70 0.002681
52 71 0.005291
52 72 0.002304
52 73 0.005319
52 74 0.004149
52 75 0.007519
52 76 0.004274
52 77 0.008621
52 78 0.006061
52 79 0.002674
52 80 0.005102
52 81 0.002833
52 82 0.004975
52 83 0.005405
52 84 0.003096
52 85 0.002915
52 86 0.002755
52 87 0.004444
52 88 0.004348
52 89 0.006494
52 90 0.004167
52 91 0.004098
52 92 0.004762
52 93 0.002538
52 94 0.003135
52 95 0.006098
52 96 0.003472
52 97 0.004000
52 98 0.005464
52 99 0.002674
53 54 0.002227
53 55 0.002123
53 56 0.003636
53 57 0.004329
53 58 0.001912
53 59 0.002309
53 60 0.002155
53 61 0.002674
53 62 0.002179
53 63 0.003236
53 64 0.002179
53 65 0.002008
53 66 0.001733
53 67 0.005102
53 68 0.002278
53 69 0.011765
53 70 0.015385
53 71 0.003731
53 72 0.002481
53 73 0.003125
53 74 0.004926
53 75 0.003268
53 76 0.004545
53 77 0.002058
53 78 0.002688
53 79 0.010000
53 80 0.002304
53 81 0.003300
53 82 0.001672
53 83 0.002066
53 84 0.005464
53 85 0.003165
53 86 0.002994
53 87 0.002123
53 88 0.002639
53 89 0.003311
53 90 0.003984
53 91 0.002212
53 92 0.004505
53 93 0.002128
53 94 0.002469
53 95 0.003125
53 96 0.007042
53 97 0.002695
53 98 0.002123
53 99 0.012346
54 55 0.016667
54 56 0.004878
54 57 0.002551
54 58 0.011765
54 59 0.005525
54 60 0.002907
54 61 0.004310
54 62 0.010101
54 63 0.002681
54 64 0.002915
54 65 0.013158
54 66 0.005917
54 67 0.003650
54 68 0.003106
54 69 0.002427
54 70 0.002558
54 71 0.005181
54 72 0.002469
54 73 0.004219
54 74 0.003968
54 75 0.006944
54 76 0.004132
54 77 0.015873
54 78 0.004608
54 79 0.002469
54 80 0.006536
54 81 0.002985
54 82 0.006329
54 83 0.007463
54 84 0.003077
54 85 0.003096
54 86 0.002933
54 87 0.005618
54 88 0.005025
54 89 0.005051
54 90 0.003534
54 91 0.003367
54 92 0.004149
54 93 0.002809
54 94 0.003509
54 95 0.004717
54 96 0.003195
54 97 0.003311
54 98 0.007463
54 99 0.002577
55 56 0.004032
55 57 0.002278
55 58 0.008696
55 59 0.007299
55 60 0.002475
55 61 0.003448
55 62 0.021277
55 63 0.002347
55 64 0.002481
55 65 0.037037
55 66 0.004902
55 67 0.003226
55 68 0.002625
55 69 0.002353
55 70 0.002398
55 71 0.004329
55 72 0.002160
55 73 0.004566
55 74 0.003521
55 75 0.005682
55 76 0.003610
55 77 0.009091
55 78 0.005348
55 79 0.002404
55 80 0.004717
55 81 0.002577
55 82 0.005814
55 83 0.005291
55 84 0.002740
55 85 0.002653
55 86 0.002525
55 87 0.004237
55 88 0.003891
55 89 0.005208
55 90 0.003610
55 91 0.003968
55 92 0.003953
55 93 0.002410
55 94 0.002907
55 95 0.005076
55 96 0.003021
55 97 0.003690
55 98 0.005236
55 99 0.002392
56 57 0.005208
56 58 0.003817
56 59 0.003460
56 60 0.003968
56 61 0.007937
56 62 0.003846
56 63 0.005181
56 64 0.004032
56 65 0.003663
56 66 0.003279
56 67 0.012500
56 68 0.004464
56 69 0.003731
56 70 0.004739
56 71 0.031250
56 72 0.003891
56 73 0.004098
56 74 0.012987
56 75 0.011905
56 76 0.017544
56 77 0.004464
56 78 0.003717
56 79 0.003745
56 80 0.006211
56 81 0.006410
56 82 0.002985
56 83 0.004762
56 84 0.008264
56 85 0.006623
56 86 0.005682
56 87 0.005000
56 88 0.008621
56 89 0.005291
56 90 0.004292
56 91 0.002674
56 92 0.006897
56 93 0.003817
56 94 0.005587
56 95 0.004505
56 96 0.005917
56 97 0.003030
56 98 0.005076
56 99 0.004975
57 58 0.002283
57 59 0.002128
57 60 0.003968
57 61 0.004785
57 62 0.002222
57 63 0.012048
57 64 0.004065
57 65 0.002160
57 66 0.002183
57 67 0.006536
57 68 0.004292
57 69 0.003546
57 70 0.005405
57 71 0.004673
57 72 0.005714
57 73 0.002513
57 74 0.005376
57 75 0.003676
57 76 0.005556
57 77 0.002500
57 78 0.002294
57 79 0.003425
57 80 0.003322
57 81 0.010753
57 82 0.001984
57 83 0.002786
57 84 0.010526
57 85 0.009091
57 86 0.008475
57 87 0.003077
57 88 0.004329
57 89 0.002849
57 90 0.002793
57 91 0.001855
57 92 0.003610
57 93 0.003922
57 94 0.004739
57 95 0.002618
57 96 0.004237
57 97 0.002092
57 98 0.002890
57 99 0.006250
58 59 0.003984
58 60 0.002967
58 61 0.004000
58 62 0.006211
58 63 0.002475
58 64 0.002959
58 65 0.009174
58 66 0.011111
58 67 0.002959
58 68 0.003125
58 69 0.002033
58 70 0.002165
58 71 0.003861
58 72 0.002398
58 73 0.003125
58 74 0.003106
58 75 0.004566
58 76 0.003247
58 77 0.025641
58 78 0.003367
58 79 0.002058
58 80 0.006536
58 81 0.002725
58 82 0.013158
58 83 0.009524
58 84 0.002611
58 85 0.002833
58 86 0.002725
58 87 0.006329
58 88 0.004587
58 89 0.003534
58 90 0.002717
58 91 0.002732
58 92 0.003106
58 93 0.002874
58 94 0.003436
58 95 0.003378
58 96 0.002558
58 97 0.002618
58 98 0.008850
58 99 0.002188
59 60 0.001996
59 61 0.002674
59 62 0.010989
59 63 0.002079
59 64 0.002004
59 65 0.006711
59 66 0.002941
59 67 0.003115
59 68 0.002105
59 69 0.002717
59 70 0.002558
59 71 0.003846
59 72 0.001859
59 73 0.008197
59 74 0.003472
59 75 0.004878
59 76 0.003436
59 77 0.004149
59 78 0.014085
59 79 0.002817
59 80 0.003115
59 81 0.002252
59 82 0.003279
59 83 0.003195
59 84 0.002625
59 85 0.002288
59 86 0.002174
59 87 0.002833
59 88 0.002907
59 89 0.007519
59 90 0.005155
59 91 0.008547
59 92 0.004608
59 93 0.001953
59 94 0.002309
59 95 0.008772
59 96 0.003390
59 97 0.006993
59 98 0.003215
59 99 0.002500
60 61 0.007576
60 62 0.002283
60 63 0.005848
60 64 0.166667
60 65 0.002398
60 66 0.003268
60 67 0.003367
60 68 0.034483
60 69 0.002041
60 70 0.002469
60 71 0.003546
60 72 0.009009
60 73 0.002049
60 74 0.003165
60 75 0.003185
60 76 0.003378
60 77 0.003215
60 78 0.001992
60 79 0.002024
60 80 0.005208
60 81 0.006135
60 82 0.002674
60 83 0.004292
60 84 0.003534
60 85 0.006711
60 86 0.007407
60 87 0.005556
60 88 0.006329
60 89 0.002315
60 90 0.002062
60 91 0.001656
60 92 0.002519
60 93 0.083333
60 94 0.013699
60 95 0.002155
60 96 0.002463
60 97 0.001742
60 98 0.004444
60 99 0.002604
61 62 0.003145
61 63 0.006329
61 64 0.007752
61 65 0.003257
61 66 0.003953
61 67 0.005376
61 68 0.009615
61 69 0.002604
61 70 0.003215
61 71 0.006494
61 72 0.005747
61 73 0.002801
61 74 0.005051
61 75 0.005464
61 76 0.005650
61 77 0.004630
61 78 0.002688
61 79 0.002597
61 80 0.010000
61 81 0.008065
61 82 0.003268
61 83 0.006369
61 84 0.005155
61 85 0.009346
61 86 0.008475
61 87 0.008475
61 88 0.030303
61 89 0.003322
61 90 0.002809
61 91 0.002105
61 92 0.003704
61 93 0.006993
61 94 0.016667
61 95 0.003012
61 96 0.003436
61 97 0.002257
61 98 0.006944
61 99 0.003401
62 63 0.002242
62 64 0.002294
62 65 0.016667
62 66 0.003984
62 67 0.003205
62 68 0.002415
62 69 0.002463
62 70 0.002451
62 71 0.004202
62 72 0.002045
62 73 0.005464
62 74 0.003534
62 75 0.005556
62 76 0.003584
62 77 0.006452
62 78 0.006849
62 79 0.002525
62 80 0.004016
62 81 0.002457
62 82 0.004651
62 83 0.004310
62 84 0.002710
62 85 0.002513
62 86 0.002387
62 87 0.003623
62 88 0.003497
62 89 0.006024
62 90 0.004049
62 91 0.004854
62 92 0.004219
62 93 0.002227
62 94 0.002674
62 95 0.006061
62 96 0.003155
62 97 0.004386
62 98 0.004310
62 99 0.002427
63 64 0.006024
63 65 0.002232
63 66 0.002445
63 67 0.005319
63 68 0.006452
63 69 0.002833
63 70 0.003876
63 71 0.004505
63 72 0.010526
63 73 0.002336
63 74 0.004566
63 75 0.003610
63 76 0.004854
63 77 0.002717
63 78 0.002179
63 79 0.002778
63 80 0.003906
63 81 0.025641
63 82 0.002160
63 83 0.003185
63 84 0.006849
63 85 0.019231
63 86 0.022727
63 87 0.003676
63 88 0.005348
63 89 0.002660
63 90 0.002500
63 91 0.001773
63 92 0.003205
63 93 0.005747
63 94 0.007042
63 95 0.002451
63 96 0.003448
63 97 0.001953
63 98 0.003322
63 99 0.004274
64 65 0.002404
64 66 0.003247
64 67 0.003425
64 68 0.040000
64 69 0.002062
64 70 0.002500
64 71 0.003584
64 72 0.009434
64 73 0.002062
64 74 0.003205
64 75 0.003215
64 76 0.003425
64 77 0.003215
64 78 0.002000
64 79 0.002045
64 80 0.005208
64 81 0.006329
64 82 0.002667
64 83 0.004292
64 84 0.003597
64 85 0.006944
64 86 0.007752
64 87 0.005525
64 88 0.006452
64 89 0.002331
64 90 0.002079
64 91 0.001661
64 92 0.002545
64 93 0.071429
64 94 0.014286
64 95 0.002169
64 96 0.002488
64 97 0.001751
64 98 0.004444
64 99 0.002639
65 66 0.005051
65 67 0.002976
65 68 0.002532
65 69 0.002217
65 70 0.002257
65 71 0.003906
65 72 0.002079
65 73 0.004167
65 74 0.003226
65 75 0.004950
65 76 0.003300
65 77 0.008772
65 78 0.004878
65 79 0.002262
65 80 0.004444
65 81 0.002445
65 82 0.006369
65 83 0.005102
65 84 0.002564
65 85 0.002513
65 86 0.002404
65 87 0.004082
65 88 0.003650
65 89 0.004608
65 90 0.003322
65 91 0.003831
65 92 0.003584
65 93 0.002336
65 94 0.002778
65 95 0.004545
65 96 0.002801
65 97 0.003484
65 98 0.005025
65 99 0.002252
66 67 0.002604
66 68 0.003390
66 69 0.001799
66 70 0.001946
66 71 0.003226
66 72 0.002488
66 73 0.002469
66 74 0.002674
66 75 0.003546
66 76 0.002801
66 77 0.009259
66 78 0.002597
66 79 0.001815
66 80 0.006369
66 81 0.002660
66 82 0.013699
66 83 0.010101
66 84 0.002387
66 85 0.002786
66 86 0.002717
66 87 0.007246
66 88 0.004405
66 89 0.002755
66 90 0.002237
66 91 0.002193
66 92 0.002551
66 93 0.003175
66 94 0.003597
66 95 0.002632
66 96 0.002208
66 97 0.002128
66 98 0.008850
66 99 0.001980
67 68 0.003704
67 69 0.005051
67 70 0.007576
67 71 0.012346
67 72 0.003663
67 73 0.004065
67 74 0.029412
67 75 0.007407
67 76 0.030303
67 77 0.003333
67 78 0.003521
67 79 0.005000
67 80 0.004184
67 81 0.006211
67 82 0.002427
67 83 0.003460
67 84 0.016393
67 85 0.006061
67 86 0.005291
67 87 0.003623
67 88 0.005376
67 89 0.005025
67 90 0.004717
67 91 0.002584
67 92 0.007937
67 93 0.003268
67 94 0.004367
67 95 0.004348
67 96 0.009091
67 97 0.003049
67 98 0.003623
67 99 0.008197
68 69 0.002155
68 70 0.002632
68 71 0.003937
68 72 0.009091
68 73 0.002174
68 74 0.003472
68 75 0.003484
68 76 0.003731
68 77 0.003425
68 78 0.002105
68 79 0.002141
68 80 0.005814
68 81 0.007042
68 82 0.002770
68 83 0.004630
68 84 0.003876
68 85 0.007937
68 86 0.008696
68 87 0.006098
68 88 0.007634
68 89 0.002469
68 90 0.002193
68 91 0.001730
68 92 0.002710
68 93 0.025641
68 94 0.022222
68 95 0.002294
68 96 0.002639
68 97 0.001832
68 98 0.004831
68 99 0.002778
69 70 0.010204
69 71 0.003968
69 72 0.002242
69 73 0.004000
69 74 0.005236
69 75 0.003636
69 76 0.004717
69 77 0.002188
69 78 0.003300
69 79 0.062500
69 80 0.002347
69 81 0.002959
69 82 0.001764
69 83 0.002132
69 84 0.004739
69 85 0.002882
69 86 0.002710
69 87 0.002146
69 88 0.002625
69 89 0.004132
69 90 0.005618
69 91 0.002674
69 92 0.005780
69 93 0.002008
69 94 0.002353
69 95 0.003937
69 96 0.009709
69 97 0.003425
69 98 0.002188
69 99 0.008130
70 71 0.004854
70 72 0.002841
70 73 0.003497
70 74 0.007092
70 75 0.004049
70 76 0.006369
70 77 0.002353
70 78 0.002976
70 79 0.009174
70 80 0.002703
70 81 0.004049
70 82 0.001862
70 83 0.002381
70 84 0.008130
70 85 0.003861
70 86 0.003597
70 87 0.002457
70 88 0.003175
70 89 0.003876
70 90 0.004484
70 91 0.002358
70 92 0.005714
70 93 0.002427
70 94 0.002907
70 95 0.003559
70 96 0.010204
70 97 0.002874
70 98 0.002457
70 99 0.038462
71 72 0.003460
71 73 0.004717
71 74 0.015385
71 75 0.016949
71 76 0.020000
71 77 0.004525
71 78 0.004202
71 79 0.004016
71 80 0.005714
71 81 0.005376
71 82 0.003003
71 83 0.004587
71 84 0.007463
71 85 0.005464
71 86 0.004831
71 87 0.004630
71 88 0.007143
71 89 0.006329
71 90 0.004926
71 91 0.002915
71 92 0.008621
71 93 0.003413
71 94 0.004762
71 95 0.005263
71 96 0.006667
71 97 0.003356
71 98 0.004854
71 99 0.005025
72 73 0.002000
72 74 0.003333
72 75 0.002976
72 76 0.003521
72 77 0.002591
72 78 0.001905
72 79 0.002208
72 80 0.003774
72 81 0.008850
72 82 0.002151
72 83 0.003155
72 84 0.004219
72 85 0.009091
72 86 0.011765
72 87 0.003745
72 88 0.004831
72 89 0.002242
72 90 0.002079
72 91 0.001587
72 92 0.002551
72 93 0.009346
72 94 0.007874
72 95 0.002088
72 96 0.002639
72 97 0.001706
72 98 0.003268
72 99 0.003049
73 74 0.004695
73 75 0.005714
73 76 0.004484
73 77 0.003356
73 78 0.018519
73 79 0.004237
73 80 0.002976
73 81 0.002538
73 82 0.002584
73 83 0.002857
73 84 0.003289
73 85 0.002545
73 86 0.002398
73 87 0.002667
73 88 0.002994
73 89 0.017857
73 90 0.013699
73 91 0.007042
73 92 0.008130
73 93 0.002004
73 94 0.002404
73 95 0.037037
73 96 0.005291
73 97 0.011494
73 98 0.002915
73 99 0.003344
74 75 0.009091
74 76 0.045455
74 77 0.003521
74 78 0.003984
74 79 0.005263
74 80 0.004219
74 81 0.005291
74 82 0.002525
74 83 0.003546
74 84 0.010638
74 85 0.005236
74 86 0.004630
74 87 0.003623
74 88 0.005208
74 89 0.006061
74 90 0.005525
74 91 0.002833
74 92 0.010638
74 93 0.003077
74 94 0.004082
74 95 0.005076
74 96 0.010638
74 97 0.003390
74 98 0.003704
74 99 0.007299
75 76 0.009804
75 77 0.005464
75 78 0.005236
75 79 0.003704
75 80 0.005814
75 81 0.004184
75 82 0.003401
75 83 0.004975
75 84 0.005236
75 85 0.004292
75 86 0.003891
75 87 0.004695
75 88 0.006250
75 89 0.008403
75 90 0.005435
75 91 0.003390
75 92 0.008929
75 93 0.003077
75 94 0.004132
75 95 0.006667
75 96 0.005747
75 97 0.003846
75 98 0.005236
75 99 0.004082
76 77 0.003704
76 78 0.003876
76 79 0.004739
76 80 0.004608
76 81 0.005747
76 82 0.002618
76 83 0.003788
76 84 0.010870
76 85 0.005714
76 86 0.005000
76 87 0.003906
76 88 0.005848
76 89 0.005780
76 90 0.005076
76 91 0.002762
76 92 0.009259
76 93 0.003279
76 94 0.004444
76 95 0.004878
76 96 0.008696
76 97 0.003257
76 98 0.003984
76 99 0.006667
77 78 0.003584
77 79 0.002217
77 80 0.008197
77 81 0.003021
77 82 0.008929
77 83 0.012048
77 84 0.002907
77 85 0.003155
77 86 0.003012
77 87 0.007463
77 88 0.005435
77 89 0.003906
77 90 0.002941
77 91 0.002801
77 92 0.003460
77 93 0.003106
77 94 0.003831
77 95 0.003676
77 96 0.002809
77 97 0.002740
77 98 0.011364
77 99 0.002381
78 79 0.003448
78 80 0.002967
78 81 0.002364
78 82 0.002786
78 83 0.002933
78 84 0.002915
78 85 0.002381
78 86 0.002252
78 87 0.002681
78 88 0.002890
78 89 0.011628
78 90 0.007937
78 91 0.009434
78 92 0.005988
78 93 0.001946
78 94 0.002320
78 95 0.017857
78 96 0.004184
78 97 0.011628
78 98 0.002976
78 99 0.002874
79 80 0.002358
79 81 0.002907
79 82 0.001783
79 83 0.002151
79 84 0.004608
79 85 0.002833
79 86 0.002667
79 87 0.002155
79 88 0.002625
79 89 0.004329
79 90 0.006098
79 91 0.002786
79 92 0.006061
79 93 0.001992
79 94 0.002336
79 95 0.004132
79 96 0.010000
79 97 0.003610
79 98 0.002203
79 99 0.007463
80 81 0.004505
80 82 0.004831
80 83 0.016949
80 84 0.003759
80 85 0.004854
80 86 0.004608
80 87 0.023810
80 88 0.014085
80 89 0.003534
80 90 0.002817
80 91 0.002315
80 92 0.003571
80 93 0.004902
80 94 0.007143
80 95 0.003226
80 96 0.003077
80 97 0.002398
80 98 0.022222
80 99 0.002786
81 82 0.002336
81 83 0.003584
81 84 0.007874
81 85 0.055556
81 86 0.031250
81 87 0.004167
81 88 0.006623
81 89 0.002924
81 90 0.002703
81 91 0.001890
81 92 0.003546
81 93 0.005952
81 94 0.008403
81 95 0.002674
81 96 0.003745
81 97 0.002088
81 98 0.003759
81 99 0.004444
82 83 0.006667
82 84 0.002203
82 85 0.002427
82 86 0.002364
82 87 0.005025
82 88 0.003610
82 89 0.002833
82 90 0.002278
82 91 0.002404
82 92 0.002519
82 93 0.002604
82 94 0.002950
82 95 0.002747
82 96 0.002146
82 97 0.002262
82 98 0.006135
82 99 0.001883
83 84 0.003115
83 85 0.003802
83 86 0.003650
83 87 0.018868
83 88 0.007752
83 89 0.003322
83 90 0.002632
83 91 0.002336
83 92 0.003195
83 93 0.004115
83 94 0.005236
83 95 0.003096
83 96 0.002725
83 97 0.002353
83 98 0.071429
83 99 0.002439
84 85 0.007299
84 86 0.006329
84 87 0.003344
84 88 0.004926
84 89 0.003876
84 90 0.003788
84 91 0.002247
84 92 0.005495
84 93 0.003448
84 94 0.004505
84 95 0.003460
84 96 0.006849
84 97 0.002611
84 98 0.003247
84 99 0.009709
85 86 0.040000
85 87 0.004484
85 88 0.007353
85 89 0.002950
85 90 0.002695
85 91 0.001905
85 92 0.003534
85 93 0.006452
85 94 0.009901
85 95 0.002688
85 96 0.003663
85 97 0.002092
85 98 0.004000
85 99 0.004219
86 87 0.004348
86 88 0.006711
86 89 0.002755
86 90 0.002525
86 91 0.001821
86 92 0.003257
86 93 0.007194
86 94 0.010101
86 95 0.002525
86 96 0.003378
86 97 0.001988
86 98 0.003831
86 99 0.003906
87 88 0.010309
87 89 0.003096
87 90 0.002525
87 91 0.002151
87 92 0.003106
87 93 0.005236
87 94 0.007042
87 95 0.002865
87 96 0.002740
87 97 0.002203
87 98 0.021277
87 99 0.002532
88 89 0.003584
88 90 0.002950
88 91 0.002237
88 92 0.003922
88 93 0.005917
88 94 0.011236
88 95 0.003236
88 96 0.003521
88 97 0.002387
88 98 0.008621
88 99 0.003322
89 90 0.011628
89 91 0.005291
89 92 0.011765
89 93 0.002257
89 94 0.002778
89 95 0.030303
89 96 0.006173
89 97 0.007042
89 98 0.003413
89 99 0.003731
90 91 0.004950
90 92 0.011111
90 93 0.002020
90 94 0.002427
90 95 0.011905
90 96 0.007692
90 97 0.007937
90 98 0.002695
90 99 0.004184
91 92 0.003774
91 93 0.001623
91 94 0.001873
91 95 0.006369
91 96 0.003049
91 97 0.011765
91 98 0.002353
91 99 0.002278
92 93 0.002457
92 94 0.003086
92 95 0.009009
92 96 0.012346
92 97 0.004950
92 98 0.003300
92 99 0.005435
93 94 0.011905
93 95 0.002110
93 96 0.002410
93 97 0.001709
93 98 0.004237
93 99 0.002564
94 95 0.002558
94 96 0.002967
94 97 0.001996
94 98 0.005556
94 99 0.003077
95 96 0.005435
95 97 0.009009
95 98 0.003155
95 99 0.003413
96 97 0.003922
96 98 0.002817
96 99 0.009009
97 98 0.002387
97 99 0.002740
98 99 0.002519
