100 4950
0 1 0.014925
0 2 0.014235
0 3 0.017778
0 4 0.047619
0 5 0.037383
0 6 0.008811
0 7 0.018957
0 8 0.013889
0 9 0.018018
0 10 0.012618
0 11 0.012658
0 12 0.041667
0 13 0.019900
0 14 0.022989
0 15 0.014440
0 16 0.041237
0 17 0.045977
0 18 0.012987
0 19 0.014870
0 20 0.013072
0 21 0.012862
0 22 0.013841
0 23 0.015564
0 24 0.012461
0 25 0.018349
0 26 0.009390
0 27 0.100000
0 28 0.021858
0 29 0.041667
0 30 0.035714
0 31 0.037383
0 32 0.040816
0 33 0.013937
0 34 0.085106
0 35 0.046512
0 36 0.022222
0 37 0.020833
0 38 0.011905
0 39 0.012012
0 40 0.017021
0 41 0.010582
0 42 0.016000
0 43 0.012121
0 44 0.035714
0 45 0.041667
0 46 0.014085
0 47 0.040404
0 48 0.011662
0 49 0.043011
0 50 0.307692
0 51 0.017094
0 52 0.012618
0 53 0.020725
0 54 0.012945
0 55 0.009975
0 56 0.049383
0 57 0.021858
0 58 0.023529
0 59 0.105263
0 60 0.022472
0 61 0.020513
0 62 0.041667
0 63 0.012698
0 64 0.014440
0 65 0.044444
0 66 0.026316
0 67 0.012308
0 68 0.018433
0 69 0.015810
0 70 0.018779
0 71 0.028369
0 72 0.009804
0 73 0.029630
0 74 0.043478
0 75 0.025478
0 76 0.014337
0 77 0.022727
0 78 0.018182
0 79 0.012461
0 80 0.061538
0 81 0.016327
0 82 0.016949
0 83 0.012739
0 84 0.009259
0 85 0.020833
0 86 0.023121
0 87 0.013029
0 88 0.051948
0 89 0.043478
0 90 0.013652
0 91 0.014286
0 92 0.016194
0 93 0.014035
0 94 0.020101
0 95 0.040404
0 96 0.024096
0 97 0.014706
0 98 0.017241
0 99 0.016064
1 2 0.015152
1 3 0.013841
1 4 0.021505
1 5 0.016598
1 6 0.017857
1 7 0.068966
1 8 0.072727
1 9 0.074074
1 10 0.062500
1 11 0.022599
1 12 0.022472
1 13 0.011662
1 14 0.012012
1 15 0.014184
1 16 0.021858
1 17 0.013605
1 18 0.095238
1 19 0.040000
1 20 0.035088
1 21 0.009732
1 22 0.015152
1 23 0.025157
1 24 0.009547
1 25 0.013333
1 26 0.020942
1 27 0.013333
1 28 0.045977
1 29 0.022857
1 30 0.012195
1 31 0.015686
1 32 0.020619
1 33 0.061538
1 34 0.017467
1 35 0.019608
1 36 0.009132
1 37 0.051282
1 38 0.047059
1 39 0.010127
1 40 0.014706
1 41 0.033613
1 42 0.067797
1 43 0.009926
1 44 0.011080
1 45 0.020408
1 46 0.019417
1 47 0.017857
1 48 0.014035
1 49 0.012780
1 50 0.015625
1 51 0.011173
1 52 0.043956
1 53 0.052632
1 54 0.016393
1 55 0.027027
1 56 0.012085
1 57 0.027397
1 58 0.010582
1 59 0.017241
1 60 0.040404
1 61 0.034188
1 62 0.010989
1 63 0.011662
1 64 0.016878
1 65 0.011236
1 66 0.009524
1 67 0.012500
1 68 0.022857
1 69 0.038462
1 70 0.024845
1 71 0.026846
1 72 0.026316
1 73 0.015564
1 74 0.020101
1 75 0.021505
1 76 0.012346
1 77 0.009368
1 78 0.017699
1 79 0.016949
1 80 0.015625
1 81 0.011111
1 82 0.021622
1 83 0.019512
1 84 0.018265
1 85 0.028777
1 86 0.038462
1 87 0.029197
1 88 0.011976
1 89 0.013605
1 90 0.062500
1 91 0.022346
1 92 0.026667
1 93 0.053333
1 94 0.012903
1 95 0.014286
1 96 0.015564
1 97 0.043478
1 98 0.013514
1 99 0.133333
2 3 0.008772
2 4 0.016598
2 5 0.011527
2 6 0.014035
2 7 0.016194
2 8 0.017699
2 9 0.017778
2 10 0.015873
2 11 0.009368
2 12 0.014925
2 13 0.024242
2 14 0.009050
2 15 0.153846
2 16 0.019139
2 17 0.011050
2 18 0.013559
2 19 0.023529
2 20 0.010724
2 21 0.023529
2 22 0.444444
2 23 0.037383
2 24 0.022857
2 25 0.008734
2 26 0.014599
2 27 0.012539
2 28 0.016000
2 29 0.017391
2 30 0.010230
2 31 0.022346
2 32 0.020305
2 33 0.018519
2 34 0.014184
2 35 0.019512
2 36 0.009029
2 37 0.016129
2 38 0.011628
2 39 0.028777
2 40 0.008850
2 41 0.013889
2 42 0.019512
2 43 0.026846
2 44 0.013841
2 45 0.013423
2 46 0.009174
2 47 0.021858
2 48 0.007752
2 49 0.010753
2 50 0.014652
2 51 0.025806
2 52 0.011299
2 53 0.017241
2 54 0.080000
2 55 0.013937
2 56 0.011080
2 57 0.027972
2 58 0.008889
2 59 0.014870
2 60 0.014870
2 61 0.024390
2 62 0.011527
2 63 0.048780
2 64 0.008830
2 65 0.012500
2 66 0.010101
2 67 0.068966
2 68 0.041237
2 69 0.024845
2 70 0.036036
2 71 0.013746
2 72 0.013378
2 73 0.010554
2 74 0.013468
2 75 0.029412
2 76 0.053333
2 77 0.008969
2 78 0.009639
2 79 0.008457
2 80 0.012270
2 81 0.027027
2 82 0.010101
2 83 0.008929
2 84 0.016129
2 85 0.012085
2 86 0.014870
2 87 0.010204
2 88 0.013889
2 89 0.010929
2 90 0.018100
2 91 0.042105
2 92 0.035088
2 93 0.011976
2 94 0.008889
2 95 0.019900
2 96 0.032520
2 97 0.011662
2 98 0.048780
2 99 0.014493
3 4 0.018265
3 5 0.033058
3 6 0.007812
3 7 0.015936
3 8 0.011799
3 9 0.014388
3 10 0.011364
3 11 0.020725
3 12 0.021164
3 13 0.009479
3 14 0.040404
3 15 0.008677
3 16 0.015936
3 17 0.026144
3 18 0.013029
3 19 0.011173
3 20 0.017094
3 21 0.007576
3 22 0.008658
3 23 0.010363
3 24 0.007421
3 25 0.210526
3 26 0.008351
3 27 0.018605
3 28 0.017467
3 29 0.017544
3 30 0.024845
3 31 0.012658
3 32 0.015038
3 33 0.011594
3 34 0.020619
3 35 0.015267
3 36 0.014545
3 37 0.016949
3 38 0.013245
3 39 0.007366
3 40 0.153846
3 41 0.009950
3 42 0.012658
3 43 0.007366
3 44 0.012270
3 45 0.024845
3 46 0.029851
3 47 0.013699
3 48 0.027586
3 49 0.024242
3 50 0.017857
3 51 0.008830
3 52 0.014925
3 53 0.015873
3 54 0.008602
3 55 0.009217
3 56 0.019608
3 57 0.012579
3 58 0.024242
3 59 0.019048
3 60 0.019231
3 61 0.012987
3 62 0.014981
3 63 0.007812
3 64 0.040000
3 65 0.014035
3 66 0.013468
3 67 0.007843
3 68 0.010929
3 69 0.011429
3 70 0.011299
3 71 0.023669
3 72 0.009195
3 73 0.043956
3 74 0.024540
3 75 0.012461
3 76 0.008351
3 77 0.015936
3 78 0.060606
3 79 0.026490
3 80 0.024845
3 81 0.008639
3 82 0.034783
3 83 0.023952
3 84 0.007905
3 85 0.026316
3 86 0.019417
3 87 0.018605
3 88 0.013746
3 89 0.026846
3 90 0.011527
3 91 0.009709
3 92 0.010724
3 93 0.016393
3 94 0.081633
3 95 0.012539
3 96 0.010929
3 97 0.018182
3 98 0.009217
3 99 0.015385
4 5 0.037383
4 6 0.010667
4 7 0.031250
4 8 0.019417
4 9 0.028986
4 10 0.017094
4 11 0.015625
4 12 0.125000
4 13 0.018519
4 14 0.019608
4 15 0.016393
4 16 0.121212
4 17 0.030075
4 18 0.017778
4 19 0.020942
4 20 0.017094
4 21 0.012658
4 22 0.016194
4 23 0.020942
4 24 0.012270
4 25 0.018349
4 26 0.011561
4 27 0.033898
4 28 0.039604
4 29 0.285714
4 30 0.023952
4 31 0.037383
4 32 0.085106
4 33 0.019512
4 34 0.078431
4 35 0.086957
4 36 0.015444
4 37 0.036364
4 38 0.015625
4 39 0.012270
4 40 0.018265
4 41 0.013559
4 42 0.023810
4 43 0.012232
4 44 0.021978
4 45 0.068966
4 46 0.016949
4 47 0.051282
4 48 0.013029
4 49 0.027027
4 50 0.055556
4 51 0.016393
4 52 0.016667
4 53 0.036364
4 54 0.015504
4 55 0.012539
4 56 0.025974
4 57 0.034783
4 58 0.017778
4 59 0.083333
4 60 0.040000
4 61 0.033333
4 62 0.022222
4 63 0.013605
4 64 0.016667
4 65 0.023392
4 66 0.017021
4 67 0.013652
4 68 0.025316
4 69 0.022599
4 70 0.026667
4 71 0.052632
4 72 0.012270
4 73 0.028986
4 74 0.070175
4 75 0.038095
4 76 0.015385
4 77 0.015873
4 78 0.021053
4 79 0.014545
4 80 0.043478
4 81 0.015873
4 82 0.021164
4 83 0.015385
4 84 0.011268
4 85 0.030534
4 86 0.042105
4 87 0.016807
4 88 0.026490
4 89 0.029630
4 90 0.019048
4 91 0.018433
4 92 0.022346
4 93 0.019231
4 94 0.019139
4 95 0.033058
4 96 0.026846
4 97 0.020202
4 98 0.018519
4 99 0.023810
5 6 0.008791
5 7 0.021277
5 8 0.014388
5 9 0.019139
5 10 0.013289
5 11 0.017391
5 12 0.048193
5 13 0.013289
5 14 0.039604
5 15 0.011429
5 16 0.028777
5 17 0.065574
5 18 0.014706
5 19 0.014286
5 20 0.016807
5 21 0.009804
5 22 0.011299
5 23 0.013699
5 24 0.009569
5 25 0.034483
5 26 0.009434
5 27 0.038095
5 28 0.025157
5 29 0.033613
5 30 0.043956
5 31 0.020305
5 32 0.026316
5 33 0.014235
5 34 0.054054
5 35 0.027397
5 36 0.018868
5 37 0.023810
5 38 0.013937
5 39 0.009434
5 40 0.031008
5 41 0.011142
5 42 0.016260
5 43 0.009434
5 44 0.018692
5 45 0.074074
5 46 0.021277
5 47 0.022989
5 48 0.016736
5 49 0.049383
5 50 0.038462
5 51 0.012012
5 52 0.015385
5 53 0.022346
5 54 0.010989
5 55 0.010336
5 56 0.035714
5 57 0.018349
5 58 0.028986
5 59 0.044444
5 60 0.027972
5 61 0.018519
5 62 0.023669
5 63 0.010076
5 64 0.022857
5 65 0.022346
5 66 0.018779
5 67 0.010025
5 68 0.015152
5 69 0.014925
5 70 0.015748
5 71 0.043478
5 72 0.010204
5 73 0.125000
5 74 0.075472
5 75 0.018868
5 76 0.011019
5 77 0.020408
5 78 0.034188
5 79 0.018018
5 80 0.090909
5 81 0.011662
5 82 0.027972
5 83 0.018182
5 84 0.009070
5 85 0.033333
5 86 0.028986
5 87 0.017316
5 88 0.022472
5 89 0.067797
5 90 0.014035
5 91 0.012539
5 92 0.014286
5 93 0.017544
5 94 0.038462
5 95 0.020202
5 96 0.016064
5 97 0.019139
5 98 0.012618
5 99 0.018692
6 7 0.014870
6 8 0.022472
6 9 0.016194
6 10 0.024845
6 11 0.010724
6 12 0.010499
6 13 0.009153
6 14 0.007246
6 15 0.012903
6 16 0.011173
6 17 0.007968
6 18 0.019139
6 19 0.021390
6 20 0.013072
6 21 0.008850
6 22 0.014337
6 23 0.018433
6 24 0.008753
6 25 0.007634
6 26 0.121212
6 27 0.008130
6 28 0.013423
6 29 0.011050
6 30 0.007449
6 31 0.010127
6 32 0.011111
6 33 0.022857
6 34 0.009390
6 35 0.010753
6 36 0.006309
6 37 0.013889
6 38 0.016949
6 39 0.009662
6 40 0.008081
6 41 0.033898
6 42 0.018957
6 43 0.009368
6 44 0.007707
6 45 0.009852
6 46 0.009569
6 47 0.010638
6 48 0.008163
6 49 0.007692
6 50 0.009050
6 51 0.009195
6 52 0.014870
6 53 0.014440
6 54 0.016878
6 55 0.046512
6 56 0.007561
6 57 0.014440
6 58 0.006768
6 59 0.009479
6 60 0.012698
6 61 0.015385
6 62 0.007313
6 63 0.011236
6 64 0.008850
6 65 0.007547
6 66 0.006633
6 67 0.012618
6 68 0.015267
6 69 0.019802
6 70 0.015564
6 71 0.010959
6 72 0.044444
6 73 0.008403
6 74 0.009804
6 75 0.012698
6 76 0.011142
6 77 0.006380
6 78 0.008909
6 79 0.009091
6 80 0.008658
6 81 0.009302
6 82 0.009852
6 83 0.009828
6 84 0.100000
6 85 0.011050
6 86 0.012539
6 87 0.012048
6 88 0.007984
6 89 0.007952
6 90 0.023392
6 91 0.019512
6 92 0.018018
6 93 0.014388
6 94 0.007505
6 95 0.009434
6 96 0.010989
6 97 0.013245
6 98 0.011111
6 99 0.015810
7 8 0.043478
7 9 0.142857
7 10 0.035088
7 11 0.022099
7 12 0.033058
7 13 0.013333
7 14 0.014134
7 15 0.015267
7 16 0.031250
7 17 0.016807
7 18 0.040816
7 19 0.036697
7 20 0.030303
7 21 0.010582
7 22 0.016064
7 23 0.026490
7 24 0.010336
7 25 0.015385
7 26 0.016807
7 27 0.016461
7 28 0.133333
7 29 0.033898
7 30 0.014652
7 31 0.019608
7 32 0.028369
7 33 0.041667
7 34 0.023392
7 35 0.026667
7 36 0.010499
7 37 0.200000
7 38 0.030075
7 39 0.010840
7 40 0.016807
7 41 0.023121
7 42 0.060606
7 43 0.010667
7 44 0.013072
7 45 0.028369
7 46 0.020619
7 47 0.023121
7 48 0.014545
7 49 0.015564
7 50 0.020101
7 51 0.012539
7 52 0.032258
7 53 0.181818
7 54 0.016807
7 55 0.019900
7 56 0.014599
7 57 0.036036
7 58 0.012308
7 59 0.022989
7 60 0.086957
7 61 0.047059
7 62 0.013072
7 63 0.012422
7 64 0.018433
7 65 0.013378
7 66 0.011050
7 67 0.013158
7 68 0.026490
7 69 0.038462
7 70 0.029412
7 71 0.041667
7 72 0.019417
7 73 0.019324
7 74 0.027972
7 75 0.027586
7 76 0.013468
7 77 0.010811
7 78 0.020619
7 79 0.017467
7 80 0.020101
7 81 0.012384
7 82 0.024845
7 83 0.019802
7 84 0.015504
7 85 0.039216
7 86 0.080000
7 87 0.027027
7 88 0.014440
7 89 0.016736
7 90 0.040404
7 91 0.022727
7 92 0.028571
7 93 0.041667
7 94 0.015038
7 95 0.017467
7 96 0.018519
7 97 0.040404
7 98 0.015209
7 99 0.093023
8 9 0.057143
8 10 0.121212
8 11 0.017391
8 12 0.019417
8 13 0.012195
8 14 0.010667
8 15 0.016194
8 16 0.020513
8 17 0.012270
8 18 0.056338
8 19 0.071429
8 20 0.024096
8 21 0.010444
8 22 0.017778
8 23 0.033333
8 24 0.010256
8 25 0.011461
8 26 0.027397
8 27 0.012384
8 28 0.033333
8 29 0.020725
8 30 0.011080
8 31 0.015810
8 32 0.019900
8 33 0.363636
8 34 0.015748
8 35 0.018779
8 36 0.008621
8 37 0.036364
8 38 0.033333
8 39 0.011050
8 40 0.012384
8 41 0.043956
8 42 0.100000
8 43 0.010782
8 44 0.010840
8 45 0.017467
8 46 0.015326
8 47 0.017699
8 48 0.011765
8 49 0.011594
8 50 0.014493
8 51 0.011834
8 52 0.029197
8 53 0.039604
8 54 0.020101
8 55 0.035088
8 56 0.011173
8 57 0.030303
8 58 0.009639
8 59 0.015810
8 60 0.029197
8 61 0.037736
8 62 0.010444
8 63 0.013029
8 64 0.013746
8 65 0.010782
8 66 0.009091
8 67 0.014286
8 68 0.027027
8 69 0.058824
8 70 0.029630
8 71 0.021390
8 72 0.033058
8 73 0.013423
8 74 0.017241
8 75 0.022727
8 76 0.013699
8 77 0.008791
8 78 0.014388
8 79 0.013746
8 80 0.013937
8 81 0.011834
8 82 0.016736
8 83 0.015385
8 84 0.023810
8 85 0.021277
8 86 0.028369
8 87 0.021053
8 88 0.011594
8 89 0.012195
8 90 0.400000
8 91 0.029630
8 92 0.035088
8 93 0.031250
8 94 0.011204
8 95 0.014235
8 96 0.016461
8 97 0.027397
8 98 0.014815
8 99 0.048193
9 10 0.041237
9 11 0.019704
9 12 0.029197
9 13 0.013746
9 14 0.013072
9 15 0.016598
9 16 0.030303
9 17 0.015564
9 18 0.042105
9 19 0.048780
9 20 0.026667
9 21 0.011019
9 22 0.017621
9 23 0.031746
9 24 0.010782
9 25 0.013986
9 26 0.018519
9 27 0.015625
9 28 0.076923
9 29 0.031746
9 30 0.013699
9 31 0.019802
9 32 0.028169
9 33 0.054795
9 34 0.021622
9 35 0.026144
9 36 0.010101
9 37 0.093023
9 38 0.029197
9 39 0.011396
9 40 0.015094
9 41 0.025478
9 42 0.102564
9 43 0.011173
9 44 0.012903
9 45 0.025000
9 46 0.018265
9 47 0.023392
9 48 0.013333
9 49 0.014545
9 50 0.019139
9 51 0.012987
9 52 0.029412
9 53 0.129032
9 54 0.018779
9 55 0.021978
9 56 0.013841
9 57 0.042105
9 58 0.011594
9 59 0.021505
9 60 0.056338
9 61 0.059701
9 62 0.012618
9 63 0.013245
9 64 0.016393
9 65 0.013029
9 66 0.010724
9 67 0.014184
9 68 0.030534
9 69 0.051948
9 70 0.034483
9 71 0.033613
9 72 0.021277
9 73 0.017391
9 74 0.024691
9 75 0.029851
9 76 0.014337
9 77 0.010363
9 78 0.018100
9 79 0.015748
9 80 0.018433
9 81 0.012903
9 82 0.021277
9 83 0.017699
9 84 0.017094
9 85 0.031008
9 86 0.054054
9 87 0.023810
9 88 0.014134
9 89 0.015504
9 90 0.051948
9 91 0.026667
9 92 0.034783
9 93 0.035714
9 94 0.013746
9 95 0.017621
9 96 0.019512
9 97 0.033613
9 98 0.016129
9 99 0.075472
10 11 0.017699
10 12 0.017167
10 13 0.011111
10 14 0.010127
10 15 0.014599
10 16 0.017778
10 17 0.011396
10 18 0.068966
10 19 0.047619
10 20 0.025157
10 21 0.009709
10 22 0.016000
10 23 0.027211
10 24 0.009547
10 25 0.010989
10 26 0.031250
10 27 0.011364
10 28 0.027778
10 29 0.018018
10 30 0.010363
10 31 0.014035
10 32 0.017167
10 33 0.100000
10 34 0.014184
10 35 0.016393
10 36 0.008130
10 37 0.029851
10 38 0.038835
10 39 0.010283
10 40 0.011940
10 41 0.065574
10 42 0.055556
10 43 0.010025
10 44 0.009975
10 45 0.015748
10 46 0.015152
10 47 0.015504
10 48 0.011765
10 49 0.010811
10 50 0.013115
10 51 0.010811
10 52 0.031746
10 53 0.031496
10 54 0.018100
10 55 0.045977
10 56 0.010390
10 57 0.024242
10 58 0.009132
10 59 0.014184
10 60 0.025157
10 61 0.028986
10 62 0.009685
10 63 0.012012
10 64 0.013514
10 65 0.009975
10 66 0.008529
10 67 0.013158
10 68 0.022472
10 69 0.040816
10 70 0.024096
10 71 0.019139
10 72 0.043478
10 73 0.012539
10 74 0.015564
10 75 0.019231
10 76 0.012500
10 77 0.008299
10 78 0.013841
10 79 0.013793
10 80 0.012821
10 81 0.010840
10 82 0.016194
10 83 0.015504
10 84 0.025478
10 85 0.019802
10 86 0.024540
10 87 0.021622
10 88 0.010638
10 89 0.011364
10 90 0.117647
10 91 0.025157
10 92 0.027972
10 93 0.032000
10 94 0.010695
10 95 0.012780
10 96 0.014545
10 97 0.027211
10 98 0.013333
10 99 0.043011
11 12 0.017544
11 13 0.008602
11 14 0.014337
11 15 0.009050
11 16 0.014545
11 17 0.013793
11 18 0.023669
11 19 0.014545
11 20 0.058824
11 21 0.007233
11 22 0.009324
11 23 0.012195
11 24 0.007117
11 25 0.018957
11 26 0.011730
11 27 0.012121
11 28 0.021858
11 29 0.015748
11 30 0.012698
11 31 0.011142
11 32 0.013699
11 33 0.016667
11 34 0.014815
11 35 0.013514
11 36 0.009132
11 37 0.021978
11 38 0.028986
11 39 0.007299
11 40 0.023810
11 41 0.015625
11 42 0.017316
11 43 0.007220
11 44 0.009346
11 45 0.018100
11 46 0.065574
11 47 0.012232
11 48 0.033898
11 49 0.012945
11 50 0.012987
11 51 0.008180
11 52 0.038095
11 53 0.020202
11 54 0.009639
11 55 0.013889
11 56 0.011696
11 57 0.013793
11 58 0.011696
11 59 0.014134
11 60 0.023669
11 61 0.015094
11 62 0.010076
11 63 0.007968
11 64 0.040816
11 65 0.009950
11 66 0.009029
11 67 0.008247
11 68 0.012048
11 69 0.014493
11 70 0.012618
11 71 0.022099
11 72 0.014035
11 73 0.017857
11 74 0.017778
11 75 0.012579
11 76 0.008386
11 77 0.009569
11 78 0.029851
11 79 0.057971
11 80 0.014870
11 81 0.008097
11 82 0.044444
11 83 0.111111
11 84 0.010554
11 85 0.031746
11 86 0.023256
11 87 0.095238
11 88 0.010178
11 89 0.013937
11 90 0.016736
11 91 0.011396
11 92 0.012579
11 93 0.038835
11 94 0.016949
11 95 0.010638
11 96 0.010390
11 97 0.046512
11 98 0.009091
11 99 0.025641
12 13 0.016129
12 14 0.021858
12 15 0.014652
12 16 0.063492
12 17 0.033058
12 18 0.018519
12 19 0.020000
12 20 0.018868
12 21 0.011494
12 22 0.014599
12 23 0.019139
12 24 0.011173
12 25 0.021053
12 26 0.011396
12 27 0.032520
12 28 0.043956
12 29 0.102564
12 30 0.025641
12 31 0.028777
12 32 0.050633
12 33 0.019231
12 34 0.076923
12 35 0.051282
12 36 0.015326
12 37 0.039604
12 38 0.016529
12 39 0.011204
12 40 0.021277
12 41 0.013652
12 42 0.023392
12 43 0.011173
12 44 0.019704
12 45 0.129032
12 46 0.019417
12 47 0.036697
12 48 0.014545
12 49 0.028777
12 50 0.047059
12 51 0.014493
12 52 0.018018
12 53 0.037383
12 54 0.014184
12 55 0.012539
12 56 0.026144
12 57 0.029412
12 58 0.018868
12 59 0.067797
12 60 0.047619
12 61 0.029851
12 62 0.021164
12 63 0.012346
12 64 0.019231
12 65 0.021622
12 66 0.016461
12 67 0.012422
12 68 0.021978
12 69 0.021277
12 70 0.023256
12 71 0.083333
12 72 0.012308
12 73 0.035398
12 74 0.129032
12 75 0.030075
12 76 0.013746
12 77 0.016000
12 78 0.025316
12 79 0.016393
12 80 0.049383
12 81 0.014085
12 82 0.025316
12 83 0.017316
12 84 0.010989
12 85 0.039216
12 86 0.051282
12 87 0.018692
12 88 0.023529
12 89 0.032520
12 90 0.018868
12 91 0.016949
12 92 0.020202
12 93 0.021164
12 94 0.021858
12 95 0.026490
12 96 0.022099
12 97 0.022599
12 98 0.016194
12 99 0.025478
13 14 0.010724
13 15 0.027586
13 16 0.020942
13 17 0.013937
13 18 0.010471
13 19 0.014337
13 20 0.009324
13 21 0.036364
13 22 0.022989
13 23 0.017699
13 24 0.033333
13 25 0.009592
13 26 0.009524
13 27 0.017544
13 28 0.013986
13 29 0.018605
13 30 0.013115
13 31 0.036364
13 32 0.022989
13 33 0.012461
13 34 0.017467
13 35 0.023256
13 36 0.012698
13 37 0.013793
13 38 0.009368
13 39 0.028169
13 40 0.009368
13 41 0.009756
13 42 0.013652
13 43 0.029630
13 44 0.026667
13 45 0.014870
13 46 0.008850
13 47 0.028571
13 48 0.007648
13 49 0.013889
13 50 0.020000
13 51 0.117647
13 52 0.009434
13 53 0.014337
13 54 0.018692
13 55 0.009524
13 56 0.015209
13 57 0.020202
13 58 0.011173
13 59 0.018868
13 60 0.013468
13 61 0.017621
13 62 0.017778
13 63 0.027397
13 64 0.008791
13 65 0.020513
13 66 0.015326
13 67 0.022857
13 68 0.021739
13 69 0.015152
13 70 0.020513
13 71 0.013793
13 72 0.009302
13 73 0.012048
13 74 0.015038
13 75 0.025478
13 76 0.035088
13 77 0.012232
13 78 0.009901
13 79 0.008147
13 80 0.015152
13 81 0.085106
13 82 0.009901
13 83 0.008439
13 84 0.009926
13 85 0.011628
13 86 0.013652
13 87 0.009070
13 88 0.024242
13 89 0.013699
13 90 0.012232
13 91 0.017167
13 92 0.017778
13 93 0.010101
13 94 0.010025
13 95 0.038462
13 96 0.046512
13 97 0.010152
13 98 0.047619
13 99 0.011765
14 15 0.009050
14 16 0.017021
14 17 0.045977
14 18 0.011111
14 19 0.010554
14 20 0.013029
14 21 0.008282
14 22 0.008909
14 23 0.010204
14 24 0.008114
14 25 0.049383
14 26 0.007692
14 27 0.027027
14 28 0.015686
14 29 0.018433
14 30 0.053333
14 31 0.014388
14 32 0.016260
14 33 0.010582
14 34 0.024845
14 35 0.016807
14 36 0.022472
14 37 0.015094
14 38 0.010929
14 39 0.007905
14 40 0.032787
14 41 0.008869
14 42 0.011628
14 43 0.007952
14 44 0.015748
14 45 0.025974
14 46 0.017937
14 47 0.015267
14 48 0.016461
14 49 0.045455
14 50 0.022599
14 51 0.009828
14 52 0.011940
14 53 0.014440
14 54 0.008677
14 55 0.008316
14 56 0.032520
14 57 0.012579
14 58 0.059701
14 59 0.022857
14 60 0.016807
14 61 0.012658
14 62 0.021739
14 63 0.008247
14 64 0.020513
14 65 0.019231
14 66 0.019512
14 67 0.008147
14 68 0.011050
14 69 0.010870
14 70 0.011331
14 71 0.021277
14 72 0.008264
14 73 0.051948
14 74 0.026144
14 75 0.012987
14 76 0.008909
14 77 0.026144
14 78 0.027397
14 79 0.016260
14 80 0.034188
14 81 0.009569
14 82 0.020942
14 83 0.015564
14 84 0.007421
14 85 0.020101
14 86 0.017094
14 87 0.013652
14 88 0.018018
14 89 0.048780
14 90 0.010471
14 91 0.009569
14 92 0.010526
14 93 0.013029
14 94 0.078431
14 95 0.014706
14 96 0.011940
14 97 0.014035
14 98 0.009926
14 99 0.013115
15 16 0.018868
15 17 0.011111
15 18 0.012698
15 19 0.020942
15 20 0.010256
15 21 0.027586
15 22 0.125000
15 23 0.031250
15 24 0.026667
15 25 0.008658
15 26 0.013378
15 27 0.012739
15 28 0.015209
15 29 0.017094
15 30 0.010309
15 31 0.023256
15 32 0.020202
15 33 0.016878
15 34 0.014235
15 35 0.019512
15 36 0.009238
15 37 0.015326
15 38 0.010989
15 39 0.034483
15 40 0.008715
15 41 0.012862
15 42 0.017857
15 43 0.031746
15 44 0.014493
15 45 0.013245
15 46 0.008929
15 47 0.022099
15 48 0.007576
15 49 0.010840
15 50 0.014815
15 51 0.030303
15 52 0.010753
15 53 0.016327
15 54 0.053333
15 55 0.012821
15 56 0.011268
15 57 0.025806
15 58 0.008969
15 59 0.014981
15 60 0.014235
15 61 0.022472
15 62 0.011869
15 63 0.065574
15 64 0.008621
15 65 0.012945
15 66 0.010417
15 67 0.080000
15 68 0.036036
15 69 0.022099
15 70 0.031746
15 71 0.013378
15 72 0.012384
15 73 0.010499
15 74 0.013289
15 75 0.028369
15 76 0.080000
15 77 0.009132
15 78 0.009456
15 79 0.008230
15 80 0.012308
15 81 0.032258
15 82 0.009828
15 83 0.008677
15 84 0.014652
15 85 0.011696
15 86 0.014286
15 87 0.009780
15 88 0.014440
15 89 0.010989
15 90 0.016529
15 91 0.033613
15 92 0.029851
15 93 0.011364
15 94 0.008830
15 95 0.020942
15 96 0.035398
15 97 0.011142
15 98 0.064516
15 99 0.013652
16 17 0.025000
16 18 0.017857
16 19 0.023256
16 20 0.016260
16 21 0.013889
16 22 0.018519
16 23 0.024390
16 24 0.013423
16 25 0.016000
16 26 0.012085
16 27 0.029630
16 28 0.037736
16 29 0.160000
16 30 0.020833
16 31 0.047619
16 32 0.222222
16 33 0.020725
16 34 0.051948
16 35 0.173913
16 36 0.014493
16 37 0.035398
16 38 0.015385
16 39 0.013559
16 40 0.016000
16 41 0.013986
16 42 0.025641
16 43 0.013468
16 44 0.022346
16 45 0.044444
16 46 0.015326
16 47 0.076923
16 48 0.011976
16 49 0.022989
16 50 0.047059
16 51 0.018349
16 52 0.016129
16 53 0.037037
16 54 0.017621
16 55 0.013029
16 56 0.022989
16 57 0.044944
16 58 0.015936
16 59 0.058824
16 60 0.036036
16 61 0.040404
16 62 0.021053
16 63 0.015267
16 64 0.014981
16 65 0.022599
16 66 0.016260
16 67 0.015326
16 68 0.031008
16 69 0.025478
16 70 0.032787
16 71 0.040000
16 72 0.012698
16 73 0.023529
16 74 0.044944
16 75 0.054054
16 76 0.017467
16 77 0.014760
16 78 0.018265
16 79 0.013333
16 80 0.033333
16 81 0.017778
16 82 0.018692
16 83 0.014134
16 84 0.011905
16 85 0.026144
16 86 0.037736
16 87 0.015748
16 88 0.026316
16 89 0.024540
16 90 0.020101
16 91 0.021164
16 92 0.025974
16 93 0.018433
16 94 0.016598
16 95 0.038462
16 96 0.033333
16 97 0.019048
16 98 0.021622
16 99 0.023529
17 18 0.012195
17 19 0.012500
17 20 0.013423
17 21 0.010076
17 22 0.010840
17 23 0.012422
17 24 0.009828
17 25 0.028169
17 26 0.008493
17 27 0.062500
17 28 0.019231
17 29 0.027397
17 30 0.111111
17 31 0.020725
17 32 0.023810
17 33 0.012195
17 34 0.048193
17 35 0.025157
17 36 0.026316
17 37 0.018349
17 38 0.011594
17 39 0.009524
17 40 0.023669
17 41 0.009732
17 42 0.013699
17 43 0.009592
17 44 0.022989
17 45 0.040816
17 46 0.016327
17 47 0.022222
17 48 0.013889
17 49 0.190476
17 50 0.043478
17 51 0.012500
17 52 0.012539
17 53 0.017699
17 54 0.010390
17 55 0.009132
17 56 0.074074
17 57 0.016194
17 58 0.043011
17 59 0.042553
17 60 0.020513
17 61 0.015936
17 62 0.034483
17 63 0.010000
17 64 0.017621
17 65 0.030303
17 66 0.025806
17 67 0.009804
17 68 0.013889
17 69 0.013029
17 70 0.014235
17 71 0.027397
17 72 0.009029
17 73 0.056338
17 74 0.042105
17 75 0.017391
17 76 0.010959
17 77 0.029412
17 78 0.023669
17 79 0.014493
17 80 0.097561
17 81 0.012048
17 82 0.019900
17 83 0.014388
17 84 0.008264
17 85 0.022222
17 86 0.021053
17 87 0.013746
17 88 0.028571
17 89 0.666667
17 90 0.012012
17 91 0.011494
17 92 0.012862
17 93 0.013937
17 94 0.033898
17 95 0.021505
17 96 0.015936
17 97 0.014870
17 98 0.012579
17 99 0.014870
18 19 0.031746
18 20 0.039216
18 21 0.008949
18 22 0.013605
18 23 0.021164
18 24 0.008791
18 25 0.012461
18 26 0.022599
18 27 0.011834
18 28 0.032000
18 29 0.018605
18 30 0.011050
18 31 0.013514
18 32 0.017021
18 33 0.048780
18 34 0.014981
18 35 0.016327
18 36 0.008421
18 37 0.034483
18 38 0.080000
18 39 0.009324
18 40 0.013889
18 41 0.042105
18 42 0.043011
18 43 0.009153
18 44 0.009950
18 45 0.017316
18 46 0.019139
18 47 0.015094
18 48 0.014085
18 49 0.011494
18 50 0.013514
18 51 0.010076
18 52 0.057971
18 53 0.034188
18 54 0.014815
18 55 0.031496
18 56 0.010899
18 57 0.021622
18 58 0.009780
18 59 0.014760
18 60 0.029851
18 61 0.025641
18 62 0.009926
18 63 0.010667
18 64 0.016461
18 65 0.010101
18 66 0.008734
18 67 0.011429
18 68 0.019048
18 69 0.029851
18 70 0.020408
18 71 0.021978
18 72 0.031250
18 73 0.013986
18 74 0.017021
18 75 0.017699
18 76 0.011173
18 77 0.008658
18 78 0.016461
18 79 0.017094
18 80 0.013746
18 81 0.010050
18 82 0.020202
18 83 0.019900
18 84 0.018868
18 85 0.024691
18 86 0.028777
18 87 0.031496
18 88 0.010695
18 89 0.012195
18 90 0.051282
18 91 0.019512
18 92 0.022099
18 93 0.057143
18 94 0.011976
18 95 0.012461
18 96 0.013514
18 97 0.043011
18 98 0.012048
18 99 0.066667
19 20 0.018692
19 21 0.012195
19 22 0.023669
19 23 0.062500
19 24 0.011905
19 25 0.010929
19 26 0.025000
19 27 0.013029
19 28 0.031008
19 29 0.022599
19 30 0.011268
19 31 0.018605
19 32 0.022989
19 33 0.085106
19 34 0.016529
19 35 0.021505
19 36 0.008929
19 37 0.032787
19 38 0.022857
19 39 0.013072
19 40 0.011561
19 41 0.030303
19 42 0.088889
19 43 0.012698
19 44 0.011869
19 45 0.017544
19 46 0.013423
19 47 0.020833
19 48 0.010582
19 49 0.011869
19 50 0.015564
19 51 0.013937
19 52 0.021164
19 53 0.037736
19 54 0.027586
19 55 0.027778
19 56 0.011628
19 57 0.043011
19 58 0.009709
19 59 0.016878
19 60 0.026667
19 61 0.054054
19 62 0.011080
19 63 0.015936
19 64 0.012346
19 65 0.011594
19 66 0.009592
19 67 0.017857
19 68 0.041667
19 69 0.235294
19 70 0.047059
19 71 0.020619
19 72 0.025974
19 73 0.013158
19 74 0.017467
19 75 0.029630
19 76 0.016949
19 77 0.009050
19 78 0.013245
19 79 0.012085
19 80 0.014286
19 81 0.013986
19 82 0.014870
19 83 0.013289
19 84 0.024242
19 85 0.019048
19 86 0.026144
19 87 0.016949
19 88 0.012618
19 89 0.012422
19 90 0.076923
19 91 0.050000
19 92 0.067797
19 93 0.022857
19 94 0.010840
19 95 0.016393
19 96 0.020408
19 97 0.021164
19 98 0.018433
19 99 0.033333
20 21 0.007843
20 22 0.010667
20 23 0.014760
20 24 0.007707
20 25 0.016000
20 26 0.014599
20 27 0.012232
20 28 0.027778
20 29 0.017544
20 30 0.012195
20 31 0.012158
20 32 0.015326
20 33 0.022727
20 34 0.015385
20 35 0.014925
20 36 0.008889
20 37 0.028571
20 38 0.054795
20 39 0.008000
20 40 0.018957
20 41 0.021164
20 42 0.023392
20 43 0.007890
20 44 0.009662
20 45 0.018692
20 46 0.034783
20 47 0.013514
20 48 0.021622
20 49 0.012579
20 50 0.013514
20 51 0.008889
20 52 0.105263
20 53 0.026316
20 54 0.011236
20 55 0.018100
20 56 0.011527
20 57 0.016529
20 58 0.010959
20 59 0.014815
20 60 0.029412
20 61 0.018605
20 62 0.010127
20 63 0.008869
20 64 0.026144
20 65 0.010127
20 66 0.008989
20 67 0.009302
20 68 0.014286
20 69 0.018433
20 70 0.015094
20 71 0.024096
20 72 0.018265
20 73 0.016667
20 74 0.018349
20 75 0.014493
20 76 0.009346
20 77 0.009238
20 78 0.023669
20 79 0.029630
20 80 0.014870
20 81 0.008811
20 82 0.033333
20 83 0.039216
20 84 0.012821
20 85 0.033613
20 86 0.028369
20 87 0.148148
20 88 0.010499
20 89 0.013468
20 90 0.022989
20 91 0.013699
20 92 0.015326
20 93 0.100000
20 94 0.014815
20 95 0.011461
20 96 0.011561
20 97 0.111111
20 98 0.010127
20 99 0.040816
21 22 0.022857
21 23 0.015038
21 24 0.363636
21 25 0.007634
21 26 0.009029
21 27 0.011869
21 28 0.010811
21 29 0.012821
21 30 0.009639
21 31 0.018779
21 32 0.014760
21 33 0.010695
21 34 0.011940
21 35 0.014760
21 36 0.009569
21 37 0.010753
21 38 0.008081
21 39 0.074074
21 40 0.007519
21 41 0.008811
21 42 0.011299
21 43 0.100000
21 44 0.015748
21 45 0.010753
21 46 0.007313
21 47 0.016736
21 48 0.006441
21 49 0.010050
21 50 0.012945
21 51 0.051948
21 52 0.008032
21 53 0.011173
21 54 0.018519
21 55 0.008772
21 56 0.010753
21 57 0.014925
21 58 0.008565
21 59 0.012539
21 60 0.010390
21 61 0.013514
21 62 0.012085
21 63 0.040000
21 64 0.007220
21 65 0.013289
21 66 0.011050
21 67 0.028369
21 68 0.016878
21 69 0.012658
21 70 0.015936
21 71 0.010336
21 72 0.008565
21 73 0.009091
21 74 0.010840
21 75 0.016949
21 76 0.041667
21 77 0.009281
21 78 0.007921
21 79 0.006826
21 80 0.010753
21 81 0.060606
21 82 0.007984
21 83 0.007067
21 84 0.009662
21 85 0.009132
21 86 0.010471
21 87 0.007634
21 88 0.014652
21 89 0.009975
21 90 0.010554
21 91 0.015326
21 92 0.014815
21 93 0.008457
21 94 0.007890
21 95 0.018868
21 96 0.023529
21 97 0.008403
21 98 0.034783
21 99 0.009639
22 23 0.037736
22 24 0.022222
22 25 0.008639
22 26 0.014870
22 27 0.012232
22 28 0.015748
22 29 0.016949
22 30 0.010050
22 31 0.021390
22 32 0.019608
22 33 0.018605
22 34 0.013841
22 35 0.018868
22 36 0.008869
22 37 0.015936
22 38 0.011628
22 39 0.028169
22 40 0.008753
22 41 0.014035
22 42 0.019512
22 43 0.026144
22 44 0.013423
22 45 0.013158
22 46 0.009112
22 47 0.020942
22 48 0.007692
22 49 0.010554
22 50 0.014286
22 51 0.024691
22 52 0.011299
22 53 0.017021
22 54 0.093023
22 55 0.014134
22 56 0.010870
22 57 0.027211
22 58 0.008753
22 59 0.014493
22 60 0.014652
22 61 0.023952
22 62 0.011268
22 63 0.047619
22 64 0.008753
22 65 0.012158
22 66 0.009901
22 67 0.071429
22 68 0.040000
22 69 0.024845
22 70 0.035088
22 71 0.013514
22 72 0.013559
22 73 0.010390
22 74 0.013201
22 75 0.027972
22 76 0.050000
22 77 0.008791
22 78 0.009524
22 79 0.008403
22 80 0.012012
22 81 0.025806
22 82 0.010000
22 83 0.008869
22 84 0.016598
22 85 0.011940
22 86 0.014706
22 87 0.010152
22 88 0.013514
22 89 0.010724
22 90 0.018182
22 91 0.043011
22 92 0.034783
22 93 0.011905
22 94 0.008772
22 95 0.019139
22 96 0.030534
22 97 0.011594
22 98 0.044444
22 99 0.014440
23 24 0.014652
23 25 0.010230
23 26 0.020408
23 27 0.013514
23 28 0.024691
23 29 0.022599
23 30 0.011236
23 31 0.021978
23 32 0.025000
23 33 0.036364
23 34 0.016667
23 35 0.023392
23 36 0.009217
23 37 0.025478
23 38 0.016807
23 39 0.016461
23 40 0.010610
23 41 0.021164
23 42 0.040000
23 43 0.015873
23 44 0.013115
23 45 0.016736
23 46 0.011628
23 47 0.024096
23 48 0.009412
23 49 0.011869
23 50 0.016260
23 51 0.017391
23 52 0.016064
23 53 0.028571
23 54 0.045977
23 55 0.020513
23 56 0.011869
23 57 0.052632
23 58 0.009662
23 59 0.017241
23 60 0.021858
23 61 0.050633
23 62 0.011696
23 63 0.021277
23 64 0.010929
23 65 0.012422
23 66 0.010076
23 67 0.024691
23 68 0.086957
23 69 0.072727
23 70 0.088889
23 71 0.018433
23 72 0.019417
23 73 0.012500
23 74 0.016667
23 75 0.038462
23 76 0.023121
23 77 0.009259
23 78 0.011905
23 79 0.010554
23 80 0.014184
23 81 0.017544
23 82 0.012945
23 83 0.011364
23 84 0.021505
23 85 0.016260
23 86 0.021739
23 87 0.013746
23 88 0.013746
23 89 0.012308
23 90 0.034783
23 91 0.142857
23 92 0.307692
23 93 0.017241
23 94 0.010283
23 95 0.019048
23 96 0.027027
23 97 0.016461
23 98 0.025478
23 99 0.022989
24 25 0.007491
24 26 0.008929
24 27 0.011494
24 28 0.010526
24 29 0.012422
24 30 0.009412
24 31 0.017937
24 32 0.014235
24 33 0.010499
24 34 0.011594
24 35 0.014235
24 36 0.009368
24 37 0.010499
24 38 0.007952
24 39 0.076923
24 40 0.007380
24 41 0.008696
24 42 0.011050
24 43 0.108108
24 44 0.015209
24 45 0.010471
24 46 0.007181
24 47 0.016064
24 48 0.006339
24 49 0.009804
24 50 0.012539
24 51 0.045977
24 52 0.007905
24 53 0.010899
24 54 0.018100
24 55 0.008677
24 56 0.010471
24 57 0.014440
24 58 0.008386
24 59 0.012158
24 60 0.010152
24 61 0.013115
24 62 0.011730
24 63 0.038835
24 64 0.007092
24 65 0.012903
24 66 0.010782
24 67 0.027778
24 68 0.016327
24 69 0.012384
24 70 0.015444
24 71 0.010076
24 72 0.008457
24 73 0.008889
24 74 0.010554
24 75 0.016327
24 76 0.039604
24 77 0.009070
24 78 0.007767
24 79 0.006711
24 80 0.010444
24 81 0.052632
24 82 0.007828
24 83 0.006944
24 84 0.009569
24 85 0.008929
24 86 0.010230
24 87 0.007491
24 88 0.014134
24 89 0.009709
24 90 0.010336
24 91 0.014925
24 92 0.014440
24 93 0.008299
24 94 0.007722
24 95 0.018018
24 96 0.022346
24 97 0.008247
24 98 0.032258
24 99 0.009456
25 26 0.008147
25 27 0.019608
25 28 0.016878
25 29 0.017544
25 30 0.027397
25 31 0.012821
25 32 0.015094
25 33 0.011268
25 34 0.021164
25 35 0.015385
25 36 0.015504
25 37 0.016327
25 38 0.012618
25 39 0.007407
25 40 0.088889
25 41 0.009639
25 42 0.012308
25 43 0.007421
25 44 0.012658
25 45 0.024845
25 46 0.026316
25 47 0.013793
25 48 0.024540
25 49 0.026316
25 50 0.018433
25 51 0.008909
25 52 0.014134
25 53 0.015385
25 54 0.008529
25 55 0.008969
25 56 0.021053
25 57 0.012461
25 58 0.027211
25 59 0.019417
25 60 0.018519
25 61 0.012780
25 62 0.015748
25 63 0.007828
25 64 0.033613
25 65 0.014652
25 66 0.014184
25 67 0.007828
25 68 0.010840
25 69 0.011204
25 70 0.011204
25 71 0.022857
25 72 0.008929
25 73 0.047059
25 74 0.024691
25 75 0.012422
25 76 0.008386
25 77 0.017167
25 78 0.048780
25 79 0.023529
25 80 0.025974
25 81 0.008715
25 82 0.030534
25 83 0.021622
25 84 0.007752
25 85 0.024691
25 86 0.018779
25 87 0.017167
25 88 0.014235
25 89 0.029197
25 90 0.011204
25 91 0.009569
25 92 0.010554
25 93 0.015444
25 94 0.129032
25 95 0.012780
25 96 0.010989
25 97 0.017021
25 98 0.009259
25 99 0.014760
26 27 0.008621
26 28 0.015038
26 29 0.012012
26 30 0.007905
26 31 0.010753
26 32 0.012012
26 33 0.027778
26 34 0.010101
26 35 0.011594
26 36 0.006612
26 37 0.015625
26 38 0.019608
26 39 0.009852
26 40 0.008658
26 41 0.046512
26 42 0.022222
26 43 0.009547
26 44 0.008081
26 45 0.010667
26 46 0.010390
26 47 0.011396
26 48 0.008734
26 49 0.008180
26 50 0.009662
26 51 0.009524
26 52 0.016878
26 53 0.016260
26 54 0.017544
26 55 0.072727
26 56 0.008000
26 57 0.015936
26 58 0.007143
26 59 0.010152
26 60 0.014134
26 61 0.017167
26 62 0.007692
26 63 0.011494
26 64 0.009547
26 65 0.007937
26 66 0.006944
26 67 0.012903
26 68 0.016598
26 69 0.022727
26 70 0.017021
26 71 0.012012
26 72 0.065574
26 73 0.009009
26 74 0.010610
26 75 0.013746
26 76 0.011494
26 77 0.006689
26 78 0.009615
26 79 0.009804
26 80 0.009281
26 81 0.009615
26 82 0.010724
26 83 0.010667
26 84 0.081633
26 85 0.012158
26 86 0.013937
26 87 0.013333
26 88 0.008403
26 89 0.008457
26 90 0.028777
26 91 0.021277
26 92 0.020000
26 93 0.016327
26 94 0.007984
26 95 0.009975
26 96 0.011662
26 97 0.014870
26 98 0.011594
26 99 0.018182
27 28 0.018692
27 29 0.030534
27 30 0.051282
27 31 0.027972
27 32 0.029197
27 33 0.012384
27 34 0.055556
27 35 0.031746
27 36 0.028169
27 37 0.017937
27 38 0.011019
27 39 0.010989
27 40 0.017544
27 41 0.009709
27 42 0.014035
27 43 0.011111
27 44 0.035714
27 45 0.035088
27 46 0.013699
27 47 0.028986
27 48 0.011662
27 49 0.065574
27 50 0.078431
27 51 0.015326
27 52 0.011696
27 53 0.017699
27 54 0.011494
27 55 0.009174
27 56 0.095238
27 57 0.017937
27 58 0.029851
27 59 0.056338
27 60 0.019417
27 61 0.017094
27 62 0.058824
27 63 0.011461
27 64 0.014337
27 65 0.054054
27 66 0.033058
27 67 0.011080
27 68 0.015564
27 69 0.013699
27 70 0.015810
27 71 0.024540
27 72 0.009029
27 73 0.031496
27 74 0.036364
27 75 0.020408
27 76 0.012780
27 77 0.029412
27 78 0.018100
27 79 0.012270
27 80 0.064516
27 81 0.014652
27 82 0.016327
27 83 0.012384
27 84 0.008511
27 85 0.019048
27 86 0.019900
27 87 0.012308
27 88 0.051948
27 89 0.057971
27 90 0.012195
27 91 0.012500
27 92 0.013937
27 93 0.012945
27 94 0.022099
27 95 0.030769
27 96 0.019802
27 97 0.013605
27 98 0.014981
27 99 0.014337
28 29 0.043478
28 30 0.016461
28 31 0.021505
28 32 0.033333
28 33 0.032258
28 34 0.028169
28 35 0.031250
28 36 0.011396
28 37 0.400000
28 38 0.025641
28 39 0.010929
28 40 0.018349
28 41 0.019704
28 42 0.044444
28 43 0.010782
28 44 0.014235
28 45 0.036036
28 46 0.021505
28 47 0.026144
28 48 0.015038
28 49 0.017544
28 50 0.023392
28 51 0.012987
28 52 0.027972
28 53 0.166667
28 54 0.016194
28 55 0.017391
28 56 0.016393
28 57 0.036697
28 58 0.013559
28 59 0.027397
28 60 0.181818
28 61 0.045455
28 62 0.014388
28 63 0.012461
28 64 0.019512
28 65 0.014760
28 66 0.012012
28 67 0.012987
28 68 0.025974
28 69 0.032787
28 70 0.028571
28 71 0.058824
28 72 0.017021
28 73 0.022346
28 74 0.035088
28 75 0.029630
28 76 0.013559
28 77 0.011765
28 78 0.022857
28 79 0.017857
28 80 0.023529
28 81 0.012821
28 82 0.027027
28 83 0.020000
28 84 0.014035
28 85 0.047619
28 86 0.166667
28 87 0.025806
28 88 0.015936
28 89 0.019139
28 90 0.031496
28 91 0.021277
28 92 0.026667
28 93 0.035714
28 94 0.016598
28 95 0.019231
28 96 0.019608
28 97 0.037037
28 98 0.015504
28 99 0.059701
29 30 0.022222
29 31 0.037736
29 32 0.095238
29 33 0.020833
29 34 0.061538
29 35 0.090909
29 36 0.014652
29 37 0.040000
29 38 0.016194
29 39 0.012539
29 40 0.017699
29 41 0.014184
29 42 0.025806
29 43 0.012461
29 44 0.021053
29 45 0.058824
29 46 0.016807
29 47 0.053333
29 48 0.012903
29 49 0.024691
29 50 0.047619
29 51 0.016598
29 52 0.017167
29 53 0.040404
29 54 0.016260
29 55 0.013072
29 56 0.023810
29 57 0.039216
29 58 0.016807
29 59 0.065574
29 60 0.043011
29 61 0.037736
29 62 0.020833
29 63 0.014035
29 64 0.016461
29 65 0.021978
29 66 0.016129
29 67 0.014134
29 68 0.027397
29 69 0.024540
29 70 0.029197
29 71 0.052632
29 72 0.012780
29 73 0.026846
29 74 0.059701
29 75 0.042105
29 76 0.015810
29 77 0.015038
29 78 0.020513
29 79 0.014440
29 80 0.037736
29 81 0.016064
29 82 0.020942
29 83 0.015385
29 84 0.011730
29 85 0.030769
29 86 0.045455
29 87 0.017094
29 88 0.025000
29 89 0.026846
29 90 0.020305
29 91 0.019704
29 92 0.024096
29 93 0.019900
29 94 0.018182
29 95 0.032520
29 96 0.027778
29 97 0.020833
29 98 0.019139
29 99 0.025316
30 31 0.018349
30 32 0.020101
30 33 0.011019
30 34 0.034483
30 35 0.021053
30 36 0.032258
30 37 0.015810
30 38 0.010610
30 39 0.009050
30 40 0.022222
30 41 0.008989
30 42 0.012232
30 43 0.009132
30 44 0.022222
30 45 0.030075
30 46 0.015038
30 47 0.019231
30 48 0.013245
30 49 0.200000
30 50 0.033613
30 51 0.011799
30 52 0.011429
30 53 0.015326
30 54 0.009615
30 55 0.008457
30 56 0.083333
30 57 0.014235
30 58 0.066667
30 59 0.031746
30 60 0.017391
30 61 0.014035
30 62 0.036364
30 63 0.009412
30 64 0.016327
30 65 0.030075
30 66 0.029197
30 67 0.009174
30 68 0.012500
30 69 0.011696
30 70 0.012739
30 71 0.022222
30 72 0.008368
30 73 0.043478
30 74 0.030769
30 75 0.015267
30 76 0.010256
30 77 0.038095
30 78 0.021164
30 79 0.013514
30 80 0.052632
30 81 0.011396
30 82 0.017778
30 83 0.013333
30 84 0.007707
30 85 0.018957
30 86 0.017778
30 87 0.012500
30 88 0.027027
30 89 0.117647
30 90 0.010870
30 91 0.010499
30 92 0.011594
30 93 0.012539
30 94 0.033898
30 95 0.019324
30 96 0.014440
30 97 0.013333
30 98 0.011662
30 99 0.013201
31 32 0.058824
31 33 0.016129
31 34 0.032258
31 35 0.063492
31 36 0.015094
31 37 0.020942
31 38 0.011905
31 39 0.017467
31 40 0.012500
31 41 0.011696
31 42 0.018692
31 43 0.017544
31 44 0.032258
31 45 0.025000
31 46 0.011662
31 47 0.121212
31 48 0.009662
31 49 0.020101
31 50 0.039216
31 51 0.028777
31 52 0.012195
31 53 0.021858
31 54 0.018692
31 55 0.011142
31 56 0.021858
31 57 0.032520
31 58 0.014493
31 59 0.037383
31 60 0.020725
31 61 0.027211
31 62 0.023669
31 63 0.019231
31 64 0.011561
31 65 0.027586
31 66 0.018100
31 67 0.018265
31 68 0.029412
31 69 0.020101
31 70 0.028777
31 71 0.021978
31 72 0.010870
31 73 0.017544
31 74 0.025478
31 75 0.049383
31 76 0.023256
31 77 0.014925
31 78 0.013559
31 79 0.010471
31 80 0.024540
31 81 0.027027
31 82 0.013514
31 83 0.010929
31 84 0.010899
31 85 0.016949
31 86 0.021164
31 87 0.011869
31 88 0.035398
31 89 0.020305
31 90 0.015748
31 91 0.020000
31 92 0.022857
31 93 0.013468
31 94 0.013468
31 95 0.137931
31 96 0.066667
31 97 0.013652
31 98 0.031746
31 99 0.016260
32 33 0.020101
32 34 0.046512
32 35 0.307692
32 36 0.014493
32 37 0.031746
32 38 0.014652
32 39 0.014337
32 40 0.015038
32 41 0.013699
32 42 0.024691
32 43 0.014286
32 44 0.023669
32 45 0.038095
32 46 0.014388
32 47 0.114286
32 48 0.011396
32 49 0.022222
32 50 0.046512
32 51 0.019900
32 52 0.015267
32 53 0.033333
32 54 0.018349
32 55 0.012821
32 56 0.022472
32 57 0.046512
32 58 0.015444
32 59 0.054054
32 60 0.031746
32 61 0.039604
32 62 0.021390
32 63 0.016194
32 64 0.014085
32 65 0.023392
32 66 0.016461
32 67 0.016194
32 68 0.032787
32 69 0.025316
32 70 0.034483
32 71 0.034188
32 72 0.012500
32 73 0.021858
32 74 0.038462
32 75 0.063492
32 76 0.018692
32 77 0.014652
32 78 0.016949
32 79 0.012618
32 80 0.030769
32 81 0.019231
32 82 0.017316
32 83 0.013333
32 84 0.011905
32 85 0.023529
32 86 0.032787
32 87 0.014815
32 88 0.027586
32 89 0.023392
32 90 0.019608
32 91 0.021739
32 92 0.026667
32 93 0.017316
32 94 0.015686
32 95 0.044944
32 96 0.038835
32 97 0.017699
32 98 0.023669
32 99 0.021858
33 34 0.015748
33 35 0.019048
33 36 0.008621
33 37 0.035088
33 38 0.030534
33 39 0.011364
33 40 0.012121
33 41 0.042105
33 42 0.105263
33 43 0.011050
33 44 0.010929
33 45 0.017241
33 46 0.014815
33 47 0.018018
33 48 0.011461
33 49 0.011561
33 50 0.014545
33 51 0.012121
33 52 0.027027
33 53 0.038835
33 54 0.021277
33 55 0.035088
33 56 0.011173
33 57 0.031496
33 58 0.009592
33 59 0.015810
33 60 0.028169
33 61 0.039604
33 62 0.010471
33 63 0.013468
33 64 0.013378
33 65 0.010840
33 66 0.009132
33 67 0.014815
33 68 0.028777
33 69 0.067797
33 70 0.031496
33 71 0.020942
33 72 0.032787
33 73 0.013245
33 74 0.017094
33 75 0.023529
33 76 0.014184
33 77 0.008772
33 78 0.014035
33 79 0.013333
33 80 0.013889
33 81 0.012121
33 82 0.016194
33 83 0.014870
33 84 0.024691
33 85 0.020619
33 86 0.027586
33 87 0.020000
33 88 0.011662
33 89 0.012121
33 90 0.571429
33 91 0.032258
33 92 0.038095
33 93 0.028986
33 94 0.011050
33 95 0.014493
33 96 0.016949
33 97 0.025641
33 98 0.015326
33 99 0.043956
34 35 0.051282
34 36 0.018957
34 37 0.026316
34 38 0.013652
34 39 0.011364
34 40 0.020101
34 41 0.011696
34 42 0.018433
34 43 0.011396
34 44 0.025316
34 45 0.080000
34 46 0.016667
34 47 0.038835
34 48 0.013245
34 49 0.040816
34 50 0.105263
34 51 0.015385
34 52 0.014652
34 53 0.025641
34 54 0.013201
34 55 0.010899
34 56 0.038462
34 57 0.024242
34 58 0.022857
34 59 0.235294
34 60 0.029630
34 61 0.023529
34 62 0.029197
34 63 0.012270
34 64 0.017021
34 65 0.029630
34 66 0.020833
34 67 0.012121
34 68 0.019512
34 69 0.017621
34 70 0.020202
34 71 0.042105
34 72 0.010724
34 73 0.038095
34 74 0.086957
34 75 0.027027
34 76 0.013746
34 77 0.019802
34 78 0.022222
34 79 0.014388
34 80 0.088889
34 81 0.014815
34 82 0.020833
34 83 0.014870
34 84 0.009852
34 85 0.027397
34 86 0.030769
34 87 0.015326
34 88 0.032520
34 89 0.046512
34 90 0.015444
34 91 0.015038
34 92 0.017467
34 93 0.016667
34 94 0.022857
34 95 0.031746
34 96 0.022599
34 97 0.017699
34 98 0.016327
34 99 0.019231
35 36 0.015094
35 37 0.029630
35 38 0.014184
35 39 0.014235
35 40 0.015209
35 41 0.013158
35 42 0.022989
35 43 0.014184
35 44 0.025316
35 45 0.039216
35 46 0.014286
35 47 0.125000
35 48 0.011364
35 49 0.023529
35 50 0.053333
35 51 0.020101
35 52 0.014815
35 53 0.031008
35 54 0.017621
35 55 0.012346
35 56 0.024096
35 57 0.040816
35 58 0.016064
35 59 0.061538
35 60 0.030075
35 61 0.035398
35 62 0.022857
35 63 0.015936
35 64 0.014035
35 65 0.025157
35 66 0.017316
35 67 0.015748
35 68 0.030303
35 69 0.023529
35 70 0.031250
35 71 0.033613
35 72 0.012048
35 73 0.022472
35 74 0.040000
35 75 0.054795
35 76 0.018433
35 77 0.015326
35 78 0.017021
35 79 0.012539
35 80 0.032787
35 81 0.019324
35 82 0.017167
35 83 0.013201
35 84 0.011494
35 85 0.023121
35 86 0.031250
35 87 0.014493
35 88 0.030075
35 89 0.024691
35 90 0.018519
35 91 0.020513
35 92 0.024845
35 93 0.016736
35 94 0.016064
35 95 0.048780
35 96 0.038095
35 97 0.017167
35 98 0.023256
35 99 0.020833
36 37 0.011080
36 38 0.008081
36 39 0.008772
36 40 0.013468
36 41 0.007246
36 42 0.009368
36 43 0.008909
36 44 0.024096
36 45 0.016393
36 46 0.010283
36 47 0.014815
36 48 0.009547
36 49 0.030303
36 50 0.020833
36 51 0.011494
36 52 0.008511
36 53 0.010929
36 54 0.008368
36 55 0.006932
36 56 0.037037
36 57 0.011050
36 58 0.035088
36 59 0.018868
36 60 0.011696
36 61 0.010667
36 62 0.041667
36 63 0.008772
36 64 0.010929
36 65 0.032258
36 66 0.068966
36 67 0.008403
36 68 0.010178
36 69 0.009238
36 70 0.010256
36 71 0.013605
36 72 0.006849
36 73 0.018605
36 74 0.016598
36 75 0.012048
36 76 0.009524
36 77 0.153846
36 78 0.012862
36 79 0.009592
36 80 0.021739
36 81 0.011080
36 82 0.011461
36 83 0.009456
36 84 0.006547
36 85 0.012085
36 86 0.011905
36 87 0.009050
36 88 0.025641
36 89 0.025974
36 90 0.008529
36 91 0.008753
36 92 0.009412
36 93 0.009132
36 94 0.017621
36 95 0.016529
36 96 0.012461
36 97 0.009524
36 98 0.010610
36 99 0.009639
37 38 0.027027
37 39 0.010899
37 40 0.017778
37 41 0.020725
37 42 0.049383
37 43 0.010753
37 44 0.013841
37 45 0.033058
37 46 0.021164
37 47 0.025157
37 48 0.014870
37 49 0.016878
37 50 0.022222
37 51 0.012862
37 52 0.029197
37 53 0.222222
37 54 0.016461
37 55 0.018182
37 56 0.015748
37 57 0.037037
37 58 0.013115
37 59 0.025806
37 60 0.137931
37 61 0.047059
37 62 0.013937
37 63 0.012461
37 64 0.019139
37 65 0.014286
37 66 0.011662
37 67 0.013072
37 68 0.026316
37 69 0.034783
37 70 0.028986
37 71 0.051948
37 72 0.017778
37 73 0.021164
37 74 0.032258
37 75 0.029197
37 76 0.013559
37 77 0.011429
37 78 0.022099
37 79 0.017778
37 80 0.022222
37 81 0.012698
37 82 0.026316
37 83 0.020000
37 84 0.014493
37 85 0.044444
37 86 0.125000
37 87 0.026144
37 88 0.015444
37 89 0.018265
37 90 0.033898
37 91 0.021858
37 92 0.027397
37 93 0.037736
37 94 0.016064
37 95 0.018692
37 96 0.019324
37 97 0.038095
37 98 0.015444
37 99 0.067797
38 39 0.008368
38 40 0.014286
38 41 0.033613
38 42 0.028369
38 43 0.008230
38 44 0.009153
38 45 0.015873
38 46 0.021277
38 47 0.013115
38 48 0.015625
38 49 0.010959
38 50 0.012308
38 51 0.009029
38 52 0.111111
38 53 0.025974
38 54 0.012539
38 55 0.026490
38 56 0.010283
38 57 0.017391
38 58 0.009524
38 59 0.013378
38 60 0.025316
38 61 0.019900
38 62 0.009302
38 63 0.009412
38 64 0.017778
38 65 0.009412
38 66 0.008264
38 67 0.010025
38 68 0.015444
38 69 0.021739
38 70 0.016393
38 71 0.019802
38 72 0.027027
38 73 0.013559
38 74 0.015625
38 75 0.014815
38 76 0.009828
38 77 0.008316
38 78 0.016949
38 79 0.019417
38 80 0.012862
38 81 0.008989
38 82 0.021277
38 83 0.023121
38 84 0.016327
38 85 0.023669
38 86 0.024390
38 87 0.040816
38 88 0.009852
38 89 0.011628
38 90 0.031496
38 91 0.015748
38 92 0.017316
38 93 0.066667
38 94 0.011976
38 95 0.011080
38 96 0.011730
38 97 0.048193
38 98 0.010526
38 99 0.043956
39 40 0.007353
39 41 0.009390
39 42 0.011869
39 43 0.266667
39 44 0.013746
39 45 0.010444
39 46 0.007299
39 47 0.015936
39 48 0.006400
39 49 0.009434
39 50 0.012158
39 51 0.036697
39 52 0.008247
39 53 0.011396
39 54 0.022222
39 55 0.009434
39 56 0.009975
39 57 0.015444
39 58 0.008065
39 59 0.011905
39 60 0.010471
39 61 0.013986
39 62 0.010929
39 63 0.067797
39 64 0.007156
39 65 0.011905
39 66 0.009975
39 67 0.040816
39 68 0.018100
39 69 0.013514
39 70 0.016949
39 71 0.010230
39 72 0.009174
39 73 0.008772
39 74 0.010499
39 75 0.017094
39 76 0.054795
39 77 0.008547
39 78 0.007782
39 79 0.006814
39 80 0.010204
39 81 0.041667
39 82 0.007937
39 83 0.007080
39 84 0.010667
39 85 0.009091
39 86 0.010526
39 87 0.007737
39 88 0.013072
39 89 0.009434
39 90 0.011204
39 91 0.017167
39 92 0.016064
39 93 0.008658
39 94 0.007605
39 95 0.017021
39 96 0.022599
39 97 0.008547
39 98 0.036036
39 99 0.009926
40 41 0.010444
40 42 0.013201
40 43 0.007339
40 44 0.011799
40 45 0.024691
40 46 0.036697
40 47 0.013605
40 48 0.032787
40 49 0.021978
40 50 0.017241
40 51 0.008734
40 52 0.016260
40 53 0.016598
40 54 0.008734
40 55 0.009639
40 56 0.018100
40 57 0.012821
40 58 0.021277
40 59 0.018519
40 60 0.020305
40 61 0.013378
40 62 0.014085
40 63 0.007828
40 64 0.053333
40 65 0.013333
40 66 0.012618
40 67 0.007890
40 68 0.011111
40 69 0.011799
40 70 0.011527
40 71 0.024691
40 72 0.009615
40 73 0.039216
40 74 0.024390
40 75 0.012539
40 76 0.008351
40 77 0.014599
40 78 0.086957
40 79 0.031746
40 80 0.023392
40 81 0.008565
40 82 0.043011
40 83 0.028369
40 84 0.008163
40 85 0.029197
40 86 0.020513
40 87 0.020833
40 88 0.013201
40 89 0.024242
40 90 0.012048
40 91 0.009901
40 92 0.010959
40 93 0.017857
40 94 0.054795
40 95 0.012308
40 96 0.010870
40 97 0.020000
40 98 0.009217
40 99 0.016461
41 42 0.030534
41 43 0.009153
41 44 0.008696
41 45 0.012780
41 46 0.013289
41 47 0.012658
41 48 0.010724
41 49 0.009302
41 50 0.010929
41 51 0.009569
41 52 0.026316
41 53 0.021390
41 54 0.016000
41 55 0.121212
41 56 0.008989
41 57 0.018182
41 58 0.008065
41 59 0.011696
41 60 0.018433
41 61 0.020408
41 62 0.008457
41 63 0.010870
41 64 0.011905
41 65 0.008677
41 66 0.007561
41 67 0.011940
41 68 0.017621
41 69 0.027027
41 70 0.018519
41 71 0.014981
41 72 0.117647
41 73 0.010667
41 74 0.012658
41 75 0.015152
41 76 0.011142
41 77 0.007380
41 78 0.011869
41 79 0.012384
41 80 0.010753
41 81 0.009615
41 82 0.013699
41 83 0.013793
41 84 0.031250
41 85 0.015748
41 86 0.018100
41 87 0.018605
41 88 0.009174
41 89 0.009732
41 90 0.044944
41 91 0.020725
41 92 0.021277
41 93 0.024540
41 94 0.009368
41 95 0.010782
41 96 0.012232
41 97 0.021505
41 98 0.011594
41 99 0.027211
42 43 0.011594
42 44 0.012121
42 45 0.020408
42 46 0.015810
42 47 0.021390
42 48 0.011976
42 49 0.012903
42 50 0.016878
42 51 0.013115
42 52 0.026667
42 53 0.058824
42 54 0.021505
42 55 0.026316
42 56 0.012461
42 57 0.041667
42 58 0.010499
42 59 0.018605
42 60 0.036364
42 61 0.058824
42 62 0.011628
42 63 0.014035
42 64 0.014337
42 65 0.012048
42 66 0.009975
42 67 0.015326
42 68 0.033898
42 69 0.086957
42 70 0.038462
42 71 0.025478
42 72 0.025000
42 73 0.014870
42 74 0.020202
42 75 0.028777
42 76 0.015038
42 77 0.009569
42 78 0.015444
42 79 0.013986
42 80 0.015936
42 81 0.013072
42 82 0.017857
42 83 0.015564
42 84 0.020408
42 85 0.023952
42 86 0.035398
42 87 0.020725
42 88 0.013072
42 89 0.013652
42 90 0.090909
42 91 0.033058
42 92 0.043956
42 93 0.030303
42 94 0.012121
42 95 0.016529
42 96 0.019324
42 97 0.027586
42 98 0.016667
42 99 0.052632
43 44 0.014085
43 45 0.010444
43 46 0.007246
43 47 0.015936
43 48 0.006369
43 49 0.009524
43 50 0.012232
43 51 0.039216
43 52 0.008130
43 53 0.011204
43 54 0.020833
43 55 0.009174
43 56 0.010101
43 57 0.015094
43 58 0.008130
43 59 0.011940
43 60 0.010336
43 61 0.013699
43 62 0.011142
43 63 0.055556
43 64 0.007117
43 65 0.012158
43 66 0.010178
43 67 0.036036
43 68 0.017467
43 69 0.013158
43 70 0.016461
43 71 0.010152
43 72 0.008949
43 73 0.008791
43 74 0.010499
43 75 0.016878
43 76 0.050000
43 77 0.008677
43 78 0.007767
43 79 0.006780
43 80 0.010256
43 81 0.044944
43 82 0.007890
43 83 0.007030
43 84 0.010309
43 85 0.009029
43 86 0.010417
43 87 0.007648
43 88 0.013333
43 89 0.009479
43 90 0.010899
43 91 0.016393
43 92 0.015504
43 93 0.008529
43 94 0.007619
43 95 0.017241
43 96 0.022472
43 97 0.008439
43 98 0.035088
43 99 0.009756
44 45 0.019324
44 46 0.010101
44 47 0.027586
44 48 0.008830
44 49 0.023952
44 50 0.033058
44 51 0.021858
44 52 0.009501
44 53 0.013986
44 54 0.012121
44 55 0.008351
44 56 0.030075
44 57 0.016393
44 58 0.018018
44 59 0.027397
44 60 0.014235
44 61 0.015038
44 62 0.050633
44 63 0.013652
44 64 0.010309
44 65 0.080000
44 66 0.035714
44 67 0.012658
44 68 0.015385
44 69 0.012500
44 70 0.015209
44 71 0.016000
44 72 0.008214
44 73 0.016807
44 74 0.019704
44 75 0.019608
44 76 0.015504
44 77 0.022472
44 78 0.012121
44 79 0.009238
44 80 0.023529
44 81 0.020408
44 82 0.011494
44 83 0.009390
44 84 0.008163
44 85 0.013201
44 86 0.014493
44 87 0.009615
44 88 0.108108
44 89 0.022346
44 90 0.010753
44 91 0.012384
44 92 0.013378
44 93 0.010283
44 94 0.013699
44 95 0.041667
44 96 0.023669
44 97 0.010554
44 98 0.018433
44 99 0.011527
45 46 0.020833
45 47 0.030075
45 48 0.015564
45 49 0.034188
45 50 0.045977
45 51 0.013423
45 52 0.017467
45 53 0.031008
45 54 0.012821
45 55 0.011765
45 56 0.029197
45 57 0.024096
45 58 0.021505
45 59 0.063492
45 60 0.040816
45 61 0.024540
45 62 0.022099
45 63 0.011396
45 64 0.021164
45 65 0.021858
45 66 0.017167
45 67 0.011396
45 68 0.018868
45 69 0.018605
45 70 0.019802
45 71 0.078431
45 72 0.011561
45 73 0.048193
45 74 0.800000
45 75 0.024691
45 76 0.012579
45 77 0.017316
45 78 0.029412
45 79 0.017467
45 80 0.066667
45 81 0.013029
45 82 0.027972
45 83 0.018182
45 84 0.010256
45 85 0.040816
45 86 0.043011
45 87 0.018779
45 88 0.023256
45 89 0.040404
45 90 0.016949
45 91 0.015038
45 92 0.017621
45 93 0.020305
45 94 0.026144
45 95 0.023810
45 96 0.019324
45 97 0.022099
45 98 0.014652
45 99 0.023256
46 47 0.012821
46 48 0.048780
46 49 0.015209
46 50 0.014440
46 51 0.008368
46 52 0.026144
46 53 0.019512
46 54 0.009302
46 55 0.011976
46 56 0.013423
46 57 0.013605
46 58 0.013889
46 59 0.015748
46 60 0.023810
46 61 0.014652
46 62 0.011236
46 63 0.007905
46 64 0.102564
46 65 0.010959
46 66 0.010025
46 67 0.008114
46 68 0.011765
46 69 0.013514
46 70 0.012308
46 71 0.024691
46 72 0.012012
46 73 0.022727
46 74 0.020513
46 75 0.012698
46 76 0.008368
46 77 0.010870
46 78 0.050633
46 79 0.100000
46 80 0.017391
46 81 0.008247
46 82 0.081633
46 83 0.117647
46 84 0.009524
46 85 0.036697
46 86 0.023669
46 87 0.043956
46 88 0.011111
46 89 0.016529
46 90 0.014815
46 91 0.010840
46 92 0.012048
46 93 0.028571
46 94 0.022472
46 95 0.011236
46 96 0.010582
46 97 0.033898
46 98 0.009132
46 99 0.022222
47 48 0.010417
47 49 0.021164
47 50 0.044444
47 51 0.023952
47 52 0.013559
47 53 0.026316
47 54 0.018957
47 55 0.011976
47 56 0.022346
47 57 0.040000
47 58 0.014981
47 59 0.045455
47 60 0.024845
47 61 0.033058
47 62 0.022599
47 63 0.017857
47 64 0.012618
47 65 0.025641
47 66 0.017316
47 67 0.017467
47 68 0.032520
47 69 0.022727
47 70 0.032787
47 71 0.026490
47 72 0.011662
47 73 0.019417
47 74 0.030534
47 75 0.063492
47 76 0.021164
47 77 0.014815
47 78 0.014981
47 79 0.011396
47 80 0.027397
47 81 0.022857
47 82 0.015094
47 83 0.011940
47 84 0.011461
47 85 0.019608
47 86 0.025478
47 87 0.013115
47 88 0.031746
47 89 0.021739
47 90 0.017544
47 91 0.021277
47 92 0.025316
47 93 0.015094
47 94 0.014440
47 95 0.070175
47 96 0.053333
47 97 0.015385
47 98 0.027972
47 99 0.018605
48 49 0.013201
48 50 0.011834
48 51 0.007260
48 52 0.018018
48 53 0.013986
48 54 0.007828
48 55 0.009877
48 56 0.011730
48 57 0.010695
48 58 0.012945
48 59 0.012579
48 60 0.016194
48 61 0.011299
48 62 0.009926
48 63 0.006838
48 64 0.058824
48 65 0.009615
48 66 0.009132
48 67 0.006981
48 68 0.009524
48 69 0.010610
48 70 0.009852
48 71 0.017021
48 72 0.009926
48 73 0.018349
48 74 0.015385
48 75 0.010178
48 76 0.007194
48 77 0.010127
48 78 0.032258
48 79 0.078431
48 80 0.014134
48 81 0.007168
48 82 0.032787
48 83 0.047619
48 84 0.008081
48 85 0.021390
48 86 0.016129
48 87 0.025157
48 88 0.009615
48 89 0.014085
48 90 0.011461
48 91 0.008889
48 92 0.009662
48 93 0.018605
48 94 0.020725
48 95 0.009434
48 96 0.008830
48 97 0.020513
48 98 0.007767
48 99 0.015385
49 50 0.040000
49 51 0.012422
49 52 0.011799
49 53 0.016327
49 54 0.010076
49 55 0.008753
49 56 0.102564
49 57 0.015267
49 58 0.050633
49 59 0.037383
49 60 0.018605
49 61 0.014981
49 62 0.039216
49 63 0.009828
49 64 0.016461
49 65 0.032787
49 66 0.029197
49 67 0.009592
49 68 0.013289
49 69 0.012346
49 70 0.013559
49 71 0.024096
49 72 0.008658
49 73 0.045455
49 74 0.035088
49 75 0.016529
49 76 0.010782
49 77 0.034483
49 78 0.021505
49 79 0.013652
49 80 0.067797
49 81 0.011976
49 82 0.018182
49 83 0.013514
49 84 0.007984
49 85 0.020000
49 86 0.019048
49 87 0.012862
49 88 0.029630
49 89 0.181818
49 90 0.011396
49 91 0.011050
49 92 0.012270
49 93 0.013029
49 94 0.031746
49 95 0.021164
49 96 0.015504
49 97 0.013841
49 98 0.012346
49 99 0.013889
50 51 0.017167
50 52 0.013072
50 53 0.022099
50 54 0.013333
50 55 0.010283
50 56 0.043478
50 57 0.023256
50 58 0.022599
50 59 0.148148
50 60 0.023952
50 61 0.021858
50 62 0.037037
50 63 0.012945
50 64 0.014706
50 65 0.039604
50 66 0.024390
50 67 0.012579
50 68 0.019324
50 69 0.016598
50 70 0.019802
50 71 0.030534
50 72 0.010101
50 73 0.030075
50 74 0.048193
50 75 0.027397
50 76 0.014652
50 77 0.021390
50 78 0.018605
50 79 0.012698
50 80 0.062500
50 81 0.016461
50 82 0.017467
50 83 0.013072
50 84 0.009524
50 85 0.021858
50 86 0.024691
50 87 0.013468
50 88 0.046512
50 89 0.041667
50 90 0.014286
50 91 0.014815
50 92 0.016949
50 93 0.014599
50 94 0.020101
50 95 0.041237
50 96 0.025000
50 97 0.015326
50 98 0.017621
50 99 0.016807
51 52 0.009050
51 53 0.013378
51 54 0.019512
51 55 0.009434
51 56 0.013468
51 57 0.018779
51 58 0.010204
51 59 0.016393
51 60 0.012500
51 61 0.016529
51 62 0.015504
51 63 0.033058
51 64 0.008264
51 65 0.017544
51 66 0.013652
51 67 0.025974
51 68 0.020833
51 69 0.014652
51 70 0.019608
51 71 0.012618
51 72 0.009195
51 73 0.010989
51 74 0.013514
51 75 0.022857
51 76 0.043478
51 77 0.011111
51 78 0.009238
51 79 0.007737
51 80 0.013514
51 81 0.285714
51 82 0.009259
51 83 0.008016
51 84 0.010025
51 85 0.010811
51 86 0.012618
51 87 0.008639
51 88 0.020101
51 89 0.012308
51 90 0.011905
51 91 0.017167
51 92 0.017316
51 93 0.009639
51 94 0.009259
51 95 0.029412
51 96 0.038462
51 97 0.009639
51 98 0.052632
51 99 0.011173
52 53 0.027397
52 54 0.012012
52 55 0.021739
52 56 0.010959
52 57 0.017391
52 58 0.010230
52 59 0.014286
52 60 0.028369
52 61 0.019802
52 62 0.009780
52 63 0.009238
52 64 0.021053
52 65 0.009828
52 66 0.008658
52 67 0.009756
52 68 0.015152
52 69 0.020619
52 70 0.016064
52 71 0.022346
52 72 0.021978
52 73 0.015038
52 74 0.017167
52 75 0.014925
52 76 0.009685
52 77 0.008811
52 78 0.019802
52 79 0.023256
52 80 0.013937
52 81 0.008989
52 82 0.025974
52 83 0.028777
52 84 0.014545
52 85 0.028571
52 86 0.027397
52 87 0.062500
52 88 0.010256
52 89 0.012579
52 90 0.027586
52 91 0.014925
52 92 0.016667
52 93 0.121212
52 94 0.013289
52 95 0.011429
52 96 0.011799
52 97 0.076923
52 98 0.010444
52 99 0.047619
53 54 0.017699
53 55 0.018779
53 56 0.015444
53 57 0.043011
53 58 0.012698
53 59 0.025478
53 60 0.088889
53 61 0.057971
53 62 0.013841
53 63 0.013115
53 64 0.017699
53 65 0.014286
53 66 0.011594
53 67 0.013841
53 68 0.029412
53 69 0.040404
53 70 0.033058
53 71 0.044944
53 72 0.018265
53 73 0.019900
53 74 0.030303
53 75 0.032258
53 76 0.014337
53 77 0.011236
53 78 0.020202
53 79 0.016529
53 80 0.021390
53 81 0.013245
53 82 0.023669
53 83 0.018433
53 84 0.015209
53 85 0.037736
53 86 0.085106
53 87 0.023952
53 88 0.015504
53 89 0.017621
53 90 0.037383
53 91 0.024096
53 92 0.031008
53 93 0.034188
53 94 0.015209
53 95 0.019231
53 96 0.020513
53 97 0.033898
53 98 0.016393
53 99 0.062500
54 55 0.016260
54 56 0.010256
54 57 0.027027
54 58 0.008421
54 59 0.013746
54 60 0.014981
54 61 0.024845
54 62 0.010471
54 63 0.033058
54 64 0.008869
54 65 0.011173
54 66 0.009217
54 67 0.046512
54 68 0.039604
54 69 0.028571
54 70 0.035714
54 71 0.013468
54 72 0.015564
54 73 0.010152
54 74 0.012821
54 75 0.025806
54 76 0.032787
54 77 0.008333
54 78 0.009547
54 79 0.008584
54 80 0.011527
54 81 0.020202
54 82 0.010127
54 83 0.009112
54 84 0.020101
54 85 0.012121
54 86 0.014925
54 87 0.010582
54 88 0.012308
54 89 0.010283
54 90 0.020833
54 91 0.060606
54 92 0.040816
54 93 0.012618
54 94 0.008621
54 95 0.016807
54 96 0.024845
54 97 0.012158
54 98 0.030534
54 99 0.015385
55 56 0.008493
55 57 0.016949
55 58 0.007634
55 59 0.010929
55 60 0.016327
55 61 0.018779
55 62 0.008065
55 63 0.010929
55 64 0.010840
55 65 0.008282
55 66 0.007246
55 67 0.012085
55 68 0.016949
55 69 0.024845
55 70 0.017621
55 71 0.013559
55 72 0.333333
55 73 0.009877
55 74 0.011662
55 75 0.014337
55 76 0.011080
55 77 0.007042
55 78 0.010840
55 79 0.011268
55 80 0.010025
55 81 0.009479
55 82 0.012346
55 83 0.012422
55 84 0.040000
55 85 0.014035
55 86 0.016000
55 87 0.016194
55 88 0.008772
55 89 0.009112
55 90 0.036697
55 91 0.020513
55 92 0.020408
55 93 0.020513
55 94 0.008734
55 95 0.010336
55 96 0.011834
55 97 0.018265
55 98 0.011396
55 99 0.022599
56 57 0.015209
56 58 0.041667
56 59 0.037037
56 60 0.017094
56 61 0.014706
56 62 0.062500
56 63 0.010283
56 64 0.014286
56 65 0.047059
56 66 0.039216
56 67 0.009950
56 68 0.013423
56 69 0.012121
56 70 0.013652
56 71 0.021390
56 72 0.008386
56 73 0.032258
56 74 0.029851
56 75 0.016878
56 76 0.011331
56 77 0.040816
56 78 0.017937
56 79 0.012121
56 80 0.051282
56 81 0.012945
56 82 0.015748
56 83 0.012085
56 84 0.007859
56 85 0.017544
56 86 0.017467
56 87 0.011730
56 88 0.039216
56 89 0.068966
56 90 0.011019
56 91 0.011080
56 92 0.012232
56 93 0.012012
56 94 0.024390
56 95 0.023669
56 96 0.016529
56 97 0.012698
56 98 0.013029
56 99 0.012987
57 58 0.011799
57 59 0.025478
57 60 0.031496
57 61 0.137931
57 62 0.014706
57 63 0.018779
57 64 0.012862
57 65 0.015748
57 66 0.012195
57 67 0.020000
57 68 0.083333
57 69 0.051948
57 70 0.108108
57 71 0.026667
57 72 0.016327
57 73 0.016129
57 74 0.024096
57 75 0.090909
57 76 0.021390
57 77 0.011142
57 78 0.014652
57 79 0.012048
57 80 0.019324
57 81 0.018605
57 82 0.015748
57 83 0.012987
57 84 0.015936
57 85 0.021277
57 86 0.031746
57 87 0.015504
57 88 0.017778
57 89 0.016000
57 90 0.030075
57 91 0.039216
57 92 0.061538
57 93 0.019512
57 94 0.012579
57 95 0.026316
57 96 0.035714
57 97 0.019139
57 98 0.026144
57 99 0.027211
58 59 0.021622
58 60 0.014286
58 61 0.011662
58 62 0.027586
58 63 0.008299
58 64 0.015326
58 65 0.023121
58 66 0.026490
58 67 0.008097
58 68 0.010554
58 69 0.010025
58 70 0.010724
58 71 0.017391
58 72 0.007561
58 73 0.031746
58 74 0.021739
58 75 0.012461
58 76 0.008969
58 77 0.044944
58 78 0.019048
58 79 0.012821
58 80 0.030075
58 81 0.009901
58 82 0.015810
58 83 0.012422
58 84 0.006957
58 85 0.015873
58 86 0.014545
58 87 0.011331
58 88 0.020513
58 89 0.044444
58 90 0.009501
58 91 0.009091
58 92 0.009901
58 93 0.011080
58 94 0.034188
58 95 0.015209
58 96 0.011940
58 97 0.011765
58 98 0.010000
58 99 0.011396
59 60 0.028369
59 61 0.024242
59 62 0.030075
59 63 0.012862
59 64 0.015936
59 65 0.031496
59 66 0.021277
59 67 0.012658
59 68 0.020513
59 69 0.017937
59 70 0.021164
59 71 0.038095
59 72 0.010724
59 73 0.033058
59 74 0.066667
59 75 0.029197
59 76 0.014493
59 77 0.019512
59 78 0.020408
59 79 0.013699
59 80 0.068966
59 81 0.015748
59 82 0.019417
59 83 0.014184
59 84 0.009975
59 85 0.025316
59 86 0.029412
59 87 0.014760
59 88 0.035714
59 89 0.040816
59 90 0.015504
59 91 0.015564
59 92 0.018100
59 93 0.016194
59 94 0.020942
59 95 0.036364
59 96 0.024691
59 97 0.017021
59 98 0.017391
59 99 0.018868
60 61 0.037037
60 62 0.014706
60 63 0.011799
60 64 0.021622
60 65 0.014925
60 66 0.012270
60 67 0.012232
60 68 0.023121
60 69 0.027972
60 70 0.025157
60 71 0.078431
60 72 0.016000
60 73 0.024691
60 74 0.039216
60 75 0.026667
60 76 0.012862
60 77 0.012158
60 78 0.025974
60 79 0.019417
60 80 0.025316
60 81 0.012308
60 82 0.031250
60 83 0.021858
60 84 0.013201
60 85 0.063492
60 86 0.666667
60 87 0.027586
60 88 0.016064
60 89 0.020408
60 90 0.027586
60 91 0.019139
60 92 0.023392
60 93 0.036697
60 94 0.018100
60 95 0.018692
60 96 0.018433
60 97 0.040000
60 98 0.014652
60 99 0.054054
61 62 0.013937
61 63 0.016878
61 64 0.013699
61 65 0.014706
61 66 0.011628
61 67 0.018100
61 68 0.058824
61 69 0.067797
61 70 0.075472
61 71 0.028777
61 72 0.018018
61 73 0.016461
61 74 0.024390
61 75 0.055556
61 76 0.018779
61 77 0.010840
61 78 0.015444
61 79 0.012903
61 80 0.019048
61 81 0.016393
61 82 0.017021
61 83 0.014035
61 84 0.016878
61 85 0.023529
61 86 0.037037
61 87 0.017241
61 88 0.016393
61 89 0.015810
61 90 0.037383
61 91 0.037736
61 92 0.059701
61 93 0.022472
61 94 0.012862
61 95 0.022857
61 96 0.028369
61 97 0.021858
61 98 0.022099
61 99 0.033613
62 63 0.011050
62 64 0.011730
62 65 0.129032
62 66 0.070175
62 67 0.010499
62 68 0.013378
62 69 0.011594
62 70 0.013423
62 71 0.017391
62 72 0.007952
62 73 0.021622
62 74 0.022599
62 75 0.016736
62 76 0.012270
62 77 0.038835
62 78 0.014134
62 79 0.010256
62 80 0.031008
62 81 0.014760
62 82 0.012862
62 83 0.010309
62 84 0.007663
62 85 0.014440
62 86 0.014981
62 87 0.010204
62 88 0.065574
62 89 0.033333
62 90 0.010309
62 91 0.010989
62 92 0.011976
62 93 0.010638
62 94 0.017621
62 95 0.027211
62 96 0.017778
62 97 0.011050
62 98 0.014184
62 99 0.011628
63 64 0.007692
63 65 0.012012
63 66 0.009926
63 67 0.097561
63 68 0.023392
63 69 0.016598
63 70 0.021505
63 71 0.011299
63 72 0.010610
63 73 0.009324
63 74 0.011429
63 75 0.020619
63 76 0.108108
63 77 0.008621
63 78 0.008368
63 79 0.007353
63 80 0.010870
63 81 0.036697
63 82 0.008621
63 83 0.007692
63 84 0.012618
63 85 0.010025
63 86 0.011834
63 87 0.008529
63 88 0.013289
63 89 0.009877
63 90 0.013245
63 91 0.022727
63 92 0.020619
63 93 0.009709
63 94 0.008000
63 95 0.018100
63 96 0.026667
63 97 0.009547
63 98 0.048193
63 99 0.011331
64 65 0.011331
64 66 0.010526
64 67 0.007843
64 68 0.011204
64 69 0.012500
64 70 0.011628
64 71 0.023669
64 72 0.010870
64 73 0.025478
64 74 0.020833
64 75 0.012232
64 76 0.008163
64 77 0.011662
64 78 0.067797
64 79 0.076923
64 80 0.018349
64 81 0.008147
64 82 0.070175
64 83 0.058824
64 84 0.008830
64 85 0.032520
64 86 0.021622
64 87 0.031008
64 88 0.011396
64 89 0.017937
64 90 0.013333
64 91 0.010230
64 92 0.011299
64 93 0.022989
64 94 0.027211
64 95 0.011204
64 96 0.010363
64 97 0.026490
64 98 0.008909
64 99 0.019139
65 66 0.051948
65 67 0.011364
65 68 0.014388
65 69 0.012158
65 70 0.014388
65 71 0.017391
65 72 0.008147
65 73 0.020101
65 74 0.022346
65 75 0.018349
65 76 0.013468
65 77 0.030075
65 78 0.013559
65 79 0.010000
65 80 0.029412
65 81 0.016598
65 82 0.012579
65 83 0.010101
65 84 0.007937
65 85 0.014286
65 86 0.015267
65 87 0.010127
65 88 0.121212
65 89 0.029197
65 90 0.010667
65 91 0.011696
65 92 0.012739
65 93 0.010695
65 94 0.016194
65 95 0.033333
65 96 0.020202
65 97 0.011080
65 98 0.015748
65 99 0.011834
66 67 0.009390
66 68 0.011299
66 69 0.009975
66 70 0.011331
66 71 0.014134
66 72 0.007143
66 73 0.017857
66 74 0.017467
66 75 0.013605
66 76 0.010870
66 77 0.051948
66 78 0.012384
66 79 0.009302
66 80 0.022599
66 81 0.013072
66 82 0.011268
66 83 0.009259
66 84 0.006920
66 85 0.012232
66 86 0.012461
66 87 0.009070
66 88 0.036697
66 89 0.025316
66 90 0.009009
66 91 0.009569
66 92 0.010283
66 93 0.009324
66 94 0.015810
66 95 0.020408
66 96 0.014599
66 97 0.009685
66 98 0.012232
66 99 0.010025
67 68 0.025974
67 69 0.018433
67 70 0.023669
67 71 0.011527
67 72 0.011696
67 73 0.009302
67 74 0.011429
67 75 0.021164
67 76 0.064516
67 77 0.008299
67 78 0.008493
67 79 0.007533
67 80 0.010695
67 81 0.027972
67 82 0.008811
67 83 0.007905
67 84 0.014388
67 85 0.010309
67 86 0.012270
67 87 0.008889
67 88 0.012500
67 89 0.009709
67 90 0.014599
67 91 0.027397
67 92 0.023529
67 93 0.010204
67 94 0.007968
67 95 0.016949
67 96 0.025000
67 97 0.009975
67 98 0.040404
67 99 0.012012
68 69 0.049383
68 70 0.266667
68 71 0.020202
68 72 0.016260
68 73 0.013605
68 74 0.018868
68 75 0.065574
68 76 0.026846
68 77 0.010204
68 78 0.012461
68 79 0.010610
68 80 0.016064
68 81 0.020942
68 82 0.013289
68 83 0.011364
68 84 0.017316
68 85 0.017021
68 86 0.023121
68 87 0.013423
68 88 0.016194
68 89 0.013746
68 90 0.027586
68 91 0.061538
68 92 0.095238
68 93 0.016529
68 94 0.010989
68 95 0.024242
68 96 0.038462
68 97 0.016064
68 98 0.032520
68 99 0.021858
69 70 0.057143
69 71 0.021739
69 72 0.023529
69 73 0.013605
69 74 0.018433
69 75 0.033613
69 76 0.017778
69 77 0.009368
69 78 0.013559
69 79 0.012121
69 80 0.015038
69 81 0.014706
69 82 0.015152
69 83 0.013289
69 84 0.022346
69 85 0.019608
69 86 0.027586
69 87 0.016807
69 88 0.013333
69 89 0.012945
69 90 0.062500
69 91 0.053333
69 92 0.083333
69 93 0.022472
69 94 0.011142
69 95 0.017621
69 96 0.022222
69 97 0.021053
69 98 0.019704
69 99 0.033058
70 71 0.021505
70 72 0.016878
70 73 0.014085
70 74 0.019802
70 75 0.066667
70 76 0.024390
70 77 0.010309
70 78 0.012987
70 79 0.011050
70 80 0.016598
70 81 0.019608
70 82 0.013937
70 83 0.011869
70 84 0.017544
70 85 0.018018
70 86 0.025157
70 87 0.014134
70 88 0.016194
70 89 0.014085
70 90 0.030075
70 91 0.058824
70 92 0.108108
70 93 0.017621
70 94 0.011299
70 95 0.023952
70 96 0.035714
70 97 0.017094
70 98 0.029412
70 99 0.023810
71 72 0.013333
71 73 0.035714
71 74 0.074074
71 75 0.025000
71 76 0.012384
71 77 0.014235
71 78 0.032000
71 79 0.019900
71 80 0.036364
71 81 0.012346
71 82 0.034783
71 83 0.021622
71 84 0.011364
71 85 0.071429
71 86 0.086957
71 87 0.023952
71 88 0.018519
71 89 0.027397
71 90 0.020619
71 91 0.016393
71 92 0.019512
71 93 0.027211
71 94 0.022857
71 95 0.020408
71 96 0.018349
71 97 0.030303
71 98 0.014235
71 99 0.032520
72 73 0.009780
72 74 0.011494
72 75 0.013889
72 76 0.010753
72 77 0.006969
72 78 0.010811
72 79 0.011331
72 80 0.009901
72 81 0.009238
72 82 0.012308
72 83 0.012500
72 84 0.037037
72 85 0.013889
72 86 0.015748
72 87 0.016327
72 88 0.008602
72 89 0.009009
72 90 0.034188
72 91 0.019417
72 92 0.019417
72 93 0.020513
72 94 0.008696
72 95 0.010101
72 96 0.011461
72 97 0.018265
72 98 0.011050
72 99 0.022222
73 74 0.048193
73 75 0.016461
73 76 0.010127
73 77 0.020408
73 78 0.040404
73 79 0.019417
73 80 0.056338
73 81 0.010695
73 82 0.029851
73 83 0.019139
73 84 0.008621
73 85 0.031496
73 86 0.025316
73 87 0.017391
73 88 0.019802
73 89 0.059701
73 90 0.013072
73 91 0.011527
73 92 0.012987
73 93 0.016949
73 94 0.055556
73 95 0.017467
73 96 0.014235
73 97 0.018605
73 98 0.011461
73 99 0.017467
74 75 0.024845
74 76 0.012618
74 77 0.017544
74 78 0.028777
74 79 0.017167
74 80 0.070175
74 81 0.013158
74 82 0.027211
74 83 0.017937
74 84 0.010204
74 85 0.039216
74 86 0.041667
74 87 0.018433
74 88 0.023810
74 89 0.041667
74 90 0.016807
74 91 0.015038
74 92 0.017544
74 93 0.020000
74 94 0.025974
74 95 0.024242
74 96 0.019512
74 97 0.021622
74 98 0.014706
74 99 0.022857
75 76 0.024390
75 77 0.012085
75 78 0.014085
75 79 0.011299
75 80 0.020833
75 81 0.022472
75 82 0.014706
75 83 0.012048
75 84 0.013937
75 85 0.019324
75 86 0.027027
75 87 0.013793
75 88 0.021277
75 89 0.017094
75 90 0.022727
75 91 0.031746
75 92 0.041667
75 93 0.016598
75 94 0.012739
75 95 0.036364
75 96 0.055556
75 97 0.016598
75 98 0.032258
75 99 0.021739
76 77 0.009346
76 78 0.008969
76 79 0.007752
76 80 0.012012
76 81 0.048780
76 82 0.009195
76 83 0.008097
76 84 0.012461
76 85 0.010811
76 86 0.012903
76 87 0.008989
76 88 0.015094
76 89 0.010840
76 90 0.013937
76 91 0.023952
76 92 0.022472
76 93 0.010256
76 94 0.008602
76 95 0.021622
76 96 0.034783
76 97 0.010101
76 98 0.085106
76 99 0.012085
77 78 0.013841
77 79 0.010127
77 80 0.023256
77 81 0.010724
77 82 0.012158
77 83 0.009950
77 84 0.006601
77 85 0.012698
77 86 0.012346
77 87 0.009434
77 88 0.024390
77 89 0.029197
77 90 0.008677
77 91 0.008791
77 92 0.009479
77 93 0.009456
77 94 0.019704
77 95 0.016194
77 96 0.012308
77 97 0.009901
77 98 0.010417
77 99 0.009926
78 79 0.037037
78 80 0.025000
78 81 0.009070
78 82 0.081633
78 83 0.035398
78 84 0.009009
78 85 0.043011
78 86 0.026144
78 87 0.026490
78 88 0.013605
78 89 0.024096
78 90 0.013986
78 91 0.011050
78 92 0.012346
78 93 0.022346
78 94 0.038835
78 95 0.013201
78 96 0.011834
78 97 0.025806
78 98 0.009926
78 99 0.020305
79 80 0.015094
79 81 0.007634
79 82 0.045977
79 83 0.117647
79 84 0.008989
79 85 0.027027
79 86 0.019324
79 87 0.036697
79 88 0.010101
79 89 0.014652
79 90 0.013333
79 91 0.009901
79 92 0.010870
79 93 0.024096
79 94 0.020202
79 95 0.010127
79 96 0.009592
79 97 0.027586
79 98 0.008386
79 99 0.018868
80 81 0.013029
80 82 0.021858
80 83 0.015326
80 84 0.009009
80 85 0.026490
80 86 0.026144
80 87 0.015094
80 88 0.029851
80 89 0.090909
80 90 0.013652
80 91 0.012987
80 92 0.014760
80 93 0.015686
80 94 0.029412
80 95 0.024845
80 96 0.018265
80 97 0.016807
80 98 0.013937
80 99 0.017241
81 82 0.009112
81 83 0.007905
81 84 0.010152
81 85 0.010638
81 86 0.012422
81 87 0.008565
81 88 0.018868
81 89 0.011905
81 90 0.011905
81 91 0.017467
81 92 0.017467
81 93 0.009569
81 94 0.009050
81 95 0.027211
81 96 0.036697
81 97 0.009547
81 98 0.055556
81 99 0.011080
82 83 0.051282
82 84 0.009926
82 85 0.060606
82 86 0.031250
82 87 0.038835
82 88 0.012821
82 89 0.020202
82 90 0.016129
82 91 0.011940
82 92 0.013468
82 93 0.030303
82 94 0.026490
82 95 0.012987
82 96 0.012048
82 97 0.037383
82 98 0.010152
82 99 0.025478
83 84 0.009709
83 85 0.030534
83 86 0.021622
83 87 0.052632
83 88 0.010256
83 89 0.014545
83 90 0.014870
83 91 0.010667
83 92 0.011730
83 93 0.030075
83 94 0.018868
83 95 0.010499
83 96 0.010076
83 97 0.035088
83 98 0.008791
83 99 0.021978
84 85 0.011268
84 86 0.013029
84 87 0.011834
84 88 0.008439
84 89 0.008230
84 90 0.025000
84 91 0.023256
84 92 0.020833
84 93 0.014235
84 94 0.007634
84 95 0.010127
84 96 0.012085
84 97 0.013201
84 98 0.012346
84 99 0.016129
85 86 0.063492
85 87 0.034483
85 88 0.014925
85 89 0.022346
85 90 0.020408
85 91 0.014706
85 92 0.017094
85 93 0.036364
85 94 0.023121
85 95 0.015936
85 96 0.014870
85 97 0.044444
85 98 0.012158
85 99 0.036697
86 87 0.026846
86 88 0.016393
86 89 0.020942
86 90 0.026846
86 91 0.019048
86 92 0.023256
86 93 0.035088
86 94 0.018349
86 95 0.019139
86 96 0.018692
86 97 0.038095
86 98 0.014760
86 99 0.050000
87 88 0.010471
87 89 0.013793
87 90 0.020202
87 91 0.012780
87 92 0.014235
87 93 0.064516
87 94 0.015748
87 95 0.011204
87 96 0.011142
87 97 0.080000
87 98 0.009732
87 99 0.033898
88 89 0.027586
88 90 0.011461
88 91 0.012862
88 92 0.014134
88 93 0.011204
88 94 0.015564
88 95 0.045455
88 96 0.024096
88 97 0.011561
88 98 0.018018
88 99 0.012579
89 90 0.011976
89 91 0.011396
89 92 0.012739
89 93 0.013986
89 94 0.035398
89 95 0.020942
89 96 0.015686
89 97 0.014925
89 98 0.012422
89 99 0.014870
90 91 0.031250
90 92 0.036364
90 93 0.029197
90 94 0.010959
90 95 0.014184
90 96 0.016529
90 97 0.025806
90 98 0.014981
90 99 0.043478
91 92 0.100000
91 93 0.015810
91 94 0.009615
91 95 0.017544
91 96 0.025000
91 97 0.015094
91 98 0.025316
91 99 0.020408
92 93 0.018018
92 94 0.010610
92 95 0.019704
92 96 0.027586
92 97 0.017241
92 98 0.025157
92 99 0.024390
93 94 0.014545
93 95 0.012500
93 96 0.012862
93 97 0.160000
93 98 0.011173
93 99 0.066667
94 95 0.013514
94 96 0.011396
94 97 0.015873
94 98 0.009547
94 99 0.014235
95 96 0.050633
95 97 0.012739
95 98 0.028777
95 99 0.014760
96 97 0.012862
96 98 0.057971
96 99 0.015686
97 98 0.011050
97 99 0.057143
98 99 0.013333
