100 4950
0 1 0.019481
0 2 0.009554
0 3 0.013333
0 4 0.040000
0 5 0.006508
0 6 0.009554
0 7 0.008571
0 8 0.010274
0 9 0.008242
0 10 0.008174
0 11 0.005217
0 12 0.016854
0 13 0.017241
0 14 0.011152
0 15 0.007229
0 16 0.006369
0 17 0.010714
0 18 0.006073
0 19 0.005415
0 20 0.014851
0 21 0.011194
0 22 0.012500
0 23 0.012987
0 24 0.006742
0 25 0.026549
0 26 0.006410
0 27 0.011152
0 28 0.005882
0 29 0.009146
0 30 0.006410
0 31 0.011029
0 32 0.008021
0 33 0.022901
0 34 0.008130
0 35 0.058824
0 36 0.013393
0 37 0.005859
0 38 0.009346
0 39 0.009091
0 40 0.007026
0 41 0.006682
0 42 0.012097
0 43 0.010135
0 44 0.009063
0 45 0.007576
0 46 0.008772
0 47 0.007075
0 48 0.007732
0 49 0.017964
0 50 0.017341
0 51 0.007895
0 52 0.005386
0 53 0.006000
0 54 0.024390
0 55 0.005848
0 56 0.013333
0 57 0.010453
0 58 0.037975
0 59 0.007126
0 60 0.015707
0 61 0.007212
0 62 0.007389
0 63 0.007143
0 64 0.007481
0 65 0.014354
0 66 0.006742
0 67 0.007059
0 68 0.005525
0 69 0.015152
0 70 0.013158
0 71 0.009146
0 72 0.006772
0 73 0.028037
0 74 0.008621
0 75 0.007463
0 76 0.006834
0 77 0.250000
0 78 0.017544
0 79 0.007246
0 80 0.028846
0 81 0.013889
0 82 0.013158
0 83 0.009375
0 84 0.010753
0 85 0.018182
0 86 0.016760
0 87 0.010274
0 88 0.037975
0 89 0.005535
0 90 0.007653
0 91 0.007177
0 92 0.007653
0 93 0.142857
0 94 0.166667
0 95 0.011364
0 96 0.008310
0 97 0.008264
0 98 0.011029
0 99 0.027273
1 2 0.016304
1 3 0.031915
1 4 0.016393
1 5 0.008523
1 6 0.012097
1 7 0.008108
1 8 0.016667
1 9 0.008746
1 10 0.007752
1 11 0.006608
1 12 0.038462
1 13 0.015789
1 14 0.018868
1 15 0.008824
1 16 0.008264
1 17 0.010676
1 18 0.008475
1 19 0.006818
1 20 0.011583
1 21 0.011321
1 22 0.032258
1 23 0.030303
1 24 0.009288
1 25 0.030000
1 26 0.009434
1 27 0.014019
1 28 0.007958
1 29 0.012295
1 30 0.008000
1 31 0.025000
1 32 0.012712
1 33 0.038462
1 34 0.013393
1 35 0.016484
1 36 0.019355
1 37 0.007481
1 38 0.017857
1 39 0.010989
1 40 0.008197
1 41 0.009554
1 42 0.023077
1 43 0.012397
1 44 0.010067
1 45 0.009091
1 46 0.015873
1 47 0.008746
1 48 0.009288
1 49 0.012500
1 50 0.040000
1 51 0.012245
1 52 0.006928
1 53 0.008427
1 54 0.033708
1 55 0.007317
1 56 0.017241
1 57 0.020134
1 58 0.014354
1 59 0.010676
1 60 0.014286
1 61 0.008902
1 62 0.011111
1 63 0.010638
1 64 0.011673
1 65 0.013043
1 66 0.008065
1 67 0.010989
1 68 0.007160
1 69 0.024390
1 70 0.028571
1 71 0.016667
1 72 0.010309
1 73 0.041667
1 74 0.015306
1 75 0.011905
1 76 0.010453
1 77 0.018405
1 78 0.115385
1 79 0.010714
1 80 0.057692
1 81 0.032609
1 82 0.026087
1 83 0.013636
1 84 0.022727
1 85 0.214286
1 86 0.020134
1 87 0.021127
1 88 0.033333
1 89 0.006961
1 90 0.010870
1 91 0.008746
1 92 0.009259
1 93 0.017341
1 94 0.017751
1 95 0.011111
1 96 0.012295
1 97 0.014218
1 98 0.015707
1 99 0.015464
2 3 0.032609
2 4 0.008287
2 5 0.007299
2 6 0.007937
2 7 0.005566
2 8 0.010714
2 9 0.006073
2 10 0.005405
2 11 0.006303
2 12 0.012500
2 13 0.008130
2 14 0.011152
2 15 0.006711
2 16 0.007075
2 17 0.006696
2 18 0.008746
2 19 0.006276
2 20 0.006803
2 21 0.006944
2 22 0.030928
2 23 0.034483
2 24 0.008197
2 25 0.014286
2 26 0.011070
2 27 0.008310
2 28 0.007833
2 29 0.008357
2 30 0.006593
2 31 0.020000
2 32 0.047619
2 33 0.016129
2 34 0.013158
2 35 0.009346
2 36 0.009772
2 37 0.006667
2 38 0.020134
2 39 0.007353
2 40 0.006211
2 41 0.009231
2 42 0.012295
2 43 0.007833
2 44 0.006742
2 45 0.006711
2 46 0.019355
2 47 0.006772
2 48 0.006787
2 49 0.007075
2 50 0.012552
2 51 0.044776
2 52 0.006637
2 53 0.009146
2 54 0.011070
2 55 0.006356
2 56 0.009063
2 57 0.078947
2 58 0.008850
2 59 0.010417
2 60 0.007712
2 61 0.006818
2 62 0.032609
2 63 0.010239
2 64 0.031250
2 65 0.007371
2 66 0.006289
2 67 0.014354
2 68 0.006803
2 69 0.010676
2 70 0.034483
2 71 0.046875
2 72 0.013158
2 73 0.011765
2 74 0.016949
2 75 0.025210
2 76 0.013825
2 77 0.009375
2 78 0.018868
2 79 0.009868
2 80 0.013825
2 81 0.030303
2 82 0.012295
2 83 0.009288
2 84 0.042254
2 85 0.017647
2 86 0.009346
2 87 0.035294
2 88 0.011111
2 89 0.006303
2 90 0.008876
2 91 0.006682
2 92 0.006803
2 93 0.008955
2 94 0.009259
2 95 0.006818
2 96 0.009585
2 97 0.017143
2 98 0.009317
2 99 0.007958
3 4 0.011111
3 5 0.007812
3 6 0.009494
3 7 0.006536
3 8 0.013158
3 9 0.007092
3 10 0.006316
3 11 0.006397
3 12 0.018868
3 13 0.010601
3 14 0.014218
3 15 0.007557
3 16 0.007576
3 17 0.008130
3 18 0.008596
3 19 0.006479
3 20 0.008523
3 21 0.008499
3 22 0.083333
3 23 0.428571
3 24 0.008671
3 25 0.023622
3 26 0.010239
3 27 0.010345
3 28 0.007853
3 29 0.009868
3 30 0.007160
3 31 0.026786
3 32 0.020000
3 33 0.029703
3 34 0.013636
3 35 0.012658
3 36 0.012876
3 37 0.006993
3 38 0.021127
3 39 0.008721
3 40 0.006993
3 41 0.009404
3 42 0.016393
3 43 0.009494
3 44 0.007979
3 45 0.007653
3 46 0.018868
3 47 0.007557
3 48 0.007772
3 49 0.009009
3 50 0.019108
3 51 0.019108
3 52 0.006726
3 53 0.008772
3 54 0.016484
3 55 0.006742
3 56 0.011765
3 57 0.047619
3 58 0.011628
3 59 0.010638
3 60 0.009934
3 61 0.007653
3 62 0.016484
3 63 0.010526
3 64 0.016949
3 65 0.009317
3 66 0.006993
3 67 0.012658
3 68 0.006928
3 69 0.014778
3 70 0.176471
3 71 0.027778
3 72 0.011719
3 73 0.018293
3 74 0.017045
3 75 0.016393
3 76 0.012048
3 77 0.012987
3 78 0.043478
3 79 0.010345
3 80 0.023810
3 81 0.230769
3 82 0.016949
3 83 0.011029
3 84 0.047619
3 85 0.037037
3 86 0.012605
3 87 0.035714
3 88 0.016854
3 89 0.006550
3 90 0.009772
3 91 0.007500
3 92 0.007772
3 93 0.012245
3 94 0.012712
3 95 0.008357
3 96 0.010830
3 97 0.016393
3 98 0.011673
3 99 0.010526
4 5 0.006928
4 6 0.010989
4 7 0.010753
4 8 0.010949
4 9 0.009934
4 10 0.010169
4 11 0.005435
4 12 0.017241
4 13 0.026087
4 14 0.011811
4 15 0.008086
4 16 0.006803
4 17 0.013953
4 18 0.006160
4 19 0.005693
4 20 0.023438
4 21 0.014634
4 22 0.010870
4 23 0.010909
4 24 0.007059
4 25 0.016949
4 26 0.006329
4 27 0.013274
4 28 0.006048
4 29 0.010239
4 30 0.006961
4 31 0.010381
4 32 0.007194
4 33 0.015873
4 34 0.008086
4 35 0.025000
4 36 0.015464
4 37 0.006198
4 38 0.008876
4 39 0.010601
4 40 0.007958
4 41 0.006834
4 42 0.012552
4 43 0.012000
4 44 0.010909
4 45 0.008596
4 46 0.008357
4 47 0.007853
4 48 0.008798
4 49 0.032258
4 50 0.017647
4 51 0.007042
4 52 0.005597
4 53 0.006024
4 54 0.026316
4 55 0.006250
4 56 0.016129
4 57 0.009091
4 58 0.020979
4 59 0.007212
4 60 0.023438
4 61 0.008021
4 62 0.006652
4 63 0.007264
4 64 0.006818
4 65 0.020979
4 66 0.007519
4 67 0.006818
4 68 0.005747
4 69 0.017045
4 70 0.010830
4 71 0.008264
4 72 0.006593
4 73 0.025862
4 74 0.008333
4 75 0.006912
4 76 0.006608
4 77 0.036585
4 78 0.014563
4 79 0.007426
4 80 0.020690
4 81 0.011364
4 82 0.013699
4 83 0.010239
4 84 0.009524
4 85 0.015306
4 86 0.021277
4 87 0.009259
4 88 0.031915
4 89 0.005859
4 90 0.008086
4 91 0.008021
4 92 0.008671
4 93 0.046154
4 94 0.035714
4 95 0.015075
4 96 0.008772
4 97 0.007958
4 98 0.012448
4 99 0.078947
5 6 0.017442
5 7 0.008696
5 8 0.017241
5 9 0.011952
5 10 0.008547
5 11 0.024590
5 12 0.010345
5 13 0.009063
5 14 0.015306
5 15 0.026087
5 16 0.214286
5 17 0.010239
5 18 0.020833
5 19 0.031915
5 20 0.007812
5 21 0.010417
5 22 0.008596
5 23 0.007853
5 24 0.058824
5 25 0.006667
5 26 0.014019
5 27 0.013953
5 28 0.026786
5 29 0.020833
5 30 0.049180
5 31 0.010989
5 32 0.007371
5 33 0.006993
5 34 0.016129
5 35 0.005917
5 36 0.012500
5 37 0.057692
5 38 0.011407
5 39 0.016667
5 40 0.019481
5 41 0.026549
5 42 0.013453
5 43 0.015075
5 44 0.013453
5 45 0.021277
5 46 0.011583
5 47 0.030612
5 48 0.020690
5 49 0.007426
5 50 0.010204
5 51 0.007109
5 52 0.027027
5 53 0.016949
5 54 0.008850
5 55 0.048387
5 56 0.012097
5 57 0.007874
5 58 0.005587
5 59 0.021583
5 60 0.009091
5 61 0.028846
5 62 0.006944
5 63 0.022727
5 64 0.007634
5 65 0.009091
5 66 0.024590
5 67 0.011952
5 68 0.030303
5 69 0.011364
5 70 0.007519
5 71 0.008571
5 72 0.012245
5 73 0.008380
5 74 0.012658
5 75 0.008523
5 76 0.011719
5 77 0.006342
5 78 0.008403
5 79 0.026316
5 80 0.007634
5 81 0.007634
5 82 0.012448
5 83 0.021127
5 84 0.008646
5 85 0.008523
5 86 0.010239
5 87 0.009146
5 88 0.007792
5 89 0.037037
5 90 0.038462
5 91 0.026316
5 92 0.021739
5 93 0.006369
5 94 0.006263
5 95 0.009901
5 96 0.027523
5 97 0.012295
5 98 0.015544
5 99 0.007317
6 7 0.015075
6 8 0.029126
6 9 0.024194
6 10 0.014218
6 11 0.010204
6 12 0.017544
6 13 0.018405
6 14 0.027273
6 15 0.029703
6 16 0.016949
6 17 0.023438
6 18 0.010949
6 19 0.011407
6 20 0.014151
6 21 0.025210
6 22 0.010345
6 23 0.009464
6 24 0.016484
6 25 0.008929
6 26 0.009868
6 27 0.063830
6 28 0.011407
6 29 0.083333
6 30 0.018750
6 31 0.013043
6 32 0.007481
6 33 0.009346
6 34 0.013825
6 35 0.008242
6 36 0.031250
6 37 0.013636
6 38 0.011858
6 39 0.096774
6 40 0.025210
6 41 0.013393
6 42 0.022222
6 43 0.107143
6 44 0.038961
6 45 0.035714
6 46 0.011364
6 47 0.027027
6 48 0.038961
6 49 0.012876
6 50 0.017143
6 51 0.007229
6 52 0.010638
6 53 0.010067
6 54 0.015075
6 55 0.014286
6 56 0.033333
6 57 0.008798
6 58 0.007634
6 59 0.013575
6 60 0.018750
6 61 0.029126
6 62 0.006912
6 63 0.013953
6 64 0.007463
6 65 0.018987
6 66 0.022901
6 67 0.009772
6 68 0.011152
6 69 0.023256
6 70 0.009063
6 71 0.008982
6 72 0.009615
6 73 0.013393
6 74 0.012097
6 75 0.008086
6 76 0.009434
6 77 0.009202
6 78 0.011364
6 79 0.015306
6 80 0.010989
6 81 0.009346
6 82 0.021583
6 83 0.042857
6 84 0.009772
6 85 0.011811
6 86 0.022059
6 87 0.010101
6 88 0.012195
6 89 0.012195
6 90 0.022059
6 91 0.028846
6 92 0.037975
6 93 0.009375
6 94 0.009036
6 95 0.022388
6 96 0.024390
6 97 0.011407
6 98 0.050847
6 99 0.012245
7 8 0.010239
7 9 0.031579
7 10 0.166667
7 11 0.006579
7 12 0.009967
7 13 0.016043
7 14 0.010309
7 15 0.012876
7 16 0.008721
7 17 0.032967
7 18 0.006410
7 19 0.007160
7 20 0.019608
7 21 0.028037
7 22 0.006772
7 23 0.006494
7 24 0.008108
7 25 0.007059
7 26 0.005964
7 27 0.015789
7 28 0.006667
7 29 0.012821
7 30 0.009868
7 31 0.007426
7 32 0.005217
7 33 0.007092
7 34 0.007246
7 35 0.007538
7 36 0.012766
7 37 0.007895
7 38 0.006865
7 39 0.017045
7 40 0.014634
7 41 0.007143
7 42 0.009804
7 43 0.016760
7 44 0.023810
7 45 0.014634
7 46 0.006637
7 47 0.011952
7 48 0.014925
7 49 0.015789
7 50 0.009934
7 51 0.005111
7 52 0.006637
7 53 0.006073
7 54 0.010453
7 55 0.008403
7 56 0.014354
7 57 0.005988
7 58 0.007126
7 59 0.007143
7 60 0.017964
7 61 0.012346
7 62 0.004926
7 63 0.007264
7 64 0.005155
7 65 0.020408
7 66 0.012448
7 67 0.005952
7 68 0.006803
7 69 0.011583
7 70 0.006356
7 71 0.005906
7 72 0.005882
7 73 0.009615
7 74 0.006834
7 75 0.005386
7 76 0.005825
7 77 0.008380
7 78 0.007634
7 79 0.007614
7 80 0.008152
7 81 0.006522
7 82 0.010033
7 83 0.011152
7 84 0.006369
7 85 0.007874
7 86 0.013514
7 87 0.006424
7 88 0.009464
7 89 0.007519
7 90 0.009091
7 91 0.012766
7 92 0.014423
7 93 0.008746
7 94 0.008287
7 95 0.030000
7 96 0.009346
7 97 0.006593
7 98 0.012712
7 99 0.012397
8 9 0.013274
8 10 0.009772
8 11 0.010563
8 12 0.025641
8 13 0.015625
8 14 0.130435
8 15 0.017647
8 16 0.016304
8 17 0.014286
8 18 0.013889
8 19 0.011321
8 20 0.011450
8 21 0.015228
8 22 0.015152
8 23 0.013158
8 24 0.019608
8 25 0.010791
8 26 0.013514
8 27 0.028571
8 28 0.013453
8 29 0.037500
8 30 0.015306
8 31 0.022901
8 32 0.010033
8 33 0.011628
8 34 0.024194
8 35 0.008929
8 36 0.034483
8 37 0.013393
8 38 0.020000
8 39 0.022556
8 40 0.014706
8 41 0.017964
8 42 0.060000
8 43 0.025641
8 44 0.016854
8 45 0.017857
8 46 0.018634
8 47 0.017647
8 48 0.018405
8 49 0.011152
8 50 0.024590
8 51 0.009585
8 52 0.011278
8 53 0.012931
8 54 0.017647
8 55 0.012987
8 56 0.027778
8 57 0.012295
8 58 0.008219
8 59 0.020270
8 60 0.015000
8 61 0.018182
8 62 0.009063
8 63 0.020833
8 64 0.010033
8 65 0.014354
8 66 0.014925
8 67 0.014151
8 68 0.011905
8 69 0.030303
8 70 0.012295
8 71 0.012876
8 72 0.013636
8 73 0.016043
8 74 0.020548
8 75 0.011194
8 76 0.013393
8 77 0.009901
8 78 0.015873
8 79 0.022727
8 80 0.013636
8 81 0.012712
8 82 0.044776
8 83 0.066667
8 84 0.014286
8 85 0.016484
8 86 0.021429
8 87 0.015228
8 88 0.014019
8 89 0.011811
8 90 0.029703
8 91 0.017341
8 92 0.018519
8 93 0.009901
8 94 0.009677
8 95 0.014286
8 96 0.042857
8 97 0.018519
8 98 0.050847
8 99 0.011583
9 10 0.029703
9 11 0.008310
9 12 0.011236
9 13 0.015707
9 14 0.013043
9 15 0.021739
9 16 0.012000
9 17 0.034091
9 18 0.007916
9 19 0.009259
9 20 0.015464
9 21 0.030612
9 22 0.007481
9 23 0.007042
9 24 0.010753
9 25 0.007212
9 26 0.007126
9 27 0.022388
9 28 0.008380
9 29 0.019355
9 30 0.014354
9 31 0.008596
9 32 0.005747
9 33 0.007353
9 34 0.008850
9 35 0.007246
9 36 0.015707
9 37 0.010526
9 38 0.008000
9 39 0.031579
9 40 0.027027
9 41 0.009009
9 42 0.011952
9 43 0.026786
9 44 0.061224
9 45 0.027027
9 46 0.007752
9 47 0.019231
9 48 0.028037
9 49 0.013158
9 50 0.011111
9 51 0.005607
9 52 0.008403
9 53 0.007371
9 54 0.011029
9 55 0.011450
9 56 0.017647
9 57 0.006579
9 58 0.006803
9 59 0.008929
9 60 0.017143
9 61 0.020134
9 62 0.005415
9 63 0.009119
9 64 0.005725
9 65 0.018750
9 66 0.020548
9 67 0.006993
9 68 0.008646
9 69 0.013514
9 70 0.006849
9 71 0.006608
9 72 0.006928
9 73 0.010000
9 74 0.008086
9 75 0.006073
9 76 0.006834
9 77 0.008021
9 78 0.008242
9 79 0.009709
9 80 0.008475
9 81 0.007026
9 82 0.012000
9 83 0.015544
9 84 0.007075
9 85 0.008523
9 86 0.014925
9 87 0.007229
9 88 0.009585
9 89 0.009868
9 90 0.012295
9 91 0.021429
9 92 0.026316
9 93 0.008264
9 94 0.007916
9 95 0.028571
9 96 0.012552
9 97 0.007772
9 98 0.017241
9 99 0.011236
10 11 0.006522
10 12 0.009464
10 13 0.014706
10 14 0.009836
10 15 0.012605
10 16 0.008571
10 17 0.028037
10 18 0.006289
10 19 0.007109
10 20 0.017751
10 21 0.024390
10 22 0.006536
10 23 0.006263
10 24 0.007937
10 25 0.006787
10 26 0.005837
10 27 0.014706
10 28 0.006550
10 29 0.012245
10 30 0.009740
10 31 0.007160
10 32 0.005085
10 33 0.006818
10 34 0.007026
10 35 0.007246
10 36 0.012000
10 37 0.007812
10 38 0.006637
10 39 0.016129
10 40 0.014493
10 41 0.006977
10 42 0.009346
10 43 0.015707
10 44 0.022059
10 45 0.014218
10 46 0.006438
10 47 0.011719
10 48 0.014493
10 49 0.014563
10 50 0.009404
10 51 0.004975
10 52 0.006565
10 53 0.005952
10 54 0.009868
10 55 0.008310
10 56 0.013333
10 57 0.005803
10 58 0.006865
10 59 0.006977
10 60 0.016304
10 61 0.012048
10 62 0.004808
10 63 0.007075
10 64 0.005025
10 65 0.018293
10 66 0.012346
10 67 0.005814
10 68 0.006711
10 69 0.010909
10 70 0.006135
10 71 0.005736
10 72 0.005747
10 73 0.009119
10 74 0.006637
10 75 0.005254
10 76 0.005682
10 77 0.008000
10 78 0.007317
10 79 0.007426
10 80 0.007792
10 81 0.006303
10 82 0.009554
10 83 0.010676
10 84 0.006160
10 85 0.007538
10 86 0.012552
10 87 0.006224
10 88 0.008982
10 89 0.007444
10 90 0.008824
10 91 0.012500
10 92 0.014019
10 93 0.008333
10 94 0.007937
10 95 0.025641
10 96 0.009036
10 97 0.006397
10 98 0.012048
10 99 0.011628
11 12 0.007500
11 13 0.006637
11 14 0.009772
11 15 0.013393
11 16 0.025641
11 17 0.007282
11 18 0.021277
11 19 0.075000
11 20 0.005941
11 21 0.007353
11 22 0.006928
11 23 0.006424
11 24 0.022727
11 25 0.005425
11 26 0.013274
11 27 0.008929
11 28 0.031250
11 29 0.011321
11 30 0.019608
11 31 0.008380
11 32 0.006550
11 33 0.005671
11 34 0.011905
11 35 0.004847
11 36 0.008380
11 37 0.038961
11 38 0.009009
11 39 0.010000
11 40 0.011765
11 41 0.019737
11 42 0.009091
11 43 0.009375
11 44 0.008824
11 45 0.011905
11 46 0.009288
11 47 0.014563
11 48 0.011673
11 49 0.005714
11 50 0.007407
11 51 0.006356
11 52 0.120000
11 53 0.017857
11 54 0.006623
11 55 0.029412
11 56 0.008152
11 57 0.006623
11 58 0.004622
11 59 0.015789
11 60 0.006637
11 61 0.014019
11 62 0.006303
11 63 0.016129
11 64 0.006881
11 65 0.006652
11 66 0.013699
11 67 0.010601
11 68 0.081081
11 69 0.007916
11 70 0.006211
11 71 0.007264
11 72 0.011152
11 73 0.006383
11 74 0.009934
11 75 0.007634
11 76 0.010676
11 77 0.005111
11 78 0.006593
11 79 0.016760
11 80 0.006012
11 81 0.006250
11 82 0.008571
11 83 0.011583
11 84 0.007109
11 85 0.006637
11 86 0.007282
11 87 0.007500
11 88 0.006024
11 89 0.050000
11 90 0.016304
11 91 0.013514
11 92 0.012000
11 93 0.005119
11 94 0.005059
11 95 0.007092
11 96 0.013953
11 97 0.009967
11 98 0.009615
11 99 0.005660
12 13 0.022388
12 14 0.031915
12 15 0.011321
12 16 0.010000
12 17 0.014286
12 18 0.009434
12 19 0.007874
12 20 0.014354
12 21 0.015385
12 22 0.020979
12 23 0.018519
12 24 0.011152
12 25 0.017857
12 26 0.010000
12 27 0.021898
12 28 0.009009
12 29 0.017647
12 30 0.009804
12 31 0.024390
12 32 0.010676
12 33 0.019868
12 34 0.015152
12 35 0.013636
12 36 0.038462
12 37 0.008824
12 38 0.017647
12 39 0.015306
12 40 0.010381
12 41 0.011029
12 42 0.042254
12 43 0.018293
12 44 0.013575
12 45 0.011858
12 46 0.015789
12 47 0.011111
12 48 0.012195
12 49 0.014925
12 50 0.500000
12 51 0.010239
12 52 0.007874
12 53 0.009174
12 54 0.049180
12 55 0.008696
12 56 0.030928
12 57 0.014851
12 58 0.012000
12 59 0.012245
12 60 0.019737
12 61 0.011407
12 62 0.009494
12 63 0.012295
12 64 0.010169
12 65 0.017647
12 66 0.010101
12 67 0.011194
12 68 0.008174
12 69 0.065217
12 70 0.017341
12 71 0.013825
12 72 0.010601
12 73 0.042254
12 74 0.015873
12 75 0.010753
12 76 0.010638
12 77 0.015873
12 78 0.030928
12 79 0.012658
12 80 0.028302
12 81 0.018634
12 82 0.058824
12 83 0.019868
12 84 0.017143
12 85 0.034884
12 86 0.036585
12 87 0.017143
12 88 0.030000
12 89 0.008108
12 90 0.013825
12 91 0.011194
12 92 0.012097
12 93 0.015707
12 94 0.015385
12 95 0.014925
12 96 0.016216
12 97 0.014563
12 98 0.026087
12 99 0.017647
13 14 0.017045
13 15 0.011628
13 16 0.008902
13 17 0.027778
13 18 0.007389
13 19 0.007092
13 20 0.039474
13 21 0.031579
13 22 0.010949
13 23 0.010453
13 24 0.009091
13 25 0.012605
13 26 0.007317
13 27 0.025424
13 28 0.007371
13 29 0.015957
13 30 0.009317
13 31 0.011765
13 32 0.007246
13 33 0.012658
13 34 0.009740
13 35 0.013393
13 36 0.028571
13 37 0.007895
13 38 0.010033
13 39 0.017751
13 40 0.011450
13 41 0.008427
13 42 0.017341
13 43 0.021739
13 44 0.018750
13 45 0.012766
13 46 0.009434
13 47 0.011070
13 48 0.013216
13 49 0.038462
13 50 0.022388
13 51 0.007059
13 52 0.006849
13 53 0.007092
13 54 0.029126
13 55 0.008043
13 56 0.034483
13 57 0.009009
13 58 0.011952
13 59 0.008850
13 60 0.142857
13 61 0.011450
13 62 0.006682
13 63 0.008955
13 64 0.006993
13 65 0.073171
13 66 0.010526
13 67 0.007712
13 68 0.007059
13 69 0.028302
13 70 0.010169
13 71 0.008547
13 72 0.007481
13 73 0.023622
13 74 0.009615
13 75 0.007282
13 76 0.007463
13 77 0.016304
13 78 0.013953
13 79 0.009317
13 80 0.016484
13 81 0.010676
13 82 0.019108
13 83 0.015152
13 84 0.009772
13 85 0.014778
13 86 0.052632
13 87 0.009740
13 88 0.022901
13 89 0.007353
13 90 0.010830
13 91 0.011450
13 92 0.012931
13 93 0.017341
13 94 0.015873
13 95 0.032609
13 96 0.011905
13 97 0.009119
13 98 0.020833
13 99 0.035714
14 15 0.016043
14 16 0.014493
14 17 0.014634
14 18 0.012766
14 19 0.010417
14 20 0.012097
14 21 0.015707
14 22 0.016484
14 23 0.014151
14 24 0.017045
14 25 0.011719
14 26 0.012766
14 27 0.029412
14 28 0.012295
14 29 0.032258
14 30 0.013825
14 31 0.024793
14 32 0.010274
14 33 0.012712
14 34 0.022388
14 35 0.009585
14 36 0.041667
14 37 0.012146
14 38 0.020408
14 39 0.021429
14 40 0.013699
14 41 0.016129
14 42 0.100000
14 43 0.025210
14 44 0.016575
14 45 0.016484
14 46 0.018634
14 47 0.015957
14 48 0.017045
14 49 0.011858
14 50 0.030303
14 51 0.009804
14 52 0.010417
14 53 0.012048
14 54 0.020270
14 55 0.011858
14 56 0.031579
14 57 0.012931
14 58 0.008746
14 59 0.018182
14 60 0.016129
14 61 0.016393
14 62 0.009231
14 63 0.018519
14 64 0.010169
14 65 0.015306
14 66 0.013699
14 67 0.013699
14 68 0.010949
14 69 0.038462
14 70 0.013216
14 71 0.013333
14 72 0.013100
14 73 0.018293
14 74 0.020134
14 75 0.011236
14 76 0.012931
14 77 0.010676
14 78 0.017751
14 79 0.019868
14 80 0.015228
14 81 0.013761
14 82 0.066667
14 83 0.047619
14 84 0.015152
14 85 0.018634
14 86 0.024390
14 87 0.016043
14 88 0.015707
14 89 0.010830
14 90 0.024194
14 91 0.015789
14 92 0.017045
14 93 0.010676
14 94 0.010453
14 95 0.014778
14 96 0.032609
14 97 0.018072
14 98 0.052632
14 99 0.012552
15 16 0.026549
15 17 0.015464
15 18 0.011905
15 19 0.015957
15 20 0.010169
15 21 0.015625
15 22 0.008174
15 23 0.007538
15 24 0.019868
15 25 0.006944
15 26 0.009740
15 27 0.020548
15 28 0.013274
15 29 0.031250
15 30 0.041096
15 31 0.010067
15 32 0.006536
15 33 0.007229
15 34 0.012097
15 35 0.006466
15 36 0.015385
15 37 0.020270
15 38 0.009772
15 39 0.033333
15 40 0.068182
15 41 0.014218
15 42 0.013889
15 43 0.024793
15 44 0.025210
15 45 0.103448
15 46 0.009646
15 47 0.157895
15 48 0.085714
15 49 0.009317
15 50 0.011152
15 51 0.006329
15 52 0.013636
15 53 0.010601
15 54 0.010033
15 55 0.023622
15 56 0.015789
15 57 0.007282
15 58 0.006085
15 59 0.013393
15 60 0.011905
15 61 0.250000
15 62 0.006148
15 63 0.013825
15 64 0.006623
15 65 0.012195
15 66 0.090909
15 67 0.009063
15 68 0.014286
15 69 0.013274
15 70 0.007264
15 71 0.007595
15 72 0.009091
15 73 0.009288
15 74 0.010309
15 75 0.007212
15 76 0.008850
15 77 0.007042
15 78 0.008499
15 79 0.015306
15 80 0.008130
15 81 0.007426
15 82 0.013274
15 83 0.023810
15 84 0.007958
15 85 0.008721
15 86 0.012712
15 87 0.008287
15 88 0.008696
15 89 0.017857
15 90 0.022901
15 91 0.750000
15 92 0.107143
15 93 0.007143
15 94 0.006944
15 95 0.014493
15 96 0.021127
15 97 0.009901
15 98 0.019868
15 99 0.008798
16 17 0.010169
16 18 0.019608
16 19 0.034483
16 20 0.007732
16 21 0.010309
16 22 0.008287
16 23 0.007595
16 24 0.047619
16 25 0.006494
16 26 0.013333
16 27 0.013636
16 28 0.025424
16 29 0.020000
16 30 0.057692
16 31 0.010526
16 32 0.007143
16 33 0.006818
16 34 0.015075
16 35 0.005803
16 36 0.012048
16 37 0.069767
16 38 0.010870
16 39 0.016393
16 40 0.020000
16 41 0.024194
16 42 0.012821
16 43 0.014706
16 44 0.013393
16 45 0.021429
16 46 0.011029
16 47 0.031579
16 48 0.020833
16 49 0.007335
16 50 0.009836
16 51 0.006897
16 52 0.027523
16 53 0.016129
16 54 0.008621
16 55 0.061224
16 56 0.011765
16 57 0.007614
16 58 0.005484
16 59 0.019737
16 60 0.008929
16 61 0.029412
16 62 0.006742
16 63 0.020833
16 64 0.007389
16 65 0.008955
16 66 0.025862
16 67 0.011407
16 68 0.030612
16 69 0.010989
16 70 0.007282
16 71 0.008242
16 72 0.011673
16 73 0.008152
16 74 0.012000
16 75 0.008219
16 76 0.011236
16 77 0.006224
16 78 0.008130
16 79 0.023622
16 80 0.007426
16 81 0.007389
16 82 0.011952
16 83 0.019868
16 84 0.008333
16 85 0.008242
16 86 0.009967
16 87 0.008798
16 88 0.007595
16 89 0.041667
16 90 0.033333
16 91 0.027027
16 92 0.021898
16 93 0.006250
16 94 0.006148
16 95 0.009804
16 96 0.024793
16 97 0.011719
16 98 0.014925
16 99 0.007194
17 18 0.007481
17 19 0.007937
17 20 0.027778
17 21 0.187500
17 22 0.008523
17 23 0.008065
17 24 0.009709
17 25 0.008772
17 26 0.007042
17 27 0.028571
17 28 0.007692
17 29 0.018405
17 30 0.011321
17 31 0.009554
17 32 0.006198
17 33 0.008876
17 34 0.009036
17 35 0.009091
17 36 0.020833
17 37 0.008929
17 38 0.008596
17 39 0.026549
17 40 0.016484
17 41 0.008547
17 42 0.013825
17 43 0.029412
17 44 0.039474
17 45 0.018072
17 46 0.008242
17 47 0.014286
17 48 0.018868
17 49 0.021277
17 50 0.014151
17 51 0.006036
17 52 0.007444
17 53 0.007075
17 54 0.014925
17 55 0.009375
17 56 0.025210
17 57 0.007317
17 58 0.008427
17 59 0.008696
17 60 0.033333
17 61 0.014851
17 62 0.005780
17 63 0.008850
17 64 0.006098
17 65 0.041096
17 66 0.014085
17 67 0.007126
17 68 0.007673
17 69 0.017857
17 70 0.007853
17 71 0.007177
17 72 0.006993
17 73 0.013216
17 74 0.008499
17 75 0.006410
17 76 0.006928
17 77 0.010381
17 78 0.009868
17 79 0.009317
17 80 0.010601
17 81 0.008108
17 82 0.014354
17 83 0.015625
17 84 0.007895
17 85 0.010274
17 86 0.022556
17 87 0.007979
17 88 0.012712
17 89 0.008357
17 90 0.011407
17 91 0.015228
17 92 0.018072
17 93 0.010830
17 94 0.010204
17 95 0.166667
17 96 0.012146
17 97 0.008130
17 98 0.019868
17 99 0.016667
18 19 0.019231
18 20 0.006342
18 21 0.007653
18 22 0.009554
18 23 0.008671
18 24 0.029412
18 25 0.006667
18 26 0.034884
18 27 0.009901
18 28 0.063830
18 29 0.012552
18 30 0.014634
18 31 0.012346
18 32 0.009375
18 33 0.007092
18 34 0.022727
18 35 0.005639
18 36 0.009934
18 37 0.020000
18 38 0.014423
18 39 0.010239
18 40 0.010204
18 41 0.058824
18 42 0.012048
18 43 0.010000
18 44 0.008772
18 45 0.010949
18 46 0.015464
18 47 0.012658
18 48 0.010870
18 49 0.006211
18 50 0.009317
18 51 0.009009
18 52 0.025641
18 53 0.088235
18 54 0.007958
18 55 0.016393
18 56 0.009375
18 57 0.009259
18 58 0.005357
18 59 0.040541
18 60 0.007282
18 61 0.012448
18 62 0.008929
18 63 0.040000
18 64 0.010135
18 65 0.007177
18 66 0.011321
18 67 0.020979
18 68 0.027778
18 69 0.009615
18 70 0.008287
18 71 0.010753
18 72 0.023256
18 73 0.007732
18 74 0.017143
18 75 0.011858
18 76 0.021277
18 77 0.005941
18 78 0.008571
18 79 0.035294
18 80 0.007426
18 81 0.008287
18 82 0.011111
18 83 0.014085
18 84 0.010135
18 85 0.008596
18 86 0.008427
18 87 0.010989
18 88 0.007212
18 89 0.018293
18 90 0.021583
18 91 0.011905
18 92 0.011152
18 93 0.005906
18 94 0.005871
18 95 0.007371
18 96 0.019231
18 97 0.017544
18 98 0.011321
18 99 0.006329
19 20 0.006342
19 21 0.008021
19 22 0.007026
19 23 0.006508
19 24 0.025424
19 25 0.005566
19 26 0.012500
19 27 0.009804
19 28 0.027523
19 29 0.012712
19 30 0.026087
19 31 0.008547
19 32 0.006452
19 33 0.005814
19 34 0.012000
19 35 0.005008
19 36 0.008982
19 37 0.068182
19 38 0.009063
19 39 0.011278
19 40 0.013889
19 41 0.019355
19 42 0.009585
19 43 0.010381
19 44 0.009868
19 45 0.013889
19 46 0.009288
19 47 0.017647
19 48 0.013575
19 49 0.006061
19 50 0.007772
19 51 0.006263
19 52 0.061224
19 53 0.016043
19 54 0.006944
19 55 0.047619
19 56 0.008798
19 57 0.006637
19 58 0.004769
19 59 0.015707
19 60 0.007109
19 61 0.016854
19 62 0.006198
19 63 0.016216
19 64 0.006757
19 65 0.007143
19 66 0.016667
19 67 0.010239
19 68 0.060000
19 69 0.008403
19 70 0.006289
19 71 0.007229
19 72 0.010676
19 73 0.006667
19 74 0.009967
19 75 0.007463
19 76 0.010239
19 77 0.005300
19 78 0.006772
19 79 0.017143
19 80 0.006211
19 81 0.006342
19 82 0.009063
19 83 0.012766
19 84 0.007143
19 85 0.006834
19 86 0.007772
19 87 0.007538
19 88 0.006289
19 89 0.142857
19 90 0.018182
19 91 0.016216
19 92 0.014019
19 93 0.005319
19 94 0.005245
19 95 0.007712
19 96 0.015228
19 97 0.009868
19 98 0.010453
19 99 0.005964
20 21 0.028571
20 22 0.008671
20 23 0.008427
20 24 0.007692
20 25 0.010345
20 26 0.006224
20 27 0.017442
20 28 0.006383
20 29 0.012346
20 30 0.008219
20 31 0.009091
20 32 0.006148
20 33 0.010204
20 34 0.007874
20 35 0.012146
20 36 0.016949
20 37 0.006977
20 38 0.008021
20 39 0.014423
20 40 0.010417
20 41 0.007109
20 42 0.012097
20 43 0.016216
20 44 0.016484
20 45 0.011152
20 46 0.007634
20 47 0.009646
20 48 0.011450
20 49 0.078947
20 50 0.014423
20 51 0.006024
20 52 0.006073
20 53 0.006110
20 54 0.017647
20 55 0.007177
20 56 0.019355
20 57 0.007407
20 58 0.011152
20 59 0.007353
20 60 0.047619
20 61 0.009934
20 62 0.005747
20 63 0.007426
20 64 0.005964
20 65 0.054545
20 66 0.009434
20 67 0.006479
20 68 0.006237
20 69 0.016484
20 70 0.008264
20 71 0.007059
20 72 0.006316
20 73 0.015789
20 74 0.007752
20 75 0.006160
20 76 0.006289
20 77 0.014354
20 78 0.010601
20 79 0.007712
20 80 0.012448
20 81 0.008596
20 82 0.012931
20 83 0.011538
20 84 0.007874
20 85 0.011029
20 86 0.022727
20 87 0.007833
20 88 0.016216
20 89 0.006579
20 90 0.008850
20 91 0.010033
20 92 0.011194
20 93 0.015544
20 94 0.014151
20 95 0.032609
20 96 0.009464
20 97 0.007407
20 98 0.014423
20 99 0.032609
21 22 0.008902
21 23 0.008427
21 24 0.009967
21 25 0.009146
21 26 0.007229
21 27 0.032609
21 28 0.007853
21 29 0.019481
21 30 0.011407
21 31 0.010033
21 32 0.006397
21 33 0.009288
21 34 0.009375
21 35 0.009434
21 36 0.023256
21 37 0.009036
21 38 0.008955
21 39 0.027778
21 40 0.016304
21 41 0.008772
21 42 0.014851
21 43 0.032258
21 44 0.038462
21 45 0.018072
21 46 0.008571
21 47 0.014423
21 48 0.018987
21 49 0.022222
21 50 0.015306
21 51 0.006237
21 52 0.007538
21 53 0.007246
21 54 0.016129
21 55 0.009464
21 56 0.029126
21 57 0.007595
21 58 0.008721
21 59 0.008982
21 60 0.038462
21 61 0.015000
21 62 0.005964
21 63 0.009119
21 64 0.006289
21 65 0.047619
21 66 0.014019
21 67 0.007353
21 68 0.007772
21 69 0.019737
21 70 0.008174
21 71 0.007463
21 72 0.007212
21 73 0.014151
21 74 0.008850
21 75 0.006623
21 76 0.007143
21 77 0.010830
21 78 0.010417
21 79 0.009615
21 80 0.011194
21 81 0.008475
21 82 0.015464
21 83 0.016575
21 84 0.008219
21 85 0.010870
21 86 0.025641
21 87 0.008310
21 88 0.013575
21 89 0.008427
21 90 0.011811
21 91 0.015306
21 92 0.018182
21 93 0.011278
21 94 0.010638
21 95 0.187500
21 96 0.012658
21 97 0.008427
21 98 0.021739
21 99 0.017647
22 23 0.088235
22 24 0.009677
22 25 0.019737
22 26 0.011538
22 27 0.011194
22 28 0.008671
22 29 0.010909
22 30 0.007772
22 31 0.038961
22 32 0.020833
22 33 0.024000
22 34 0.016304
22 35 0.011673
22 36 0.014151
22 37 0.007614
22 38 0.028037
22 39 0.009404
22 40 0.007500
22 41 0.010601
22 42 0.019355
22 43 0.010274
22 44 0.008499
22 45 0.008242
22 46 0.024000
22 47 0.008197
22 48 0.008380
22 49 0.009063
22 50 0.020979
22 51 0.019481
22 52 0.007299
22 53 0.009740
22 54 0.016854
22 55 0.007317
22 56 0.012712
22 57 0.050000
22 58 0.010676
22 59 0.012146
22 60 0.010239
22 61 0.008287
22 62 0.016854
22 63 0.012000
22 64 0.018182
22 65 0.009646
22 66 0.007538
22 67 0.014634
22 68 0.007557
22 69 0.016216
22 70 0.058824
22 71 0.033708
22 72 0.013393
22 73 0.018293
22 74 0.021429
22 75 0.018405
22 76 0.013825
22 77 0.012146
22 78 0.042857
22 79 0.011765
22 80 0.021898
22 81 0.062500
22 82 0.019737
22 83 0.012397
22 84 0.075000
22 85 0.037500
22 86 0.013333
22 87 0.054545
22 88 0.016484
22 89 0.007109
22 90 0.011029
22 91 0.008108
22 92 0.008403
22 93 0.011538
22 94 0.011905
22 95 0.008721
22 96 0.012295
22 97 0.020134
22 98 0.012931
22 99 0.010453
23 24 0.008721
23 25 0.022556
23 26 0.010381
23 27 0.010239
23 28 0.007916
23 29 0.009836
23 30 0.007177
23 31 0.027027
23 32 0.020833
23 33 0.028037
23 34 0.013825
23 35 0.012346
23 36 0.012766
23 37 0.007009
23 38 0.021739
23 39 0.008671
23 40 0.006977
23 41 0.009494
23 42 0.016304
23 43 0.009434
23 44 0.007937
23 45 0.007634
23 46 0.019355
23 47 0.007557
23 48 0.007752
23 49 0.008876
23 50 0.018634
23 51 0.019868
23 52 0.006757
23 53 0.008850
23 54 0.016043
23 55 0.006757
23 56 0.011628
23 57 0.052632
23 58 0.011364
23 59 0.010714
23 60 0.009772
23 61 0.007634
23 62 0.017045
23 63 0.010601
23 64 0.017544
23 65 0.009202
23 66 0.006993
23 67 0.012931
23 68 0.006961
23 69 0.014563
23 70 0.176471
23 71 0.029412
23 72 0.011905
23 73 0.017751
23 74 0.017442
23 75 0.016949
23 76 0.012295
23 77 0.012658
23 78 0.040541
23 79 0.010417
23 80 0.022727
23 81 0.166667
23 82 0.016760
23 83 0.010989
23 84 0.052632
23 85 0.035294
23 86 0.012448
23 87 0.037975
23 88 0.016393
23 89 0.006579
23 90 0.009804
23 91 0.007500
23 92 0.007752
23 93 0.011952
23 94 0.012397
23 95 0.008264
23 96 0.010870
23 97 0.016760
23 98 0.011583
23 99 0.010345
24 25 0.007109
24 26 0.018293
24 27 0.013761
24 28 0.036585
24 29 0.020134
24 30 0.027273
24 31 0.012821
24 32 0.008357
24 33 0.007519
24 34 0.021583
24 35 0.006148
24 36 0.012931
24 37 0.035294
24 38 0.013761
24 39 0.015152
24 40 0.015544
24 41 0.047619
24 42 0.015075
24 43 0.014354
24 44 0.012245
24 45 0.017341
24 46 0.014085
24 47 0.022059
24 48 0.017143
24 49 0.007389
24 50 0.010949
24 51 0.008021
24 52 0.026549
24 53 0.022556
24 54 0.009288
24 55 0.027778
24 56 0.012295
24 57 0.008876
24 58 0.005792
24 59 0.033708
24 60 0.009009
24 61 0.021429
24 62 0.007833
24 63 0.037037
24 64 0.008721
24 65 0.008929
24 66 0.018182
24 67 0.014925
24 68 0.030303
24 69 0.012000
24 70 0.008310
24 71 0.009836
24 72 0.015464
24 73 0.008850
24 74 0.015707
24 75 0.009934
24 76 0.014634
24 77 0.006579
24 78 0.009202
24 79 0.046154
24 80 0.008152
24 81 0.008427
24 82 0.013761
24 83 0.022556
24 84 0.009836
24 85 0.009317
24 86 0.010490
24 87 0.010563
24 88 0.008174
24 89 0.026549
24 90 0.055556
24 91 0.019868
24 92 0.017857
24 93 0.006579
24 94 0.006494
24 95 0.009494
24 96 0.035714
24 97 0.015306
24 98 0.016043
24 99 0.007407
25 26 0.007389
25 27 0.010101
25 28 0.006316
25 29 0.008902
25 30 0.006356
25 31 0.014354
25 32 0.011029
25 33 0.107143
25 34 0.009434
25 35 0.026786
25 36 0.012500
25 37 0.006000
25 38 0.011905
25 39 0.008357
25 40 0.006608
25 41 0.007299
25 42 0.013158
25 43 0.009231
25 44 0.008000
25 45 0.007160
25 46 0.011029
25 47 0.006865
25 48 0.007282
25 49 0.011494
25 50 0.018405
25 51 0.010870
25 52 0.005639
25 53 0.006682
25 54 0.020833
25 55 0.005906
25 56 0.011858
25 57 0.015957
25 58 0.022901
25 59 0.007937
25 60 0.011583
25 61 0.006977
25 62 0.009967
25 63 0.007916
25 64 0.009967
25 65 0.010753
25 66 0.006466
25 67 0.008451
25 68 0.005792
25 69 0.014493
25 70 0.023810
25 71 0.012766
25 72 0.008021
25 73 0.025641
25 74 0.010563
25 75 0.009709
25 76 0.008152
25 77 0.026087
25 78 0.030000
25 79 0.007937
25 80 0.046875
25 81 0.025862
25 82 0.014151
25 83 0.009464
25 84 0.015957
25 85 0.029412
25 86 0.013889
25 87 0.014493
25 88 0.027778
25 89 0.005660
25 90 0.008000
25 91 0.006897
25 92 0.007246
25 93 0.022556
25 94 0.025424
25 95 0.009119
25 96 0.008746
25 97 0.010135
25 98 0.010676
25 99 0.014634
26 27 0.009288
26 28 0.022727
26 29 0.011152
26 30 0.010949
26 31 0.015075
26 32 0.012500
26 33 0.007916
26 34 0.029126
26 35 0.006012
26 36 0.009804
26 37 0.013043
26 38 0.019355
26 39 0.009119
26 40 0.008523
26 41 0.029703
26 42 0.012552
26 43 0.009202
26 44 0.007916
26 45 0.009202
26 46 0.022222
26 47 0.010169
26 48 0.009231
26 49 0.006173
26 50 0.009868
26 51 0.011858
26 52 0.014851
26 53 0.050000
26 54 0.008333
26 55 0.011494
26 56 0.009146
26 57 0.011673
26 58 0.005703
26 59 0.034884
26 60 0.007143
26 61 0.010101
26 62 0.011811
26 63 0.032258
26 64 0.014019
26 65 0.006993
26 66 0.009174
26 67 0.047619
26 68 0.015464
26 69 0.009772
26 70 0.009868
26 71 0.014423
26 72 0.065217
26 73 0.008219
26 74 0.024390
26 75 0.017544
26 76 0.052632
26 77 0.006276
26 78 0.009740
26 79 0.026549
26 80 0.008108
26 81 0.009804
26 82 0.011628
26 83 0.012712
26 84 0.012821
26 85 0.009677
26 86 0.008451
26 87 0.014151
26 88 0.007653
26 89 0.012146
26 90 0.016667
26 91 0.009709
26 92 0.009375
26 93 0.006198
26 94 0.006198
26 95 0.006993
26 96 0.016393
26 97 0.027027
26 98 0.010753
26 99 0.006438
27 28 0.010067
27 29 0.041667
27 30 0.014563
27 31 0.013761
27 32 0.007692
27 33 0.010526
27 34 0.013158
27 35 0.009404
27 36 0.050000
27 37 0.011407
27 38 0.012048
27 39 0.047619
27 40 0.018750
27 41 0.011858
27 42 0.025000
27 43 0.103448
27 44 0.034884
27 45 0.023622
27 46 0.011450
27 47 0.019108
27 48 0.025210
27 49 0.015789
27 50 0.021429
27 51 0.007426
27 52 0.009288
27 53 0.009231
27 54 0.019108
27 55 0.011719
27 56 0.065217
27 57 0.009288
27 58 0.008621
27 59 0.012346
27 60 0.025862
27 61 0.020134
27 62 0.007075
27 63 0.012605
27 64 0.007595
27 65 0.025424
27 66 0.017045
27 67 0.009464
27 68 0.009677
27 69 0.032609
27 70 0.009804
27 71 0.009288
27 72 0.009231
27 73 0.016393
27 74 0.012000
27 75 0.008152
27 76 0.009119
27 77 0.010714
27 78 0.012876
27 79 0.013514
27 80 0.012821
27 81 0.010204
27 82 0.025641
27 83 0.032967
27 84 0.010309
27 85 0.013453
27 86 0.032967
27 87 0.010601
27 88 0.014778
27 89 0.010309
27 90 0.017857
27 91 0.020000
27 92 0.024390
27 93 0.010949
27 94 0.010490
27 95 0.028302
27 96 0.020270
27 97 0.011278
27 98 0.063830
27 99 0.015075
28 29 0.013100
28 30 0.017647
28 31 0.011029
28 32 0.008264
28 33 0.006682
28 34 0.018519
28 35 0.005455
28 36 0.009804
28 37 0.028037
28 38 0.012346
28 39 0.010753
28 40 0.011278
28 41 0.046875
28 42 0.011450
28 43 0.010345
28 44 0.009202
28 45 0.012000
28 46 0.013043
28 47 0.014354
28 48 0.011858
28 49 0.006198
28 50 0.008902
28 51 0.007958
28 52 0.041667
28 53 0.038462
28 54 0.007692
28 55 0.021277
28 56 0.009346
28 57 0.008310
28 58 0.005181
28 59 0.030000
28 60 0.007299
28 61 0.014019
28 62 0.007874
28 63 0.030928
28 64 0.008798
28 65 0.007229
28 66 0.012876
28 67 0.015957
28 68 0.048387
28 69 0.009346
28 70 0.007595
28 71 0.009404
28 72 0.017241
28 73 0.007444
28 74 0.014286
28 75 0.010067
28 76 0.016129
28 77 0.005758
28 78 0.008000
28 79 0.030928
28 80 0.007059
28 81 0.007614
28 82 0.010601
28 83 0.014286
28 84 0.009036
28 85 0.008021
28 86 0.008333
28 87 0.009709
28 88 0.006944
28 89 0.025424
28 90 0.022901
28 91 0.013333
28 92 0.012195
28 93 0.005736
28 94 0.005693
28 95 0.007557
28 96 0.019231
28 97 0.014423
28 98 0.011364
28 99 0.006250
29 30 0.021277
29 31 0.014286
29 32 0.007937
29 33 0.009375
29 34 0.016216
29 35 0.007979
29 36 0.028846
29 37 0.015544
29 38 0.013158
29 39 0.049180
29 40 0.023810
29 41 0.015873
29 42 0.024793
29 43 0.048387
29 44 0.027273
29 45 0.033708
29 46 0.012712
29 47 0.030000
29 48 0.036145
29 49 0.011494
29 50 0.017143
29 51 0.007653
29 52 0.011905
29 53 0.011407
29 54 0.014423
29 55 0.015957
29 56 0.028037
29 57 0.009288
29 58 0.007389
29 59 0.016129
29 60 0.016043
29 61 0.031915
29 62 0.007317
29 63 0.016667
29 64 0.007958
29 65 0.015957
29 66 0.023438
29 67 0.010909
29 68 0.012552
29 69 0.022388
29 70 0.009375
29 71 0.009615
29 72 0.010753
29 73 0.012987
29 74 0.013699
29 75 0.008721
29 76 0.010526
29 77 0.008850
29 78 0.011628
29 79 0.018634
29 80 0.010909
29 81 0.009677
29 82 0.022901
29 83 0.076923
29 84 0.010381
29 85 0.012048
29 86 0.019608
29 87 0.010870
29 88 0.011765
29 89 0.013575
29 90 0.029703
29 91 0.030303
29 92 0.036145
29 93 0.008955
29 94 0.008696
29 95 0.017751
29 96 0.034483
29 97 0.012821
29 98 0.052632
29 99 0.011194
30 31 0.009615
30 32 0.006550
30 33 0.006623
30 34 0.012658
30 35 0.005814
30 36 0.012245
30 37 0.038462
30 38 0.009709
30 39 0.019108
30 40 0.029126
30 41 0.017341
30 42 0.012195
30 43 0.016304
30 44 0.015707
30 45 0.029703
30 46 0.009740
30 47 0.053571
30 48 0.028037
30 49 0.007712
30 50 0.009646
30 51 0.006356
30 52 0.019868
30 53 0.012605
30 54 0.008621
30 55 0.054545
30 56 0.012195
30 57 0.007092
30 58 0.005495
30 59 0.015228
30 60 0.009464
30 61 0.046875
30 62 0.006198
30 63 0.015873
30 64 0.006726
30 65 0.009554
30 66 0.044776
30 67 0.009740
30 68 0.021127
30 69 0.010989
30 70 0.006897
30 71 0.007538
30 72 0.009868
30 73 0.008108
30 74 0.010490
30 75 0.007389
30 76 0.009554
30 77 0.006250
30 78 0.007812
30 79 0.017647
30 80 0.007299
30 81 0.007009
30 82 0.011538
30 83 0.019355
30 84 0.007712
30 85 0.007937
30 86 0.010239
30 87 0.008086
30 88 0.007595
30 89 0.031250
30 90 0.025210
30 91 0.042857
30 92 0.030000
30 93 0.006303
30 94 0.006173
30 95 0.010791
30 96 0.020833
30 97 0.010169
30 98 0.015228
30 99 0.007426
31 32 0.017341
31 33 0.016484
31 34 0.027027
31 35 0.009967
31 36 0.017647
31 37 0.009434
31 38 0.060000
31 39 0.011494
31 40 0.008982
31 41 0.014354
31 42 0.030303
31 43 0.012605
31 44 0.009967
31 45 0.010067
31 46 0.041667
31 47 0.010169
31 48 0.010239
31 49 0.009288
31 50 0.024000
31 51 0.016129
31 52 0.008955
31 53 0.012448
31 54 0.016949
31 55 0.008982
31 56 0.015306
31 57 0.026087
31 58 0.009146
31 59 0.017341
31 60 0.011070
31 61 0.010274
31 62 0.014563
31 63 0.017143
31 64 0.016760
31 65 0.010453
31 66 0.009119
31 67 0.019481
31 68 0.009317
31 69 0.019737
31 70 0.023622
31 71 0.028571
31 72 0.017442
31 73 0.017241
31 74 0.038961
31 75 0.018987
31 76 0.017857
31 77 0.010676
31 78 0.027273
31 79 0.016760
31 80 0.017544
31 81 0.024390
31 82 0.028571
31 83 0.017241
31 84 0.037500
31 85 0.026786
31 86 0.015000
31 87 0.044776
31 88 0.015000
31 89 0.008671
31 90 0.015228
31 91 0.009967
31 92 0.010309
31 93 0.010381
31 94 0.010453
31 95 0.009709
31 96 0.017751
31 97 0.032609
31 98 0.017045
31 99 0.010345
32 33 0.012146
32 34 0.013514
32 35 0.007833
32 36 0.008798
32 37 0.006787
32 38 0.019608
32 39 0.006944
32 40 0.006024
32 41 0.009646
32 42 0.011070
32 43 0.007317
32 44 0.006342
32 45 0.006479
32 46 0.020000
32 47 0.006623
32 48 0.006536
32 49 0.006329
32 50 0.010676
32 51 0.200000
32 52 0.006912
32 53 0.010000
32 54 0.009346
32 55 0.006424
32 56 0.008197
32 57 0.034091
32 58 0.007481
32 59 0.010909
32 60 0.006928
32 61 0.006652
32 62 0.085714
32 63 0.010676
32 64 0.083333
32 65 0.006667
32 66 0.006148
32 67 0.016854
32 68 0.007092
32 69 0.009404
32 70 0.020408
32 71 0.044118
32 72 0.015385
32 73 0.009772
32 74 0.017442
32 75 0.041667
32 76 0.016304
32 77 0.007895
32 78 0.014151
32 79 0.010169
32 80 0.010909
32 81 0.018868
32 82 0.010870
32 83 0.008824
32 84 0.027778
32 85 0.013453
32 86 0.008264
32 87 0.027523
32 88 0.009259
32 89 0.006438
32 90 0.008824
32 91 0.006508
32 92 0.006565
32 93 0.007595
32 94 0.007812
32 95 0.006276
32 96 0.009404
32 97 0.018293
32 98 0.008621
32 99 0.006977
33 34 0.010274
33 35 0.021898
33 36 0.013216
33 37 0.006276
33 38 0.013333
33 39 0.008671
33 40 0.006818
33 41 0.007772
33 42 0.014423
33 43 0.009585
33 44 0.008219
33 45 0.007426
33 46 0.012245
33 47 0.007143
33 48 0.007557
33 49 0.011236
33 50 0.020408
33 51 0.011905
33 52 0.005906
33 53 0.007109
33 54 0.021739
33 55 0.006148
33 56 0.012448
33 57 0.018519
33 58 0.018987
33 59 0.008523
33 60 0.011673
33 61 0.007264
33 62 0.010830
33 63 0.008499
33 64 0.010870
33 65 0.010830
33 66 0.006696
33 67 0.009174
33 68 0.006073
33 69 0.015464
33 70 0.029703
33 71 0.014423
33 72 0.008671
33 73 0.027027
33 74 0.011673
33 75 0.010601
33 76 0.008824
33 77 0.022222
33 78 0.040000
33 79 0.008499
33 80 0.053571
33 81 0.033333
33 82 0.015544
33 83 0.010067
33 84 0.018634
33 85 0.038462
33 86 0.014423
33 87 0.016760
33 88 0.027523
33 89 0.005906
33 90 0.008523
33 91 0.007160
33 92 0.007519
33 93 0.019737
33 94 0.021583
33 95 0.009231
33 96 0.009346
33 97 0.011194
33 98 0.011321
33 99 0.014085
34 35 0.007426
34 36 0.014706
34 37 0.013453
34 38 0.036585
34 39 0.012245
34 40 0.010345
34 41 0.030000
34 42 0.022059
34 43 0.012712
34 44 0.010204
34 45 0.011628
34 46 0.040000
34 47 0.012552
34 48 0.011765
34 49 0.007812
34 50 0.014851
34 51 0.012658
34 52 0.013158
34 53 0.022556
34 54 0.011628
34 55 0.012245
34 56 0.013158
34 57 0.014851
34 58 0.006944
34 59 0.047619
34 60 0.009434
34 61 0.012605
34 62 0.012097
34 63 0.044776
34 64 0.014286
34 65 0.009119
34 66 0.010989
34 67 0.033333
34 68 0.013889
34 69 0.014706
34 70 0.012821
34 71 0.017964
34 72 0.030928
34 73 0.011364
34 74 0.056604
34 75 0.017544
34 76 0.029412
34 77 0.007916
34 78 0.013761
34 79 0.039474
34 80 0.010909
34 81 0.012931
34 82 0.019355
34 83 0.020270
34 84 0.017544
34 85 0.013761
34 86 0.011858
34 87 0.020134
34 88 0.010274
34 89 0.012097
34 90 0.025000
34 91 0.012048
34 92 0.011952
34 93 0.007792
34 94 0.007772
34 95 0.009009
34 96 0.028302
34 97 0.050847
34 98 0.016484
34 99 0.008264
35 36 0.011029
35 37 0.005376
35 38 0.008621
35 39 0.007895
35 40 0.006289
35 41 0.006148
35 42 0.010345
35 43 0.008671
35 44 0.007853
35 45 0.006726
35 46 0.008108
35 47 0.006342
35 48 0.006849
35 49 0.014151
35 50 0.013953
35 51 0.007752
35 52 0.005000
35 53 0.005597
35 54 0.017751
35 55 0.005357
35 56 0.010949
35 57 0.010067
35 58 0.096774
35 59 0.006550
35 60 0.012448
35 61 0.006452
35 62 0.007282
35 63 0.006550
35 64 0.007282
35 65 0.011628
35 66 0.006073
35 67 0.006623
35 68 0.005119
35 69 0.012295
35 70 0.012658
35 71 0.008746
35 72 0.006369
35 73 0.020134
35 74 0.007937
35 75 0.007177
35 76 0.006424
35 77 0.073171
35 78 0.015464
35 79 0.006623
35 80 0.023077
35 81 0.013274
35 82 0.011111
35 83 0.008197
35 84 0.010169
35 85 0.015789
35 86 0.013100
35 87 0.009615
35 88 0.024390
35 89 0.005111
35 90 0.006881
35 91 0.006424
35 92 0.006803
35 93 0.054545
35 94 0.081081
35 95 0.009585
35 96 0.007407
35 97 0.007673
35 98 0.009404
35 99 0.019231
36 37 0.010309
36 38 0.014493
36 39 0.025000
36 40 0.014019
36 41 0.011905
36 42 0.040000
36 43 0.034483
36 44 0.020833
36 45 0.016667
36 46 0.013393
36 47 0.014851
36 48 0.017442
36 49 0.016393
36 50 0.037037
36 51 0.008499
36 52 0.008746
36 53 0.009434
36 54 0.028571
36 55 0.010345
36 56 0.111111
36 57 0.011152
36 58 0.009934
36 59 0.012821
36 60 0.026087
36 61 0.015385
36 62 0.008000
36 63 0.012987
36 64 0.008596
36 65 0.023810
36 66 0.013274
36 67 0.010417
36 68 0.009119
36 69 0.088235
36 70 0.012097
36 71 0.010949
36 72 0.010000
36 73 0.023256
36 74 0.013953
36 75 0.009231
36 76 0.009934
36 77 0.012712
36 78 0.017241
36 79 0.013761
36 80 0.016949
36 81 0.012712
36 82 0.046154
36 83 0.030000
36 84 0.012605
36 85 0.018293
36 86 0.054545
36 87 0.012931
36 88 0.019737
36 89 0.009375
36 90 0.016854
36 91 0.015152
36 92 0.017143
36 93 0.012931
36 94 0.012397
36 95 0.021583
36 96 0.020000
36 97 0.012931
36 98 0.062500
36 99 0.017241
37 38 0.009901
37 39 0.013393
37 40 0.016667
37 41 0.022222
37 42 0.010989
37 43 0.012195
37 44 0.011407
37 45 0.017045
37 46 0.010101
37 47 0.023077
37 48 0.016575
37 49 0.006637
37 50 0.008696
37 51 0.006579
37 52 0.040541
37 53 0.016393
37 54 0.007692
37 55 0.085714
37 56 0.010067
37 57 0.007109
37 58 0.005102
37 59 0.017857
37 60 0.007916
37 61 0.021898
37 62 0.006466
37 63 0.018519
37 64 0.007059
37 65 0.007958
37 66 0.020833
37 67 0.010870
37 68 0.045455
37 69 0.009524
37 70 0.006757
37 71 0.007712
37 72 0.011236
37 73 0.007335
37 74 0.010909
37 75 0.007853
37 76 0.010791
37 77 0.005725
37 78 0.007389
37 79 0.020270
37 80 0.006772
37 81 0.006818
37 82 0.010309
37 83 0.015544
37 84 0.007692
37 85 0.007481
37 86 0.008746
37 87 0.008130
37 88 0.006881
37 89 0.100000
37 90 0.023810
37 91 0.020690
37 92 0.017241
37 93 0.005747
37 94 0.005660
37 95 0.008646
37 96 0.018987
37 97 0.010753
37 98 0.012295
37 99 0.006522
38 39 0.010601
38 40 0.008671
38 41 0.016575
38 42 0.022556
38 43 0.011321
38 44 0.009174
38 45 0.009646
38 46 0.136364
38 47 0.009967
38 48 0.009772
38 49 0.008130
38 50 0.017442
38 51 0.017964
38 52 0.009677
38 53 0.014925
38 54 0.013274
38 55 0.009259
38 56 0.012876
38 57 0.024793
38 58 0.008021
38 59 0.020833
38 60 0.009554
38 61 0.010033
38 62 0.016393
38 63 0.020270
38 64 0.020000
38 65 0.009119
38 66 0.008929
38 67 0.028302
38 68 0.010101
38 69 0.015464
38 70 0.019481
38 71 0.033333
38 72 0.024194
38 73 0.013393
38 74 0.088235
38 75 0.025000
38 76 0.025210
38 77 0.009091
38 78 0.019355
38 79 0.019108
38 80 0.013699
38 81 0.019481
38 82 0.020833
38 83 0.015873
38 84 0.033333
38 85 0.018868
38 86 0.012346
38 87 0.044118
38 88 0.012000
38 89 0.009119
38 90 0.015707
38 91 0.009709
38 92 0.009836
38 93 0.008850
38 94 0.008929
38 95 0.008671
38 96 0.017857
38 97 0.068182
38 98 0.014706
38 99 0.008876
39 40 0.030612
39 41 0.012245
39 42 0.018182
39 43 0.085714
39 44 0.060000
39 45 0.044776
39 46 0.010239
39 47 0.029126
39 48 0.050847
39 49 0.012876
39 50 0.015000
39 51 0.006742
39 52 0.010309
39 53 0.009404
39 54 0.013699
39 55 0.014286
39 56 0.027778
39 57 0.008086
39 58 0.007335
39 59 0.012245
39 60 0.018519
39 61 0.031579
39 62 0.006466
39 63 0.012605
39 64 0.006944
39 65 0.019108
39 66 0.025641
39 67 0.008982
39 68 0.010791
39 69 0.019608
39 70 0.008333
39 71 0.008242
39 72 0.008850
39 73 0.012245
39 74 0.010830
39 75 0.007481
39 76 0.008696
39 77 0.008798
39 78 0.010309
39 79 0.013699
39 80 0.010169
39 81 0.008596
39 82 0.017857
39 83 0.030612
39 84 0.008902
39 85 0.010676
39 86 0.019737
39 87 0.009174
39 88 0.011321
39 89 0.012048
39 90 0.019355
39 91 0.032258
39 92 0.046875
39 93 0.008982
39 94 0.008646
39 95 0.024194
39 96 0.020408
39 97 0.010274
39 98 0.034483
39 99 0.011858
40 41 0.011811
40 42 0.012146
40 43 0.022727
40 44 0.028037
40 45 0.081081
40 46 0.008523
40 47 0.051724
40 48 0.068182
40 49 0.009434
40 50 0.010239
40 51 0.005848
40 52 0.011858
40 53 0.009231
40 54 0.009494
40 55 0.019481
40 56 0.014634
40 57 0.006696
40 58 0.005929
40 59 0.011194
40 60 0.011905
40 61 0.054545
40 62 0.005682
40 63 0.011538
40 64 0.006085
40 65 0.012346
40 66 0.081081
40 67 0.008021
40 68 0.012295
40 69 0.012146
40 70 0.006742
40 71 0.006928
40 72 0.008043
40 73 0.008772
40 74 0.009036
40 75 0.006565
40 76 0.007853
40 77 0.006849
40 78 0.007874
40 79 0.012552
40 80 0.007673
40 81 0.006897
40 82 0.011811
40 83 0.018634
40 84 0.007264
40 85 0.008065
40 86 0.012048
40 87 0.007519
40 88 0.008287
40 89 0.015306
40 90 0.017241
40 91 0.068182
40 92 0.069767
40 93 0.006977
40 94 0.006772
40 95 0.015228
40 96 0.016304
40 97 0.008696
40 98 0.017045
40 99 0.008696
41 42 0.014851
41 43 0.012000
41 44 0.010204
41 45 0.012987
41 46 0.017544
41 47 0.015228
41 48 0.012987
41 49 0.006928
41 50 0.010830
41 51 0.009231
41 52 0.023256
41 53 0.040000
41 54 0.009091
41 55 0.018293
41 56 0.011111
41 57 0.009967
41 58 0.005803
41 59 0.078947
41 60 0.008287
41 61 0.015000
41 62 0.009063
41 63 0.088235
41 64 0.010309
41 65 0.008152
41 66 0.013216
41 67 0.021127
41 68 0.025862
41 69 0.011364
41 70 0.009009
41 71 0.011450
41 72 0.022388
41 73 0.008746
41 74 0.020000
41 75 0.012048
41 76 0.020690
41 77 0.006522
41 78 0.009615
41 79 0.083333
41 80 0.008264
41 81 0.009063
41 82 0.013453
41 83 0.018405
41 84 0.011070
41 85 0.009677
41 86 0.009804
41 87 0.012097
41 88 0.008086
41 89 0.019231
41 90 0.033333
41 91 0.014218
41 92 0.013333
41 93 0.006479
41 94 0.006438
41 95 0.008403
41 96 0.028302
41 97 0.020000
41 98 0.013953
41 99 0.007059
42 43 0.021429
42 44 0.014778
42 45 0.014286
42 46 0.020134
42 47 0.013825
42 48 0.014706
42 49 0.012048
42 50 0.039474
42 51 0.010526
42 52 0.009646
42 53 0.011538
42 54 0.023256
42 55 0.010676
42 56 0.029703
42 57 0.014493
42 58 0.009404
42 59 0.016949
42 60 0.016129
42 61 0.014151
42 62 0.009836
42 63 0.017143
42 64 0.010830
42 65 0.015075
42 66 0.012097
42 67 0.013889
42 68 0.010101
42 69 0.043478
42 70 0.015075
42 71 0.014706
42 72 0.013158
42 73 0.021127
42 74 0.021429
42 75 0.011905
42 76 0.013100
42 77 0.011583
42 78 0.021429
42 79 0.017964
42 80 0.017544
42 81 0.015873
42 82 0.142857
42 83 0.032609
42 84 0.017341
42 85 0.022727
42 86 0.025424
42 87 0.018293
42 88 0.017647
42 89 0.009901
42 90 0.020270
42 91 0.013699
42 92 0.014706
42 93 0.011494
42 94 0.011278
42 95 0.014019
42 96 0.025641
42 97 0.018987
42 98 0.038462
42 99 0.013100
43 44 0.047619
43 45 0.030000
43 46 0.010830
43 47 0.022556
43 48 0.032609
43 49 0.014563
43 50 0.017857
43 51 0.007075
43 52 0.009709
43 53 0.009288
43 54 0.016216
43 55 0.012712
43 56 0.040541
43 57 0.008671
43 58 0.008000
43 59 0.012295
43 60 0.022388
43 61 0.024000
43 62 0.006772
43 63 0.012605
43 64 0.007264
43 65 0.022727
43 66 0.020000
43 67 0.009202
43 68 0.010101
43 69 0.025000
43 70 0.009063
43 71 0.008746
43 72 0.009036
43 73 0.014218
43 74 0.011407
43 75 0.007812
43 76 0.008902
43 77 0.009772
43 78 0.011538
43 79 0.013575
43 80 0.011450
43 81 0.009375
43 82 0.021429
43 83 0.032967
43 84 0.009585
43 85 0.012048
43 86 0.025424
43 87 0.009868
43 88 0.013043
43 89 0.010989
43 90 0.018519
43 91 0.024000
43 92 0.031250
43 93 0.010000
43 94 0.009585
43 95 0.027778
43 96 0.020548
43 97 0.010753
43 98 0.047619
43 99 0.013575
44 45 0.032967
44 46 0.008850
44 47 0.022059
44 48 0.035714
44 49 0.014151
44 50 0.013393
44 51 0.006160
44 52 0.009009
44 53 0.008130
44 54 0.012931
44 55 0.012245
44 56 0.024000
44 57 0.007353
44 58 0.007317
44 59 0.010169
44 60 0.020270
44 61 0.023622
44 62 0.005929
44 63 0.010417
44 64 0.006303
44 65 0.021898
44 66 0.021898
44 67 0.007833
44 68 0.009346
44 69 0.017045
44 70 0.007673
44 71 0.007389
44 72 0.007732
44 73 0.011583
44 74 0.009259
44 75 0.006726
44 76 0.007614
44 77 0.008772
44 78 0.009434
44 79 0.011152
44 80 0.009615
44 81 0.007895
44 82 0.014851
44 83 0.020408
44 84 0.008000
44 85 0.009772
44 86 0.018634
44 87 0.008197
44 88 0.010949
44 89 0.010490
44 90 0.014634
44 91 0.024590
44 92 0.032967
44 93 0.009036
44 94 0.008646
44 95 0.032967
44 96 0.015228
44 97 0.008850
44 98 0.024000
44 99 0.012397
45 46 0.009434
45 47 0.065217
45 48 0.333333
45 49 0.010135
45 50 0.011628
45 51 0.006276
45 52 0.012146
45 53 0.009868
45 54 0.010601
45 55 0.019355
45 56 0.017442
45 57 0.007282
45 58 0.006316
45 59 0.012448
45 60 0.013216
45 61 0.076923
45 62 0.006073
45 63 0.012876
45 64 0.006536
45 65 0.013636
45 66 0.058824
45 67 0.008746
45 68 0.012658
45 69 0.014151
45 70 0.007353
45 71 0.007538
45 72 0.008721
45 73 0.009740
45 74 0.010033
45 75 0.007075
45 76 0.008523
45 77 0.007371
45 78 0.008696
45 79 0.014085
45 80 0.008427
45 81 0.007519
45 82 0.013761
45 83 0.024000
45 84 0.007958
45 85 0.008929
45 86 0.013825
45 87 0.008242
45 88 0.009119
45 89 0.015228
45 90 0.020408
45 91 0.093750
45 92 0.428571
45 93 0.007500
45 94 0.007264
45 95 0.016667
45 96 0.019737
45 97 0.009615
45 98 0.021429
45 99 0.009404
46 47 0.009868
46 48 0.009554
46 49 0.007712
46 50 0.015544
46 51 0.018182
46 52 0.010033
46 53 0.016304
46 54 0.012146
46 55 0.009404
46 56 0.012000
46 57 0.022901
46 58 0.007576
46 59 0.022556
46 60 0.009036
46 61 0.009901
46 62 0.016854
46 63 0.021739
46 64 0.021127
46 65 0.008646
46 66 0.008850
46 67 0.035714
46 68 0.010453
46 69 0.014151
46 70 0.017544
46 71 0.032258
46 72 0.029412
46 73 0.012245
46 74 0.130435
46 75 0.027778
46 76 0.030612
46 77 0.008547
46 78 0.017045
46 79 0.020000
46 80 0.012448
46 81 0.017442
46 82 0.018519
46 83 0.015228
46 84 0.029126
46 85 0.016667
46 86 0.011450
46 87 0.037500
46 88 0.011070
46 89 0.009317
46 90 0.015789
46 91 0.009585
46 92 0.009646
46 93 0.008333
46 94 0.008403
46 95 0.008287
46 96 0.017647
46 97 0.120000
46 98 0.013825
46 99 0.008357
47 48 0.057692
47 49 0.008929
47 50 0.010949
47 51 0.006410
47 52 0.014851
47 53 0.011194
47 54 0.009804
47 55 0.027273
47 56 0.015000
47 57 0.007335
47 58 0.005976
47 59 0.014151
47 60 0.011321
47 61 0.333333
47 62 0.006224
47 63 0.014706
47 64 0.006726
47 65 0.011538
47 66 0.085714
47 67 0.009375
47 68 0.015625
47 69 0.012876
47 70 0.007264
47 71 0.007692
47 72 0.009434
47 73 0.009091
47 74 0.010563
47 75 0.007353
47 76 0.009174
47 77 0.006897
47 78 0.008451
47 79 0.016304
47 80 0.008000
47 81 0.007407
47 82 0.013158
47 83 0.023810
47 84 0.008021
47 85 0.008646
47 86 0.012195
47 87 0.008357
47 88 0.008499
47 89 0.019868
47 90 0.025000
47 91 0.176471
47 92 0.066667
47 93 0.006977
47 94 0.006803
47 95 0.013453
47 96 0.022222
47 97 0.010169
47 98 0.019108
47 99 0.008475
48 49 0.010417
48 50 0.012000
48 51 0.006342
48 52 0.011905
48 53 0.009836
48 54 0.010909
48 55 0.018519
48 56 0.018293
48 57 0.007389
48 58 0.006424
48 59 0.012500
48 60 0.013699
48 61 0.068182
48 62 0.006122
48 63 0.012876
48 64 0.006593
48 65 0.014085
48 66 0.050847
48 67 0.008772
48 68 0.012448
48 69 0.014634
48 70 0.007463
48 71 0.007634
48 72 0.008746
48 73 0.010000
48 74 0.010169
48 75 0.007126
48 76 0.008547
48 77 0.007519
48 78 0.008876
48 79 0.014151
48 80 0.008596
48 81 0.007634
48 82 0.014218
48 83 0.025000
48 84 0.008065
48 85 0.009119
48 86 0.014354
48 87 0.008357
48 88 0.009346
48 89 0.014851
48 90 0.020548
48 91 0.078947
48 92 0.375000
48 93 0.007653
48 94 0.007407
48 95 0.017341
48 96 0.020000
48 97 0.009709
48 98 0.022556
48 99 0.009646
49 50 0.015075
49 51 0.006198
49 52 0.005859
49 53 0.006000
49 54 0.019608
49 55 0.006787
49 56 0.018293
49 57 0.007712
49 58 0.012876
49 59 0.007212
49 60 0.040541
49 61 0.009174
49 62 0.005906
49 63 0.007282
49 64 0.006110
49 65 0.039474
49 66 0.008671
49 67 0.006479
49 68 0.006012
49 69 0.016575
49 70 0.008746
49 71 0.007264
49 72 0.006303
49 73 0.017647
49 74 0.007792
49 75 0.006276
49 76 0.006289
49 77 0.017241
49 78 0.011321
49 79 0.007519
49 80 0.013889
49 81 0.009119
49 82 0.012987
49 83 0.010949
49 84 0.008174
49 85 0.011811
49 86 0.022727
49 87 0.008086
49 88 0.018750
49 89 0.006276
49 90 0.008499
49 91 0.009231
49 92 0.010204
49 93 0.019108
49 94 0.016949
49 95 0.024194
49 96 0.009119
49 97 0.007463
49 98 0.013636
49 99 0.051724
50 51 0.010239
50 52 0.007772
50 53 0.009063
50 54 0.052632
50 55 0.008571
50 56 0.030000
50 57 0.014925
50 58 0.012245
50 59 0.012000
50 60 0.019737
50 61 0.011194
50 62 0.009494
50 63 0.012097
50 64 0.010135
50 65 0.017647
50 66 0.009967
50 67 0.011070
50 68 0.008065
50 69 0.061224
50 70 0.017544
50 71 0.013761
50 72 0.010490
50 73 0.044776
50 74 0.015625
50 75 0.010714
50 76 0.010526
50 77 0.016304
50 78 0.031915
50 79 0.012397
50 80 0.029703
50 81 0.018868
50 82 0.053571
50 83 0.019231
50 84 0.017143
50 85 0.036145
50 86 0.036145
50 87 0.017143
50 88 0.031579
50 89 0.008000
50 90 0.013514
50 91 0.010989
50 92 0.011905
50 93 0.016043
50 94 0.015707
50 95 0.014778
50 96 0.015789
50 97 0.014354
50 98 0.025210
50 99 0.017964
51 52 0.006696
51 53 0.009615
51 54 0.009063
51 55 0.006237
51 56 0.007916
51 57 0.031250
51 58 0.007407
51 59 0.010381
51 60 0.006757
51 61 0.006438
51 62 0.115385
51 63 0.010169
51 64 0.068182
51 65 0.006494
51 66 0.005976
51 67 0.015707
51 68 0.006865
51 69 0.009063
51 70 0.019737
51 71 0.036585
51 72 0.014423
51 73 0.009494
51 74 0.016129
51 75 0.036145
51 76 0.015306
51 77 0.007772
51 78 0.013575
51 79 0.009677
51 80 0.010638
51 81 0.018182
51 82 0.010381
51 83 0.008475
51 84 0.025210
51 85 0.012931
51 86 0.008021
51 87 0.024793
51 88 0.009009
51 89 0.006250
51 90 0.008475
51 91 0.006303
51 92 0.006369
51 93 0.007481
51 94 0.007692
51 95 0.006122
51 96 0.008982
51 97 0.016760
51 98 0.008287
51 99 0.006834
52 53 0.020690
52 54 0.006897
52 55 0.028846
52 56 0.008499
52 57 0.006993
52 58 0.004762
52 59 0.018072
52 60 0.006834
52 61 0.014354
52 62 0.006637
52 63 0.018519
52 64 0.007282
52 65 0.006818
52 66 0.013761
52 67 0.011583
52 68 0.200000
52 69 0.008287
52 70 0.006522
52 71 0.007712
52 72 0.012245
52 73 0.006637
52 74 0.010791
52 75 0.008130
52 76 0.011673
52 77 0.005272
52 78 0.006912
52 79 0.019108
52 80 0.006263
52 81 0.006550
52 82 0.009063
52 83 0.012346
52 84 0.007519
52 85 0.006961
52 86 0.007557
52 87 0.007958
52 88 0.006263
52 89 0.045455
52 90 0.018072
52 91 0.013761
52 92 0.012245
52 93 0.005272
52 94 0.005217
52 95 0.007264
52 96 0.015228
52 97 0.010791
52 98 0.010101
52 99 0.005825
53 54 0.007772
53 55 0.013889
53 56 0.008876
53 57 0.009646
53 58 0.005319
53 59 0.035714
53 60 0.006977
53 61 0.011029
53 62 0.009585
53 63 0.034091
53 64 0.010989
53 65 0.006849
53 66 0.010101
53 67 0.024590
53 68 0.021739
53 69 0.009231
53 70 0.008475
53 71 0.011364
53 72 0.028571
53 73 0.007595
53 74 0.017857
53 75 0.012987
53 76 0.025641
53 77 0.005871
53 78 0.008596
53 79 0.028846
53 80 0.007371
53 81 0.008451
53 82 0.010714
53 83 0.012766
53 84 0.010490
53 85 0.008571
53 86 0.008086
53 87 0.011407
53 88 0.007092
53 89 0.015306
53 90 0.018182
53 91 0.010601
53 92 0.010033
53 93 0.005814
53 94 0.005803
53 95 0.006993
53 96 0.016854
53 97 0.018750
53 98 0.010563
53 99 0.006160
54 55 0.007653
54 56 0.026786
54 57 0.012712
54 58 0.015075
54 59 0.009836
54 60 0.024390
54 61 0.010033
54 62 0.008451
54 63 0.009901
54 64 0.008850
54 65 0.020979
54 66 0.009091
54 67 0.009202
54 68 0.007126
54 69 0.039474
54 70 0.015464
54 71 0.011494
54 72 0.008772
54 73 0.107143
54 74 0.012146
54 75 0.009146
54 76 0.008824
54 77 0.022388
54 78 0.026316
54 79 0.010169
54 80 0.036145
54 81 0.016667
54 82 0.027778
54 83 0.015152
54 84 0.014019
54 85 0.029412
54 86 0.041667
54 87 0.013699
54 88 0.063830
54 89 0.007143
54 90 0.011111
54 91 0.009934
54 92 0.010791
54 93 0.022388
54 94 0.021277
54 95 0.015957
54 96 0.012552
54 97 0.011407
54 98 0.019868
54 99 0.026316
55 56 0.010204
55 57 0.006787
55 58 0.005085
55 59 0.015385
55 60 0.008130
55 61 0.025424
55 62 0.006122
55 63 0.015957
55 64 0.006652
55 65 0.008197
55 66 0.025424
55 67 0.009836
55 68 0.030612
55 69 0.009494
55 70 0.006522
55 71 0.007299
55 72 0.010101
55 73 0.007282
55 74 0.010101
55 75 0.007335
55 76 0.009740
55 77 0.005714
55 78 0.007194
55 79 0.017442
55 80 0.006667
55 81 0.006593
55 82 0.010101
55 83 0.015385
55 84 0.007335
55 85 0.007299
55 86 0.008824
55 87 0.007712
55 88 0.006849
55 89 0.069767
55 90 0.021583
55 91 0.024194
55 92 0.019355
55 93 0.005747
55 94 0.005650
55 95 0.009036
55 96 0.017751
55 97 0.009901
55 98 0.012397
55 99 0.006608
56 57 0.010239
56 58 0.009868
56 59 0.011765
56 60 0.032258
56 61 0.015625
56 62 0.007500
56 63 0.012000
56 64 0.008000
56 65 0.029412
56 66 0.013636
56 67 0.009585
56 68 0.008824
56 69 0.057692
56 70 0.011111
56 71 0.010033
56 72 0.009259
56 73 0.021739
56 74 0.012500
56 75 0.008547
56 76 0.009202
56 77 0.012712
56 78 0.015464
56 79 0.012712
56 80 0.015789
56 81 0.011628
56 82 0.032967
56 83 0.027027
56 84 0.011407
56 85 0.016393
56 86 0.063830
56 87 0.011628
56 88 0.019108
56 89 0.009174
56 90 0.015707
56 91 0.015464
56 92 0.017857
56 93 0.012987
56 94 0.012397
56 95 0.026549
56 96 0.018072
56 97 0.011673
56 98 0.052632
56 99 0.018405
57 58 0.009434
57 59 0.011364
57 60 0.008523
57 61 0.007389
57 62 0.024793
57 63 0.011194
57 64 0.026087
57 65 0.008108
57 66 0.006772
57 67 0.015306
57 68 0.007194
57 69 0.012346
57 70 0.048387
57 71 0.056604
57 72 0.013889
57 73 0.013575
57 74 0.019737
57 75 0.024194
57 76 0.014493
57 77 0.010239
57 78 0.024000
57 79 0.010830
57 80 0.016043
57 81 0.041096
57 82 0.014493
57 83 0.010417
57 84 0.085714
57 85 0.022059
57 86 0.010563
57 87 0.055556
57 88 0.012658
57 89 0.006682
57 90 0.009772
57 91 0.007229
57 92 0.007407
57 93 0.009740
57 94 0.010067
57 95 0.007463
57 96 0.010714
57 97 0.019481
57 98 0.010563
57 99 0.008746
58 59 0.006160
58 60 0.011236
58 61 0.006061
58 62 0.006977
58 63 0.006160
58 64 0.006944
58 65 0.010601
58 66 0.005736
58 67 0.006263
58 68 0.004870
58 69 0.010949
58 70 0.011719
58 71 0.008219
58 72 0.006024
58 73 0.016760
58 74 0.007426
58 75 0.006818
58 76 0.006085
58 77 0.043478
58 78 0.013636
58 79 0.006211
58 80 0.019108
58 81 0.012146
58 82 0.010000
58 83 0.007576
58 84 0.009434
58 85 0.013825
58 86 0.011628
58 87 0.008955
58 88 0.019608
58 89 0.004862
58 90 0.006438
58 91 0.006036
58 92 0.006383
58 93 0.037975
58 94 0.047619
58 95 0.008850
58 96 0.006912
58 97 0.007177
58 98 0.008596
58 99 0.016667
59 60 0.008646
59 61 0.014019
59 62 0.010135
59 63 0.375000
59 64 0.011673
59 65 0.008451
59 66 0.012245
59 67 0.026786
59 68 0.019481
59 69 0.012397
59 70 0.010135
59 71 0.013333
59 72 0.027778
59 73 0.009524
59 74 0.026786
59 75 0.013953
59 76 0.025424
59 77 0.006944
59 78 0.010791
59 79 0.103448
59 80 0.009063
59 81 0.010204
59 82 0.015152
59 83 0.019481
59 84 0.012876
59 85 0.010830
59 86 0.010453
59 87 0.014218
59 88 0.008746
59 89 0.015625
59 90 0.031579
59 91 0.013333
59 92 0.012766
59 93 0.006897
59 94 0.006849
59 95 0.008596
59 96 0.030303
59 97 0.026549
59 98 0.014851
59 99 0.007426
60 61 0.011673
60 62 0.006424
60 63 0.008746
60 64 0.006726
60 65 0.142857
60 66 0.010830
60 67 0.007481
60 68 0.007042
60 69 0.024793
60 70 0.009524
60 71 0.008152
60 72 0.007264
60 73 0.020408
60 74 0.009202
60 75 0.007009
60 76 0.007229
60 77 0.015000
60 78 0.012766
60 79 0.009146
60 80 0.014851
60 81 0.009967
60 82 0.017544
60 83 0.014925
60 84 0.009202
60 85 0.013453
60 86 0.041667
60 87 0.009202
60 88 0.019868
60 89 0.007407
60 90 0.010676
60 91 0.011765
60 92 0.013333
60 93 0.015957
60 94 0.014634
60 95 0.040541
60 96 0.011673
60 97 0.008746
60 98 0.020270
60 99 0.031915
61 62 0.006250
61 63 0.014563
61 64 0.006757
61 65 0.011905
61 66 0.081081
61 67 0.009375
61 68 0.015075
61 69 0.013274
61 70 0.007353
61 71 0.007752
61 72 0.009404
61 73 0.009288
61 74 0.010601
61 75 0.007371
61 76 0.009146
61 77 0.007026
61 78 0.008571
61 79 0.016216
61 80 0.008152
61 81 0.007500
61 82 0.013453
61 83 0.024793
61 84 0.008086
61 85 0.008772
61 86 0.012605
61 87 0.008427
61 88 0.008671
61 89 0.018868
61 90 0.024793
61 91 0.250000
61 92 0.081081
61 93 0.007109
61 94 0.006928
61 95 0.014019
61 96 0.022556
61 97 0.010204
61 98 0.020000
61 99 0.008671
62 63 0.009901
62 64 0.073171
62 65 0.006186
62 66 0.005814
62 67 0.015464
62 68 0.006787
62 69 0.008499
62 70 0.016854
62 71 0.029412
62 72 0.014354
62 73 0.008798
62 74 0.015075
62 75 0.035714
62 76 0.015228
62 77 0.007299
62 78 0.012195
62 79 0.009404
62 80 0.009772
62 81 0.015789
62 82 0.009677
62 83 0.008086
62 84 0.021127
62 85 0.011673
62 86 0.007557
62 87 0.020979
62 88 0.008380
62 89 0.006160
62 90 0.008174
62 91 0.006122
62 92 0.006160
62 93 0.007042
62 94 0.007212
62 95 0.005859
62 96 0.008621
62 97 0.015873
62 98 0.007874
62 99 0.006466
63 64 0.011364
63 65 0.008571
63 66 0.012658
63 67 0.025000
63 68 0.020134
63 69 0.012552
63 70 0.010033
63 71 0.013043
63 72 0.025862
63 73 0.009554
63 74 0.025641
63 75 0.013514
63 76 0.024000
63 77 0.006961
63 78 0.010753
63 79 0.142857
63 80 0.009063
63 81 0.010101
63 82 0.015306
63 83 0.020270
63 84 0.012658
63 85 0.010791
63 86 0.010563
63 87 0.013953
63 88 0.008772
63 89 0.016129
63 90 0.034483
63 91 0.013825
63 92 0.013216
63 93 0.006912
63 94 0.006865
63 95 0.008746
63 96 0.032258
63 97 0.025210
63 98 0.015228
63 99 0.007481
64 65 0.006479
64 66 0.006250
64 67 0.019481
64 68 0.007463
64 69 0.009119
64 70 0.017045
64 71 0.037975
64 72 0.017751
64 73 0.009174
64 74 0.018519
64 75 0.068182
64 76 0.019108
64 77 0.007371
64 78 0.012821
64 79 0.010714
64 80 0.010033
64 81 0.016043
64 82 0.010563
64 83 0.008876
64 84 0.023810
64 85 0.012295
64 86 0.008000
64 87 0.024793
64 88 0.008646
64 89 0.006711
64 90 0.009119
64 91 0.006608
64 92 0.006637
64 93 0.007126
64 94 0.007282
64 95 0.006160
64 96 0.009646
64 97 0.019868
64 98 0.008547
64 99 0.006667
65 66 0.011111
65 67 0.007246
65 68 0.007026
65 69 0.022059
65 70 0.008982
65 71 0.007772
65 72 0.007059
65 73 0.017857
65 74 0.008850
65 75 0.006757
65 76 0.007026
65 77 0.013761
65 78 0.011811
65 79 0.008955
65 80 0.013514
65 81 0.009346
65 82 0.016216
65 83 0.014563
65 84 0.008721
65 85 0.012397
65 86 0.034091
65 87 0.008746
65 88 0.017544
65 89 0.007426
65 90 0.010526
65 91 0.012048
65 92 0.013699
65 93 0.014634
65 94 0.013514
65 95 0.053571
65 96 0.011407
65 97 0.008427
65 98 0.019481
65 99 0.028037
66 67 0.008499
66 68 0.014354
66 69 0.011628
66 70 0.006742
66 71 0.007075
66 72 0.008547
66 73 0.008475
66 74 0.009404
66 75 0.006772
66 76 0.008310
66 77 0.006579
66 78 0.007792
66 79 0.013889
66 80 0.007481
66 81 0.006881
66 82 0.011628
66 83 0.019108
66 84 0.007353
66 85 0.007958
66 86 0.011278
66 87 0.007653
66 88 0.007979
66 89 0.018750
66 90 0.019481
66 91 0.100000
66 92 0.055556
66 93 0.006682
66 94 0.006494
66 95 0.013216
66 96 0.017751
66 97 0.009091
66 98 0.016393
66 99 0.008130
67 68 0.012048
67 69 0.010601
67 70 0.012195
67 71 0.020548
67 72 0.150000
67 73 0.009174
67 74 0.037500
67 75 0.027027
67 76 0.200000
67 77 0.006897
67 78 0.011538
67 79 0.021583
67 80 0.009259
67 81 0.012048
67 82 0.012876
67 83 0.012658
67 84 0.017045
67 85 0.011364
67 86 0.009009
67 87 0.019481
67 88 0.008499
67 89 0.010101
67 90 0.015000
67 91 0.009036
67 92 0.008902
67 93 0.006772
67 94 0.006803
67 95 0.007126
67 96 0.015544
67 97 0.046875
67 98 0.011070
67 99 0.006865
68 69 0.008621
68 70 0.006711
68 71 0.007958
68 72 0.012712
68 73 0.006849
68 74 0.011278
68 75 0.008357
68 76 0.012097
68 77 0.005415
68 78 0.007143
68 79 0.020979
68 80 0.006452
68 81 0.006757
68 82 0.009464
68 83 0.013043
68 84 0.007772
68 85 0.007194
68 86 0.007833
68 87 0.008242
68 88 0.006452
68 89 0.046875
68 90 0.019737
68 91 0.014423
68 92 0.012821
68 93 0.005405
68 94 0.005348
68 95 0.007481
68 96 0.016484
68 97 0.011278
68 98 0.010601
68 99 0.005976
69 70 0.013761
69 71 0.011858
69 72 0.010135
69 73 0.030612
69 74 0.014563
69 75 0.009709
69 76 0.010101
69 77 0.014354
69 78 0.021127
69 79 0.013100
69 80 0.020833
69 81 0.014563
69 82 0.058824
69 83 0.024390
69 84 0.014085
69 85 0.022727
69 86 0.060000
69 87 0.014218
69 88 0.024390
69 89 0.008721
69 90 0.015228
69 91 0.013043
69 92 0.014493
69 93 0.014423
69 94 0.013889
69 95 0.018750
69 96 0.017964
69 97 0.013453
69 98 0.038961
69 99 0.018519
70 71 0.026786
70 72 0.011278
70 73 0.017241
70 74 0.015957
70 75 0.016129
70 76 0.011628
70 77 0.012821
70 78 0.037500
70 79 0.009836
70 80 0.022727
70 81 0.214286
70 82 0.015544
70 83 0.010417
70 84 0.042254
70 85 0.032258
70 86 0.011952
70 87 0.032258
70 88 0.016129
70 89 0.006342
70 90 0.009317
70 91 0.007212
70 92 0.007463
70 93 0.012048
70 94 0.012605
70 95 0.008043
70 96 0.010239
70 97 0.015385
70 98 0.010989
70 99 0.010204
71 72 0.018072
71 73 0.012000
71 74 0.026087
71 75 0.040000
71 76 0.019231
71 77 0.008955
71 78 0.018987
71 79 0.012397
71 80 0.013333
71 81 0.025210
71 82 0.014354
71 83 0.010949
71 84 0.060000
71 85 0.017857
71 86 0.010067
71 87 0.069767
71 88 0.011111
71 89 0.007246
71 90 0.010714
71 91 0.007557
71 92 0.007673
71 93 0.008621
71 94 0.008824
71 95 0.007282
71 96 0.011673
71 97 0.026786
71 98 0.010676
71 99 0.008065
72 73 0.008746
72 74 0.031250
72 75 0.023810
72 76 0.230769
72 77 0.006637
72 78 0.010791
72 79 0.022059
72 80 0.008746
72 81 0.011152
72 82 0.012195
72 83 0.012397
72 84 0.015306
72 85 0.010638
72 86 0.008696
72 87 0.017341
72 88 0.008108
72 89 0.010490
72 90 0.015075
72 91 0.009063
72 92 0.008876
72 93 0.006508
72 94 0.006550
72 95 0.006977
72 96 0.015385
72 97 0.037037
72 98 0.010753
72 99 0.006652
73 74 0.012097
73 75 0.009375
73 76 0.008798
73 77 0.025424
73 78 0.031250
73 79 0.009772
73 80 0.053571
73 81 0.018750
73 82 0.024590
73 83 0.013761
73 84 0.014851
73 85 0.035294
73 86 0.030303
73 87 0.014286
73 88 0.103448
73 89 0.006834
73 90 0.010453
73 91 0.009174
73 92 0.009901
73 93 0.024793
73 94 0.024000
73 95 0.014019
73 96 0.011719
73 97 0.011364
73 98 0.017241
73 99 0.024390
74 75 0.023810
74 76 0.031915
74 77 0.008403
74 78 0.016129
74 79 0.023438
74 80 0.012097
74 81 0.015957
74 82 0.019355
74 83 0.016667
74 84 0.024590
74 85 0.015957
74 86 0.011719
74 87 0.030000
74 88 0.010909
74 89 0.010000
74 90 0.017751
74 91 0.010239
74 92 0.010274
74 93 0.008219
74 94 0.008264
74 95 0.008547
74 96 0.020000
74 97 0.166667
74 98 0.014706
74 99 0.008380
75 76 0.026316
75 77 0.007335
75 78 0.012931
75 79 0.012552
75 80 0.010033
75 81 0.015464
75 82 0.011494
75 83 0.009836
75 84 0.024194
75 85 0.012500
75 86 0.008403
75 87 0.027027
75 88 0.008798
75 89 0.007407
75 90 0.010345
75 91 0.007177
75 92 0.007194
75 93 0.007109
75 94 0.007246
75 95 0.006466
75 96 0.010949
75 97 0.026549
75 98 0.009288
75 99 0.006803
76 77 0.006682
76 78 0.010989
76 79 0.020690
76 80 0.008876
76 81 0.011450
76 82 0.012195
76 83 0.012097
76 84 0.015957
76 85 0.010830
76 86 0.008671
76 87 0.018072
76 88 0.008174
76 89 0.010067
76 90 0.014423
76 91 0.008850
76 92 0.008671
76 93 0.006565
76 94 0.006593
76 95 0.006928
76 96 0.014851
76 97 0.038462
76 98 0.010601
76 99 0.006652
77 78 0.016760
77 79 0.007059
77 80 0.026786
77 81 0.013514
77 82 0.012552
77 83 0.009063
77 84 0.010490
77 85 0.017341
77 86 0.015789
77 87 0.010000
77 88 0.033333
77 89 0.005425
77 90 0.007426
77 91 0.006993
77 92 0.007444
77 93 0.150000
77 94 0.428571
77 95 0.010989
77 96 0.008043
77 97 0.008065
77 98 0.010601
77 99 0.025424
78 79 0.010753
78 80 0.044118
78 81 0.044776
78 82 0.023438
78 83 0.012987
78 84 0.027523
78 85 0.230769
78 86 0.017442
78 87 0.024590
78 88 0.026549
78 89 0.006897
78 90 0.010676
78 91 0.008427
78 92 0.008850
78 93 0.015707
78 94 0.016216
78 95 0.010239
78 96 0.012048
78 97 0.015075
78 98 0.014563
78 99 0.013761
79 80 0.009119
79 81 0.009934
79 82 0.015957
79 83 0.022727
79 84 0.012245
79 85 0.010830
79 86 0.011029
79 87 0.013393
79 88 0.008929
79 89 0.017341
79 90 0.044776
79 91 0.015228
79 92 0.014493
79 93 0.007009
79 94 0.006961
79 95 0.009202
79 96 0.040000
79 97 0.022727
79 98 0.016484
79 99 0.007692
80 81 0.025210
80 82 0.019608
80 83 0.011673
80 84 0.017045
80 85 0.048387
80 86 0.019481
80 87 0.015873
80 88 0.053571
80 89 0.006342
80 90 0.009404
80 91 0.008043
80 92 0.008547
80 93 0.024194
80 94 0.025424
80 95 0.011111
80 96 0.010453
80 97 0.011450
80 98 0.013699
80 99 0.018293
81 82 0.016484
81 83 0.010714
81 84 0.040000
81 85 0.037975
81 86 0.012605
81 87 0.030928
81 88 0.017442
81 89 0.006410
81 90 0.009494
81 91 0.007371
81 92 0.007634
81 93 0.012658
81 94 0.013274
81 95 0.008333
81 96 0.010453
81 97 0.015306
81 98 0.011407
81 99 0.010714
82 83 0.028302
82 84 0.017143
82 85 0.025210
82 86 0.029703
82 87 0.017857
82 88 0.020000
82 89 0.009346
82 90 0.017964
82 91 0.013100
82 92 0.014151
82 93 0.012448
82 94 0.012245
82 95 0.014706
82 96 0.022222
82 97 0.017341
82 98 0.037037
82 99 0.014354
83 84 0.011858
83 85 0.013393
83 86 0.019481
83 87 0.012500
83 88 0.012295
83 89 0.013514
83 90 0.037500
83 91 0.023438
83 92 0.025424
83 93 0.009119
83 94 0.008876
83 95 0.015385
83 96 0.051724
83 97 0.015385
83 98 0.054545
83 99 0.010989
84 85 0.025210
84 86 0.011719
84 87 0.125000
84 88 0.013575
84 89 0.007194
84 90 0.010989
84 91 0.007895
84 92 0.008086
84 93 0.010033
84 94 0.010309
84 95 0.008043
84 96 0.012195
84 97 0.023622
84 98 0.011952
84 99 0.009259
85 86 0.018750
85 87 0.023077
85 88 0.029126
85 89 0.006961
85 90 0.010870
85 91 0.008621
85 92 0.009091
85 93 0.016304
85 94 0.016760
85 95 0.010638
85 96 0.012295
85 97 0.014851
85 98 0.015228
85 99 0.014423
86 87 0.011719
86 88 0.026316
86 89 0.008065
86 90 0.012931
86 91 0.012500
86 92 0.014085
86 93 0.016304
86 94 0.015306
86 95 0.024590
86 96 0.014634
86 97 0.010989
86 98 0.030000
86 99 0.025000
87 88 0.012987
87 89 0.007576
87 90 0.011811
87 91 0.008219
87 92 0.008403
87 93 0.009615
87 94 0.009804
87 95 0.008108
87 96 0.013158
87 97 0.028846
87 98 0.012397
87 99 0.009063
88 89 0.006452
88 90 0.009524
88 91 0.008596
88 92 0.009259
88 93 0.032258
88 94 0.031250
88 95 0.013575
88 96 0.010601
88 97 0.010345
88 98 0.015152
88 99 0.027778
89 90 0.019231
89 91 0.018072
89 92 0.015385
89 93 0.005445
89 94 0.005357
89 95 0.008086
89 96 0.015957
89 97 0.009868
89 98 0.010989
89 99 0.006148
90 91 0.022727
90 92 0.021277
90 93 0.007444
90 94 0.007317
90 95 0.011152
90 96 0.093750
90 97 0.016854
90 98 0.022388
90 99 0.008523
91 92 0.093750
91 93 0.007092
91 94 0.006897
91 95 0.014286
91 96 0.020833
91 97 0.009836
91 98 0.019481
91 99 0.008696
92 93 0.007576
92 94 0.007353
92 95 0.016760
92 96 0.020548
92 97 0.009836
92 98 0.022388
92 99 0.009494
93 94 0.150000
93 95 0.011538
93 96 0.008043
93 97 0.007895
93 98 0.010714
93 99 0.029412
94 95 0.010830
94 96 0.007916
94 97 0.007937
94 98 0.010381
94 99 0.024793
95 96 0.011905
95 97 0.008152
95 98 0.019868
95 99 0.018405
96 97 0.018519
96 98 0.027273
96 99 0.009259
97 98 0.013636
97 99 0.008000
98 99 0.013699
