100 4950
0 1 0.020356
0 2 0.040609
0 3 0.023055
0 4 0.031746
0 5 0.021858
0 6 0.052632
0 7 0.025237
0 8 0.028674
0 9 0.027682
0 10 0.043716
0 11 0.042781
0 12 0.039024
0 13 0.023952
0 14 0.029412
0 15 0.034188
0 16 0.038647
0 17 0.027304
0 18 0.033755
0 19 0.148148
0 20 0.051282
0 21 0.038095
0 22 0.129032
0 23 0.022346
0 24 0.059701
0 25 0.021108
0 26 0.042553
0 27 0.047337
0 28 0.043478
0 29 0.036866
0 30 0.036530
0 31 0.064000
0 32 0.030534
0 33 0.057554
0 34 0.036199
0 35 0.046512
0 36 0.035242
0 37 0.023392
0 38 0.042105
0 39 0.046784
0 40 0.032653
0 41 0.042553
0 42 0.066667
0 43 0.044944
0 44 0.047337
0 45 0.060150
0 46 0.045977
0 47 0.150943
0 48 0.026667
0 49 0.051948
0 50 0.030888
0 51 0.045714
0 52 0.033058
0 53 0.106667
0 54 0.057554
0 55 0.043716
0 56 0.025397
0 57 0.057143
0 58 0.030418
0 59 0.034335
0 60 0.067227
0 61 0.121212
0 62 0.034335
0 63 0.060150
0 64 0.036036
0 65 0.039801
0 66 0.119403
0 67 0.103896
0 68 0.030418
0 69 0.032922
0 70 0.039216
0 71 0.037037
0 72 0.048780
0 73 0.054054
0 74 0.019093
0 75 0.044693
0 76 0.040000
0 77 0.043478
0 78 0.025974
0 79 0.024465
0 80 0.050955
0 81 0.031496
0 82 0.131148
0 83 0.024096
0 84 0.029740
0 85 0.050000
0 86 0.026059
0 87 0.034043
0 88 0.026936
0 89 0.054422
0 90 0.060150
0 91 0.025974
0 92 0.069565
0 93 0.049689
0 94 0.031496
0 95 0.040609
0 96 0.054795
0 97 0.025478
0 98 0.026316
0 99 0.021680
1 2 0.026403
1 3 0.018692
1 4 0.018141
1 5 0.186047
1 6 0.014898
1 7 0.019465
1 8 0.019417
1 9 0.031746
1 10 0.022472
1 11 0.024922
1 12 0.034483
1 13 0.047904
1 14 0.035874
1 15 0.021053
1 16 0.041451
1 17 0.025723
1 18 0.025478
1 19 0.021448
1 20 0.022923
1 21 0.024615
1 22 0.024024
1 23 0.222222
1 24 0.027304
1 25 0.098765
1 26 0.032389
1 27 0.014286
1 28 0.014467
1 29 0.013223
1 30 0.022989
1 31 0.015656
1 32 0.046784
1 33 0.029412
1 34 0.019608
1 35 0.016701
1 36 0.017937
1 37 0.148148
1 38 0.018018
1 39 0.023810
1 40 0.017505
1 41 0.022857
1 42 0.021333
1 43 0.015474
1 44 0.027682
1 45 0.021164
1 46 0.014572
1 47 0.021505
1 48 0.051282
1 49 0.015564
1 50 0.058394
1 51 0.014363
1 52 0.030303
1 53 0.017582
1 54 0.018265
1 55 0.035556
1 56 0.025237
1 57 0.030651
1 58 0.020513
1 59 0.024615
1 60 0.016293
1 61 0.024096
1 62 0.022535
1 63 0.015267
1 64 0.035714
1 65 0.024169
1 66 0.019370
1 67 0.017279
1 68 0.031746
1 69 0.050955
1 70 0.037383
1 71 0.032520
1 72 0.015355
1 73 0.030769
1 74 0.275862
1 75 0.036530
1 76 0.013629
1 77 0.017778
1 78 0.048193
1 79 0.018265
1 80 0.015842
1 81 0.046784
1 82 0.017699
1 83 0.021053
1 84 0.017582
1 85 0.016985
1 86 0.079208
1 87 0.018561
1 88 0.027491
1 89 0.020460
1 90 0.020566
1 91 0.018182
1 92 0.016563
1 93 0.033613
1 94 0.017204
1 95 0.017738
1 96 0.022535
1 97 0.045977
1 98 0.016736
1 99 0.018349
2 3 0.016807
2 4 0.019465
2 5 0.026936
2 6 0.023669
2 7 0.017897
2 8 0.062016
2 9 0.080000
2 10 0.145455
2 11 0.421053
2 12 0.106667
2 13 0.023739
2 14 0.080808
2 15 0.021563
2 16 0.058824
2 17 0.082474
2 18 0.023669
2 19 0.054795
2 20 0.027397
2 21 0.285714
2 22 0.052632
2 23 0.029740
2 24 0.106667
2 25 0.031621
2 26 0.032922
2 27 0.024845
2 28 0.021220
2 29 0.020253
2 30 0.156863
2 31 0.025641
2 32 0.030189
2 33 0.086022
2 34 0.074766
2 35 0.022099
2 36 0.055944
2 37 0.029630
2 38 0.021918
2 39 0.027027
2 40 0.051282
2 41 0.170213
2 42 0.080808
2 43 0.034335
2 44 0.030769
2 45 0.027491
2 46 0.021918
2 47 0.036036
2 48 0.050955
2 49 0.022857
2 50 0.044444
2 51 0.022161
2 52 0.025641
2 53 0.037037
2 54 0.024691
2 55 0.038278
2 56 0.019950
2 57 0.043243
2 58 0.076190
2 59 0.181818
2 60 0.025478
2 61 0.055556
2 62 0.125000
2 63 0.025641
2 64 0.030418
2 65 0.266667
2 66 0.048193
2 67 0.034783
2 68 0.024768
2 69 0.037209
2 70 0.080000
2 71 0.140351
2 72 0.022222
2 73 0.040000
2 74 0.025000
2 75 0.043011
2 76 0.021053
2 77 0.052632
2 78 0.025641
2 79 0.017204
2 80 0.035242
2 81 0.031496
2 82 0.032653
2 83 0.018059
2 84 0.018648
2 85 0.043716
2 86 0.039409
2 87 0.020305
2 88 0.021390
2 89 0.025890
2 90 0.026936
2 91 0.049383
2 92 0.025723
2 93 0.043716
2 94 0.048485
2 95 0.021448
2 96 0.117647
2 97 0.024768
2 98 0.042781
2 99 0.016194
3 4 0.068376
3 5 0.020725
3 6 0.021333
3 7 0.258065
3 8 0.013445
3 9 0.015326
3 10 0.016194
3 11 0.016771
3 12 0.018735
3 13 0.030418
3 14 0.016360
3 15 0.070175
3 16 0.021505
3 17 0.014311
3 18 0.056738
3 19 0.020672
3 20 0.041026
3 21 0.016000
3 22 0.023188
3 23 0.019324
3 24 0.019851
3 25 0.016771
3 26 0.033333
3 27 0.017817
3 28 0.023055
3 29 0.018824
3 30 0.015385
3 31 0.021858
3 32 0.029520
3 33 0.020888
3 34 0.014625
3 35 0.033195
3 36 0.014184
3 37 0.020833
3 38 0.043011
3 39 0.043478
3 40 0.013746
3 41 0.016162
3 42 0.017817
3 43 0.015355
3 44 0.037037
3 45 0.037209
3 46 0.022409
3 47 0.027119
3 48 0.017241
3 49 0.025316
3 50 0.021164
3 51 0.021108
3 52 0.044444
3 53 0.019465
3 54 0.033755
3 55 0.028777
3 56 0.071429
3 57 0.027491
3 58 0.013937
3 59 0.015414
3 60 0.024316
3 61 0.022663
3 62 0.014953
3 63 0.020460
3 64 0.034043
3 65 0.016129
3 66 0.019324
3 67 0.019802
3 68 0.043716
3 69 0.025237
3 70 0.019753
3 71 0.017699
3 72 0.025478
3 73 0.028986
3 74 0.017621
3 75 0.026490
3 76 0.019512
3 77 0.015152
3 78 0.030418
3 79 0.250000
3 80 0.016064
3 81 0.028777
3 82 0.021918
3 83 0.163265
3 84 0.072727
3 85 0.015810
3 86 0.019231
3 87 0.062500
3 88 0.057971
3 89 0.039409
3 90 0.036866
3 91 0.012739
3 92 0.025000
3 93 0.026846
3 94 0.013536
3 95 0.043243
3 96 0.017316
3 97 0.031373
3 98 0.012579
3 99 0.363636
4 5 0.020000
4 6 0.030769
4 7 0.086022
4 8 0.015385
4 9 0.016842
4 10 0.019093
4 11 0.019560
4 12 0.021164
4 13 0.027211
4 14 0.017937
4 15 0.129032
4 16 0.023952
4 17 0.015905
4 18 0.062016
4 19 0.026756
4 20 0.066116
4 21 0.018476
4 22 0.030075
4 23 0.019093
4 24 0.023739
4 25 0.016913
4 26 0.038462
4 27 0.023881
4 28 0.034632
4 29 0.025890
4 30 0.017817
4 31 0.031746
4 32 0.029520
4 33 0.024922
4 34 0.017167
4 35 0.064000
4 36 0.016771
4 37 0.020460
4 38 0.111111
4 39 0.065574
4 40 0.016162
4 41 0.019002
4 42 0.021918
4 43 0.019185
4 44 0.047059
4 45 0.065041
4 46 0.033195
4 47 0.039216
4 48 0.018307
4 49 0.040000
4 50 0.022409
4 51 0.030418
4 52 0.044944
4 53 0.026059
4 54 0.063492
4 55 0.032787
4 56 0.048193
4 57 0.033473
4 58 0.015968
4 59 0.017621
4 60 0.037209
4 61 0.029197
4 62 0.017241
4 63 0.028881
4 64 0.036364
4 65 0.018779
4 66 0.025078
4 67 0.026756
4 68 0.041237
4 69 0.026578
4 70 0.022222
4 71 0.020000
4 72 0.040404
4 73 0.035242
4 74 0.017021
4 75 0.030303
4 76 0.027211
4 77 0.018349
4 78 0.028269
4 79 0.090909
4 80 0.020305
4 81 0.029304
4 82 0.030888
4 83 0.061069
4 84 0.421053
4 85 0.019560
4 86 0.019851
4 87 0.444444
4 88 0.045714
4 89 0.074766
4 90 0.066667
4 91 0.014493
4 92 0.038647
4 93 0.031621
4 94 0.015873
4 95 0.115942
4 96 0.020888
4 97 0.028571
4 98 0.014467
4 99 0.058394
5 6 0.015810
5 7 0.021680
5 8 0.019370
5 9 0.030888
5 10 0.022989
5 11 0.025559
5 12 0.035874
5 13 0.063492
5 14 0.035242
5 15 0.023599
5 16 0.045977
5 17 0.025157
5 18 0.029412
5 19 0.022792
5 20 0.025723
5 21 0.024922
5 22 0.026059
5 23 0.190476
5 24 0.028986
5 25 0.073394
5 26 0.038095
5 27 0.014981
5 28 0.015385
5 29 0.013937
5 30 0.023256
5 31 0.016667
5 32 0.060606
5 33 0.031621
5 34 0.019851
5 35 0.018059
5 36 0.018223
5 37 0.285714
5 38 0.019753
5 39 0.026936
5 40 0.017699
5 41 0.023392
5 42 0.022222
5 43 0.016000
5 44 0.031873
5 45 0.023460
5 46 0.015474
5 47 0.023460
5 48 0.049080
5 49 0.016667
5 50 0.066667
5 51 0.015209
5 52 0.035874
5 53 0.018561
5 54 0.019900
5 55 0.041885
5 56 0.029091
5 57 0.034783
5 58 0.020513
5 59 0.024768
5 60 0.017429
5 61 0.026059
5 62 0.022663
5 63 0.016162
5 64 0.043243
5 65 0.024540
5 66 0.020460
5 67 0.018265
5 68 0.038095
5 69 0.064000
5 70 0.039801
5 71 0.033195
5 72 0.016427
5 73 0.035088
5 74 0.114286
5 75 0.042328
5 76 0.014388
5 77 0.018223
5 78 0.064516
5 79 0.020202
5 80 0.016461
5 81 0.060606
5 82 0.018824
5 83 0.023669
5 84 0.019324
5 85 0.017544
5 86 0.081633
5 87 0.020513
5 88 0.032129
5 89 0.022599
5 90 0.022663
5 91 0.018100
5 92 0.017738
5 93 0.038462
5 94 0.017354
5 95 0.019417
5 96 0.023324
5 97 0.060606
5 98 0.016771
5 99 0.020305
6 7 0.022923
6 8 0.020513
6 9 0.018391
6 10 0.025806
6 11 0.024691
6 12 0.022472
6 13 0.017699
6 14 0.019002
6 15 0.028777
6 16 0.022472
6 17 0.018605
6 18 0.025478
6 19 0.041237
6 20 0.034783
6 21 0.023188
6 22 0.037559
6 23 0.015905
6 24 0.028269
6 25 0.015123
6 26 0.026059
6 27 0.100000
6 28 0.150943
6 29 0.115942
6 30 0.022989
6 31 0.296296
6 32 0.020566
6 33 0.027586
6 34 0.024316
6 35 0.058824
6 36 0.025157
6 37 0.016495
6 38 0.042105
6 39 0.032258
6 40 0.023952
6 41 0.025237
6 42 0.032653
6 43 0.039409
6 44 0.029197
6 45 0.041451
6 46 0.222222
6 47 0.048193
6 48 0.017699
6 49 0.129032
6 50 0.019656
6 51 0.333333
6 52 0.023529
6 53 0.062500
6 54 0.055556
6 55 0.025316
6 56 0.020619
6 57 0.028881
6 58 0.020997
6 59 0.021739
6 60 0.150943
6 61 0.036866
6 62 0.022222
6 63 0.250000
6 64 0.023529
6 65 0.023952
6 66 0.045977
6 67 0.070796
6 68 0.022099
6 69 0.020942
6 70 0.022535
6 71 0.021978
6 72 0.119403
6 73 0.028674
6 74 0.014210
6 75 0.025157
6 76 0.156863
6 77 0.029963
6 78 0.018692
6 79 0.023055
6 80 0.043716
6 81 0.020833
6 82 0.085106
6 83 0.021053
6 84 0.029630
6 85 0.036036
6 86 0.017582
6 87 0.032258
6 88 0.021053
6 89 0.041451
6 90 0.043478
6 91 0.019370
6 92 0.129032
6 93 0.026756
6 94 0.023529
6 95 0.041885
6 96 0.028986
6 97 0.018476
6 98 0.020356
6 99 0.020202
7 8 0.014134
7 9 0.016162
7 10 0.017204
7 11 0.017857
7 12 0.020000
7 13 0.032129
7 14 0.017279
7 15 0.095238
7 16 0.023121
7 17 0.015038
7 18 0.070175
7 19 0.022409
7 20 0.048485
7 21 0.016949
7 22 0.025397
7 23 0.020202
7 24 0.021390
7 25 0.017505
7 26 0.037559
7 27 0.018957
7 28 0.024768
7 29 0.019950
7 30 0.016327
7 31 0.023599
7 32 0.032000
7 33 0.022599
7 34 0.015474
7 35 0.036866
7 36 0.014981
7 37 0.021858
7 38 0.050000
7 39 0.051613
7 40 0.014493
7 41 0.017204
7 42 0.019093
7 43 0.016293
7 44 0.042553
7 45 0.043243
7 46 0.024024
7 47 0.030189
7 48 0.018182
7 49 0.027491
7 50 0.022599
7 51 0.022599
7 52 0.050955
7 53 0.020997
7 54 0.038278
7 55 0.031746
7 56 0.080000
7 57 0.030418
7 58 0.014679
7 59 0.016293
7 60 0.026490
7 61 0.024768
7 62 0.015810
7 63 0.021978
7 64 0.037915
7 65 0.017131
7 66 0.020833
7 67 0.021333
7 68 0.049080
7 69 0.027211
7 70 0.021164
7 71 0.018868
7 72 0.027586
7 73 0.032258
7 74 0.018265
7 75 0.028986
7 76 0.020725
7 77 0.016064
7 78 0.032520
7 79 0.296296
7 80 0.017094
7 81 0.031128
7 82 0.023810
7 83 0.181818
7 84 0.088889
7 85 0.016807
7 86 0.020305
7 87 0.077670
7 88 0.065574
7 89 0.045977
7 90 0.042781
7 91 0.013356
7 92 0.027304
7 93 0.029630
7 94 0.014260
7 95 0.050000
7 96 0.018519
7 97 0.033473
7 98 0.013180
7 99 0.153846
8 9 0.048485
8 10 0.078431
8 11 0.066116
8 12 0.040000
8 13 0.017204
8 14 0.042105
8 15 0.016427
8 16 0.030303
8 17 0.072727
8 18 0.017354
8 19 0.035242
8 20 0.019753
8 21 0.078431
8 22 0.031373
8 23 0.021053
8 24 0.041237
8 25 0.022989
8 26 0.021680
8 27 0.022923
8 28 0.018265
8 29 0.018476
8 30 0.101266
8 31 0.021680
8 32 0.020356
8 33 0.036866
8 34 0.129032
8 35 0.017738
8 36 0.097561
8 37 0.020725
8 38 0.017167
8 39 0.019417
8 40 0.103896
8 41 0.079208
8 42 0.050314
8 43 0.036199
8 44 0.020942
8 45 0.020151
8 46 0.018913
8 47 0.025000
8 48 0.031128
8 49 0.019048
8 50 0.026403
8 51 0.019370
8 52 0.018265
8 53 0.030303
8 54 0.019185
8 55 0.023810
8 56 0.015180
8 57 0.025890
8 58 0.333333
8 59 0.086957
8 60 0.020942
8 61 0.032389
8 62 0.123077
8 63 0.022222
8 64 0.020513
8 65 0.077670
8 66 0.035874
8 67 0.028674
8 68 0.017778
8 69 0.023324
8 70 0.035398
8 71 0.045198
8 72 0.018605
8 73 0.024691
8 74 0.018868
8 75 0.025559
8 76 0.018913
8 77 0.061538
8 78 0.018182
8 79 0.013746
8 80 0.034934
8 81 0.020942
8 82 0.025890
8 83 0.014134
8 84 0.014870
8 85 0.044944
8 86 0.025316
8 87 0.015905
8 88 0.015968
8 89 0.019277
8 90 0.019950
8 91 0.235294
8 92 0.020942
8 93 0.025806
8 94 0.101266
8 95 0.016913
8 96 0.058394
8 97 0.017738
8 98 0.119403
8 99 0.013008
9 10 0.054795
9 11 0.067797
9 12 0.081633
9 13 0.023881
9 14 0.222222
9 15 0.018735
9 16 0.052980
9 17 0.133333
9 18 0.020942
9 19 0.033058
9 20 0.022535
9 21 0.076190
9 22 0.034043
9 23 0.036036
9 24 0.051282
9 25 0.043478
9 26 0.028269
9 27 0.018957
9 28 0.016949
9 29 0.016194
9 30 0.067227
9 31 0.019608
9 32 0.029197
9 33 0.049689
9 34 0.044693
9 35 0.017937
9 36 0.036866
9 37 0.034188
9 38 0.018223
9 39 0.022535
9 40 0.035714
9 41 0.057971
9 42 0.040201
9 43 0.024316
9 44 0.025723
9 45 0.022039
9 46 0.017354
9 47 0.026230
9 48 0.082474
9 49 0.018100
9 50 0.048485
9 51 0.017467
9 52 0.023121
9 53 0.025397
9 54 0.019753
9 55 0.032787
9 56 0.018519
9 57 0.033755
9 58 0.055172
9 59 0.087912
9 60 0.019656
9 61 0.034934
9 62 0.067227
9 63 0.019512
9 64 0.027491
9 65 0.068966
9 66 0.030189
9 67 0.024316
9 68 0.022792
9 69 0.036199
9 70 0.067797
9 71 0.102564
9 72 0.017738
9 73 0.031873
9 74 0.030651
9 75 0.036364
9 76 0.016701
9 77 0.033195
9 78 0.025559
9 79 0.015474
9 80 0.024615
9 81 0.030303
9 82 0.023460
9 83 0.016563
9 84 0.016194
9 85 0.028777
9 86 0.049383
9 87 0.017429
9 88 0.019802
9 89 0.020997
9 90 0.021563
9 91 0.041885
9 92 0.019851
9 93 0.035398
9 94 0.034632
9 95 0.017897
9 96 0.047619
9 97 0.024615
9 98 0.034632
9 99 0.014870
10 11 0.222222
10 12 0.063492
10 13 0.021053
10 14 0.052980
10 15 0.020779
10 16 0.043956
10 17 0.065574
10 18 0.022161
10 19 0.061538
10 20 0.026316
10 21 0.190476
10 22 0.051948
10 23 0.024845
10 24 0.083333
10 25 0.026059
10 26 0.029412
10 27 0.028169
10 28 0.022535
10 29 0.022099
10 30 0.210526
10 31 0.027972
10 32 0.026144
10 33 0.066116
10 34 0.135593
10 35 0.022535
10 36 0.086957
10 37 0.024922
10 38 0.021858
10 39 0.025723
10 40 0.075472
10 41 0.888889
10 42 0.119403
10 43 0.043716
10 44 0.028369
10 45 0.027027
10 46 0.023460
10 47 0.036364
10 48 0.037915
10 49 0.024169
10 50 0.034632
10 51 0.023952
10 52 0.023460
10 53 0.043478
10 54 0.025078
10 55 0.033058
10 56 0.018605
10 57 0.038095
10 58 0.097561
10 59 0.133333
10 60 0.027211
10 61 0.054795
10 62 0.156863
10 63 0.028369
10 64 0.027027
10 65 0.258065
10 66 0.058394
10 67 0.040201
10 68 0.022535
10 69 0.030888
10 70 0.053691
10 71 0.072072
10 72 0.023460
10 73 0.035398
10 74 0.021390
10 75 0.036364
10 76 0.022923
10 77 0.081633
10 78 0.022599
10 79 0.016632
10 80 0.044444
10 81 0.027119
10 82 0.036036
10 83 0.017167
10 84 0.018307
10 85 0.060150
10 86 0.031250
10 87 0.019900
10 88 0.019802
10 89 0.025478
10 90 0.026578
10 91 0.059701
10 92 0.027397
10 93 0.037383
10 94 0.068966
10 95 0.021448
10 96 0.210526
10 97 0.021918
10 98 0.054422
10 99 0.015564
11 12 0.087912
11 13 0.022923
11 14 0.067797
11 15 0.021563
11 16 0.053691
11 17 0.074766
11 18 0.023460
11 19 0.059259
11 20 0.027491
11 21 0.320000
11 22 0.054795
11 23 0.027972
11 24 0.106667
11 25 0.029520
11 26 0.032129
11 27 0.026144
11 28 0.021918
11 29 0.021053
11 30 0.186047
11 31 0.026756
11 32 0.028986
11 33 0.082474
11 34 0.087912
11 35 0.022535
11 36 0.062992
11 37 0.027972
11 38 0.022222
11 39 0.027027
11 40 0.057143
11 41 0.266667
11 42 0.096386
11 43 0.037383
11 44 0.030418
11 45 0.027778
11 46 0.022663
11 47 0.037037
11 48 0.045455
11 49 0.023599
11 50 0.040816
11 51 0.022989
11 52 0.025157
11 53 0.039801
11 54 0.025237
11 55 0.037037
11 56 0.019656
11 57 0.042328
11 58 0.081633
11 59 0.170213
11 60 0.026490
11 61 0.057971
11 62 0.137931
11 63 0.026936
11 64 0.029630
11 65 0.421053
11 66 0.052980
11 67 0.037209
11 68 0.024242
11 69 0.035242
11 70 0.070175
11 71 0.106667
11 72 0.022923
11 73 0.039216
11 74 0.023669
11 75 0.041451
11 76 0.021858
11 77 0.060150
11 78 0.024768
11 79 0.017167
11 80 0.038278
11 81 0.030303
11 82 0.034483
11 83 0.017897
11 84 0.018735
11 85 0.048780
11 86 0.036199
11 87 0.020408
11 88 0.021053
11 89 0.026144
11 90 0.027304
11 91 0.051613
11 92 0.026667
11 93 0.042328
11 94 0.053691
11 95 0.021739
11 96 0.156863
11 97 0.023952
11 98 0.045714
11 99 0.016129
12 13 0.030189
12 14 0.111111
12 15 0.024242
12 16 0.123077
12 17 0.059701
12 18 0.027875
12 19 0.048193
12 20 0.031128
12 21 0.079208
12 22 0.054795
12 23 0.040609
12 24 0.108108
12 25 0.041885
12 26 0.042328
12 27 0.022472
12 28 0.020619
12 29 0.019093
12 30 0.064000
12 31 0.024316
12 32 0.040816
12 33 0.117647
12 34 0.044199
12 35 0.022727
12 36 0.036866
12 37 0.040816
12 38 0.023324
12 39 0.031128
12 40 0.034783
12 41 0.066667
12 42 0.054422
12 43 0.027586
12 44 0.037383
12 45 0.030075
12 46 0.021164
12 47 0.037736
12 48 0.080000
12 49 0.022535
12 50 0.075472
12 51 0.021108
12 52 0.031373
12 53 0.032389
12 54 0.025806
12 55 0.052980
12 56 0.023324
12 57 0.057143
12 58 0.045455
12 59 0.073394
12 60 0.024845
12 61 0.056738
12 62 0.058824
12 63 0.023952
12 64 0.039604
12 65 0.076923
12 66 0.040201
12 67 0.030888
12 68 0.030534
12 69 0.055556
12 70 0.296296
12 71 0.307692
12 72 0.021978
12 73 0.051948
12 74 0.031873
12 75 0.062992
12 76 0.019851
12 77 0.036530
12 78 0.033195
12 79 0.019002
12 80 0.028571
12 81 0.043478
12 82 0.030534
12 83 0.020460
12 84 0.020202
12 85 0.033058
12 86 0.060150
12 87 0.022099
12 88 0.025397
12 89 0.028169
12 90 0.029197
12 91 0.034335
12 92 0.025237
12 93 0.061538
12 94 0.033473
12 95 0.022792
12 96 0.064516
12 97 0.031746
12 98 0.030651
12 99 0.018018
13 14 0.026667
13 15 0.034188
13 16 0.039801
13 17 0.020566
13 18 0.047904
13 19 0.023739
13 20 0.034783
13 21 0.021978
13 22 0.027875
13 23 0.050000
13 24 0.027586
13 25 0.035088
13 26 0.054054
13 27 0.016129
13 28 0.017621
13 29 0.015414
13 30 0.020619
13 31 0.018648
13 32 0.103896
13 33 0.030418
13 34 0.018223
13 35 0.022099
13 36 0.017021
13 37 0.061069
13 38 0.025397
13 39 0.037559
13 40 0.016495
13 41 0.021277
13 42 0.021680
13 43 0.016129
13 44 0.044693
13 45 0.030075
13 46 0.017582
13 47 0.027211
13 48 0.032000
13 49 0.019324
13 50 0.047059
13 51 0.017094
13 52 0.065574
13 53 0.019704
13 54 0.024540
13 55 0.051948
13 56 0.052632
13 57 0.040404
13 58 0.018141
13 59 0.021390
13 60 0.019950
13 61 0.027586
13 62 0.020000
13 63 0.017857
13 64 0.070796
13 65 0.021918
13 66 0.021164
13 67 0.019512
13 68 0.077670
13 69 0.065041
13 70 0.033473
13 71 0.027682
13 72 0.019093
13 73 0.042781
13 74 0.041451
13 75 0.047619
13 76 0.015968
13 77 0.017544
13 78 0.285714
13 79 0.028986
13 80 0.016736
13 81 0.091954
13 82 0.020725
13 83 0.037209
13 84 0.026144
13 85 0.017391
13 86 0.043011
13 87 0.027778
13 88 0.062500
13 89 0.029304
13 90 0.028881
13 91 0.016097
13 92 0.020408
13 93 0.043956
13 94 0.016162
13 95 0.024922
13 96 0.022099
13 97 0.400000
13 98 0.015267
13 99 0.029630
14 15 0.020202
14 16 0.067797
14 17 0.086957
14 18 0.022923
14 19 0.034934
14 20 0.024540
14 21 0.070796
14 22 0.037037
14 23 0.041667
14 24 0.057554
14 25 0.049689
14 26 0.032000
14 27 0.019277
14 28 0.017544
14 29 0.016563
14 30 0.060606
14 31 0.020253
14 32 0.033473
14 33 0.057971
14 34 0.041451
14 35 0.018913
14 36 0.034483
14 37 0.039801
14 38 0.019370
14 39 0.024615
14 40 0.033195
14 41 0.055944
14 42 0.041026
14 43 0.024096
14 44 0.028571
14 45 0.023810
14 46 0.017937
14 47 0.028269
14 48 0.117647
14 49 0.018868
14 50 0.061538
14 51 0.017978
14 52 0.025641
14 53 0.026059
14 54 0.020997
14 55 0.037915
14 56 0.020101
14 57 0.038462
14 58 0.047619
14 59 0.075472
14 60 0.020513
14 61 0.038095
14 62 0.058824
14 63 0.020101
14 64 0.031128
14 65 0.065574
14 66 0.031128
14 67 0.025000
14 68 0.025316
14 69 0.043243
14 70 0.091954
14 71 0.137931
14 72 0.018476
14 73 0.036364
14 74 0.034043
14 75 0.042553
14 76 0.017131
14 77 0.032129
14 78 0.028777
14 79 0.016529
14 80 0.024540
14 81 0.034934
14 82 0.024390
14 83 0.017778
14 84 0.017241
14 85 0.028369
14 86 0.062016
14 87 0.018605
14 88 0.021680
14 89 0.022599
14 90 0.023188
14 91 0.036697
14 92 0.020725
14 93 0.041026
14 94 0.032258
14 95 0.019002
14 96 0.048193
14 97 0.027586
14 98 0.031250
14 99 0.015842
15 16 0.028470
15 17 0.017429
15 18 0.117647
15 19 0.029197
15 20 0.096386
15 21 0.020305
15 22 0.034188
15 23 0.022346
15 24 0.026936
15 25 0.019324
15 26 0.052980
15 27 0.023121
15 28 0.031008
15 29 0.023881
15 30 0.019417
15 31 0.030303
15 32 0.038095
15 33 0.028777
15 34 0.018349
15 35 0.052632
15 36 0.017738
15 37 0.024242
15 38 0.084211
15 39 0.106667
15 40 0.017021
15 41 0.020725
15 42 0.023739
15 43 0.019560
15 44 0.068376
15 45 0.078431
15 46 0.030075
15 47 0.043956
15 48 0.020942
15 49 0.035874
15 50 0.026667
15 51 0.028070
15 52 0.068376
15 53 0.026756
15 54 0.059259
15 55 0.042328
15 56 0.068376
15 57 0.041885
15 58 0.017167
15 59 0.019324
15 60 0.035088
15 61 0.033058
15 62 0.018735
15 63 0.027778
15 64 0.049689
15 65 0.020566
15 66 0.026578
15 67 0.027304
15 68 0.060150
15 69 0.032922
15 70 0.025806
15 71 0.022663
15 72 0.035874
15 73 0.045198
15 74 0.019560
15 75 0.037915
15 76 0.025157
15 77 0.019277
15 78 0.036036
15 79 0.083333
15 80 0.020725
15 81 0.037559
15 82 0.031373
15 83 0.076923
15 84 0.105263
15 85 0.020356
15 86 0.023188
15 87 0.148148
15 88 0.067227
15 89 0.086957
15 90 0.075472
15 91 0.015414
15 92 0.036530
15 93 0.039604
15 94 0.016701
15 95 0.081633
15 96 0.022792
15 97 0.036530
15 98 0.015238
15 99 0.059259
16 17 0.040816
16 18 0.034483
16 19 0.044199
16 20 0.036866
16 21 0.049080
16 22 0.055172
16 23 0.050955
16 24 0.077670
16 25 0.046243
16 26 0.060150
16 27 0.021563
16 28 0.021053
16 29 0.018913
16 30 0.042781
16 31 0.024316
16 32 0.061069
16 33 0.100000
16 34 0.033333
16 35 0.024465
16 36 0.029304
16 37 0.054054
16 38 0.025890
16 39 0.037559
16 40 0.027778
16 41 0.045198
16 42 0.043011
16 43 0.024465
16 44 0.048485
16 45 0.034483
16 46 0.021390
16 47 0.040609
16 48 0.074766
16 49 0.023256
16 50 0.142857
16 51 0.021164
16 52 0.041026
16 53 0.030303
16 54 0.028070
16 55 0.085106
16 56 0.028369
16 57 0.080808
16 58 0.033333
16 59 0.045977
16 60 0.025397
16 61 0.055944
16 62 0.040201
16 63 0.023599
16 64 0.056738
16 65 0.048485
16 66 0.036199
16 67 0.029304
16 68 0.039801
16 69 0.101266
16 70 0.205128
16 71 0.088889
16 72 0.022727
16 73 0.073394
16 74 0.037037
16 75 0.112676
16 76 0.019753
16 77 0.029963
16 78 0.045455
16 79 0.021739
16 80 0.025559
16 81 0.066667
16 82 0.029963
16 83 0.024024
16 84 0.022727
16 85 0.028369
16 86 0.079208
16 87 0.025078
16 88 0.031496
16 89 0.032000
16 90 0.033058
16 91 0.026936
16 92 0.025890
16 93 0.097561
16 94 0.026936
16 95 0.025237
16 96 0.046784
16 97 0.042553
16 98 0.024768
16 99 0.020619
17 18 0.019048
17 19 0.033195
17 20 0.020942
17 21 0.094118
17 22 0.032389
17 23 0.028369
17 24 0.047337
17 25 0.032922
17 26 0.024922
17 27 0.019704
17 28 0.016985
17 29 0.016529
17 30 0.091954
17 31 0.019753
17 32 0.024691
17 33 0.043956
17 34 0.058824
17 35 0.017429
17 36 0.046243
17 37 0.027304
17 38 0.017391
17 39 0.020779
17 40 0.045455
17 41 0.069565
17 42 0.043011
17 43 0.026846
17 44 0.023188
17 45 0.020779
17 46 0.017429
17 47 0.025157
17 48 0.051282
17 49 0.017978
17 50 0.036364
17 51 0.017660
17 52 0.020619
17 53 0.026230
17 54 0.019048
17 55 0.028169
17 56 0.016807
17 57 0.029740
17 58 0.086022
17 59 0.126984
17 60 0.019608
17 61 0.033333
17 62 0.100000
17 63 0.019900
17 64 0.023881
17 65 0.083333
17 66 0.031250
17 67 0.025078
17 68 0.020253
17 69 0.029520
17 70 0.050633
17 71 0.073394
17 72 0.017582
17 73 0.028169
17 74 0.025000
17 75 0.030769
17 76 0.017021
17 77 0.038835
17 78 0.021858
17 79 0.014519
17 80 0.026756
17 81 0.025559
17 82 0.023669
17 83 0.015267
17 84 0.015355
17 85 0.032129
17 86 0.036199
17 87 0.016461
17 88 0.017857
17 89 0.019851
17 90 0.020408
17 91 0.060606
17 92 0.019704
17 93 0.030534
17 94 0.043956
17 95 0.017094
17 96 0.051948
17 97 0.021164
17 98 0.045714
17 99 0.013865
18 19 0.030075
18 20 0.090909
18 21 0.021978
18 22 0.036530
18 23 0.027304
18 24 0.029851
18 25 0.022792
18 26 0.080000
18 27 0.021390
18 28 0.026230
18 29 0.021220
18 30 0.020833
18 31 0.027027
18 32 0.055172
18 33 0.032653
18 34 0.019231
18 35 0.039216
18 36 0.018349
18 37 0.030303
18 38 0.052980
18 39 0.114286
18 40 0.017582
18 41 0.022161
18 42 0.024845
18 43 0.019277
18 44 0.100000
18 45 0.065041
18 46 0.025890
18 47 0.043243
18 48 0.024465
18 49 0.030075
18 50 0.033058
18 51 0.024540
18 52 0.160000
18 53 0.025890
18 54 0.045714
18 55 0.057971
18 56 0.101266
18 57 0.051948
18 58 0.018223
18 59 0.020942
18 60 0.030534
18 61 0.035398
18 62 0.020050
18 63 0.025078
18 64 0.080808
18 65 0.022222
18 66 0.026756
18 67 0.026144
18 68 0.121212
18 69 0.043956
18 70 0.030189
18 71 0.025641
18 72 0.029740
18 73 0.057971
18 74 0.023392
18 75 0.049383
18 76 0.022222
18 77 0.019704
18 78 0.051948
18 79 0.058394
18 80 0.020356
18 81 0.053691
18 82 0.029412
18 83 0.075472
18 84 0.056338
18 85 0.020408
18 86 0.028169
18 87 0.066116
18 88 0.121212
18 89 0.065041
18 90 0.061069
18 91 0.016194
18 92 0.031621
18 93 0.050633
18 94 0.017241
18 95 0.051282
18 96 0.024169
18 97 0.052632
18 98 0.015810
18 99 0.050633
19 20 0.041451
19 21 0.050633
19 22 0.153846
19 23 0.023669
19 24 0.086957
19 25 0.022923
19 26 0.040201
19 27 0.041667
19 28 0.034483
19 29 0.031373
19 30 0.048193
19 31 0.047904
19 32 0.030534
19 33 0.076190
19 34 0.047337
19 35 0.035556
19 36 0.044693
19 37 0.024540
19 38 0.033333
19 39 0.039024
19 40 0.040609
19 41 0.059259
19 42 0.117647
19 43 0.050000
19 44 0.041885
19 45 0.045198
19 46 0.036364
19 47 0.083333
19 48 0.030303
19 49 0.039024
19 50 0.033755
19 51 0.036866
19 52 0.030651
19 53 0.096386
19 54 0.041885
19 55 0.043478
19 56 0.023392
19 57 0.056738
19 58 0.038095
19 59 0.044199
19 60 0.047619
19 61 0.166667
19 62 0.044444
19 63 0.047059
19 64 0.034632
19 65 0.054054
19 66 0.190476
19 67 0.085106
19 68 0.028571
19 69 0.034335
19 70 0.047059
19 71 0.046512
19 72 0.037209
19 73 0.052288
19 74 0.020151
19 75 0.046243
19 76 0.033473
19 77 0.056738
19 78 0.025723
19 79 0.021680
19 80 0.056738
19 81 0.031621
19 82 0.080000
19 83 0.021858
19 84 0.025316
19 85 0.062500
19 86 0.028470
19 87 0.028369
19 88 0.024922
19 89 0.041451
19 90 0.044693
19 91 0.031250
19 92 0.048193
19 93 0.050955
19 94 0.038835
19 95 0.032389
19 96 0.086022
19 97 0.025078
19 98 0.031373
19 99 0.019608
20 21 0.025397
20 22 0.052632
20 23 0.024922
20 24 0.036697
20 25 0.021739
20 26 0.078431
20 27 0.027778
20 28 0.035556
20 29 0.027211
20 30 0.024096
20 31 0.038095
20 32 0.044199
20 33 0.039801
20 34 0.022599
20 35 0.059701
20 36 0.021680
20 37 0.027027
20 38 0.082474
20 39 0.421053
20 40 0.020619
20 41 0.026230
20 42 0.031373
20 43 0.024024
20 44 0.133333
20 45 0.216216
20 46 0.035242
20 47 0.077670
20 48 0.024845
20 49 0.043243
20 50 0.032520
20 51 0.032922
20 52 0.071429
20 53 0.035556
20 54 0.082474
20 55 0.060606
20 56 0.048485
20 57 0.067227
20 58 0.020779
20 59 0.023881
20 60 0.045198
20 61 0.050000
20 62 0.023055
20 63 0.034483
20 64 0.062992
20 65 0.025890
20 66 0.036199
20 67 0.036199
20 68 0.059701
20 69 0.040609
20 70 0.033333
20 71 0.028674
20 72 0.042105
20 73 0.073394
20 74 0.021220
20 75 0.053691
20 76 0.028986
20 77 0.023952
20 78 0.038095
20 79 0.044944
20 80 0.025723
20 81 0.044693
20 82 0.043011
20 83 0.045455
20 84 0.057554
20 85 0.025478
20 86 0.027211
20 87 0.076190
20 88 0.052632
20 89 0.181818
20 90 0.166667
20 91 0.018307
20 92 0.047619
20 93 0.058824
20 94 0.020151
20 95 0.076923
20 96 0.029740
20 97 0.037736
20 98 0.018059
20 99 0.037037
21 22 0.047059
21 23 0.027491
21 24 0.081633
21 25 0.029520
21 26 0.029630
21 27 0.024768
21 28 0.020672
21 29 0.020050
21 30 0.333333
21 31 0.025000
21 32 0.027397
21 33 0.067227
21 34 0.096386
21 35 0.021108
21 36 0.066116
21 37 0.027211
21 38 0.020779
21 39 0.025000
21 40 0.060606
21 41 0.242424
21 42 0.079208
21 43 0.035714
21 44 0.028070
21 45 0.025641
21 46 0.021390
21 47 0.033333
21 48 0.045455
21 49 0.022099
21 50 0.038835
21 51 0.021680
21 52 0.023599
21 53 0.036199
21 54 0.023460
21 55 0.033898
21 56 0.018692
21 57 0.037915
21 58 0.102564
21 59 0.333333
21 60 0.024615
21 61 0.049383
21 62 0.216216
21 63 0.025157
21 64 0.027586
21 65 0.666667
21 66 0.046512
21 67 0.034043
21 68 0.022857
21 69 0.033058
21 70 0.063492
21 71 0.098765
21 72 0.021505
21 73 0.035398
21 74 0.023460
21 75 0.037559
21 76 0.020725
21 77 0.058394
21 78 0.023599
21 79 0.016360
21 80 0.036199
21 81 0.028470
21 82 0.031496
21 83 0.017058
21 84 0.017738
21 85 0.045977
21 86 0.035398
21 87 0.019231
21 88 0.019950
21 89 0.024242
21 90 0.025237
21 91 0.059259
21 92 0.024768
21 93 0.038095
21 94 0.056738
21 95 0.020408
21 96 0.114286
21 97 0.022857
21 98 0.050000
21 99 0.015414
22 23 0.026846
22 24 0.098765
22 25 0.025237
22 26 0.054054
22 27 0.035088
22 28 0.033058
22 29 0.028674
22 30 0.043478
22 31 0.043011
22 32 0.037736
22 33 0.101266
22 34 0.039409
22 35 0.037736
22 36 0.036530
22 37 0.028269
22 38 0.037209
22 39 0.049689
22 40 0.033755
22 41 0.051282
22 42 0.076190
22 43 0.037915
22 44 0.056338
22 45 0.055944
22 46 0.034188
22 47 0.112676
22 48 0.033473
22 49 0.038278
22 50 0.040404
22 51 0.033898
22 52 0.037915
22 53 0.064516
22 54 0.046243
22 55 0.059701
22 56 0.027211
22 57 0.088889
22 58 0.034043
22 59 0.041451
22 60 0.045455
22 61 0.888889
22 62 0.040000
22 63 0.041026
22 64 0.044444
22 65 0.049080
22 66 0.086957
22 67 0.061069
22 68 0.034934
22 69 0.043011
22 70 0.055944
22 71 0.050000
22 72 0.036697
22 73 0.078431
22 74 0.022346
22 75 0.064516
22 76 0.030534
22 77 0.042781
22 78 0.030769
22 79 0.024316
22 80 0.041667
22 81 0.039409
22 82 0.065574
22 83 0.024922
22 84 0.028169
22 85 0.044944
22 86 0.032653
22 87 0.032129
22 88 0.029412
22 89 0.049689
22 90 0.054054
22 91 0.027875
22 92 0.046784
22 93 0.074766
22 94 0.032389
22 95 0.035874
22 96 0.067797
22 97 0.029851
22 98 0.027397
22 99 0.021858
23 24 0.031128
23 25 0.115942
23 26 0.036364
23 27 0.015238
23 28 0.015355
23 29 0.014011
23 30 0.025478
23 31 0.016771
23 32 0.053691
23 33 0.033898
23 34 0.021390
23 35 0.017738
23 36 0.019465
23 37 0.258065
23 38 0.019185
23 39 0.025806
23 40 0.018913
23 41 0.025397
23 42 0.023599
23 43 0.016632
23 44 0.030651
23 45 0.022923
23 46 0.015474
23 47 0.023599
23 48 0.063492
23 49 0.016598
23 50 0.079208
23 51 0.015267
23 52 0.032787
23 53 0.019048
23 54 0.019560
23 55 0.041026
23 56 0.026316
23 57 0.035088
23 58 0.022409
23 59 0.027397
23 60 0.017467
23 61 0.026936
23 62 0.024845
23 63 0.016327
23 64 0.040000
23 65 0.026936
23 66 0.021220
23 67 0.018692
23 68 0.034188
23 69 0.062992
23 70 0.044944
23 71 0.037736
23 72 0.016327
23 73 0.034934
23 74 0.131148
23 75 0.042781
23 76 0.014467
23 77 0.019277
23 78 0.052288
23 79 0.018957
23 80 0.017058
23 81 0.054795
23 82 0.019139
23 83 0.021858
23 84 0.018433
23 85 0.018391
23 86 0.121212
23 87 0.019608
23 88 0.028881
23 89 0.022039
23 90 0.022222
23 91 0.019560
23 92 0.017738
23 93 0.038835
23 94 0.018561
23 95 0.018824
23 96 0.025000
23 97 0.049383
23 98 0.017978
23 99 0.018913
24 25 0.030651
24 26 0.045198
24 27 0.028269
24 28 0.025157
24 29 0.023121
24 30 0.068376
24 31 0.031128
24 32 0.037383
24 33 0.296296
24 34 0.052288
24 35 0.027397
24 36 0.044199
24 37 0.032000
24 38 0.027397
24 39 0.036036
24 40 0.040404
24 41 0.085106
24 42 0.095238
24 43 0.035556
24 44 0.042328
24 45 0.036866
24 46 0.025974
24 47 0.052980
24 48 0.046243
24 49 0.027875
24 50 0.050633
24 51 0.026059
24 52 0.032520
24 53 0.045977
24 54 0.031746
24 55 0.054422
24 56 0.023881
24 57 0.068966
24 58 0.046512
24 59 0.067797
24 60 0.031746
24 61 0.108108
24 62 0.060606
24 63 0.030651
24 64 0.039801
24 65 0.086022
24 66 0.063492
24 67 0.043243
24 68 0.030769
24 69 0.046512
24 70 0.097561
24 71 0.097561
24 72 0.027027
24 73 0.061069
24 74 0.025397
24 75 0.063492
24 76 0.024242
24 77 0.047619
24 78 0.030418
24 79 0.020408
24 80 0.037559
24 81 0.039409
24 82 0.042105
24 83 0.021448
24 84 0.022535
24 85 0.044444
24 86 0.040816
24 87 0.025000
24 88 0.025890
24 89 0.034043
24 90 0.035874
24 91 0.035242
24 92 0.032258
24 93 0.067227
24 94 0.038647
24 95 0.026756
24 96 0.109589
24 97 0.029197
24 98 0.032922
24 99 0.018957
25 26 0.029851
25 27 0.014787
25 28 0.014493
25 29 0.013445
25 30 0.027491
25 31 0.015936
25 32 0.038462
25 33 0.032653
25 34 0.022663
25 35 0.016293
25 36 0.020460
25 37 0.081633
25 38 0.017241
25 39 0.022346
25 40 0.019950
25 41 0.026756
25 42 0.023739
25 43 0.016667
25 44 0.025890
25 45 0.020408
25 46 0.014652
25 47 0.021739
25 48 0.083333
25 49 0.015534
25 50 0.064000
25 51 0.014519
25 52 0.026403
25 53 0.018519
25 54 0.017817
25 55 0.033755
25 56 0.021680
25 57 0.030534
25 58 0.024465
25 59 0.030075
25 60 0.016427
25 61 0.025478
25 62 0.027027
25 63 0.015656
25 64 0.031496
25 65 0.028674
25 66 0.020725
25 67 0.018100
25 68 0.027119
25 69 0.046243
25 70 0.044444
25 71 0.040404
25 72 0.015296
25 73 0.030075
25 74 0.100000
25 75 0.035874
25 76 0.013841
25 77 0.019802
25 78 0.036530
25 79 0.016563
25 80 0.017021
25 81 0.039409
25 82 0.018223
25 83 0.018561
25 84 0.016360
25 85 0.018561
25 86 0.106667
25 87 0.017354
25 88 0.023460
25 89 0.019656
25 90 0.019900
25 91 0.021390
25 92 0.016632
25 93 0.033333
25 94 0.019560
25 95 0.016985
25 96 0.025559
25 97 0.034934
25 98 0.019324
25 99 0.016393
26 27 0.022923
26 28 0.025478
26 29 0.021333
26 30 0.027491
26 31 0.028269
26 32 0.096386
26 33 0.052632
26 34 0.024316
26 35 0.034335
26 36 0.022599
26 37 0.041237
26 38 0.040404
26 39 0.087912
26 40 0.021563
26 41 0.029630
26 42 0.032922
26 43 0.022409
26 44 0.190476
26 45 0.060606
26 46 0.025559
26 47 0.054422
26 48 0.034483
26 49 0.029197
26 50 0.053333
26 51 0.024691
26 52 0.114286
26 53 0.030651
26 54 0.041451
26 55 0.205128
26 56 0.050314
26 57 0.126984
26 58 0.023121
26 59 0.027972
26 60 0.031128
26 61 0.052288
26 62 0.026230
26 63 0.026490
26 64 0.228571
26 65 0.029963
26 66 0.033613
26 67 0.030303
26 68 0.095238
26 69 0.083333
26 70 0.048193
26 71 0.037383
26 72 0.028571
26 73 0.166667
26 74 0.028986
26 75 0.126984
26 76 0.022409
26 77 0.024242
26 78 0.065041
26 79 0.034043
26 80 0.023669
26 81 0.100000
26 82 0.033473
26 83 0.039409
26 84 0.035556
26 85 0.024615
26 86 0.040816
26 87 0.041237
26 88 0.060150
26 89 0.055556
26 90 0.055944
26 91 0.019851
26 92 0.032258
26 93 0.131148
26 94 0.020997
26 95 0.039024
26 96 0.032653
26 97 0.062500
26 98 0.019093
26 99 0.031250
27 28 0.062016
27 29 0.090909
27 30 0.024922
27 31 0.095238
27 32 0.018692
27 33 0.027027
27 34 0.027682
27 35 0.037559
27 36 0.029520
27 37 0.015686
27 38 0.030303
27 39 0.026144
27 40 0.028169
27 41 0.027397
27 42 0.035714
27 43 0.057554
27 44 0.024845
27 45 0.031621
27 46 0.071429
27 47 0.039409
27 48 0.017544
27 49 0.056738
27 50 0.018824
27 51 0.088889
27 52 0.020356
27 53 0.072727
27 54 0.037559
27 55 0.022857
27 56 0.017738
27 57 0.026059
27 58 0.023324
27 59 0.023256
27 60 0.066116
27 61 0.034934
27 62 0.024242
27 63 0.135593
27 64 0.020888
27 65 0.025641
27 66 0.050314
27 67 0.080808
27 68 0.019277
27 69 0.019465
27 70 0.022099
27 71 0.022222
27 72 0.054795
27 73 0.025478
27 74 0.013675
27 75 0.023055
27 76 0.097561
27 77 0.036364
27 78 0.016985
27 79 0.018957
27 80 0.064516
27 81 0.019002
27 82 0.071429
27 83 0.017817
27 84 0.023055
27 85 0.046512
27 86 0.016985
27 87 0.024845
27 88 0.018223
27 89 0.031128
27 90 0.032520
27 91 0.021798
27 92 0.062016
27 93 0.024316
27 94 0.027778
27 95 0.030075
27 96 0.031373
27 97 0.016771
27 98 0.023529
27 99 0.017021
28 29 0.101266
28 30 0.020408
28 31 0.114286
28 32 0.020151
28 33 0.024922
28 34 0.021220
28 35 0.074766
28 36 0.021680
28 37 0.016000
28 38 0.048485
28 39 0.032922
28 40 0.020833
28 41 0.022161
28 42 0.027682
28 43 0.031373
28 44 0.028881
28 45 0.042328
28 46 0.444444
28 47 0.043478
28 48 0.016667
28 49 0.195122
28 50 0.018692
28 51 0.205128
28 52 0.023810
28 53 0.045714
28 54 0.061538
28 55 0.024316
28 56 0.021448
28 57 0.027304
28 58 0.018735
28 59 0.019512
28 60 0.121212
28 61 0.032389
28 62 0.019753
28 63 0.095238
28 64 0.023188
28 65 0.021220
28 66 0.036530
28 67 0.050000
28 68 0.022284
28 69 0.020151
28 70 0.020779
28 71 0.020050
28 72 0.222222
28 73 0.027304
28 74 0.013769
28 75 0.023881
28 76 0.123077
28 77 0.025157
28 78 0.018519
28 79 0.025237
28 80 0.034043
28 81 0.020356
28 82 0.059701
28 83 0.022409
28 84 0.033613
28 85 0.029304
28 86 0.016736
28 87 0.036199
28 88 0.021680
28 89 0.043716
28 90 0.044944
28 91 0.017316
28 92 0.111111
28 93 0.025316
28 94 0.020513
28 95 0.048780
28 96 0.025078
28 97 0.018391
28 98 0.018018
28 99 0.021798
29 30 0.020050
29 31 0.084211
29 32 0.017505
29 33 0.022599
29 34 0.021448
29 35 0.043243
29 36 0.022409
29 37 0.014467
29 38 0.033058
29 39 0.025641
29 40 0.021622
29 41 0.021622
29 42 0.026846
29 43 0.035398
29 44 0.023460
29 45 0.031128
29 46 0.115942
29 47 0.034188
29 48 0.015504
29 49 0.071429
29 50 0.016878
29 51 0.153846
29 52 0.019753
29 53 0.044693
29 54 0.039409
29 55 0.020833
29 56 0.017857
29 57 0.023188
29 58 0.018779
29 59 0.019002
29 60 0.067227
29 61 0.028369
29 62 0.019512
29 63 0.094118
29 64 0.019656
29 65 0.020619
29 66 0.034934
29 67 0.048485
29 68 0.018735
29 69 0.017778
29 70 0.019048
29 71 0.018779
29 72 0.071429
29 73 0.022989
29 74 0.012678
29 75 0.020725
29 76 0.421053
29 77 0.026144
29 78 0.016129
29 79 0.020253
29 80 0.037915
29 81 0.017699
29 82 0.050955
29 83 0.018433
29 84 0.025316
29 85 0.031008
29 86 0.015326
29 87 0.026756
29 88 0.018100
29 89 0.031373
29 90 0.032389
29 91 0.017660
29 92 0.062500
29 93 0.021798
29 94 0.021390
29 95 0.033058
29 96 0.024242
29 97 0.016000
29 98 0.018735
29 99 0.017978
30 31 0.024768
30 32 0.025397
30 33 0.057554
30 34 0.129032
30 35 0.020513
30 36 0.079208
30 37 0.025237
30 38 0.020101
30 39 0.023669
30 40 0.072727
30 41 0.250000
30 42 0.076923
30 43 0.037559
30 44 0.026230
30 45 0.024465
30 46 0.021164
30 47 0.031621
30 48 0.040816
30 49 0.021739
30 50 0.034783
30 51 0.021563
30 52 0.022222
30 53 0.036199
30 54 0.022663
30 55 0.031008
30 56 0.017817
30 57 0.034632
30 58 0.142857
30 59 0.285714
30 60 0.024169
30 61 0.045455
30 62 0.500000
30 63 0.025078
30 64 0.025641
30 65 0.320000
30 66 0.045977
30 67 0.033898
30 68 0.021505
30 69 0.030075
30 70 0.053333
30 71 0.076923
30 72 0.021164
30 73 0.032389
30 74 0.022039
30 75 0.034043
30 76 0.020725
30 77 0.065041
30 78 0.022099
30 79 0.015779
30 80 0.037559
30 81 0.026316
30 82 0.030888
30 83 0.016360
30 84 0.017131
30 85 0.048780
30 86 0.032129
30 87 0.018519
30 88 0.018913
30 89 0.023188
30 90 0.024096
30 91 0.070796
30 92 0.024316
30 93 0.034632
30 94 0.067797
30 95 0.019704
30 96 0.108108
30 97 0.021390
30 98 0.058394
30 99 0.014842
31 32 0.021918
31 33 0.030418
31 34 0.026059
31 35 0.061538
31 36 0.026756
31 37 0.017429
31 38 0.044199
31 39 0.034934
31 40 0.025397
31 41 0.027304
31 42 0.036364
31 43 0.042105
31 44 0.031873
31 45 0.045977
31 46 0.142857
31 47 0.057143
31 48 0.018824
31 49 0.126984
31 50 0.021053
31 51 0.156863
31 52 0.025078
31 53 0.076190
31 54 0.061538
31 55 0.027491
31 56 0.021563
31 57 0.031873
31 58 0.022346
31 59 0.023324
31 60 0.216216
31 61 0.042105
31 62 0.023810
31 63 0.307692
31 64 0.025237
31 65 0.025806
31 66 0.053333
31 67 0.088889
31 68 0.023460
31 69 0.022472
31 70 0.024390
31 71 0.023669
31 72 0.112676
31 73 0.031496
31 74 0.014898
31 75 0.027304
31 76 0.103896
31 77 0.032258
31 78 0.019753
31 79 0.023669
31 80 0.047337
31 81 0.022284
31 82 0.117647
31 83 0.021798
31 84 0.030303
31 85 0.039024
31 86 0.018648
31 87 0.033613
31 88 0.022099
31 89 0.045455
31 90 0.048193
31 91 0.020408
31 92 0.173913
31 93 0.029304
31 94 0.024922
31 95 0.043716
31 96 0.031873
31 97 0.019512
31 98 0.021333
31 99 0.020672
32 33 0.042553
32 34 0.021978
32 35 0.025478
32 36 0.020305
32 37 0.066667
32 38 0.029197
32 39 0.047904
32 40 0.019512
32 41 0.026490
32 42 0.027304
32 43 0.019002
32 44 0.065574
32 45 0.037559
32 46 0.020202
32 47 0.035398
32 48 0.040000
32 49 0.022409
32 50 0.070796
32 51 0.019656
32 52 0.083333
32 53 0.023952
32 54 0.029091
32 55 0.100000
32 56 0.047904
32 57 0.064516
32 58 0.021680
32 59 0.026316
32 60 0.023599
32 61 0.037209
32 62 0.024390
32 63 0.020942
32 64 0.145455
32 65 0.027304
32 66 0.026403
32 67 0.023669
32 68 0.089888
32 69 0.148148
32 70 0.047337
32 71 0.036364
32 72 0.022039
32 73 0.069565
32 74 0.040000
32 75 0.086957
32 76 0.018223
32 77 0.021053
32 78 0.160000
32 79 0.028986
32 80 0.019851
32 81 0.666667
32 82 0.025237
32 83 0.035398
32 84 0.027972
32 85 0.020833
32 86 0.054795
32 87 0.030769
32 88 0.057971
32 89 0.035556
32 90 0.035714
32 91 0.018779
32 92 0.024169
32 93 0.075472
32 94 0.019048
32 95 0.028470
32 96 0.027875
32 97 0.133333
32 98 0.017778
32 99 0.028269
33 34 0.044693
33 35 0.027972
33 36 0.038462
33 37 0.035242
33 38 0.028571
33 39 0.039216
33 40 0.035714
33 41 0.067227
33 42 0.073394
33 43 0.032258
33 44 0.047904
33 45 0.039216
33 46 0.025641
33 47 0.054795
33 48 0.049383
33 49 0.027875
33 50 0.058824
33 51 0.025559
33 52 0.036036
33 53 0.042781
33 54 0.032653
33 55 0.066116
33 56 0.025723
33 57 0.086957
33 58 0.041026
33 59 0.058394
33 60 0.031373
33 61 0.108108
33 62 0.051948
33 63 0.029630
33 64 0.045714
33 65 0.069565
33 66 0.056338
33 67 0.040404
33 68 0.034188
33 69 0.054795
33 70 0.119403
33 71 0.095238
33 72 0.026936
33 73 0.074074
33 74 0.027119
33 75 0.080000
33 76 0.023669
33 77 0.041237
33 78 0.033755
33 79 0.021505
33 80 0.034188
33 81 0.045198
33 82 0.040609
33 83 0.022792
33 84 0.023599
33 85 0.039216
33 86 0.045198
33 87 0.026316
33 88 0.028169
33 89 0.035874
33 90 0.037736
33 91 0.031873
33 92 0.032000
33 93 0.086022
33 94 0.034188
33 95 0.027778
33 96 0.080000
33 97 0.032389
33 98 0.029851
33 99 0.019950
34 35 0.020408
34 36 0.200000
34 37 0.021277
34 38 0.019560
34 39 0.022039
34 40 0.160000
34 41 0.126984
34 42 0.078431
34 43 0.047904
34 44 0.023739
34 45 0.023256
34 46 0.022099
34 47 0.030303
34 48 0.031008
34 49 0.022284
34 50 0.027972
34 51 0.022727
34 52 0.020101
34 53 0.039409
34 54 0.022222
34 55 0.026667
34 56 0.016461
34 57 0.029963
34 58 0.145455
34 59 0.090909
34 60 0.024922
34 61 0.041026
34 62 0.133333
34 63 0.026756
34 64 0.022599
34 65 0.102564
34 66 0.049080
34 67 0.036697
34 68 0.019417
34 69 0.025237
34 70 0.039024
34 71 0.049080
34 72 0.021680
34 73 0.028269
34 74 0.018868
34 75 0.028674
34 76 0.022099
34 77 0.109589
34 78 0.019417
34 79 0.015038
34 80 0.046512
34 81 0.022663
34 82 0.032258
34 83 0.015355
34 84 0.016529
34 85 0.066116
34 86 0.025890
34 87 0.017817
34 88 0.017354
34 89 0.022222
34 90 0.023055
34 91 0.090909
34 92 0.024922
34 93 0.029412
34 94 0.135593
34 95 0.019231
34 96 0.093023
34 97 0.018913
34 98 0.087912
34 99 0.014109
35 36 0.020305
35 37 0.018779
35 38 0.137931
35 39 0.053333
35 40 0.019465
35 41 0.022284
35 42 0.027397
35 43 0.025806
35 44 0.041667
35 45 0.078431
35 46 0.068376
35 47 0.056338
35 48 0.018476
35 49 0.106667
35 50 0.021798
35 51 0.057971
35 52 0.033195
35 53 0.039024
35 54 0.186047
35 55 0.031128
35 56 0.029851
35 57 0.034632
35 58 0.018391
35 59 0.019900
35 60 0.084211
35 61 0.036530
35 62 0.019802
35 63 0.051613
35 64 0.030769
35 65 0.021622
35 66 0.034632
35 67 0.041237
35 68 0.030534
35 69 0.024615
35 70 0.023460
35 71 0.021680
35 72 0.108108
35 73 0.035398
35 74 0.015748
35 75 0.029740
35 76 0.047059
35 77 0.023055
35 78 0.023324
35 79 0.037736
35 80 0.027875
35 81 0.025641
35 82 0.051948
35 83 0.032000
35 84 0.059259
35 85 0.025641
35 86 0.019185
35 87 0.069565
35 88 0.030075
35 89 0.088889
35 90 0.087912
35 91 0.016701
35 92 0.090909
35 93 0.031746
35 94 0.019093
35 95 0.137931
35 96 0.025237
35 97 0.023256
35 98 0.016949
35 99 0.030534
36 37 0.019417
36 38 0.019185
36 39 0.021053
36 40 0.421053
36 41 0.081633
36 42 0.069565
36 43 0.057143
36 44 0.022346
36 45 0.022535
36 46 0.022663
36 47 0.029197
36 48 0.027027
36 49 0.022599
36 50 0.024845
36 51 0.023529
36 52 0.018957
36 53 0.040816
36 54 0.021918
36 55 0.024465
36 56 0.015717
36 57 0.027491
36 58 0.094118
36 59 0.062992
36 60 0.025237
36 61 0.037736
36 62 0.081633
36 63 0.027875
36 64 0.021053
36 65 0.069565
36 66 0.049080
36 67 0.038095
36 68 0.018265
36 69 0.022923
36 70 0.033333
36 71 0.040000
36 72 0.021978
36 73 0.026144
36 74 0.017316
36 75 0.026059
36 76 0.023055
36 77 0.153846
36 78 0.018059
36 79 0.014625
36 80 0.053691
36 81 0.020888
36 82 0.032787
36 83 0.014815
36 84 0.016194
36 85 0.080000
36 86 0.023121
36 87 0.017391
36 88 0.016495
36 89 0.021563
36 90 0.022409
36 91 0.082474
36 92 0.025157
36 93 0.026846
36 94 0.285714
36 95 0.018913
36 96 0.072727
36 97 0.017621
36 98 0.102564
36 99 0.013699
37 38 0.020460
37 39 0.028269
37 40 0.018824
37 41 0.025397
37 42 0.024024
37 43 0.016878
37 44 0.033898
37 45 0.024615
37 46 0.016129
37 47 0.025078
37 48 0.057554
37 49 0.017354
37 50 0.086022
37 51 0.015842
37 52 0.037209
37 53 0.019704
37 54 0.020779
37 55 0.046512
37 56 0.029197
37 57 0.038462
37 58 0.022039
37 59 0.027027
37 60 0.018265
37 61 0.028269
37 62 0.024540
37 63 0.016949
37 64 0.046512
37 65 0.026756
37 66 0.021858
37 67 0.019324
37 68 0.039216
37 69 0.076923
37 70 0.045977
37 71 0.037383
37 72 0.017094
37 73 0.038647
37 74 0.097561
37 75 0.047904
37 76 0.014953
37 77 0.019417
37 78 0.065041
37 79 0.020408
37 80 0.017391
37 81 0.067797
37 82 0.019900
37 83 0.023810
37 84 0.019753
37 85 0.018648
37 86 0.109589
37 87 0.021053
37 88 0.032389
37 89 0.023669
37 90 0.023810
37 91 0.019231
37 92 0.018561
37 93 0.043011
37 94 0.018433
37 95 0.020101
37 96 0.025316
37 97 0.060150
37 98 0.017738
37 99 0.020356
38 39 0.074074
38 40 0.018391
38 41 0.021680
38 42 0.025974
38 43 0.022989
38 44 0.051282
38 45 0.102564
38 46 0.045977
38 47 0.054422
38 48 0.019277
38 49 0.060606
38 50 0.023460
38 51 0.041026
38 52 0.041451
38 53 0.033473
38 54 0.142857
38 55 0.035088
38 56 0.037736
38 57 0.038095
38 58 0.017857
38 59 0.019656
38 60 0.055556
38 61 0.035874
38 62 0.019324
38 63 0.038835
38 64 0.036364
38 65 0.021220
38 66 0.031373
38 67 0.034783
38 68 0.037559
38 69 0.027304
38 70 0.024316
38 71 0.022099
38 72 0.061069
38 73 0.039604
38 74 0.016949
38 75 0.032787
38 76 0.035242
38 77 0.021448
38 78 0.026846
38 79 0.050633
38 80 0.024615
38 81 0.029197
38 82 0.042105
38 83 0.041667
38 84 0.094118
38 85 0.023324
38 86 0.020513
38 87 0.137931
38 88 0.037736
38 89 0.133333
38 90 0.115942
38 91 0.016129
38 92 0.058824
38 93 0.034934
38 94 0.018059
38 95 0.888889
38 96 0.024316
38 97 0.026936
38 98 0.016194
38 99 0.038647
39 40 0.020101
39 41 0.025641
39 42 0.030189
39 43 0.022989
39 44 0.160000
39 45 0.142857
39 46 0.032520
39 47 0.067797
39 48 0.025237
39 49 0.039216
39 50 0.033613
39 51 0.030651
39 52 0.085106
39 53 0.033195
39 54 0.070175
39 55 0.064516
39 56 0.054422
39 57 0.067797
39 58 0.020408
39 59 0.023529
39 60 0.040816
39 61 0.047337
39 62 0.022663
39 63 0.031873
39 64 0.070796
39 65 0.025478
39 66 0.034043
39 67 0.033613
39 68 0.068966
39 69 0.043011
39 70 0.033473
39 71 0.028571
39 72 0.038462
39 73 0.076190
39 74 0.021918
39 75 0.055556
39 76 0.027119
39 77 0.023121
39 78 0.041237
39 79 0.047059
39 80 0.024540
39 81 0.048193
39 82 0.039409
39 83 0.049080
39 84 0.057143
39 85 0.024390
39 86 0.027972
39 87 0.074766
39 88 0.059701
39 89 0.131148
39 90 0.121212
39 91 0.017978
39 92 0.042781
39 93 0.060606
39 94 0.019608
39 95 0.069565
39 96 0.028777
39 97 0.041026
39 98 0.017660
39 99 0.039024
40 41 0.072072
40 42 0.060150
40 43 0.053333
40 44 0.021333
40 45 0.021448
40 46 0.021739
40 47 0.027397
40 48 0.026144
40 49 0.021563
40 50 0.023881
40 51 0.022535
40 52 0.018182
40 53 0.037736
40 54 0.020888
40 55 0.023256
40 56 0.015209
40 57 0.025890
40 58 0.094118
40 59 0.059259
40 60 0.024024
40 61 0.034783
40 62 0.076190
40 63 0.026490
40 64 0.020151
40 65 0.062992
40 66 0.044199
40 67 0.035398
40 68 0.017582
40 69 0.021978
40 70 0.031621
40 71 0.037736
40 72 0.021053
40 73 0.024691
40 74 0.016949
40 75 0.024768
40 76 0.022161
40 77 0.119403
40 78 0.017429
40 79 0.014159
40 80 0.049689
40 81 0.020050
40 82 0.030651
40 83 0.014337
40 84 0.015595
40 85 0.070796
40 86 0.022346
40 87 0.016736
40 88 0.015936
40 89 0.020566
40 90 0.021333
40 91 0.094118
40 92 0.023881
40 93 0.025397
40 94 0.800000
40 95 0.018141
40 96 0.062992
40 97 0.017021
40 98 0.131148
40 99 0.013289
41 42 0.109589
41 43 0.041885
41 44 0.028470
41 45 0.026756
41 46 0.023055
41 47 0.035874
41 48 0.039409
41 49 0.023739
41 50 0.035556
41 51 0.023460
41 52 0.023529
41 53 0.041885
41 54 0.024768
41 55 0.033473
41 56 0.018692
41 57 0.038278
41 58 0.100000
41 59 0.150943
41 60 0.026667
41 61 0.054054
41 62 0.173913
41 63 0.027682
41 64 0.027304
41 65 0.363636
41 66 0.055944
41 67 0.038835
41 68 0.022663
41 69 0.031496
41 70 0.055944
41 71 0.076923
41 72 0.023055
41 73 0.035556
41 74 0.021798
41 75 0.036866
41 76 0.022472
41 77 0.075472
41 78 0.022857
41 79 0.016598
41 80 0.042328
41 81 0.027491
41 82 0.035088
41 83 0.017167
41 84 0.018223
41 85 0.056738
41 86 0.032000
41 87 0.019802
41 88 0.019900
41 89 0.025316
41 90 0.026403
41 91 0.059701
41 92 0.026846
41 93 0.037736
41 94 0.066116
41 95 0.021277
41 96 0.186047
41 97 0.022161
41 98 0.053333
41 99 0.015564
42 43 0.055944
42 44 0.032787
42 45 0.033058
42 46 0.029091
42 47 0.049383
42 48 0.032653
42 49 0.030075
42 50 0.033195
42 51 0.029740
42 52 0.025806
42 53 0.066667
42 54 0.030888
42 55 0.036364
42 56 0.020202
42 57 0.044199
42 58 0.055556
42 59 0.064516
42 60 0.035088
42 61 0.082474
42 62 0.068376
42 63 0.036866
42 64 0.029412
42 65 0.088889
42 66 0.112676
42 67 0.059701
42 68 0.024465
42 69 0.031496
42 70 0.049383
42 71 0.055944
42 72 0.028986
42 73 0.041026
42 74 0.020202
42 75 0.039604
42 76 0.028070
42 77 0.090909
42 78 0.023392
42 79 0.018476
42 80 0.060150
42 81 0.028269
42 82 0.051282
42 83 0.018824
42 84 0.020888
42 85 0.082474
42 86 0.028881
42 87 0.022989
42 88 0.021505
42 89 0.030888
42 90 0.032653
42 91 0.042328
42 92 0.035242
42 93 0.041885
42 94 0.055944
42 95 0.025397
42 96 0.250000
42 97 0.022727
42 98 0.042328
42 99 0.017058
43 44 0.023256
43 45 0.026059
43 46 0.033613
43 47 0.034632
43 48 0.020725
43 49 0.031746
43 50 0.020942
43 51 0.036199
43 52 0.019185
43 53 0.072072
43 54 0.027304
43 55 0.023324
43 56 0.016227
43 57 0.026667
43 58 0.036199
43 59 0.033333
43 60 0.036530
43 61 0.038647
43 62 0.036530
43 63 0.046512
43 64 0.020513
43 65 0.037559
43 66 0.066667
43 67 0.067797
43 68 0.018307
43 69 0.020619
43 70 0.026316
43 71 0.028269
43 72 0.030651
43 73 0.025641
43 74 0.014842
43 75 0.024242
43 76 0.036364
43 77 0.085106
43 78 0.017058
43 79 0.016064
43 80 0.333333
43 81 0.019465
43 82 0.050314
43 83 0.015748
43 84 0.018519
43 85 0.156863
43 86 0.019093
43 87 0.019950
43 88 0.016878
43 89 0.025157
43 90 0.026316
43 91 0.034188
43 92 0.035874
43 93 0.025397
43 94 0.052632
43 95 0.022663
43 96 0.047619
43 97 0.016736
43 98 0.039216
43 99 0.014760
44 45 0.087912
44 46 0.028881
44 47 0.066116
44 48 0.029851
44 49 0.033755
44 50 0.042328
44 51 0.027586
44 52 0.108108
44 53 0.032922
44 54 0.052288
44 55 0.106667
44 56 0.052288
44 57 0.105263
44 58 0.022222
44 59 0.026316
44 60 0.036036
44 61 0.054054
44 62 0.025000
44 63 0.029520
44 64 0.115942
44 65 0.028470
44 66 0.035398
44 67 0.032922
44 68 0.084211
44 69 0.058394
44 70 0.041237
44 71 0.033613
44 72 0.033058
44 73 0.131148
44 74 0.025237
44 75 0.084211
44 76 0.024768
44 77 0.024390
44 78 0.051282
44 79 0.038647
44 80 0.024691
44 81 0.066667
44 82 0.037559
44 83 0.043243
44 84 0.042781
44 85 0.025237
44 86 0.033898
44 87 0.051282
44 88 0.061069
44 89 0.077670
44 90 0.077670
44 91 0.019277
44 92 0.037383
44 93 0.094118
44 94 0.020779
44 95 0.048780
44 96 0.031873
44 97 0.050000
44 98 0.018735
44 99 0.034043
45 46 0.041885
45 47 0.097561
45 48 0.023599
45 49 0.053691
45 50 0.029851
45 51 0.038835
45 52 0.053691
45 53 0.040609
45 54 0.129032
45 55 0.051282
45 56 0.040201
45 57 0.059701
45 58 0.021164
45 59 0.024024
45 60 0.056738
45 61 0.052980
45 62 0.023392
45 63 0.040609
45 64 0.050000
45 65 0.026230
45 66 0.040000
45 67 0.041667
45 68 0.046784
45 69 0.035874
45 70 0.031746
45 71 0.027972
45 72 0.052288
45 73 0.062992
45 74 0.019704
45 75 0.047059
45 76 0.033333
45 77 0.025316
45 78 0.032653
45 79 0.041237
45 80 0.028169
45 81 0.037915
45 82 0.051948
45 83 0.039409
45 84 0.056738
45 85 0.027397
45 86 0.025237
45 87 0.075472
45 88 0.042553
45 89 0.421053
45 90 0.666667
45 91 0.018648
45 92 0.060606
45 93 0.051948
45 94 0.020942
45 95 0.093023
45 96 0.030769
45 97 0.032389
45 98 0.018561
45 99 0.033898
46 47 0.044693
46 48 0.016949
46 49 0.181818
46 50 0.018913
46 51 0.347826
46 52 0.023599
46 53 0.050000
46 54 0.059259
46 55 0.024540
46 56 0.021108
46 57 0.027682
46 58 0.019370
46 59 0.020151
46 60 0.135593
46 61 0.033613
46 62 0.020460
46 63 0.119403
46 64 0.023188
46 65 0.021978
46 66 0.039024
46 67 0.055172
46 68 0.022161
46 69 0.020356
46 70 0.021277
46 71 0.020566
46 72 0.181818
46 73 0.027586
46 74 0.013889
46 75 0.024169
46 76 0.148148
46 77 0.026490
46 78 0.018519
46 79 0.024390
46 80 0.036697
46 81 0.020460
46 82 0.066116
46 83 0.021918
46 84 0.032000
46 85 0.031128
46 86 0.016949
46 87 0.034632
46 88 0.021390
46 89 0.042781
46 90 0.044444
46 91 0.017897
46 92 0.121212
46 93 0.025641
46 94 0.021390
46 95 0.045977
46 96 0.026144
46 97 0.018349
46 98 0.018692
46 99 0.021164
47 48 0.026667
47 49 0.054422
47 50 0.032653
47 51 0.043011
47 52 0.041237
47 53 0.064516
47 54 0.078431
47 55 0.052980
47 56 0.030418
47 57 0.071429
47 58 0.026490
47 59 0.030534
47 60 0.066667
47 61 0.101266
47 62 0.029851
47 63 0.051282
47 64 0.044199
47 65 0.034483
47 66 0.067227
47 67 0.065041
47 68 0.037209
47 69 0.036866
47 70 0.039024
47 71 0.035088
47 72 0.051282
47 73 0.070175
47 74 0.020050
47 75 0.052288
47 76 0.037037
47 77 0.034188
47 78 0.029740
47 79 0.029091
47 80 0.038278
47 81 0.036364
47 82 0.086022
47 83 0.028674
47 84 0.036199
47 85 0.037736
47 86 0.027211
47 87 0.043011
47 88 0.032389
47 89 0.081633
47 90 0.095238
47 91 0.022857
47 92 0.070796
47 93 0.059701
47 94 0.026578
47 95 0.051948
47 96 0.043716
47 97 0.029197
47 98 0.022857
47 99 0.025316
48 49 0.017937
48 50 0.090909
48 51 0.016878
48 52 0.028169
48 53 0.023121
48 54 0.020513
48 55 0.041237
48 56 0.021918
48 57 0.039024
48 58 0.034043
48 59 0.046784
48 60 0.019277
48 61 0.034043
48 62 0.039604
48 63 0.018519
48 64 0.034783
48 65 0.043716
48 66 0.026846
48 67 0.022346
48 68 0.028169
48 69 0.053691
48 70 0.082474
48 71 0.077670
48 72 0.017621
48 73 0.037383
48 74 0.047619
48 75 0.045977
48 76 0.016000
48 77 0.025974
48 78 0.034632
48 79 0.017241
48 80 0.021164
48 81 0.041885
48 82 0.022284
48 83 0.018957
48 84 0.017582
48 85 0.023739
48 86 0.119403
48 87 0.018913
48 88 0.023810
48 89 0.022472
48 90 0.022989
48 91 0.028169
48 92 0.019560
48 93 0.042781
48 94 0.025478
48 95 0.018913
48 96 0.036530
48 97 0.032922
48 98 0.024768
48 99 0.016736
49 50 0.020460
49 51 0.125000
49 52 0.026936
49 53 0.050314
49 54 0.086957
49 55 0.027586
49 56 0.023810
49 57 0.031373
49 58 0.019656
49 59 0.020779
49 60 0.210526
49 61 0.037209
49 62 0.020997
49 63 0.094118
49 64 0.026230
49 65 0.022727
49 66 0.040609
49 67 0.055172
49 68 0.025078
49 69 0.022409
49 70 0.022857
49 71 0.021798
49 72 0.727273
49 73 0.031496
49 74 0.014760
49 75 0.027027
49 76 0.083333
49 77 0.026316
49 78 0.020408
49 79 0.027875
49 80 0.034783
49 81 0.022663
49 82 0.071429
49 83 0.024768
49 84 0.038095
49 85 0.030418
49 86 0.018182
49 87 0.042328
49 88 0.024169
49 89 0.055556
49 90 0.057971
49 91 0.017978
49 92 0.200000
49 93 0.028777
49 94 0.021164
49 95 0.060606
49 96 0.027119
49 97 0.020253
49 98 0.018561
49 99 0.023739
50 51 0.018692
50 52 0.040404
50 53 0.025078
50 54 0.024691
50 55 0.069565
50 56 0.028777
50 57 0.058394
50 58 0.028674
50 59 0.037736
50 60 0.021978
50 61 0.040609
50 62 0.033333
50 63 0.020408
50 64 0.055556
50 65 0.038095
50 66 0.028986
50 67 0.024390
50 68 0.040609
50 69 0.129032
50 70 0.096386
50 71 0.063492
50 72 0.020050
50 73 0.056338
50 74 0.049689
50 75 0.080808
50 76 0.017505
50 77 0.025000
50 78 0.054054
50 79 0.021164
50 80 0.021680
50 81 0.077670
50 82 0.025078
50 83 0.023881
50 84 0.021390
50 85 0.023739
50 86 0.156863
50 87 0.023324
50 88 0.032129
50 89 0.028169
50 90 0.028777
50 91 0.023952
50 92 0.022409
50 93 0.068966
50 94 0.023256
50 95 0.022923
50 96 0.035874
50 97 0.050000
50 98 0.021918
50 99 0.020460
51 52 0.022599
51 53 0.052980
51 54 0.052288
51 55 0.023881
51 56 0.020101
51 57 0.026936
51 58 0.019802
51 59 0.020460
51 60 0.117647
51 61 0.033333
51 62 0.020888
51 63 0.148148
51 64 0.022409
51 65 0.022346
51 66 0.040404
51 67 0.058824
51 68 0.021277
51 69 0.019900
51 70 0.021164
51 71 0.020619
51 72 0.123077
51 73 0.026756
51 74 0.013699
51 75 0.023599
51 76 0.235294
51 77 0.027682
51 78 0.017978
51 79 0.022857
51 80 0.039604
51 81 0.019900
51 82 0.067797
51 83 0.020725
51 84 0.029412
51 85 0.032922
51 86 0.016771
51 87 0.031746
51 88 0.020460
51 89 0.039216
51 90 0.040816
51 91 0.018391
51 92 0.103896
51 93 0.025078
51 94 0.022161
51 95 0.041026
51 96 0.026667
51 97 0.017817
51 98 0.019277
51 99 0.020050
52 53 0.025316
52 54 0.038647
52 55 0.076190
52 56 0.088889
52 57 0.060606
52 58 0.019231
52 59 0.022535
52 60 0.027778
52 61 0.036866
52 62 0.021333
52 63 0.023529
52 64 0.142857
52 65 0.023810
52 66 0.026846
52 67 0.025316
52 68 0.347826
52 69 0.058394
52 70 0.034783
52 71 0.028571
52 72 0.026578
52 73 0.068966
52 74 0.027397
52 75 0.062016
52 76 0.020672
52 77 0.020151
52 78 0.074766
52 79 0.043956
52 80 0.020202
52 81 0.079208
52 82 0.028070
52 83 0.057554
52 84 0.041667
52 85 0.020566
52 86 0.033613
52 87 0.047337
52 88 0.126984
52 89 0.051948
52 90 0.050314
52 91 0.016949
52 92 0.028777
52 93 0.061538
52 94 0.017778
52 95 0.040201
52 96 0.025478
52 97 0.076190
52 98 0.016393
52 99 0.041026
53 54 0.043478
53 55 0.031373
53 56 0.020672
53 57 0.037915
53 58 0.031496
53 59 0.032922
53 60 0.065574
53 61 0.064516
53 62 0.034335
53 63 0.081633
53 64 0.027119
53 65 0.038095
53 66 0.156863
53 67 0.500000
53 68 0.023739
53 69 0.025806
53 70 0.031621
53 71 0.031873
53 72 0.047337
53 73 0.036364
53 74 0.016701
53 75 0.032258
53 76 0.048193
53 77 0.054795
53 78 0.021053
53 79 0.020619
53 80 0.090909
53 81 0.024540
53 82 0.153846
53 83 0.020050
53 84 0.024768
53 85 0.074766
53 86 0.022039
53 87 0.027491
53 88 0.021622
53 89 0.038462
53 90 0.041237
53 91 0.027778
53 92 0.064516
53 93 0.034783
53 94 0.036530
53 95 0.032787
53 96 0.052980
53 97 0.020672
53 98 0.029304
53 99 0.018519
54 55 0.037209
54 56 0.032653
54 57 0.042553
54 58 0.020000
54 59 0.021978
54 60 0.085106
54 61 0.044444
54 62 0.021739
54 63 0.051613
54 64 0.036199
54 65 0.024024
54 66 0.039409
54 67 0.045714
54 68 0.034934
54 69 0.028269
54 70 0.026756
54 71 0.024390
54 72 0.085106
54 73 0.043716
54 74 0.017131
54 75 0.035242
54 76 0.043011
54 77 0.025000
54 78 0.026144
54 79 0.037915
54 80 0.029630
54 81 0.029412
54 82 0.059701
54 83 0.033755
54 84 0.057143
54 85 0.027778
54 86 0.021390
54 87 0.072072
54 88 0.033333
54 89 0.148148
54 90 0.156863
54 91 0.017897
54 92 0.094118
54 93 0.038278
54 94 0.020460
54 95 0.131148
54 96 0.028369
54 97 0.025974
54 98 0.018100
54 99 0.031008
55 56 0.041237
55 57 0.177778
55 58 0.025559
55 59 0.031873
55 60 0.029851
55 61 0.058394
55 62 0.029412
55 63 0.026059
55 64 0.145455
55 65 0.034188
55 66 0.035556
55 67 0.030888
55 68 0.069565
55 69 0.115942
55 70 0.062992
55 71 0.045455
55 72 0.026936
55 73 0.216216
55 74 0.031621
55 75 0.320000
55 76 0.021858
55 77 0.026059
55 78 0.062992
55 79 0.029197
55 80 0.024615
55 81 0.112676
55 82 0.033473
55 83 0.033333
55 84 0.030651
55 85 0.026059
55 86 0.049080
55 87 0.034783
55 88 0.048193
55 89 0.046784
55 90 0.047904
55 91 0.021622
55 92 0.030769
55 93 0.275862
55 94 0.022663
55 95 0.034043
55 96 0.036697
55 97 0.058824
55 98 0.020566
55 99 0.027119
56 57 0.036364
56 58 0.015842
56 59 0.018018
56 60 0.023810
56 61 0.026667
56 62 0.017241
56 63 0.020305
56 64 0.056338
56 65 0.018824
56 66 0.021220
56 67 0.020833
56 68 0.097561
56 69 0.036866
56 70 0.025157
56 71 0.021739
56 72 0.023739
56 73 0.039216
56 74 0.023324
56 75 0.036697
56 76 0.018561
56 77 0.016667
56 78 0.052632
56 79 0.062992
56 80 0.016985
56 81 0.045714
56 82 0.022857
56 83 0.125000
56 84 0.046512
56 85 0.017058
56 86 0.025641
56 87 0.048193
56 88 0.266667
56 89 0.040816
56 90 0.038835
56 91 0.014260
56 92 0.024465
56 93 0.036530
56 94 0.014925
56 95 0.037209
56 96 0.019950
56 97 0.055556
56 98 0.013889
56 99 0.066667
57 58 0.027972
57 59 0.034934
57 60 0.034632
57 61 0.085106
57 62 0.032520
57 63 0.030075
57 64 0.086957
57 65 0.038647
57 66 0.044199
57 67 0.037209
57 68 0.054422
57 69 0.075472
57 70 0.065574
57 71 0.049080
57 72 0.030418
57 73 0.500000
57 74 0.027778
57 75 0.190476
57 76 0.024465
57 77 0.029851
57 78 0.046784
57 79 0.028369
57 80 0.028470
57 81 0.069565
57 82 0.040609
57 83 0.030888
57 84 0.031128
57 85 0.030189
57 86 0.042781
57 87 0.035874
57 88 0.041237
57 89 0.052980
57 90 0.055556
57 91 0.023392
57 92 0.035874
57 93 0.347826
57 94 0.025157
57 95 0.036697
57 96 0.043716
57 97 0.044693
57 98 0.022409
57 99 0.025806
58 59 0.117647
58 60 0.021680
58 61 0.035242
58 62 0.190476
58 63 0.022792
58 64 0.021798
58 65 0.100000
58 66 0.037915
58 67 0.029740
58 68 0.018735
58 69 0.025078
58 70 0.039604
58 71 0.052288
58 72 0.019185
58 73 0.026490
58 74 0.019900
58 75 0.027586
58 76 0.019277
58 77 0.062500
58 78 0.019231
58 79 0.014260
58 80 0.035398
58 81 0.022346
58 82 0.027027
58 83 0.014706
58 84 0.015414
58 85 0.045714
58 86 0.027304
58 87 0.016529
58 88 0.016736
58 89 0.020202
58 90 0.020888
58 91 0.140351
58 92 0.021680
58 93 0.027875
58 94 0.088889
58 95 0.017582
58 96 0.067227
58 97 0.018735
58 98 0.089888
58 99 0.013491
59 60 0.022989
59 61 0.043243
59 62 0.258065
59 63 0.023529
59 64 0.026316
59 65 0.235294
59 66 0.041237
59 67 0.031128
59 68 0.021918
59 69 0.031746
59 70 0.058824
59 71 0.093023
59 72 0.020253
59 73 0.032787
59 74 0.023599
59 75 0.035088
59 76 0.019608
59 77 0.052980
59 78 0.022923
59 79 0.015717
59 80 0.033473
59 81 0.027397
59 82 0.028881
59 83 0.016427
59 84 0.016949
59 85 0.042105
59 86 0.035242
59 87 0.018307
59 88 0.019185
59 89 0.022727
59 90 0.023599
59 91 0.064516
59 92 0.023121
59 93 0.035398
59 94 0.055944
59 95 0.019324
59 96 0.086957
59 97 0.022161
59 98 0.051613
59 99 0.014870
60 61 0.044199
60 62 0.023256
60 63 0.129032
60 64 0.027682
60 65 0.025397
60 66 0.050314
60 67 0.074074
60 68 0.025806
60 69 0.023881
60 70 0.025078
60 71 0.024024
60 72 0.166667
60 73 0.034483
60 74 0.015444
60 75 0.029412
60 76 0.079208
60 77 0.029963
60 78 0.021164
60 79 0.026490
60 80 0.040609
60 81 0.023952
60 82 0.108108
60 83 0.024242
60 84 0.035242
60 85 0.035242
60 86 0.019370
60 87 0.039604
60 88 0.024390
60 89 0.056738
60 90 0.060606
60 91 0.019608
60 92 0.800000
60 93 0.031621
60 94 0.023460
60 95 0.054795
60 96 0.031008
60 97 0.020997
60 98 0.020305
60 99 0.022857
61 62 0.041667
61 63 0.040404
61 64 0.043478
61 65 0.051613
61 66 0.090909
61 67 0.060606
61 68 0.034043
61 69 0.042553
61 70 0.057554
61 71 0.052288
61 72 0.035714
61 73 0.075472
61 74 0.022409
61 75 0.063492
61 76 0.030189
61 77 0.044199
61 78 0.030303
61 79 0.023739
61 80 0.042553
61 81 0.038835
61 82 0.064000
61 83 0.024316
61 84 0.027397
61 85 0.046243
61 86 0.032922
61 87 0.031128
61 88 0.028777
61 89 0.047337
61 90 0.051282
61 91 0.028674
61 92 0.045198
61 93 0.072727
61 94 0.033333
61 95 0.034783
61 96 0.072727
61 97 0.029412
61 98 0.028169
61 99 0.021448
62 63 0.024169
62 64 0.024540
62 65 0.205128
62 66 0.042781
62 67 0.032258
62 68 0.020725
62 69 0.028777
62 70 0.049383
62 71 0.070175
62 72 0.020460
62 73 0.030651
62 74 0.021680
62 75 0.032129
62 76 0.020101
62 77 0.062992
62 78 0.021333
62 79 0.015296
62 80 0.036364
62 81 0.025237
62 82 0.029412
62 83 0.015873
62 84 0.016598
62 85 0.047059
62 86 0.031128
62 87 0.017897
62 88 0.018307
62 89 0.022222
62 90 0.023055
62 91 0.080808
62 92 0.023324
62 93 0.032520
62 94 0.070796
62 95 0.019002
62 96 0.090909
62 97 0.020725
62 98 0.063492
62 99 0.014440
63 64 0.023881
63 65 0.026059
63 66 0.054422
63 67 0.095238
63 68 0.022099
63 69 0.021563
63 70 0.023810
63 71 0.023460
63 72 0.086022
63 73 0.029630
63 74 0.014545
63 75 0.026059
63 76 0.115942
63 77 0.033898
63 78 0.018868
63 79 0.022039
63 80 0.052980
63 81 0.021277
63 82 0.109589
63 83 0.020460
63 84 0.027682
63 85 0.041885
63 86 0.018223
63 87 0.030418
63 88 0.020833
63 89 0.040000
63 90 0.042328
63 91 0.020942
63 92 0.112676
63 93 0.027778
63 94 0.025974
63 95 0.038462
63 96 0.032129
63 97 0.018648
63 98 0.022099
63 99 0.019417
64 65 0.027778
64 66 0.029520
64 67 0.026846
64 68 0.131148
64 69 0.095238
64 70 0.045198
64 71 0.035242
64 72 0.025723
64 73 0.101266
64 74 0.031621
64 75 0.102564
64 76 0.020566
64 77 0.022284
64 78 0.089888
64 79 0.034043
64 80 0.021563
64 81 0.148148
64 82 0.029304
64 83 0.041237
64 84 0.033898
64 85 0.022472
64 86 0.043011
64 87 0.038278
64 88 0.070175
64 89 0.046784
64 90 0.046784
64 91 0.018868
64 92 0.028470
64 93 0.096386
64 94 0.019656
64 95 0.035242
64 96 0.029520
64 97 0.085106
64 98 0.018059
64 99 0.032000
65 66 0.049689
65 67 0.035714
65 68 0.022989
65 69 0.032922
65 70 0.062016
65 71 0.093023
65 72 0.022099
65 73 0.035874
65 74 0.022989
65 75 0.037915
65 76 0.021333
65 77 0.062500
65 78 0.023529
65 79 0.016529
65 80 0.038095
65 81 0.028470
65 82 0.032922
65 83 0.017204
65 84 0.017978
65 85 0.049080
65 86 0.034483
65 87 0.019560
65 88 0.020050
65 89 0.024768
65 90 0.025806
65 91 0.058394
65 92 0.025559
65 93 0.038647
65 94 0.058824
65 95 0.020779
65 96 0.135593
65 97 0.022792
65 98 0.050314
65 99 0.015534
66 67 0.125000
66 68 0.025157
66 69 0.029197
66 70 0.038835
66 71 0.039801
66 72 0.038647
66 73 0.041451
66 74 0.018349
66 75 0.037383
66 76 0.037209
66 77 0.067797
66 78 0.022792
66 79 0.020305
66 80 0.079208
66 81 0.027211
66 82 0.093023
66 83 0.020151
66 84 0.023810
66 85 0.085106
66 86 0.025078
66 87 0.026490
66 88 0.022409
66 89 0.037383
66 90 0.040000
66 91 0.032000
66 92 0.050314
66 93 0.040404
66 94 0.042328
66 95 0.030534
66 96 0.078431
66 97 0.022222
66 98 0.033195
66 99 0.018391
67 68 0.023739
67 69 0.025237
67 70 0.030303
67 71 0.030418
67 72 0.051613
67 73 0.035714
67 74 0.016393
67 75 0.031621
67 76 0.052980
67 77 0.050000
67 78 0.020833
67 79 0.020997
67 80 0.084211
67 81 0.024242
67 82 0.195122
67 83 0.020253
67 84 0.025478
67 85 0.067227
67 86 0.021448
67 87 0.028269
67 88 0.021680
67 89 0.039604
67 90 0.042553
67 91 0.026403
67 92 0.072072
67 93 0.034043
67 94 0.034335
67 95 0.034043
67 96 0.048193
67 97 0.020460
67 98 0.027875
67 99 0.018779
68 69 0.058824
68 70 0.033755
68 71 0.027778
68 72 0.024768
68 73 0.060606
68 74 0.028571
68 75 0.057971
68 76 0.019512
68 77 0.019324
68 78 0.088889
68 79 0.042328
68 80 0.019231
68 81 0.083333
68 82 0.026059
68 83 0.057971
68 84 0.038835
68 85 0.019656
68 86 0.034335
68 87 0.043011
68 88 0.148148
68 89 0.045455
68 90 0.044199
68 91 0.016529
68 92 0.026578
68 93 0.056338
68 94 0.017204
68 95 0.036530
68 96 0.024316
68 97 0.091954
68 98 0.015936
68 99 0.040816
69 70 0.068376
69 71 0.047619
69 72 0.021918
69 73 0.076923
69 74 0.043243
69 75 0.123077
69 76 0.018519
69 77 0.023599
69 78 0.081633
69 79 0.025157
69 80 0.021505
69 81 0.181818
69 82 0.026578
69 83 0.029304
69 84 0.025237
69 85 0.023055
69 86 0.077670
69 87 0.027682
69 88 0.042553
69 89 0.033613
69 90 0.034188
69 91 0.021333
69 92 0.024465
69 93 0.095238
69 94 0.021390
69 95 0.026667
69 96 0.032922
69 97 0.073394
69 98 0.019900
69 99 0.024242
70 71 0.153846
70 72 0.022284
70 73 0.059701
70 74 0.034043
70 75 0.077670
70 76 0.019802
70 77 0.033613
70 78 0.037383
70 79 0.020050
70 80 0.027304
70 81 0.050633
70 82 0.030418
70 83 0.021798
70 84 0.021164
70 85 0.031008
70 86 0.069565
70 87 0.023256
70 88 0.027586
70 89 0.029630
70 90 0.030651
70 91 0.030888
70 92 0.025559
70 93 0.073394
70 94 0.030418
70 95 0.023739
70 96 0.056338
70 97 0.035398
70 98 0.027972
70 99 0.019002
71 72 0.021220
71 73 0.045198
71 74 0.030418
71 75 0.052632
71 76 0.019512
71 77 0.038647
71 78 0.030189
71 79 0.017978
71 80 0.028986
71 81 0.038278
71 82 0.029520
71 83 0.019231
71 84 0.019139
71 85 0.034188
71 86 0.054422
71 87 0.020833
71 88 0.023529
71 89 0.026316
71 90 0.027211
71 91 0.038278
71 92 0.024316
71 93 0.051613
71 94 0.036199
71 95 0.021622
71 96 0.068966
71 97 0.028881
71 98 0.033473
71 99 0.017058
72 73 0.030534
72 74 0.014572
72 75 0.026316
72 76 0.082474
72 77 0.025478
72 78 0.020151
72 79 0.028070
72 80 0.033473
72 81 0.022284
72 82 0.065574
72 83 0.024768
72 84 0.038647
72 85 0.029412
72 86 0.017857
72 87 0.042553
72 88 0.024024
72 89 0.054054
72 90 0.055944
72 91 0.017582
72 92 0.160000
72 93 0.028070
72 94 0.020672
72 95 0.061069
72 96 0.026230
72 97 0.020000
72 98 0.018141
72 99 0.023881
73 74 0.027778
73 75 0.181818
73 76 0.024242
73 77 0.028369
73 78 0.049689
73 79 0.029851
73 80 0.027304
73 81 0.074074
73 82 0.039409
73 83 0.032922
73 84 0.032653
73 85 0.028777
73 86 0.041667
73 87 0.037915
73 88 0.044693
73 89 0.055944
73 90 0.058394
73 91 0.022346
73 92 0.035714
73 93 0.285714
73 94 0.023952
73 95 0.038095
73 96 0.040404
73 97 0.047619
73 98 0.021505
73 99 0.027119
74 75 0.032520
74 76 0.013029
74 77 0.017058
74 78 0.041451
74 79 0.017204
74 80 0.015180
74 81 0.040201
74 82 0.016736
74 83 0.019704
74 84 0.016529
74 85 0.016260
74 86 0.066667
74 87 0.017429
74 88 0.025157
74 89 0.019048
74 90 0.019139
74 91 0.017738
74 92 0.015656
74 93 0.030189
74 94 0.016667
74 95 0.016667
74 96 0.021333
74 97 0.040000
74 98 0.016327
74 99 0.017316
75 76 0.021680
75 77 0.027682
75 78 0.056738
75 79 0.026936
75 80 0.025559
75 81 0.097561
75 82 0.033755
75 83 0.030189
75 84 0.028369
75 85 0.027304
75 86 0.054054
75 87 0.032000
75 88 0.042105
75 89 0.043011
75 90 0.044444
75 91 0.023055
75 92 0.030189
75 93 0.400000
75 94 0.024024
75 95 0.031746
75 96 0.040404
75 97 0.053333
75 98 0.021798
75 99 0.025078
76 77 0.027027
76 78 0.016736
76 79 0.020997
76 80 0.039409
76 81 0.018433
76 82 0.056738
76 83 0.019139
76 84 0.026490
76 85 0.032258
76 86 0.015842
76 87 0.028169
76 88 0.018824
76 89 0.033755
76 90 0.034783
76 91 0.018059
76 92 0.072727
76 93 0.022923
76 94 0.021858
76 95 0.035242
76 96 0.025237
76 97 0.016598
76 98 0.019093
76 99 0.018605
77 78 0.018648
77 79 0.015717
77 80 0.080808
77 81 0.021680
77 82 0.041026
77 83 0.015779
77 84 0.017660
77 85 0.163265
77 86 0.022792
77 87 0.019093
77 88 0.017467
77 89 0.024169
77 90 0.025237
77 91 0.054054
77 92 0.029740
77 93 0.028777
77 94 0.108108
77 95 0.021108
77 96 0.082474
77 97 0.018223
77 98 0.062992
77 99 0.014572
78 79 0.029304
78 80 0.017738
78 81 0.133333
78 82 0.022222
78 83 0.037209
78 84 0.027027
78 85 0.018476
78 86 0.047059
78 87 0.029091
78 88 0.063492
78 89 0.031496
78 90 0.031250
78 91 0.016949
78 92 0.021680
78 93 0.051613
78 94 0.017058
78 95 0.026316
78 96 0.023810
78 97 0.615385
78 98 0.016064
78 99 0.029520
79 80 0.016842
79 81 0.028369
79 82 0.023460
79 83 0.117647
79 84 0.100000
79 85 0.016461
79 86 0.019093
79 87 0.079208
79 88 0.054054
79 89 0.044199
79 90 0.041026
79 91 0.013008
79 92 0.027304
79 93 0.027491
79 94 0.013937
79 95 0.051282
79 96 0.017897
79 97 0.030075
79 98 0.012882
79 99 0.156863
80 81 0.020305
80 82 0.058824
80 83 0.016461
80 84 0.019560
80 85 0.156863
80 86 0.019608
80 87 0.021164
80 88 0.017660
80 89 0.027119
80 90 0.028470
80 91 0.032787
80 92 0.039801
80 93 0.026846
80 94 0.048485
80 95 0.024242
80 96 0.049689
80 97 0.017391
80 98 0.036866
80 99 0.015414
81 82 0.025806
81 83 0.034335
81 84 0.027778
81 85 0.021390
81 86 0.057971
81 87 0.030534
81 88 0.054795
81 89 0.035874
81 90 0.036036
81 91 0.019277
81 92 0.024540
81 93 0.082474
81 94 0.019560
81 95 0.028470
81 96 0.028986
81 97 0.112676
81 98 0.018223
81 99 0.027491
82 83 0.022409
82 84 0.029197
82 85 0.050633
82 86 0.021798
82 87 0.032922
82 88 0.023810
82 89 0.049080
82 90 0.053333
82 91 0.023952
82 92 0.106667
82 93 0.036697
82 94 0.029851
82 95 0.041237
82 96 0.043011
82 97 0.021858
82 98 0.024845
82 99 0.020725
83 84 0.060606
83 85 0.016327
83 86 0.021563
83 87 0.058394
83 88 0.088889
83 89 0.041026
83 90 0.038462
83 91 0.013333
83 92 0.024922
83 93 0.030534
83 94 0.014085
83 95 0.041451
83 96 0.018391
83 97 0.038647
83 98 0.013093
83 99 0.137931
84 85 0.018824
84 86 0.019093
84 87 0.222222
84 88 0.043478
84 89 0.064516
84 90 0.057971
84 91 0.014035
84 92 0.036530
84 93 0.029520
84 94 0.015326
84 95 0.097561
84 96 0.019950
84 97 0.027397
84 98 0.014011
84 99 0.061538
85 86 0.021505
85 87 0.020408
85 88 0.017857
85 89 0.026144
85 90 0.027491
85 91 0.040816
85 92 0.034783
85 93 0.028674
85 94 0.067797
85 95 0.022989
85 96 0.067227
85 97 0.018100
85 98 0.046512
85 99 0.015152
86 87 0.020513
86 88 0.028269
86 89 0.024024
86 90 0.024390
86 91 0.023188
86 92 0.019656
86 93 0.048193
86 94 0.021858
86 95 0.020101
86 96 0.031250
86 97 0.044199
86 98 0.020997
86 99 0.018692
87 88 0.046512
87 89 0.089888
87 90 0.077670
87 91 0.014981
87 92 0.041451
87 93 0.033613
87 94 0.016427
87 95 0.137931
87 96 0.021858
87 97 0.029412
87 98 0.014925
87 99 0.053691
88 89 0.042553
88 90 0.040816
88 91 0.014953
88 92 0.025157
88 93 0.041667
88 94 0.015625
88 95 0.037037
88 96 0.021277
88 97 0.067797
88 98 0.014519
88 99 0.054422
89 90 0.533333
89 91 0.017937
89 92 0.060606
89 93 0.047059
89 94 0.020101
89 95 0.117647
89 96 0.028777
89 97 0.031373
89 98 0.017897
89 99 0.035556
90 91 0.018519
90 92 0.065041
90 93 0.048780
90 94 0.020833
90 95 0.103896
90 96 0.030303
90 97 0.031008
90 98 0.018476
90 99 0.033613
91 92 0.019608
91 93 0.023324
91 94 0.096386
91 95 0.015905
91 96 0.047337
91 97 0.016529
91 98 0.166667
91 99 0.012346
92 93 0.032520
92 94 0.023392
92 95 0.057971
92 96 0.031250
92 97 0.021448
92 98 0.020202
92 99 0.023392
93 94 0.024615
93 95 0.033755
93 96 0.042328
93 97 0.048780
93 98 0.022161
93 99 0.025397
94 95 0.017778
94 96 0.058824
94 97 0.016701
94 98 0.148148
94 99 0.013072
95 96 0.023810
95 97 0.026316
95 98 0.016000
95 99 0.038835
96 97 0.023121
96 98 0.045455
96 99 0.016632
97 98 0.015717
97 99 0.030418
98 99 0.012177
