100 4950
0 1 0.012376
0 2 0.017007
0 3 0.016026
0 4 0.051020
0 5 0.023923
0 6 0.011416
0 7 0.025773
0 8 0.019011
0 9 0.014577
0 10 0.046729
0 11 0.011628
0 12 0.016287
0 13 0.032051
0 14 0.013441
0 15 0.027473
0 16 0.020161
0 17 0.022936
0 18 0.012346
0 19 0.011261
0 20 0.029070
0 21 0.024510
0 22 0.020243
0 23 0.012821
0 24 0.011820
0 25 0.075758
0 26 0.018727
0 27 0.011990
0 28 0.026178
0 29 0.017007
0 30 0.011962
0 31 0.020243
0 32 0.012920
0 33 0.040650
0 34 0.032258
0 35 0.010482
0 36 0.011062
0 37 0.060241
0 38 0.012821
0 39 0.096154
0 40 0.023474
0 41 0.019841
0 42 0.021834
0 43 0.012626
0 44 0.012723
0 45 0.016077
0 46 0.010661
0 47 0.023148
0 48 0.016667
0 49 0.014970
0 50 0.012563
0 51 0.059524
0 52 0.050000
0 53 0.030120
0 54 0.017241
0 55 0.048544
0 56 0.018182
0 57 0.011792
0 58 0.026596
0 59 0.010941
0 60 0.014124
0 61 0.042373
0 62 0.034722
0 63 0.032051
0 64 0.018382
0 65 0.009921
0 66 0.010941
0 67 0.010040
0 68 0.010267
0 69 0.012626
0 70 0.030675
0 71 0.010417
0 72 0.014535
0 73 0.015291
0 74 0.041322
0 75 0.012563
0 76 0.011236
0 77 0.013889
0 78 0.015528
0 79 0.023923
0 80 0.015873
0 81 0.016393
0 82 0.028736
0 83 0.016502
0 84 0.014881
0 85 0.024631
0 86 0.031847
0 87 0.011086
0 88 0.011186
0 89 0.012165
0 90 0.017007
0 91 0.020661
0 92 0.010163
0 93 0.013158
0 94 0.024510
0 95 0.030864
0 96 0.012563
0 97 0.010638
0 98 0.016181
0 99 0.046296
1 2 0.020408
1 3 0.019011
1 4 0.015432
1 5 0.024876
1 6 0.061728
1 7 0.019380
1 8 0.013550
1 9 0.047619
1 10 0.012019
1 11 0.050505
1 12 0.023256
1 13 0.012920
1 14 0.080645
1 15 0.022222
1 16 0.025000
1 17 0.012376
1 18 0.038462
1 19 0.121951
1 20 0.013055
1 21 0.024752
1 22 0.020747
1 23 0.017422
1 24 0.131579
1 25 0.014164
1 26 0.014881
1 27 0.014706
1 28 0.019305
1 29 0.022624
1 30 0.071429
1 31 0.015576
1 32 0.147059
1 33 0.011905
1 34 0.019763
1 35 0.027933
1 36 0.042373
1 37 0.015528
1 38 0.038462
1 39 0.012136
1 40 0.017301
1 41 0.012469
1 42 0.027933
1 43 0.104167
1 44 0.021552
1 45 0.049020
1 46 0.064935
1 47 0.013369
1 48 0.010060
1 49 0.053191
1 50 0.037313
1 51 0.015060
1 52 0.016287
1 53 0.020747
1 54 0.020661
1 55 0.016340
1 56 0.012755
1 57 0.050505
1 58 0.022523
1 59 0.026596
1 60 0.034483
1 61 0.014006
1 62 0.012788
1 63 0.011765
1 64 0.012346
1 65 0.017007
1 66 0.028409
1 67 0.029762
1 68 0.047619
1 69 0.034722
1 70 0.019305
1 71 0.031646
1 72 0.074627
1 73 0.012887
1 74 0.012346
1 75 0.081967
1 76 0.016667
1 77 0.012107
1 78 0.037879
1 79 0.015291
1 80 0.031250
1 81 0.010965
1 82 0.020833
1 83 0.010183
1 84 0.069444
1 85 0.022222
1 86 0.012594
1 87 0.090909
1 88 0.019608
1 89 0.125000
1 90 0.010309
1 91 0.018182
1 92 0.024876
1 93 0.080645
1 94 0.016502
1 95 0.012821
1 96 0.029762
1 97 0.025773
1 98 0.031056
1 99 0.012165
2 3 0.013158
2 4 0.018315
2 5 0.023256
2 6 0.015576
2 7 0.017544
2 8 0.011710
2 9 0.035461
2 10 0.013624
2 11 0.015152
2 12 0.014749
2 13 0.013298
2 14 0.027027
2 15 0.024272
2 16 0.060976
2 17 0.011765
2 18 0.014706
2 19 0.018315
2 20 0.027933
2 21 0.030303
2 22 0.015873
2 23 0.011287
2 24 0.021277
2 25 0.017730
2 26 0.012315
2 27 0.010142
2 28 0.046729
2 29 0.192308
2 30 0.016502
2 31 0.013055
2 32 0.023474
2 33 0.013193
2 34 0.023041
2 35 0.012225
2 36 0.023474
2 37 0.020661
2 38 0.015106
2 39 0.018450
2 40 0.058140
2 41 0.011287
2 42 0.032468
2 43 0.024272
2 44 0.012285
2 45 0.031250
2 46 0.015576
2 47 0.012407
2 48 0.009470
2 49 0.019763
2 50 0.014749
2 51 0.018657
2 52 0.024155
2 53 0.029070
2 54 0.014327
2 55 0.024752
2 56 0.011111
2 57 0.015244
2 58 0.032680
2 59 0.027322
2 60 0.015773
2 61 0.026316
2 62 0.024876
2 63 0.012438
2 64 0.010941
2 65 0.009960
2 66 0.026738
2 67 0.012285
2 68 0.014286
2 69 0.014493
2 70 0.034247
2 71 0.012690
2 72 0.021739
2 73 0.010482
2 74 0.013587
2 75 0.017544
2 76 0.010417
2 77 0.009785
2 78 0.043860
2 79 0.013774
2 80 0.058140
2 81 0.009862
2 82 0.021739
2 83 0.009488
2 84 0.026738
2 85 0.042735
2 86 0.013021
2 87 0.019157
2 88 0.011111
2 89 0.017986
2 90 0.009653
2 91 0.087719
2 92 0.022936
2 93 0.026738
2 94 0.050000
2 95 0.013089
2 96 0.013774
2 97 0.011990
2 98 0.017065
2 99 0.020921
3 4 0.023148
3 5 0.029412
3 6 0.021459
3 7 0.040000
3 8 0.040984
3 9 0.016892
3 10 0.019685
3 11 0.023810
3 12 0.102041
3 13 0.025381
3 14 0.017544
3 15 0.026316
3 16 0.016722
3 17 0.027933
3 18 0.030303
3 19 0.017123
3 20 0.012315
3 21 0.022624
3 22 0.067568
3 23 0.063291
3 24 0.016667
3 25 0.020325
3 26 0.056818
3 27 0.042373
3 28 0.016181
3 29 0.013928
3 30 0.022624
3 31 0.056818
3 32 0.018248
3 33 0.020161
3 34 0.025253
3 35 0.023810
3 36 0.013369
3 37 0.020243
3 38 0.032468
3 39 0.014286
3 40 0.013966
3 41 0.031250
3 42 0.022026
3 43 0.017007
3 44 0.054348
3 45 0.020080
3 46 0.017857
3 47 0.033113
3 48 0.020080
3 49 0.028902
3 50 0.031847
3 51 0.021645
3 52 0.018868
3 53 0.021277
3 54 0.156250
3 55 0.018657
3 56 0.035461
3 57 0.024390
3 58 0.020661
3 59 0.011655
3 60 0.040650
3 61 0.014327
3 62 0.012690
3 63 0.021459
3 64 0.032051
3 65 0.025510
3 66 0.011905
3 67 0.020661
3 68 0.017986
3 69 0.033557
3 70 0.018248
3 71 0.022124
3 72 0.024155
3 73 0.039683
3 74 0.021277
3 75 0.023585
3 76 0.037313
3 77 0.033113
3 78 0.016502
3 79 0.042373
3 80 0.015480
3 81 0.024752
3 82 0.028736
3 83 0.020661
3 84 0.020492
3 85 0.018116
3 86 0.024272
3 87 0.015873
3 88 0.035211
3 89 0.021008
3 90 0.021097
3 91 0.013624
3 92 0.011062
3 93 0.017065
3 94 0.013736
3 95 0.025381
3 96 0.037594
3 97 0.025907
3 98 0.047170
3 99 0.012953
4 5 0.040323
4 6 0.014327
4 7 0.051546
4 8 0.026738
4 9 0.017794
4 10 0.050505
4 11 0.014793
4 12 0.023923
4 13 0.047170
4 14 0.016556
4 15 0.049020
4 16 0.024272
4 17 0.030864
4 18 0.016129
4 19 0.013736
4 20 0.023364
4 21 0.036765
4 22 0.033333
4 23 0.016949
4 24 0.014368
4 25 0.151515
4 26 0.027322
4 27 0.015337
4 28 0.029586
4 29 0.018939
4 30 0.015198
4 31 0.031056
4 32 0.016026
4 33 0.045872
4 34 0.067568
4 35 0.013123
4 36 0.012853
4 37 0.121951
4 38 0.016892
4 39 0.037313
4 40 0.023923
4 41 0.026596
4 42 0.030864
4 43 0.015432
4 44 0.016892
4 45 0.020747
4 46 0.013055
4 47 0.033784
4 48 0.019157
4 49 0.020325
4 50 0.016447
4 51 0.312500
4 52 0.067568
4 53 0.046729
4 54 0.025907
4 55 0.062500
4 56 0.024272
4 57 0.015060
4 58 0.038168
4 59 0.012225
4 60 0.019305
4 61 0.032895
4 62 0.025773
4 63 0.038462
4 64 0.024155
4 65 0.012285
4 66 0.012315
4 67 0.012407
4 68 0.012563
4 69 0.016611
4 70 0.039062
4 71 0.012987
4 72 0.019157
4 73 0.020000
4 74 0.052083
4 75 0.016129
4 76 0.014286
4 77 0.017544
4 78 0.018797
4 79 0.040000
4 80 0.018727
4 81 0.019920
4 82 0.058140
4 83 0.019157
4 84 0.019157
4 85 0.031250
4 86 0.044248
4 87 0.013369
4 88 0.014286
4 89 0.015337
4 90 0.019841
4 91 0.021552
4 92 0.011312
4 93 0.016077
4 94 0.024272
4 95 0.044643
4 96 0.016611
4 97 0.013405
4 98 0.023474
4 99 0.028571
5 6 0.021739
5 7 0.065789
5 8 0.023041
5 9 0.029240
5 10 0.023148
5 11 0.022624
5 12 0.036496
5 13 0.025510
5 14 0.027174
5 15 0.172414
5 16 0.037313
5 17 0.021834
5 18 0.024876
5 19 0.020747
5 20 0.020243
5 21 0.096154
5 22 0.049505
5 23 0.020661
5 24 0.022124
5 25 0.032680
5 26 0.025907
5 27 0.017422
5 28 0.035714
5 29 0.025381
5 30 0.023923
5 31 0.029240
5 32 0.026316
5 33 0.022523
5 34 0.090909
5 35 0.018116
5 36 0.018182
5 37 0.039370
5 38 0.026738
5 39 0.021930
5 40 0.026455
5 41 0.020921
5 42 0.079365
5 43 0.024510
5 44 0.022727
5 45 0.040000
5 46 0.019157
5 47 0.024752
5 48 0.015106
5 49 0.039683
5 50 0.025641
5 51 0.037879
5 52 0.040650
5 53 0.071429
5 54 0.035971
5 55 0.040000
5 56 0.020747
5 57 0.023148
5 58 0.069444
5 59 0.016287
5 60 0.032468
5 61 0.025253
5 62 0.020747
5 63 0.021645
5 64 0.020000
5 65 0.015198
5 66 0.016611
5 67 0.017123
5 68 0.017986
5 69 0.025641
5 70 0.046296
5 71 0.018182
5 72 0.036232
5 73 0.019011
5 74 0.024155
5 75 0.026455
5 76 0.017361
5 77 0.016835
5 78 0.030675
5 79 0.032051
5 80 0.028736
5 81 0.016556
5 82 0.128205
5 83 0.015244
5 84 0.035461
5 85 0.046729
5 86 0.024272
5 87 0.019841
5 88 0.018382
5 89 0.024510
5 90 0.015674
5 91 0.025253
5 92 0.014837
5 93 0.025907
5 94 0.025641
5 95 0.025000
5 96 0.024752
5 97 0.018382
5 98 0.044643
5 99 0.020408
6 7 0.018727
6 8 0.014245
6 9 0.027473
6 10 0.011601
6 11 0.192308
6 12 0.026316
6 13 0.012788
6 14 0.035461
6 15 0.019455
6 16 0.018797
6 17 0.012594
6 18 0.070423
6 19 0.062500
6 20 0.011261
6 21 0.020243
6 22 0.021368
6 23 0.021277
6 24 0.045045
6 25 0.013158
6 26 0.015823
6 27 0.017544
6 28 0.015674
6 29 0.016892
6 30 0.227273
6 31 0.016287
6 32 0.043860
6 33 0.011574
6 34 0.017606
6 35 0.050000
6 36 0.026455
6 37 0.014045
6 38 0.063291
6 39 0.011013
6 40 0.014085
6 41 0.012953
6 42 0.021930
6 43 0.038760
6 44 0.028090
6 45 0.029940
6 46 0.104167
6 47 0.013661
6 48 0.010438
6 49 0.048077
6 50 0.063291
6 51 0.013928
6 52 0.014327
6 53 0.017544
6 54 0.022624
6 55 0.014327
6 56 0.013441
6 57 0.166667
6 58 0.018519
6 59 0.018939
6 60 0.044643
6 61 0.012195
6 62 0.011161
6 63 0.011601
6 64 0.012953
6 65 0.022831
6 66 0.019920
6 67 0.056818
6 68 0.098039
6 69 0.056818
6 70 0.016129
6 71 0.064103
6 72 0.048544
6 73 0.014045
6 74 0.011990
6 75 0.116279
6 76 0.021097
6 77 0.013298
6 78 0.024038
6 79 0.015576
6 80 0.021186
6 81 0.011547
6 82 0.018868
6 83 0.010571
6 84 0.036496
6 85 0.017668
6 86 0.012438
6 87 0.046729
6 88 0.026738
6 89 0.113636
6 90 0.010684
6 91 0.014493
6 92 0.018382
6 93 0.035211
6 94 0.013587
6 95 0.012690
6 96 0.045045
6 97 0.043103
6 98 0.033784
6 99 0.010799
7 8 0.034965
7 9 0.020576
7 10 0.030303
7 11 0.019841
7 12 0.044248
7 13 0.038462
7 14 0.019920
7 15 0.063291
7 16 0.024390
7 17 0.032258
7 18 0.022727
7 19 0.016892
7 20 0.017668
7 21 0.041322
7 22 0.092593
7 23 0.024510
7 24 0.017422
7 25 0.039062
7 26 0.040984
7 27 0.020747
7 28 0.025381
7 29 0.018587
7 30 0.020161
7 31 0.050505
7 32 0.019763
7 33 0.030120
7 34 0.064935
7 35 0.017361
7 36 0.014535
7 37 0.040650
7 38 0.024390
7 39 0.021930
7 40 0.020325
7 41 0.030488
7 42 0.036496
7 43 0.018587
7 44 0.025000
7 45 0.025510
7 46 0.016340
7 47 0.039370
7 48 0.019531
7 49 0.029586
7 50 0.023585
7 51 0.045045
7 52 0.035714
7 53 0.041667
7 54 0.050505
7 55 0.034722
7 56 0.029940
7 57 0.020325
7 58 0.037313
7 59 0.013158
7 60 0.029940
7 61 0.022222
7 62 0.018519
7 63 0.029762
7 64 0.028571
7 65 0.016026
7 66 0.013369
7 67 0.016026
7 68 0.015773
7 69 0.023923
7 70 0.031646
7 71 0.017007
7 72 0.026042
7 73 0.025773
7 74 0.033113
7 75 0.021739
7 76 0.019455
7 77 0.021930
7 78 0.021008
7 79 0.061728
7 80 0.020080
7 81 0.022026
7 82 0.087719
7 83 0.019763
7 84 0.024155
7 85 0.029240
7 86 0.035714
7 87 0.016077
7 88 0.019608
7 89 0.019920
7 90 0.020408
7 91 0.019231
7 92 0.012195
7 93 0.019231
7 94 0.020080
7 95 0.037594
7 96 0.024155
7 97 0.017986
7 98 0.040650
7 99 0.019157
8 9 0.013228
8 10 0.028902
8 11 0.015198
8 12 0.031056
8 13 0.044643
8 14 0.013228
8 15 0.022624
8 16 0.014368
8 17 0.076923
8 18 0.017483
8 19 0.012438
8 20 0.012500
8 21 0.019011
8 22 0.038168
8 23 0.029070
8 24 0.012376
8 25 0.024272
8 26 0.142857
8 27 0.028571
8 28 0.014925
8 29 0.012165
8 30 0.014837
8 31 0.102041
8 32 0.013405
8 33 0.031056
8 34 0.023474
8 35 0.015106
8 36 0.010638
8 37 0.022026
8 38 0.018248
8 39 0.016129
8 40 0.013089
8 41 0.128205
8 42 0.017857
8 43 0.012755
8 44 0.023923
8 45 0.015152
8 46 0.012594
8 47 0.102041
8 48 0.038760
8 49 0.018182
8 50 0.018051
8 51 0.024876
8 52 0.019380
8 53 0.019380
8 54 0.038462
8 55 0.019011
8 56 0.200000
8 57 0.015432
8 58 0.018182
8 59 0.009690
8 60 0.020921
8 61 0.014749
8 62 0.013123
8 63 0.036765
8 64 0.135135
8 65 0.016835
8 66 0.009843
8 67 0.013736
8 68 0.012563
8 69 0.018587
8 70 0.017065
8 71 0.014368
8 72 0.016340
8 73 0.076923
8 74 0.032468
8 75 0.015385
8 76 0.022222
8 77 0.051020
8 78 0.013298
8 79 0.075758
8 80 0.012821
8 81 0.056818
8 82 0.025253
8 83 0.040323
8 84 0.014970
8 85 0.016026
8 86 0.043478
8 87 0.011820
8 88 0.019841
8 89 0.014286
8 90 0.042373
8 91 0.012531
8 92 0.009208
8 93 0.012920
8 94 0.013089
8 95 0.046296
8 96 0.019685
8 97 0.015974
8 98 0.023810
8 99 0.013928
9 10 0.013193
9 11 0.025773
9 12 0.020080
9 13 0.013699
9 14 0.113636
9 15 0.027322
9 16 0.046729
9 17 0.012563
9 18 0.023585
9 19 0.037594
9 20 0.017301
9 21 0.034483
9 22 0.020080
9 23 0.014577
9 24 0.051020
9 25 0.016502
9 26 0.014327
9 27 0.012626
9 28 0.029240
9 29 0.042735
9 30 0.030120
9 31 0.015152
9 32 0.069444
9 33 0.012920
9 34 0.024038
9 35 0.018182
9 36 0.045455
9 37 0.018727
9 38 0.024390
9 39 0.014706
9 40 0.026042
9 41 0.012376
9 42 0.041667
9 43 0.074627
9 44 0.016892
9 45 0.102041
9 46 0.027778
9 47 0.013514
9 48 0.010040
9 49 0.037313
9 50 0.023474
9 51 0.017606
9 52 0.020576
9 53 0.027933
9 54 0.018587
9 55 0.020833
9 56 0.012407
9 57 0.026042
9 58 0.032051
9 59 0.036232
9 60 0.024752
9 61 0.018315
9 62 0.016556
9 63 0.012500
9 64 0.012107
9 65 0.013193
9 66 0.038168
9 67 0.018587
9 68 0.023923
9 69 0.022727
9 70 0.027174
9 71 0.019380
9 72 0.048077
9 73 0.012107
9 74 0.013405
9 75 0.033557
9 76 0.013514
9 77 0.011287
9 78 0.172414
9 79 0.015480
9 80 0.089286
9 81 0.010730
9 82 0.024390
9 83 0.010101
9 84 0.086207
9 85 0.034483
9 86 0.013333
9 87 0.039683
9 88 0.015060
9 89 0.035971
9 90 0.010267
9 91 0.028736
9 92 0.029940
9 93 0.104167
9 94 0.024155
9 95 0.013514
9 96 0.020661
9 97 0.017544
9 98 0.025773
9 99 0.015198
10 11 0.012019
10 12 0.018868
10 13 0.080645
10 14 0.012563
10 15 0.025253
10 16 0.016447
10 17 0.042373
10 18 0.013089
10 19 0.010989
10 20 0.018248
10 21 0.021277
10 22 0.024272
10 23 0.015337
10 24 0.011312
10 25 0.058824
10 26 0.026738
10 27 0.014620
10 28 0.019157
10 29 0.013889
10 30 0.012136
10 31 0.028902
10 32 0.012315
10 33 0.294118
10 34 0.029070
10 35 0.011186
10 36 0.010267
10 37 0.039683
10 38 0.013587
10 39 0.031646
10 40 0.016949
10 41 0.032468
10 42 0.019231
10 43 0.011933
10 44 0.014577
10 45 0.014793
10 46 0.010661
10 47 0.040000
10 48 0.025773
10 49 0.015106
10 50 0.013333
10 51 0.050000
10 52 0.031056
10 53 0.024272
10 54 0.020833
10 55 0.030120
10 56 0.027624
10 57 0.012195
10 58 0.021739
10 59 0.009843
10 60 0.015152
10 61 0.023256
10 62 0.020243
10 63 0.100000
10 64 0.028736
10 65 0.011161
10 66 0.009901
10 67 0.010549
10 68 0.010395
10 69 0.013514
10 70 0.022523
10 71 0.010965
10 72 0.014286
10 73 0.021186
10 74 0.250000
10 75 0.012690
10 76 0.013089
10 77 0.018797
10 78 0.013699
10 79 0.036496
10 80 0.013661
10 81 0.024752
10 82 0.028090
10 83 0.025381
10 84 0.014045
10 85 0.019380
10 86 0.086207
10 87 0.010707
10 88 0.012658
10 89 0.012107
10 90 0.026596
10 91 0.015576
10 92 0.009242
10 93 0.012285
10 94 0.017301
10 95 0.075758
10 96 0.013699
10 97 0.011494
10 98 0.017483
10 99 0.023364
11 12 0.029412
11 13 0.013333
11 14 0.032051
11 15 0.020000
11 16 0.018450
11 17 0.013263
11 18 0.106383
11 19 0.048544
11 20 0.011261
11 21 0.020492
11 22 0.023148
11 23 0.023697
11 24 0.038168
11 25 0.013514
11 26 0.016949
11 27 0.019231
11 28 0.015625
11 29 0.016393
11 30 0.166667
11 31 0.017422
11 32 0.038760
11 33 0.011990
11 34 0.018116
11 35 0.060976
11 36 0.023697
11 37 0.014409
11 38 0.089286
11 39 0.011161
11 40 0.013928
11 41 0.013661
11 42 0.022026
11 43 0.034247
11 44 0.032680
11 45 0.028902
11 46 0.068493
11 47 0.014409
11 48 0.010917
11 49 0.051020
11 50 0.090909
11 51 0.014327
11 52 0.014577
11 53 0.017857
11 54 0.025000
11 55 0.014577
11 56 0.014286
11 57 0.714286
11 58 0.018657
11 59 0.017606
11 60 0.054348
11 61 0.012255
11 62 0.011186
11 63 0.012077
11 64 0.013699
11 65 0.025381
11 66 0.018382
11 67 0.063291
11 68 0.072464
11 69 0.078125
11 70 0.016234
11 71 0.076923
11 72 0.047619
11 73 0.015015
11 74 0.012438
11 75 0.108696
11 76 0.023585
11 77 0.014205
11 78 0.022936
11 79 0.016502
11 80 0.020243
11 81 0.012165
11 82 0.019531
11 83 0.011086
11 84 0.034722
11 85 0.017668
11 86 0.012987
11 87 0.038462
11 88 0.030675
11 89 0.083333
11 90 0.011211
11 91 0.014245
11 92 0.017007
11 93 0.031646
11 94 0.013477
11 95 0.013263
11 96 0.058140
11 97 0.052083
11 98 0.037879
11 99 0.010870
12 13 0.023256
12 14 0.021186
12 15 0.031056
12 16 0.019305
12 17 0.023923
12 18 0.039370
12 19 0.020408
12 20 0.013123
12 21 0.026882
12 22 0.081967
12 23 0.047170
12 24 0.019841
12 25 0.020747
12 26 0.039683
12 27 0.032258
12 28 0.018116
12 29 0.015773
12 30 0.028249
12 31 0.042735
12 32 0.022222
12 33 0.019157
12 34 0.028736
12 35 0.027174
12 36 0.015385
12 37 0.021368
12 38 0.043478
12 39 0.014749
12 40 0.015432
12 41 0.025381
12 42 0.026738
12 43 0.020408
12 44 0.056818
12 45 0.024752
12 46 0.021097
12 47 0.027933
12 48 0.017301
12 49 0.040323
12 50 0.042017
12 51 0.022422
12 52 0.020325
12 53 0.024390
12 54 0.161290
12 55 0.020161
12 56 0.027473
12 57 0.030488
12 58 0.024038
12 59 0.013123
12 60 0.063291
12 61 0.015244
12 62 0.013441
12 63 0.019763
12 64 0.025510
12 65 0.025000
12 66 0.013477
12 67 0.023474
12 68 0.021008
12 69 0.044643
12 70 0.020492
12 71 0.025510
12 72 0.031646
12 73 0.028736
12 74 0.020243
12 75 0.030120
12 76 0.032895
12 77 0.025000
12 78 0.019531
12 79 0.036232
12 80 0.018051
12 81 0.020408
12 82 0.033333
12 83 0.017668
12 84 0.025641
12 85 0.020747
12 86 0.022321
12 87 0.018727
12 88 0.034965
12 89 0.026042
12 90 0.017986
12 91 0.015106
12 92 0.012407
12 93 0.020492
12 94 0.015106
12 95 0.023148
12 96 0.049020
12 97 0.029240
12 98 0.087719
12 99 0.013550
13 14 0.013228
13 15 0.027027
13 16 0.016393
13 17 0.079365
13 18 0.014793
13 19 0.011765
13 20 0.016077
13 21 0.022124
13 22 0.031250
13 23 0.018727
13 24 0.012019
13 25 0.045045
13 26 0.039683
13 27 0.017794
13 28 0.018315
13 29 0.013661
13 30 0.013369
13 31 0.044248
13 32 0.013089
13 33 0.096154
13 34 0.030488
13 35 0.012563
13 36 0.010638
13 37 0.034965
13 38 0.015432
13 39 0.024272
13 40 0.015924
13 41 0.052083
13 42 0.020080
13 43 0.012594
13 44 0.017361
13 45 0.015625
13 46 0.011547
13 47 0.079365
13 48 0.032051
13 49 0.016835
13 50 0.015152
13 51 0.043478
13 52 0.027933
13 53 0.024272
13 54 0.026596
13 55 0.027174
13 56 0.041322
13 57 0.013550
13 58 0.021930
13 59 0.010020
13 60 0.017483
13 61 0.020080
13 62 0.017422
13 63 0.125000
13 64 0.042735
13 65 0.012821
13 66 0.010101
13 67 0.011737
13 68 0.011338
13 69 0.015432
13 70 0.021645
13 71 0.012225
13 72 0.015576
13 73 0.028571
13 74 0.119048
13 75 0.014006
13 76 0.015480
13 77 0.024272
13 78 0.014085
13 79 0.062500
13 80 0.013850
13 81 0.032895
13 82 0.030864
13 83 0.031847
13 84 0.014970
13 85 0.019157
13 86 0.454545
13 87 0.011364
13 88 0.014749
13 89 0.013193
13 90 0.033784
13 91 0.014837
13 92 0.009434
13 93 0.012920
13 94 0.016077
13 95 0.714286
13 96 0.015823
13 97 0.013021
13 98 0.020492
13 99 0.019305
14 15 0.024876
14 16 0.034014
14 17 0.012346
14 18 0.027778
14 19 0.055556
14 20 0.015106
14 21 0.029412
14 22 0.020243
14 23 0.015480
14 24 0.089286
14 25 0.015291
14 26 0.014409
14 27 0.013298
14 28 0.023810
14 29 0.031250
14 30 0.039370
14 31 0.015198
14 32 0.172414
14 33 0.012346
14 34 0.021930
14 35 0.021097
14 36 0.053763
14 37 0.017065
14 38 0.028571
14 39 0.013405
14 40 0.021368
14 41 0.012285
14 42 0.034722
14 43 0.200000
14 44 0.018382
14 45 0.080645
14 46 0.036496
14 47 0.013333
14 48 0.009960
14 49 0.043860
14 50 0.027473
14 51 0.016287
14 52 0.018315
14 53 0.024155
14 54 0.019231
14 55 0.018450
14 56 0.012438
14 57 0.032258
14 58 0.027027
14 59 0.034483
14 60 0.027933
14 61 0.016077
14 62 0.014620
14 63 0.012077
14 64 0.012077
14 65 0.014409
14 66 0.036765
14 67 0.021834
14 68 0.030120
14 69 0.026316
14 70 0.023041
14 71 0.022936
14 72 0.062500
14 73 0.012285
14 74 0.012821
14 75 0.044248
14 76 0.014535
14 77 0.011494
14 78 0.068493
14 79 0.015244
14 80 0.050000
14 81 0.010730
14 82 0.022624
14 83 0.010040
14 84 0.108696
14 85 0.027778
14 86 0.012887
14 87 0.059524
14 88 0.016502
14 89 0.051020
14 90 0.010183
14 91 0.022936
14 92 0.029940
14 93 0.555556
14 94 0.020080
14 95 0.013089
14 96 0.023474
14 97 0.020000
14 98 0.027778
14 99 0.013661
15 16 0.039062
15 17 0.022222
15 18 0.021739
15 19 0.018868
15 20 0.022624
15 21 0.113636
15 22 0.042735
15 23 0.018939
15 24 0.020243
15 25 0.038760
15 26 0.024876
15 27 0.016287
15 28 0.041322
15 29 0.026178
15 30 0.021186
15 31 0.028090
15 32 0.023697
15 33 0.024390
15 34 0.172414
15 35 0.016393
15 36 0.017241
15 37 0.050000
15 38 0.023256
15 39 0.025126
15 40 0.029412
15 41 0.020921
15 42 0.076923
15 43 0.022422
15 44 0.020325
15 45 0.035714
15 46 0.017422
15 47 0.025000
15 48 0.015244
15 49 0.032680
15 50 0.022321
15 51 0.046296
15 52 0.052632
15 53 0.111111
15 54 0.031447
15 55 0.052083
15 56 0.020408
15 57 0.020492
15 58 0.090909
15 59 0.015873
15 60 0.027322
15 61 0.029412
15 62 0.023364
15 63 0.022936
15 64 0.019841
15 65 0.014045
15 66 0.016077
15 67 0.015576
15 68 0.016393
15 69 0.022321
15 70 0.059524
15 71 0.016447
15 72 0.030675
15 73 0.018382
15 74 0.026178
15 75 0.023148
15 76 0.016026
15 77 0.016287
15 78 0.029240
15 79 0.031847
15 80 0.028249
15 81 0.016502
15 82 0.200000
15 83 0.015385
15 84 0.031250
15 85 0.054348
15 86 0.025641
15 87 0.018248
15 88 0.016779
15 89 0.021739
15 90 0.015773
15 91 0.027473
15 92 0.014409
15 93 0.023810
15 94 0.028736
15 95 0.026316
15 96 0.021739
15 97 0.016611
15 98 0.035714
15 99 0.023041
16 17 0.014245
16 18 0.018315
16 19 0.021277
16 20 0.027174
16 21 0.058824
16 22 0.021368
16 23 0.013736
16 24 0.024631
16 25 0.022624
16 26 0.015337
16 27 0.012107
16 28 0.076923
16 29 0.078125
16 30 0.020243
16 31 0.016502
16 32 0.029240
16 33 0.015873
16 34 0.034965
16 35 0.014451
16 36 0.023810
16 37 0.027624
16 38 0.019084
16 39 0.021008
16 40 0.056180
16 41 0.013661
16 42 0.068493
16 43 0.029070
16 44 0.015152
16 45 0.050000
16 46 0.018051
16 47 0.015291
16 48 0.011038
16 49 0.027174
16 50 0.018450
16 51 0.024390
16 52 0.033113
16 53 0.050000
16 54 0.018657
16 55 0.034014
16 56 0.013441
16 57 0.018727
16 58 0.064935
16 59 0.023923
16 60 0.020492
16 61 0.029940
16 62 0.025641
16 63 0.014970
16 64 0.013193
16 65 0.011628
16 66 0.023923
16 67 0.014327
16 68 0.016502
16 69 0.018116
16 70 0.057471
16 71 0.014925
16 72 0.029940
16 73 0.012626
16 74 0.016556
16 75 0.022124
16 76 0.012407
16 77 0.011628
16 78 0.062500
16 79 0.017606
16 80 0.073529
16 81 0.011628
16 82 0.032895
16 83 0.011086
16 84 0.038168
16 85 0.104167
16 86 0.015924
16 87 0.021645
16 88 0.013298
16 89 0.022124
16 90 0.011287
16 91 0.062500
16 92 0.020492
16 93 0.032680
16 94 0.048544
16 95 0.016077
16 96 0.017123
16 97 0.014245
16 98 0.023256
16 99 0.022422
17 18 0.014881
17 19 0.011364
17 20 0.013441
17 21 0.018657
17 22 0.030303
17 23 0.021186
17 24 0.011442
17 25 0.029070
17 26 0.053763
17 27 0.020833
17 28 0.015337
17 29 0.012107
17 30 0.013123
17 31 0.053763
17 32 0.012376
17 33 0.048077
17 34 0.023923
17 35 0.012887
17 36 0.010060
17 37 0.024752
17 38 0.015480
17 39 0.018587
17 40 0.013550
17 41 0.135135
17 42 0.017361
17 43 0.011876
17 44 0.018657
17 45 0.014245
17 46 0.011338
17 47 0.161290
17 48 0.048544
17 49 0.016026
17 50 0.015244
17 51 0.028902
17 52 0.021186
17 53 0.019685
17 54 0.027933
17 55 0.020747
17 56 0.076923
17 57 0.013477
17 58 0.018248
17 59 0.009346
17 60 0.017483
17 61 0.016129
17 62 0.014327
17 63 0.066667
17 64 0.087719
17 65 0.013850
17 66 0.009452
17 67 0.011933
17 68 0.011236
17 69 0.015625
17 70 0.017668
17 71 0.012438
17 72 0.014749
17 73 0.040984
17 74 0.050000
17 75 0.013624
17 76 0.017241
17 77 0.033557
17 78 0.012755
17 79 0.064103
17 80 0.012469
17 81 0.055556
17 82 0.024876
17 83 0.049020
17 84 0.013889
17 85 0.016181
17 86 0.080645
17 87 0.010917
17 88 0.015924
17 89 0.012821
17 90 0.053763
17 91 0.012821
17 92 0.008865
17 93 0.012077
17 94 0.013624
17 95 0.087719
17 96 0.016234
17 97 0.013477
17 98 0.020000
17 99 0.015576
18 19 0.034722
18 20 0.011442
18 21 0.021552
18 22 0.027933
18 23 0.030303
18 24 0.029940
18 25 0.014577
18 26 0.019920
18 27 0.023148
18 28 0.015873
18 29 0.015873
18 30 0.075758
18 31 0.020492
18 32 0.032051
18 33 0.013089
18 34 0.019685
18 35 0.065789
18 36 0.020243
18 37 0.015432
18 38 0.333333
18 39 0.011682
18 40 0.013966
18 41 0.015528
18 42 0.022831
18 43 0.028571
18 44 0.046296
18 45 0.027624
18 46 0.042017
18 47 0.016340
18 48 0.012107
18 49 0.055556
18 50 0.555556
18 51 0.015480
18 52 0.015432
18 53 0.018797
18 54 0.031847
18 55 0.015385
18 56 0.016340
18 57 0.119048
18 58 0.019455
18 59 0.015773
18 60 0.094340
18 61 0.012658
18 62 0.011468
18 63 0.013263
18 64 0.015625
18 65 0.029762
18 66 0.016393
18 67 0.053763
18 68 0.043860
18 69 0.277778
18 70 0.016779
18 71 0.065789
18 72 0.045045
18 73 0.017422
18 74 0.013624
18 75 0.071429
18 76 0.029240
18 77 0.016340
18 78 0.021552
18 79 0.019011
18 80 0.019231
18 81 0.013661
18 82 0.021552
18 83 0.012285
18 84 0.031847
18 85 0.017986
18 86 0.014368
18 87 0.029240
18 88 0.040000
18 89 0.053191
18 90 0.012438
18 91 0.014164
18 92 0.015152
18 93 0.027174
18 94 0.013550
18 95 0.014706
18 96 0.121951
18 97 0.064103
18 98 0.051020
18 99 0.011236
19 20 0.011962
19 21 0.020661
19 22 0.018116
19 23 0.016287
19 24 0.128205
19 25 0.012723
19 26 0.013587
19 27 0.013928
19 28 0.016892
19 29 0.020080
19 30 0.064103
19 31 0.014085
19 32 0.078125
19 33 0.010893
19 34 0.017065
19 35 0.028249
19 36 0.045045
19 37 0.013812
19 38 0.033784
19 39 0.011086
19 40 0.015480
19 41 0.011494
19 42 0.022936
19 43 0.073529
19 44 0.019920
19 45 0.035714
19 46 0.096154
19 47 0.012195
19 48 0.009434
19 49 0.038760
19 50 0.033333
19 51 0.013441
19 52 0.014409
19 53 0.017794
19 54 0.018248
19 55 0.014451
19 56 0.011765
19 57 0.047619
19 58 0.019157
19 59 0.026738
19 60 0.029412
19 61 0.012658
19 62 0.011682
19 63 0.010799
19 64 0.011416
19 65 0.016722
19 66 0.028736
19 67 0.031646
19 68 0.060241
19 69 0.031250
19 70 0.016835
19 71 0.032680
19 72 0.047619
19 73 0.011990
19 74 0.011261
19 75 0.062500
19 76 0.015924
19 77 0.011338
19 78 0.030864
19 79 0.013774
19 80 0.026596
19 81 0.010246
19 82 0.017921
19 83 0.009524
19 84 0.045045
19 85 0.019011
19 86 0.011494
19 87 0.178571
19 88 0.018797
19 89 0.092593
19 90 0.009634
19 91 0.016287
19 92 0.025907
19 93 0.058140
19 94 0.014837
19 95 0.011682
19 96 0.027174
19 97 0.025641
19 98 0.025907
19 99 0.011111
20 21 0.024272
20 22 0.015015
20 23 0.010352
20 24 0.012953
20 25 0.024876
20 26 0.012723
20 27 0.009560
20 28 0.040000
20 29 0.026042
20 30 0.011820
20 31 0.013514
20 32 0.014085
20 33 0.017241
20 34 0.023923
20 35 0.009747
20 36 0.013055
20 37 0.028736
20 38 0.011792
20 39 0.039370
20 40 0.050505
20 41 0.012469
20 42 0.022831
20 43 0.014085
20 44 0.010730
20 45 0.017794
20 46 0.010917
20 47 0.013850
20 48 0.010776
20 49 0.014327
20 50 0.011547
20 51 0.024876
20 52 0.034483
20 53 0.028090
20 54 0.013263
20 55 0.035461
20 56 0.011933
20 57 0.011364
20 58 0.027473
20 59 0.013850
20 60 0.012594
20 61 0.079365
20 62 0.161290
20 63 0.015576
20 64 0.011905
20 65 0.008681
20 66 0.013699
20 67 0.009579
20 68 0.010331
20 69 0.011494
20 70 0.035461
20 71 0.009881
20 72 0.014620
20 73 0.010823
20 74 0.017606
20 75 0.012438
20 76 0.009381
20 77 0.010060
20 78 0.019157
20 79 0.014837
20 80 0.020747
20 81 0.010846
20 82 0.021459
20 83 0.010730
20 84 0.016026
20 85 0.030864
20 86 0.015873
20 87 0.012077
20 88 0.009634
20 89 0.012346
20 90 0.010965
20 91 0.040323
20 92 0.012626
20 93 0.014881
20 94 0.059524
20 95 0.015773
20 96 0.011236
20 97 0.009747
20 98 0.014006
20 99 0.066667
21 22 0.032895
21 23 0.017182
21 24 0.022727
21 25 0.031447
21 26 0.020661
21 27 0.014837
21 28 0.054945
21 29 0.033784
21 30 0.022124
21 31 0.022936
21 32 0.027174
21 33 0.020576
21 34 0.078125
21 35 0.016234
21 36 0.019685
21 37 0.040650
21 38 0.022936
21 39 0.023810
21 40 0.035971
21 41 0.017730
21 42 0.192308
21 43 0.025907
21 44 0.018868
21 45 0.046296
21 46 0.018450
21 47 0.020576
21 48 0.013477
21 49 0.034247
21 50 0.022026
21 51 0.035971
21 52 0.047170
21 53 0.128205
21 54 0.026316
21 55 0.047619
21 56 0.017422
21 57 0.020921
21 58 0.200000
21 59 0.018182
21 60 0.026178
21 61 0.030303
21 62 0.024390
21 63 0.019305
21 64 0.017007
21 65 0.013441
21 66 0.018450
21 67 0.015674
21 68 0.017123
21 69 0.021834
21 70 0.075758
21 71 0.016502
21 72 0.034247
21 73 0.016026
21 74 0.021834
21 75 0.024390
21 76 0.014881
21 77 0.014451
21 78 0.038168
21 79 0.025000
21 80 0.037037
21 81 0.014451
21 82 0.073529
21 83 0.013587
21 84 0.037594
21 85 0.089286
21 86 0.021186
21 87 0.020161
21 88 0.015823
21 89 0.023364
21 90 0.013889
21 91 0.034014
21 92 0.016287
21 93 0.028090
21 94 0.034014
21 95 0.021552
21 96 0.020833
21 97 0.016287
21 98 0.032680
21 99 0.023148
22 23 0.033113
22 24 0.018248
22 25 0.027624
22 26 0.049505
22 27 0.026178
22 28 0.021097
22 29 0.016949
22 30 0.023041
22 31 0.060241
22 32 0.020576
22 33 0.024510
22 34 0.040323
22 35 0.020661
22 36 0.014706
22 37 0.028249
22 38 0.030303
22 39 0.017794
22 40 0.017422
22 41 0.030864
22 42 0.031056
22 43 0.019157
22 44 0.034014
22 45 0.025000
22 46 0.018051
22 47 0.037037
22 48 0.019455
22 49 0.034014
22 50 0.029240
22 51 0.030488
22 52 0.026042
22 53 0.030864
22 54 0.111111
22 55 0.025510
22 56 0.032258
22 57 0.023810
22 58 0.029240
22 59 0.012953
22 60 0.039370
22 61 0.018116
22 62 0.015576
22 63 0.025126
22 64 0.029940
22 65 0.019380
22 66 0.013228
22 67 0.018587
22 68 0.017668
22 69 0.030303
22 70 0.024876
22 71 0.019920
22 72 0.028409
22 73 0.030120
22 74 0.026455
22 75 0.024631
22 76 0.024510
22 77 0.025126
22 78 0.020080
22 79 0.056818
22 80 0.018797
22 81 0.022831
22 82 0.049505
22 83 0.019841
22 84 0.024631
22 85 0.024155
22 86 0.029412
22 87 0.016949
22 88 0.024876
22 89 0.022124
22 90 0.020408
22 91 0.016779
22 92 0.012136
22 93 0.019531
22 94 0.017182
22 95 0.030864
22 96 0.031250
22 97 0.021739
22 98 0.058140
22 99 0.015924
23 24 0.015385
23 25 0.015432
23 26 0.034722
23 27 0.092593
23 28 0.013123
23 29 0.011876
23 30 0.021739
23 31 0.032468
23 32 0.016340
23 33 0.015723
23 34 0.018248
23 35 0.027778
23 36 0.012407
23 37 0.015337
23 38 0.031250
23 39 0.011655
23 40 0.011628
23 41 0.023923
23 42 0.017065
23 43 0.015337
23 44 0.084746
23 45 0.016722
23 46 0.017668
23 47 0.023585
23 48 0.017668
23 49 0.023810
23 50 0.031646
23 51 0.016129
23 52 0.014577
23 53 0.016181
23 54 0.047170
23 55 0.014451
23 56 0.027322
23 57 0.024155
23 58 0.015974
23 59 0.010707
23 60 0.034722
23 61 0.011710
23 62 0.010593
23 63 0.016667
23 64 0.025253
23 65 0.039683
23 66 0.010941
23 67 0.023148
23 68 0.018382
23 69 0.033784
23 70 0.014368
23 71 0.024631
23 72 0.020576
23 73 0.034722
23 74 0.016340
23 75 0.021834
23 76 0.087719
23 77 0.032895
23 78 0.014124
23 79 0.026455
23 80 0.013263
23 81 0.021645
23 82 0.020000
23 83 0.018182
23 84 0.017483
23 85 0.014451
23 86 0.018248
23 87 0.015015
23 88 0.060241
23 89 0.019608
23 90 0.018315
23 91 0.011468
23 92 0.010288
23 93 0.015198
23 94 0.011468
23 95 0.018868
23 96 0.040000
23 97 0.031646
23 98 0.032895
23 99 0.010776
24 25 0.013333
24 26 0.013477
24 27 0.013263
24 28 0.018868
24 29 0.023585
24 30 0.048544
24 31 0.014045
24 32 0.135135
24 33 0.011186
24 34 0.018182
24 35 0.023810
24 36 0.061728
24 37 0.014620
24 38 0.029940
24 39 0.011737
24 40 0.017301
24 41 0.011494
24 42 0.025641
24 43 0.161290
24 44 0.018519
24 45 0.044248
24 46 0.055556
24 47 0.012285
24 48 0.009416
24 49 0.038760
24 50 0.029240
24 51 0.014124
24 52 0.015432
24 53 0.019380
24 54 0.017921
24 55 0.015528
24 56 0.011710
24 57 0.037879
24 58 0.021186
24 59 0.032468
24 60 0.027473
24 61 0.013661
24 62 0.012594
24 63 0.011013
24 64 0.011364
24 65 0.015244
24 66 0.035461
24 67 0.025773
24 68 0.041322
24 69 0.027624
24 70 0.018450
24 71 0.026882
24 72 0.051020
24 73 0.011765
24 74 0.011574
24 75 0.051546
24 76 0.014837
24 77 0.011111
24 78 0.039370
24 79 0.013928
24 80 0.032895
24 81 0.010183
24 82 0.018939
24 83 0.009506
24 84 0.056818
24 85 0.021368
24 86 0.011710
24 87 0.172414
24 88 0.017182
24 89 0.067568
24 90 0.009634
24 91 0.018382
24 92 0.030303
24 93 0.100000
24 94 0.016447
24 95 0.011905
24 96 0.024390
24 97 0.022124
24 98 0.025381
24 99 0.011876
25 26 0.024272
25 27 0.014164
25 28 0.028409
25 29 0.018116
25 30 0.013889
25 31 0.027027
25 32 0.014749
25 33 0.050505
25 34 0.049505
25 35 0.012077
25 36 0.012136
25 37 0.121951
25 38 0.015244
25 39 0.046729
25 40 0.023697
25 41 0.024752
25 42 0.027027
25 43 0.014286
25 44 0.015291
25 45 0.018797
25 46 0.012077
25 47 0.030675
25 48 0.018868
25 49 0.018051
25 50 0.014881
25 51 0.227273
25 52 0.065789
25 53 0.039683
25 54 0.022321
25 55 0.061728
25 56 0.022523
25 57 0.013736
25 58 0.033333
25 59 0.011682
25 60 0.017182
25 61 0.035971
25 62 0.028090
25 63 0.040000
25 64 0.022624
25 65 0.011416
25 66 0.011737
25 67 0.011494
25 68 0.011655
25 69 0.015015
25 70 0.036232
25 71 0.011962
25 72 0.017241
25 73 0.018519
25 74 0.056180
25 75 0.014706
25 76 0.013158
25 77 0.016447
25 78 0.017483
25 79 0.033784
25 80 0.017544
25 81 0.019157
25 82 0.043478
25 83 0.018797
25 84 0.017361
25 85 0.028736
25 86 0.043478
25 87 0.012438
25 88 0.013089
25 89 0.014045
25 90 0.019455
25 91 0.021097
25 92 0.010846
25 93 0.014881
25 94 0.024272
25 95 0.042735
25 96 0.015015
25 97 0.012346
25 98 0.020408
25 99 0.032680
26 27 0.032051
26 28 0.015723
26 29 0.012853
26 30 0.016556
26 31 0.200000
26 32 0.014663
26 33 0.028090
26 34 0.025510
26 35 0.016835
26 36 0.011390
26 37 0.022624
26 38 0.020921
26 39 0.016026
26 40 0.013661
26 41 0.068493
26 42 0.019531
26 43 0.013889
26 44 0.028409
26 45 0.016611
26 46 0.013812
26 47 0.072464
26 48 0.030488
26 49 0.020661
26 50 0.020576
26 51 0.025253
26 52 0.020080
26 53 0.020747
26 54 0.052083
26 55 0.019763
26 56 0.087719
26 57 0.017301
26 58 0.019531
26 59 0.010288
26 60 0.024510
26 61 0.015060
26 62 0.013333
26 63 0.031847
26 64 0.070423
26 65 0.018587
26 66 0.010438
26 67 0.015152
26 68 0.013774
26 69 0.021277
26 70 0.017986
26 71 0.015924
26 72 0.018248
26 73 0.069444
26 74 0.029762
26 75 0.017182
26 76 0.025126
26 77 0.046729
26 78 0.014327
26 79 0.084746
26 80 0.013736
26 81 0.041322
26 82 0.027933
26 83 0.031646
26 84 0.016502
26 85 0.017065
26 86 0.037879
26 87 0.012853
26 88 0.022624
26 89 0.015823
26 90 0.032895
26 91 0.013089
26 92 0.009766
26 93 0.014085
26 94 0.013587
26 95 0.040323
26 96 0.022727
26 97 0.017857
26 98 0.028409
26 99 0.013966
27 28 0.011737
27 29 0.010616
27 30 0.017794
27 31 0.029070
27 32 0.013928
27 33 0.015015
27 34 0.015873
27 35 0.022727
27 36 0.010965
27 37 0.013889
27 38 0.023585
27 39 0.010893
27 40 0.010526
27 41 0.024038
27 42 0.014663
27 43 0.013193
27 44 0.045872
27 45 0.014245
27 46 0.015060
27 47 0.022624
27 48 0.018727
27 49 0.019011
27 50 0.023923
27 51 0.014663
27 52 0.013158
27 53 0.014205
27 54 0.033784
27 55 0.013021
27 56 0.027778
27 57 0.019455
27 58 0.013966
27 59 0.009597
27 60 0.025253
27 61 0.010753
27 62 0.009804
27 63 0.016129
27 64 0.025907
27 65 0.036496
27 66 0.009804
27 67 0.019531
27 68 0.015674
27 69 0.025126
27 70 0.012788
27 71 0.020408
27 72 0.016892
27 73 0.038760
27 74 0.015480
27 75 0.017794
27 76 0.075758
27 77 0.040000
27 78 0.012315
27 79 0.023810
27 80 0.011655
27 81 0.023256
27 82 0.017182
27 83 0.019305
27 84 0.014749
27 85 0.012723
27 86 0.017422
27 87 0.012987
27 88 0.043860
27 89 0.016340
27 90 0.019380
27 91 0.010352
27 92 0.009276
27 93 0.013089
27 94 0.010395
27 95 0.017921
27 96 0.028409
27 97 0.025381
27 98 0.024510
27 99 0.010020
28 29 0.048544
28 30 0.016779
28 31 0.017007
28 32 0.021552
28 33 0.018315
28 34 0.040650
28 35 0.012821
28 36 0.018248
28 37 0.036765
28 38 0.016502
28 39 0.028571
28 40 0.100000
28 41 0.014451
28 42 0.051546
28 43 0.021277
28 44 0.014045
28 45 0.031847
28 46 0.014970
28 47 0.016393
28 48 0.011710
28 49 0.022124
28 50 0.016026
28 51 0.030675
28 52 0.049505
28 53 0.064103
28 54 0.017986
28 55 0.052083
28 56 0.014006
28 57 0.015823
28 58 0.073529
28 59 0.018657
28 60 0.017921
28 61 0.048544
28 62 0.037594
28 63 0.016835
28 64 0.013812
28 65 0.010823
28 66 0.018587
28 67 0.012563
28 68 0.013928
28 69 0.015873
28 70 0.116279
28 71 0.013089
28 72 0.023041
28 73 0.012821
28 74 0.019084
28 75 0.017986
28 76 0.011737
28 77 0.011792
28 78 0.034483
28 79 0.018587
28 80 0.038168
28 81 0.012195
28 82 0.035461
28 83 0.011737
28 84 0.026596
28 85 0.131579
28 86 0.017794
28 87 0.017007
28 88 0.012315
28 89 0.017794
28 90 0.011990
28 91 0.076923
28 92 0.016502
28 93 0.023148
28 94 0.089286
28 95 0.017921
28 96 0.015291
28 97 0.012755
28 98 0.020661
28 99 0.031646
29 30 0.017986
29 31 0.013661
29 32 0.026596
29 33 0.013441
29 34 0.024510
29 35 0.013021
29 36 0.025773
29 37 0.021277
29 38 0.016340
29 39 0.018248
29 40 0.052632
29 41 0.011655
29 42 0.037037
29 43 0.027473
29 44 0.013055
29 45 0.037037
29 46 0.016892
29 47 0.012853
29 48 0.009690
29 49 0.021930
29 50 0.015873
29 51 0.019157
29 52 0.024752
29 53 0.031056
29 54 0.015244
29 55 0.025253
29 56 0.011494
29 57 0.016556
29 58 0.035971
29 59 0.029240
29 60 0.017065
29 61 0.025510
29 62 0.023585
29 63 0.012723
29 64 0.011312
29 65 0.010460
29 66 0.028571
29 67 0.013089
29 68 0.015385
29 69 0.015625
29 70 0.035971
29 71 0.013550
29 72 0.024390
29 73 0.010893
29 74 0.013889
29 75 0.019231
29 76 0.010941
29 77 0.010142
29 78 0.056180
29 79 0.014368
29 80 0.081967
29 81 0.010142
29 82 0.023256
29 83 0.009728
29 84 0.030864
29 85 0.047619
29 86 0.013369
29 87 0.021008
29 88 0.011737
29 89 0.019763
29 90 0.009901
29 91 0.073529
29 92 0.024155
29 93 0.030675
29 94 0.045455
29 95 0.013441
29 96 0.014749
29 97 0.012755
29 98 0.018519
29 99 0.020243
30 31 0.017123
30 32 0.050000
30 33 0.012107
30 34 0.019011
30 35 0.045045
30 36 0.027322
30 37 0.014925
30 38 0.070423
30 39 0.011547
30 40 0.014925
30 41 0.013441
30 42 0.024155
30 43 0.042735
30 44 0.028902
30 45 0.034014
30 46 0.081967
30 47 0.014286
30 48 0.010753
30 49 0.059524
30 50 0.069444
30 51 0.014749
30 52 0.015244
30 53 0.018939
30 54 0.024155
30 55 0.015244
30 56 0.013966
30 57 0.166667
30 58 0.020080
30 59 0.019531
30 60 0.050505
30 61 0.012853
30 62 0.011710
30 63 0.012107
30 64 0.013441
30 65 0.022124
30 66 0.020576
30 67 0.047619
30 68 0.071429
30 69 0.060976
30 70 0.017301
30 71 0.054348
30 72 0.060976
30 73 0.014451
30 74 0.012563
30 75 0.227273
30 76 0.021186
30 77 0.013624
30 78 0.026178
30 79 0.016393
30 80 0.022831
30 81 0.011876
30 82 0.020408
30 83 0.010893
30 84 0.042373
30 85 0.019084
30 86 0.013021
30 87 0.047619
30 88 0.026455
30 89 0.161290
30 90 0.011013
30 91 0.015385
30 92 0.018727
30 93 0.038760
30 94 0.014368
30 95 0.013298
30 96 0.047170
30 97 0.040000
30 98 0.038168
30 99 0.011312
31 32 0.015385
31 33 0.030303
31 34 0.029070
31 35 0.016892
31 36 0.011848
31 37 0.025253
31 38 0.021645
31 39 0.017182
31 40 0.014620
31 41 0.061728
31 42 0.021459
31 43 0.014577
31 44 0.027933
31 45 0.017794
31 46 0.014205
31 47 0.078125
31 48 0.028409
31 49 0.021930
31 50 0.021186
31 51 0.028571
31 52 0.022222
31 53 0.023041
31 54 0.057471
31 55 0.021739
31 56 0.068493
31 57 0.017794
31 58 0.021552
31 59 0.010707
31 60 0.025641
31 61 0.016181
31 62 0.014205
31 63 0.034014
31 64 0.058824
31 65 0.017986
31 66 0.010870
31 67 0.015291
31 68 0.014085
31 69 0.021834
31 70 0.019685
31 71 0.016129
31 72 0.019380
31 73 0.052083
31 74 0.032680
31 75 0.017921
31 76 0.023810
31 77 0.038168
31 78 0.015244
31 79 0.131579
31 80 0.014577
31 81 0.036496
31 82 0.032258
31 83 0.029240
31 84 0.017544
31 85 0.018587
31 86 0.041322
31 87 0.013333
31 88 0.022026
31 89 0.016447
31 90 0.030488
31 91 0.013966
31 92 0.010121
31 93 0.014793
31 94 0.014535
31 95 0.044643
31 96 0.023148
31 97 0.017921
31 98 0.030675
31 99 0.014925
32 33 0.012165
32 34 0.020921
32 35 0.023697
32 36 0.050000
32 37 0.016340
32 38 0.032680
32 39 0.012788
32 40 0.019305
32 41 0.012376
32 42 0.031447
32 43 0.238095
32 44 0.019763
32 45 0.064103
32 46 0.045872
32 47 0.013369
32 48 0.010000
32 49 0.049020
32 50 0.031447
32 51 0.015723
32 52 0.017361
32 53 0.022523
32 54 0.019920
32 55 0.017422
32 56 0.012594
32 57 0.038760
32 58 0.024876
32 59 0.030675
32 60 0.030864
32 61 0.015060
32 62 0.013699
32 63 0.011933
32 64 0.012225
32 65 0.015480
32 66 0.032895
32 67 0.024876
32 68 0.036232
32 69 0.029762
32 70 0.021186
32 71 0.026178
32 72 0.073529
32 73 0.012563
32 74 0.012626
32 75 0.056818
32 76 0.015432
32 77 0.011765
32 78 0.050000
32 79 0.015291
32 80 0.039370
32 81 0.010846
32 82 0.021930
32 83 0.010101
32 84 0.096154
32 85 0.025000
32 86 0.012755
32 87 0.076923
32 88 0.017857
32 89 0.070423
32 90 0.010246
32 91 0.020492
32 92 0.027778
32 93 0.172414
32 94 0.018248
32 95 0.012953
32 96 0.026042
32 97 0.022321
32 98 0.029586
32 99 0.012920
33 34 0.027778
33 35 0.011236
33 36 0.010121
33 37 0.036232
33 38 0.013624
33 39 0.028736
33 40 0.016181
33 41 0.035714
33 42 0.018657
33 43 0.011765
33 44 0.014793
33 45 0.014535
33 46 0.010616
33 47 0.044248
33 48 0.028090
33 49 0.014970
33 50 0.013369
33 51 0.044643
33 52 0.028736
33 53 0.023148
33 54 0.021186
33 55 0.027933
33 56 0.029940
33 57 0.012165
33 58 0.020833
33 59 0.009671
33 60 0.015198
33 61 0.021739
33 62 0.019011
33 63 0.147059
33 64 0.031056
33 65 0.011312
33 66 0.009728
33 67 0.010593
33 68 0.010373
33 69 0.013550
33 70 0.021368
33 71 0.011013
33 72 0.014124
33 73 0.022422
33 74 0.312500
33 75 0.012626
33 76 0.013369
33 77 0.019763
33 78 0.013405
33 79 0.038462
33 80 0.013333
33 81 0.026882
33 82 0.027174
33 83 0.027624
33 84 0.013812
33 85 0.018587
33 86 0.108696
33 87 0.010593
33 88 0.012853
33 89 0.012048
33 90 0.029070
33 91 0.014925
33 92 0.009091
33 93 0.012107
33 94 0.016502
33 95 0.092593
33 96 0.013774
33 97 0.011574
33 98 0.017483
33 99 0.021739
34 35 0.015244
34 36 0.015823
34 37 0.069444
34 38 0.020921
34 39 0.028736
34 40 0.029412
34 41 0.022124
34 42 0.056180
34 43 0.020000
34 44 0.019157
34 45 0.029940
34 46 0.015873
34 47 0.026882
34 48 0.016026
34 49 0.027778
34 50 0.020161
34 51 0.062500
34 52 0.068493
34 53 0.108696
34 54 0.029762
34 55 0.066667
34 56 0.021277
34 57 0.018519
34 58 0.075758
34 59 0.014793
34 60 0.024390
34 61 0.032468
34 62 0.025126
34 63 0.025641
34 64 0.020747
34 65 0.013405
34 66 0.014970
34 67 0.014451
34 68 0.015060
34 69 0.020243
34 70 0.060976
34 71 0.015244
34 72 0.026316
34 73 0.018657
34 74 0.030120
34 75 0.020576
34 76 0.015385
34 77 0.016502
34 78 0.025773
34 79 0.034014
34 80 0.025253
34 81 0.017182
34 82 0.200000
34 83 0.016129
34 84 0.026596
34 85 0.049505
34 86 0.028902
34 87 0.016556
34 88 0.015873
34 89 0.019455
34 90 0.016611
34 91 0.026738
34 92 0.013514
34 93 0.021097
34 94 0.028902
34 95 0.029412
34 96 0.019841
34 97 0.015480
34 98 0.031056
34 99 0.025510
35 36 0.017422
35 37 0.012563
35 38 0.055556
35 39 0.009960
35 40 0.011574
35 41 0.013550
35 42 0.017007
35 43 0.022026
35 44 0.039683
35 45 0.019920
35 46 0.037594
35 47 0.013928
35 48 0.011013
35 49 0.030303
35 50 0.061728
35 51 0.012690
35 52 0.012531
35 53 0.014663
35 54 0.023585
35 55 0.012500
35 56 0.014368
35 57 0.060241
35 58 0.015060
35 59 0.013774
35 60 0.040323
35 61 0.010616
35 62 0.009766
35 63 0.011468
35 64 0.013774
35 65 0.040000
35 66 0.014286
35 67 0.135135
35 68 0.045045
35 69 0.060976
35 70 0.013405
35 71 0.178571
35 72 0.027778
35 73 0.015674
35 74 0.011628
35 75 0.039683
35 76 0.031250
35 77 0.015106
35 78 0.016779
35 79 0.015625
35 80 0.015337
35 81 0.012376
35 82 0.016340
35 83 0.011186
35 84 0.022422
35 85 0.014164
35 86 0.012255
35 87 0.024510
35 88 0.046296
35 89 0.035714
35 90 0.011287
35 91 0.011737
35 92 0.013514
35 93 0.020921
35 94 0.011287
35 95 0.012531
35 96 0.060241
35 97 0.208333
35 98 0.029586
35 99 0.009615
36 37 0.013298
36 38 0.020243
36 39 0.011211
36 40 0.017606
36 41 0.010000
36 42 0.021834
36 43 0.062500
36 44 0.014327
36 45 0.033333
36 46 0.031447
36 47 0.010684
36 48 0.008403
36 49 0.024876
36 50 0.019920
36 51 0.012723
36 52 0.014205
36 53 0.017301
36 54 0.014286
36 55 0.014327
36 56 0.010121
36 57 0.023585
36 58 0.018868
36 59 0.064103
36 60 0.019231
36 61 0.013298
36 62 0.012500
36 63 0.009901
36 64 0.009881
36 65 0.012285
36 66 0.078125
36 67 0.018657
36 68 0.026455
36 69 0.019157
36 70 0.017182
36 71 0.019011
36 72 0.029940
36 73 0.010060
36 74 0.010417
36 75 0.028090
36 76 0.011990
36 77 0.009542
36 78 0.038168
36 79 0.011876
36 80 0.034722
36 81 0.008961
36 82 0.016077
36 83 0.008460
36 84 0.036232
36 85 0.019920
36 86 0.010417
36 87 0.058824
36 88 0.013477
36 89 0.032468
36 90 0.008562
36 91 0.019157
36 92 0.059524
36 93 0.058824
36 94 0.016667
36 95 0.010549
36 96 0.017544
36 97 0.016393
36 98 0.018587
36 99 0.011601
37 38 0.016129
37 39 0.047170
37 40 0.028902
37 41 0.021930
37 42 0.033557
37 43 0.015823
37 44 0.015528
37 45 0.021645
37 46 0.012953
37 47 0.026596
37 48 0.016722
37 49 0.019841
37 50 0.015723
37 51 0.172414
37 52 0.138889
37 53 0.056818
37 54 0.022624
37 55 0.119048
37 56 0.020325
37 57 0.014620
37 58 0.044643
37 59 0.012887
37 60 0.018182
37 61 0.044643
37 62 0.032258
37 63 0.030675
37 64 0.020243
37 65 0.011547
37 66 0.012920
37 67 0.011990
37 68 0.012376
37 69 0.015773
37 70 0.051546
37 71 0.012531
37 72 0.019157
37 73 0.017301
37 74 0.039370
37 75 0.015873
37 76 0.013158
37 77 0.015432
37 78 0.020161
37 79 0.030488
37 80 0.020325
37 81 0.017241
37 82 0.053763
37 83 0.016667
37 84 0.019608
37 85 0.037313
37 86 0.033333
37 87 0.013514
37 88 0.013298
37 89 0.015244
37 90 0.017241
37 91 0.025381
37 92 0.011848
37 93 0.016611
37 94 0.029762
37 95 0.033333
37 96 0.015674
37 97 0.012788
37 98 0.021834
37 99 0.035714
38 39 0.012107
38 40 0.014451
38 41 0.016129
38 42 0.024272
38 43 0.028902
38 44 0.048077
38 45 0.029070
38 46 0.039370
38 47 0.017123
38 48 0.012438
38 49 0.063291
38 50 0.500000
38 51 0.016234
38 52 0.016181
38 53 0.019841
38 54 0.034483
38 55 0.016077
38 56 0.017007
38 57 0.098039
38 58 0.020576
38 59 0.015873
38 60 0.128205
38 61 0.013123
38 62 0.011820
38 63 0.013774
38 64 0.016181
38 65 0.028736
38 66 0.016447
38 67 0.046296
38 68 0.040000
38 69 0.312500
38 70 0.017606
38 71 0.055556
38 72 0.048544
38 73 0.017986
38 74 0.014205
38 75 0.071429
38 76 0.029240
38 77 0.016779
38 78 0.022321
38 79 0.020080
38 80 0.019841
38 81 0.014085
38 82 0.023041
38 83 0.012658
38 84 0.033557
38 85 0.018868
38 86 0.014970
38 87 0.028736
38 88 0.039062
38 89 0.052632
38 90 0.012821
38 91 0.014620
38 92 0.015152
38 93 0.027778
38 94 0.014045
38 95 0.015337
38 96 0.128205
38 97 0.055556
38 98 0.060241
38 99 0.011601
39 40 0.026882
39 41 0.016556
39 42 0.021459
39 43 0.012594
39 44 0.011710
39 45 0.015974
39 46 0.010395
39 47 0.018868
39 48 0.014245
39 49 0.014245
39 50 0.011848
39 51 0.042017
39 52 0.047170
39 53 0.029070
39 54 0.015337
39 55 0.047170
39 56 0.015432
39 57 0.011287
39 58 0.026178
39 59 0.011287
39 60 0.013193
39 61 0.060241
39 62 0.051546
39 63 0.024155
39 64 0.015528
39 65 0.009276
39 66 0.011261
39 67 0.009634
39 68 0.009980
39 69 0.011876
39 70 0.031847
39 71 0.009960
39 72 0.014045
39 73 0.013333
39 74 0.029070
39 75 0.012136
39 76 0.010352
39 77 0.012255
39 78 0.015823
39 79 0.019685
39 80 0.016393
39 81 0.014045
39 82 0.025381
39 83 0.014124
39 84 0.014663
39 85 0.025510
39 86 0.024038
39 87 0.010989
39 88 0.010395
39 89 0.011820
39 90 0.014493
39 91 0.023148
39 92 0.010460
39 93 0.013123
39 94 0.028736
39 95 0.023585
39 96 0.011765
39 97 0.010081
39 98 0.014970
39 99 0.086207
40 41 0.012788
40 42 0.035211
40 43 0.019380
40 44 0.012407
40 45 0.026455
40 46 0.013699
40 47 0.014245
40 48 0.010638
40 49 0.018657
40 50 0.014085
40 51 0.024876
40 52 0.036496
40 53 0.039370
40 54 0.015291
40 55 0.038168
40 56 0.012407
40 57 0.014085
40 58 0.042735
40 59 0.018868
40 60 0.015432
40 61 0.047619
40 62 0.042373
40 63 0.014925
40 64 0.012255
40 65 0.009843
40 66 0.018587
40 67 0.011442
40 68 0.012755
40 69 0.013966
40 70 0.056180
40 71 0.011848
40 72 0.019608
40 73 0.011416
40 74 0.016722
40 75 0.015924
40 76 0.010549
40 77 0.010571
40 78 0.030675
40 79 0.015823
40 80 0.035211
40 81 0.010989
40 82 0.026316
40 83 0.010661
40 84 0.022727
40 85 0.059524
40 86 0.015576
40 87 0.015773
40 88 0.011062
40 89 0.015873
40 90 0.010870
40 91 0.166667
40 92 0.016667
40 93 0.020921
40 94 0.312500
40 95 0.015625
40 96 0.013441
40 97 0.011494
40 98 0.017301
40 99 0.032468
41 42 0.016667
41 43 0.011848
41 44 0.020243
41 45 0.014045
41 46 0.011574
41 47 0.119048
41 48 0.052083
41 49 0.016234
41 50 0.015924
41 51 0.024876
41 52 0.019157
41 53 0.018382
41 54 0.030120
41 55 0.018727
41 56 0.166667
41 57 0.013889
41 58 0.017182
41 59 0.009225
41 60 0.018182
41 61 0.014749
41 62 0.013193
41 63 0.045045
41 64 0.238095
41 65 0.015015
41 66 0.009346
41 67 0.012438
41 68 0.011521
41 69 0.016340
41 70 0.016447
41 71 0.012953
41 72 0.014837
41 73 0.058140
41 74 0.037037
41 75 0.013889
41 76 0.019157
41 77 0.044248
41 78 0.012500
41 79 0.060241
41 80 0.012136
41 81 0.076923
41 82 0.023364
41 83 0.054945
41 84 0.013812
41 85 0.015291
41 86 0.051546
41 87 0.010989
41 88 0.017301
41 89 0.013021
41 90 0.059524
41 91 0.012165
41 92 0.008772
41 93 0.012019
41 94 0.012788
41 95 0.054945
41 96 0.017123
41 97 0.014245
41 98 0.020576
41 99 0.014164
42 43 0.029762
42 44 0.019084
42 45 0.060241
42 46 0.020000
42 47 0.019084
42 48 0.012788
42 49 0.038168
42 50 0.023256
42 51 0.030303
42 52 0.038462
42 53 0.078125
42 54 0.025510
42 55 0.039062
42 56 0.016502
42 57 0.022523
42 58 0.113636
42 59 0.019920
42 60 0.027473
42 61 0.027473
42 62 0.022624
42 63 0.017668
42 64 0.016026
42 65 0.013661
42 66 0.020243
42 67 0.016502
42 68 0.018382
42 69 0.022936
42 70 0.060241
42 71 0.017422
42 72 0.039683
42 73 0.015385
42 74 0.019685
42 75 0.026882
42 76 0.014970
42 77 0.013928
42 78 0.047170
42 79 0.022936
42 80 0.044248
42 81 0.013736
42 82 0.056180
42 83 0.012887
42 84 0.046296
42 85 0.083333
42 86 0.019305
42 87 0.022422
42 88 0.016077
42 89 0.025907
42 90 0.013158
42 91 0.034483
42 92 0.017730
42 93 0.032680
42 94 0.032895
42 95 0.019608
42 96 0.021645
42 97 0.016949
42 98 0.033784
42 99 0.021186
43 44 0.018315
43 45 0.058140
43 46 0.042735
43 47 0.012755
43 48 0.009653
43 49 0.041322
43 50 0.028090
43 51 0.015198
43 52 0.016835
43 53 0.021645
43 54 0.018519
43 55 0.016949
43 56 0.012019
43 57 0.034247
43 58 0.023923
43 59 0.034965
43 60 0.027473
43 61 0.014881
43 62 0.013661
43 63 0.011521
43 64 0.011682
43 65 0.014663
43 66 0.037879
43 67 0.023256
43 68 0.034014
43 69 0.026738
43 70 0.020661
43 71 0.024272
43 72 0.056818
43 73 0.011990
43 74 0.012195
43 75 0.047170
43 76 0.014577
43 77 0.011261
43 78 0.052083
43 79 0.014535
43 80 0.041322
43 81 0.010417
43 82 0.020661
43 83 0.009747
43 84 0.078125
43 85 0.024390
43 86 0.012285
43 87 0.083333
43 88 0.016667
43 89 0.057471
43 90 0.009881
43 91 0.020747
43 92 0.031250
43 93 0.263158
43 94 0.018315
43 95 0.012469
43 96 0.023697
43 97 0.020747
43 98 0.026455
43 99 0.012788
44 45 0.019531
44 46 0.022222
44 47 0.020747
44 48 0.015198
44 49 0.030864
44 50 0.049505
44 51 0.016129
44 52 0.015015
44 53 0.017301
44 54 0.047619
44 55 0.014881
44 56 0.022321
44 57 0.033557
44 58 0.017301
44 59 0.012019
44 60 0.053191
44 61 0.012077
44 62 0.010893
44 63 0.015385
44 64 0.020921
44 65 0.044643
44 66 0.012346
44 67 0.031056
44 68 0.023256
44 69 0.054945
44 70 0.015291
44 71 0.034014
44 72 0.025773
44 73 0.025907
44 74 0.015385
44 75 0.028902
44 76 0.066667
44 77 0.024272
44 78 0.016077
44 79 0.023923
44 80 0.014881
44 81 0.017986
44 82 0.021097
44 83 0.015576
44 84 0.020921
44 85 0.015674
44 86 0.016835
44 87 0.018051
44 88 0.090909
44 89 0.025253
44 90 0.015723
44 91 0.012315
44 92 0.011574
44 93 0.017986
44 94 0.012165
44 95 0.017361
44 96 0.073529
44 97 0.047170
44 98 0.043478
44 99 0.010941
45 46 0.028090
45 47 0.015528
45 48 0.011111
45 49 0.052632
45 50 0.027778
45 51 0.020408
45 52 0.023585
45 53 0.034247
45 54 0.022624
45 55 0.023810
45 56 0.014124
45 57 0.029412
45 58 0.040323
45 59 0.026882
45 60 0.030675
45 61 0.019608
45 62 0.017301
45 63 0.014045
45 64 0.013699
45 65 0.014493
45 66 0.027933
45 67 0.019920
45 68 0.024510
45 69 0.026738
45 70 0.031646
45 71 0.021097
45 72 0.070423
45 73 0.013699
45 74 0.015152
45 75 0.039062
45 76 0.015152
45 77 0.012658
45 78 0.089286
45 79 0.018182
45 80 0.061728
45 81 0.011990
45 82 0.031056
45 83 0.011186
45 84 0.161290
45 85 0.040323
45 86 0.015152
45 87 0.035211
45 88 0.016949
45 89 0.039683
45 90 0.011390
45 91 0.028090
45 92 0.023364
45 93 0.070423
45 94 0.024631
45 95 0.015385
45 96 0.024272
45 97 0.019380
45 98 0.033784
45 99 0.016129
46 47 0.012195
46 48 0.009506
46 49 0.035971
46 50 0.039683
46 51 0.012723
46 52 0.013298
46 53 0.016129
46 54 0.018727
46 55 0.013333
46 56 0.011962
46 57 0.064935
46 58 0.017065
46 59 0.021186
46 60 0.031646
46 61 0.011628
46 62 0.010730
46 63 0.010593
46 64 0.011574
46 65 0.019455
46 66 0.022422
46 67 0.045455
46 68 0.161290
46 69 0.036765
46 70 0.015106
46 71 0.047170
46 72 0.039683
46 73 0.012376
46 74 0.010965
46 75 0.065789
46 76 0.017794
46 77 0.011792
46 78 0.024038
46 79 0.013699
46 80 0.021277
46 81 0.010417
46 82 0.016722
46 83 0.009615
46 84 0.034014
46 85 0.016667
46 86 0.011287
46 87 0.066667
46 88 0.021739
46 89 0.086207
46 90 0.009728
46 91 0.014205
46 92 0.020833
46 93 0.037037
46 94 0.013193
46 95 0.011468
46 96 0.031646
46 97 0.032680
46 98 0.026178
46 99 0.010331
47 48 0.038760
47 49 0.017794
47 50 0.016835
47 51 0.031056
47 52 0.022624
47 53 0.021645
47 54 0.033557
47 55 0.022124
47 56 0.083333
47 57 0.014663
47 58 0.019920
47 59 0.009862
47 60 0.019531
47 61 0.016722
47 62 0.014749
47 63 0.056180
47 64 0.083333
47 65 0.014837
47 66 0.009980
47 67 0.012821
47 68 0.012048
47 69 0.017241
47 70 0.019011
47 71 0.013405
47 72 0.016181
47 73 0.044248
47 74 0.047619
47 75 0.014881
47 76 0.018727
47 77 0.034483
47 78 0.013736
47 79 0.104167
47 80 0.013333
47 81 0.047170
47 82 0.028409
47 83 0.039683
47 84 0.015152
47 85 0.017422
47 86 0.074627
47 87 0.011682
47 88 0.017301
47 89 0.013889
47 90 0.042373
47 91 0.013514
47 92 0.009328
47 93 0.013021
47 94 0.014286
47 95 0.083333
47 96 0.017921
47 97 0.014620
47 98 0.022727
47 99 0.015873
48 49 0.012407
48 50 0.012346
48 51 0.018450
48 52 0.014925
48 53 0.014045
48 54 0.019305
48 55 0.014706
48 56 0.046296
48 57 0.011062
48 58 0.013263
48 59 0.007874
48 60 0.013587
48 61 0.012407
48 62 0.011390
48 63 0.034483
48 64 0.053191
48 65 0.012438
48 66 0.007949
48 67 0.010246
48 68 0.009506
48 69 0.012594
48 70 0.012987
48 71 0.010571
48 72 0.011547
48 73 0.035461
48 74 0.027624
48 75 0.011013
48 76 0.015244
48 77 0.034247
48 78 0.010142
48 79 0.028409
48 80 0.009940
48 81 0.094340
48 82 0.016502
48 83 0.555556
48 84 0.010941
48 85 0.012136
48 86 0.033113
48 87 0.009074
48 88 0.013699
48 89 0.010438
48 90 0.416667
48 91 0.010163
48 92 0.007530
48 93 0.009785
48 94 0.010707
48 95 0.033333
48 96 0.013123
48 97 0.011521
48 98 0.014793
48 99 0.012285
49 50 0.056818
49 51 0.019531
49 52 0.020408
49 53 0.027322
49 54 0.033333
49 55 0.020325
49 56 0.016722
49 57 0.053763
49 58 0.029240
49 59 0.019305
49 60 0.072464
49 61 0.016129
49 62 0.014286
49 63 0.014881
49 64 0.016077
49 65 0.019920
49 66 0.020080
49 67 0.028902
49 68 0.032680
49 69 0.053763
49 70 0.023585
49 71 0.031847
49 72 0.142857
49 73 0.016835
49 74 0.015723
49 75 0.078125
49 76 0.021186
49 77 0.015432
49 78 0.033333
49 79 0.021368
49 80 0.028409
49 81 0.013774
49 82 0.030864
49 83 0.012563
49 84 0.064935
49 85 0.026455
49 86 0.016234
49 87 0.033784
49 88 0.025000
49 89 0.060976
49 90 0.012788
49 91 0.019011
49 92 0.017857
49 93 0.041322
49 94 0.017921
49 95 0.016611
49 96 0.045045
49 97 0.029762
49 98 0.073529
49 99 0.013812
50 51 0.015823
50 52 0.015723
50 53 0.019157
50 54 0.033557
50 55 0.015625
50 56 0.016835
50 57 0.100000
50 58 0.019841
50 59 0.015576
50 60 0.108696
50 61 0.012821
50 62 0.011574
50 63 0.013550
50 64 0.016026
50 65 0.029940
50 66 0.016181
50 67 0.050000
50 68 0.040984
50 69 0.454545
50 70 0.017065
50 71 0.060976
50 72 0.045045
50 73 0.017921
50 74 0.013928
50 75 0.067568
50 76 0.029940
50 77 0.016779
50 78 0.021459
50 79 0.019608
50 80 0.019231
50 81 0.013966
50 82 0.022124
50 83 0.012531
50 84 0.031847
50 85 0.018248
50 86 0.014706
50 87 0.028249
50 88 0.040984
50 89 0.051020
50 90 0.012690
50 91 0.014245
50 92 0.014925
50 93 0.026882
50 94 0.013661
50 95 0.015060
50 96 0.142857
50 97 0.061728
50 98 0.054945
50 99 0.011364
51 52 0.076923
51 53 0.046729
51 54 0.024038
51 55 0.071429
51 56 0.022831
51 57 0.014577
51 58 0.037879
51 59 0.012225
51 60 0.018450
51 61 0.035971
51 62 0.027778
51 63 0.037037
51 64 0.022727
51 65 0.011848
51 66 0.012285
51 67 0.012048
51 68 0.012255
51 69 0.015974
51 70 0.040650
51 71 0.012563
51 72 0.018587
51 73 0.018939
51 74 0.050000
51 75 0.015674
51 76 0.013699
51 77 0.016722
51 78 0.018727
51 79 0.035714
51 80 0.018727
51 81 0.019084
51 82 0.053191
51 83 0.018450
51 84 0.018727
51 85 0.031646
51 86 0.041322
51 87 0.013123
51 88 0.013699
51 89 0.014925
51 90 0.019084
51 91 0.022222
51 92 0.011287
51 93 0.015873
51 94 0.025381
51 95 0.041322
51 96 0.015924
51 97 0.012953
51 98 0.022124
51 99 0.031250
52 53 0.074627
52 54 0.021097
52 55 0.833333
52 56 0.018051
52 57 0.014837
52 58 0.056180
52 59 0.013928
52 60 0.018051
52 61 0.058140
52 62 0.038462
52 63 0.025126
52 64 0.017921
52 65 0.011261
52 66 0.013966
52 67 0.012048
52 68 0.012658
52 69 0.015723
52 70 0.076923
52 71 0.012563
52 72 0.020000
52 73 0.015723
52 74 0.030675
52 75 0.016287
52 76 0.012658
52 77 0.014164
52 78 0.022523
52 79 0.025907
52 80 0.023041
52 81 0.015432
52 82 0.051546
52 83 0.014925
52 84 0.021008
52 85 0.048077
52 86 0.027027
52 87 0.014205
52 88 0.012920
52 89 0.015723
52 90 0.015337
52 91 0.030864
52 92 0.012690
52 93 0.017794
52 94 0.037594
52 95 0.027027
52 96 0.015432
52 97 0.012658
52 98 0.021459
52 99 0.040323
53 54 0.024510
53 55 0.075758
53 56 0.017794
53 57 0.018182
53 58 0.200000
53 59 0.016502
53 60 0.022523
53 61 0.038462
53 62 0.028902
53 63 0.021277
53 64 0.017483
53 65 0.012531
53 66 0.016611
53 67 0.014085
53 68 0.015152
53 69 0.019084
53 70 0.125000
53 71 0.014793
53 72 0.027027
53 73 0.016026
53 74 0.024631
53 75 0.020576
53 76 0.014006
53 77 0.014409
53 78 0.031056
53 79 0.025907
53 80 0.031056
53 81 0.014881
53 82 0.078125
53 83 0.014085
53 84 0.029240
53 85 0.089286
53 86 0.023256
53 87 0.017483
53 88 0.014620
53 89 0.019763
53 90 0.014451
53 91 0.035211
53 92 0.014881
53 93 0.023256
53 94 0.038462
53 95 0.023585
53 96 0.018519
53 97 0.014749
53 98 0.027624
53 99 0.027778
54 55 0.020833
54 56 0.032895
54 57 0.025773
54 58 0.023697
54 59 0.012407
54 60 0.045872
54 61 0.015576
54 62 0.013661
54 63 0.022222
54 64 0.030120
54 65 0.023256
54 66 0.012690
54 67 0.020661
54 68 0.018657
54 69 0.035211
54 70 0.020576
54 71 0.022222
54 72 0.027322
54 73 0.034014
54 74 0.022523
54 75 0.025510
54 76 0.031447
54 77 0.028409
54 78 0.018248
54 79 0.045872
54 80 0.017065
54 81 0.023256
54 82 0.034483
54 83 0.019763
54 84 0.023041
54 85 0.020408
54 86 0.025381
54 87 0.016892
54 88 0.031447
54 89 0.022624
54 90 0.020161
54 91 0.014881
54 92 0.011710
54 93 0.018657
54 94 0.015015
54 95 0.026596
54 96 0.038168
54 97 0.025381
54 98 0.060241
54 99 0.013928
55 56 0.017730
55 57 0.014793
55 58 0.057471
55 59 0.014045
55 60 0.017986
55 61 0.060976
55 62 0.039683
55 63 0.024510
55 64 0.017606
55 65 0.011186
55 66 0.014085
55 67 0.012019
55 68 0.012658
55 69 0.015674
55 70 0.081967
55 71 0.012531
55 72 0.020000
55 73 0.015480
55 74 0.029762
55 75 0.016287
55 76 0.012563
55 77 0.013966
55 78 0.022831
55 79 0.025253
55 80 0.023474
55 81 0.015198
55 82 0.050505
55 83 0.014706
55 84 0.021186
55 85 0.050000
55 86 0.026178
55 87 0.014245
55 88 0.012853
55 89 0.015773
55 90 0.015106
55 91 0.032051
55 92 0.012821
55 93 0.017921
55 94 0.039370
55 95 0.026316
55 96 0.015385
55 97 0.012626
55 98 0.021368
55 99 0.040984
56 57 0.014493
56 58 0.016779
56 59 0.009259
56 60 0.019231
56 61 0.014006
56 62 0.012563
56 63 0.035971
56 64 0.312500
56 65 0.016287
56 66 0.009381
56 67 0.013089
56 68 0.011962
56 69 0.017301
56 70 0.015873
56 71 0.013661
56 72 0.015152
56 73 0.087719
56 74 0.030864
56 75 0.014409
56 76 0.021368
56 77 0.058140
56 78 0.012469
56 79 0.056818
56 80 0.012077
56 81 0.078125
56 82 0.022624
56 83 0.049020
56 84 0.013966
56 85 0.014925
56 86 0.040650
56 87 0.011211
56 88 0.018939
56 89 0.013405
56 90 0.051546
56 91 0.011876
56 92 0.008818
56 93 0.012165
56 94 0.012407
56 95 0.043103
56 96 0.018315
56 97 0.015198
56 98 0.021552
56 99 0.013333
57 58 0.019011
57 59 0.017544
57 60 0.058140
57 61 0.012407
57 62 0.011312
57 63 0.012255
57 64 0.013928
57 65 0.025381
57 66 0.018315
57 67 0.060241
57 68 0.066667
57 69 0.084746
57 70 0.016447
57 71 0.073529
57 72 0.049505
57 73 0.015244
57 74 0.012626
57 75 0.113636
57 76 0.023923
57 77 0.014368
57 78 0.023148
57 79 0.016835
57 80 0.020492
57 81 0.012315
57 82 0.020000
57 83 0.011211
57 84 0.035461
57 85 0.017921
57 86 0.013193
57 87 0.037594
57 88 0.031056
57 89 0.083333
57 90 0.011338
57 91 0.014409
57 92 0.016892
57 93 0.031847
57 94 0.013624
57 95 0.013477
57 96 0.060976
57 97 0.052083
57 98 0.039683
57 99 0.010989
58 59 0.017986
58 60 0.023148
58 61 0.035461
58 62 0.027624
58 63 0.019380
58 64 0.016393
58 65 0.012594
58 66 0.018116
58 67 0.014577
58 68 0.015924
58 69 0.019685
58 70 0.119048
58 71 0.015291
58 72 0.029586
58 73 0.015291
58 74 0.022026
58 75 0.021930
58 76 0.013928
58 77 0.013850
58 78 0.036496
58 79 0.023697
58 80 0.036765
58 81 0.014085
58 82 0.064103
58 83 0.013333
58 84 0.033113
58 85 0.135135
58 86 0.021097
58 87 0.018868
58 88 0.014706
58 89 0.021186
58 90 0.013624
58 91 0.039062
58 92 0.016026
58 93 0.025907
58 94 0.040323
58 95 0.021368
58 96 0.018868
58 97 0.015060
58 98 0.028249
58 99 0.025907
59 60 0.015432
59 61 0.013661
59 62 0.013089
59 63 0.009381
59 64 0.009091
59 65 0.010395
59 66 0.357143
59 67 0.014493
59 68 0.018797
59 69 0.015152
59 70 0.016949
59 71 0.014749
59 72 0.022222
59 73 0.009107
59 74 0.009940
59 75 0.020161
59 76 0.010288
59 77 0.008651
59 78 0.034483
59 79 0.010870
59 80 0.034965
59 81 0.008292
59 82 0.014793
59 83 0.007911
59 84 0.026882
59 85 0.019531
59 86 0.009823
59 87 0.030864
59 88 0.011312
59 89 0.022124
59 90 0.008013
59 91 0.021008
59 92 0.138889
59 93 0.035971
59 94 0.017857
59 95 0.009901
59 96 0.014124
59 97 0.013193
59 98 0.015432
59 99 0.011962
60 61 0.014245
60 62 0.012690
60 63 0.015385
60 64 0.018182
60 65 0.026882
60 66 0.015974
60 67 0.034483
60 68 0.031250
60 69 0.116279
60 70 0.019531
60 71 0.039370
60 72 0.049505
60 73 0.020161
60 74 0.015924
60 75 0.055556
60 76 0.029762
60 77 0.018450
60 78 0.022936
60 79 0.023585
60 80 0.020576
60 81 0.015480
60 82 0.027322
60 83 0.013812
60 84 0.034483
60 85 0.020747
60 86 0.016892
60 87 0.025773
60 88 0.037594
60 89 0.042735
60 90 0.014045
60 91 0.015480
60 92 0.014620
60 93 0.026882
60 94 0.015015
60 95 0.017361
60 96 0.102041
60 97 0.042373
60 98 0.108696
60 99 0.012531
61 62 0.111111
61 63 0.019157
61 64 0.013966
61 65 0.009524
61 66 0.013587
61 67 0.010352
61 68 0.011038
61 69 0.012788
61 70 0.050000
61 71 0.010707
61 72 0.016234
61 73 0.012469
61 74 0.022321
61 75 0.013587
61 76 0.010438
61 77 0.011468
61 78 0.020243
61 79 0.018182
61 80 0.021459
61 81 0.012531
61 82 0.028090
61 83 0.012346
61 84 0.017544
61 85 0.037879
61 86 0.019685
61 87 0.012690
61 88 0.010684
61 89 0.013369
61 90 0.012658
61 91 0.037313
61 92 0.012469
61 93 0.015723
61 94 0.054348
61 95 0.019608
61 96 0.012531
61 97 0.010661
61 98 0.016181
61 99 0.089286
62 63 0.016949
62 64 0.012563
62 65 0.008787
62 66 0.012953
62 67 0.009560
62 68 0.010204
62 69 0.011547
62 70 0.035714
62 71 0.009862
62 72 0.014451
62 73 0.011287
62 74 0.019380
62 75 0.012315
62 76 0.009560
62 77 0.010460
62 78 0.018182
62 79 0.015723
62 80 0.019531
62 81 0.011416
62 82 0.022422
62 83 0.011338
62 84 0.015674
62 85 0.029940
62 86 0.017182
62 87 0.011737
62 88 0.009766
62 89 0.012165
62 90 0.011601
62 91 0.034483
62 92 0.011990
62 93 0.014368
62 94 0.048544
62 95 0.017065
62 96 0.011312
62 97 0.009785
62 98 0.014205
62 99 0.111111
63 64 0.038168
63 65 0.011792
63 66 0.009452
63 67 0.010753
63 68 0.010417
63 69 0.013774
63 70 0.019531
63 71 0.011161
63 72 0.013928
63 73 0.025510
63 74 0.131579
63 75 0.012626
63 76 0.014085
63 77 0.022422
63 78 0.012887
63 79 0.042735
63 80 0.012723
63 81 0.032468
63 82 0.025510
63 83 0.033784
63 84 0.013477
63 85 0.017301
63 86 0.166667
63 87 0.010460
63 88 0.013369
63 89 0.011990
63 90 0.035971
63 91 0.013889
63 92 0.008865
63 93 0.011820
63 94 0.015152
63 95 0.131579
63 96 0.014085
63 97 0.011848
63 98 0.017668
63 99 0.019084
64 65 0.015576
64 66 0.009208
64 67 0.012594
64 68 0.011547
64 69 0.016447
64 70 0.015625
64 71 0.013123
64 72 0.014620
64 73 0.073529
64 74 0.032051
64 75 0.013850
64 76 0.020161
64 77 0.053763
64 78 0.012195
64 79 0.052632
64 80 0.011820
64 81 0.094340
64 82 0.021930
64 83 0.056818
64 84 0.013550
64 85 0.014663
64 86 0.042735
64 87 0.010893
64 88 0.017921
64 89 0.012953
64 90 0.060976
64 91 0.011710
64 92 0.008651
64 93 0.011848
64 94 0.012285
64 95 0.044643
64 96 0.017361
64 97 0.014535
64 98 0.020325
64 99 0.013405
65 66 0.010661
65 67 0.032258
65 68 0.021277
65 69 0.031447
65 70 0.011468
65 71 0.032895
65 72 0.018051
65 73 0.019084
65 74 0.011655
65 75 0.021186
65 76 0.067568
65 77 0.019157
65 78 0.012563
65 79 0.016026
65 80 0.011765
65 81 0.014327
65 82 0.014368
65 83 0.012723
65 84 0.015480
65 85 0.011765
65 86 0.012563
65 87 0.015337
65 88 0.086207
65 89 0.019608
65 90 0.012755
65 91 0.009823
65 92 0.010183
65 93 0.014245
65 94 0.009671
65 95 0.012821
65 96 0.035714
65 97 0.048077
65 98 0.022727
65 99 0.008803
66 67 0.015106
66 68 0.019841
66 69 0.015723
66 70 0.016949
66 71 0.015337
66 72 0.023256
66 73 0.009259
66 74 0.010000
66 75 0.021186
66 76 0.010526
66 77 0.008787
66 78 0.035461
66 79 0.011013
66 80 0.035211
66 81 0.008389
66 82 0.014970
66 83 0.007987
66 84 0.028249
66 85 0.019608
66 86 0.009901
66 87 0.033784
66 88 0.011628
66 89 0.023364
66 90 0.008091
66 91 0.020661
66 92 0.138889
66 93 0.039062
66 94 0.017606
66 95 0.010000
66 96 0.014620
66 97 0.013661
66 98 0.015873
66 99 0.011876
67 68 0.060241
67 69 0.048077
67 70 0.013021
67 71 0.277778
67 72 0.027322
67 73 0.014124
67 74 0.010941
67 75 0.040323
67 76 0.025510
67 77 0.013661
67 78 0.016949
67 79 0.014286
67 80 0.015480
67 81 0.011390
67 82 0.015432
67 83 0.010395
67 84 0.022523
67 85 0.013850
67 86 0.011468
67 87 0.027174
67 88 0.034722
67 89 0.038168
67 90 0.010482
67 91 0.011655
67 92 0.014327
67 93 0.021739
67 94 0.011136
67 95 0.011682
67 96 0.044643
67 97 0.083333
67 98 0.026178
67 99 0.009363
68 69 0.038168
68 70 0.014124
68 71 0.060241
68 72 0.034247
68 73 0.012500
68 74 0.010707
68 75 0.055556
68 76 0.018868
68 77 0.011962
68 78 0.021097
68 79 0.013514
68 80 0.018939
68 81 0.010438
68 82 0.015924
68 83 0.009615
68 84 0.028902
68 85 0.015432
68 86 0.011062
68 87 0.047619
68 88 0.023364
68 89 0.063291
68 90 0.009728
68 91 0.013193
68 92 0.018657
68 93 0.030488
68 94 0.012315
68 95 0.011261
68 96 0.033333
68 97 0.037594
68 98 0.025253
68 99 0.009862
69 70 0.016949
69 71 0.058140
69 72 0.042373
69 73 0.018519
69 74 0.014124
69 75 0.059524
69 76 0.031847
69 77 0.017301
69 78 0.020921
69 79 0.020080
69 80 0.018797
69 81 0.014327
69 82 0.022222
69 83 0.012821
69 84 0.030488
69 85 0.018051
69 86 0.014970
69 87 0.026882
69 88 0.044248
69 89 0.046296
69 90 0.012987
69 91 0.014085
69 92 0.014535
69 93 0.025641
69 94 0.013550
69 95 0.015337
69 96 0.200000
69 97 0.064103
69 98 0.056818
69 99 0.011364
70 71 0.013587
70 72 0.023923
70 73 0.014327
70 74 0.022523
70 75 0.018657
70 76 0.012658
70 77 0.013021
70 78 0.031056
70 79 0.022026
70 80 0.032680
70 81 0.013587
70 82 0.049020
70 83 0.013021
70 84 0.026738
70 85 0.121951
70 86 0.020921
70 87 0.016722
70 88 0.013193
70 89 0.018182
70 90 0.013333
70 91 0.046729
70 92 0.015152
70 93 0.022222
70 94 0.054348
70 95 0.021008
70 96 0.016393
70 97 0.013405
70 98 0.023041
70 99 0.032468
71 72 0.029762
71 73 0.014706
71 74 0.011364
71 75 0.045455
71 76 0.026738
71 77 0.014164
71 78 0.017730
71 79 0.015015
71 80 0.016129
71 81 0.011820
71 82 0.016287
71 83 0.010730
71 84 0.023923
71 85 0.014493
71 86 0.011933
71 87 0.027933
71 88 0.037037
71 89 0.041667
71 90 0.010823
71 91 0.012077
71 92 0.014535
71 93 0.022831
71 94 0.011521
71 95 0.012165
71 96 0.052632
71 97 0.098039
71 98 0.028902
71 99 0.009671
72 73 0.015152
72 74 0.014749
72 75 0.081967
72 76 0.018727
72 77 0.014006
72 78 0.040984
72 79 0.019157
72 80 0.033557
72 81 0.012690
72 82 0.028409
72 83 0.011682
72 84 0.106383
72 85 0.027624
72 86 0.015106
72 87 0.041667
72 88 0.021834
72 89 0.073529
72 90 0.011876
72 91 0.020243
72 92 0.020325
72 93 0.057471
72 94 0.018727
72 95 0.015432
72 96 0.035971
72 97 0.026596
72 98 0.049020
72 99 0.013850
73 74 0.023041
73 75 0.014793
73 76 0.026596
73 77 0.138889
73 78 0.012048
73 79 0.039683
73 80 0.011574
73 81 0.056180
73 82 0.020000
73 83 0.037594
73 84 0.013736
73 85 0.013736
73 86 0.028090
73 87 0.011364
73 88 0.022222
73 89 0.013736
73 90 0.038168
73 91 0.011038
73 92 0.008726
73 93 0.012048
73 94 0.011364
73 95 0.029240
73 96 0.019920
73 97 0.016779
73 98 0.021834
73 99 0.011820
74 75 0.013158
74 76 0.013774
74 77 0.020243
74 78 0.013928
74 79 0.042373
74 80 0.013812
74 81 0.027027
74 82 0.029412
74 83 0.027322
74 84 0.014409
74 85 0.019531
74 86 0.128205
74 87 0.010941
74 88 0.013263
74 89 0.012500
74 90 0.028736
74 91 0.015432
74 92 0.009328
74 93 0.012531
74 94 0.017007
74 95 0.108696
74 96 0.014368
74 97 0.011962
74 98 0.018450
74 99 0.022026
75 76 0.020833
75 77 0.013850
75 78 0.028902
75 79 0.017241
75 80 0.024876
75 81 0.012195
75 82 0.022222
75 83 0.011161
75 84 0.050505
75 85 0.020747
75 86 0.013587
75 87 0.047619
75 88 0.025641
75 89 0.185185
75 90 0.011312
75 91 0.016340
75 92 0.019157
75 93 0.043103
75 94 0.015291
75 95 0.013889
75 96 0.046296
75 97 0.036232
75 98 0.042735
75 99 0.011876
76 77 0.026596
76 78 0.012987
76 79 0.020325
76 80 0.012195
76 81 0.018116
76 82 0.016611
76 83 0.015625
76 84 0.015974
76 85 0.012788
76 86 0.015152
76 87 0.014663
76 88 0.094340
76 89 0.018939
76 90 0.015674
76 91 0.010438
76 92 0.009980
76 93 0.014286
76 94 0.010373
76 95 0.015576
76 96 0.037594
76 97 0.036496
76 98 0.026596
76 99 0.009653
77 78 0.011211
77 79 0.031056
77 80 0.010776
77 81 0.052632
77 82 0.017544
77 83 0.036496
77 84 0.012755
77 85 0.012563
77 86 0.024038
77 87 0.010776
77 88 0.021645
77 89 0.012920
77 90 0.036232
77 91 0.010246
77 92 0.008306
77 93 0.011287
77 94 0.010549
77 95 0.024752
77 96 0.018657
77 97 0.016181
77 98 0.019531
77 99 0.010941
78 79 0.015723
78 80 0.172414
78 81 0.010799
78 82 0.025773
78 83 0.010204
78 84 0.065789
78 85 0.041322
78 86 0.013699
78 87 0.032468
78 88 0.014327
78 89 0.030303
78 90 0.010373
78 91 0.034247
78 92 0.028249
78 93 0.064935
78 94 0.028090
78 95 0.013889
78 96 0.019305
78 97 0.016234
78 98 0.024631
78 99 0.016556
79 80 0.015152
79 81 0.034247
79 82 0.037594
79 83 0.029070
79 84 0.017668
79 85 0.020243
79 86 0.056180
79 87 0.013123
79 88 0.019231
79 89 0.015974
79 90 0.030303
79 91 0.014970
79 92 0.010225
79 93 0.014837
79 94 0.015823
79 95 0.062500
79 96 0.020921
79 97 0.016340
79 98 0.028736
79 99 0.016722
80 81 0.010526
80 82 0.024876
80 83 0.009980
80 84 0.048077
80 85 0.044248
80 86 0.013514
80 87 0.027933
80 88 0.013333
80 89 0.025907
80 90 0.010163
80 91 0.040984
80 92 0.028249
80 93 0.048544
80 94 0.031847
80 95 0.013661
80 96 0.017483
80 97 0.014925
80 98 0.022124
80 99 0.017422
81 82 0.017921
81 83 0.111111
81 84 0.011876
81 85 0.012788
81 86 0.033557
81 87 0.009823
81 88 0.015974
81 89 0.011468
81 90 0.113636
81 91 0.010526
81 92 0.007937
81 93 0.010549
81 94 0.011013
81 95 0.034247
81 96 0.015060
81 97 0.013021
81 98 0.016892
81 99 0.012195
82 83 0.016611
82 84 0.028090
82 85 0.043478
82 86 0.029240
82 87 0.017241
82 88 0.017182
82 89 0.020747
82 90 0.017065
82 91 0.024510
82 92 0.013550
82 93 0.021739
82 94 0.025907
82 95 0.029940
82 96 0.021834
82 97 0.016667
82 98 0.036232
82 99 0.022624
83 84 0.011038
83 85 0.012195
83 86 0.033113
83 87 0.009174
83 88 0.014006
83 89 0.010571
83 90 0.500000
83 91 0.010183
83 92 0.007576
83 93 0.009862
83 94 0.010707
83 95 0.033113
83 96 0.013369
83 97 0.011710
83 98 0.015015
83 99 0.012225
84 85 0.032468
84 86 0.014535
84 87 0.043103
84 88 0.018182
84 89 0.052632
84 90 0.011211
84 91 0.023923
84 92 0.023810
84 93 0.092593
84 94 0.021459
84 95 0.014793
84 96 0.027027
84 97 0.021552
84 98 0.035971
84 99 0.014706
85 86 0.018519
85 87 0.019011
85 88 0.013550
85 89 0.020408
85 90 0.012438
85 91 0.054348
85 92 0.017241
85 93 0.026738
85 94 0.053763
85 95 0.018727
85 96 0.017241
85 97 0.014124
85 98 0.024272
85 99 0.026738
86 87 0.011086
86 88 0.014409
86 89 0.012853
86 90 0.035211
86 91 0.014535
86 92 0.009259
86 93 0.012594
86 94 0.015773
86 95 0.555556
86 96 0.015337
86 97 0.012723
86 98 0.019685
86 99 0.019084
87 88 0.017065
87 89 0.063291
87 90 0.009276
87 91 0.016722
87 92 0.030120
87 93 0.064103
87 94 0.015060
87 95 0.011261
87 96 0.023810
87 97 0.022523
87 98 0.023364
87 99 0.011111
88 89 0.023041
88 90 0.014085
88 91 0.011013
88 92 0.010989
88 93 0.016287
88 94 0.010846
88 95 0.014793
88 96 0.054945
88 97 0.058824
88 98 0.030488
88 99 0.009785
89 90 0.010707
89 91 0.016502
89 92 0.021008
89 93 0.050000
89 94 0.015244
89 95 0.013089
89 96 0.037879
89 97 0.032258
89 98 0.035461
89 99 0.011682
90 91 0.010373
90 92 0.007657
90 93 0.010020
90 94 0.010941
90 95 0.035461
90 96 0.013550
90 97 0.011792
90 98 0.015337
90 99 0.012500
91 92 0.018315
91 93 0.022523
91 94 0.116279
91 95 0.014577
91 96 0.013477
91 97 0.011601
91 98 0.017123
91 99 0.027322
92 93 0.031447
92 94 0.015873
92 95 0.009328
92 96 0.013587
92 97 0.012887
92 98 0.014409
92 99 0.011038
93 94 0.019685
93 95 0.012788
93 96 0.022936
93 97 0.019841
93 98 0.026596
93 99 0.013405
94 95 0.015773
94 96 0.013089
94 97 0.011211
94 98 0.016779
94 99 0.035714
95 96 0.015773
95 97 0.012987
95 98 0.020243
95 99 0.018868
96 97 0.068493
96 98 0.054945
96 99 0.011186
97 98 0.030675
97 99 0.009671
98 99 0.014045
