100 4950
0 1 0.022472
0 2 0.006689
0 3 0.012048
0 4 0.006515
0 5 0.017391
0 6 0.004796
0 7 0.009390
0 8 0.023810
0 9 0.010050
0 10 0.021277
0 11 0.010101
0 12 0.009709
0 13 0.019802
0 14 0.008969
0 15 0.009009
0 16 0.011111
0 17 0.008032
0 18 0.011173
0 19 0.037037
0 20 0.015625
0 21 0.010050
0 22 0.010050
0 23 0.014286
0 24 0.010753
0 25 0.011173
0 26 0.005917
0 27 0.009662
0 28 0.007491
0 29 0.012987
0 30 0.014388
0 31 0.005831
0 32 0.071429
0 33 0.009132
0 34 0.006803
0 35 0.005089
0 36 0.014599
0 37 0.009804
0 38 0.018349
0 39 0.009174
0 40 0.005764
0 41 0.006369
0 42 0.009174
0 43 0.007273
0 44 0.007299
0 45 0.020833
0 46 0.006061
0 47 0.018692
0 48 0.010526
0 49 0.011628
0 50 0.005666
0 51 0.018519
0 52 0.008333
0 53 0.016667
0 54 0.015152
0 55 0.008584
0 56 0.015267
0 57 0.006349
0 58 0.024096
0 59 0.068966
0 60 0.006623
0 61 0.011429
0 62 0.006601
0 63 0.057143
0 64 0.009302
0 65 0.022989
0 66 0.009709
0 67 0.009852
0 68 0.008000
0 69 0.009569
0 70 0.007380
0 71 0.007874
0 72 0.022222
0 73 0.005000
0 74 0.015625
0 75 0.011173
0 76 0.007519
0 77 0.018692
0 78 0.015625
0 79 0.019417
0 80 0.008734
0 81 0.021978
0 82 0.007937
0 83 0.007117
0 84 0.005882
0 85 0.005952
0 86 0.015873
0 87 0.012987
0 88 0.009009
0 89 0.010582
0 90 0.013793
0 91 0.011696
0 92 0.008130
0 93 0.009950
0 94 0.009479
0 95 0.007692
0 96 0.009434
0 97 0.009615
0 98 0.009434
0 99 0.009479
1 2 0.009091
1 3 0.012821
1 4 0.008850
1 5 0.016667
1 6 0.005698
1 7 0.007605
1 8 0.011628
1 9 0.007519
1 10 0.016393
1 11 0.007326
1 12 0.007194
1 13 0.014286
1 14 0.008163
1 15 0.011696
1 16 0.021739
1 17 0.008584
1 18 0.009569
1 19 0.055556
1 20 0.010870
1 21 0.018018
1 22 0.009091
1 23 0.015038
1 24 0.010000
1 25 0.009091
1 26 0.007968
1 27 0.007692
1 28 0.008230
1 29 0.008658
1 30 0.010526
1 31 0.007782
1 32 0.023529
1 33 0.014925
1 34 0.009709
1 35 0.006329
1 36 0.011494
1 37 0.015504
1 38 0.010204
1 39 0.009950
1 40 0.007692
1 41 0.008772
1 42 0.009217
1 43 0.008032
1 44 0.006006
1 45 0.035088
1 46 0.008032
1 47 0.054054
1 48 0.013333
1 49 0.012739
1 50 0.007547
1 51 0.011236
1 52 0.012048
1 53 0.060606
1 54 0.012270
1 55 0.007018
1 56 0.011561
1 57 0.008333
1 58 0.026667
1 59 0.024390
1 60 0.008547
1 61 0.008000
1 62 0.009217
1 63 0.016260
1 64 0.015267
1 65 0.029412
1 66 0.014815
1 67 0.014706
1 68 0.012121
1 69 0.007937
1 70 0.009852
1 71 0.006309
1 72 0.019048
1 73 0.006042
1 74 0.013158
1 75 0.017699
1 76 0.009901
1 77 0.010471
1 78 0.010363
1 79 0.020408
1 80 0.011050
1 81 0.666667
1 82 0.011696
1 83 0.008811
1 84 0.007722
1 85 0.008097
1 86 0.009901
1 87 0.008439
1 88 0.011299
1 89 0.014925
1 90 0.008584
1 91 0.011696
1 92 0.012658
1 93 0.011561
1 94 0.009852
1 95 0.009756
1 96 0.009259
1 97 0.007407
1 98 0.012739
1 99 0.013605
2 3 0.009217
2 4 0.105263
2 5 0.006135
2 6 0.005376
2 7 0.005362
2 8 0.005305
2 9 0.004124
2 10 0.007491
2 11 0.004073
2 12 0.004024
2 13 0.005618
2 14 0.006472
2 15 0.015873
2 16 0.012346
2 17 0.009050
2 18 0.006579
2 19 0.007968
2 20 0.004975
2 21 0.013889
2 22 0.004751
2 23 0.006079
2 24 0.007380
2 25 0.006061
2 26 0.010811
2 27 0.005319
2 28 0.005115
2 29 0.005000
2 30 0.004914
2 31 0.010050
2 32 0.006623
2 33 0.020833
2 34 0.013423
2 35 0.020619
2 36 0.005155
2 37 0.009132
2 38 0.004926
2 39 0.009615
2 40 0.019417
2 41 0.011050
2 42 0.005000
2 43 0.005089
2 44 0.003636
2 45 0.007663
2 46 0.054054
2 47 0.010363
2 48 0.012579
2 49 0.009662
2 50 0.018182
2 51 0.005797
2 52 0.031746
2 53 0.009852
2 54 0.005333
2 55 0.004008
2 56 0.006579
2 57 0.007752
2 58 0.006944
2 59 0.007194
2 60 0.032787
2 61 0.004274
2 62 0.032258
2 63 0.006042
2 64 0.021739
2 65 0.007194
2 66 0.008584
2 67 0.019231
2 68 0.028986
2 69 0.005666
2 70 0.007435
2 71 0.003738
2 72 0.006289
2 73 0.005831
2 74 0.005525
2 75 0.016129
2 76 0.007168
2 77 0.004938
2 78 0.005747
2 79 0.008811
2 80 0.006515
2 81 0.009132
2 82 0.040000
2 83 0.017391
2 84 0.046512
2 85 0.014706
2 86 0.005376
2 87 0.004425
2 88 0.014286
2 89 0.007407
2 90 0.004556
2 91 0.008439
2 92 0.017241
2 93 0.011111
2 94 0.005263
2 95 0.006494
2 96 0.007692
2 97 0.004098
2 98 0.007092
2 99 0.007782
3 4 0.008584
3 5 0.007576
3 6 0.004098
3 7 0.012821
3 8 0.009434
3 9 0.005571
3 10 0.024691
3 11 0.005666
3 12 0.005540
3 13 0.007605
3 14 0.019417
3 15 0.021053
3 16 0.009756
3 17 0.023810
3 18 0.022727
3 19 0.012821
3 20 0.006803
3 21 0.009479
3 22 0.005571
3 23 0.007092
3 24 0.034483
3 25 0.017544
3 26 0.005797
3 27 0.012579
3 28 0.005025
3 29 0.010204
3 30 0.006579
3 31 0.005618
3 32 0.010638
3 33 0.010471
3 34 0.006757
3 35 0.006826
3 36 0.006667
3 37 0.007463
3 38 0.008097
3 39 0.037736
3 40 0.006536
3 41 0.006116
3 42 0.005450
3 43 0.004938
3 44 0.004577
3 45 0.009524
3 46 0.007905
3 47 0.016000
3 48 0.033898
3 49 0.181818
3 50 0.006410
3 51 0.013514
3 52 0.012739
3 53 0.011299
3 54 0.006826
3 55 0.005025
3 56 0.021277
3 57 0.005420
3 58 0.009132
3 59 0.014493
3 60 0.010582
3 61 0.006061
3 62 0.007843
3 63 0.010929
3 64 0.011173
3 65 0.009259
3 66 0.007168
3 67 0.016667
3 68 0.009615
3 69 0.014599
3 70 0.005797
3 71 0.004808
3 72 0.008264
3 73 0.004310
3 74 0.006969
3 75 0.017857
3 76 0.005764
3 77 0.007905
3 78 0.013889
3 79 0.030303
3 80 0.005970
3 81 0.012579
3 82 0.010526
3 83 0.013986
3 84 0.007722
3 85 0.006309
3 86 0.011561
3 87 0.006711
3 88 0.023529
3 89 0.006969
3 90 0.007463
3 91 0.090909
3 92 0.008403
3 93 0.042553
3 94 0.005634
3 95 0.005618
3 96 0.031746
3 97 0.005405
3 98 0.006452
3 99 0.006757
4 5 0.006079
4 6 0.005571
4 7 0.005141
4 8 0.005168
4 9 0.004073
4 10 0.007143
4 11 0.004016
4 12 0.003968
4 13 0.005540
4 14 0.006135
4 15 0.013986
4 16 0.012346
4 17 0.008403
4 18 0.006250
4 19 0.007752
4 20 0.004914
4 21 0.013986
4 22 0.004739
4 23 0.006061
4 24 0.006969
4 25 0.005780
4 26 0.011765
4 27 0.005102
4 28 0.005181
4 29 0.004843
4 30 0.004854
4 31 0.010870
4 32 0.006472
4 33 0.020619
4 34 0.014706
4 35 0.021277
4 36 0.005102
4 37 0.009302
4 38 0.004819
4 39 0.008850
4 40 0.023529
4 41 0.011976
4 42 0.005013
4 43 0.005155
4 44 0.003610
4 45 0.007576
4 46 0.086957
4 47 0.009950
4 48 0.011429
4 49 0.008929
4 50 0.021739
4 51 0.005587
4 52 0.025641
4 53 0.009615
4 54 0.005277
4 55 0.003976
4 56 0.006270
4 57 0.008130
4 58 0.006849
4 59 0.006944
4 60 0.025641
4 61 0.004211
4 62 0.042553
4 63 0.005882
4 64 0.020833
4 65 0.007092
4 66 0.008734
4 67 0.016949
4 68 0.029412
4 69 0.005420
4 70 0.007663
4 71 0.003704
4 72 0.006211
4 73 0.006079
4 74 0.005479
4 75 0.014706
4 76 0.007353
4 77 0.004843
4 78 0.005525
4 79 0.008333
4 80 0.006623
4 81 0.008889
4 82 0.035714
4 83 0.015038
4 84 0.058824
4 85 0.016667
4 86 0.005195
4 87 0.004348
4 88 0.012739
4 89 0.007491
4 90 0.004444
4 91 0.007905
4 92 0.018182
4 93 0.010152
4 94 0.005291
4 95 0.006645
4 96 0.007220
4 97 0.004057
4 98 0.007194
4 99 0.007937
5 6 0.006116
5 7 0.006098
5 8 0.012270
5 9 0.011429
5 10 0.009804
5 11 0.010417
5 12 0.010256
5 13 0.040816
5 14 0.005970
5 15 0.006897
5 16 0.011765
5 17 0.005797
5 18 0.006849
5 19 0.018349
5 20 0.021739
5 21 0.010471
5 22 0.019802
5 23 0.076923
5 24 0.006780
5 25 0.006826
5 26 0.006711
5 27 0.006211
5 28 0.013072
5 29 0.007752
5 30 0.021739
5 31 0.006711
5 32 0.022727
5 33 0.008621
5 34 0.007547
5 35 0.004739
5 36 0.030303
5 37 0.013333
5 38 0.012195
5 39 0.006390
5 40 0.005865
5 41 0.007326
5 42 0.019048
5 43 0.012346
5 44 0.008772
5 45 0.029851
5 46 0.005714
5 47 0.012739
5 48 0.007463
5 49 0.007491
5 50 0.005814
5 51 0.009091
5 52 0.007143
5 53 0.016129
5 54 0.038462
5 55 0.011429
5 56 0.008130
5 57 0.008130
5 58 0.043478
5 59 0.014599
5 60 0.005714
5 61 0.011494
5 62 0.006494
5 63 0.015385
5 64 0.008547
5 65 0.037736
5 66 0.013889
5 67 0.007874
5 68 0.007634
5 69 0.006173
5 70 0.010417
5 71 0.009217
5 72 0.076923
5 73 0.006329
5 74 0.054054
5 75 0.008658
5 76 0.010929
5 77 0.013333
5 78 0.008299
5 79 0.010050
5 80 0.015152
5 81 0.016807
5 82 0.007246
5 83 0.005764
5 84 0.005540
5 85 0.006369
5 86 0.008584
5 87 0.010989
5 88 0.006757
5 89 0.018519
5 90 0.009804
5 91 0.007326
5 92 0.008475
5 93 0.006944
5 94 0.020833
5 95 0.012121
5 96 0.006289
5 97 0.011628
5 98 0.016129
5 99 0.014706
6 7 0.003263
6 8 0.004115
6 9 0.004211
6 10 0.004237
6 11 0.004000
6 12 0.004000
6 13 0.005348
6 14 0.003401
6 15 0.004494
6 16 0.007042
6 17 0.003683
6 18 0.003591
6 19 0.005333
6 20 0.004902
6 21 0.007117
6 22 0.005848
6 23 0.006579
6 24 0.003697
6 25 0.003509
6 26 0.010417
6 27 0.003279
6 28 0.009174
6 29 0.003503
6 30 0.004963
6 31 0.011173
6 32 0.005063
6 33 0.006329
6 34 0.008929
6 35 0.004717
6 36 0.005362
6 37 0.008969
6 38 0.004082
6 39 0.003876
6 40 0.006826
6 41 0.010417
6 42 0.006944
6 43 0.009524
6 44 0.004073
6 45 0.006211
6 46 0.005495
6 47 0.005405
6 48 0.004415
6 49 0.004132
6 50 0.006897
6 51 0.003831
6 52 0.005236
6 53 0.006250
6 54 0.005540
6 55 0.004545
6 56 0.003817
6 57 0.016393
6 58 0.005917
6 59 0.004717
6 60 0.004640
6 61 0.004098
6 62 0.006410
6 63 0.004505
6 64 0.006079
6 65 0.006042
6 66 0.009259
6 67 0.005076
6 68 0.006270
6 69 0.003328
6 70 0.013423
6 71 0.004049
6 72 0.005780
6 73 0.064516
6 74 0.005747
6 75 0.005168
6 76 0.013245
6 77 0.004193
6 78 0.003704
6 79 0.004515
6 80 0.010256
6 81 0.005747
6 82 0.005731
6 83 0.004237
6 84 0.005362
6 85 0.008130
6 86 0.003683
6 87 0.003953
6 88 0.004348
6 89 0.008734
6 90 0.003774
6 91 0.003945
6 92 0.007407
6 93 0.004158
6 94 0.007326
6 95 0.012346
6 96 0.003636
6 97 0.004320
6 98 0.009662
6 99 0.009662
7 8 0.010309
7 9 0.005797
7 10 0.014184
7 11 0.006135
7 12 0.005970
7 13 0.006579
7 14 0.025000
7 15 0.008032
7 16 0.005900
7 17 0.010929
7 18 0.028986
7 19 0.008299
7 20 0.006410
7 21 0.005714
7 22 0.004988
7 23 0.005682
7 24 0.019231
7 25 0.044444
7 26 0.004065
7 27 0.200000
7 28 0.004175
7 29 0.018692
7 30 0.006173
7 31 0.003992
7 32 0.008333
7 33 0.005865
7 34 0.004515
7 35 0.004505
7 36 0.005970
7 37 0.005115
7 38 0.008969
7 39 0.011429
7 40 0.004338
7 41 0.004237
7 42 0.004673
7 43 0.004098
7 44 0.004739
7 45 0.006689
7 46 0.004890
7 47 0.008097
7 48 0.009346
7 49 0.012048
7 50 0.004283
7 51 0.017857
7 52 0.006390
7 53 0.006826
7 54 0.005988
7 55 0.004988
7 56 0.022222
7 57 0.004000
7 58 0.006826
7 59 0.010204
7 60 0.005882
7 61 0.006494
7 62 0.004878
7 63 0.009852
7 64 0.006079
7 65 0.006757
7 66 0.005038
7 67 0.007273
7 68 0.005540
7 69 0.090909
7 70 0.004301
7 71 0.005025
7 72 0.006601
7 73 0.003378
7 74 0.005970
7 75 0.007576
7 76 0.004310
7 77 0.008439
7 78 0.022222
7 79 0.011494
7 80 0.004587
7 81 0.007547
7 82 0.005797
7 83 0.006969
7 84 0.004831
7 85 0.004264
7 86 0.017857
7 87 0.007547
7 88 0.008439
7 89 0.005102
7 90 0.009174
7 91 0.014706
7 92 0.005195
7 93 0.010204
7 94 0.004728
7 95 0.004310
7 96 0.016129
7 97 0.005525
7 98 0.004819
7 99 0.004890
8 9 0.012821
8 10 0.015152
8 11 0.013889
8 12 0.013072
8 13 0.016129
8 14 0.008584
8 15 0.006969
8 16 0.007605
8 17 0.006897
8 18 0.010638
8 19 0.014599
8 20 0.016667
8 21 0.007092
8 22 0.009390
8 23 0.010638
8 24 0.009524
8 25 0.011429
8 26 0.004762
8 27 0.010753
8 28 0.006410
8 29 0.019802
8 30 0.015152
8 31 0.004706
8 32 0.020833
8 33 0.006623
8 34 0.005305
8 35 0.004255
8 36 0.013514
8 37 0.007092
8 38 0.057143
8 39 0.007605
8 40 0.004640
8 41 0.005051
8 42 0.008000
8 43 0.006231
8 44 0.008511
8 45 0.011696
8 46 0.004878
8 47 0.010695
8 48 0.007968
8 49 0.009050
8 50 0.004587
8 51 0.023256
8 52 0.006329
8 53 0.009852
8 54 0.013245
8 55 0.009569
8 56 0.014286
8 57 0.005102
8 58 0.013423
8 59 0.020202
8 60 0.005348
8 61 0.016393
8 62 0.005181
8 63 0.040000
8 64 0.006734
8 65 0.012739
8 66 0.007092
8 67 0.007194
8 68 0.006024
8 69 0.010050
8 70 0.005831
8 71 0.009434
8 72 0.014184
8 73 0.004237
8 74 0.012821
8 75 0.007843
8 76 0.005935
8 77 0.044444
8 78 0.018692
8 79 0.012346
8 80 0.006849
8 81 0.011494
8 82 0.006024
8 83 0.005797
8 84 0.004773
8 85 0.004773
8 86 0.023810
8 87 0.023256
8 88 0.007042
8 89 0.007752
8 90 0.031746
8 91 0.009569
8 92 0.006061
8 93 0.007843
8 94 0.008032
8 95 0.006154
8 96 0.008333
8 97 0.011696
8 98 0.007168
8 99 0.007067
9 10 0.007143
9 11 0.064516
9 12 0.074074
9 13 0.015152
9 14 0.005141
9 15 0.004762
9 16 0.005900
9 17 0.004545
9 18 0.005814
9 19 0.008439
9 20 0.023256
9 21 0.005556
9 22 0.014706
9 23 0.010638
9 24 0.005495
9 25 0.006061
9 26 0.004237
9 27 0.005952
9 28 0.007605
9 29 0.008299
9 30 0.024096
9 31 0.004237
9 32 0.010695
9 33 0.005063
9 34 0.004556
9 35 0.003442
9 36 0.018018
9 37 0.006173
9 38 0.016260
9 39 0.004854
9 40 0.003899
9 41 0.004464
9 42 0.010526
9 43 0.007353
9 44 0.025000
9 45 0.008696
9 46 0.003899
9 47 0.006757
9 48 0.005155
9 49 0.005464
9 50 0.003868
9 51 0.008299
9 52 0.004640
9 53 0.007042
9 54 0.016000
9 55 0.030769
9 56 0.006780
9 57 0.004843
9 58 0.009950
9 59 0.008850
9 60 0.004024
9 61 0.052632
9 62 0.004202
9 63 0.011299
9 64 0.005063
9 65 0.009434
9 66 0.006309
9 67 0.005038
9 68 0.004684
9 69 0.005682
9 70 0.005602
9 71 0.035088
9 72 0.011561
9 73 0.004255
9 74 0.014184
9 75 0.005362
9 76 0.005780
9 77 0.018018
9 78 0.007663
9 79 0.006667
9 80 0.006920
9 81 0.007519
9 82 0.004587
9 83 0.004175
9 84 0.003817
9 85 0.004098
9 86 0.008547
9 87 0.024096
9 88 0.004751
9 89 0.007194
9 90 0.015152
9 91 0.005571
9 92 0.004914
9 93 0.005025
9 94 0.009852
9 95 0.006231
9 96 0.005076
9 97 0.100000
9 98 0.006897
9 99 0.006536
10 11 0.007326
10 12 0.007117
10 13 0.010309
10 14 0.015152
10 15 0.012422
10 16 0.010000
10 17 0.012422
10 18 0.021978
10 19 0.019231
10 20 0.009174
10 21 0.009346
10 22 0.006849
10 23 0.008850
10 24 0.021505
10 25 0.020202
10 26 0.005602
10 27 0.014388
10 28 0.005714
10 29 0.015038
10 30 0.008696
10 31 0.005464
10 32 0.016807
10 33 0.009390
10 34 0.006472
10 35 0.005650
10 36 0.008696
10 37 0.008000
10 38 0.011976
10 39 0.015038
10 40 0.005882
10 41 0.005952
10 42 0.006494
10 43 0.005587
10 44 0.005587
10 45 0.012270
10 46 0.006623
10 47 0.018519
10 48 0.016260
10 49 0.022472
10 50 0.005780
10 51 0.025641
10 52 0.009804
10 53 0.013072
10 54 0.008889
10 55 0.006211
10 56 0.038462
10 57 0.005571
10 58 0.012270
10 59 0.029851
10 60 0.007905
10 61 0.008000
10 62 0.006873
10 63 0.019231
10 64 0.009852
10 65 0.012270
10 66 0.007782
10 67 0.012270
10 68 0.008403
10 69 0.015385
10 70 0.006154
10 71 0.005952
10 72 0.011173
10 73 0.004425
10 74 0.009091
10 75 0.013793
10 76 0.006173
10 77 0.011561
10 78 0.023810
10 79 0.047619
10 80 0.006689
10 81 0.016000
10 82 0.008734
10 83 0.009259
10 84 0.006452
10 85 0.005865
10 86 0.018868
10 87 0.009174
10 88 0.012821
10 89 0.007905
10 90 0.010582
10 91 0.025000
10 92 0.007905
10 93 0.016129
10 94 0.006689
10 95 0.006135
10 96 0.016807
10 97 0.006873
10 98 0.007220
10 99 0.007435
11 12 0.200000
11 13 0.013699
11 14 0.005333
11 15 0.004773
11 16 0.005714
11 17 0.004619
11 18 0.006042
11 19 0.008299
11 20 0.019802
11 21 0.005391
11 22 0.012195
11 23 0.009662
11 24 0.005666
11 25 0.006349
11 26 0.004090
11 27 0.006309
11 28 0.006873
11 29 0.009050
11 30 0.019608
11 31 0.004082
11 32 0.010526
11 33 0.004950
11 34 0.004405
11 35 0.003407
11 36 0.015152
11 37 0.005865
11 38 0.018349
11 39 0.004938
11 40 0.003810
11 41 0.004301
11 42 0.009174
11 43 0.006667
11 44 0.020408
11 45 0.008264
11 46 0.003839
11 47 0.006667
11 48 0.005181
11 49 0.005540
11 50 0.003781
11 51 0.008850
11 52 0.004598
11 53 0.006803
11 54 0.013793
11 55 0.021277
11 56 0.007067
11 57 0.004608
11 58 0.009390
11 59 0.008929
11 60 0.004000
11 61 0.083333
11 62 0.004115
11 63 0.011628
11 64 0.004963
11 65 0.008929
11 66 0.005970
11 67 0.005000
11 68 0.004587
11 69 0.005970
11 70 0.005277
11 71 0.027397
11 72 0.010753
11 73 0.004040
11 74 0.012500
11 75 0.005319
11 76 0.005420
11 77 0.020000
11 78 0.008163
11 79 0.006734
11 80 0.006410
11 81 0.007326
11 82 0.004515
11 83 0.004184
11 84 0.003766
11 85 0.003984
11 86 0.009217
11 87 0.032258
11 88 0.004773
11 89 0.006711
11 90 0.018182
11 91 0.005698
11 92 0.004773
11 93 0.005076
11 94 0.008734
11 95 0.005814
11 96 0.005208
11 97 0.040000
11 98 0.006431
11 99 0.006135
12 13 0.013333
12 14 0.005208
12 15 0.004695
12 16 0.005634
12 17 0.004535
12 18 0.005882
12 19 0.008097
12 20 0.019231
12 21 0.005319
12 22 0.012346
12 23 0.009569
12 24 0.005525
12 25 0.006173
12 26 0.004065
12 27 0.006135
12 28 0.006920
12 29 0.008696
12 30 0.019231
12 31 0.004057
12 32 0.010152
12 33 0.004878
12 34 0.004367
12 35 0.003367
12 36 0.015038
12 37 0.005814
12 38 0.016949
12 39 0.004843
12 40 0.003781
12 41 0.004274
12 42 0.009259
12 43 0.006711
12 44 0.022472
12 45 0.008130
12 46 0.003802
12 47 0.006515
12 48 0.005089
12 49 0.005420
12 50 0.003752
12 51 0.008511
12 52 0.004525
12 53 0.006689
12 54 0.013605
12 55 0.022727
12 56 0.006849
12 57 0.004587
12 58 0.009174
12 59 0.008621
12 60 0.003953
12 61 0.062500
12 62 0.004073
12 63 0.011111
12 64 0.004890
12 65 0.008772
12 66 0.005917
12 67 0.004914
12 68 0.004535
12 69 0.005814
12 70 0.005263
12 71 0.031250
12 72 0.010526
12 73 0.004040
12 74 0.012346
12 75 0.005222
12 76 0.005405
12 77 0.018349
12 78 0.007874
12 79 0.006579
12 80 0.006390
12 81 0.007168
12 82 0.004454
12 83 0.004115
12 84 0.003724
12 85 0.003953
12 86 0.008850
12 87 0.028169
12 88 0.004695
12 89 0.006667
12 90 0.016807
12 91 0.005556
12 92 0.004717
12 93 0.004975
12 94 0.008734
12 95 0.005797
12 96 0.005102
12 97 0.044444
12 98 0.006390
12 99 0.006098
13 14 0.006211
13 15 0.006557
13 16 0.009662
13 17 0.005780
13 18 0.007194
13 19 0.017094
13 20 0.042553
13 21 0.008772
13 22 0.020202
13 23 0.028571
13 24 0.006993
13 25 0.007299
13 26 0.005831
13 27 0.006734
13 28 0.010638
13 29 0.008929
13 30 0.038462
13 31 0.005797
13 32 0.026316
13 33 0.007547
13 34 0.006494
13 35 0.004415
13 36 0.052632
13 37 0.010204
13 38 0.016807
13 39 0.006349
13 40 0.005249
13 41 0.006270
13 42 0.015748
13 43 0.010152
13 44 0.010309
13 45 0.020408
13 46 0.005222
13 47 0.011494
13 48 0.007194
13 49 0.007463
13 50 0.005195
13 51 0.010363
13 52 0.006557
13 53 0.012987
13 54 0.062500
13 55 0.013793
13 56 0.008772
13 57 0.006803
13 58 0.028571
13 59 0.015625
13 60 0.005348
13 61 0.015748
13 62 0.005797
13 63 0.019608
13 64 0.007519
13 65 0.025000
13 66 0.010471
13 67 0.007273
13 68 0.006757
13 69 0.006601
13 70 0.008333
13 71 0.011111
13 72 0.048780
13 73 0.005510
13 74 0.060606
13 75 0.007968
13 76 0.008658
13 77 0.019048
13 78 0.009302
13 79 0.010050
13 80 0.011173
13 81 0.014286
13 82 0.006515
13 83 0.005510
13 84 0.005076
13 85 0.005602
13 86 0.009950
13 87 0.014925
13 88 0.006472
13 89 0.012821
13 90 0.012658
13 91 0.007407
13 92 0.007273
13 93 0.006803
13 94 0.016000
13 95 0.009434
13 96 0.006410
13 97 0.015038
13 98 0.011628
13 99 0.010870
14 15 0.010870
14 16 0.006557
14 17 0.019048
14 18 0.043478
14 19 0.008547
14 20 0.005865
14 21 0.006410
14 22 0.004751
14 23 0.005602
14 24 0.042553
14 25 0.032258
14 26 0.004474
14 27 0.022727
14 28 0.004158
14 29 0.011765
14 30 0.005666
14 31 0.004367
14 32 0.008032
14 33 0.006826
14 34 0.005025
14 35 0.005362
14 36 0.005602
14 37 0.005464
14 38 0.007519
14 39 0.019417
14 40 0.004963
14 41 0.004651
14 42 0.004556
14 43 0.004098
14 44 0.004274
14 45 0.006849
14 46 0.005814
14 47 0.009091
14 48 0.012987
14 49 0.018182
14 50 0.004878
14 51 0.013423
14 52 0.007905
14 53 0.007380
14 54 0.005666
14 55 0.004556
14 56 0.020833
14 57 0.004264
14 58 0.006803
14 59 0.010101
14 60 0.007407
14 61 0.005650
14 62 0.005666
14 63 0.008889
14 64 0.007117
14 65 0.006803
14 66 0.005333
14 67 0.009132
14 68 0.006472
14 69 0.033898
14 70 0.004525
14 71 0.004505
14 72 0.006452
14 73 0.003546
14 74 0.005714
14 75 0.009346
14 76 0.004515
14 77 0.007194
14 78 0.015267
14 79 0.013514
14 80 0.004706
14 81 0.008065
14 82 0.006920
14 83 0.009346
14 84 0.005747
14 85 0.004785
14 86 0.012346
14 87 0.006369
14 88 0.011765
14 89 0.005291
14 90 0.007353
14 91 0.024390
14 92 0.005882
14 93 0.015385
14 94 0.004651
14 95 0.004444
14 96 0.040000
14 97 0.004963
14 98 0.004975
14 99 0.005128
15 16 0.011628
15 17 0.019608
15 18 0.011050
15 19 0.010582
15 20 0.005814
15 21 0.011905
15 22 0.005128
15 23 0.006623
15 24 0.013699
15 25 0.009615
15 26 0.007168
15 27 0.007905
15 28 0.005000
15 29 0.006944
15 30 0.005666
15 31 0.006873
15 32 0.008511
15 33 0.015385
15 34 0.008621
15 35 0.010101
15 36 0.005865
15 37 0.008264
15 38 0.006250
15 39 0.023810
15 40 0.009009
15 41 0.007519
15 42 0.005195
15 43 0.004938
15 44 0.004057
15 45 0.008850
15 46 0.012422
15 47 0.014925
15 48 0.051282
15 49 0.023529
15 50 0.008734
15 51 0.008475
15 52 0.027397
15 53 0.011429
15 54 0.006042
15 55 0.004454
15 56 0.010638
15 57 0.006173
15 58 0.008163
15 59 0.010256
15 60 0.021277
15 61 0.005051
15 62 0.011628
15 63 0.008065
15 64 0.017241
15 65 0.008403
15 66 0.007843
15 67 0.038462
15 68 0.014815
15 69 0.008772
15 70 0.006369
15 71 0.004211
15 72 0.007299
15 73 0.004785
15 74 0.006231
15 75 0.030303
15 76 0.006270
15 77 0.006192
15 78 0.008511
15 79 0.015873
15 80 0.006173
15 81 0.011628
15 82 0.018182
15 83 0.033333
15 84 0.012048
15 85 0.008264
15 86 0.007605
15 87 0.005405
15 88 0.125000
15 89 0.007194
15 90 0.005764
15 91 0.017544
15 92 0.011299
15 93 0.037037
15 94 0.005420
15 95 0.005917
15 96 0.014815
15 97 0.004684
15 98 0.006734
15 99 0.007220
16 17 0.007605
16 18 0.007194
16 19 0.015748
16 20 0.007874
16 21 0.090909
16 22 0.007663
16 23 0.011834
16 24 0.007722
16 25 0.006780
16 26 0.012422
16 27 0.005917
16 28 0.008475
16 29 0.006250
16 30 0.007782
16 31 0.011976
16 32 0.011696
16 33 0.030303
16 34 0.017391
16 35 0.007843
16 36 0.008547
16 37 0.028169
16 38 0.007042
16 39 0.008547
16 40 0.011429
16 41 0.014493
16 42 0.008368
16 43 0.008333
16 44 0.005038
16 45 0.018349
16 46 0.010989
16 47 0.021505
16 48 0.011628
16 49 0.009950
16 50 0.011111
16 51 0.007547
16 52 0.015504
16 53 0.032787
16 54 0.009050
16 55 0.005814
16 56 0.007968
16 57 0.012121
16 58 0.014493
16 59 0.011628
16 60 0.010152
16 61 0.006079
16 62 0.014388
16 63 0.009346
16 64 0.027397
16 65 0.015748
16 66 0.023810
16 67 0.016393
16 68 0.021053
16 69 0.006154
16 70 0.013889
16 71 0.005195
16 72 0.011976
16 73 0.007692
16 74 0.009709
16 75 0.018519
16 76 0.013514
16 77 0.007220
16 78 0.007168
16 79 0.012121
16 80 0.012821
16 81 0.022222
16 82 0.017544
16 83 0.009302
16 84 0.010363
16 85 0.012739
16 86 0.006873
16 87 0.006211
16 88 0.010811
16 89 0.017699
16 90 0.006192
16 91 0.008929
16 92 0.028571
16 93 0.010000
16 94 0.009132
16 95 0.012048
16 96 0.007519
16 97 0.005900
16 98 0.015504
16 99 0.018692
17 18 0.016000
17 19 0.008439
17 20 0.005305
17 21 0.007605
17 22 0.004535
17 23 0.005510
17 24 0.022222
17 25 0.013158
17 26 0.005249
17 27 0.010582
17 28 0.004219
17 29 0.007843
17 30 0.005168
17 31 0.005089
17 32 0.007380
17 33 0.008696
17 34 0.005988
17 35 0.007326
17 36 0.005208
17 37 0.006042
17 38 0.006154
17 39 0.060606
17 40 0.006231
17 41 0.005450
17 42 0.004464
17 43 0.004167
17 44 0.003854
17 45 0.006944
17 46 0.007874
17 47 0.010101
17 48 0.021978
17 49 0.025316
17 50 0.006098
17 51 0.009217
17 52 0.011494
17 53 0.008065
17 54 0.005319
17 55 0.004158
17 56 0.012658
17 57 0.004751
17 58 0.006667
17 59 0.009050
17 60 0.011561
17 61 0.004878
17 62 0.007326
17 63 0.007547
17 64 0.009217
17 65 0.006757
17 66 0.005831
17 67 0.013333
17 68 0.008439
17 69 0.012422
17 70 0.004926
17 71 0.004024
17 72 0.006173
17 73 0.003876
17 74 0.005420
17 75 0.012821
17 76 0.004878
17 77 0.006006
17 78 0.009709
17 79 0.013514
17 80 0.004926
17 81 0.008511
17 82 0.009434
17 83 0.017544
17 84 0.007812
17 85 0.005814
17 86 0.008403
17 87 0.005319
17 88 0.022989
17 89 0.005587
17 90 0.005848
17 91 0.024390
17 92 0.007194
17 93 0.031746
17 94 0.004608
17 95 0.004717
17 96 0.032787
17 97 0.004425
17 98 0.005263
17 99 0.005510
18 19 0.010309
18 20 0.006757
18 21 0.006969
18 22 0.005319
18 23 0.006349
18 24 0.054054
18 25 0.068966
18 26 0.004684
18 27 0.027397
18 28 0.004545
18 29 0.015038
18 30 0.006494
18 31 0.004577
18 32 0.009709
18 33 0.007299
18 34 0.005291
18 35 0.005305
18 36 0.006410
18 37 0.005988
18 38 0.009009
18 39 0.018018
18 40 0.005102
18 41 0.004902
18 42 0.005038
18 43 0.004464
18 44 0.004728
18 45 0.007905
18 46 0.005882
18 47 0.010638
18 48 0.013793
18 49 0.020619
18 50 0.005013
18 51 0.019048
18 52 0.008197
18 53 0.008403
18 54 0.006472
18 55 0.005076
18 56 0.039216
18 57 0.004535
18 58 0.007905
18 59 0.012903
18 60 0.007353
18 61 0.006452
18 62 0.005848
18 63 0.011111
18 64 0.007605
18 65 0.007905
18 66 0.005848
18 67 0.009662
18 68 0.006803
18 69 0.040000
18 70 0.004878
18 71 0.005000
18 72 0.007463
18 73 0.003738
18 74 0.006536
18 75 0.010152
18 76 0.004878
18 77 0.008584
18 78 0.022472
18 79 0.017544
18 80 0.005141
18 81 0.009434
18 82 0.007220
18 83 0.009050
18 84 0.005797
18 85 0.004975
18 86 0.016667
18 87 0.007407
18 88 0.011834
18 89 0.005848
18 90 0.008696
18 91 0.029412
18 92 0.006250
18 93 0.015625
18 94 0.005155
18 95 0.004831
18 96 0.031250
18 97 0.005571
18 98 0.005464
18 99 0.005618
19 20 0.012739
19 21 0.013699
19 22 0.009709
19 23 0.015748
19 24 0.010471
19 25 0.009950
19 26 0.007018
19 27 0.008439
19 28 0.008065
19 29 0.010000
19 30 0.012121
19 31 0.006873
19 32 0.038462
19 33 0.011905
19 34 0.008299
19 35 0.005764
19 36 0.013072
19 37 0.012739
19 38 0.012500
19 39 0.009756
19 40 0.006780
19 41 0.007634
19 42 0.009434
19 43 0.007843
19 44 0.006515
19 45 0.033333
19 46 0.007117
19 47 0.033333
19 48 0.012270
19 49 0.012579
19 50 0.006667
19 51 0.013514
19 52 0.010256
19 53 0.029851
19 54 0.013889
19 55 0.007663
19 56 0.013072
19 57 0.007463
19 58 0.031250
19 59 0.040000
19 60 0.007663
19 61 0.009174
19 62 0.007937
19 63 0.022727
19 64 0.012121
19 65 0.032787
19 66 0.012422
19 67 0.012422
19 68 0.010050
19 69 0.008584
19 70 0.008811
19 71 0.006897
19 72 0.022727
19 73 0.005602
19 74 0.014815
19 75 0.014599
19 76 0.008889
19 77 0.012821
19 78 0.012121
19 79 0.021978
19 80 0.010204
19 81 0.052632
19 82 0.009852
19 83 0.008097
19 84 0.006873
19 85 0.007092
19 86 0.011696
19 87 0.009852
19 88 0.010363
19 89 0.013245
19 90 0.010101
19 91 0.011976
19 92 0.010363
19 93 0.011050
19 94 0.010000
19 95 0.008969
19 96 0.009434
19 97 0.008264
19 98 0.011429
19 99 0.011834
20 21 0.007273
20 22 0.021053
20 23 0.018349
20 24 0.006472
20 25 0.006944
20 26 0.005141
20 27 0.006579
20 28 0.009569
20 29 0.009091
20 30 0.153846
20 31 0.005128
20 32 0.018182
20 33 0.006431
20 34 0.005634
20 35 0.004016
20 36 0.054054
20 37 0.008299
20 38 0.019608
20 39 0.005780
20 40 0.004673
20 41 0.005479
20 42 0.014388
20 43 0.009174
20 44 0.013245
20 45 0.013793
20 46 0.004662
20 47 0.009259
20 48 0.006349
20 49 0.006667
20 50 0.004630
20 51 0.009950
20 52 0.005731
20 53 0.010000
20 54 0.041667
20 55 0.018868
20 56 0.008130
20 57 0.005952
20 58 0.017241
20 59 0.012739
20 60 0.004796
20 61 0.024096
20 62 0.005115
20 63 0.017094
20 64 0.006431
20 65 0.015748
20 66 0.008511
20 67 0.006309
20 68 0.005848
20 69 0.006369
20 70 0.007117
20 71 0.014925
20 72 0.022727
20 73 0.005000
20 74 0.032258
20 75 0.006826
20 76 0.007380
20 77 0.023256
20 78 0.008969
20 79 0.008658
20 80 0.009259
20 81 0.010870
20 82 0.005682
20 83 0.004963
20 84 0.004545
20 85 0.004950
20 86 0.009852
20 87 0.020202
20 88 0.005764
20 89 0.010101
20 90 0.014925
20 91 0.006734
20 92 0.006211
20 93 0.006079
20 94 0.013793
20 95 0.008032
20 96 0.005935
20 97 0.022989
20 98 0.009390
20 99 0.008850
21 22 0.007117
21 23 0.010582
21 24 0.007519
21 25 0.006536
21 26 0.013889
21 27 0.005731
21 28 0.008000
21 29 0.005935
21 30 0.007168
21 31 0.013158
21 32 0.010417
21 33 0.040000
21 34 0.020619
21 35 0.008475
21 36 0.007843
21 37 0.025000
21 38 0.006579
21 39 0.008475
21 40 0.012987
21 41 0.016260
21 42 0.007782
21 43 0.007905
21 44 0.004785
21 45 0.015267
21 46 0.012346
21 47 0.018692
21 48 0.011628
21 49 0.009709
21 50 0.012658
21 51 0.007117
21 52 0.016949
21 53 0.024691
21 54 0.008264
21 55 0.005479
21 56 0.007576
21 57 0.012500
21 58 0.012579
21 59 0.010526
21 60 0.010870
21 61 0.005714
21 62 0.016949
21 63 0.008584
21 64 0.033333
21 65 0.013423
21 66 0.021277
21 67 0.017094
21 68 0.026667
21 69 0.005970
21 70 0.013699
21 71 0.004926
21 72 0.010638
21 73 0.007843
21 74 0.008811
21 75 0.018692
21 76 0.013072
21 77 0.006711
21 78 0.006803
21 79 0.011299
21 80 0.011905
21 81 0.018349
21 82 0.020619
21 83 0.009709
21 84 0.011494
21 85 0.014599
21 86 0.006515
21 87 0.005831
21 88 0.010989
21 89 0.015625
21 90 0.005831
21 91 0.008658
21 92 0.040816
21 93 0.009950
21 94 0.008439
21 95 0.011429
21 96 0.007380
21 97 0.005556
21 98 0.014184
21 99 0.017094
22 23 0.021505
22 24 0.005208
22 25 0.005376
22 26 0.005479
22 27 0.005089
22 28 0.015625
22 29 0.006369
22 30 0.023810
22 31 0.005510
22 32 0.011494
22 33 0.006135
22 34 0.005865
22 35 0.003876
22 36 0.030303
22 37 0.008929
22 38 0.010152
22 39 0.004878
22 40 0.004717
22 41 0.005848
22 42 0.036364
22 43 0.014599
22 44 0.012903
22 45 0.011976
22 46 0.004515
22 47 0.007782
22 48 0.005435
22 49 0.005510
22 50 0.004684
22 51 0.006920
22 52 0.005291
22 53 0.008969
22 54 0.029412
22 55 0.020000
22 56 0.006116
22 57 0.006826
22 58 0.013699
22 59 0.008850
22 60 0.004454
22 61 0.012821
22 62 0.005038
22 63 0.010050
22 64 0.006061
22 65 0.013072
22 66 0.009390
22 67 0.005650
22 68 0.005634
22 69 0.005000
22 70 0.008439
22 71 0.013072
22 72 0.016807
22 73 0.005882
22 74 0.027397
22 75 0.006042
22 76 0.008889
22 77 0.011111
22 78 0.006431
22 79 0.006803
22 80 0.012121
22 81 0.009132
22 82 0.005376
22 83 0.004474
22 84 0.004405
22 85 0.005102
22 86 0.006780
22 87 0.010695
22 88 0.005051
22 89 0.011765
22 90 0.008772
22 91 0.005450
22 92 0.006192
22 93 0.005181
22 94 0.028169
22 95 0.010309
22 96 0.004878
22 97 0.016393
22 98 0.011494
22 99 0.010204
23 24 0.006329
23 25 0.006309
23 26 0.006993
23 27 0.005780
23 28 0.015625
23 29 0.007067
23 30 0.018868
23 31 0.006993
23 32 0.017699
23 33 0.008547
23 34 0.007812
23 35 0.004728
23 36 0.025974
23 37 0.014388
23 38 0.010638
23 39 0.006042
23 40 0.005952
23 41 0.007634
23 42 0.023256
23 43 0.014599
23 44 0.008584
23 45 0.025974
23 46 0.005698
23 47 0.011765
23 48 0.007067
23 49 0.007018
23 50 0.005900
23 51 0.008163
23 52 0.006993
23 53 0.015267
23 54 0.031746
23 55 0.011173
23 56 0.007435
23 57 0.008772
23 58 0.031250
23 59 0.012500
23 60 0.005602
23 61 0.010471
23 62 0.006536
23 63 0.012903
23 64 0.008403
23 65 0.029412
23 66 0.015267
23 67 0.007605
23 68 0.007605
23 69 0.005747
23 70 0.011561
23 71 0.008889
23 72 0.039216
23 73 0.006803
23 74 0.041667
23 75 0.008299
23 76 0.012270
23 77 0.011494
23 78 0.007519
23 79 0.009174
23 80 0.018349
23 81 0.015152
23 82 0.007143
23 83 0.005587
23 84 0.005525
23 85 0.006536
23 86 0.007752
23 87 0.009852
23 88 0.006452
23 89 0.021978
23 90 0.008811
23 91 0.006826
23 92 0.008584
23 93 0.006579
23 94 0.027027
23 95 0.013986
23 96 0.005917
23 97 0.010989
23 98 0.019048
23 99 0.016807
24 25 0.030303
24 26 0.004975
24 27 0.018519
24 28 0.004566
24 29 0.012048
24 30 0.006250
24 31 0.004854
24 32 0.009479
24 33 0.008065
24 34 0.005666
24 35 0.005865
24 36 0.006211
24 37 0.006270
24 38 0.008197
24 39 0.027027
24 40 0.005525
24 41 0.005208
24 42 0.005013
24 43 0.004494
24 44 0.004515
24 45 0.008032
24 46 0.006515
24 47 0.011561
24 48 0.017699
24 49 0.030303
24 50 0.005420
24 51 0.015267
24 52 0.009434
24 53 0.008889
24 54 0.006309
24 55 0.004878
24 56 0.028169
24 57 0.004728
24 58 0.007937
24 59 0.012579
24 60 0.008439
24 61 0.006042
24 62 0.006431
24 63 0.010363
24 64 0.008475
24 65 0.007968
24 66 0.006079
24 67 0.011364
24 68 0.007547
24 69 0.024096
24 70 0.005051
24 71 0.004762
24 72 0.007380
24 73 0.003861
24 74 0.006390
24 75 0.011834
24 76 0.005038
24 77 0.007874
24 78 0.016949
24 79 0.019608
24 80 0.005263
24 81 0.009901
24 82 0.008097
24 83 0.010870
24 84 0.006431
24 85 0.005333
24 86 0.013333
24 87 0.006803
24 88 0.014925
24 89 0.006006
24 90 0.007782
24 91 0.054054
24 92 0.006780
24 93 0.021505
24 94 0.005141
24 95 0.004950
24 96 0.062500
24 97 0.005305
24 98 0.005618
24 99 0.005814
25 26 0.004474
25 27 0.043478
25 28 0.004505
25 29 0.018519
25 30 0.006667
25 31 0.004386
25 32 0.009709
25 33 0.006757
25 34 0.005025
25 35 0.004950
25 36 0.006515
25 37 0.005747
25 38 0.009662
25 39 0.014388
25 40 0.004796
25 41 0.004684
25 42 0.005051
25 43 0.004425
25 44 0.004890
25 45 0.007692
25 46 0.005464
25 47 0.009852
25 48 0.011628
25 49 0.016129
25 50 0.004728
25 51 0.022222
25 52 0.007407
25 53 0.008000
25 54 0.006557
25 55 0.005222
25 56 0.040816
25 57 0.004386
25 58 0.007782
25 59 0.012658
25 60 0.006667
25 61 0.006780
25 62 0.005464
25 63 0.011494
25 64 0.007018
25 65 0.007752
25 66 0.005634
25 67 0.008658
25 68 0.006309
25 69 0.062500
25 70 0.004728
25 71 0.005195
25 72 0.007435
25 73 0.003643
25 74 0.006579
25 75 0.009091
25 76 0.004739
25 77 0.009091
25 78 0.028571
25 79 0.015385
25 80 0.005038
25 81 0.008969
25 82 0.006645
25 83 0.008032
25 84 0.005376
25 85 0.004706
25 86 0.020000
25 87 0.007874
25 88 0.010204
25 89 0.005698
25 90 0.009479
25 91 0.021053
25 92 0.005882
25 93 0.012903
25 94 0.005141
25 95 0.004717
25 96 0.021739
25 97 0.005780
25 98 0.005333
25 99 0.005450
26 27 0.004065
26 28 0.007067
26 29 0.004167
26 30 0.005141
26 31 0.142857
26 32 0.006135
26 33 0.012903
26 34 0.040000
26 35 0.008584
26 36 0.005540
26 37 0.013514
26 38 0.004566
26 39 0.005571
26 40 0.019608
26 41 0.080000
26 42 0.006192
26 43 0.007117
26 44 0.003868
26 45 0.007874
26 46 0.011561
26 47 0.007968
26 48 0.006734
26 49 0.005917
26 50 0.020202
26 51 0.004706
26 52 0.009569
26 53 0.009132
26 54 0.005764
26 55 0.004338
26 56 0.004914
26 57 0.020833
26 58 0.007117
26 59 0.006024
26 60 0.008163
26 61 0.004255
26 62 0.016260
26 63 0.005391
26 64 0.011905
26 65 0.007380
26 66 0.012903
26 67 0.008621
26 68 0.013793
26 69 0.004211
26 70 0.014388
26 71 0.003922
26 72 0.006557
26 73 0.012346
26 74 0.006024
26 75 0.008547
26 76 0.013072
26 77 0.004662
26 78 0.004577
26 79 0.006270
26 80 0.009709
26 81 0.008032
26 82 0.011628
26 83 0.006826
26 84 0.011050
26 85 0.036364
26 86 0.004435
26 87 0.004255
26 88 0.006780
26 89 0.010152
26 90 0.004184
26 91 0.005464
26 92 0.018519
26 93 0.006154
26 94 0.006623
26 95 0.010638
26 96 0.004963
26 97 0.004274
26 98 0.010417
26 99 0.011765
27 28 0.004219
27 29 0.020408
27 30 0.006329
27 31 0.003992
27 32 0.008547
27 33 0.005865
27 34 0.004525
27 35 0.004454
27 36 0.006116
27 37 0.005155
27 38 0.009346
27 39 0.011050
27 40 0.004329
27 41 0.004246
27 42 0.004739
27 43 0.004149
27 44 0.004843
27 45 0.006780
27 46 0.004854
27 47 0.008163
27 48 0.009217
27 49 0.011834
27 50 0.004264
27 51 0.019048
27 52 0.006349
27 53 0.006873
27 54 0.006116
27 55 0.005089
27 56 0.022989
27 57 0.004016
27 58 0.006944
27 59 0.010471
27 60 0.005814
27 61 0.006689
27 62 0.004854
27 63 0.010204
27 64 0.006061
27 65 0.006873
27 66 0.005076
27 67 0.007220
27 68 0.005525
27 69 0.066667
27 70 0.004329
27 71 0.005155
27 72 0.006734
27 73 0.003390
27 74 0.006098
27 75 0.007547
27 76 0.004338
27 77 0.008772
27 78 0.024096
27 79 0.011561
27 80 0.004630
27 81 0.007605
27 82 0.005764
27 83 0.006849
27 84 0.004796
27 85 0.004255
27 86 0.019417
27 87 0.007843
27 88 0.008299
27 89 0.005155
27 90 0.009569
27 91 0.014286
27 92 0.005195
27 93 0.010000
27 94 0.004796
27 95 0.004348
27 96 0.015385
27 97 0.005666
27 98 0.004866
27 99 0.004938
28 29 0.004890
28 30 0.009950
28 31 0.007246
28 32 0.008333
28 33 0.006689
28 34 0.007299
28 35 0.004202
28 36 0.011561
28 37 0.011561
28 38 0.006557
28 39 0.004515
28 40 0.005510
28 41 0.007605
28 42 0.027027
28 43 0.200000
28 44 0.007299
28 45 0.010526
28 46 0.004963
28 47 0.007220
28 48 0.005155
28 49 0.005013
28 50 0.005495
28 51 0.005376
28 52 0.005479
28 53 0.008811
28 54 0.012121
28 55 0.008969
28 56 0.005063
28 57 0.010309
28 58 0.010638
28 59 0.006993
28 60 0.004619
28 61 0.007117
28 62 0.005714
28 63 0.007092
28 64 0.006494
28 65 0.010638
28 66 0.012658
28 67 0.005666
28 68 0.006211
28 69 0.004219
28 70 0.013889
28 71 0.007220
28 72 0.011236
28 73 0.009132
28 74 0.012821
28 75 0.005970
28 76 0.015267
28 77 0.006897
28 78 0.005076
28 79 0.005935
28 80 0.023529
28 81 0.008333
28 82 0.005780
28 83 0.004464
28 84 0.004831
28 85 0.006211
28 86 0.005195
28 87 0.006494
28 88 0.004878
28 89 0.016129
28 90 0.005865
28 91 0.004854
28 92 0.007194
28 93 0.004843
28 94 0.030769
28 95 0.021053
28 96 0.004376
28 97 0.008000
28 98 0.018182
28 99 0.014815
29 30 0.008621
29 31 0.004107
29 32 0.011299
29 33 0.005831
29 34 0.004619
29 35 0.004132
29 36 0.008032
29 37 0.005618
29 38 0.016260
29 39 0.008475
29 40 0.004237
29 41 0.004367
29 42 0.005731
29 43 0.004785
29 44 0.006289
29 45 0.008000
29 46 0.004598
29 47 0.008658
29 48 0.008032
29 49 0.009709
29 50 0.004184
29 51 0.035088
29 52 0.005935
29 53 0.007576
29 54 0.007968
29 55 0.006667
29 56 0.019608
29 57 0.004274
29 58 0.008511
29 59 0.013245
29 60 0.005249
29 61 0.009804
29 62 0.004728
29 63 0.015385
29 64 0.005970
29 65 0.008333
29 66 0.005571
29 67 0.006757
29 68 0.005405
29 69 0.016807
29 70 0.004717
29 71 0.006826
29 72 0.008547
29 73 0.003610
29 74 0.007812
29 75 0.007194
29 76 0.004762
29 77 0.014493
29 78 0.037736
29 79 0.011494
29 80 0.005236
29 81 0.008547
29 82 0.005525
29 83 0.005917
29 84 0.004525
29 85 0.004264
29 86 0.066667
29 87 0.012500
29 88 0.007143
29 89 0.005831
29 90 0.017857
29 91 0.010929
29 92 0.005263
29 93 0.008264
29 94 0.005747
29 95 0.004843
29 96 0.010204
29 97 0.007722
29 98 0.005479
29 99 0.005479
30 31 0.005128
30 32 0.016807
30 33 0.006329
30 34 0.005618
30 35 0.003968
30 36 0.064516
30 37 0.008299
30 38 0.017544
30 39 0.005602
30 40 0.004640
30 41 0.005479
30 42 0.015385
30 43 0.009524
30 44 0.013986
30 45 0.013423
30 46 0.004608
30 47 0.008969
30 48 0.006173
30 49 0.006452
30 50 0.004608
30 51 0.009390
30 52 0.005618
30 53 0.009756
30 54 0.045455
30 55 0.020833
30 56 0.007752
30 57 0.006006
30 58 0.016529
30 59 0.011976
30 60 0.004717
30 61 0.023256
30 62 0.005063
30 63 0.015504
30 64 0.006309
30 65 0.015267
30 66 0.008511
30 67 0.006154
30 68 0.005764
30 69 0.006135
30 70 0.007194
30 71 0.015504
30 72 0.021978
30 73 0.005063
30 74 0.033898
30 75 0.006645
30 76 0.007463
30 77 0.020619
30 78 0.008511
30 79 0.008299
30 80 0.009479
30 81 0.010526
30 82 0.005587
30 83 0.004854
30 84 0.004494
30 85 0.004938
30 86 0.009259
30 87 0.018519
30 88 0.005618
30 89 0.010204
30 90 0.013793
30 91 0.006494
30 92 0.006154
30 93 0.005917
30 94 0.014706
30 95 0.008197
30 96 0.005747
30 97 0.024390
30 98 0.009524
30 99 0.008889
31 32 0.006061
31 33 0.012048
31 34 0.033333
31 35 0.008130
31 36 0.005540
31 37 0.013333
31 38 0.004525
31 39 0.005391
31 40 0.017391
31 41 0.066667
31 42 0.006250
31 43 0.007299
31 44 0.003883
31 45 0.007752
31 46 0.010753
31 47 0.007722
31 48 0.006472
31 49 0.005731
31 50 0.017857
31 51 0.004630
31 52 0.009009
31 53 0.008889
31 54 0.005747
31 55 0.004348
31 56 0.004819
31 57 0.022989
31 58 0.007042
31 59 0.005917
31 60 0.007722
31 61 0.004246
31 62 0.014599
31 63 0.005319
31 64 0.011173
31 65 0.007299
31 66 0.012903
31 67 0.008197
31 68 0.012739
31 69 0.004124
31 70 0.015038
31 71 0.003929
31 72 0.006536
31 73 0.013423
31 74 0.006024
31 75 0.008163
31 76 0.013605
31 77 0.004619
31 78 0.004494
31 79 0.006098
31 80 0.009901
31 81 0.007843
31 82 0.010811
31 83 0.006536
31 84 0.010256
31 85 0.029412
31 86 0.004376
31 87 0.004228
31 88 0.006515
31 89 0.010204
31 90 0.004149
31 91 0.005319
31 92 0.016949
31 93 0.005952
31 94 0.006689
31 95 0.010989
31 96 0.004831
31 97 0.004283
31 98 0.010582
31 99 0.011905
32 33 0.009174
32 34 0.007067
32 35 0.005025
32 36 0.017699
32 37 0.010695
32 38 0.017699
32 39 0.008333
32 40 0.005831
32 41 0.006623
32 42 0.010471
32 43 0.008065
32 44 0.007722
32 45 0.026316
32 46 0.006024
32 47 0.018018
32 48 0.009709
32 49 0.010363
32 50 0.005747
32 51 0.014925
32 52 0.008130
32 53 0.018018
32 54 0.018692
32 55 0.009302
32 56 0.012658
32 57 0.006734
32 58 0.034483
32 59 0.037736
32 60 0.006431
32 61 0.011976
32 62 0.006645
32 63 0.040000
32 64 0.009302
32 65 0.031250
32 66 0.010695
32 67 0.009479
32 68 0.008032
32 69 0.008475
32 70 0.008000
32 71 0.008333
32 72 0.031746
32 73 0.005277
32 74 0.019608
32 75 0.010695
32 76 0.008163
32 77 0.018692
32 78 0.012903
32 79 0.016260
32 80 0.009756
32 81 0.023256
32 82 0.007874
32 83 0.006803
32 84 0.005848
32 85 0.006098
32 86 0.013333
32 87 0.013072
32 88 0.008439
32 89 0.011976
32 90 0.013072
32 91 0.010309
32 92 0.008368
32 93 0.009091
32 94 0.010870
32 95 0.008475
32 96 0.008439
32 97 0.010363
32 98 0.010582
32 99 0.010526
33 34 0.018868
33 35 0.010526
33 36 0.006780
33 37 0.015504
33 38 0.006116
33 39 0.009709
33 40 0.015385
33 41 0.014388
33 42 0.006557
33 43 0.006623
33 44 0.004367
33 45 0.011905
33 46 0.016807
33 47 0.017241
33 48 0.013889
33 49 0.010870
33 50 0.014706
33 51 0.006969
33 52 0.028571
33 53 0.017857
33 54 0.007092
33 55 0.004926
33 56 0.007722
33 57 0.010256
33 58 0.010204
33 59 0.009756
33 60 0.014925
33 61 0.005236
33 62 0.023810
33 63 0.007874
33 64 0.142857
33 65 0.010811
33 66 0.013986
33 67 0.025000
33 68 0.062500
33 69 0.006173
33 70 0.010471
33 71 0.004505
33 72 0.008850
33 73 0.006920
33 74 0.007463
33 75 0.025000
33 76 0.010101
33 77 0.006173
33 78 0.006757
33 79 0.011561
33 80 0.009217
33 81 0.015038
33 82 0.041667
33 83 0.012500
33 84 0.015385
33 85 0.015504
33 86 0.006369
33 87 0.005405
33 88 0.013793
33 89 0.011299
33 90 0.005495
33 91 0.009434
33 92 0.040816
33 93 0.011628
33 94 0.007018
33 95 0.008969
33 96 0.008065
33 97 0.005038
33 98 0.010471
33 99 0.011976
34 35 0.009390
34 36 0.006061
34 37 0.016949
34 38 0.005051
34 39 0.006431
34 40 0.022222
34 41 0.058824
34 42 0.006579
34 43 0.007326
34 44 0.004090
34 45 0.009302
34 46 0.013793
34 47 0.009852
34 48 0.008032
34 49 0.006920
34 50 0.021978
34 51 0.005291
34 52 0.012195
34 53 0.011429
34 54 0.006329
34 55 0.004608
34 56 0.005587
34 57 0.018018
34 58 0.008230
34 59 0.006993
34 60 0.009662
34 61 0.004608
34 62 0.021978
34 63 0.006098
34 64 0.016807
34 65 0.008621
34 66 0.015504
34 67 0.010870
34 68 0.020202
34 69 0.004695
34 70 0.014815
34 71 0.004167
34 72 0.007463
34 73 0.010256
34 74 0.006667
34 75 0.010811
34 76 0.013605
34 77 0.005141
34 78 0.005128
34 79 0.007380
34 80 0.010417
34 81 0.009804
34 82 0.015748
34 83 0.007968
34 84 0.012903
34 85 0.039216
34 86 0.004950
34 87 0.004640
34 88 0.008065
34 89 0.011628
34 90 0.004598
34 91 0.006309
34 92 0.034483
34 93 0.007220
34 94 0.007067
34 95 0.011050
34 96 0.005650
34 97 0.004587
34 98 0.011628
34 99 0.013514
35 36 0.004132
35 37 0.006536
35 38 0.004000
35 39 0.007380
35 40 0.015152
35 41 0.008403
35 42 0.004073
35 43 0.004184
35 44 0.003096
35 45 0.005602
35 46 0.027027
35 47 0.006944
35 48 0.008475
35 49 0.007067
35 50 0.014815
35 51 0.004640
35 52 0.012987
35 53 0.006667
35 54 0.004246
35 55 0.003361
35 56 0.005195
35 57 0.006231
35 58 0.005208
35 59 0.005376
35 60 0.019048
35 61 0.003546
35 62 0.015748
35 63 0.004706
35 64 0.010638
35 65 0.005348
35 66 0.006270
35 67 0.010363
35 68 0.012422
35 69 0.004728
35 70 0.005797
35 71 0.003165
35 72 0.004831
35 73 0.005076
35 74 0.004376
35 75 0.009259
35 76 0.005602
35 77 0.004008
35 78 0.004630
35 79 0.006349
35 80 0.005102
35 81 0.006329
35 82 0.013699
35 83 0.012500
35 84 0.031746
35 85 0.011173
35 86 0.004367
35 87 0.003656
35 88 0.009569
35 89 0.005571
35 90 0.003759
35 91 0.006431
35 92 0.010000
35 93 0.008000
35 94 0.004246
35 95 0.005155
35 96 0.006173
35 97 0.003419
35 98 0.005435
35 99 0.005831
36 37 0.009346
36 38 0.014815
36 39 0.005682
36 40 0.004926
36 41 0.005935
36 42 0.019048
36 43 0.010929
36 44 0.012270
36 45 0.015625
36 46 0.004843
36 47 0.009569
36 48 0.006349
36 49 0.006557
36 50 0.004878
36 51 0.008969
36 52 0.005900
36 53 0.010811
36 54 0.142857
36 55 0.017857
36 56 0.007605
36 57 0.006601
36 58 0.019802
36 59 0.012195
36 60 0.004902
36 61 0.017241
36 62 0.005362
36 63 0.014925
36 64 0.006734
36 65 0.018018
36 66 0.009662
36 67 0.006452
36 68 0.006135
36 69 0.005970
36 70 0.008065
36 71 0.013158
36 72 0.028169
36 73 0.005479
36 74 0.066667
36 75 0.006993
36 76 0.008403
36 77 0.016807
36 78 0.008163
36 79 0.008475
36 80 0.011050
36 81 0.011494
36 82 0.005900
36 83 0.005013
36 84 0.004717
36 85 0.005277
36 86 0.008734
36 87 0.014706
36 88 0.005797
36 89 0.011976
36 90 0.011834
36 91 0.006515
36 92 0.006645
36 93 0.006042
36 94 0.018349
36 95 0.009346
36 96 0.005747
36 97 0.018692
36 98 0.011111
36 99 0.010256
37 38 0.006757
37 39 0.006623
37 40 0.009901
37 41 0.016129
37 42 0.010526
37 43 0.011429
37 44 0.005391
37 45 0.017857
37 46 0.008621
37 47 0.013605
37 48 0.008299
37 49 0.007519
37 50 0.009804
37 51 0.006579
37 52 0.010152
37 53 0.020408
37 54 0.010000
37 55 0.006329
37 56 0.006645
37 57 0.017857
37 58 0.014599
37 59 0.009709
37 60 0.007634
37 61 0.006211
37 62 0.011050
37 63 0.008511
37 64 0.014388
37 65 0.015748
37 66 0.133333
37 67 0.010417
37 68 0.013333
37 69 0.005277
37 70 0.025974
37 71 0.005510
37 72 0.012739
37 73 0.009901
37 74 0.010870
37 75 0.011236
37 76 0.025316
37 77 0.006993
37 78 0.006231
37 79 0.009091
37 80 0.022472
37 81 0.015873
37 82 0.011429
37 83 0.007042
37 84 0.008230
37 85 0.011834
37 86 0.006116
37 87 0.006154
37 88 0.007843
37 89 0.035714
37 90 0.005952
37 91 0.006969
37 92 0.018692
37 93 0.007463
37 94 0.011834
37 95 0.020833
37 96 0.006042
37 97 0.006250
37 98 0.031746
37 99 0.051282
38 39 0.006711
38 40 0.004396
38 41 0.004831
38 42 0.008368
38 43 0.006349
38 44 0.009901
38 45 0.010811
38 46 0.004566
38 47 0.009302
38 48 0.007018
38 49 0.007812
38 50 0.004348
38 51 0.016949
38 52 0.005780
38 53 0.008929
38 54 0.014184
38 55 0.011173
38 56 0.011494
38 57 0.004975
38 58 0.012500
38 59 0.015504
38 60 0.004926
38 61 0.022727
38 62 0.004866
38 63 0.026316
38 64 0.006173
38 65 0.011834
38 66 0.006803
38 67 0.006494
38 68 0.005587
38 69 0.008734
38 70 0.005698
38 71 0.011236
38 72 0.013793
38 73 0.004184
38 74 0.013333
38 75 0.007018
38 76 0.005814
38 77 0.117647
38 78 0.014493
38 79 0.010256
38 80 0.006757
38 81 0.010152
38 82 0.005556
38 83 0.005291
38 84 0.004464
38 85 0.004545
38 86 0.017857
38 87 0.039216
38 88 0.006289
38 89 0.007519
38 90 0.048780
38 91 0.008197
38 92 0.005682
38 93 0.006897
38 94 0.008299
38 95 0.006079
38 96 0.007273
38 97 0.014286
38 98 0.007018
38 99 0.006849
39 40 0.006536
39 41 0.005814
39 42 0.004808
39 43 0.004454
39 44 0.004090
39 45 0.007812
39 46 0.008230
39 47 0.012048
39 48 0.031250
39 49 0.042553
39 50 0.006410
39 51 0.010309
39 52 0.012821
39 53 0.009217
39 54 0.005797
39 55 0.004435
39 56 0.014706
39 57 0.005063
39 58 0.007463
39 59 0.010526
39 60 0.011976
39 61 0.005236
39 62 0.007812
39 63 0.008511
39 64 0.010363
39 65 0.007576
39 66 0.006369
39 67 0.015748
39 68 0.009259
39 69 0.012987
39 70 0.005305
39 71 0.004274
39 72 0.006849
39 73 0.004082
39 74 0.005917
39 75 0.015385
39 76 0.005249
39 77 0.006557
39 78 0.010753
39 79 0.017094
39 80 0.005333
39 81 0.009852
39 82 0.010363
39 83 0.017857
39 84 0.008130
39 85 0.006154
39 86 0.009217
39 87 0.005731
39 88 0.028986
39 89 0.006116
39 90 0.006309
39 91 0.035714
39 92 0.007874
39 93 0.057143
39 94 0.004975
39 95 0.005076
39 96 0.037037
39 97 0.004728
39 98 0.005731
39 99 0.006006
40 41 0.018349
40 42 0.005115
40 43 0.005510
40 44 0.003521
40 45 0.007042
40 46 0.025316
40 47 0.008163
40 48 0.008000
40 49 0.006734
40 50 0.285714
40 51 0.004808
40 52 0.013245
40 53 0.008584
40 54 0.005102
40 55 0.003891
40 56 0.005208
40 57 0.010363
40 58 0.006410
40 59 0.005988
40 60 0.012346
40 61 0.003976
40 62 0.039216
40 63 0.005236
40 64 0.014493
40 65 0.006623
40 66 0.009346
40 67 0.010753
40 68 0.019417
40 69 0.004525
40 70 0.008929
40 71 0.003591
40 72 0.005882
40 73 0.007605
40 74 0.005305
40 75 0.010101
40 76 0.008439
40 77 0.004444
40 78 0.004728
40 79 0.006689
40 80 0.007117
40 81 0.007752
40 82 0.017241
40 83 0.009174
40 84 0.023529
40 85 0.041667
40 86 0.004515
40 87 0.004040
40 88 0.008439
40 89 0.007782
40 90 0.004065
40 91 0.006135
40 92 0.018868
40 93 0.007299
40 94 0.005405
40 95 0.007380
40 96 0.005634
40 97 0.003906
40 98 0.007692
40 99 0.008511
41 42 0.006645
41 43 0.007634
41 44 0.004057
41 45 0.008696
41 46 0.011561
41 47 0.008734
41 48 0.007092
41 49 0.006231
41 50 0.018519
41 51 0.004963
41 52 0.010152
41 53 0.010204
41 54 0.006192
41 55 0.004566
41 56 0.005181
41 57 0.023810
41 58 0.007782
41 59 0.006472
41 60 0.008333
41 61 0.004494
41 62 0.016529
41 63 0.005764
41 64 0.013158
41 65 0.008097
41 66 0.015152
41 67 0.009174
41 68 0.015038
41 69 0.004386
41 70 0.016667
41 71 0.004115
41 72 0.007143
41 73 0.012270
41 74 0.006494
41 75 0.009217
41 76 0.014925
41 77 0.004938
41 78 0.004808
41 79 0.006689
41 80 0.010811
41 81 0.008850
41 82 0.012422
41 83 0.007042
41 84 0.010929
41 85 0.031746
41 86 0.004673
41 87 0.004484
41 88 0.007117
41 89 0.011494
41 90 0.004405
41 91 0.005747
41 92 0.021978
41 93 0.006452
41 94 0.007143
41 95 0.011834
41 96 0.005181
41 97 0.004505
41 98 0.011834
41 99 0.013605
42 43 0.024096
42 44 0.009709
42 45 0.012422
42 46 0.004785
42 47 0.007874
42 48 0.005450
42 49 0.005405
42 50 0.005089
42 51 0.006289
42 52 0.005510
42 53 0.009434
42 54 0.020202
42 55 0.013072
42 56 0.005731
42 57 0.008163
42 58 0.013423
42 59 0.008264
42 60 0.004619
42 61 0.009569
42 62 0.005420
42 63 0.008811
42 64 0.006431
42 65 0.013072
42 66 0.011299
42 67 0.005814
42 68 0.006024
42 69 0.004695
42 70 0.010526
42 71 0.009662
42 72 0.015504
42 73 0.006993
42 74 0.021053
42 75 0.006192
42 76 0.011299
42 77 0.008969
42 78 0.005882
42 79 0.006601
42 80 0.016807
42 81 0.009259
42 82 0.005682
42 83 0.004556
42 84 0.004662
42 85 0.005634
42 86 0.006098
42 87 0.008439
42 88 0.005089
42 89 0.014925
42 90 0.007326
42 91 0.005291
42 92 0.006803
42 93 0.005141
42 94 0.090909
42 95 0.013889
42 96 0.004739
42 97 0.011299
42 98 0.015038
42 99 0.012739
43 44 0.007092
43 45 0.010152
43 46 0.004950
43 47 0.007067
43 48 0.005076
43 49 0.004926
43 50 0.005495
43 51 0.005249
43 52 0.005435
43 53 0.008584
43 54 0.011429
43 55 0.008658
43 56 0.004950
43 57 0.010471
43 58 0.010204
43 59 0.006803
43 60 0.004587
43 61 0.006873
43 62 0.005698
43 63 0.006873
43 64 0.006410
43 65 0.010256
43 66 0.012422
43 67 0.005587
43 68 0.006154
43 69 0.004141
43 70 0.014085
43 71 0.007018
43 72 0.010695
43 73 0.009434
43 74 0.012048
43 75 0.005882
43 76 0.015504
43 77 0.006689
43 78 0.004975
43 79 0.005814
43 80 0.022989
43 81 0.008097
43 82 0.005731
43 83 0.004425
43 84 0.004808
43 85 0.006231
43 86 0.005076
43 87 0.006309
43 88 0.004819
43 89 0.015625
43 90 0.005698
43 91 0.004773
43 92 0.007168
43 93 0.004773
43 94 0.027027
43 95 0.021277
43 96 0.004310
43 97 0.007752
43 98 0.017857
43 99 0.014599
44 45 0.006897
44 46 0.003472
44 47 0.005464
44 48 0.004320
44 49 0.004505
44 50 0.003503
44 51 0.006250
44 52 0.004008
44 53 0.005764
44 54 0.011299
44 55 0.035714
44 56 0.005333
44 57 0.004474
44 58 0.007605
44 59 0.006623
44 60 0.003527
44 61 0.017391
44 62 0.003731
44 63 0.007874
44 64 0.004357
44 65 0.007326
44 66 0.005525
44 67 0.004283
44 68 0.004090
44 69 0.004651
44 70 0.005115
44 71 0.076923
44 72 0.008584
44 73 0.004073
44 74 0.010417
44 75 0.004515
44 76 0.005277
44 77 0.010526
44 78 0.005882
44 79 0.005319
44 80 0.006250
44 81 0.006006
44 82 0.003992
44 83 0.003623
44 84 0.003407
44 85 0.003711
44 86 0.006410
44 87 0.012579
44 88 0.004040
44 89 0.006250
44 90 0.009662
44 91 0.004566
44 92 0.004310
44 93 0.004211
44 94 0.008929
44 95 0.005747
44 96 0.004228
44 97 0.029851
44 98 0.006116
44 99 0.005764
45 46 0.006993
45 47 0.021505
45 48 0.009662
45 49 0.009479
45 50 0.006944
45 51 0.009901
45 52 0.009346
45 53 0.034483
45 54 0.017391
45 55 0.008368
45 56 0.009434
45 57 0.009009
45 58 0.068966
45 59 0.019048
45 60 0.007067
45 61 0.009091
45 62 0.008097
45 63 0.016000
45 64 0.011765
45 65 0.111111
45 66 0.017857
45 67 0.010638
45 68 0.010050
45 69 0.006873
45 70 0.011429
45 71 0.007220
45 72 0.034483
45 73 0.006557
45 74 0.019608
45 75 0.012121
45 76 0.011696
45 77 0.011364
45 78 0.009091
45 79 0.013514
45 80 0.014599
45 81 0.036364
45 82 0.009479
45 83 0.007117
45 84 0.006734
45 85 0.007634
45 86 0.009050
45 87 0.009217
45 88 0.008584
45 89 0.021277
45 90 0.008889
45 91 0.008969
45 92 0.011236
45 93 0.008734
45 94 0.013605
45 95 0.012048
45 96 0.007463
45 97 0.008696
45 98 0.017094
45 99 0.017241
46 47 0.008929
46 48 0.010256
46 49 0.008230
46 50 0.023529
46 51 0.005263
46 52 0.020202
46 53 0.008696
46 54 0.005000
46 55 0.003817
46 56 0.005882
46 57 0.007843
46 58 0.006369
46 59 0.006431
46 60 0.023256
46 61 0.004016
46 62 0.036364
46 63 0.005510
46 64 0.016949
46 65 0.006601
46 66 0.008130
46 67 0.014286
46 68 0.022727
46 69 0.005155
46 70 0.007299
46 71 0.003559
46 72 0.005814
46 73 0.005988
46 74 0.005181
46 75 0.012658
46 76 0.007018
46 77 0.004587
46 78 0.005208
46 79 0.007634
46 80 0.006270
46 81 0.008065
46 82 0.025316
46 83 0.013793
46 84 0.166667
46 85 0.016667
46 86 0.004914
46 87 0.004141
46 88 0.011429
46 89 0.007018
46 90 0.004237
46 91 0.007326
46 92 0.015873
46 93 0.009302
46 94 0.005038
46 95 0.006329
46 96 0.006780
46 97 0.003883
46 98 0.006803
46 99 0.007435
47 48 0.017544
47 49 0.016129
47 50 0.007968
47 51 0.011429
47 52 0.014815
47 53 0.037736
47 54 0.010050
47 55 0.006289
47 56 0.012579
47 57 0.007874
47 58 0.017857
47 59 0.022472
47 60 0.009901
47 61 0.007220
47 62 0.010050
47 63 0.014286
47 64 0.018182
47 65 0.019048
47 66 0.012821
47 67 0.019608
47 68 0.013793
47 69 0.008584
47 70 0.008969
47 71 0.005731
47 72 0.014184
47 73 0.005764
47 74 0.010638
47 75 0.025641
47 76 0.008929
47 77 0.009390
47 78 0.010695
47 79 0.027027
47 80 0.009479
47 81 0.051282
47 82 0.013699
47 83 0.010471
47 84 0.008547
47 85 0.008368
47 86 0.009950
47 87 0.007692
47 88 0.014286
47 89 0.012270
47 90 0.008000
47 91 0.014085
47 92 0.013423
47 93 0.014599
47 94 0.008368
47 95 0.008621
47 96 0.010695
47 97 0.006645
47 98 0.010811
47 99 0.011628
48 49 0.040816
48 50 0.007782
48 51 0.010101
48 52 0.020000
48 53 0.012422
48 54 0.006536
48 55 0.004762
48 56 0.013423
48 57 0.006042
48 58 0.008969
48 59 0.012346
48 60 0.015038
48 61 0.005510
48 62 0.010000
48 63 0.009346
48 64 0.015385
48 65 0.009217
48 66 0.007905
48 67 0.030303
48 68 0.012821
48 69 0.010309
48 70 0.006349
48 71 0.004515
48 72 0.008000
48 73 0.004684
48 74 0.006734
48 75 0.030303
48 76 0.006270
48 77 0.006944
48 78 0.010152
48 79 0.022222
48 80 0.006309
48 81 0.013158
48 82 0.014815
48 83 0.021277
48 84 0.009950
48 85 0.007547
48 86 0.008889
48 87 0.005970
48 88 0.058824
48 89 0.007407
48 90 0.006431
48 91 0.025641
48 92 0.010417
48 93 0.068966
48 94 0.005682
48 95 0.005988
48 96 0.018692
48 97 0.005038
48 98 0.006897
48 99 0.007326
49 50 0.006601
49 51 0.012658
49 52 0.013514
49 53 0.011364
49 54 0.006711
49 55 0.004938
49 56 0.019048
49 57 0.005495
49 58 0.009009
49 59 0.013986
49 60 0.011236
49 61 0.005917
49 62 0.008130
49 63 0.010526
49 64 0.011696
49 65 0.009174
49 66 0.007246
49 67 0.018018
49 68 0.010000
49 69 0.013699
49 70 0.005848
49 71 0.004728
49 72 0.008163
49 73 0.004348
49 74 0.006873
49 75 0.019048
49 76 0.005814
49 77 0.007634
49 78 0.012987
49 79 0.028571
49 80 0.005988
49 81 0.012579
49 82 0.011050
49 83 0.015038
49 84 0.008032
49 85 0.006452
49 86 0.010929
49 87 0.006536
49 88 0.026667
49 89 0.006969
49 90 0.007220
49 91 0.066667
49 92 0.008658
49 93 0.054054
49 94 0.005602
49 95 0.005634
49 96 0.030303
49 97 0.005305
49 98 0.006472
49 99 0.006803
50 51 0.004739
50 52 0.012739
50 53 0.008403
50 54 0.005051
50 55 0.003868
50 56 0.005128
50 57 0.010471
50 58 0.006329
50 59 0.005900
50 60 0.011905
50 61 0.003937
50 62 0.034483
50 63 0.005168
50 64 0.013889
50 65 0.006536
50 66 0.009259
50 67 0.010363
50 68 0.018349
50 69 0.004464
50 70 0.008929
50 71 0.003565
50 72 0.005814
50 73 0.007692
50 74 0.005249
50 75 0.009756
50 76 0.008439
50 77 0.004396
50 78 0.004662
50 79 0.006557
50 80 0.007092
50 81 0.007605
50 82 0.016260
50 83 0.008929
50 84 0.022222
50 85 0.043478
50 86 0.004454
50 87 0.004000
50 88 0.008197
50 89 0.007722
50 90 0.004024
50 91 0.006006
50 92 0.018182
50 93 0.007117
50 94 0.005376
50 95 0.007380
50 96 0.005525
50 97 0.003876
50 98 0.007634
50 99 0.008439
51 52 0.007092
51 53 0.009479
51 54 0.008969
51 55 0.006803
51 56 0.033333
51 57 0.004808
51 58 0.010526
51 59 0.020202
51 60 0.006079
51 61 0.009709
51 62 0.005450
51 63 0.021739
51 64 0.007168
51 65 0.010309
51 66 0.006494
51 67 0.008299
51 68 0.006369
51 69 0.017544
51 70 0.005333
51 71 0.006757
51 72 0.010256
51 73 0.003968
51 74 0.008929
51 75 0.008969
51 76 0.005391
51 77 0.015385
51 78 0.086957
51 79 0.016807
51 80 0.005935
51 81 0.011111
51 82 0.006536
51 83 0.006897
51 84 0.005155
51 85 0.004843
51 86 0.071429
51 87 0.012048
51 88 0.008696
51 89 0.006780
51 90 0.015748
51 91 0.014388
51 92 0.006173
51 93 0.010309
51 94 0.006390
51 95 0.005450
51 96 0.012346
51 97 0.007812
51 98 0.006289
51 99 0.006329
52 53 0.012821
52 54 0.006116
52 55 0.004444
52 56 0.008264
52 57 0.007634
52 58 0.008403
52 59 0.009174
52 60 0.028169
52 61 0.004854
52 62 0.019802
52 63 0.007380
52 64 0.033898
52 65 0.008734
52 66 0.009479
52 67 0.048780
52 68 0.030769
52 69 0.006826
52 70 0.007692
52 71 0.004141
52 72 0.007435
52 73 0.005650
52 74 0.006369
52 75 0.032258
52 76 0.007463
52 77 0.005780
52 78 0.006993
52 79 0.012195
52 80 0.007042
52 81 0.012048
52 82 0.052632
52 83 0.021978
52 84 0.018868
52 85 0.011765
52 86 0.006472
52 87 0.005089
52 88 0.022727
52 89 0.008264
52 90 0.005291
52 91 0.011299
52 92 0.017699
52 93 0.016129
52 94 0.005797
52 95 0.006849
52 96 0.009756
52 97 0.004598
52 98 0.007782
52 99 0.008547
53 54 0.011561
53 55 0.006757
53 56 0.009804
53 57 0.009615
53 58 0.023529
53 59 0.017544
53 60 0.008850
53 61 0.007353
53 62 0.010363
53 63 0.012987
53 64 0.017857
53 65 0.026667
53 66 0.019048
53 67 0.015038
53 68 0.013986
53 69 0.007117
53 70 0.011561
53 71 0.006006
53 72 0.017391
53 73 0.006689
53 74 0.012579
53 75 0.018018
53 76 0.011561
53 77 0.009174
53 78 0.008889
53 79 0.016129
53 80 0.012579
53 81 0.064516
53 82 0.012987
53 83 0.008772
53 84 0.008299
53 85 0.009217
53 86 0.008511
53 87 0.007634
53 88 0.010870
53 89 0.018018
53 90 0.007634
53 91 0.010309
53 92 0.015504
53 93 0.010753
53 94 0.010256
53 95 0.011111
53 96 0.008368
53 97 0.006993
53 98 0.015038
53 99 0.016667
54 55 0.016129
54 56 0.007692
54 57 0.006897
54 58 0.022472
54 59 0.012579
54 60 0.005051
54 61 0.015504
54 62 0.005571
54 63 0.015152
54 64 0.007042
54 65 0.020202
54 66 0.010363
54 67 0.006689
54 68 0.006390
54 69 0.006006
54 70 0.008511
54 71 0.012121
54 72 0.033898
54 73 0.005666
54 74 0.125000
54 75 0.007273
54 76 0.008889
54 77 0.016000
54 78 0.008163
54 79 0.008772
54 80 0.011834
54 81 0.012270
54 82 0.006135
54 83 0.005141
54 84 0.004854
54 85 0.005479
54 86 0.008696
54 87 0.013699
54 88 0.005952
54 89 0.012987
54 90 0.011299
54 91 0.006667
54 92 0.006944
54 93 0.006192
54 94 0.019802
54 95 0.009901
54 96 0.005831
54 97 0.016529
54 98 0.011976
54 99 0.010989
55 56 0.005814
55 57 0.005089
55 58 0.009434
55 59 0.007634
55 60 0.003861
55 61 0.019802
55 62 0.004149
55 63 0.009174
55 64 0.004902
55 65 0.009009
55 66 0.006515
55 67 0.004762
55 68 0.004587
55 69 0.004914
55 70 0.005952
55 71 0.036364
55 72 0.010989
55 73 0.004566
55 74 0.014388
55 75 0.005051
55 76 0.006173
55 77 0.012121
55 78 0.006349
55 79 0.005952
55 80 0.007547
55 81 0.007042
55 82 0.004444
55 83 0.003945
55 84 0.003738
55 85 0.004124
55 86 0.006897
55 87 0.013793
55 88 0.004435
55 89 0.007547
55 90 0.010309
55 91 0.004988
55 92 0.004878
55 93 0.004608
55 94 0.011765
55 95 0.006803
55 96 0.004556
55 97 0.044444
55 98 0.007353
55 99 0.006849
56 57 0.004866
56 58 0.009615
56 59 0.018182
56 60 0.007117
56 61 0.007634
56 62 0.005988
56 63 0.015385
56 64 0.008032
56 65 0.009524
56 66 0.006494
56 67 0.009901
56 68 0.007092
56 69 0.025000
56 70 0.005319
56 71 0.005698
56 72 0.009050
56 73 0.003976
56 74 0.007752
56 75 0.010753
56 76 0.005333
56 77 0.010811
56 78 0.040000
56 79 0.022727
56 80 0.005747
56 81 0.011364
56 82 0.007407
56 83 0.008439
56 84 0.005764
56 85 0.005155
56 86 0.024691
56 87 0.008969
56 88 0.011173
56 89 0.006601
56 90 0.010753
56 91 0.024691
56 92 0.006645
56 93 0.014184
56 94 0.005865
56 95 0.005319
56 96 0.019608
56 97 0.006472
56 98 0.006116
56 99 0.006270
57 58 0.008197
57 59 0.006289
57 60 0.006369
57 61 0.004785
57 62 0.009950
57 63 0.005780
57 64 0.009615
57 65 0.008511
57 66 0.018182
57 67 0.007326
57 68 0.010000
57 69 0.004107
57 70 0.035088
57 71 0.004505
57 72 0.007722
57 73 0.020833
57 74 0.007273
57 75 0.007519
57 76 0.028986
57 77 0.005115
57 78 0.004630
57 79 0.006116
57 80 0.015625
57 81 0.008439
57 82 0.008734
57 83 0.005682
57 84 0.007547
57 85 0.013699
57 86 0.004566
57 87 0.004684
57 88 0.005917
57 89 0.014388
57 90 0.004515
57 91 0.005155
57 92 0.013333
57 93 0.005556
57 94 0.008889
57 95 0.019608
57 96 0.004651
57 97 0.004926
57 98 0.016129
57 99 0.018018
58 59 0.020202
58 60 0.006494
58 61 0.010417
58 62 0.007273
58 63 0.018868
58 64 0.010152
58 65 0.181818
58 66 0.014815
58 67 0.009524
58 68 0.008811
58 69 0.006969
58 70 0.010309
58 71 0.008032
58 72 0.064516
58 73 0.006192
58 74 0.025974
58 75 0.010695
58 76 0.010582
58 77 0.013333
58 78 0.009524
58 79 0.012987
58 80 0.013514
58 81 0.027027
58 82 0.008403
58 83 0.006623
58 84 0.006154
58 85 0.006873
58 86 0.009662
58 87 0.010526
58 88 0.007968
58 89 0.018182
58 90 0.010000
58 91 0.008734
58 92 0.009662
58 93 0.008264
58 94 0.014599
58 95 0.011173
58 96 0.007299
58 97 0.009901
58 98 0.015152
58 99 0.014815
59 60 0.007194
59 61 0.009950
59 62 0.006944
59 63 0.037037
59 64 0.010050
59 65 0.019802
59 66 0.009524
59 67 0.011111
59 68 0.008547
59 69 0.010582
59 70 0.007220
59 71 0.007092
59 72 0.017699
59 73 0.004926
59 74 0.012987
59 75 0.012739
59 76 0.007299
59 77 0.015504
59 78 0.017241
59 79 0.026667
59 80 0.008264
59 81 0.023810
59 82 0.008584
59 83 0.007874
59 84 0.006231
59 85 0.006135
59 86 0.016529
59 87 0.011299
59 88 0.010256
59 89 0.010050
59 90 0.012346
59 91 0.013986
59 92 0.008475
59 93 0.011561
59 94 0.008584
59 95 0.007380
59 96 0.010811
59 97 0.008475
59 98 0.009009
59 99 0.009174
60 61 0.004202
60 62 0.016260
60 63 0.006024
60 64 0.016000
60 65 0.006689
60 66 0.007220
60 67 0.020000
60 68 0.017094
60 69 0.006270
60 70 0.006231
60 71 0.003636
60 72 0.005917
60 73 0.004975
60 74 0.005208
60 75 0.016129
60 76 0.006061
60 77 0.004914
60 78 0.006079
60 79 0.009302
60 80 0.005698
60 81 0.008511
60 82 0.022472
60 83 0.032787
60 84 0.023529
60 85 0.010152
60 86 0.005618
60 87 0.004396
60 88 0.019231
60 89 0.006452
60 90 0.004587
60 91 0.009709
60 92 0.011976
60 93 0.013793
60 94 0.004831
60 95 0.005618
60 96 0.009091
60 97 0.003984
60 98 0.006173
60 99 0.006667
61 62 0.004310
61 63 0.013423
61 64 0.005249
61 65 0.009852
61 66 0.006309
61 67 0.005305
61 68 0.004843
61 69 0.006329
61 70 0.005510
61 71 0.021978
61 72 0.012048
61 73 0.004158
61 74 0.013889
61 75 0.005666
61 76 0.005666
61 77 0.025641
61 78 0.008889
61 79 0.007326
61 80 0.006734
61 81 0.007968
61 82 0.004762
61 83 0.004396
61 84 0.003937
61 85 0.004149
61 86 0.010101
61 87 0.044444
61 88 0.005051
61 89 0.007143
61 90 0.021277
61 91 0.006079
61 92 0.005025
61 93 0.005391
61 94 0.009132
61 95 0.006079
61 96 0.005525
61 97 0.035088
61 98 0.006780
61 99 0.006494
62 63 0.005935
62 64 0.022222
62 65 0.007547
62 66 0.010309
62 67 0.014706
62 68 0.037037
62 69 0.005115
62 70 0.009091
62 71 0.003824
62 72 0.006557
62 73 0.007067
62 74 0.005814
62 75 0.013514
62 76 0.008658
62 77 0.004914
62 78 0.005348
62 79 0.008000
62 80 0.007519
62 81 0.009259
62 82 0.030769
62 83 0.011494
62 84 0.030303
62 85 0.026667
62 86 0.005076
62 87 0.004415
62 88 0.010638
62 89 0.008511
62 90 0.004464
62 91 0.007246
62 92 0.026667
62 93 0.008929
62 94 0.005747
62 95 0.007634
62 96 0.006557
62 97 0.004193
62 98 0.008230
62 99 0.009217
63 64 0.008032
63 65 0.017699
63 66 0.008475
63 67 0.008584
63 68 0.007042
63 69 0.009901
63 70 0.006689
63 71 0.008584
63 72 0.019048
63 73 0.004662
63 74 0.015038
63 75 0.009524
63 76 0.006803
63 77 0.026316
63 78 0.017544
63 79 0.016000
63 80 0.007905
63 81 0.016000
63 82 0.007018
63 83 0.006515
63 84 0.005362
63 85 0.005405
63 86 0.019231
63 87 0.016260
63 88 0.008097
63 89 0.009259
63 90 0.018018
63 91 0.010870
63 92 0.007143
63 93 0.009009
63 94 0.009009
63 95 0.007018
63 96 0.009050
63 97 0.010638
63 98 0.008403
63 99 0.008368
64 65 0.010695
64 66 0.013072
64 67 0.029851
64 68 0.055556
64 69 0.006410
64 70 0.009852
64 71 0.004494
64 72 0.008811
64 73 0.006623
64 74 0.007407
64 75 0.029851
64 76 0.009524
64 77 0.006250
64 78 0.006969
64 79 0.012270
64 80 0.008811
64 81 0.015267
64 82 0.046512
64 83 0.013514
64 84 0.015504
64 85 0.014286
64 86 0.006536
64 87 0.005450
64 88 0.015267
64 89 0.010811
64 90 0.005571
64 91 0.010000
64 92 0.032258
64 93 0.012658
64 94 0.006873
64 95 0.008547
64 96 0.008511
64 97 0.005025
64 98 0.010000
64 99 0.011364
65 66 0.015873
65 67 0.009901
65 68 0.009259
65 69 0.006920
65 70 0.010695
65 71 0.007722
65 72 0.048780
65 73 0.006329
65 74 0.023256
65 75 0.011173
65 76 0.011050
65 77 0.012500
65 78 0.009346
65 79 0.013158
65 80 0.013986
65 81 0.029851
65 82 0.008772
65 83 0.006803
65 84 0.006349
65 85 0.007143
65 86 0.009390
65 87 0.010000
65 88 0.008197
65 89 0.019417
65 90 0.009524
65 91 0.008811
65 92 0.010204
65 93 0.008439
65 94 0.014286
65 95 0.011561
65 96 0.007353
65 97 0.009390
65 98 0.016000
65 99 0.015748
66 67 0.009709
66 68 0.012195
66 69 0.005181
66 70 0.029412
66 71 0.005634
66 72 0.012987
66 73 0.010152
66 74 0.011299
66 75 0.010471
66 76 0.028986
66 77 0.007042
66 78 0.006154
66 79 0.008734
66 80 0.026667
66 81 0.015152
66 82 0.010582
66 83 0.006711
66 84 0.007782
66 85 0.011173
66 86 0.006061
66 87 0.006211
66 88 0.007463
66 89 0.045455
66 90 0.005970
66 91 0.006757
66 92 0.016667
66 93 0.007143
66 94 0.012821
66 95 0.024096
66 96 0.005865
66 97 0.006390
66 98 0.040816
66 99 0.083333
67 68 0.022222
67 69 0.007812
67 70 0.007605
67 71 0.004444
67 72 0.008333
67 73 0.005450
67 74 0.006969
67 75 0.080000
67 76 0.007435
67 77 0.006494
67 78 0.008163
67 79 0.016260
67 80 0.007246
67 81 0.014599
67 82 0.028169
67 83 0.020833
67 84 0.013605
67 85 0.010000
67 86 0.007435
67 87 0.005618
67 88 0.030303
67 89 0.008658
67 90 0.005882
67 91 0.014184
67 92 0.015625
67 93 0.021505
67 94 0.006135
67 95 0.006944
67 96 0.011628
67 97 0.004963
67 98 0.008032
67 99 0.008772
68 69 0.005831
68 70 0.009756
68 71 0.004211
68 72 0.007782
68 73 0.006873
68 74 0.006711
68 75 0.020408
68 76 0.009346
68 77 0.005634
68 78 0.006231
68 79 0.010152
68 80 0.008368
68 81 0.012195
68 82 0.066667
68 83 0.013072
68 84 0.020000
68 85 0.018182
68 86 0.005865
68 87 0.004988
68 88 0.013333
68 89 0.009901
68 90 0.005076
68 91 0.008734
68 92 0.039216
68 93 0.010989
68 94 0.006410
68 95 0.008299
68 96 0.007634
68 97 0.004662
68 98 0.009390
68 99 0.010638
69 70 0.004405
69 71 0.004926
69 72 0.006689
69 73 0.003448
69 74 0.006006
69 75 0.008130
69 76 0.004415
69 77 0.008230
69 78 0.021505
69 79 0.012500
69 80 0.004673
69 81 0.007874
69 82 0.006135
69 83 0.007547
69 84 0.005089
69 85 0.004425
69 86 0.016807
69 87 0.007326
69 88 0.009259
69 89 0.005222
69 90 0.008772
69 91 0.017241
69 92 0.005420
69 93 0.011429
69 94 0.004773
69 95 0.004396
69 96 0.019608
69 97 0.005435
69 98 0.004926
69 99 0.005025
70 71 0.005168
70 72 0.009662
70 73 0.015385
70 74 0.009091
70 75 0.007968
70 76 0.142857
70 77 0.005900
70 78 0.005102
70 79 0.006757
70 80 0.027778
70 81 0.010000
70 82 0.008584
70 83 0.005714
70 84 0.007018
70 85 0.011050
70 86 0.005051
70 87 0.005362
70 88 0.006116
70 89 0.023256
70 90 0.005102
70 91 0.005510
70 92 0.012903
70 93 0.005831
70 94 0.011834
70 95 0.040816
70 96 0.004914
70 97 0.005731
70 98 0.028986
70 99 0.032787
71 72 0.009132
71 73 0.004065
71 74 0.011050
71 75 0.004695
71 76 0.005319
71 77 0.011976
71 78 0.006349
71 79 0.005618
71 80 0.006309
71 81 0.006309
71 82 0.004115
71 83 0.003745
71 84 0.003490
71 85 0.003774
71 86 0.006944
71 87 0.014925
71 88 0.004202
71 89 0.006390
71 90 0.010989
71 91 0.004808
71 92 0.004425
71 93 0.004405
71 94 0.008969
71 95 0.005764
71 96 0.004444
71 97 0.041667
71 98 0.006211
71 99 0.005865
72 73 0.005988
72 74 0.041667
72 75 0.009217
72 76 0.010000
72 77 0.015038
72 78 0.009259
72 79 0.011299
72 80 0.013158
72 81 0.019231
72 82 0.007435
72 83 0.006042
72 84 0.005634
72 85 0.006309
72 86 0.009569
72 87 0.011834
72 88 0.007168
72 89 0.016393
72 90 0.010811
72 91 0.007968
72 92 0.008511
72 93 0.007463
72 94 0.016529
72 95 0.010811
72 96 0.006780
72 97 0.011561
72 98 0.014184
72 99 0.013423
73 74 0.005900
73 75 0.005540
73 76 0.014815
73 77 0.004292
73 78 0.003839
73 79 0.004751
73 80 0.010811
73 81 0.006098
73 82 0.006250
73 83 0.004515
73 84 0.005831
73 85 0.009259
73 86 0.003810
73 87 0.004032
73 88 0.004619
73 89 0.009346
73 90 0.003854
73 91 0.004141
73 92 0.008264
73 93 0.004396
73 94 0.007407
73 95 0.013158
73 96 0.003810
73 97 0.004348
73 98 0.010363
73 99 0.010526
74 75 0.007576
74 76 0.009524
74 77 0.014925
74 78 0.008130
74 79 0.009009
74 80 0.012903
74 81 0.013245
74 82 0.006410
74 83 0.005291
74 84 0.005038
74 85 0.005714
74 86 0.008547
74 87 0.012658
74 88 0.006135
74 89 0.014493
74 90 0.010695
74 91 0.006780
74 92 0.007353
74 93 0.006349
74 94 0.021505
74 95 0.010638
74 96 0.005917
74 97 0.014599
74 98 0.013158
74 99 0.012048
75 76 0.007812
75 77 0.007018
75 78 0.008772
75 79 0.019231
75 80 0.007722
75 81 0.017699
75 82 0.023529
75 83 0.017094
75 84 0.011976
75 85 0.009709
75 86 0.008000
75 87 0.006024
75 88 0.025974
75 89 0.009390
75 90 0.006309
75 91 0.015038
75 92 0.015748
75 93 0.021053
75 94 0.006557
75 95 0.007326
75 96 0.011834
75 97 0.005277
75 98 0.008621
75 99 0.009434
76 77 0.006024
76 78 0.005141
76 79 0.006734
76 80 0.033333
76 81 0.010050
76 82 0.008264
76 83 0.005602
76 84 0.006757
76 85 0.010309
76 86 0.005102
76 87 0.005479
76 88 0.006024
76 89 0.025316
76 90 0.005195
76 91 0.005479
76 92 0.012195
76 93 0.005764
76 94 0.012739
76 95 0.055556
76 96 0.004890
76 97 0.005917
76 98 0.033333
76 99 0.035714
77 78 0.013245
77 79 0.010050
77 80 0.007092
77 81 0.010417
77 82 0.005587
77 83 0.005236
77 84 0.004484
77 85 0.004608
77 86 0.015873
77 87 0.041667
77 88 0.006211
77 89 0.007874
77 90 0.037037
77 91 0.007937
77 92 0.005780
77 93 0.006780
77 94 0.008889
77 95 0.006349
77 96 0.007042
77 97 0.015873
77 98 0.007326
77 99 0.007117
78 79 0.016000
78 80 0.005618
78 81 0.010204
78 82 0.006410
78 83 0.006993
78 84 0.005115
78 85 0.004728
78 86 0.060606
78 87 0.010870
78 88 0.008772
78 89 0.006369
78 90 0.014085
78 91 0.015267
78 92 0.005970
78 93 0.010526
78 94 0.005970
78 95 0.005181
78 96 0.013423
78 97 0.007246
78 98 0.005935
78 99 0.005988
79 80 0.007194
79 81 0.020000
79 82 0.010638
79 83 0.010870
79 84 0.007407
79 85 0.006645
79 86 0.013699
79 87 0.008163
79 88 0.016129
79 89 0.008658
79 90 0.009009
79 91 0.026316
79 92 0.009346
79 93 0.020202
79 94 0.006873
79 95 0.006623
79 96 0.016529
79 97 0.006452
79 98 0.007874
79 99 0.008230
80 81 0.011173
80 82 0.007576
80 83 0.005405
80 84 0.006061
80 85 0.008299
80 86 0.005634
80 87 0.006410
80 88 0.005970
80 89 0.041667
80 90 0.005970
80 91 0.005698
80 92 0.010363
80 93 0.005831
80 94 0.020408
80 95 0.058824
80 96 0.005051
80 97 0.007143
80 98 0.071429
80 99 0.039216
81 82 0.011765
81 83 0.008772
81 84 0.007752
81 85 0.008163
81 86 0.009804
81 87 0.008403
81 88 0.011173
81 89 0.015267
81 90 0.008511
81 91 0.011561
81 92 0.012821
81 93 0.011429
81 94 0.009950
81 95 0.009852
81 96 0.009132
81 97 0.007407
81 98 0.012903
81 99 0.013889
82 83 0.016129
82 84 0.022472
82 85 0.015038
82 86 0.006006
82 87 0.004938
82 88 0.015873
82 89 0.008929
82 90 0.005076
82 91 0.009479
82 92 0.025000
82 93 0.012500
82 94 0.006024
82 95 0.007463
82 96 0.008299
82 97 0.004556
82 98 0.008439
82 99 0.009390
83 84 0.013793
83 85 0.008065
83 86 0.006349
83 87 0.004673
83 88 0.032787
83 89 0.006154
83 90 0.004950
83 91 0.012658
83 92 0.009901
83 93 0.020619
83 94 0.004739
83 95 0.005263
83 96 0.012121
83 97 0.004107
83 98 0.005831
83 99 0.006231
84 85 0.015625
84 86 0.004819
84 87 0.004057
84 88 0.011173
84 89 0.006734
84 90 0.004149
84 91 0.007194
84 92 0.014599
84 93 0.009091
84 94 0.004890
84 95 0.006116
84 96 0.006689
84 97 0.003802
84 98 0.006536
84 99 0.007117
85 86 0.004545
85 87 0.004184
85 88 0.007752
85 89 0.008969
85 90 0.004175
85 91 0.005917
85 92 0.021978
85 93 0.006849
85 94 0.005988
85 95 0.008772
85 96 0.005391
85 97 0.004115
85 98 0.008969
85 99 0.010101
86 87 0.012903
86 88 0.007812
86 89 0.006349
86 90 0.018018
86 91 0.012346
86 92 0.005714
86 93 0.009091
86 94 0.006154
86 95 0.005195
86 96 0.011050
86 97 0.007968
86 98 0.005935
86 99 0.005952
87 88 0.005435
87 89 0.006920
87 90 0.040000
87 91 0.006780
87 92 0.005115
87 93 0.005865
87 94 0.008230
87 95 0.005797
87 96 0.006154
87 97 0.019608
87 98 0.006536
87 99 0.006329
88 89 0.006920
88 90 0.005814
88 91 0.019608
88 92 0.010363
88 93 0.047619
88 94 0.005305
88 95 0.005714
88 96 0.016667
88 97 0.004662
88 98 0.006472
88 99 0.006920
89 90 0.006515
89 91 0.006601
89 92 0.012422
89 93 0.006757
89 94 0.017699
89 95 0.027397
89 96 0.005731
89 97 0.007353
89 98 0.083333
89 99 0.068966
90 91 0.007634
90 92 0.005128
90 93 0.006390
90 94 0.007220
90 95 0.005435
90 96 0.006944
90 97 0.013245
90 98 0.006135
90 99 0.006006
91 92 0.007722
91 93 0.032258
91 94 0.005464
91 95 0.005362
91 96 0.043478
91 97 0.005391
91 98 0.006135
91 99 0.006390
92 93 0.009091
92 94 0.007326
92 95 0.010363
92 96 0.006757
92 97 0.004914
92 98 0.011834
92 99 0.013889
93 94 0.005333
93 95 0.005540
93 96 0.024691
93 97 0.004902
93 98 0.006309
93 99 0.006667
94 95 0.016000
94 96 0.004866
94 97 0.010471
94 98 0.017857
94 99 0.014706
95 96 0.004785
95 97 0.006431
95 98 0.040816
95 99 0.032258
96 97 0.004914
96 98 0.005391
96 99 0.005587
97 98 0.007067
97 99 0.006667
98 99 0.076923
