100 4950
0 1 0.021368
0 2 0.025000
0 3 0.055556
0 4 0.021930
0 5 0.022624
0 6 0.014620
0 7 0.054945
0 8 0.015152
0 9 0.022624
0 10 0.018657
0 11 0.017241
0 12 0.019305
0 13 0.029412
0 14 0.016393
0 15 0.023697
0 16 0.022831
0 17 0.024272
0 18 0.030120
0 19 0.013889
0 20 0.019084
0 21 0.022936
0 22 0.019763
0 23 0.036496
0 24 0.014620
0 25 0.051546
0 26 0.019920
0 27 0.019841
0 28 0.031250
0 29 0.016667
0 30 0.016026
0 31 0.029070
0 32 0.022727
0 33 0.015873
0 34 0.042735
0 35 0.021368
0 36 0.027027
0 37 0.071429
0 38 0.016502
0 39 0.029586
0 40 0.161290
0 41 0.015873
0 42 0.039062
0 43 0.014124
0 44 0.038462
0 45 0.019455
0 46 0.029412
0 47 0.041667
0 48 0.023923
0 49 0.054945
0 50 0.020492
0 51 0.028249
0 52 0.022026
0 53 0.062500
0 54 0.138889
0 55 0.016393
0 56 0.026738
0 57 0.018868
0 58 0.014837
0 59 0.027174
0 60 0.012407
0 61 0.015106
0 62 0.015773
0 63 0.029240
0 64 0.151515
0 65 0.016949
0 66 0.020080
0 67 0.025381
0 68 0.083333
0 69 0.034483
0 70 0.014749
0 71 0.019685
0 72 0.034965
0 73 0.028571
0 74 0.018248
0 75 0.035211
0 76 0.020080
0 77 0.022624
0 78 0.016129
0 79 0.034014
0 80 0.019763
0 81 0.036496
0 82 0.019305
0 83 0.015625
0 84 0.013928
0 85 0.053191
0 86 0.013089
0 87 0.014493
0 88 0.026178
0 89 0.070423
0 90 0.033113
0 91 0.018382
0 92 0.161290
0 93 0.021277
0 94 0.050000
0 95 0.016667
0 96 0.034014
0 97 0.027933
0 98 0.021277
0 99 0.037594
1 2 0.058824
1 3 0.019841
1 4 0.011111
1 5 0.057471
1 6 0.009074
1 7 0.022831
1 8 0.011820
1 9 0.142857
1 10 0.012755
1 11 0.015337
1 12 0.034014
1 13 0.075758
1 14 0.012285
1 15 0.011261
1 16 0.018382
1 17 0.015106
1 18 0.072464
1 19 0.009294
1 20 0.011261
1 21 0.017668
1 22 0.010846
1 23 0.021459
1 24 0.010060
1 25 0.018182
1 26 0.250000
1 27 0.011601
1 28 0.014706
1 29 0.024155
1 30 0.010460
1 31 0.014409
1 32 0.016447
1 33 0.009524
1 34 0.014451
1 35 0.035971
1 36 0.096154
1 37 0.017123
1 38 0.009615
1 39 0.025907
1 40 0.021368
1 41 0.011086
1 42 0.019920
1 43 0.011905
1 44 0.043103
1 45 0.065789
1 46 0.015385
1 47 0.014164
1 48 0.060241
1 49 0.027933
1 50 0.010846
1 51 0.012887
1 52 0.013055
1 53 0.020161
1 54 0.024876
1 55 0.013263
1 56 0.014749
1 57 0.010246
1 58 0.010373
1 59 0.081967
1 60 0.013228
1 61 0.010288
1 62 0.018315
1 63 0.013369
1 64 0.021277
1 65 0.011364
1 66 0.135135
1 67 0.012225
1 68 0.017123
1 69 0.034014
1 70 0.009091
1 71 0.019157
1 72 0.022936
1 73 0.065789
1 74 0.019685
1 75 0.032895
1 76 0.312500
1 77 0.012853
1 78 0.009785
1 79 0.014286
1 80 0.147059
1 81 0.037594
1 82 0.012626
1 83 0.014793
1 84 0.008945
1 85 0.015773
1 86 0.008636
1 87 0.013812
1 88 0.013966
1 89 0.024510
1 90 0.016835
1 91 0.010753
1 92 0.021739
1 93 0.043103
1 94 0.019380
1 95 0.014749
1 96 0.045455
1 97 0.090909
1 98 0.033557
1 99 0.030120
2 3 0.020161
2 4 0.011682
2 5 0.227273
2 6 0.009294
2 7 0.032051
2 8 0.010965
2 9 0.096154
2 10 0.012107
2 11 0.013477
2 12 0.022831
2 13 0.058140
2 14 0.011468
2 15 0.012438
2 16 0.016234
2 17 0.014368
2 18 0.075758
2 19 0.009225
2 20 0.011261
2 21 0.015823
2 22 0.011161
2 23 0.020080
2 24 0.009804
2 25 0.018657
2 26 0.048077
2 27 0.011574
2 28 0.018315
2 29 0.017921
2 30 0.010288
2 31 0.014451
2 32 0.015015
2 33 0.009785
2 34 0.016779
2 35 0.024631
2 36 0.086207
2 37 0.018657
2 38 0.009980
2 39 0.045045
2 40 0.023697
2 41 0.010638
2 42 0.019231
2 43 0.010823
2 44 0.070423
2 45 0.084746
2 46 0.019920
2 47 0.015773
2 48 0.555556
2 49 0.027778
2 50 0.011312
2 51 0.015291
2 52 0.012755
2 53 0.020747
2 54 0.030303
2 55 0.012077
2 56 0.014409
2 57 0.010753
2 58 0.010020
2 59 0.049020
2 60 0.011312
2 61 0.010020
2 62 0.014837
2 63 0.016077
2 64 0.026316
2 65 0.010989
2 66 0.070423
2 67 0.014368
2 68 0.019305
2 69 0.067568
2 70 0.009328
2 71 0.016077
2 72 0.021008
2 73 0.142857
2 74 0.016129
2 75 0.063291
2 76 0.055556
2 77 0.012723
2 78 0.009960
2 79 0.017301
2 80 0.064103
2 81 0.032468
2 82 0.012136
2 83 0.012821
2 84 0.009058
2 85 0.018727
2 86 0.008711
2 87 0.012048
2 88 0.017544
2 89 0.025381
2 90 0.016447
2 91 0.010870
2 92 0.026882
2 93 0.027174
2 94 0.025773
2 95 0.012987
2 96 0.037313
2 97 0.067568
2 98 0.023585
2 99 0.053191
3 4 0.024510
3 5 0.018587
3 6 0.016722
3 7 0.028090
3 8 0.020747
3 9 0.019841
3 10 0.027624
3 11 0.024272
3 12 0.022321
3 13 0.026596
3 14 0.023148
3 15 0.021645
3 16 0.036765
3 17 0.042373
3 18 0.025641
3 19 0.017007
3 20 0.025510
3 21 0.037594
3 22 0.023923
3 23 0.083333
3 24 0.018868
3 25 0.217391
3 26 0.018868
3 27 0.027027
3 28 0.020747
3 29 0.020080
3 30 0.020921
3 31 0.050505
3 32 0.037879
3 33 0.018315
3 34 0.029762
3 35 0.025000
3 36 0.023474
3 37 0.070423
3 38 0.018519
3 39 0.020161
3 40 0.083333
3 41 0.021552
3 42 0.119048
3 43 0.018868
3 44 0.027933
3 45 0.016835
3 46 0.019531
3 47 0.035714
3 48 0.019531
3 49 0.067568
3 50 0.023585
3 51 0.020661
3 52 0.034014
3 53 0.454545
3 54 0.046296
3 55 0.023148
3 56 0.048544
3 57 0.020747
3 58 0.019455
3 59 0.025907
3 60 0.015432
3 61 0.019685
3 62 0.020161
3 63 0.020661
3 64 0.040650
3 65 0.023364
3 66 0.017986
3 67 0.019305
3 68 0.052632
3 69 0.023585
3 70 0.016779
3 71 0.027933
3 72 0.067568
3 73 0.023148
3 74 0.024510
3 75 0.023697
3 76 0.018657
3 77 0.034247
3 78 0.019305
3 79 0.022727
3 80 0.017857
3 81 0.040323
3 82 0.028736
3 83 0.021097
3 84 0.016234
3 85 0.031250
3 86 0.015198
3 87 0.019157
3 88 0.018248
3 89 0.096154
3 90 0.078125
3 91 0.023256
3 92 0.041667
3 93 0.023810
3 94 0.026455
3 95 0.023364
3 96 0.034483
3 97 0.024876
3 98 0.025253
3 99 0.024155
4 5 0.011136
4 6 0.040984
4 7 0.016667
4 8 0.017361
4 9 0.011261
4 10 0.022831
4 11 0.015060
4 12 0.011820
4 13 0.012987
4 14 0.018939
4 15 0.046729
4 16 0.017241
4 17 0.024038
4 18 0.012920
4 19 0.027174
4 20 0.041322
4 21 0.017986
4 22 0.087719
4 23 0.020080
4 24 0.024155
4 25 0.027473
4 26 0.010753
4 27 0.039683
4 28 0.018450
4 29 0.011416
4 30 0.029070
4 31 0.035461
4 32 0.019231
4 33 0.052083
4 34 0.029762
4 35 0.012500
4 36 0.012315
4 37 0.031056
4 38 0.065789
4 39 0.012987
4 40 0.022831
4 41 0.022523
4 42 0.022222
4 43 0.014970
4 44 0.014006
4 45 0.010352
4 46 0.016340
4 47 0.040650
4 48 0.011468
4 49 0.018248
4 50 0.208333
4 51 0.022727
4 52 0.030675
4 53 0.024272
4 54 0.018939
4 55 0.016611
4 56 0.029070
4 57 0.131579
4 58 0.022624
4 59 0.012723
4 60 0.010989
4 61 0.024752
4 62 0.012077
4 63 0.021186
4 64 0.020408
4 65 0.025126
4 66 0.010616
4 67 0.022523
4 68 0.029240
4 69 0.013477
4 70 0.042735
4 71 0.014663
4 72 0.018727
4 73 0.012469
4 74 0.013441
4 75 0.013624
4 76 0.010730
4 77 0.034965
4 78 0.046729
4 79 0.021645
4 80 0.010549
4 81 0.015291
4 82 0.025126
4 83 0.013774
4 84 0.033784
4 85 0.025641
4 86 0.028736
4 87 0.013158
4 88 0.016667
4 89 0.020161
4 90 0.026178
4 91 0.051020
4 92 0.020243
4 93 0.012136
4 94 0.017730
4 95 0.015015
4 96 0.014451
4 97 0.012594
4 98 0.012626
4 99 0.014006
5 6 0.008945
5 7 0.028902
5 8 0.010549
5 9 0.094340
5 10 0.011547
5 11 0.012887
5 12 0.021930
5 13 0.049505
5 14 0.010989
5 15 0.011848
5 16 0.015385
5 17 0.013587
5 18 0.060241
5 19 0.008881
5 20 0.010753
5 21 0.014970
5 22 0.010661
5 23 0.018657
5 24 0.009434
5 25 0.017301
5 26 0.048544
5 27 0.011038
5 28 0.017361
5 29 0.017361
5 30 0.009881
5 31 0.013624
5 32 0.014245
5 33 0.009398
5 34 0.015723
5 35 0.023364
5 36 0.069444
5 37 0.017301
5 38 0.009579
5 39 0.041322
5 40 0.021459
5 41 0.010225
5 42 0.017794
5 43 0.010438
5 44 0.054348
5 45 0.119048
5 46 0.018868
5 47 0.014837
5 48 0.357143
5 49 0.024876
5 50 0.010799
5 51 0.014535
5 52 0.012107
5 53 0.019084
5 54 0.026882
5 55 0.011574
5 56 0.013624
5 57 0.010288
5 58 0.009634
5 59 0.043103
5 60 0.011013
5 61 0.009634
5 62 0.014327
5 63 0.015291
5 64 0.023810
5 65 0.010526
5 66 0.078125
5 67 0.013699
5 68 0.017857
5 69 0.055556
5 70 0.008977
5 71 0.015337
5 72 0.019455
5 73 0.092593
5 74 0.015432
5 75 0.052632
5 76 0.056818
5 77 0.012077
5 78 0.009560
5 79 0.016340
5 80 0.070423
5 81 0.029070
5 82 0.011574
5 83 0.012346
5 84 0.008726
5 85 0.017483
5 86 0.008403
5 87 0.011628
5 88 0.016722
5 89 0.022936
5 90 0.015432
5 91 0.010395
5 92 0.024272
5 93 0.025773
5 94 0.023810
5 95 0.012469
5 96 0.033113
5 97 0.056180
5 98 0.022321
5 99 0.045455
6 7 0.011905
6 8 0.017668
6 9 0.009107
6 10 0.021459
6 11 0.013736
6 12 0.010040
6 13 0.010288
6 14 0.018797
6 15 0.023364
6 16 0.014535
6 17 0.019608
6 18 0.010183
6 19 0.047619
6 20 0.039683
6 21 0.015152
6 22 0.054945
6 23 0.015198
6 24 0.031056
6 25 0.018116
6 26 0.008881
6 27 0.035971
6 28 0.012788
6 29 0.010000
6 30 0.036232
6 31 0.023923
6 32 0.016287
6 33 0.178571
6 34 0.017241
6 35 0.010460
6 36 0.009804
6 37 0.018382
6 38 0.094340
6 39 0.009921
6 40 0.015291
6 41 0.024510
6 42 0.016287
6 43 0.015106
6 44 0.010707
6 45 0.008460
6 46 0.011710
6 47 0.020492
6 48 0.009141
6 49 0.013441
6 50 0.049020
6 51 0.014837
6 52 0.025641
6 53 0.016447
6 54 0.013298
6 55 0.015873
6 56 0.021834
6 57 0.053191
6 58 0.027174
6 59 0.010183
6 60 0.010526
6 61 0.030675
6 62 0.010846
6 63 0.014124
6 64 0.013774
6 65 0.026455
6 66 0.008696
6 67 0.014925
6 68 0.017361
6 69 0.010288
6 70 0.500000
6 71 0.012755
6 72 0.014409
6 73 0.009823
6 74 0.011792
6 75 0.010352
6 76 0.008834
6 77 0.027778
6 78 0.106383
6 79 0.014205
6 80 0.008651
6 81 0.011876
6 82 0.023256
6 83 0.012821
6 84 0.142857
6 85 0.015773
6 86 0.086207
6 87 0.012500
6 88 0.011933
6 89 0.014368
6 90 0.019011
6 91 0.053763
6 92 0.013736
6 93 0.010101
6 94 0.012407
6 95 0.013889
6 96 0.011312
6 97 0.010020
6 98 0.010571
6 99 0.010549
7 8 0.011962
7 9 0.025641
7 10 0.013966
7 11 0.013587
7 12 0.017007
7 13 0.029586
7 14 0.012723
7 15 0.019608
7 16 0.016892
7 17 0.016949
7 18 0.032468
7 19 0.011186
7 20 0.014286
7 21 0.016779
7 22 0.014970
7 23 0.023148
7 24 0.011574
7 25 0.026738
7 26 0.020921
7 27 0.014663
7 28 0.040984
7 29 0.014493
7 30 0.012469
7 31 0.019011
7 32 0.016447
7 33 0.012723
7 34 0.033557
7 35 0.018519
7 36 0.029762
7 37 0.032258
7 38 0.013298
7 39 0.058824
7 40 0.041667
7 41 0.012346
7 42 0.023585
7 43 0.011364
7 44 0.048077
7 45 0.023364
7 46 0.044643
7 47 0.027778
7 48 0.030488
7 49 0.033113
7 50 0.015674
7 51 0.029070
7 52 0.015773
7 53 0.029762
7 54 0.068493
7 55 0.012821
7 56 0.018051
7 57 0.014925
7 58 0.011682
7 59 0.026455
7 60 0.010593
7 61 0.011876
7 62 0.013228
7 63 0.031847
7 64 0.081967
7 65 0.012953
7 66 0.022624
7 67 0.025907
7 68 0.037594
7 69 0.059524
7 70 0.012019
7 71 0.015432
7 72 0.023148
7 73 0.034483
7 74 0.014793
7 75 0.063291
7 76 0.021645
7 77 0.016077
7 78 0.012788
7 79 0.037313
7 80 0.022026
7 81 0.028571
7 82 0.014327
7 83 0.012626
7 84 0.011364
7 85 0.042735
7 86 0.010776
7 87 0.011848
7 88 0.034965
7 89 0.034722
7 90 0.020747
7 91 0.014045
7 92 0.080645
7 93 0.019011
7 94 0.125000
7 95 0.013193
7 96 0.028736
7 97 0.029240
7 98 0.018182
7 99 0.076923
8 9 0.011390
8 10 0.068493
8 11 0.043860
8 12 0.016234
8 13 0.013298
8 14 0.185185
8 15 0.013123
8 16 0.032895
8 17 0.040000
8 18 0.012755
8 19 0.025253
8 20 0.028902
8 21 0.035461
8 22 0.020661
8 23 0.023585
8 24 0.037594
8 25 0.021186
8 26 0.011737
8 27 0.030488
8 28 0.010638
8 29 0.017857
8 30 0.034483
8 31 0.027778
8 32 0.040323
8 33 0.018315
8 34 0.013298
8 35 0.016667
8 36 0.012315
8 37 0.017422
8 38 0.016835
8 39 0.010331
8 40 0.016667
8 41 0.062500
8 42 0.023923
8 43 0.102041
8 44 0.012563
8 45 0.010204
8 46 0.010183
8 47 0.015244
8 48 0.010823
8 49 0.017606
8 50 0.018248
8 51 0.011086
8 52 0.038168
8 53 0.019920
8 54 0.014409
8 55 0.096154
8 56 0.032895
8 57 0.016502
8 58 0.046729
8 59 0.013624
8 60 0.025381
8 61 0.039683
8 62 0.023148
8 63 0.010917
8 64 0.013774
8 65 0.052083
8 66 0.010917
8 67 0.010799
8 68 0.015823
8 69 0.011338
8 70 0.017241
8 71 0.028736
8 72 0.022831
8 73 0.011848
8 74 0.025381
8 75 0.011338
8 76 0.011442
8 77 0.033557
8 78 0.020833
8 79 0.011338
8 80 0.010941
8 81 0.016502
8 82 0.054945
8 83 0.039370
8 84 0.018939
8 85 0.013123
8 86 0.018727
8 87 0.039683
8 88 0.009921
8 89 0.017857
8 90 0.027778
8 91 0.024272
8 92 0.013889
8 93 0.015480
8 94 0.011655
8 95 0.048544
8 96 0.015432
8 97 0.012853
8 98 0.017241
8 99 0.011364
9 10 0.012407
9 11 0.014451
9 12 0.028249
9 13 0.075758
9 14 0.011876
9 15 0.011628
9 16 0.017361
9 17 0.014706
9 18 0.086207
9 19 0.009225
9 20 0.011211
9 21 0.016779
9 22 0.010917
9 23 0.020833
9 24 0.009901
9 25 0.018315
9 26 0.094340
9 27 0.011521
9 28 0.015873
9 29 0.021097
9 30 0.010331
9 31 0.014327
9 32 0.015773
9 33 0.009579
9 34 0.015198
9 35 0.030303
9 36 0.128205
9 37 0.017606
9 38 0.009709
9 39 0.031056
9 40 0.022124
9 41 0.010846
9 42 0.019531
9 43 0.011390
9 44 0.052632
9 45 0.096154
9 46 0.016835
9 47 0.014706
9 48 0.102041
9 49 0.027933
9 50 0.010965
9 51 0.013661
9 52 0.012853
9 53 0.020325
9 54 0.026738
9 55 0.012690
9 56 0.014535
9 57 0.010395
9 58 0.010163
9 59 0.068493
9 60 0.012315
9 61 0.010121
9 62 0.016667
9 63 0.014245
9 64 0.022936
9 65 0.011136
9 66 0.178571
9 67 0.012920
9 68 0.017857
9 69 0.042373
9 70 0.009124
9 71 0.017668
9 72 0.022026
9 73 0.098039
9 74 0.017986
9 75 0.040650
9 76 0.128205
9 77 0.012723
9 78 0.009804
9 79 0.015244
9 80 0.151515
9 81 0.035714
9 82 0.012376
9 83 0.013850
9 84 0.008945
9 85 0.016722
9 86 0.008621
9 87 0.012987
9 88 0.015106
9 89 0.024876
9 90 0.016611
9 91 0.010730
9 92 0.023474
9 93 0.034965
9 94 0.021368
9 95 0.013928
9 96 0.042735
9 97 0.096154
9 98 0.028571
9 99 0.036232
10 11 0.037879
10 12 0.016835
10 13 0.014793
10 14 0.106383
10 15 0.016181
10 16 0.038168
10 17 0.075758
10 18 0.014205
10 19 0.029940
10 20 0.044643
10 21 0.042735
10 22 0.028249
10 23 0.030303
10 24 0.045045
10 25 0.029070
10 26 0.012531
10 27 0.050000
10 28 0.012469
10 29 0.017668
10 30 0.047619
10 31 0.046296
10 32 0.053763
10 33 0.022936
10 34 0.016447
10 35 0.017668
10 36 0.013624
10 37 0.022936
10 38 0.021008
10 39 0.011682
10 40 0.020921
10 41 0.084746
10 42 0.032258
10 43 0.043478
10 44 0.014286
10 45 0.011038
10 46 0.011792
10 47 0.019531
10 48 0.011905
10 49 0.021277
10 50 0.024155
10 51 0.013158
10 52 0.084746
10 53 0.026178
10 54 0.017361
10 55 0.058824
10 56 0.060241
10 57 0.021008
10 58 0.054348
10 59 0.015015
10 60 0.020492
10 61 0.050000
10 62 0.021459
10 63 0.012920
10 64 0.016667
10 65 0.092593
10 66 0.011765
10 67 0.012788
10 68 0.020161
10 69 0.012853
10 70 0.021008
10 71 0.029240
10 72 0.028249
10 73 0.013193
10 74 0.024752
10 75 0.012887
10 76 0.012285
10 77 0.064103
10 78 0.026738
10 79 0.013514
10 80 0.011765
10 81 0.018939
10 82 0.238095
10 83 0.031646
10 84 0.022624
10 85 0.016026
10 86 0.021834
10 87 0.029586
10 88 0.011521
10 89 0.022222
10 90 0.042373
10 91 0.034247
10 92 0.016779
10 93 0.016393
10 94 0.013736
10 95 0.039062
10 96 0.017422
10 97 0.014205
10 98 0.018182
10 99 0.012953
11 12 0.025253
11 13 0.017422
11 14 0.044643
11 15 0.012376
11 16 0.068493
11 17 0.040000
11 18 0.016340
11 19 0.016892
11 20 0.020833
11 21 0.068493
11 22 0.016667
11 23 0.032468
11 24 0.021368
11 25 0.023585
11 26 0.015337
11 27 0.022026
11 28 0.011211
11 29 0.030120
11 30 0.021277
11 31 0.025641
11 32 0.063291
11 33 0.014409
11 34 0.013587
11 35 0.025907
11 36 0.015773
11 37 0.018519
11 38 0.013736
11 39 0.011905
11 40 0.019157
11 41 0.028249
11 42 0.030488
11 43 0.051546
11 44 0.015432
11 45 0.012594
11 46 0.010870
11 47 0.015152
11 48 0.013298
11 49 0.022727
11 50 0.015385
11 51 0.011261
11 52 0.028736
11 53 0.023256
11 54 0.016892
11 55 0.079365
11 56 0.030864
11 57 0.014006
11 58 0.023810
11 59 0.018248
11 60 0.040000
11 61 0.022222
11 62 0.048077
11 63 0.011211
11 64 0.015528
11 65 0.027473
11 66 0.013850
11 67 0.010870
11 68 0.016779
11 69 0.013441
11 70 0.013550
11 71 0.076923
11 72 0.032680
11 73 0.014793
11 74 0.059524
11 75 0.013441
11 76 0.014793
11 77 0.025907
11 78 0.015723
11 79 0.011792
11 80 0.013928
11 81 0.022624
11 82 0.033333
11 83 0.151515
11 84 0.014205
11 85 0.013736
11 86 0.013889
11 87 0.089286
11 88 0.010438
11 89 0.022124
11 90 0.030864
11 91 0.018248
11 92 0.015723
11 93 0.022936
11 94 0.012887
11 95 0.357143
11 96 0.020921
11 97 0.016667
11 98 0.027322
11 99 0.013333
12 13 0.035461
12 14 0.016779
12 15 0.011062
12 16 0.030120
12 17 0.020161
12 18 0.030675
12 19 0.010893
12 20 0.013263
12 21 0.027778
12 22 0.012048
12 23 0.028736
12 24 0.012285
12 25 0.020408
12 26 0.035461
12 27 0.013774
12 28 0.012285
12 29 0.081967
12 30 0.012626
12 31 0.017182
12 32 0.024510
12 33 0.010526
12 34 0.013405
12 35 0.192308
12 36 0.030864
12 37 0.017361
12 38 0.010417
12 39 0.016340
12 40 0.020661
12 41 0.014124
12 42 0.025253
12 43 0.017007
12 44 0.024510
12 45 0.022422
12 46 0.012376
12 47 0.013928
12 48 0.022727
12 49 0.029412
12 50 0.011737
12 51 0.011494
12 52 0.016234
12 53 0.022222
12 54 0.020833
12 55 0.019455
12 56 0.018519
12 57 0.010941
12 58 0.012920
12 59 0.041667
12 60 0.021552
12 61 0.012626
12 62 0.039370
12 63 0.011710
12 64 0.017986
12 65 0.014327
12 66 0.027322
12 67 0.010965
12 68 0.016502
12 69 0.019763
12 70 0.010000
12 71 0.037037
12 72 0.032051
12 73 0.026042
12 74 0.043103
12 75 0.019531
12 76 0.032051
12 77 0.015625
12 78 0.011038
12 79 0.012407
12 80 0.027933
12 81 0.040323
12 82 0.016340
12 83 0.024631
12 84 0.010040
12 85 0.014164
12 86 0.009747
12 87 0.022422
12 88 0.011547
12 89 0.025510
12 90 0.021097
12 91 0.012315
12 92 0.018382
12 93 0.142857
12 94 0.015244
12 95 0.023697
12 96 0.041322
12 97 0.033784
12 98 0.185185
12 99 0.018797
13 14 0.014006
13 15 0.013123
13 16 0.022124
13 17 0.018182
13 18 0.227273
13 19 0.010482
13 20 0.013089
13 21 0.021277
13 22 0.012626
13 23 0.028571
13 24 0.011364
13 25 0.023697
13 26 0.060976
13 27 0.013550
13 28 0.017241
13 29 0.025000
13 30 0.011962
13 31 0.017606
13 32 0.019763
13 33 0.010870
13 34 0.017606
13 35 0.040984
13 36 0.161290
13 37 0.022026
13 38 0.010989
13 39 0.030120
13 40 0.029586
13 41 0.012626
13 42 0.026316
13 43 0.013228
13 44 0.073529
13 45 0.043103
13 46 0.017921
13 47 0.017361
13 48 0.055556
13 49 0.043478
13 50 0.012626
13 51 0.015106
13 52 0.015432
13 53 0.027322
13 54 0.035971
13 55 0.015060
13 56 0.017986
13 57 0.011848
13 58 0.011737
13 59 0.227273
13 60 0.013966
13 61 0.011682
13 62 0.019763
13 63 0.015674
13 64 0.028571
13 65 0.013055
13 66 0.055556
13 67 0.014205
13 68 0.021930
13 69 0.043860
13 70 0.010288
13 71 0.022124
13 72 0.030864
13 73 0.092593
13 74 0.022222
13 75 0.042735
13 76 0.061728
13 77 0.015244
13 78 0.011186
13 79 0.016949
13 80 0.054348
13 81 0.067568
13 82 0.014749
13 83 0.016393
13 84 0.010081
13 85 0.019455
13 86 0.009690
13 87 0.015152
13 88 0.016077
13 89 0.035971
13 90 0.021186
13 91 0.012438
13 92 0.029412
13 93 0.047170
13 94 0.024155
13 95 0.016667
13 96 0.096154
13 97 0.357143
13 98 0.038168
13 99 0.039062
14 15 0.014085
14 16 0.036765
14 17 0.050505
14 18 0.013405
14 19 0.026738
14 20 0.033113
14 21 0.040000
14 22 0.022831
14 23 0.026316
14 24 0.040323
14 25 0.023810
14 26 0.012165
14 27 0.035211
14 28 0.011287
14 29 0.018182
14 30 0.038168
14 31 0.032680
14 32 0.047619
14 33 0.019685
14 34 0.014327
14 35 0.017361
14 36 0.012920
14 37 0.019231
14 38 0.018051
14 39 0.010870
14 40 0.018182
14 41 0.074627
14 42 0.027027
14 43 0.071429
14 44 0.013263
14 45 0.010593
14 46 0.010753
14 47 0.016611
14 48 0.011312
14 49 0.019084
14 50 0.019920
14 51 0.011765
14 52 0.047619
14 53 0.022124
14 54 0.015480
14 55 0.096154
14 56 0.040000
14 57 0.017857
14 58 0.050505
14 59 0.014286
14 60 0.023923
14 61 0.043478
14 62 0.023256
14 63 0.011601
14 64 0.014837
14 65 0.064103
14 66 0.011338
14 67 0.011468
14 68 0.017241
14 69 0.011933
14 70 0.018315
14 71 0.030303
14 72 0.025253
14 73 0.012438
14 74 0.026042
14 75 0.011962
14 76 0.011876
14 77 0.040323
14 78 0.022523
14 79 0.012077
14 80 0.011364
14 81 0.017606
14 82 0.075758
14 83 0.038168
14 84 0.020000
14 85 0.014085
14 86 0.019608
14 87 0.036765
14 88 0.010482
14 89 0.019531
14 90 0.032468
14 91 0.027027
14 92 0.014925
14 93 0.016077
14 94 0.012407
14 95 0.048544
14 96 0.016340
14 97 0.013477
14 98 0.017921
14 99 0.011990
15 16 0.014327
15 17 0.017794
15 18 0.013298
15 19 0.017241
15 20 0.022321
15 21 0.014749
15 22 0.030675
15 23 0.017361
15 24 0.015974
15 25 0.023585
15 26 0.010823
15 27 0.022124
15 28 0.026596
15 29 0.010438
15 30 0.017986
15 31 0.023697
15 32 0.015291
15 33 0.025907
15 34 0.047170
15 35 0.011710
15 36 0.012658
15 37 0.030488
15 38 0.030864
15 39 0.014925
15 40 0.023148
15 41 0.015480
15 42 0.018868
15 43 0.011820
15 44 0.014881
15 45 0.010846
15 46 0.022222
15 47 0.052632
15 48 0.012165
15 49 0.017483
15 50 0.038760
15 51 0.039683
15 52 0.020000
15 53 0.021930
15 54 0.020492
15 55 0.012987
15 56 0.020492
15 57 0.040984
15 58 0.015385
15 59 0.012690
15 60 0.009452
15 61 0.016287
15 62 0.010616
15 63 0.034483
15 64 0.023364
15 65 0.016722
15 66 0.010917
15 67 0.040984
15 68 0.032468
15 69 0.014881
15 70 0.024155
15 71 0.012563
15 72 0.016502
15 73 0.013089
15 74 0.011710
15 75 0.015106
15 76 0.010893
15 77 0.021552
15 78 0.023810
15 79 0.033557
15 80 0.010823
15 81 0.014749
15 82 0.017241
15 83 0.011468
15 84 0.020325
15 85 0.036232
15 86 0.018450
15 87 0.010965
15 88 0.023697
15 89 0.019305
15 90 0.020325
15 91 0.024510
15 92 0.022936
15 93 0.011521
15 94 0.022124
15 95 0.012255
15 96 0.014124
15 97 0.012821
15 98 0.011737
15 99 0.015723
16 17 0.056180
16 18 0.020576
16 19 0.016949
16 20 0.022831
16 21 0.333333
16 22 0.018657
16 23 0.060976
16 24 0.020661
16 25 0.034483
16 26 0.018182
16 27 0.024390
16 28 0.013298
16 29 0.031646
16 30 0.021552
16 31 0.033557
16 32 0.128205
16 33 0.015480
16 34 0.016556
16 35 0.032680
16 36 0.019531
16 37 0.024510
16 38 0.014970
16 39 0.014327
16 40 0.026455
16 41 0.026596
16 42 0.052632
16 43 0.032468
16 44 0.019531
16 45 0.014749
16 46 0.012887
16 47 0.018657
16 48 0.015974
16 49 0.033784
16 50 0.017422
16 51 0.013263
16 52 0.033557
16 53 0.034483
16 54 0.022321
16 55 0.046729
16 56 0.041667
16 57 0.015674
16 58 0.022523
16 59 0.023148
16 60 0.026596
16 61 0.021645
16 62 0.040000
16 63 0.013228
16 64 0.020000
16 65 0.027174
16 66 0.016287
16 67 0.012690
16 68 0.021739
16 69 0.016556
16 70 0.014409
16 71 0.096154
16 72 0.061728
16 73 0.018248
16 74 0.059524
16 75 0.016502
16 76 0.017483
16 77 0.030488
16 78 0.016835
16 79 0.014045
16 80 0.016393
16 81 0.032258
16 82 0.035461
16 83 0.049020
16 84 0.014749
16 85 0.016892
16 86 0.014205
16 87 0.039370
16 88 0.012255
16 89 0.032680
16 90 0.048077
16 91 0.019920
16 92 0.020325
16 93 0.028571
16 94 0.015823
16 95 0.059524
16 96 0.028571
16 97 0.020921
16 98 0.034483
16 99 0.016447
17 18 0.017361
17 19 0.023474
17 20 0.038168
17 21 0.066667
17 22 0.027624
17 23 0.049505
17 24 0.029940
17 25 0.045045
17 26 0.014749
17 27 0.042735
17 28 0.014409
17 29 0.020325
17 30 0.033333
17 31 0.071429
17 32 0.092593
17 33 0.021277
17 34 0.019455
17 35 0.021552
17 36 0.016447
17 37 0.030488
17 38 0.020243
17 39 0.013774
17 40 0.028409
17 41 0.040984
17 42 0.055556
17 43 0.032258
17 44 0.017544
17 45 0.012821
17 46 0.013624
17 47 0.023474
17 48 0.014085
17 49 0.029412
17 50 0.024631
17 51 0.014970
17 52 0.081967
17 53 0.039062
17 54 0.022222
17 55 0.045872
17 56 0.135135
17 57 0.021277
17 58 0.032895
17 59 0.018450
17 60 0.020000
17 61 0.032258
17 62 0.023810
17 63 0.014793
17 64 0.020921
17 65 0.045872
17 66 0.013774
17 67 0.014409
17 68 0.025773
17 69 0.015432
17 70 0.019380
17 71 0.035971
17 72 0.043860
17 73 0.015873
17 74 0.029240
17 75 0.015480
17 76 0.014451
17 77 0.066667
17 78 0.023923
17 79 0.015674
17 80 0.013774
17 81 0.024876
17 82 0.076923
17 83 0.031847
17 84 0.019920
17 85 0.019305
17 86 0.018868
17 87 0.028409
17 88 0.013123
17 89 0.031250
17 90 0.090909
17 91 0.030864
17 92 0.021186
17 93 0.019920
17 94 0.016447
17 95 0.039062
17 96 0.022321
17 97 0.017301
17 98 0.022222
17 99 0.015576
18 19 0.010267
18 20 0.012821
18 21 0.019841
18 22 0.012469
18 23 0.026738
18 24 0.011086
18 25 0.023148
18 26 0.056818
18 27 0.013228
18 28 0.018116
18 29 0.022523
18 30 0.011655
18 31 0.017123
18 32 0.018587
18 33 0.010753
18 34 0.018051
18 35 0.034722
18 36 0.250000
18 37 0.022026
18 38 0.010917
18 39 0.034483
18 40 0.029586
18 41 0.012225
18 42 0.024876
18 43 0.012594
18 44 0.100000
18 45 0.048077
18 46 0.019011
18 47 0.017544
18 48 0.070423
18 49 0.040650
18 50 0.012531
18 51 0.015625
18 52 0.014925
18 53 0.026455
18 54 0.037594
18 55 0.014286
18 56 0.017301
18 57 0.011792
18 58 0.011390
18 59 0.113636
18 60 0.013158
18 61 0.011364
18 62 0.018182
18 63 0.016287
18 64 0.030120
18 65 0.012626
18 66 0.058824
18 67 0.014663
18 68 0.022222
18 69 0.053763
18 70 0.010204
18 71 0.020325
18 72 0.028409
18 73 0.151515
18 74 0.020325
18 75 0.051546
18 76 0.060241
18 77 0.014837
18 78 0.011038
18 79 0.017668
18 80 0.056818
18 81 0.056180
18 82 0.014205
18 83 0.015385
18 84 0.009960
18 85 0.020161
18 86 0.009560
18 87 0.014286
18 88 0.016949
18 89 0.034722
18 90 0.020325
18 91 0.012225
18 92 0.030864
18 93 0.039062
18 94 0.025907
18 95 0.015674
18 96 0.072464
18 97 0.277778
18 98 0.032895
18 99 0.045872
19 20 0.050505
19 21 0.017794
19 22 0.038462
19 23 0.016340
19 24 0.075758
19 25 0.018182
19 26 0.009141
19 27 0.045455
19 28 0.011211
19 29 0.011136
19 30 0.078125
19 31 0.025510
19 32 0.019531
19 33 0.045455
19 34 0.014663
19 35 0.011287
19 36 0.009901
19 37 0.017065
19 38 0.034722
19 39 0.009452
19 40 0.014793
19 41 0.041667
19 42 0.017361
19 43 0.020492
19 44 0.010571
19 45 0.008475
19 46 0.010438
19 47 0.017241
19 48 0.009091
19 49 0.013736
19 50 0.030864
19 51 0.012438
19 52 0.032051
19 53 0.016556
19 54 0.012788
19 55 0.020921
19 56 0.025000
19 57 0.028736
19 58 0.054348
19 59 0.010482
19 60 0.012690
19 61 0.068493
19 62 0.012563
19 63 0.011990
19 64 0.012920
19 65 0.043860
19 66 0.008818
19 67 0.012346
19 68 0.015823
19 69 0.009960
19 70 0.043860
19 71 0.014793
19 72 0.015528
19 73 0.009804
19 74 0.013587
19 75 0.010020
19 76 0.009042
19 77 0.033333
19 78 0.060241
19 79 0.012255
19 80 0.008803
19 81 0.012315
19 82 0.032468
19 83 0.015773
19 84 0.066667
19 85 0.013812
19 86 0.070423
19 87 0.015528
19 88 0.010482
19 89 0.014493
19 90 0.020661
19 91 0.053191
19 92 0.012920
19 93 0.010799
19 94 0.011364
19 95 0.017301
19 96 0.011682
19 97 0.010183
19 98 0.011468
19 99 0.010163
20 21 0.024390
20 22 0.071429
20 23 0.023364
20 24 0.054348
20 25 0.028249
20 26 0.011013
20 27 0.357143
20 28 0.013966
20 29 0.013298
20 30 0.087719
20 31 0.051020
20 32 0.027473
20 33 0.046296
20 34 0.019763
20 35 0.013928
20 36 0.012255
20 37 0.025641
20 38 0.039370
20 39 0.011628
20 40 0.020921
20 41 0.049020
20 42 0.025773
20 43 0.022624
20 44 0.013369
20 45 0.010142
20 46 0.012887
20 47 0.024876
20 48 0.011062
20 49 0.018727
20 50 0.048077
20 51 0.015625
20 52 0.070423
20 53 0.024510
20 54 0.017123
20 55 0.025510
20 56 0.045872
20 57 0.038168
20 58 0.049020
20 59 0.013055
20 60 0.014085
20 61 0.058824
20 62 0.014881
20 63 0.015015
20 64 0.017301
20 65 0.062500
20 66 0.010616
20 67 0.015291
20 68 0.022727
20 69 0.012407
20 70 0.038462
20 71 0.018727
20 72 0.021645
20 73 0.012136
20 74 0.016722
20 75 0.012500
20 76 0.010893
20 77 0.086207
20 78 0.063291
20 79 0.015576
20 80 0.010571
20 81 0.016026
20 82 0.054348
20 83 0.018657
20 84 0.041322
20 85 0.018450
20 86 0.036232
20 87 0.017857
20 88 0.012821
20 89 0.020161
20 90 0.033784
20 91 0.142857
20 92 0.017301
20 93 0.013263
20 94 0.014535
20 95 0.021097
20 96 0.014970
20 97 0.012658
20 98 0.014164
20 99 0.012690
21 22 0.019608
21 23 0.060241
21 24 0.021930
21 25 0.035714
21 26 0.017422
21 27 0.026178
21 28 0.013405
21 29 0.029070
21 30 0.022936
21 31 0.036496
21 32 0.200000
21 33 0.016181
21 34 0.016835
21 35 0.029940
21 36 0.018868
21 37 0.025253
21 38 0.015576
21 39 0.014164
21 40 0.026596
21 41 0.028571
21 42 0.054945
21 43 0.033784
21 44 0.019084
21 45 0.014327
21 46 0.012920
21 47 0.019231
21 48 0.015528
21 49 0.032895
21 50 0.018182
21 51 0.013441
21 52 0.037037
21 53 0.035211
21 54 0.022222
21 55 0.050505
21 56 0.046729
21 57 0.016287
21 58 0.024038
21 59 0.022124
21 60 0.025907
21 61 0.023041
21 62 0.036496
21 63 0.013405
21 64 0.020000
21 65 0.029412
21 66 0.015773
21 67 0.012853
21 68 0.022124
21 69 0.016234
21 70 0.015015
21 71 0.076923
21 72 0.059524
21 73 0.017730
21 74 0.051546
21 75 0.016234
21 76 0.016835
21 77 0.033333
21 78 0.017606
21 79 0.014205
21 80 0.015823
21 81 0.030675
21 82 0.039370
21 83 0.048077
21 84 0.015385
21 85 0.017123
21 86 0.014793
21 87 0.038760
21 88 0.012315
21 89 0.032258
21 90 0.053191
21 91 0.021097
21 92 0.020325
21 93 0.026455
21 94 0.015823
21 95 0.060241
21 96 0.027174
21 97 0.020161
21 98 0.031447
21 99 0.016181
22 23 0.020576
22 24 0.033113
22 25 0.026738
22 26 0.010549
22 27 0.064103
22 28 0.015674
22 29 0.011848
22 30 0.042735
22 31 0.040323
22 32 0.021368
22 33 0.078125
22 34 0.023364
22 35 0.012690
22 36 0.011905
22 37 0.027174
22 38 0.074627
22 39 0.011990
22 40 0.021097
22 41 0.029240
22 42 0.022727
22 43 0.017301
22 44 0.013263
22 45 0.009980
22 46 0.014164
22 47 0.030303
22 48 0.010941
22 49 0.017730
22 50 0.138889
22 51 0.018315
22 52 0.039683
22 53 0.023364
22 54 0.017422
22 55 0.019084
22 56 0.033557
22 57 0.080645
22 58 0.030120
22 59 0.012469
22 60 0.011933
22 61 0.034014
22 62 0.012821
22 63 0.017361
22 64 0.018182
22 65 0.033557
22 66 0.010309
22 67 0.018116
22 68 0.024876
22 69 0.012563
22 70 0.055556
22 71 0.015674
22 72 0.019157
22 73 0.011933
22 74 0.014245
22 75 0.012658
22 76 0.010482
22 77 0.046296
22 78 0.086207
22 79 0.017857
22 80 0.010246
22 81 0.015060
22 82 0.031847
22 83 0.015198
22 84 0.046729
22 85 0.021008
22 86 0.038168
22 87 0.014577
22 88 0.014327
22 89 0.019380
22 90 0.028090
22 91 0.119048
22 92 0.018116
22 93 0.012225
22 94 0.015576
22 95 0.016722
22 96 0.014164
22 97 0.012225
22 98 0.012853
22 99 0.012953
23 24 0.018797
23 25 0.065789
23 26 0.020661
23 27 0.024876
23 28 0.016949
23 29 0.025907
23 30 0.020408
23 31 0.041667
23 32 0.054945
23 33 0.016393
23 34 0.022026
23 35 0.032895
23 36 0.024510
23 37 0.038168
23 38 0.016234
23 39 0.018248
23 40 0.046296
23 41 0.022523
23 42 0.200000
23 43 0.022026
23 44 0.026596
23 45 0.017241
23 46 0.016340
23 47 0.025126
23 48 0.019531
23 49 0.068493
23 50 0.019763
23 51 0.016611
23 52 0.033113
23 53 0.075758
23 54 0.034965
23 55 0.028249
23 56 0.046729
23 57 0.017606
23 58 0.019841
23 59 0.029070
23 60 0.018727
23 61 0.019685
23 62 0.026455
23 63 0.016722
23 64 0.029762
23 65 0.023923
23 66 0.019011
23 67 0.015723
23 68 0.032468
23 69 0.021739
23 70 0.015152
23 71 0.041667
23 72 0.277778
23 73 0.023256
23 74 0.034483
23 75 0.021739
23 76 0.020161
23 77 0.031646
23 78 0.017483
23 79 0.018116
23 80 0.018939
23 81 0.049505
23 82 0.030303
23 83 0.027322
23 84 0.015015
23 85 0.023041
23 86 0.014245
23 87 0.023923
23 88 0.015291
23 89 0.069444
23 90 0.074627
23 91 0.020921
23 92 0.030488
23 93 0.030120
23 94 0.021368
23 95 0.030303
23 96 0.040323
23 97 0.026455
23 98 0.033784
23 99 0.021739
24 25 0.020080
24 26 0.009901
24 27 0.052083
24 28 0.011161
24 29 0.012755
24 30 0.138889
24 31 0.029412
24 32 0.024510
24 33 0.031646
24 34 0.014535
24 35 0.012723
24 36 0.010684
24 37 0.017921
24 38 0.026596
24 39 0.009823
24 40 0.015823
24 41 0.087719
24 42 0.019920
24 43 0.027933
24 44 0.011287
24 45 0.009025
24 46 0.010460
24 47 0.017123
24 48 0.009671
24 49 0.015152
24 50 0.026738
24 51 0.012136
24 52 0.042017
24 53 0.018248
24 54 0.013550
24 55 0.028409
24 56 0.030488
24 57 0.024038
24 58 0.185185
24 59 0.011442
24 60 0.015198
24 61 0.416667
24 62 0.014837
24 63 0.011792
24 64 0.013477
24 65 0.084746
24 66 0.009470
24 67 0.011962
24 68 0.016340
24 69 0.010482
24 70 0.029586
24 71 0.017794
24 72 0.017857
24 73 0.010482
24 74 0.016129
24 75 0.010526
24 76 0.009766
24 77 0.041322
24 78 0.040000
24 79 0.012136
24 80 0.009452
24 81 0.013661
24 82 0.048544
24 83 0.019685
24 84 0.036765
24 85 0.013850
24 86 0.036765
24 87 0.019380
24 88 0.010395
24 89 0.015873
24 90 0.024272
24 91 0.045455
24 92 0.013514
24 93 0.012077
24 94 0.011628
24 95 0.022124
24 96 0.012853
24 97 0.011038
24 98 0.012987
24 99 0.010638
25 26 0.017361
25 27 0.030303
25 28 0.021008
25 29 0.018657
25 30 0.022523
25 31 0.061728
25 32 0.037037
25 33 0.020000
25 34 0.031646
25 35 0.022624
25 36 0.021277
25 37 0.084746
25 38 0.020243
25 39 0.019157
25 40 0.073529
25 41 0.022831
25 42 0.092593
25 43 0.018939
25 44 0.025253
25 45 0.015723
25 46 0.019455
25 47 0.040323
25 48 0.018116
25 49 0.052083
25 50 0.026455
25 51 0.021459
25 52 0.037879
25 53 0.178571
25 54 0.041667
25 55 0.023148
25 56 0.054945
25 57 0.022936
25 58 0.020576
25 59 0.023256
25 60 0.015015
25 61 0.020921
25 62 0.019011
25 63 0.021277
25 64 0.038760
25 65 0.025000
25 66 0.016667
25 67 0.020000
25 68 0.057471
25 69 0.021930
25 70 0.018116
25 71 0.026178
25 72 0.054348
25 73 0.021097
25 74 0.022936
25 75 0.022026
25 76 0.017182
25 77 0.038760
25 78 0.021097
25 79 0.023364
25 80 0.016556
25 81 0.034014
25 82 0.030675
25 83 0.020576
25 84 0.017483
25 85 0.032680
25 86 0.016287
25 87 0.018727
25 88 0.018382
25 89 0.068493
25 90 0.087719
25 91 0.025773
25 92 0.039370
25 93 0.021552
25 94 0.025773
25 95 0.022831
25 96 0.029940
25 97 0.022422
25 98 0.022831
25 99 0.022624
26 27 0.011338
26 28 0.013889
26 29 0.025253
26 30 0.010288
26 31 0.014006
26 32 0.016234
26 33 0.009311
26 34 0.013736
26 35 0.037037
26 36 0.070423
26 37 0.016234
26 38 0.009363
26 39 0.023585
26 40 0.020000
26 41 0.010941
26 42 0.019157
26 43 0.011876
26 44 0.037037
26 45 0.058140
26 46 0.014493
26 47 0.013550
26 48 0.050000
26 49 0.026042
26 50 0.010526
26 51 0.012285
26 52 0.012755
26 53 0.019157
26 54 0.022831
26 55 0.013193
26 56 0.014368
26 57 0.009960
26 58 0.010225
26 59 0.068493
26 60 0.013441
26 61 0.010142
26 62 0.018727
26 63 0.012723
26 64 0.019763
26 65 0.011186
26 66 0.111111
26 67 0.011682
26 68 0.016181
26 69 0.029940
26 70 0.008881
26 71 0.019157
26 72 0.022124
26 73 0.052083
26 74 0.019920
26 75 0.029070
26 76 0.294118
26 77 0.012563
26 78 0.009579
26 79 0.013550
26 80 0.125000
26 81 0.034965
26 82 0.012407
26 83 0.014881
26 84 0.008757
26 85 0.014925
26 86 0.008475
26 87 0.013928
26 88 0.013228
26 89 0.023041
26 90 0.016287
26 91 0.010482
26 92 0.020161
26 93 0.045045
26 94 0.017986
26 95 0.014749
26 96 0.041322
26 97 0.069444
26 98 0.034483
26 99 0.026882
27 28 0.014164
27 29 0.013812
27 30 0.080645
27 31 0.058140
27 32 0.029762
27 33 0.041322
27 34 0.020080
27 35 0.014493
27 36 0.012626
27 37 0.026738
27 38 0.036232
27 39 0.011876
27 40 0.021834
27 41 0.051020
27 42 0.027624
27 43 0.023697
27 44 0.013774
27 45 0.010395
27 46 0.013055
27 47 0.025381
27 48 0.011364
27 49 0.019608
27 50 0.045455
27 51 0.015723
27 52 0.087719
27 53 0.026042
27 54 0.017730
27 55 0.027027
27 56 0.052632
27 57 0.035971
27 58 0.049505
27 59 0.013514
27 60 0.014535
27 61 0.057471
27 62 0.015528
27 63 0.015152
27 64 0.017857
27 65 0.067568
27 66 0.010893
27 67 0.015385
27 68 0.023585
27 69 0.012755
27 70 0.034965
27 71 0.019685
27 72 0.023041
27 73 0.012500
27 74 0.017483
27 75 0.012821
27 76 0.011211
27 77 0.113636
27 78 0.053763
27 79 0.015773
27 80 0.010870
27 81 0.016779
27 82 0.061728
27 83 0.019608
27 84 0.037037
27 85 0.018797
27 86 0.033113
27 87 0.018657
27 88 0.012953
27 89 0.021186
27 90 0.037037
27 91 0.104167
27 92 0.017857
27 93 0.013774
27 94 0.014837
27 95 0.022222
27 96 0.015576
27 97 0.013055
27 98 0.014749
27 99 0.013021
28 29 0.011013
28 30 0.012077
28 31 0.017007
28 32 0.013441
28 33 0.013661
28 34 0.047170
28 35 0.013055
28 36 0.017241
28 37 0.027174
28 38 0.014663
28 39 0.028571
28 40 0.026738
28 41 0.011442
28 42 0.017730
28 43 0.009980
28 44 0.022124
28 45 0.015198
28 46 0.131579
28 47 0.031646
28 48 0.017794
28 49 0.020243
28 50 0.017065
28 51 0.073529
28 52 0.014327
28 53 0.021552
28 54 0.029586
28 55 0.011013
28 56 0.015674
28 57 0.016779
28 58 0.011062
28 59 0.016181
28 60 0.008913
28 61 0.011364
28 62 0.010504
28 63 0.106383
28 64 0.037594
28 65 0.012077
28 66 0.014706
28 67 0.059524
28 68 0.032468
28 69 0.025000
28 70 0.012987
28 71 0.012107
28 72 0.016556
28 73 0.018797
28 74 0.011547
28 75 0.025641
28 76 0.014205
28 77 0.014837
28 78 0.013333
28 79 0.125000
28 80 0.014451
28 81 0.017544
28 82 0.012920
28 83 0.010482
28 84 0.011962
28 85 0.055556
28 86 0.011261
28 87 0.009960
28 88 0.147059
28 89 0.021739
28 90 0.017007
28 91 0.014205
28 92 0.036232
28 93 0.013228
28 94 0.060241
28 95 0.010989
28 96 0.017361
28 97 0.017065
28 98 0.012953
28 99 0.027778
29 30 0.012920
29 31 0.016722
29 32 0.025641
29 33 0.010438
29 34 0.012225
29 35 0.064103
29 36 0.022523
29 37 0.015674
29 38 0.010246
29 39 0.013774
29 40 0.017921
29 41 0.014837
29 42 0.023148
29 43 0.019380
29 44 0.019157
29 45 0.017730
29 46 0.011013
29 47 0.012853
29 48 0.017857
29 49 0.023810
29 50 0.011416
29 51 0.010504
29 52 0.016340
29 53 0.019763
29 54 0.017483
29 55 0.021930
29 56 0.018248
29 57 0.010638
29 58 0.013514
29 59 0.027933
29 60 0.028571
29 61 0.013089
29 62 0.066667
29 63 0.010638
29 64 0.015480
29 65 0.014881
29 66 0.020661
29 67 0.010081
29 68 0.014837
29 69 0.016077
29 70 0.009940
29 71 0.044643
29 72 0.028249
29 73 0.019841
29 74 0.059524
29 75 0.015974
29 76 0.023364
29 77 0.015625
29 78 0.011013
29 79 0.011211
29 80 0.021097
29 81 0.029240
29 82 0.016892
29 83 0.030675
29 84 0.010081
29 85 0.012755
29 86 0.009843
29 87 0.027933
29 88 0.010373
29 89 0.021552
29 90 0.020161
29 91 0.012255
29 92 0.015773
29 93 0.052632
29 94 0.013228
29 95 0.028090
29 96 0.028902
29 97 0.024155
29 98 0.069444
29 99 0.015528
30 31 0.035211
30 32 0.025907
30 33 0.038168
30 34 0.016181
30 35 0.013123
30 36 0.011211
30 37 0.020161
30 38 0.031447
30 39 0.010417
30 40 0.017422
30 41 0.075758
30 42 0.021930
30 43 0.025773
30 44 0.011962
30 45 0.009398
30 46 0.011261
30 47 0.019455
30 48 0.010142
30 49 0.016340
30 50 0.032680
30 51 0.013263
30 52 0.052632
30 53 0.020243
30 54 0.014706
30 55 0.027473
30 56 0.035714
30 57 0.028571
30 58 0.098039
30 59 0.011990
30 60 0.014749
30 61 0.161290
30 62 0.014837
30 63 0.012853
30 64 0.014663
30 65 0.092593
30 66 0.009843
30 67 0.013055
30 68 0.018315
30 69 0.011136
30 70 0.034247
30 71 0.018182
30 72 0.019157
30 73 0.011038
30 74 0.016340
30 75 0.011186
30 76 0.010142
30 77 0.053763
30 78 0.051020
30 79 0.013228
30 80 0.009843
30 81 0.014451
30 82 0.054945
30 83 0.019305
30 84 0.041667
30 85 0.015291
30 86 0.039683
30 87 0.018797
30 88 0.011211
30 89 0.017241
30 90 0.027322
30 91 0.066667
30 92 0.014706
30 93 0.012469
30 94 0.012563
30 95 0.021834
30 96 0.013550
30 97 0.011574
30 98 0.013405
30 99 0.011312
31 32 0.041667
31 33 0.027027
31 34 0.025381
31 35 0.018519
31 36 0.016129
31 37 0.043860
31 38 0.026316
31 39 0.014706
31 40 0.034014
31 41 0.034247
31 42 0.051020
31 43 0.022936
31 44 0.017986
31 45 0.012658
31 46 0.015723
31 47 0.033557
31 48 0.014124
31 49 0.029412
31 50 0.035714
31 51 0.018382
31 52 0.087719
31 53 0.046729
31 54 0.025126
31 55 0.028409
31 56 0.147059
31 57 0.029070
31 58 0.030120
31 59 0.017483
31 60 0.015625
31 61 0.031250
31 62 0.018315
31 63 0.017921
31 64 0.024631
31 65 0.040000
31 66 0.013369
31 67 0.017606
31 68 0.034965
31 69 0.016234
31 70 0.023697
31 71 0.025000
31 72 0.036232
31 73 0.015873
31 74 0.021552
31 75 0.016340
31 76 0.013812
31 77 0.100000
31 78 0.030120
31 79 0.019084
31 80 0.013333
31 81 0.023256
31 82 0.053191
31 83 0.022026
31 84 0.023364
31 85 0.024390
31 86 0.021459
31 87 0.020325
31 88 0.015291
31 89 0.033333
31 90 0.090909
31 91 0.041667
31 92 0.024876
31 93 0.017483
31 94 0.018939
31 95 0.025253
31 96 0.021097
31 97 0.016835
31 98 0.018868
31 99 0.016611
32 33 0.017422
32 34 0.017182
32 35 0.026316
32 36 0.017668
32 37 0.025907
32 38 0.016667
32 39 0.013736
32 40 0.026316
32 41 0.033113
32 42 0.053763
32 43 0.036496
32 44 0.018116
32 45 0.013587
32 46 0.012887
32 47 0.019920
32 48 0.014749
32 49 0.030675
32 50 0.019608
32 51 0.013624
32 52 0.044643
32 53 0.035211
32 54 0.021552
32 55 0.057471
32 56 0.056818
32 57 0.017422
32 58 0.027174
32 59 0.020325
32 60 0.024631
32 61 0.025907
32 62 0.031847
32 63 0.013514
32 64 0.019763
32 65 0.034247
32 66 0.014837
32 67 0.013055
32 68 0.022523
32 69 0.015625
32 70 0.016129
32 71 0.058140
32 72 0.052083
32 73 0.016722
32 74 0.042373
32 75 0.015625
32 76 0.015723
32 77 0.039062
32 78 0.019157
32 79 0.014327
32 80 0.014837
32 81 0.027778
32 82 0.048544
32 83 0.045045
32 84 0.016611
32 85 0.017361
32 86 0.015924
32 87 0.037594
32 88 0.012315
32 89 0.031056
32 90 0.059524
32 91 0.023364
32 92 0.020080
32 93 0.023585
32 94 0.015625
32 95 0.058824
32 96 0.024752
32 97 0.018727
32 98 0.027473
32 99 0.015625
33 34 0.018939
33 35 0.010989
33 36 0.010331
33 37 0.020408
33 38 0.142857
33 39 0.010482
33 40 0.016667
33 41 0.025641
33 42 0.017730
33 43 0.015576
33 44 0.011364
33 45 0.008850
33 46 0.012438
33 47 0.022936
33 48 0.009615
33 49 0.014451
33 50 0.066667
33 51 0.015974
33 52 0.028409
33 53 0.017986
33 54 0.014327
33 55 0.016556
33 56 0.024155
33 57 0.069444
33 58 0.027933
33 59 0.010753
33 60 0.010846
33 61 0.031646
33 62 0.011312
33 63 0.015152
33 64 0.014881
33 65 0.028090
33 66 0.009107
33 67 0.015974
33 68 0.019157
33 69 0.010893
33 70 0.192308
33 71 0.013405
33 72 0.015480
33 73 0.010373
33 74 0.012346
33 75 0.010965
33 76 0.009242
33 77 0.031250
33 78 0.147059
33 79 0.015291
33 80 0.009074
33 81 0.012658
33 82 0.025126
33 83 0.013369
33 84 0.092593
33 85 0.017182
33 86 0.063291
33 87 0.012953
33 88 0.012690
33 89 0.015528
33 90 0.020833
33 91 0.067568
33 92 0.014837
33 93 0.010616
33 94 0.013263
33 95 0.014535
33 96 0.011990
33 97 0.010571
33 98 0.011111
33 99 0.011186
34 35 0.014368
34 36 0.016949
34 37 0.050505
34 38 0.020747
34 39 0.021739
34 40 0.037879
34 41 0.014881
34 42 0.023923
34 43 0.012165
34 44 0.021368
34 45 0.014006
34 46 0.035971
34 47 0.094340
34 48 0.016287
34 49 0.024631
34 50 0.026316
34 51 0.064935
34 52 0.020000
34 53 0.030864
34 54 0.034247
34 55 0.013661
34 56 0.022222
34 57 0.025126
34 58 0.014327
34 59 0.016667
34 60 0.010204
34 61 0.014881
34 62 0.012019
34 63 0.060241
34 64 0.044643
34 65 0.015974
34 66 0.014045
34 67 0.054348
34 68 0.067568
34 69 0.021739
34 70 0.017606
34 71 0.014409
34 72 0.020921
34 73 0.017857
34 74 0.013441
34 75 0.022124
34 76 0.013889
34 77 0.021186
34 78 0.018450
34 79 0.072464
34 80 0.013850
34 81 0.019763
34 82 0.017301
34 83 0.012500
34 84 0.015873
34 85 0.151515
34 86 0.014663
34 87 0.011792
34 88 0.036232
34 89 0.028090
34 90 0.024038
34 91 0.020243
34 92 0.043103
34 93 0.014286
34 94 0.041322
34 95 0.013333
34 96 0.018939
34 97 0.017123
34 98 0.014368
34 99 0.023474
35 36 0.034247
35 37 0.018939
35 38 0.010893
35 39 0.017544
35 40 0.023041
35 41 0.014663
35 42 0.028409
35 43 0.017301
35 44 0.027322
35 45 0.023364
35 46 0.013158
35 47 0.014970
35 48 0.024390
35 49 0.034483
35 50 0.012376
35 51 0.012195
35 52 0.017182
35 53 0.024876
35 54 0.023256
35 55 0.020000
35 56 0.019920
35 57 0.011494
35 58 0.013369
35 59 0.049020
35 60 0.020747
35 61 0.013089
35 62 0.037037
35 63 0.012438
35 64 0.019763
35 65 0.014925
35 66 0.028571
35 67 0.011628
35 68 0.017986
35 69 0.021459
35 70 0.010417
35 71 0.038760
35 72 0.037313
35 73 0.028571
35 74 0.043103
35 75 0.021277
35 76 0.033557
35 77 0.016611
35 78 0.011521
35 79 0.013228
35 80 0.029240
35 81 0.051020
35 82 0.017182
35 83 0.024752
35 84 0.010417
35 85 0.015291
35 86 0.010101
35 87 0.022321
35 88 0.012225
35 89 0.029240
35 90 0.023148
35 91 0.012920
35 92 0.020243
35 93 0.200000
35 94 0.016447
35 95 0.024155
35 96 0.051546
35 97 0.038168
35 98 0.454545
35 99 0.020492
36 37 0.020243
36 38 0.010482
36 39 0.033113
36 40 0.026596
36 41 0.011765
36 42 0.022936
36 43 0.012255
36 44 0.076923
36 45 0.057471
36 46 0.018116
36 47 0.016447
36 48 0.081967
36 49 0.035461
36 50 0.011962
36 51 0.014837
36 52 0.014205
36 53 0.024155
36 54 0.032895
36 55 0.013812
36 56 0.016340
36 57 0.011287
36 58 0.010989
36 59 0.111111
36 60 0.012987
36 61 0.010941
36 62 0.017857
36 63 0.015480
36 64 0.027174
36 65 0.012136
36 66 0.075758
36 67 0.013966
36 68 0.020492
36 69 0.049505
36 70 0.009823
36 71 0.019608
36 72 0.026178
36 73 0.156250
36 74 0.019763
36 75 0.047619
36 76 0.076923
36 77 0.014085
36 78 0.010593
36 79 0.016722
36 80 0.072464
36 81 0.048077
36 82 0.013587
36 83 0.014970
36 84 0.009597
36 85 0.018797
36 86 0.009225
36 87 0.013928
36 88 0.016181
36 89 0.030675
36 90 0.018939
36 91 0.011682
36 92 0.027778
36 93 0.039062
36 94 0.024038
36 95 0.015152
36 96 0.060976
36 97 0.277778
36 98 0.032258
36 99 0.042017
37 38 0.021368
37 39 0.021097
37 40 0.084746
37 41 0.019305
37 42 0.045045
37 43 0.015723
37 44 0.025381
37 45 0.015480
37 46 0.024272
37 47 0.070423
37 48 0.018116
37 49 0.040650
37 50 0.028571
37 51 0.028571
37 52 0.029412
37 53 0.075758
37 54 0.048077
37 55 0.018450
37 56 0.036765
37 57 0.025253
37 58 0.017986
37 59 0.021097
37 60 0.012788
37 61 0.018519
37 62 0.015674
37 63 0.028249
37 64 0.052632
37 65 0.021008
37 66 0.016026
37 67 0.026178
37 68 0.166667
37 69 0.023256
37 70 0.018519
37 71 0.020080
37 72 0.034722
37 73 0.020833
37 74 0.018182
37 75 0.023585
37 76 0.016234
37 77 0.031056
37 78 0.020833
37 79 0.031847
37 80 0.015873
37 81 0.028249
37 82 0.024272
37 83 0.016556
37 84 0.017301
37 85 0.052083
37 86 0.015974
37 87 0.015337
37 88 0.022936
37 89 0.052083
37 90 0.044643
37 91 0.024631
37 92 0.052632
37 93 0.018450
37 94 0.033113
37 95 0.018051
37 96 0.025907
37 97 0.021008
37 98 0.019011
37 99 0.024631
38 39 0.010870
38 40 0.017182
38 41 0.022523
38 42 0.017606
38 43 0.014493
38 44 0.011628
38 45 0.008993
38 46 0.013263
38 47 0.025253
38 48 0.009804
38 49 0.014620
38 50 0.083333
38 51 0.017544
38 52 0.026316
38 53 0.018315
38 54 0.014793
38 55 0.015528
38 56 0.023256
38 57 0.116279
38 58 0.023923
38 59 0.010846
38 60 0.010395
38 61 0.026596
38 62 0.010965
38 63 0.016502
38 64 0.015625
38 65 0.024752
38 66 0.009225
38 67 0.017668
38 68 0.020325
38 69 0.011211
38 70 0.111111
38 71 0.012987
38 72 0.015385
38 73 0.010549
38 74 0.011990
38 75 0.011287
38 76 0.009328
38 77 0.028902
38 78 0.078125
38 79 0.016611
38 80 0.009174
38 81 0.012723
38 82 0.022936
38 83 0.012723
38 84 0.058824
38 85 0.018519
38 86 0.045455
38 87 0.012315
38 88 0.013587
38 89 0.015773
38 90 0.020492
38 91 0.053763
38 92 0.015528
38 93 0.010571
38 94 0.014006
38 95 0.013812
38 96 0.012077
38 97 0.010707
38 98 0.011013
38 99 0.011574
39 40 0.025773
39 41 0.010438
39 42 0.018116
39 43 0.010000
39 44 0.048544
39 45 0.031250
39 46 0.033784
39 47 0.019011
39 48 0.042735
39 49 0.024752
39 50 0.012407
39 51 0.021008
39 52 0.012723
39 53 0.021008
39 54 0.035461
39 55 0.011111
39 56 0.014286
39 57 0.011933
39 58 0.009921
39 59 0.026596
39 60 0.009785
39 61 0.010020
39 62 0.012225
39 63 0.022831
39 64 0.034965
39 65 0.010846
39 66 0.027624
39 67 0.019455
39 68 0.023041
39 69 0.094340
39 70 0.010000
39 71 0.013624
39 72 0.018519
39 73 0.041667
39 74 0.013333
39 75 0.098039
39 76 0.025000
39 77 0.012853
39 78 0.010526
39 79 0.025000
39 80 0.026596
39 81 0.024390
39 82 0.011848
39 83 0.011261
39 84 0.009560
39 85 0.025253
39 86 0.009141
39 87 0.010638
39 88 0.027473
39 89 0.024390
39 90 0.016077
39 91 0.011390
39 92 0.035211
39 93 0.018450
39 94 0.045455
39 95 0.011574
39 96 0.025773
39 97 0.030864
39 98 0.017065
39 99 0.111111
40 41 0.017422
40 42 0.051020
40 43 0.015432
40 44 0.035461
40 45 0.018797
40 46 0.025000
40 47 0.040984
40 48 0.022727
40 49 0.069444
40 50 0.021552
40 51 0.025126
40 52 0.025000
40 53 0.100000
40 54 0.094340
40 55 0.018182
40 56 0.031646
40 57 0.019531
40 58 0.016077
40 59 0.027778
40 60 0.013369
40 61 0.016340
40 62 0.017182
40 63 0.025641
40 64 0.078125
40 65 0.018657
40 66 0.019763
40 67 0.022936
40 68 0.079365
40 69 0.030488
40 70 0.015385
40 71 0.022124
40 72 0.043478
40 73 0.027322
40 74 0.020161
40 75 0.030864
40 76 0.020000
40 77 0.025510
40 78 0.017123
40 79 0.029240
40 80 0.019455
40 81 0.040323
40 82 0.021739
40 83 0.017241
40 84 0.014620
40 85 0.043860
40 86 0.013736
40 87 0.015823
40 88 0.022727
40 89 0.106383
40 90 0.040984
40 91 0.019841
40 92 0.081967
40 93 0.022727
40 94 0.038462
40 95 0.018519
40 96 0.036232
40 97 0.027778
40 98 0.023041
40 99 0.032258
41 42 0.023810
41 43 0.039062
41 44 0.012346
41 45 0.009785
41 46 0.010799
41 47 0.017544
41 48 0.010482
41 49 0.017241
41 50 0.024272
41 51 0.012255
41 52 0.055556
41 53 0.020747
41 54 0.014749
41 55 0.042017
41 56 0.038760
41 57 0.021552
41 58 0.147059
41 59 0.012788
41 60 0.018182
41 61 0.104167
41 62 0.017794
41 63 0.011962
41 64 0.014451
41 65 0.208333
41 66 0.010352
41 67 0.011962
41 68 0.017361
41 69 0.011287
41 70 0.023697
41 71 0.022222
41 72 0.021368
41 73 0.011468
41 74 0.019685
41 75 0.011338
41 76 0.010753
41 77 0.049505
41 78 0.030864
41 79 0.012376
41 80 0.010352
41 81 0.015528
41 82 0.086207
41 83 0.025381
41 84 0.027027
41 85 0.014368
41 86 0.026455
41 87 0.024752
41 88 0.010638
41 89 0.017921
41 90 0.029586
41 91 0.037879
41 92 0.014493
41 93 0.013774
41 94 0.012225
41 95 0.029412
41 96 0.014535
41 97 0.012225
41 98 0.015015
41 99 0.011416
42 43 0.021930
42 44 0.025510
42 45 0.016447
42 46 0.016835
42 47 0.028090
42 48 0.018657
42 49 0.061728
42 50 0.021834
42 51 0.017606
42 52 0.037313
42 53 0.098039
42 54 0.035714
42 55 0.027933
42 56 0.056180
42 57 0.019231
42 58 0.020921
42 59 0.026316
42 60 0.017730
42 61 0.020921
42 62 0.023923
42 63 0.017668
42 64 0.031250
42 65 0.025641
42 66 0.017857
42 67 0.016611
42 68 0.036765
42 69 0.021277
42 70 0.016234
42 71 0.036232
42 72 0.119048
42 73 0.022026
42 74 0.030303
42 75 0.021368
42 76 0.018797
42 77 0.036232
42 78 0.018939
42 79 0.019157
42 80 0.017794
42 81 0.042017
42 82 0.032895
42 83 0.025641
42 84 0.016026
42 85 0.024876
42 86 0.015152
42 87 0.022727
42 88 0.015873
42 89 0.069444
42 90 0.108696
42 91 0.022936
42 92 0.031847
42 93 0.026316
42 94 0.022026
42 95 0.028902
42 96 0.035461
42 97 0.024510
42 98 0.029070
42 99 0.021459
43 44 0.012225
43 45 0.010204
43 46 0.009615
43 47 0.013699
43 48 0.010707
43 49 0.016779
43 50 0.015576
43 51 0.010267
43 52 0.028736
43 53 0.018182
43 54 0.013624
43 55 0.100000
43 56 0.026738
43 57 0.014286
43 58 0.032680
43 59 0.013624
43 60 0.032895
43 61 0.028902
43 62 0.026596
43 63 0.010142
43 64 0.012920
43 65 0.034722
43 66 0.010965
43 67 0.010000
43 68 0.014368
43 69 0.010989
43 70 0.014793
43 71 0.031056
43 72 0.021645
43 73 0.011682
43 74 0.027933
43 75 0.010989
43 76 0.011547
43 77 0.025907
43 78 0.017301
43 79 0.010549
43 80 0.011013
43 81 0.016181
43 82 0.037037
43 83 0.051546
43 84 0.016026
43 85 0.012077
43 86 0.015924
43 87 0.056818
43 88 0.009346
43 89 0.016779
43 90 0.024038
43 91 0.019685
43 92 0.013021
43 93 0.015924
43 94 0.011013
43 95 0.060241
43 96 0.015244
43 97 0.012755
43 98 0.017857
43 99 0.010989
44 45 0.039370
44 46 0.023474
44 47 0.020161
44 48 0.062500
44 49 0.043103
44 50 0.013477
44 51 0.018315
44 52 0.015385
44 53 0.029240
44 54 0.052632
44 55 0.013889
44 56 0.017857
44 57 0.012690
44 58 0.011547
44 59 0.056180
44 60 0.012225
44 61 0.011574
44 62 0.016287
44 63 0.019380
44 64 0.040323
44 65 0.012821
44 66 0.040650
44 67 0.017007
44 68 0.026316
44 69 0.098039
44 70 0.010753
44 71 0.018727
44 72 0.027778
44 73 0.108696
44 74 0.018315
44 75 0.094340
44 76 0.038760
44 77 0.015385
44 78 0.011574
44 79 0.021277
44 80 0.039062
44 81 0.047619
44 82 0.014368
44 83 0.014451
44 84 0.010395
44 85 0.024510
44 86 0.009940
44 87 0.013441
44 88 0.020408
44 89 0.038760
44 90 0.021008
44 91 0.012821
44 92 0.042017
44 93 0.029412
44 94 0.034965
44 95 0.014881
44 96 0.054348
44 97 0.073529
44 98 0.026316
44 99 0.080645
45 46 0.016340
45 47 0.013369
45 48 0.098039
45 49 0.022124
45 50 0.010060
45 51 0.012987
45 52 0.011442
45 53 0.017182
45 54 0.022523
45 55 0.011236
45 56 0.012755
45 57 0.009615
45 58 0.009242
45 59 0.040323
45 60 0.011038
45 61 0.009208
45 62 0.014368
45 63 0.013587
45 64 0.020161
45 65 0.010040
45 66 0.121951
45 67 0.012315
45 68 0.015823
45 69 0.038168
45 70 0.008475
45 71 0.015015
45 72 0.018051
45 73 0.060241
45 74 0.015291
45 75 0.036765
45 76 0.072464
45 77 0.011364
45 78 0.009025
45 79 0.014409
45 80 0.106383
45 81 0.026316
45 82 0.011013
45 83 0.012165
45 84 0.008278
45 85 0.015337
45 86 0.008000
45 87 0.011494
45 88 0.014706
45 89 0.020325
45 90 0.014327
45 91 0.009785
45 92 0.020492
45 93 0.026178
45 94 0.019920
45 95 0.012195
45 96 0.029940
45 97 0.049020
45 98 0.022321
45 99 0.033113
46 47 0.026455
46 48 0.019305
46 49 0.019841
46 50 0.015244
46 51 0.047619
46 52 0.013369
46 53 0.020243
46 54 0.029240
46 55 0.010593
46 56 0.014620
46 57 0.014970
46 58 0.010438
46 59 0.016667
46 60 0.008757
46 61 0.010661
46 62 0.010373
46 63 0.059524
46 64 0.035971
46 65 0.011338
46 66 0.015576
46 67 0.041667
46 68 0.028249
46 69 0.027778
46 70 0.011876
46 71 0.011848
46 72 0.016077
46 73 0.020080
46 74 0.011364
46 75 0.028571
46 76 0.014925
46 77 0.013774
46 78 0.012225
46 79 0.064935
46 80 0.015291
46 81 0.017606
46 82 0.012165
46 83 0.010225
46 84 0.011038
46 85 0.042373
46 86 0.010438
46 87 0.009709
46 88 0.142857
46 89 0.021008
46 90 0.015974
46 91 0.012987
46 92 0.034722
46 93 0.013369
46 94 0.064935
46 95 0.010661
46 96 0.017606
46 97 0.017794
46 98 0.012987
46 99 0.031250
47 48 0.015337
47 49 0.026042
47 50 0.034965
47 51 0.040000
47 52 0.025000
47 53 0.036765
47 54 0.032468
47 55 0.015576
47 56 0.027933
47 57 0.031847
47 58 0.016835
47 59 0.016611
47 60 0.011038
47 61 0.017606
47 62 0.012953
47 63 0.037313
47 64 0.039062
47 65 0.019084
47 66 0.013587
47 67 0.036765
47 68 0.081967
47 69 0.019608
47 70 0.020833
47 71 0.015873
47 72 0.023474
47 73 0.017007
47 74 0.014620
47 75 0.019920
47 76 0.013587
47 77 0.027027
47 78 0.022523
47 79 0.041322
47 80 0.013441
47 81 0.020408
47 82 0.020833
47 83 0.013812
47 84 0.018657
47 85 0.067568
47 86 0.017065
47 87 0.013021
47 88 0.026316
47 89 0.030303
47 90 0.029762
47 91 0.025510
47 92 0.038168
47 93 0.014706
47 94 0.031250
47 95 0.014925
47 96 0.019231
47 97 0.016779
47 98 0.015015
47 99 0.020921
48 49 0.026596
48 50 0.011086
48 51 0.014881
48 52 0.012500
48 53 0.020080
48 54 0.028736
48 55 0.011905
48 56 0.014124
48 57 0.010571
48 58 0.009881
48 59 0.047619
48 60 0.011236
48 61 0.009881
48 62 0.014749
48 63 0.015674
48 64 0.025126
48 65 0.010823
48 66 0.076923
48 67 0.014045
48 68 0.018657
48 69 0.060976
48 70 0.009174
48 71 0.015873
48 72 0.020408
48 73 0.121951
48 74 0.015974
48 75 0.057471
48 76 0.058140
48 77 0.012469
48 78 0.009785
48 79 0.016835
48 80 0.069444
48 81 0.031447
48 82 0.011933
48 83 0.012690
48 84 0.008929
48 85 0.018116
48 86 0.008591
48 87 0.011933
48 88 0.017065
48 89 0.024390
48 90 0.016077
48 91 0.010684
48 92 0.025641
48 93 0.027027
48 94 0.024752
48 95 0.012853
48 96 0.035971
48 97 0.064103
48 98 0.023256
48 99 0.049020
49 50 0.017606
49 51 0.018657
49 52 0.023474
49 53 0.072464
49 54 0.060976
49 55 0.020080
49 56 0.029940
49 57 0.016077
49 58 0.015674
49 59 0.041667
49 60 0.015528
49 61 0.015674
49 62 0.021739
49 63 0.019157
49 64 0.043478
49 65 0.018116
49 66 0.024390
49 67 0.017422
49 68 0.037313
49 69 0.031646
49 70 0.013477
49 71 0.028902
49 72 0.073529
49 73 0.034014
49 74 0.026455
49 75 0.031646
49 76 0.025641
49 77 0.023256
49 78 0.015060
49 79 0.021097
49 80 0.024155
49 81 0.092593
49 82 0.021459
49 83 0.020325
49 84 0.013123
49 85 0.027174
49 86 0.012469
49 87 0.018382
49 88 0.018051
49 89 0.178571
49 90 0.040323
49 91 0.017422
49 92 0.045455
49 93 0.033557
49 94 0.028249
49 95 0.021645
49 96 0.068493
49 97 0.038760
49 98 0.034247
49 99 0.031646
50 51 0.020576
50 52 0.032680
50 53 0.023256
50 54 0.017921
50 55 0.017182
50 56 0.029762
50 57 0.151515
50 58 0.024752
50 59 0.012407
50 60 0.011211
50 61 0.027322
50 62 0.012165
50 63 0.019305
50 64 0.019084
50 65 0.027322
50 66 0.010352
50 67 0.020408
50 68 0.026596
50 69 0.012920
50 70 0.051020
50 71 0.014749
50 72 0.018450
50 73 0.012077
50 74 0.013514
50 75 0.013021
50 76 0.010482
50 77 0.037313
50 78 0.059524
50 79 0.019685
50 80 0.010288
50 81 0.014925
50 82 0.026738
50 83 0.014085
50 84 0.039683
50 85 0.023148
50 86 0.033113
50 87 0.013477
50 88 0.015528
50 89 0.019380
50 90 0.026178
50 91 0.064103
50 92 0.018939
50 93 0.011962
50 94 0.016556
50 95 0.015385
50 96 0.014045
50 97 0.012255
50 98 0.012500
50 99 0.013369
51 52 0.015432
51 53 0.021277
51 54 0.025253
51 55 0.011312
51 56 0.016611
51 57 0.020576
51 58 0.011933
51 59 0.014327
51 60 0.008850
51 61 0.012346
51 62 0.010246
51 63 0.227273
51 64 0.031250
51 65 0.012987
51 66 0.012755
51 67 0.227273
51 68 0.033784
51 69 0.019608
51 70 0.015152
51 71 0.011905
51 72 0.016077
51 73 0.015823
51 74 0.011261
51 75 0.020000
51 76 0.012469
51 77 0.016181
51 78 0.015337
51 79 0.128205
51 80 0.012563
51 81 0.015974
51 82 0.013736
51 83 0.010504
51 84 0.013661
51 85 0.058824
51 86 0.012755
51 87 0.010000
51 88 0.058140
51 89 0.020408
51 90 0.017544
51 91 0.016129
51 92 0.030303
51 93 0.012195
51 94 0.037313
51 95 0.011086
51 96 0.015625
51 97 0.014837
51 98 0.012136
51 99 0.021277
52 53 0.032051
52 54 0.019841
52 55 0.035971
52 56 0.108696
52 57 0.027174
52 58 0.045045
52 59 0.015480
52 60 0.017007
52 61 0.046296
52 62 0.018727
52 63 0.015060
52 64 0.019380
52 65 0.072464
52 66 0.012107
52 67 0.014925
52 68 0.025126
52 69 0.013928
52 70 0.025126
52 71 0.025253
52 72 0.029940
52 73 0.013928
52 74 0.021739
52 75 0.013966
52 76 0.012531
52 77 0.250000
52 78 0.033557
52 79 0.015773
52 80 0.012077
52 81 0.019920
52 82 0.121951
52 83 0.024510
52 84 0.026178
52 85 0.019231
52 86 0.024390
52 87 0.022831
52 88 0.013055
52 89 0.025381
52 90 0.056180
52 91 0.048544
52 92 0.019531
52 93 0.016129
52 94 0.015625
52 95 0.028902
52 96 0.018248
52 97 0.014793
52 98 0.017606
52 99 0.014164
53 54 0.051020
53 55 0.022124
53 56 0.044248
53 57 0.020576
53 58 0.018727
53 59 0.026455
53 60 0.015060
53 61 0.019011
53 62 0.019608
53 63 0.021368
53 64 0.044248
53 65 0.022422
53 66 0.018382
53 67 0.019763
53 68 0.056818
53 69 0.024631
53 70 0.016502
53 71 0.026882
53 72 0.064103
53 73 0.023923
53 74 0.023810
53 75 0.024752
53 76 0.019011
53 77 0.032258
53 78 0.018868
53 79 0.023697
53 80 0.018248
53 81 0.041322
53 82 0.027174
53 83 0.020408
53 84 0.015924
53 85 0.032895
53 86 0.014925
53 87 0.018519
53 88 0.018868
53 89 0.111111
53 90 0.067568
53 91 0.022624
53 92 0.045455
53 93 0.023923
53 94 0.027933
53 95 0.022422
53 96 0.035461
53 97 0.025510
53 98 0.025126
53 99 0.025381
54 55 0.015723
54 56 0.023810
54 57 0.016667
54 58 0.013774
54 59 0.032258
54 60 0.012438
54 61 0.013966
54 62 0.016077
54 63 0.026596
54 64 0.131579
54 65 0.015625
54 66 0.023256
54 67 0.022831
54 68 0.052632
54 69 0.044643
54 70 0.013369
54 71 0.019763
54 72 0.034483
54 73 0.035714
54 74 0.018519
54 75 0.045872
54 76 0.023148
54 77 0.020161
54 78 0.014577
54 79 0.030488
54 80 0.022831
54 81 0.042735
54 82 0.017794
54 83 0.015432
54 84 0.012755
54 85 0.042017
54 86 0.012048
54 87 0.014286
54 88 0.025381
54 89 0.070423
54 90 0.029240
54 91 0.016447
54 92 0.151515
54 93 0.023474
54 94 0.052632
54 95 0.016287
54 96 0.040650
54 97 0.034014
54 98 0.022936
54 99 0.049020
55 56 0.034722
55 57 0.015528
55 58 0.033113
55 59 0.015528
55 60 0.031250
55 61 0.029940
55 62 0.030303
55 63 0.011186
55 64 0.014793
55 65 0.038760
55 66 0.012136
55 67 0.010965
55 68 0.016611
55 69 0.012315
55 70 0.015576
55 71 0.040650
55 72 0.027473
55 73 0.013158
55 74 0.034247
55 75 0.012315
55 76 0.012821
55 77 0.031447
55 78 0.018519
55 79 0.011710
55 80 0.012195
55 81 0.019157
55 82 0.047619
55 83 0.063291
55 84 0.016611
55 85 0.013624
55 86 0.016340
55 87 0.058824
55 88 0.010267
55 89 0.020161
55 90 0.031250
55 91 0.021645
55 92 0.014925
55 93 0.018248
55 94 0.012346
55 95 0.096154
55 96 0.017730
55 97 0.014493
55 98 0.020833
55 99 0.012315
56 57 0.024876
56 58 0.032258
56 59 0.017986
56 60 0.017483
56 61 0.032680
56 62 0.020576
56 63 0.016287
56 64 0.022831
56 65 0.045045
56 66 0.013587
56 67 0.015924
56 68 0.030120
56 69 0.015873
56 70 0.021645
56 71 0.029240
56 72 0.040650
56 73 0.015924
56 74 0.024631
56 75 0.015924
56 76 0.014124
56 77 0.096154
56 78 0.027174
56 79 0.017301
56 80 0.013550
56 81 0.024272
56 82 0.068493
56 83 0.025773
56 84 0.021834
56 85 0.021739
56 86 0.020325
56 87 0.023474
56 88 0.014164
56 89 0.032895
56 90 0.116279
56 91 0.036496
56 92 0.023041
56 93 0.018587
56 94 0.017730
56 95 0.030488
56 96 0.021834
56 97 0.017123
56 98 0.020408
56 99 0.016129
57 58 0.022222
57 59 0.011628
57 60 0.010460
57 61 0.024390
57 62 0.011287
57 63 0.019157
57 64 0.017794
57 65 0.023810
57 66 0.009843
57 67 0.020661
57 68 0.024155
57 69 0.012285
57 70 0.056818
57 71 0.013477
57 72 0.016611
57 73 0.011416
57 74 0.012438
57 75 0.012376
57 76 0.009940
57 77 0.030303
57 78 0.054348
57 79 0.019305
57 80 0.009766
57 81 0.013736
57 82 0.023041
57 83 0.012920
57 84 0.040000
57 85 0.021930
57 86 0.033333
57 87 0.012438
57 88 0.015385
57 89 0.017544
57 90 0.022422
57 91 0.049505
57 92 0.017668
57 93 0.011161
57 94 0.015823
57 95 0.014006
57 96 0.013055
57 97 0.011521
57 98 0.011601
57 99 0.012723
58 59 0.011848
58 60 0.016502
58 61 0.227273
58 62 0.015924
58 63 0.011628
58 64 0.013587
58 65 0.113636
58 66 0.009728
58 67 0.011737
58 68 0.016340
58 69 0.010661
58 70 0.026042
58 71 0.019305
58 72 0.018868
58 73 0.010753
58 74 0.017422
58 75 0.010684
58 76 0.010060
58 77 0.042373
58 78 0.034247
58 79 0.011990
58 80 0.009728
58 81 0.014164
58 82 0.056818
58 83 0.021834
58 84 0.031056
58 85 0.013774
58 86 0.030864
58 87 0.021552
58 88 0.010309
58 89 0.016340
58 90 0.025510
58 91 0.040000
58 92 0.013624
58 93 0.012626
58 94 0.011682
58 95 0.024752
58 96 0.013333
58 97 0.011364
58 98 0.013661
58 99 0.010799
59 60 0.014706
59 61 0.011737
59 62 0.021277
59 63 0.014793
59 64 0.026178
59 65 0.013158
59 66 0.054348
59 67 0.013514
59 68 0.020833
59 69 0.036765
59 70 0.010183
59 71 0.023585
59 72 0.031646
59 73 0.067568
59 74 0.023923
59 75 0.035971
59 76 0.064935
59 77 0.015244
59 78 0.011111
59 79 0.015974
59 80 0.054348
59 81 0.069444
59 82 0.014925
59 83 0.017241
59 84 0.010020
59 85 0.018315
59 86 0.009653
59 87 0.015873
59 88 0.015106
59 89 0.034483
59 90 0.021186
59 91 0.012346
59 92 0.026882
59 93 0.058824
59 94 0.022026
59 95 0.017361
59 96 0.102041
59 97 0.172414
59 98 0.045045
59 99 0.033333
60 61 0.015528
60 62 0.047170
60 63 0.008850
60 64 0.011547
60 65 0.017422
60 66 0.012077
60 67 0.008591
60 68 0.011962
60 69 0.010893
60 70 0.010395
60 71 0.033333
60 72 0.019157
60 73 0.012136
60 74 0.036765
60 75 0.010846
60 76 0.012920
60 77 0.015974
60 78 0.011628
60 79 0.009208
60 80 0.012195
60 81 0.016340
60 82 0.018939
60 83 0.053763
60 84 0.010917
60 85 0.010352
60 86 0.010799
60 87 0.065789
60 88 0.008432
60 89 0.014970
60 90 0.017483
60 91 0.012821
60 92 0.011682
60 93 0.019011
60 94 0.010060
60 95 0.040650
60 96 0.015723
60 97 0.013587
60 98 0.021645
60 99 0.010707
61 62 0.015244
61 63 0.012019
61 64 0.013850
61 65 0.106383
61 66 0.009671
61 67 0.012165
61 68 0.016892
61 69 0.010730
61 70 0.029240
61 71 0.018519
61 72 0.018657
61 73 0.010753
61 74 0.016667
61 75 0.010776
61 76 0.009980
61 77 0.045045
61 78 0.040000
61 79 0.012376
61 80 0.009671
61 81 0.014085
61 82 0.054348
61 83 0.020408
61 84 0.035714
61 85 0.014205
61 86 0.035211
61 87 0.020000
61 88 0.010571
61 89 0.016447
61 90 0.025641
61 91 0.047170
61 92 0.013889
61 93 0.012407
61 94 0.011905
61 95 0.023041
61 96 0.013228
61 97 0.011312
61 98 0.013369
61 99 0.010893
62 63 0.010309
62 64 0.014535
62 65 0.017606
62 66 0.016181
62 67 0.009881
62 68 0.014620
62 69 0.014006
62 70 0.010753
62 71 0.067568
62 72 0.028090
62 73 0.016287
62 74 0.111111
62 75 0.013928
62 76 0.017730
62 77 0.017606
62 78 0.012077
62 79 0.010823
62 80 0.016393
62 81 0.024272
62 82 0.020161
62 83 0.054348
62 84 0.011062
62 85 0.012376
62 86 0.010846
62 87 0.047619
62 88 0.009881
62 89 0.020243
62 90 0.021930
62 91 0.013550
62 92 0.014749
62 93 0.031646
62 94 0.012315
62 95 0.044248
62 96 0.023148
62 97 0.019011
62 98 0.039683
62 99 0.013661
63 64 0.033333
63 65 0.012658
63 66 0.013263
63 67 0.128205
63 68 0.033784
63 69 0.021008
63 70 0.014368
63 71 0.011933
63 72 0.016234
63 73 0.016611
63 74 0.011312
63 75 0.021459
63 76 0.012953
63 77 0.015723
63 78 0.014620
63 79 0.200000
63 80 0.013055
63 81 0.016447
63 82 0.013441
63 83 0.010482
63 84 0.013055
63 85 0.060241
63 86 0.012225
63 87 0.009980
63 88 0.075758
63 89 0.020833
63 90 0.017361
63 91 0.015432
63 92 0.032051
63 93 0.012469
63 94 0.042373
63 95 0.011038
63 96 0.016077
63 97 0.015432
63 98 0.012346
63 99 0.022936
64 65 0.015337
64 66 0.020408
64 67 0.027624
64 68 0.066667
64 69 0.039370
64 70 0.013928
64 71 0.017606
64 72 0.028902
64 73 0.029586
64 74 0.016556
64 75 0.040650
64 76 0.020080
64 77 0.019920
64 78 0.015015
64 79 0.039683
64 80 0.020000
64 81 0.032258
64 82 0.017182
64 83 0.014245
64 84 0.013123
64 85 0.060241
64 86 0.012346
64 87 0.013263
64 88 0.030864
64 89 0.050505
64 90 0.027174
64 91 0.016835
64 92 0.833333
64 93 0.019920
64 94 0.074627
64 95 0.015060
64 96 0.031056
64 97 0.027473
64 98 0.019531
64 99 0.044643
65 66 0.010593
65 67 0.012690
65 68 0.018797
65 69 0.011737
65 70 0.025641
65 71 0.022222
65 72 0.022422
65 73 0.011848
65 74 0.019608
65 75 0.011792
65 76 0.010989
65 77 0.064103
65 78 0.034483
65 79 0.013123
65 80 0.010593
65 81 0.016129
65 82 0.111111
65 83 0.024390
65 84 0.028902
65 85 0.015385
65 86 0.027933
65 87 0.023474
65 88 0.011161
65 89 0.019084
65 90 0.032680
65 91 0.045045
65 92 0.015385
65 93 0.014045
65 94 0.012887
65 95 0.028409
65 96 0.015060
65 97 0.012594
65 98 0.015291
65 99 0.011905
66 67 0.012107
66 68 0.016234
66 69 0.035211
66 70 0.008711
66 71 0.016835
66 72 0.020080
66 73 0.064935
66 74 0.017241
66 75 0.034014
66 76 0.172414
66 77 0.011990
66 78 0.009328
66 79 0.014124
66 80 0.625000
66 81 0.030675
66 82 0.011710
66 83 0.013369
66 84 0.008547
66 85 0.015337
66 86 0.008251
66 87 0.012563
66 88 0.014085
66 89 0.021930
66 90 0.015337
66 91 0.010163
66 92 0.020747
66 93 0.032895
66 94 0.019231
66 95 0.013333
66 96 0.035714
66 97 0.064935
66 98 0.027027
66 99 0.030864
67 68 0.030303
67 69 0.018182
67 70 0.015244
67 71 0.011416
67 72 0.015198
67 73 0.014837
67 74 0.010823
67 75 0.018519
67 76 0.011848
67 77 0.015674
67 78 0.015244
67 79 0.083333
67 80 0.011933
67 81 0.015015
67 82 0.013333
67 83 0.010163
67 84 0.013661
67 85 0.048077
67 86 0.012788
67 87 0.009709
67 88 0.052083
67 89 0.018939
67 90 0.016667
67 91 0.015924
67 92 0.026882
67 93 0.011628
67 94 0.032258
67 95 0.010707
67 96 0.014663
67 97 0.013966
67 98 0.011574
67 99 0.019608
68 69 0.024876
68 70 0.017606
68 71 0.018315
68 72 0.030303
68 73 0.021368
68 74 0.016779
68 75 0.025381
68 76 0.016287
68 77 0.026455
68 78 0.019380
68 79 0.039062
68 80 0.016026
68 81 0.026882
68 82 0.021277
68 83 0.015198
68 84 0.016287
68 85 0.074627
68 86 0.015106
68 87 0.014124
68 88 0.026596
68 89 0.046729
68 90 0.035461
68 91 0.022321
68 92 0.064935
68 93 0.017730
68 94 0.040000
68 95 0.016340
68 96 0.025000
68 97 0.021008
68 98 0.017986
68 99 0.026738
69 70 0.010331
69 71 0.015773
69 72 0.022222
69 73 0.069444
69 74 0.015432
69 75 0.833333
69 76 0.032051
69 77 0.014006
69 78 0.011013
69 79 0.023148
69 80 0.033784
69 81 0.032468
69 82 0.012987
69 83 0.012658
69 84 0.009940
69 85 0.025253
69 86 0.009506
69 87 0.011876
69 88 0.023474
69 89 0.030303
69 90 0.018248
69 91 0.012048
69 92 0.040323
69 93 0.022831
69 94 0.041322
69 95 0.013021
69 96 0.035211
69 97 0.045455
69 98 0.020833
69 99 0.238095
70 71 0.012626
70 72 0.014368
70 73 0.009862
70 74 0.011682
70 75 0.010417
70 76 0.008834
70 77 0.027174
70 78 0.096154
70 79 0.014451
70 80 0.008666
70 81 0.011876
70 82 0.022727
70 83 0.012658
70 84 0.113636
70 85 0.016026
70 86 0.074627
70 87 0.012315
70 88 0.012136
70 89 0.014409
70 90 0.018868
70 91 0.051546
70 92 0.013850
70 93 0.010081
70 94 0.012531
70 95 0.013699
70 96 0.011312
70 97 0.010040
70 98 0.010526
70 99 0.010616
71 72 0.044643
71 73 0.017986
71 74 0.151515
71 75 0.015723
71 76 0.018248
71 77 0.023474
71 78 0.014451
71 79 0.012626
71 80 0.016949
71 81 0.030675
71 82 0.027027
71 83 0.062500
71 84 0.012953
71 85 0.014837
71 86 0.012563
71 87 0.047619
71 88 0.011236
71 89 0.027027
71 90 0.032468
71 91 0.016667
71 92 0.017921
71 93 0.032680
71 94 0.014368
71 95 0.063291
71 96 0.027933
71 97 0.021008
71 98 0.042017
71 99 0.015528
72 73 0.024510
72 74 0.037313
72 75 0.022222
72 76 0.021459
72 77 0.028736
72 78 0.016502
72 79 0.017544
72 80 0.020000
72 81 0.056818
72 82 0.028090
72 83 0.027778
72 84 0.014286
72 85 0.022026
72 86 0.013587
72 87 0.024272
72 88 0.015015
72 89 0.067568
72 90 0.059524
72 91 0.019455
72 92 0.029762
72 93 0.033557
72 94 0.021008
72 95 0.030488
72 96 0.045455
72 97 0.028409
72 98 0.038462
72 99 0.022222
73 74 0.017986
73 75 0.065789
73 76 0.057471
73 77 0.013850
73 78 0.010593
73 79 0.017986
73 80 0.060241
73 81 0.041667
73 82 0.013228
73 83 0.014006
73 84 0.009579
73 85 0.020080
73 86 0.009208
73 87 0.013089
73 88 0.017730
73 89 0.030303
73 90 0.018450
73 91 0.011655
73 92 0.030303
73 93 0.031646
73 94 0.027174
73 95 0.014245
73 96 0.050000
73 97 0.111111
73 98 0.027174
73 99 0.055556
74 75 0.015385
74 76 0.018939
74 77 0.020408
74 78 0.013228
74 79 0.011962
74 80 0.017422
74 81 0.029412
74 82 0.023148
74 83 0.057471
74 84 0.011962
74 85 0.013889
74 86 0.011655
74 87 0.045872
74 88 0.010776
74 89 0.024510
74 90 0.027027
74 91 0.015060
74 92 0.016835
74 93 0.035714
74 94 0.013699
74 95 0.051546
74 96 0.027322
74 97 0.021186
74 98 0.047170
74 99 0.015106
75 76 0.031056
75 77 0.014085
75 78 0.011086
75 79 0.023697
75 80 0.032680
75 81 0.032051
75 82 0.013021
75 83 0.012658
75 84 0.010000
75 85 0.025773
75 86 0.009542
75 87 0.011848
75 88 0.024038
75 89 0.030488
75 90 0.018315
75 91 0.012136
75 92 0.041322
75 93 0.022523
75 94 0.043103
75 95 0.012987
75 96 0.034722
75 97 0.043860
75 98 0.020576
75 99 0.312500
76 77 0.012376
76 78 0.009506
76 79 0.013774
76 80 0.208333
76 81 0.033784
76 82 0.012165
76 83 0.014286
76 84 0.008696
76 85 0.015106
76 86 0.008403
76 87 0.013405
76 88 0.013550
76 89 0.022727
76 90 0.016026
76 91 0.010395
76 92 0.020492
76 93 0.040000
76 94 0.018519
76 95 0.014205
76 96 0.039683
76 97 0.071429
76 98 0.031447
76 99 0.028409
77 78 0.037037
77 79 0.016502
77 80 0.011933
77 81 0.019531
77 82 0.084746
77 83 0.022523
77 84 0.027933
77 85 0.020161
77 86 0.025641
77 87 0.021008
77 88 0.013514
77 89 0.025381
77 90 0.054348
77 91 0.056818
77 92 0.020000
77 93 0.015674
77 94 0.016077
77 95 0.026042
77 96 0.017921
77 97 0.014663
77 98 0.016949
77 99 0.014286
78 79 0.014881
78 80 0.009294
78 81 0.013158
78 82 0.029586
78 83 0.014535
78 84 0.100000
78 85 0.016892
78 86 0.068493
78 87 0.014085
78 88 0.012346
78 89 0.016181
78 90 0.022727
78 91 0.104167
78 92 0.015015
78 93 0.011086
78 94 0.013193
78 95 0.015924
78 96 0.012438
78 97 0.010870
78 98 0.011682
78 99 0.011312
79 80 0.013889
79 81 0.017857
79 82 0.014045
79 83 0.010989
79 84 0.013193
79 85 0.081967
79 86 0.012346
79 87 0.010417
79 88 0.071429
79 89 0.023148
79 90 0.018657
79 91 0.015873
79 92 0.038168
79 93 0.013298
79 94 0.052083
79 95 0.011574
79 96 0.017483
79 97 0.016667
79 98 0.013158
79 99 0.025510
80 81 0.030675
80 82 0.011710
80 83 0.013441
80 84 0.008518
80 85 0.015106
80 86 0.008237
80 87 0.012658
80 88 0.013850
80 89 0.021739
80 90 0.015291
80 91 0.010121
80 92 0.020325
80 93 0.033784
80 94 0.018797
80 95 0.013405
80 96 0.035714
80 97 0.063291
80 98 0.027473
80 99 0.029762
81 82 0.018868
81 83 0.020661
81 84 0.011682
81 85 0.021645
81 86 0.011186
81 87 0.018657
81 88 0.016026
81 89 0.061728
81 90 0.030303
81 91 0.014970
81 92 0.033557
81 93 0.051020
81 94 0.024155
81 95 0.021368
81 96 0.217391
81 97 0.056818
81 98 0.049020
81 99 0.031056
82 83 0.028409
82 84 0.024510
82 85 0.016779
82 86 0.023364
82 87 0.026596
82 88 0.011876
82 89 0.022624
82 90 0.044643
82 91 0.039370
82 92 0.017301
82 93 0.016026
82 94 0.014124
82 95 0.034247
82 96 0.017361
82 97 0.014164
82 98 0.017606
82 99 0.013158
83 84 0.013263
83 85 0.012658
83 86 0.013021
83 87 0.185185
83 88 0.009823
83 89 0.019685
83 90 0.025773
83 91 0.016556
83 92 0.014409
83 93 0.022124
83 94 0.011990
83 95 0.161290
83 96 0.019380
83 97 0.015773
83 98 0.026042
83 99 0.012531
84 85 0.014663
84 86 0.192308
84 87 0.012987
84 88 0.011186
84 89 0.013928
84 90 0.018727
84 91 0.052632
84 92 0.013089
84 93 0.010060
84 94 0.011737
84 95 0.014409
84 96 0.011111
84 97 0.009823
84 98 0.010571
84 99 0.010163
85 86 0.013624
85 87 0.011905
85 88 0.040650
85 89 0.031056
85 90 0.024038
85 91 0.018657
85 92 0.056818
85 93 0.015244
85 94 0.055556
85 95 0.013441
85 96 0.020833
85 97 0.018939
85 98 0.015198
85 99 0.027778
86 87 0.012821
86 88 0.010571
86 89 0.013158
86 90 0.017544
86 91 0.043860
86 92 0.012315
86 93 0.009728
86 94 0.011086
86 95 0.014085
86 96 0.010638
86 97 0.009452
86 98 0.010225
86 99 0.009709
87 88 0.009363
87 89 0.017857
87 90 0.023041
87 91 0.015924
87 92 0.013405
87 93 0.020080
87 94 0.011287
87 95 0.100000
87 96 0.017606
87 97 0.014620
87 98 0.023364
87 99 0.011765
88 89 0.019157
88 90 0.015244
88 91 0.013021
88 92 0.029940
88 93 0.012376
88 94 0.047170
88 95 0.010246
88 96 0.015924
88 97 0.015974
88 98 0.012107
88 99 0.025773
89 90 0.045455
89 91 0.018797
89 92 0.052632
89 93 0.028409
89 94 0.030488
89 95 0.021186
89 96 0.050505
89 97 0.032895
89 98 0.029240
89 99 0.030864
90 91 0.028902
90 92 0.027624
90 93 0.021552
90 94 0.020080
90 95 0.029762
90 96 0.026738
90 97 0.020000
90 98 0.023697
90 99 0.018587
91 92 0.016835
91 93 0.012376
91 94 0.014409
91 95 0.018382
91 96 0.014045
91 97 0.012048
91 98 0.013123
91 99 0.012376
92 93 0.020408
92 94 0.070423
92 95 0.015244
92 96 0.032051
92 97 0.028249
92 98 0.020000
92 99 0.045455
93 94 0.016779
93 95 0.021645
93 96 0.054945
93 97 0.044248
93 98 0.142857
93 99 0.021552
94 95 0.012563
94 96 0.024038
94 97 0.023810
94 98 0.016234
94 99 0.049505
95 96 0.019841
95 97 0.015974
95 98 0.025381
95 99 0.012920
96 97 0.075758
96 98 0.049020
96 99 0.033113
97 98 0.035971
97 99 0.039683
98 99 0.019920
