100 4950
0 1 0.013761
0 2 0.010989
0 3 0.042254
0 4 0.009317
0 5 0.007634
0 6 0.005758
0 7 0.006110
0 8 0.005495
0 9 0.006928
0 10 0.014493
0 11 0.018519
0 12 0.015873
0 13 0.020979
0 14 0.005871
0 15 0.005405
0 16 0.017442
0 17 0.006466
0 18 0.004847
0 19 0.007246
0 20 0.007246
0 21 0.007059
0 22 0.006579
0 23 0.005017
0 24 0.006211
0 25 0.005008
0 26 0.007042
0 27 0.006579
0 28 0.007874
0 29 0.005952
0 30 0.013453
0 31 0.008850
0 32 0.020979
0 33 0.015625
0 34 0.006696
0 35 0.006397
0 36 0.007519
0 37 0.013393
0 38 0.006912
0 39 0.009259
0 40 0.005639
0 41 0.010453
0 42 0.006977
0 43 0.007772
0 44 0.006410
0 45 0.008475
0 46 0.013575
0 47 0.015075
0 48 0.007143
0 49 0.009174
0 50 0.011278
0 51 0.007389
0 52 0.006383
0 53 0.008746
0 54 0.010204
0 55 0.007264
0 56 0.016854
0 57 0.007426
0 58 0.012195
0 59 0.008219
0 60 0.020408
0 61 0.008403
0 62 0.006160
0 63 0.009434
0 64 0.007895
0 65 0.008380
0 66 0.005736
0 67 0.006452
0 68 0.010526
0 69 0.015152
0 70 0.009740
0 71 0.005917
0 72 0.005386
0 73 0.005445
0 74 0.006135
0 75 0.008333
0 76 0.013514
0 77 0.012397
0 78 0.008982
0 79 0.012987
0 80 0.009404
0 81 0.044118
0 82 0.007194
0 83 0.005769
0 84 0.024590
0 85 0.006849
0 86 0.009063
0 87 0.006803
0 88 0.005803
0 89 0.005102
0 90 0.006742
0 91 0.004983
0 92 0.008571
0 93 0.007673
0 94 0.006148
0 95 0.004615
0 96 0.037975
0 97 0.009231
0 98 0.007317
0 99 0.005769
1 2 0.030000
1 3 0.015873
1 4 0.014354
1 5 0.016484
1 6 0.008000
1 7 0.010381
1 8 0.007426
1 9 0.007874
1 10 0.048387
1 11 0.017544
1 12 0.037975
1 13 0.013333
1 14 0.009772
1 15 0.007407
1 16 0.063830
1 17 0.007009
1 18 0.006787
1 19 0.013514
1 20 0.011194
1 21 0.014218
1 22 0.010000
1 23 0.006912
1 24 0.009740
1 25 0.007126
1 26 0.010135
1 27 0.007673
1 28 0.015873
1 29 0.010453
1 30 0.025641
1 31 0.009036
1 32 0.027027
1 33 0.111111
1 34 0.012987
1 35 0.011673
1 36 0.015075
1 37 0.031579
1 38 0.008021
1 39 0.008955
1 40 0.007712
1 41 0.039474
1 42 0.012397
1 43 0.017751
1 44 0.009524
1 45 0.011719
1 46 0.014706
1 47 0.013889
1 48 0.013333
1 49 0.012245
1 50 0.061224
1 51 0.015957
1 52 0.008108
1 53 0.011858
1 54 0.027027
1 55 0.007538
1 56 0.012500
1 57 0.015000
1 58 0.010274
1 59 0.019868
1 60 0.039474
1 61 0.021429
1 62 0.008571
1 63 0.021898
1 64 0.011236
1 65 0.011628
1 66 0.007937
1 67 0.011407
1 68 0.035294
1 69 0.057692
1 70 0.016949
1 71 0.010239
1 72 0.008357
1 73 0.008621
1 74 0.011029
1 75 0.020833
1 76 0.015306
1 77 0.016043
1 78 0.012397
1 79 0.015464
1 80 0.013825
1 81 0.018182
1 82 0.008264
1 83 0.008772
1 84 0.022222
1 85 0.013575
1 86 0.016216
1 87 0.013100
1 88 0.009868
1 89 0.007143
1 90 0.013100
1 91 0.007299
1 92 0.022556
1 93 0.009709
1 94 0.010676
1 95 0.006410
1 96 0.019737
1 97 0.024590
1 98 0.014423
1 99 0.009375
2 3 0.011321
2 4 0.010033
2 5 0.022222
2 6 0.006803
2 7 0.009524
2 8 0.006369
2 9 0.006316
2 10 0.044118
2 11 0.011236
2 12 0.035294
2 13 0.009524
2 14 0.009091
2 15 0.006410
2 16 0.023438
2 17 0.005736
2 18 0.006173
2 19 0.021127
2 20 0.008798
2 21 0.017647
2 22 0.008197
2 23 0.006160
2 24 0.008333
2 25 0.006466
2 26 0.008021
2 27 0.006211
2 28 0.027523
2 29 0.010791
2 30 0.013889
2 31 0.006961
2 32 0.014851
2 33 0.026549
2 34 0.014423
2 35 0.011278
2 36 0.012658
2 37 0.015544
2 38 0.006424
2 39 0.006912
2 40 0.006579
2 41 0.049180
2 42 0.010381
2 43 0.020548
2 44 0.007874
2 45 0.008671
2 46 0.009901
2 47 0.009554
2 48 0.011236
2 49 0.008850
2 50 0.031579
2 51 0.017442
2 52 0.006593
2 53 0.008696
2 54 0.016216
2 55 0.006048
2 56 0.008982
2 57 0.012821
2 58 0.007692
2 59 0.017647
2 60 0.022727
2 61 0.024000
2 62 0.007109
2 63 0.065217
2 64 0.008499
2 65 0.008621
2 66 0.006757
2 67 0.015544
2 68 0.019737
2 69 0.037500
2 70 0.011321
2 71 0.010169
2 72 0.007792
2 73 0.008130
2 74 0.011494
2 75 0.019355
2 76 0.010169
2 77 0.010490
2 78 0.008982
2 79 0.010204
2 80 0.009709
2 81 0.014423
2 82 0.006565
2 83 0.007692
2 84 0.013514
2 85 0.014085
2 86 0.011278
2 87 0.012500
2 88 0.009709
2 89 0.006369
2 90 0.015306
2 91 0.006772
2 92 0.025000
2 93 0.007500
2 94 0.010000
2 95 0.005929
2 96 0.013333
2 97 0.046875
2 98 0.012346
2 99 0.008621
3 4 0.011765
3 5 0.008108
3 6 0.006593
3 7 0.006834
3 8 0.006263
3 9 0.008287
3 10 0.015152
3 11 0.032609
3 12 0.016043
3 13 0.038462
3 14 0.006536
3 15 0.006148
3 16 0.020833
3 17 0.007595
3 18 0.005386
3 19 0.007444
3 20 0.008621
3 21 0.007519
3 22 0.007653
3 23 0.005618
3 24 0.007092
3 25 0.005576
3 26 0.008380
3 27 0.007792
3 28 0.008108
3 29 0.006466
3 30 0.018519
3 31 0.011070
3 32 0.033708
3 33 0.018293
3 34 0.007229
3 35 0.007075
3 36 0.008596
3 37 0.017964
3 38 0.008242
3 39 0.011673
3 40 0.006452
3 41 0.011407
3 42 0.008021
3 43 0.008451
3 44 0.007444
3 45 0.010526
3 46 0.020000
3 47 0.023256
3 48 0.008174
3 49 0.011673
3 50 0.012821
3 51 0.008065
3 52 0.007500
3 53 0.010989
3 54 0.012397
3 55 0.008696
3 56 0.026786
3 57 0.008475
3 58 0.016484
3 59 0.009259
3 60 0.022388
3 61 0.009202
3 62 0.007143
3 63 0.009677
3 64 0.009646
3 65 0.010381
3 66 0.006565
3 67 0.006682
3 68 0.012500
3 69 0.016129
3 70 0.012295
3 71 0.006479
3 72 0.005964
3 73 0.006012
3 74 0.006667
3 75 0.009317
3 76 0.019868
3 77 0.017442
3 78 0.011364
3 79 0.018750
3 80 0.012000
3 81 0.030612
3 82 0.008646
3 83 0.006522
3 84 0.047619
3 85 0.007481
3 86 0.011194
3 87 0.007557
3 88 0.006369
3 89 0.005725
3 90 0.007212
3 91 0.005515
3 92 0.009404
3 93 0.009375
3 94 0.006849
3 95 0.005093
3 96 0.075000
3 97 0.009804
3 98 0.008333
3 99 0.006438
4 5 0.009836
4 6 0.015000
4 7 0.012821
4 8 0.013333
4 9 0.016760
4 10 0.011152
4 11 0.018072
4 12 0.010601
4 13 0.013699
4 14 0.011858
4 15 0.012876
4 16 0.013825
4 17 0.013100
4 18 0.009740
4 19 0.007979
4 20 0.031250
4 21 0.009585
4 22 0.021277
4 23 0.010676
4 24 0.016393
4 25 0.010309
4 26 0.028846
4 27 0.016304
4 28 0.008547
4 29 0.009804
4 30 0.027523
4 31 0.017857
4 32 0.016043
4 33 0.013953
4 34 0.010135
4 35 0.011858
4 36 0.017751
4 37 0.024590
4 38 0.017647
4 39 0.016129
4 40 0.014286
4 41 0.012146
4 42 0.018750
4 43 0.011236
4 44 0.020000
4 45 0.062500
4 46 0.024000
4 47 0.018987
4 48 0.017964
4 49 0.061224
4 50 0.014634
4 51 0.011321
4 52 0.018293
4 53 0.061224
4 54 0.025210
4 55 0.014019
4 56 0.014925
4 57 0.016667
4 58 0.015152
4 59 0.014851
4 60 0.012000
4 61 0.012048
4 62 0.018072
4 63 0.009317
4 64 0.048387
4 65 0.060000
4 66 0.014851
4 67 0.007634
4 68 0.019737
4 69 0.011673
4 70 0.085714
4 71 0.010381
4 72 0.010676
4 73 0.010490
4 74 0.009967
4 75 0.013953
4 76 0.025641
4 77 0.033708
4 78 0.076923
4 79 0.028037
4 80 0.187500
4 81 0.009709
4 82 0.018519
4 83 0.013825
4 84 0.014851
4 85 0.011236
4 86 0.061224
4 87 0.012766
4 88 0.010381
4 89 0.011029
4 90 0.009646
4 91 0.009740
4 92 0.012245
4 93 0.029412
4 94 0.012295
4 95 0.008746
4 96 0.012146
4 97 0.010490
4 98 0.016760
4 99 0.012000
5 6 0.007772
5 7 0.013699
5 8 0.007229
5 9 0.006250
5 10 0.015789
5 11 0.008772
5 12 0.014151
5 13 0.007481
5 14 0.013100
5 15 0.007389
5 16 0.013216
5 17 0.005660
5 18 0.007576
5 19 0.038462
5 20 0.009772
5 21 0.083333
5 22 0.009494
5 23 0.007317
5 24 0.010345
5 25 0.008000
5 26 0.008696
5 27 0.006276
5 28 0.043478
5 29 0.019608
5 30 0.011321
5 31 0.006452
5 32 0.010345
5 33 0.014493
5 34 0.037500
5 35 0.018987
5 36 0.017544
5 37 0.012346
5 38 0.006410
5 39 0.006303
5 40 0.007481
5 41 0.027778
5 42 0.013453
5 43 0.073171
5 44 0.009091
5 45 0.008646
5 46 0.008357
5 47 0.007895
5 48 0.015075
5 49 0.008523
5 50 0.021583
5 51 0.049180
5 52 0.006944
5 53 0.008523
5 54 0.015789
5 55 0.005792
5 56 0.007299
5 57 0.018405
5 58 0.006623
5 59 0.027778
5 60 0.012146
5 61 0.052632
5 62 0.007958
5 63 0.029412
5 64 0.008746
5 65 0.008646
5 66 0.007712
5 67 0.032967
5 68 0.018293
5 69 0.015228
5 70 0.011070
5 71 0.016949
5 72 0.010638
5 73 0.011450
5 74 0.022222
5 75 0.032609
5 76 0.008596
5 77 0.009091
5 78 0.008746
5 79 0.008721
5 80 0.009404
5 81 0.009036
5 82 0.006479
5 83 0.009615
5 84 0.009524
5 85 0.030928
5 86 0.011583
5 87 0.021429
5 88 0.015544
5 89 0.007653
5 90 0.047619
5 91 0.008746
5 92 0.048387
5 93 0.007500
5 94 0.015075
5 95 0.007335
5 96 0.009009
5 97 0.041667
5 98 0.017544
5 99 0.012000
6 7 0.015625
6 8 0.096774
6 9 0.014019
6 10 0.006897
6 11 0.008219
6 12 0.006608
6 13 0.007246
6 14 0.015152
6 15 0.088235
6 16 0.007538
6 17 0.012000
6 18 0.022901
6 19 0.006479
6 20 0.027027
6 21 0.008000
6 22 0.039474
6 23 0.033708
6 24 0.030000
6 25 0.024194
6 26 0.030612
6 27 0.015957
6 28 0.006667
6 29 0.010067
6 30 0.009934
6 31 0.010345
6 32 0.007833
6 33 0.007692
6 34 0.008955
6 35 0.011858
6 36 0.013889
6 37 0.009709
6 38 0.015228
6 39 0.009434
6 40 0.187500
6 41 0.007874
6 42 0.018405
6 43 0.008696
6 44 0.049180
6 45 0.016949
6 46 0.009434
6 47 0.008571
6 48 0.015957
6 49 0.014354
6 50 0.008571
6 51 0.009146
6 52 0.025862
6 53 0.015625
6 54 0.011321
6 55 0.010638
6 56 0.007653
6 57 0.013393
6 58 0.008174
6 59 0.010526
6 60 0.006912
6 61 0.008746
6 62 0.076923
6 63 0.006711
6 64 0.020270
6 65 0.017341
6 66 0.750000
6 67 0.006579
6 68 0.010204
6 69 0.007042
6 70 0.013889
6 71 0.011236
6 72 0.016484
6 73 0.014778
6 74 0.009836
6 75 0.009934
6 76 0.009615
6 77 0.010490
6 78 0.015228
6 79 0.009934
6 80 0.014563
6 81 0.005964
6 82 0.014354
6 83 0.030928
6 84 0.007500
6 85 0.009901
6 86 0.015228
6 87 0.011719
6 88 0.011719
6 89 0.034091
6 90 0.008380
6 91 0.017964
6 92 0.008746
6 93 0.017544
6 94 0.013889
6 95 0.017751
6 96 0.006742
6 97 0.007444
6 98 0.013953
6 99 0.016760
7 8 0.013825
7 9 0.008380
7 10 0.008902
7 11 0.008152
7 12 0.008333
7 13 0.006961
7 14 0.142857
7 15 0.014851
7 16 0.009146
7 17 0.007407
7 18 0.016949
7 19 0.010239
7 20 0.017964
7 21 0.015075
7 22 0.020690
7 23 0.015464
7 24 0.031579
7 25 0.019231
7 26 0.015000
7 27 0.008721
7 28 0.010417
7 29 0.028302
7 30 0.010676
7 31 0.007653
7 32 0.008523
7 33 0.009615
7 34 0.019737
7 35 0.045455
7 36 0.032258
7 37 0.011029
7 38 0.008772
7 39 0.007229
7 40 0.014563
7 41 0.011628
7 42 0.040000
7 43 0.016304
7 44 0.019481
7 45 0.011952
7 46 0.008621
7 47 0.007916
7 48 0.041096
7 49 0.010909
7 50 0.012195
7 51 0.018750
7 52 0.010791
7 53 0.011364
7 54 0.015152
7 55 0.007194
7 56 0.007109
7 57 0.033333
7 58 0.006977
7 59 0.020408
7 60 0.008264
7 61 0.015464
7 62 0.015075
7 63 0.009868
7 64 0.013100
7 65 0.012048
7 66 0.015385
7 67 0.010949
7 68 0.014423
7 69 0.008982
7 70 0.013699
7 71 0.039474
7 72 0.042254
7 73 0.049180
7 74 0.026316
7 75 0.018634
7 76 0.008850
7 77 0.009677
7 78 0.011494
7 79 0.009119
7 80 0.012048
7 81 0.006667
7 82 0.008671
7 83 0.029703
7 84 0.007979
7 85 0.024000
7 86 0.015625
7 87 0.037500
7 88 0.044776
7 89 0.017143
7 90 0.017045
7 91 0.023438
7 92 0.015228
7 93 0.010526
7 94 0.120000
7 95 0.015544
7 96 0.007246
7 97 0.011494
7 98 0.036585
7 99 0.090909
8 9 0.013889
8 10 0.006452
8 11 0.007712
8 12 0.006211
8 13 0.006881
8 14 0.013514
8 15 0.130435
8 16 0.007042
8 17 0.012097
8 18 0.023077
8 19 0.006098
8 20 0.021739
8 21 0.007444
8 22 0.028302
8 23 0.036585
8 24 0.023622
8 25 0.023622
8 26 0.024793
8 27 0.015957
8 28 0.006250
8 29 0.009288
8 30 0.009119
8 31 0.009967
8 32 0.007335
8 33 0.007177
8 34 0.008287
8 35 0.010753
8 36 0.012245
8 37 0.008929
8 38 0.015000
8 39 0.009119
8 40 0.187500
8 41 0.007299
8 42 0.015625
8 43 0.008000
8 44 0.032967
8 45 0.015152
8 46 0.008850
8 47 0.008108
8 48 0.013825
8 49 0.013100
8 50 0.007895
8 51 0.008403
8 52 0.025424
8 53 0.014151
8 54 0.010204
8 55 0.010526
8 56 0.007282
8 57 0.011858
8 58 0.007833
8 59 0.009524
8 60 0.006494
8 61 0.008043
8 62 0.050000
8 63 0.006289
8 64 0.017751
8 65 0.015464
8 66 0.107143
8 67 0.006198
8 68 0.009259
8 69 0.006579
8 70 0.012397
8 71 0.010309
8 72 0.015000
8 73 0.013514
8 74 0.009091
8 75 0.009036
8 76 0.008982
8 77 0.009709
8 78 0.013761
8 79 0.009259
8 80 0.013100
8 81 0.005660
8 82 0.014019
8 83 0.025210
8 84 0.007042
8 85 0.009063
8 86 0.013333
8 87 0.010601
8 88 0.010714
8 89 0.034483
8 90 0.007772
8 91 0.016949
8 92 0.008043
8 93 0.016304
8 94 0.012448
8 95 0.017964
8 96 0.006383
8 97 0.006928
8 98 0.012295
8 99 0.014851
9 10 0.006834
9 11 0.010909
9 12 0.006682
9 13 0.010169
9 14 0.008043
9 15 0.012658
9 16 0.007916
9 17 0.058824
9 18 0.008746
9 19 0.005425
9 20 0.015544
9 21 0.006198
9 22 0.013825
9 23 0.010101
9 24 0.010989
9 25 0.008902
9 26 0.018987
9 27 0.093750
9 28 0.005671
9 29 0.006623
9 30 0.011194
9 31 0.028037
9 32 0.009174
9 33 0.007853
9 34 0.006508
9 35 0.007500
9 36 0.009202
9 37 0.010453
9 38 0.166667
9 39 0.022388
9 40 0.014218
9 41 0.007059
9 42 0.010204
9 43 0.006803
9 44 0.014151
9 45 0.022388
9 46 0.013953
9 47 0.012821
9 48 0.009615
9 49 0.021898
9 50 0.007833
9 51 0.006897
9 52 0.030303
9 53 0.022727
9 54 0.010067
9 55 0.042857
9 56 0.011450
9 57 0.008902
9 58 0.014423
9 59 0.008021
9 60 0.007371
9 61 0.007059
9 62 0.016575
9 63 0.006000
9 64 0.021429
9 65 0.022556
9 66 0.014085
9 67 0.005291
9 68 0.009063
9 69 0.007042
9 70 0.014019
9 71 0.007009
9 72 0.007937
9 73 0.007634
9 74 0.006623
9 75 0.007732
9 76 0.013825
9 77 0.014493
9 78 0.021127
9 79 0.014218
9 80 0.017857
9 81 0.006772
9 82 0.157895
9 83 0.010239
9 84 0.009063
9 85 0.006993
9 86 0.013514
9 87 0.007712
9 88 0.007075
9 89 0.010000
9 90 0.006263
9 91 0.007958
9 92 0.007109
9 93 0.037037
9 94 0.007958
9 95 0.007874
9 96 0.008086
9 97 0.006452
9 98 0.009009
9 99 0.008310
10 11 0.014493
10 12 0.125000
10 13 0.011952
10 14 0.008475
10 15 0.006466
10 16 0.044776
10 17 0.006198
10 18 0.006036
10 19 0.014354
10 20 0.009119
10 21 0.013393
10 22 0.008333
10 23 0.006098
10 24 0.008242
10 25 0.006316
10 26 0.008403
10 27 0.006667
10 28 0.017143
10 29 0.009375
10 30 0.017442
10 31 0.007833
10 32 0.021277
10 33 0.051724
10 34 0.011765
10 35 0.010101
10 36 0.012000
10 37 0.019737
10 38 0.006944
10 39 0.007833
10 40 0.006682
10 41 0.033708
10 42 0.010101
10 43 0.015707
10 44 0.008000
10 45 0.009494
10 46 0.012000
10 47 0.011719
10 48 0.010791
10 49 0.009901
10 50 0.032609
10 51 0.013953
10 52 0.006961
10 53 0.009615
10 54 0.017544
10 55 0.006652
10 56 0.011029
10 57 0.012048
10 58 0.009036
10 59 0.015625
10 60 0.046875
10 61 0.018293
10 62 0.007299
10 63 0.026549
10 64 0.009146
10 65 0.009434
10 66 0.006849
10 67 0.011583
10 68 0.021127
10 69 0.200000
10 70 0.012605
10 71 0.009091
10 72 0.007371
10 73 0.007595
10 74 0.009901
10 75 0.016484
10 76 0.012346
10 77 0.012552
10 78 0.009967
10 79 0.012295
10 80 0.010870
10 81 0.020979
10 82 0.007126
10 83 0.007538
10 84 0.018987
10 85 0.011905
10 86 0.012195
10 87 0.011152
10 88 0.008746
10 89 0.006289
10 90 0.012097
10 91 0.006494
10 92 0.018987
10 93 0.008130
10 94 0.009202
10 95 0.005758
10 96 0.018987
10 97 0.025000
10 98 0.011628
10 99 0.008130
11 12 0.014563
11 13 0.046875
11 14 0.007712
11 15 0.007538
11 16 0.021277
11 17 0.009615
11 18 0.006356
11 19 0.007673
11 20 0.011494
11 21 0.008197
11 22 0.009836
11 23 0.006726
11 24 0.008798
11 25 0.006608
11 26 0.011194
11 27 0.010101
11 28 0.008357
11 29 0.007335
11 30 0.033333
11 31 0.015544
11 32 0.044776
11 33 0.019355
11 34 0.008065
11 35 0.008242
11 36 0.010638
11 37 0.028302
11 38 0.010909
11 39 0.016216
11 40 0.008000
11 41 0.012295
11 42 0.010033
11 43 0.009404
11 44 0.009524
11 45 0.015544
11 46 0.049180
11 47 0.057692
11 48 0.010135
11 49 0.018182
11 50 0.014634
11 51 0.009091
11 52 0.009740
11 53 0.016575
11 54 0.016667
11 55 0.011278
11 56 0.042857
11 57 0.010345
11 58 0.023810
11 59 0.010949
11 60 0.019481
11 61 0.010309
11 62 0.009091
11 63 0.009772
11 64 0.013636
11 65 0.015152
11 66 0.008174
11 67 0.006993
11 68 0.015873
11 69 0.015544
11 70 0.018868
11 71 0.007444
11 72 0.007009
11 73 0.007026
11 74 0.007538
11 75 0.010870
11 76 0.050000
11 77 0.037500
11 78 0.017341
11 79 0.043478
11 80 0.018750
11 81 0.017751
11 82 0.011583
11 83 0.007958
11 84 0.050847
11 85 0.008523
11 86 0.016129
11 87 0.008876
11 88 0.007335
11 89 0.006865
11 90 0.007958
11 91 0.006452
11 92 0.010563
11 93 0.013100
11 94 0.008086
11 95 0.005929
11 96 0.030928
11 97 0.010345
11 98 0.010204
11 99 0.007634
12 13 0.012245
12 14 0.007958
12 15 0.006198
12 16 0.042254
12 17 0.006085
12 18 0.005792
12 19 0.013274
12 20 0.008671
12 21 0.012195
12 22 0.007916
12 23 0.005859
12 24 0.007792
12 25 0.006036
12 26 0.008021
12 27 0.006508
12 28 0.015544
12 29 0.008746
12 30 0.016484
12 31 0.007732
12 32 0.021429
12 33 0.043478
12 34 0.010791
12 35 0.009375
12 36 0.011029
12 37 0.018405
12 38 0.006772
12 39 0.007772
12 40 0.006410
12 41 0.026786
12 42 0.009434
12 43 0.014019
12 44 0.007634
12 45 0.009119
12 46 0.011811
12 47 0.011673
12 48 0.010000
12 49 0.009554
12 50 0.026316
12 51 0.012605
12 52 0.006726
12 53 0.009259
12 54 0.015789
12 55 0.006550
12 56 0.011152
12 57 0.011029
12 58 0.009036
12 59 0.013889
12 60 0.054545
12 61 0.016043
12 62 0.007009
12 63 0.023077
12 64 0.008746
12 65 0.009063
12 66 0.006579
12 67 0.010830
12 68 0.018519
12 69 0.107143
12 70 0.011858
12 71 0.008475
12 72 0.006977
12 73 0.007177
12 74 0.009202
12 75 0.014634
12 76 0.012146
12 77 0.012195
12 78 0.009585
12 79 0.012048
12 80 0.010381
12 81 0.024194
12 82 0.006961
12 83 0.007160
12 84 0.019481
12 85 0.010870
12 86 0.011450
12 87 0.010239
12 88 0.008174
12 89 0.006036
12 90 0.011111
12 91 0.006198
12 92 0.016575
12 93 0.007874
12 94 0.008596
12 95 0.005525
12 96 0.020408
12 97 0.021277
12 98 0.010714
12 99 0.007653
13 14 0.006652
13 15 0.006711
13 16 0.015957
13 17 0.009259
13 18 0.005693
13 19 0.006726
13 20 0.009524
13 21 0.007042
13 22 0.008357
13 23 0.006024
13 24 0.007538
13 25 0.005882
13 26 0.009464
13 27 0.009346
13 28 0.007264
13 29 0.006356
13 30 0.019608
13 31 0.015152
13 32 0.026316
13 33 0.014634
13 34 0.006912
13 35 0.007009
13 36 0.008671
13 37 0.017751
13 38 0.010033
13 39 0.016484
13 40 0.007092
13 41 0.010000
13 42 0.008333
13 43 0.007895
13 44 0.008152
13 45 0.012605
13 46 0.030928
13 47 0.045455
13 48 0.008380
13 49 0.014493
13 50 0.011407
13 51 0.007634
13 52 0.008696
13 53 0.013393
13 54 0.012346
13 55 0.011070
13 56 0.083333
13 57 0.008499
13 58 0.028571
13 59 0.008902
13 60 0.015789
13 61 0.008523
13 62 0.007958
13 63 0.008403
13 64 0.011236
13 65 0.012397
13 66 0.007212
13 67 0.006160
13 68 0.011905
13 69 0.012658
13 70 0.013761
13 71 0.006438
13 72 0.006135
13 73 0.006135
13 74 0.006508
13 75 0.008850
13 76 0.029126
13 77 0.023077
13 78 0.013761
13 79 0.026549
13 80 0.014286
13 81 0.017241
13 82 0.010676
13 83 0.006912
13 84 0.032258
13 85 0.007229
13 86 0.012245
13 87 0.007463
13 88 0.006356
13 89 0.006122
13 90 0.006834
13 91 0.005725
13 92 0.008696
13 93 0.011364
13 94 0.006912
13 95 0.005338
13 96 0.028302
13 97 0.008671
13 98 0.008403
13 99 0.006608
14 15 0.014634
14 16 0.008646
14 17 0.007160
14 18 0.017647
14 19 0.010000
14 20 0.016393
14 21 0.014563
14 22 0.018987
14 23 0.015707
14 24 0.028846
14 25 0.020134
14 26 0.013953
14 27 0.008403
14 28 0.010101
14 29 0.029126
14 30 0.009967
14 31 0.007317
14 32 0.008065
14 33 0.009063
14 34 0.018987
14 35 0.041667
14 36 0.026786
14 37 0.010274
14 38 0.008427
14 39 0.006928
14 40 0.014151
14 41 0.010989
14 42 0.031915
14 43 0.015385
14 44 0.018072
14 45 0.011152
14 46 0.008152
14 47 0.007519
14 48 0.031915
14 49 0.010239
14 50 0.011364
14 51 0.017647
14 52 0.010345
14 53 0.010638
14 54 0.013761
14 55 0.006944
14 56 0.006787
14 57 0.027778
14 58 0.006667
14 59 0.018405
14 60 0.007853
14 61 0.014493
14 62 0.014354
14 63 0.009464
14 64 0.012195
14 65 0.011278
14 66 0.014925
14 67 0.010791
14 68 0.013158
14 69 0.008547
14 70 0.012552
14 71 0.042254
14 72 0.054545
14 73 0.071429
14 74 0.026316
14 75 0.017045
14 76 0.008357
14 77 0.009091
14 78 0.010753
14 79 0.008596
14 80 0.011194
14 81 0.006397
14 82 0.008310
14 83 0.028846
14 84 0.007576
14 85 0.022727
14 86 0.014151
14 87 0.032609
14 88 0.050847
14 89 0.017442
14 90 0.016484
14 91 0.026087
14 92 0.014218
14 93 0.009967
14 94 0.096774
14 95 0.016575
14 96 0.006912
14 97 0.010949
14 98 0.029703
14 99 0.130435
15 16 0.006993
15 17 0.011111
15 18 0.027778
15 19 0.006211
15 20 0.020979
15 21 0.007653
15 22 0.028571
15 23 0.050000
15 24 0.025862
15 25 0.028571
15 26 0.022901
15 27 0.014286
15 28 0.006369
15 29 0.009772
15 30 0.008955
15 31 0.009404
15 32 0.007212
15 33 0.007143
15 34 0.008571
15 35 0.011278
15 36 0.012605
15 37 0.008798
15 38 0.013575
15 39 0.008621
15 40 0.111111
15 41 0.007371
15 42 0.016304
15 43 0.008197
15 44 0.032967
15 45 0.014286
15 46 0.008547
15 47 0.007833
15 48 0.014354
15 49 0.012397
15 50 0.007937
15 51 0.008646
15 52 0.021583
15 53 0.013333
15 54 0.010169
15 55 0.009804
15 56 0.007059
15 57 0.012245
15 58 0.007519
15 59 0.009740
15 60 0.006452
15 61 0.008219
15 62 0.042254
15 63 0.006356
15 64 0.016575
15 65 0.014563
15 66 0.093750
15 67 0.006356
15 68 0.009288
15 69 0.006579
15 70 0.012097
15 71 0.010909
15 72 0.016667
15 73 0.014778
15 74 0.009494
15 75 0.009231
15 76 0.008671
15 77 0.009375
15 78 0.012987
15 79 0.008955
15 80 0.012552
15 81 0.005597
15 82 0.012821
15 83 0.029412
15 84 0.006928
15 85 0.009404
15 86 0.013100
15 87 0.011029
15 88 0.011407
15 89 0.046154
15 90 0.008021
15 91 0.019481
15 92 0.008197
15 93 0.014925
15 94 0.013274
15 95 0.020690
15 96 0.006276
15 97 0.007009
15 98 0.012712
15 99 0.016216
16 17 0.007092
16 18 0.006329
16 19 0.011494
16 20 0.010417
16 21 0.011719
16 22 0.009231
16 23 0.006479
16 24 0.008876
16 25 0.006623
16 26 0.009615
16 27 0.007653
16 28 0.013158
16 29 0.009036
16 30 0.026786
16 31 0.009434
16 32 0.040000
16 33 0.142857
16 34 0.010830
16 35 0.010000
16 36 0.012658
16 37 0.031250
16 38 0.008021
16 39 0.009464
16 40 0.007299
16 41 0.025000
16 42 0.010870
16 43 0.013953
16 44 0.008876
16 45 0.011450
16 46 0.016304
16 47 0.015789
16 48 0.011450
16 49 0.012245
16 50 0.031915
16 51 0.012821
16 52 0.007895
16 53 0.011719
16 54 0.021583
16 55 0.007732
16 56 0.014493
16 57 0.012552
16 58 0.011278
16 59 0.015385
16 60 0.081081
16 61 0.016129
16 62 0.008108
16 63 0.017544
16 64 0.010791
16 65 0.011321
16 66 0.007500
16 67 0.009804
16 68 0.024793
16 69 0.056604
16 70 0.015873
16 71 0.008902
16 72 0.007557
16 73 0.007732
16 74 0.009464
16 75 0.015873
16 76 0.016949
16 77 0.017143
16 78 0.012245
16 79 0.016760
16 80 0.013514
16 81 0.024590
16 82 0.008310
16 83 0.008021
16 84 0.031579
16 85 0.011236
16 86 0.014851
16 87 0.011029
16 88 0.008621
16 89 0.006682
16 90 0.010909
16 91 0.006696
16 92 0.016760
16 93 0.009615
16 94 0.009317
16 95 0.005976
16 96 0.028037
16 97 0.018405
16 98 0.012146
16 99 0.008357
17 18 0.007958
17 19 0.004975
17 20 0.012397
17 21 0.005607
17 22 0.011450
17 23 0.009119
17 24 0.009434
17 25 0.008065
17 26 0.014563
17 27 0.047619
17 28 0.005181
17 29 0.005988
17 30 0.009585
17 31 0.023622
17 32 0.008174
17 33 0.007026
17 34 0.005882
17 35 0.006682
17 36 0.007979
17 37 0.009009
17 38 0.046154
17 39 0.020270
17 40 0.012245
17 41 0.006329
17 42 0.008746
17 43 0.006098
17 44 0.011719
17 45 0.016304
17 46 0.011905
17 47 0.011236
17 48 0.008287
17 49 0.016216
17 50 0.006961
17 51 0.006173
17 52 0.022222
17 53 0.016575
17 54 0.008646
17 55 0.050000
17 56 0.010381
17 57 0.007752
17 58 0.013158
17 59 0.007059
17 60 0.006667
17 61 0.006316
17 62 0.013575
17 63 0.005464
17 64 0.015789
17 65 0.016393
17 66 0.012097
17 67 0.004862
17 68 0.007895
17 69 0.006369
17 70 0.011407
17 71 0.006303
17 72 0.007126
17 73 0.006865
17 74 0.005976
17 75 0.006834
17 76 0.011765
17 77 0.012048
17 78 0.015707
17 79 0.012000
17 80 0.013825
17 81 0.006250
17 82 0.044118
17 83 0.008955
17 84 0.008152
17 85 0.006263
17 86 0.011029
17 87 0.006849
17 88 0.006369
17 89 0.008982
17 90 0.005671
17 91 0.007212
17 92 0.006356
17 93 0.022901
17 94 0.007059
17 95 0.007246
17 96 0.007353
17 97 0.005837
17 98 0.007833
17 99 0.007389
18 19 0.006397
18 20 0.014085
18 21 0.008000
18 22 0.017857
18 23 0.058824
18 24 0.021898
18 25 0.136364
18 26 0.013761
18 27 0.009464
18 28 0.006452
18 29 0.011236
18 30 0.007557
18 31 0.007160
18 32 0.006289
18 33 0.006494
18 34 0.009174
18 35 0.012448
18 36 0.012000
18 37 0.007557
18 38 0.009174
18 39 0.006711
18 40 0.022556
18 41 0.007042
18 42 0.014925
18 43 0.008333
18 44 0.018750
18 45 0.010101
18 46 0.006944
18 47 0.006452
18 48 0.013636
18 49 0.009146
18 50 0.007389
18 51 0.008902
18 52 0.012245
18 53 0.009615
18 54 0.008929
18 55 0.007282
18 56 0.005906
18 57 0.011905
18 58 0.006110
18 59 0.009494
18 60 0.005871
18 61 0.008130
18 62 0.017964
18 63 0.006263
18 64 0.011236
18 65 0.010239
18 66 0.022727
18 67 0.006726
18 68 0.008403
18 69 0.006110
18 70 0.009554
18 71 0.012766
18 72 0.024590
18 73 0.020548
18 74 0.010714
18 75 0.009036
18 76 0.007059
18 77 0.007557
18 78 0.009494
18 79 0.007246
18 80 0.009434
18 81 0.005085
18 82 0.008850
18 83 0.029703
18 84 0.006024
18 85 0.009967
18 86 0.010381
18 87 0.011673
18 88 0.013699
18 89 0.068182
18 90 0.008547
18 91 0.044118
18 92 0.008086
18 93 0.010033
18 94 0.015075
18 95 0.078947
18 96 0.005556
18 97 0.006897
18 98 0.012346
18 99 0.020270
19 20 0.007812
19 21 0.031579
19 22 0.007614
19 23 0.006186
19 24 0.008174
19 25 0.006696
19 26 0.007109
19 27 0.005425
19 28 0.088235
19 29 0.014085
19 30 0.009288
19 31 0.005650
19 32 0.009036
19 33 0.012346
19 34 0.020833
19 35 0.013100
19 36 0.012048
19 37 0.010000
19 38 0.005535
19 39 0.005556
19 40 0.006263
19 41 0.020270
19 42 0.009967
19 43 0.025210
19 44 0.007353
19 45 0.007143
19 46 0.007194
19 47 0.006912
19 48 0.010870
19 49 0.007109
19 50 0.015789
19 51 0.021898
19 52 0.005894
19 53 0.007075
19 54 0.011628
19 55 0.005111
19 56 0.006508
19 57 0.012448
19 58 0.005894
19 59 0.016304
19 60 0.011029
19 61 0.023256
19 62 0.006593
19 63 0.030928
19 64 0.007194
19 65 0.007143
19 66 0.006438
19 67 0.052632
19 68 0.013158
19 69 0.013699
19 70 0.008772
19 71 0.012448
19 72 0.008547
19 73 0.009091
19 74 0.015306
19 75 0.017857
19 76 0.007371
19 77 0.007673
19 78 0.007246
19 79 0.007444
19 80 0.007712
19 81 0.008596
19 82 0.005597
19 83 0.007732
19 84 0.008451
19 85 0.017751
19 86 0.009036
19 87 0.014019
19 88 0.011673
19 89 0.006438
19 90 0.025000
19 91 0.007282
19 92 0.022727
19 93 0.006342
19 94 0.011070
19 95 0.006263
19 96 0.008242
19 97 0.029412
19 98 0.012048
19 99 0.009317
20 21 0.009868
20 22 0.066667
20 23 0.016129
20 24 0.032258
20 25 0.015306
20 26 0.076923
20 27 0.016484
20 28 0.008197
20 29 0.011538
20 30 0.015544
20 31 0.013043
20 32 0.010949
20 33 0.010676
20 34 0.010949
20 35 0.014423
20 36 0.021277
20 37 0.015075
20 38 0.016854
20 39 0.011765
20 40 0.024390
20 41 0.010638
20 42 0.029412
20 43 0.011236
20 44 0.054545
20 45 0.032967
20 46 0.013636
20 47 0.011905
20 48 0.024590
20 49 0.024793
20 50 0.012097
20 51 0.011765
20 52 0.023810
20 53 0.028302
20 54 0.018868
20 55 0.012000
20 56 0.010135
20 57 0.019868
20 58 0.010526
20 59 0.014925
20 60 0.009259
20 61 0.011673
20 62 0.036145
20 63 0.008499
20 64 0.046154
20 65 0.034091
20 66 0.026549
20 67 0.007732
20 68 0.015707
20 69 0.009404
20 70 0.028302
20 71 0.012712
20 72 0.015075
20 73 0.014354
20 74 0.011494
20 75 0.013825
20 76 0.014085
20 77 0.016216
20 78 0.028037
20 79 0.014851
20 80 0.028302
20 81 0.007634
20 82 0.016667
20 83 0.024000
20 84 0.010274
20 85 0.012397
20 86 0.034483
20 87 0.015075
20 88 0.012987
20 89 0.016949
20 90 0.010204
20 91 0.013825
20 92 0.011719
20 93 0.025424
20 94 0.016216
20 95 0.012097
20 96 0.008929
20 97 0.009646
20 98 0.020690
20 99 0.017143
21 22 0.009740
21 23 0.007653
21 24 0.010830
21 25 0.008475
21 26 0.008746
21 27 0.006250
21 28 0.031250
21 29 0.024590
21 30 0.010563
21 31 0.006303
21 32 0.009494
21 33 0.012712
21 34 0.060000
21 35 0.022222
21 36 0.018182
21 37 0.011407
21 38 0.006369
21 39 0.006122
21 40 0.007692
21 41 0.021583
21 42 0.014019
21 43 0.062500
21 44 0.009317
21 45 0.008499
21 46 0.007937
21 47 0.007500
21 48 0.015873
21 49 0.008310
21 50 0.018072
21 51 0.060000
21 52 0.006977
21 53 0.008357
21 54 0.014706
21 55 0.005703
21 56 0.006912
21 57 0.019355
21 58 0.006356
21 59 0.027027
21 60 0.010791
21 61 0.040000
21 62 0.008130
21 63 0.021898
21 64 0.008696
21 65 0.008499
21 66 0.007937
21 67 0.035714
21 68 0.016575
21 69 0.013043
21 70 0.010676
21 71 0.020270
21 72 0.011673
21 73 0.012712
21 74 0.028571
21 75 0.030303
21 76 0.008152
21 77 0.008646
21 78 0.008547
21 79 0.008287
21 80 0.009146
21 81 0.008219
21 82 0.006410
21 83 0.010169
21 84 0.008772
21 85 0.040000
21 86 0.011278
21 87 0.024590
21 88 0.018293
21 89 0.008043
21 90 0.103448
21 91 0.009434
21 92 0.036585
21 93 0.007426
21 94 0.016949
21 95 0.007792
21 96 0.008287
21 97 0.028037
21 98 0.018519
21 99 0.013158
22 23 0.020979
22 24 0.052632
22 25 0.019737
22 26 0.049180
22 27 0.015000
22 28 0.007916
22 29 0.012146
22 30 0.012821
22 31 0.011236
22 32 0.009494
22 33 0.009494
22 34 0.011029
22 35 0.015228
22 36 0.020690
22 37 0.012605
22 38 0.015000
22 39 0.010239
22 40 0.032967
22 41 0.009804
22 42 0.031579
22 43 0.010909
22 44 0.187500
22 45 0.022556
22 46 0.011321
22 47 0.010101
22 48 0.025210
22 49 0.018405
22 50 0.010909
22 51 0.011538
22 52 0.022556
22 53 0.020270
22 54 0.015789
22 55 0.010753
22 56 0.008798
22 57 0.019481
22 58 0.009146
22 59 0.014085
22 60 0.008310
22 61 0.011070
22 62 0.049180
22 63 0.008043
22 64 0.028846
22 65 0.023256
22 66 0.037975
22 67 0.007673
22 68 0.013699
22 69 0.008523
22 70 0.020134
22 71 0.013699
22 72 0.018405
22 73 0.016949
22 74 0.012000
22 75 0.013043
22 76 0.011673
22 77 0.013043
22 78 0.020000
22 79 0.012146
22 80 0.020000
22 81 0.006928
22 82 0.014563
22 83 0.036145
22 84 0.008955
22 85 0.012500
22 86 0.023622
22 87 0.015464
22 88 0.014151
22 89 0.022556
22 90 0.010204
22 91 0.017143
22 92 0.011111
22 93 0.020000
22 94 0.018072
22 95 0.014706
22 96 0.007937
22 97 0.009119
22 98 0.020408
22 99 0.020690
23 24 0.023438
23 25 0.053571
23 26 0.016393
23 27 0.011152
23 28 0.006276
23 29 0.010239
23 30 0.007979
23 31 0.007937
23 32 0.006550
23 33 0.006637
23 34 0.008671
23 35 0.011583
23 36 0.011952
23 37 0.007916
23 38 0.010676
23 39 0.007389
23 40 0.034483
23 41 0.007042
23 42 0.015152
23 43 0.008065
23 44 0.022901
23 45 0.011407
23 46 0.007463
23 47 0.006912
23 48 0.013575
23 49 0.010169
23 50 0.007463
23 51 0.008571
23 52 0.015075
23 53 0.010791
23 54 0.009231
23 55 0.008197
23 56 0.006289
23 57 0.011719
23 58 0.006593
23 59 0.009346
23 60 0.006012
23 61 0.007979
23 62 0.023622
23 63 0.006186
23 64 0.012876
23 65 0.011583
23 66 0.033708
23 67 0.006424
23 68 0.008571
23 69 0.006186
23 70 0.010309
23 71 0.011538
23 72 0.019737
23 73 0.016949
23 74 0.009868
23 75 0.008902
23 76 0.007576
23 77 0.008130
23 78 0.010601
23 79 0.007792
23 80 0.010417
23 81 0.005226
23 82 0.010204
23 83 0.030303
23 84 0.006289
23 85 0.009464
23 86 0.011152
23 87 0.011070
23 88 0.012195
23 89 0.157895
23 90 0.008108
23 91 0.027273
23 92 0.007937
23 93 0.011583
23 94 0.013825
23 95 0.034884
23 96 0.005769
23 97 0.006803
23 98 0.012146
23 99 0.017751
24 25 0.025641
24 26 0.025641
24 27 0.011765
24 28 0.008427
24 29 0.015000
24 30 0.011450
24 31 0.009317
24 32 0.008798
24 33 0.009202
24 34 0.012712
24 35 0.019608
24 36 0.024000
24 37 0.011494
24 38 0.011719
24 39 0.008646
24 40 0.026087
24 41 0.010033
24 42 0.042254
24 43 0.012000
24 44 0.048387
24 45 0.016304
24 46 0.009804
24 47 0.008850
24 48 0.031579
24 49 0.014085
24 50 0.010909
24 51 0.012987
24 52 0.016129
24 53 0.015075
24 54 0.015000
24 55 0.008955
24 56 0.007833
24 57 0.022901
24 58 0.007958
24 59 0.015385
24 60 0.008000
24 61 0.011905
24 62 0.028571
24 63 0.008357
24 64 0.019108
24 65 0.016575
24 66 0.029126
24 67 0.008380
24 68 0.013453
24 69 0.008380
24 70 0.016484
24 71 0.017647
24 72 0.028037
24 73 0.025000
24 74 0.014563
24 75 0.014151
24 76 0.010067
24 77 0.011111
24 78 0.015075
24 79 0.010417
24 80 0.015385
24 81 0.006608
24 82 0.011450
24 83 0.081081
24 84 0.008264
24 85 0.014634
24 86 0.019231
24 87 0.019108
24 88 0.018750
24 89 0.026549
24 90 0.011583
24 91 0.023810
24 92 0.011858
24 93 0.014563
24 94 0.025424
24 95 0.017964
24 96 0.007407
24 97 0.009524
24 98 0.024590
24 99 0.033333
25 26 0.014706
25 27 0.009646
25 28 0.006772
25 29 0.012146
25 30 0.007958
25 31 0.007353
25 32 0.006565
25 33 0.006803
25 34 0.009804
25 35 0.013636
25 36 0.013158
25 37 0.007958
25 38 0.009375
25 39 0.006881
25 40 0.023438
25 41 0.007426
25 42 0.016667
25 43 0.008850
25 44 0.020690
25 45 0.010601
25 46 0.007212
25 47 0.006696
25 48 0.015152
25 49 0.009554
25 50 0.007792
25 51 0.009524
25 52 0.012552
25 53 0.010067
25 54 0.009524
25 55 0.007407
25 56 0.006098
25 57 0.013043
25 58 0.006276
25 59 0.010204
25 60 0.006122
25 61 0.008646
25 62 0.018987
25 63 0.006565
25 64 0.011858
25 65 0.010753
25 66 0.024000
25 67 0.007042
25 68 0.008929
25 69 0.006383
25 70 0.010169
25 71 0.013953
25 72 0.029126
25 73 0.023622
25 74 0.011538
25 75 0.009677
25 76 0.007353
25 77 0.007895
25 78 0.009967
25 79 0.007557
25 80 0.009934
25 81 0.005263
25 82 0.009063
25 83 0.037500
25 84 0.006263
25 85 0.010714
25 86 0.011111
25 87 0.012712
25 88 0.015000
25 89 0.071429
25 90 0.009091
25 91 0.054545
25 92 0.008596
25 93 0.010417
25 94 0.016854
25 95 0.057692
25 96 0.005758
25 97 0.007264
25 98 0.013575
25 99 0.023622
26 27 0.020690
26 28 0.007444
26 29 0.010101
26 30 0.014286
26 31 0.014423
26 32 0.010345
26 33 0.009772
26 34 0.009585
26 35 0.012245
26 36 0.016760
26 37 0.013699
26 38 0.021127
26 39 0.012821
26 40 0.028037
26 41 0.009494
26 42 0.021583
26 43 0.009836
26 44 0.049180
26 45 0.037037
26 46 0.013575
26 47 0.011905
26 48 0.018750
26 49 0.026786
26 50 0.010714
26 51 0.010204
26 52 0.034091
26 53 0.031250
26 54 0.015789
26 55 0.013699
26 56 0.010169
26 57 0.015873
26 58 0.010949
26 59 0.012605
26 60 0.008621
26 61 0.010169
26 62 0.048387
26 63 0.007732
26 64 0.058824
26 65 0.038961
26 66 0.030000
26 67 0.007026
26 68 0.013514
26 69 0.008646
26 70 0.024000
26 71 0.011070
26 72 0.013393
26 73 0.012658
26 74 0.010067
26 75 0.011765
26 76 0.013953
26 77 0.015873
26 78 0.030000
26 79 0.014706
26 80 0.027523
26 81 0.007299
26 82 0.020408
26 83 0.020979
26 84 0.009804
26 85 0.010714
26 86 0.026786
26 87 0.012658
26 88 0.011278
26 89 0.016854
26 90 0.009009
26 91 0.012876
26 92 0.010239
26 93 0.033333
26 94 0.013636
26 95 0.011765
26 96 0.008571
26 97 0.008646
26 98 0.016304
26 99 0.014706
27 28 0.005660
27 29 0.006803
27 30 0.010714
27 31 0.021898
27 32 0.008696
27 33 0.007634
27 34 0.006608
27 35 0.007712
27 36 0.009404
27 37 0.010033
27 38 0.136364
27 39 0.018182
27 40 0.016216
27 41 0.006977
27 42 0.010601
27 43 0.006834
27 44 0.015544
27 45 0.021898
27 46 0.012658
27 47 0.011628
27 48 0.009901
27 49 0.020270
27 50 0.007712
27 51 0.006961
27 52 0.041096
27 53 0.021583
27 54 0.009934
27 55 0.030303
27 56 0.010381
27 57 0.009091
27 58 0.012658
27 59 0.008065
27 60 0.007109
27 61 0.007059
27 62 0.018987
27 63 0.005941
27 64 0.022059
27 65 0.022059
27 66 0.016043
27 67 0.005319
27 68 0.008955
27 69 0.006865
27 70 0.013699
27 71 0.007229
27 72 0.008380
27 73 0.008021
27 74 0.006787
27 75 0.007752
27 76 0.012658
27 77 0.013333
27 78 0.020000
27 79 0.013043
27 80 0.017143
27 81 0.006479
27 82 0.073171
27 83 0.011029
27 84 0.008571
27 85 0.007109
27 86 0.013453
27 87 0.007895
27 88 0.007317
27 89 0.010949
27 90 0.006342
27 91 0.008475
27 92 0.007109
27 93 0.036145
27 94 0.008264
27 95 0.008475
27 96 0.007653
27 97 0.006410
27 98 0.009231
27 99 0.008721
28 29 0.013761
28 30 0.010239
28 31 0.005964
28 32 0.010033
28 33 0.014286
28 34 0.020548
28 35 0.013274
28 36 0.012766
28 37 0.011111
28 38 0.005792
28 39 0.005871
28 40 0.006438
28 41 0.025862
28 42 0.010417
28 43 0.028037
28 44 0.007634
28 45 0.007576
28 46 0.007772
28 47 0.007463
28 48 0.011364
28 49 0.007576
28 50 0.018868
28 51 0.023256
28 52 0.006135
28 53 0.007519
28 54 0.012931
28 55 0.005348
28 56 0.007009
28 57 0.013216
28 58 0.006276
28 59 0.017964
28 60 0.012605
28 61 0.027523
28 62 0.006834
28 63 0.046875
28 64 0.007595
28 65 0.007557
28 66 0.006623
28 67 0.034884
28 68 0.014925
28 69 0.016129
28 70 0.009464
28 71 0.012346
28 72 0.008571
28 73 0.009091
28 74 0.015000
28 75 0.020000
28 76 0.007958
28 77 0.008287
28 78 0.007712
28 79 0.008043
28 80 0.008242
28 81 0.009494
28 82 0.005859
28 83 0.007895
28 84 0.009317
28 85 0.018072
28 86 0.009709
28 87 0.014423
28 88 0.011583
28 89 0.006522
28 90 0.024000
28 91 0.007299
28 92 0.027027
28 93 0.006667
28 94 0.011236
28 95 0.006276
28 96 0.009063
28 97 0.042857
28 98 0.012712
28 99 0.009434
29 30 0.009375
29 31 0.006356
29 32 0.007979
29 33 0.009585
29 34 0.040541
29 35 0.055556
29 36 0.021898
29 37 0.009836
29 38 0.006865
29 39 0.006110
29 40 0.009615
29 41 0.012931
29 42 0.018868
29 43 0.022556
29 44 0.011673
29 45 0.008982
29 46 0.007444
29 47 0.006944
29 48 0.021127
29 49 0.008523
29 50 0.012552
29 51 0.028037
29 52 0.007916
29 53 0.008696
29 54 0.013043
29 55 0.005929
29 56 0.006356
29 57 0.023622
29 58 0.006085
29 59 0.021429
29 60 0.008287
29 61 0.019108
29 62 0.009901
29 63 0.011811
29 64 0.009464
29 65 0.009036
29 66 0.009967
29 67 0.016484
29 68 0.013393
29 69 0.009346
29 70 0.010638
29 71 0.090909
29 72 0.020548
29 73 0.024590
29 74 0.157895
29 75 0.020833
29 76 0.007634
29 77 0.008174
29 78 0.008850
29 79 0.007792
29 80 0.009346
29 81 0.006637
29 82 0.006834
29 83 0.014634
29 84 0.007463
29 85 0.044118
29 86 0.011628
29 87 0.041096
29 88 0.062500
29 89 0.010949
29 90 0.031915
29 91 0.014634
29 92 0.018405
29 93 0.007979
29 94 0.036145
29 95 0.011029
29 96 0.006944
29 97 0.013889
29 98 0.023622
29 99 0.024000
30 31 0.013953
30 32 0.036585
30 33 0.026087
30 34 0.010490
30 35 0.010909
30 36 0.015544
30 37 0.125000
30 38 0.011450
30 39 0.013636
30 40 0.009554
30 41 0.016854
30 42 0.014085
30 43 0.012658
30 44 0.012146
30 45 0.019868
30 46 0.031579
30 47 0.025862
30 48 0.014423
30 49 0.022556
30 50 0.022388
30 51 0.012195
30 52 0.011070
30 53 0.020690
30 54 0.032967
30 55 0.010676
30 56 0.019608
30 57 0.014925
30 58 0.015957
30 59 0.016129
30 60 0.020833
30 61 0.014218
30 62 0.011111
30 63 0.012048
30 64 0.017647
30 65 0.019481
30 66 0.009868
30 67 0.008475
30 68 0.028846
30 69 0.018868
30 70 0.034483
30 71 0.009554
30 72 0.008772
30 73 0.008824
30 74 0.009677
30 75 0.015707
30 76 0.035294
30 77 0.042254
30 78 0.022388
30 79 0.037037
30 80 0.027027
30 81 0.014851
30 82 0.012000
30 83 0.010033
30 84 0.029412
30 85 0.011364
30 86 0.027778
30 87 0.012048
30 88 0.009375
30 89 0.008219
30 90 0.010239
30 91 0.007833
30 92 0.014634
30 93 0.014925
30 94 0.010601
30 95 0.006993
30 96 0.020690
30 97 0.013453
30 98 0.014634
30 99 0.009804
31 32 0.011811
31 33 0.009231
31 34 0.006479
31 35 0.007160
31 36 0.008929
31 37 0.012605
31 38 0.025862
31 39 0.100000
31 40 0.010274
31 41 0.007692
31 42 0.009375
31 43 0.006977
31 44 0.011194
31 45 0.021277
31 46 0.022059
31 47 0.020833
31 48 0.009036
31 49 0.024793
31 50 0.008671
31 51 0.006977
31 52 0.016043
31 53 0.023256
31 54 0.010909
31 55 0.040000
31 56 0.018405
31 57 0.008646
31 58 0.029126
31 59 0.008174
31 60 0.008824
31 61 0.007353
31 62 0.011858
31 63 0.006479
31 64 0.018072
31 65 0.020833
31 66 0.010345
31 67 0.005405
31 68 0.009901
31 69 0.008130
31 70 0.015228
31 71 0.006623
31 72 0.007009
31 73 0.006849
31 74 0.006410
31 75 0.007937
31 76 0.021277
31 77 0.020690
31 78 0.022388
31 79 0.021429
31 80 0.019737
31 81 0.008357
31 82 0.030928
31 83 0.008571
31 84 0.011952
31 85 0.006912
31 86 0.013889
31 87 0.007463
31 88 0.006637
31 89 0.007958
31 90 0.006289
31 91 0.006818
31 92 0.007444
31 93 0.024793
31 94 0.007389
31 95 0.006565
31 96 0.010453
31 97 0.006912
31 98 0.008671
31 99 0.007444
32 33 0.032967
32 34 0.009119
32 35 0.008929
32 36 0.011494
32 37 0.036585
32 38 0.009231
32 39 0.012048
32 40 0.007595
32 41 0.016129
32 42 0.010381
32 43 0.011029
32 44 0.009146
32 45 0.013333
32 46 0.025424
32 47 0.025424
32 48 0.010714
32 49 0.014851
32 50 0.019868
32 51 0.010453
32 52 0.008696
32 53 0.013889
32 54 0.019481
32 55 0.009202
32 56 0.022556
32 57 0.011278
32 58 0.015544
32 59 0.012712
32 60 0.034483
32 61 0.012346
32 62 0.008547
32 63 0.012295
32 64 0.012146
32 65 0.013100
32 66 0.007792
32 67 0.008021
32 68 0.019737
32 69 0.023622
32 70 0.017857
32 71 0.008000
32 72 0.007194
32 73 0.007282
32 74 0.008264
32 75 0.012712
32 76 0.026316
32 77 0.024793
32 78 0.014563
32 79 0.025424
32 80 0.016129
32 81 0.024390
32 82 0.009677
32 83 0.007937
32 84 0.111111
32 85 0.009554
32 86 0.015789
32 87 0.009709
32 88 0.007833
32 89 0.006726
32 90 0.009036
32 91 0.006522
32 92 0.012712
32 93 0.011111
32 94 0.008571
32 95 0.005906
32 96 0.046875
32 97 0.012931
32 98 0.011029
32 99 0.007916
33 34 0.011673
33 35 0.010638
33 36 0.013575
33 37 0.031579
33 38 0.007979
33 39 0.009202
33 40 0.007444
33 41 0.030000
33 42 0.011450
33 43 0.015385
33 44 0.009091
33 45 0.011538
33 46 0.015464
33 47 0.014851
33 48 0.012146
33 49 0.012195
33 50 0.040000
33 51 0.013953
33 52 0.007937
33 53 0.011719
33 54 0.023438
33 55 0.007614
33 56 0.013514
33 57 0.013453
33 58 0.010753
33 59 0.017045
33 60 0.058824
33 61 0.018072
33 62 0.008264
33 63 0.019481
33 64 0.010909
33 65 0.011407
33 66 0.007653
33 67 0.010490
33 68 0.028302
33 69 0.066667
33 70 0.016216
33 71 0.009404
33 72 0.007853
33 73 0.008065
33 74 0.010067
33 75 0.017647
33 76 0.016129
33 77 0.016575
33 78 0.012245
33 79 0.016129
33 80 0.013575
33 81 0.021429
33 82 0.008242
33 83 0.008287
33 84 0.026549
33 85 0.012146
33 86 0.015306
33 87 0.011811
33 88 0.009091
33 89 0.006849
33 90 0.011765
33 91 0.006928
33 92 0.018868
33 93 0.009585
33 94 0.009836
33 95 0.006135
33 96 0.023622
33 97 0.020833
33 98 0.012987
33 99 0.008746
34 35 0.034483
34 36 0.022222
34 37 0.011236
34 38 0.006726
34 39 0.006263
34 40 0.008571
34 41 0.017964
34 42 0.016949
34 43 0.046154
34 44 0.010526
34 45 0.009036
34 46 0.007979
34 47 0.007481
34 48 0.019481
34 49 0.008721
34 50 0.016393
34 51 0.069767
34 52 0.007519
34 53 0.008798
34 54 0.015152
34 55 0.005917
34 56 0.006849
34 57 0.024194
34 58 0.006397
34 59 0.030000
34 60 0.009901
34 61 0.032258
34 62 0.009009
34 63 0.016575
34 64 0.009346
34 65 0.009036
34 66 0.008876
34 67 0.024390
34 68 0.016393
34 69 0.011628
34 70 0.011236
34 71 0.030612
34 72 0.014423
34 73 0.016129
34 74 0.053571
34 75 0.031250
34 76 0.008197
34 77 0.008772
34 78 0.009009
34 79 0.008357
34 80 0.009615
34 81 0.007653
34 82 0.006742
34 83 0.011952
34 84 0.008427
34 85 0.090909
34 86 0.012097
34 87 0.037500
34 88 0.026087
34 89 0.009174
34 90 0.120000
34 91 0.011152
34 92 0.030000
34 93 0.007895
34 94 0.023256
34 95 0.008929
34 96 0.007874
34 97 0.020690
34 98 0.023256
34 99 0.016667
35 36 0.034884
35 37 0.011494
35 38 0.007792
35 39 0.006834
35 40 0.011236
35 41 0.014151
35 42 0.028037
35 43 0.024000
35 44 0.014423
35 45 0.010676
35 46 0.008451
35 47 0.007812
35 48 0.033708
35 49 0.010033
35 50 0.014286
35 51 0.030303
35 52 0.009146
35 53 0.010274
35 54 0.016216
35 55 0.006623
35 56 0.007059
35 57 0.038961
35 58 0.006772
35 59 0.028037
35 60 0.009036
35 61 0.021277
35 62 0.011765
35 63 0.012048
35 64 0.011364
35 65 0.010753
35 66 0.011719
35 67 0.014354
35 68 0.016216
35 69 0.010135
35 70 0.012987
35 71 0.076923
35 72 0.024000
35 73 0.028302
35 74 0.055556
35 75 0.025862
35 76 0.008696
35 77 0.009434
35 78 0.010490
35 79 0.008929
35 80 0.011152
35 81 0.007126
35 82 0.007772
35 83 0.018182
35 84 0.008287
35 85 0.049180
35 86 0.014563
35 87 0.103448
35 88 0.062500
35 89 0.012500
35 90 0.027027
35 91 0.016129
35 92 0.020548
35 93 0.009317
35 94 0.069767
35 95 0.011905
35 96 0.007595
35 97 0.014493
35 98 0.040000
35 99 0.031915
36 37 0.016484
36 38 0.009615
36 39 0.008451
36 40 0.012987
36 41 0.016949
36 42 0.054545
36 43 0.023077
36 44 0.018750
36 45 0.014925
36 46 0.011111
36 47 0.010033
36 48 0.096774
36 49 0.013889
36 50 0.018987
36 51 0.025862
36 52 0.011278
36 53 0.014286
36 54 0.028037
36 55 0.008000
36 56 0.008798
36 57 0.272727
36 58 0.008380
36 59 0.042254
36 60 0.011029
36 61 0.023438
36 62 0.014563
36 63 0.012766
36 64 0.016043
36 65 0.015000
36 66 0.013699
36 67 0.012048
36 68 0.025641
36 69 0.012245
36 70 0.020548
36 71 0.024194
36 72 0.018634
36 73 0.019608
36 74 0.022727
36 75 0.034091
36 76 0.011538
36 77 0.012876
36 78 0.014706
36 79 0.011952
36 80 0.016216
36 81 0.008380
36 82 0.009646
36 83 0.019481
36 84 0.010490
36 85 0.029126
36 86 0.024590
36 87 0.045455
36 88 0.023438
36 89 0.012821
36 90 0.019355
36 91 0.014085
36 92 0.023256
36 93 0.012146
36 94 0.033333
36 95 0.010989
36 96 0.009317
36 97 0.015707
36 98 0.250000
36 99 0.024390
37 38 0.010676
37 39 0.012346
37 40 0.009346
37 41 0.019481
37 42 0.014423
37 43 0.013889
37 44 0.011952
37 45 0.017964
37 46 0.025424
37 47 0.021898
37 48 0.015000
37 49 0.019737
37 50 0.027027
37 51 0.013274
37 52 0.010526
37 53 0.018519
37 54 0.039474
37 55 0.009901
37 56 0.017442
37 57 0.015873
37 58 0.014218
37 59 0.017751
37 60 0.023256
37 61 0.015873
37 62 0.010791
37 63 0.013274
37 64 0.016393
37 65 0.017647
37 66 0.009646
37 67 0.009036
37 68 0.035714
37 69 0.021583
37 70 0.031579
37 71 0.010000
37 72 0.008929
37 73 0.009036
37 74 0.010239
37 75 0.017442
37 76 0.027778
37 77 0.031915
37 78 0.020000
37 79 0.028846
37 80 0.023622
37 81 0.015306
37 82 0.011152
37 83 0.010067
37 84 0.028571
37 85 0.012146
37 86 0.026786
37 87 0.012766
37 88 0.009772
37 89 0.008152
37 90 0.010989
37 91 0.007916
37 92 0.016393
37 93 0.013761
37 94 0.011029
37 95 0.007009
37 96 0.020690
37 97 0.015000
37 98 0.015464
37 99 0.010033
38 39 0.020833
38 40 0.015385
38 41 0.007212
38 42 0.010753
38 43 0.006993
38 44 0.015385
38 45 0.024390
38 46 0.013953
38 47 0.012712
38 48 0.010101
38 49 0.023077
38 50 0.008021
38 51 0.007109
38 52 0.036585
38 53 0.024390
38 54 0.010417
38 55 0.034884
38 56 0.011236
38 57 0.009288
38 58 0.013953
38 59 0.008287
38 60 0.007444
38 61 0.007264
38 62 0.018293
38 63 0.006110
38 64 0.023810
38 65 0.024590
38 66 0.015306
38 67 0.005415
38 68 0.009346
38 69 0.007143
38 70 0.014706
38 71 0.007264
38 72 0.008310
38 73 0.007979
38 74 0.006865
38 75 0.007979
38 76 0.013889
38 77 0.014634
38 78 0.022556
38 79 0.014354
38 80 0.018868
38 81 0.006787
38 82 0.157895
38 83 0.010909
38 84 0.009119
38 85 0.007229
38 86 0.014286
38 87 0.008021
38 88 0.007353
38 89 0.010601
38 90 0.006452
38 91 0.008333
38 92 0.007317
38 93 0.043478
38 94 0.008310
38 95 0.008242
38 96 0.008086
38 97 0.006608
38 98 0.009404
38 99 0.008721
39 40 0.009346
39 41 0.007557
39 42 0.008772
39 43 0.006772
39 44 0.010169
39 45 0.018182
39 46 0.022556
39 47 0.022222
39 48 0.008523
39 49 0.021277
39 50 0.008499
39 51 0.006742
39 52 0.013889
39 53 0.019868
39 54 0.010453
39 55 0.032609
39 56 0.020408
39 57 0.008219
39 58 0.037037
39 59 0.007874
39 60 0.008929
39 61 0.007143
39 62 0.010676
39 63 0.006410
39 64 0.015707
39 65 0.017857
39 66 0.009434
39 67 0.005300
39 68 0.009585
39 69 0.008130
39 70 0.014151
39 71 0.006329
39 72 0.006623
39 73 0.006494
39 74 0.006173
39 75 0.007673
39 76 0.021429
39 77 0.020000
39 78 0.019355
39 79 0.021277
39 80 0.017647
39 81 0.008621
39 82 0.023810
39 83 0.007979
39 84 0.012346
39 85 0.006652
39 86 0.012821
39 87 0.007143
39 88 0.006342
39 89 0.007407
39 90 0.006098
39 91 0.006424
39 92 0.007229
39 93 0.020134
39 94 0.007009
39 95 0.006186
39 96 0.010870
39 97 0.006787
39 98 0.008219
39 99 0.007026
40 41 0.007576
40 42 0.016854
40 43 0.008310
40 44 0.039474
40 45 0.016216
40 46 0.009202
40 47 0.008380
40 48 0.014778
40 49 0.013889
40 50 0.008219
40 51 0.008746
40 52 0.026549
40 53 0.015075
40 54 0.010753
40 55 0.010714
40 56 0.007519
40 57 0.012552
40 58 0.008043
40 59 0.010000
40 60 0.006711
40 61 0.008380
40 62 0.065217
40 63 0.006494
40 64 0.019231
40 65 0.016575
40 66 0.230769
40 67 0.006369
40 68 0.009709
40 69 0.006818
40 70 0.013158
40 71 0.010676
40 72 0.015544
40 73 0.014019
40 74 0.009404
40 75 0.009464
40 76 0.009346
40 77 0.010135
40 78 0.014563
40 79 0.009646
40 80 0.013953
40 81 0.005825
40 82 0.014423
40 83 0.027523
40 84 0.007299
40 85 0.009434
40 86 0.014286
40 87 0.011070
40 88 0.011111
40 89 0.033333
40 90 0.008043
40 91 0.017241
40 92 0.008380
40 93 0.017241
40 94 0.013043
40 95 0.017647
40 96 0.006579
40 97 0.007160
40 98 0.013043
40 99 0.015625
41 42 0.013100
41 43 0.029412
41 44 0.009346
41 45 0.010204
41 46 0.011070
41 47 0.010490
41 48 0.014493
41 49 0.010345
41 50 0.068182
41 51 0.023810
41 52 0.007538
41 53 0.010204
41 54 0.023077
41 55 0.006652
41 56 0.009585
41 57 0.017241
41 58 0.008287
41 59 0.027027
41 60 0.021429
41 61 0.039474
41 62 0.008287
41 63 0.040000
41 64 0.010067
41 65 0.010169
41 66 0.007812
41 67 0.015957
41 68 0.031250
41 69 0.032609
41 70 0.014085
41 71 0.012295
41 72 0.009174
41 73 0.009585
41 74 0.013953
41 75 0.030612
41 76 0.011494
41 77 0.012146
41 78 0.010563
41 79 0.011628
41 80 0.011628
41 81 0.013216
41 82 0.007353
41 83 0.009119
41 84 0.014218
41 85 0.018182
41 86 0.014286
41 87 0.016216
41 88 0.011673
41 89 0.007317
41 90 0.018634
41 91 0.007792
41 92 0.043478
41 93 0.008621
41 94 0.012295
41 95 0.006711
41 96 0.013274
41 97 0.063830
41 98 0.016393
41 99 0.010345
42 43 0.016393
42 44 0.027523
42 45 0.016760
42 46 0.010909
42 47 0.009772
42 48 0.120000
42 49 0.014925
42 50 0.014563
42 51 0.018072
42 52 0.013453
42 53 0.015625
42 54 0.021739
42 55 0.008596
42 56 0.008571
42 57 0.049180
42 58 0.008427
42 59 0.024000
42 60 0.009615
42 61 0.016484
42 62 0.019231
42 63 0.010381
42 64 0.018868
42 65 0.016949
42 66 0.018072
42 67 0.010101
42 68 0.018987
42 69 0.010309
42 70 0.020548
42 71 0.022059
42 72 0.023077
42 73 0.023077
42 74 0.018750
42 75 0.021127
42 76 0.011278
42 77 0.012658
42 78 0.015957
42 79 0.011719
42 80 0.017143
42 81 0.007595
42 82 0.010714
42 83 0.029412
42 84 0.009615
42 85 0.020690
42 86 0.025210
42 87 0.030303
42 88 0.022556
42 89 0.016484
42 90 0.015075
42 91 0.017341
42 92 0.016393
42 93 0.013825
42 94 0.034483
42 95 0.013216
42 96 0.008523
42 97 0.012245
42 98 0.056604
42 99 0.031579
43 44 0.010345
43 45 0.009709
43 46 0.009091
43 47 0.008499
43 48 0.018987
43 49 0.009524
43 50 0.024590
43 51 0.111111
43 52 0.007653
43 53 0.009524
43 54 0.019231
43 55 0.006237
43 56 0.007752
43 57 0.024590
43 58 0.007075
43 59 0.044118
43 60 0.012500
43 61 0.100000
43 62 0.008929
43 63 0.024194
43 64 0.009901
43 65 0.009709
43 66 0.008621
43 67 0.023810
43 68 0.022388
43 69 0.015464
43 70 0.012766
43 71 0.020000
43 72 0.012048
43 73 0.013043
43 74 0.026087
43 75 0.055556
43 76 0.009375
43 77 0.010033
43 78 0.009804
43 79 0.009554
43 80 0.010638
43 81 0.009146
43 82 0.007059
43 83 0.010949
43 84 0.010067
43 85 0.044118
43 86 0.013575
43 87 0.028846
43 88 0.018182
43 89 0.008475
43 90 0.049180
43 91 0.009709
43 92 0.081081
43 93 0.008310
43 94 0.018182
43 95 0.008000
43 96 0.009375
43 97 0.035714
43 98 0.022901
43 99 0.013953
44 45 0.021739
44 46 0.010989
44 47 0.009836
44 48 0.022556
44 49 0.017751
44 50 0.010345
44 51 0.010949
44 52 0.024000
44 53 0.019608
44 54 0.014706
44 55 0.010870
44 56 0.008596
44 57 0.017857
44 58 0.009009
44 59 0.013216
44 60 0.008000
44 61 0.010526
44 62 0.062500
44 63 0.007732
44 64 0.027778
44 65 0.022388
44 66 0.046875
44 67 0.007407
44 68 0.012821
44 69 0.008197
44 70 0.018634
44 71 0.013100
44 72 0.018072
44 73 0.016575
44 74 0.011494
44 75 0.012295
44 76 0.011278
44 77 0.012552
44 78 0.019231
44 79 0.011765
44 80 0.018868
44 81 0.006726
44 82 0.014851
44 83 0.036145
44 84 0.008671
44 85 0.011858
44 86 0.021583
44 87 0.014563
44 88 0.013575
44 89 0.024390
44 90 0.009772
44 91 0.017341
44 92 0.010526
44 93 0.020000
44 94 0.017045
44 95 0.015306
44 96 0.007692
44 97 0.008721
44 98 0.018750
44 99 0.019868
45 46 0.021127
45 47 0.017341
45 48 0.015625
45 49 0.093750
45 50 0.011905
45 51 0.009868
45 52 0.025000
45 53 0.187500
45 54 0.018182
45 55 0.017143
45 56 0.013953
45 57 0.014218
45 58 0.015385
45 59 0.012397
45 60 0.010204
45 61 0.010274
45 62 0.021429
45 63 0.008152
45 64 0.096774
45 65 0.600000
45 66 0.016854
45 67 0.006897
45 68 0.015152
45 69 0.009868
45 70 0.036585
45 71 0.009554
45 72 0.010381
45 73 0.010067
45 74 0.009063
45 75 0.011719
45 76 0.021898
45 77 0.026316
45 78 0.142857
45 79 0.023622
45 80 0.073171
45 81 0.008646
45 82 0.025641
45 83 0.013953
45 84 0.012658
45 85 0.009934
45 86 0.034091
45 87 0.011321
45 88 0.009615
45 89 0.011628
45 90 0.008596
45 91 0.009740
45 92 0.010417
45 93 0.054545
45 94 0.011278
45 95 0.008982
45 96 0.010676
45 97 0.009036
45 98 0.014354
45 99 0.011407
46 47 0.090909
46 48 0.010830
46 49 0.026786
46 50 0.013158
46 51 0.008902
46 52 0.011905
46 53 0.023438
46 54 0.016854
46 55 0.014354
46 56 0.038961
46 57 0.010753
46 58 0.031915
46 59 0.010870
46 60 0.014706
46 61 0.009836
46 62 0.010676
46 63 0.008824
46 64 0.017544
46 65 0.020548
46 66 0.009404
46 67 0.006682
46 68 0.015228
46 69 0.012712
46 70 0.023077
46 71 0.007634
46 72 0.007463
46 73 0.007426
46 74 0.007595
46 75 0.010638
46 76 0.272727
46 77 0.078947
46 78 0.024793
46 79 0.150000
46 80 0.026087
46 81 0.013100
46 82 0.015075
46 83 0.008772
46 84 0.025641
46 85 0.008523
46 86 0.019108
46 87 0.009063
46 88 0.007576
46 89 0.007595
46 90 0.007792
46 91 0.006944
46 92 0.010033
46 93 0.017442
46 94 0.008451
46 95 0.006410
46 96 0.019108
46 97 0.009464
46 98 0.010676
46 99 0.008130
47 48 0.009740
47 49 0.021127
47 50 0.012245
47 51 0.008287
47 52 0.010753
47 53 0.018868
47 54 0.014706
47 55 0.013699
47 56 0.068182
47 57 0.009740
47 58 0.038961
47 59 0.009934
47 60 0.014706
47 61 0.009202
47 62 0.009615
47 63 0.008523
47 64 0.014851
47 65 0.016949
47 66 0.008547
47 67 0.006410
47 68 0.013636
47 69 0.012397
47 70 0.018519
47 71 0.007109
47 72 0.006912
47 73 0.006881
47 74 0.007109
47 75 0.009772
47 76 0.071429
47 77 0.042857
47 78 0.019608
47 79 0.057692
47 80 0.020408
47 81 0.013953
47 82 0.013699
47 83 0.008021
47 84 0.027523
47 85 0.007937
47 86 0.015873
47 87 0.008333
47 88 0.007042
47 89 0.007026
47 90 0.007335
47 91 0.006452
47 92 0.009375
47 93 0.015075
47 94 0.007792
47 95 0.006000
47 96 0.020979
47 97 0.009009
47 98 0.009677
47 99 0.007481
48 49 0.014151
48 50 0.016043
48 51 0.021277
48 52 0.012245
48 53 0.014706
48 54 0.023622
48 55 0.008219
48 56 0.008571
48 57 0.081081
48 58 0.008287
48 59 0.029703
48 60 0.010101
48 61 0.018987
48 62 0.016667
48 63 0.011278
48 64 0.017143
48 65 0.015707
48 66 0.015707
48 67 0.011029
48 68 0.021127
48 69 0.010989
48 70 0.020134
48 71 0.024590
48 72 0.021739
48 73 0.022556
48 74 0.021277
48 75 0.025424
48 76 0.011236
48 77 0.012552
48 78 0.015152
48 79 0.011628
48 80 0.016393
48 81 0.007853
48 82 0.010067
48 83 0.024390
48 84 0.009868
48 85 0.024590
48 86 0.024390
48 87 0.038462
48 88 0.024590
48 89 0.014706
48 90 0.017045
48 91 0.016043
48 92 0.018868
48 93 0.012821
48 94 0.037975
48 95 0.012295
48 96 0.008772
48 97 0.013575
48 98 0.107143
48 99 0.030000
49 50 0.012146
49 51 0.009554
49 52 0.020833
49 53 0.176471
49 54 0.018182
49 55 0.018072
49 56 0.016393
49 57 0.013216
49 58 0.018182
49 59 0.012000
49 60 0.010870
49 61 0.010135
49 62 0.017544
49 63 0.008242
49 64 0.048387
49 65 0.083333
49 66 0.014286
49 67 0.006803
49 68 0.015306
49 69 0.010345
49 70 0.037037
49 71 0.008982
49 72 0.009494
49 73 0.009259
49 74 0.008621
49 75 0.011450
49 76 0.028037
49 77 0.034884
49 78 0.200000
49 79 0.030928
49 80 0.088235
49 81 0.009288
49 82 0.025210
49 83 0.012245
49 84 0.014151
49 85 0.009524
49 86 0.030928
49 87 0.010676
49 88 0.009009
49 89 0.010381
49 90 0.008333
49 91 0.008902
49 92 0.010274
49 93 0.043478
49 94 0.010453
49 95 0.008219
49 96 0.011719
49 97 0.009091
49 98 0.013333
49 99 0.010381
50 51 0.021429
50 52 0.008333
50 53 0.011905
50 54 0.032967
50 55 0.007353
50 56 0.010949
50 57 0.018987
50 58 0.009375
50 59 0.028846
50 60 0.024194
50 61 0.032258
50 62 0.009119
50 63 0.025424
50 64 0.011628
50 65 0.011811
50 66 0.008499
50 67 0.013333
50 68 0.051724
50 69 0.034091
50 70 0.017544
50 71 0.012195
50 72 0.009464
50 73 0.009836
50 74 0.013393
50 75 0.031250
50 76 0.013761
50 77 0.014706
50 78 0.012448
50 79 0.013953
50 80 0.013889
50 81 0.014085
50 82 0.008219
50 83 0.009740
50 84 0.016949
50 85 0.017341
50 86 0.017544
50 87 0.016484
50 88 0.011628
50 89 0.007752
50 90 0.016484
50 91 0.008086
50 92 0.034884
50 93 0.009772
50 94 0.012658
50 95 0.006977
50 96 0.015152
50 97 0.033333
50 98 0.017964
50 99 0.010753
51 52 0.007874
51 53 0.009646
51 54 0.018634
51 55 0.006276
51 56 0.007538
51 57 0.028037
51 58 0.006961
51 59 0.046875
51 60 0.011494
51 61 0.058824
51 62 0.009346
51 63 0.019868
51 64 0.010135
51 65 0.009868
51 66 0.009063
51 67 0.022388
51 68 0.020979
51 69 0.013825
51 70 0.012821
51 71 0.024194
51 72 0.013393
51 73 0.014634
51 74 0.033708
51 75 0.053571
51 76 0.009174
51 77 0.009836
51 78 0.009901
51 79 0.009346
51 80 0.010714
51 81 0.008571
51 82 0.007160
51 83 0.011905
51 84 0.009585
51 85 0.071429
51 86 0.013761
51 87 0.037500
51 88 0.021583
51 89 0.009036
51 90 0.062500
51 91 0.010563
51 92 0.051724
51 93 0.008451
51 94 0.021429
51 95 0.008571
51 96 0.008876
51 97 0.027027
51 98 0.026316
51 99 0.015707
52 53 0.023256
52 54 0.011111
52 55 0.017857
52 56 0.009494
52 57 0.010870
52 58 0.010830
52 59 0.009231
52 60 0.007264
52 61 0.007874
52 62 0.034884
52 63 0.006369
52 64 0.028846
52 65 0.025641
52 66 0.026087
52 67 0.005837
52 68 0.009901
52 69 0.007143
52 70 0.015464
52 71 0.008523
52 72 0.010453
52 73 0.009868
52 74 0.007853
52 75 0.008798
52 76 0.012048
52 77 0.013043
52 78 0.021583
52 79 0.012500
52 80 0.018750
52 81 0.006438
52 82 0.031250
52 83 0.015000
52 84 0.008451
52 85 0.008174
52 86 0.015873
52 87 0.009317
52 88 0.008721
52 89 0.014851
52 90 0.007143
52 91 0.010676
52 92 0.007916
52 93 0.037037
52 94 0.010033
52 95 0.010638
52 96 0.007500
52 97 0.006961
52 98 0.011111
52 99 0.010909
53 54 0.017964
53 55 0.017964
53 56 0.015000
53 57 0.013575
53 58 0.016667
53 59 0.012048
53 60 0.010417
53 61 0.010135
53 62 0.019481
53 63 0.008130
53 64 0.065217
53 65 0.150000
53 66 0.015544
53 67 0.006818
53 68 0.015000
53 69 0.010000
53 70 0.036145
53 71 0.009231
53 72 0.009901
53 73 0.009615
53 74 0.008798
53 75 0.011450
53 76 0.024194
53 77 0.029412
53 78 0.250000
53 79 0.026316
53 80 0.081081
53 81 0.008876
53 82 0.026316
53 83 0.013043
53 84 0.013216
53 85 0.009646
53 86 0.031915
53 87 0.010909
53 88 0.009259
53 89 0.010989
53 90 0.008403
53 91 0.009288
53 92 0.010239
53 93 0.052632
53 94 0.010791
53 95 0.008596
53 96 0.011070
53 97 0.008982
53 98 0.013699
53 99 0.010830
54 55 0.009091
54 56 0.012346
54 57 0.026549
54 58 0.011070
54 59 0.030612
54 60 0.017045
54 61 0.022388
54 62 0.012448
54 63 0.014706
54 64 0.017751
54 65 0.018072
54 66 0.011194
54 67 0.010714
54 68 0.088235
54 69 0.018519
54 70 0.035294
54 71 0.013393
54 72 0.011364
54 73 0.011628
54 74 0.013636
54 75 0.028302
54 76 0.017857
54 77 0.020690
54 78 0.019108
54 79 0.018634
54 80 0.022727
54 81 0.011673
54 82 0.010714
54 83 0.012766
54 84 0.016760
54 85 0.017143
54 86 0.037037
54 87 0.018868
54 88 0.012987
54 89 0.009646
54 90 0.014423
54 91 0.009646
54 92 0.023256
54 93 0.013636
54 94 0.015228
54 95 0.008242
54 96 0.013889
54 97 0.017964
54 98 0.025424
54 99 0.013274
55 56 0.012712
55 57 0.007772
55 58 0.017442
55 59 0.007229
55 60 0.007299
55 61 0.006494
55 62 0.012048
55 63 0.005714
55 64 0.015789
55 65 0.017045
55 66 0.010676
55 67 0.004950
55 68 0.008333
55 69 0.006849
55 70 0.012146
55 71 0.006198
55 72 0.006803
55 73 0.006593
55 74 0.005952
55 75 0.007009
55 76 0.014085
55 77 0.014085
55 78 0.017045
55 79 0.014286
55 80 0.015075
55 81 0.006928
55 82 0.040000
55 83 0.008380
55 84 0.009259
55 85 0.006303
55 86 0.011494
55 87 0.006834
55 88 0.006237
55 89 0.008130
55 90 0.005736
55 91 0.006757
55 92 0.006565
55 93 0.022727
55 94 0.006912
55 95 0.006667
55 96 0.008310
55 97 0.006073
55 98 0.007833
55 99 0.007109
56 57 0.008596
56 58 0.042254
56 59 0.008850
56 60 0.013953
56 61 0.008357
56 62 0.008475
56 63 0.008000
56 64 0.012295
56 65 0.013699
56 66 0.007634
56 67 0.006012
56 68 0.011719
56 69 0.011583
56 70 0.014634
56 71 0.006479
56 72 0.006289
56 73 0.006263
56 74 0.006494
56 75 0.008746
56 76 0.035294
56 77 0.026316
56 78 0.015385
56 79 0.031250
56 80 0.015707
56 81 0.014493
56 82 0.012048
56 83 0.007177
56 84 0.025862
56 85 0.007194
56 86 0.012876
56 87 0.007500
56 88 0.006410
56 89 0.006383
56 90 0.006742
56 91 0.005894
56 92 0.008499
56 93 0.012712
56 94 0.007009
56 95 0.005515
56 96 0.021898
56 97 0.008333
56 98 0.008523
56 99 0.006757
57 58 0.008174
57 59 0.046154
57 60 0.010949
57 61 0.024590
57 62 0.013953
57 63 0.013043
57 64 0.015152
57 65 0.014286
57 66 0.013216
57 67 0.012552
57 68 0.025000
57 69 0.012195
57 70 0.019355
57 71 0.026087
57 72 0.018868
57 73 0.020000
57 74 0.024793
57 75 0.036585
57 76 0.011152
57 77 0.012397
57 78 0.014019
57 79 0.011538
57 80 0.015306
57 81 0.008310
57 82 0.009317
57 83 0.018987
57 84 0.010274
57 85 0.032258
57 86 0.022727
57 87 0.054545
57 88 0.025000
57 89 0.012552
57 90 0.020833
57 91 0.014085
57 92 0.024390
57 93 0.011628
57 94 0.035294
57 95 0.010949
57 96 0.009174
57 97 0.016129
57 98 0.300000
57 99 0.024793
58 59 0.008130
58 60 0.010753
58 61 0.007538
58 62 0.009119
58 63 0.006993
58 64 0.013333
58 65 0.015075
58 66 0.008152
58 67 0.005535
58 68 0.010309
58 69 0.009434
58 70 0.014019
58 71 0.006250
58 72 0.006276
58 73 0.006211
58 74 0.006186
58 75 0.007979
58 76 0.028846
58 77 0.023622
58 78 0.016760
58 79 0.027027
58 80 0.016304
58 81 0.010830
58 82 0.015228
58 83 0.007317
58 84 0.016575
58 85 0.006757
58 86 0.012500
58 87 0.007126
58 88 0.006211
58 89 0.006652
58 90 0.006263
58 91 0.005976
58 92 0.007653
58 93 0.014925
58 94 0.006818
58 95 0.005682
58 96 0.014493
58 97 0.007353
58 98 0.008152
58 99 0.006696
59 60 0.013216
59 61 0.050847
59 62 0.010989
59 63 0.018182
59 64 0.012712
59 65 0.012397
59 66 0.010417
59 67 0.015544
59 68 0.034884
59 69 0.015707
59 70 0.017544
59 71 0.020979
59 72 0.013825
59 73 0.014778
59 74 0.023622
59 75 0.166667
59 76 0.011278
59 77 0.012397
59 78 0.012500
59 79 0.011583
59 80 0.013825
59 81 0.009494
59 82 0.008380
59 83 0.013514
59 84 0.011407
59 85 0.037975
59 86 0.019355
59 87 0.038462
59 88 0.019481
59 89 0.009901
59 90 0.027027
59 91 0.010949
59 92 0.050847
59 93 0.010204
59 94 0.022388
59 95 0.008929
59 96 0.010274
59 97 0.024793
59 98 0.040541
59 99 0.016760
60 61 0.014218
60 62 0.007407
60 63 0.016949
60 64 0.009646
60 65 0.010101
60 66 0.006881
60 67 0.009375
60 68 0.019231
60 69 0.056604
60 70 0.013393
60 71 0.008130
60 72 0.006928
60 73 0.007092
60 74 0.008646
60 75 0.013699
60 76 0.015075
60 77 0.014925
60 78 0.010830
60 79 0.014851
60 80 0.011811
60 81 0.033333
60 82 0.007712
60 83 0.007299
60 84 0.030000
60 85 0.010135
60 86 0.012605
60 87 0.009868
60 88 0.007895
60 89 0.006173
60 90 0.010033
60 91 0.006211
60 92 0.014706
60 93 0.008721
60 94 0.008427
60 95 0.005566
60 96 0.031915
60 97 0.016760
60 98 0.010638
60 99 0.007614
61 62 0.009063
61 63 0.027027
61 64 0.010381
61 65 0.010274
61 66 0.008671
61 67 0.020408
61 68 0.027778
61 69 0.018072
61 70 0.013953
61 71 0.017647
61 72 0.011450
61 73 0.012245
61 74 0.021429
61 75 0.071429
61 76 0.010169
61 77 0.010909
61 78 0.010453
61 79 0.010381
61 80 0.011407
61 81 0.010000
61 82 0.007353
61 83 0.010791
61 84 0.011152
61 85 0.033333
61 86 0.014706
61 87 0.025862
61 88 0.016216
61 89 0.008357
61 90 0.033333
61 91 0.009346
61 92 0.375000
61 93 0.008696
61 94 0.016949
61 95 0.007772
61 96 0.010309
61 97 0.044776
61 98 0.022901
61 99 0.013274
62 63 0.006961
62 64 0.027027
62 65 0.022059
62 66 0.076923
62 67 0.006637
62 68 0.011029
62 69 0.007481
62 70 0.016304
62 71 0.010949
62 72 0.014851
62 73 0.013636
62 74 0.009740
62 75 0.010345
62 76 0.010870
62 77 0.012000
62 78 0.018750
62 79 0.011321
62 80 0.017647
62 81 0.006356
62 82 0.017143
62 83 0.026087
62 84 0.008174
62 85 0.009967
62 86 0.017857
62 87 0.011811
62 88 0.011321
62 89 0.024000
62 90 0.008451
62 91 0.015228
62 92 0.009091
62 93 0.022556
62 94 0.013514
62 95 0.014634
62 96 0.007299
62 97 0.007732
62 98 0.014493
62 99 0.015544
63 64 0.008065
63 65 0.008108
63 66 0.006667
63 67 0.020134
63 68 0.017544
63 69 0.024000
63 70 0.010453
63 71 0.010949
63 72 0.008065
63 73 0.008475
63 74 0.012712
63 75 0.020134
63 76 0.009063
63 77 0.009404
63 78 0.008380
63 79 0.009119
63 80 0.009009
63 81 0.011858
63 82 0.006224
63 83 0.007752
63 84 0.011321
63 85 0.015625
63 86 0.010563
63 87 0.013274
63 88 0.010381
63 89 0.006410
63 90 0.018182
63 91 0.006944
63 92 0.027523
63 93 0.007092
63 94 0.010453
63 95 0.006048
63 96 0.011111
63 97 0.066667
63 98 0.012552
63 99 0.008902
64 65 0.115385
64 66 0.020134
64 67 0.007009
64 68 0.014851
64 69 0.009464
64 70 0.032967
64 71 0.010169
64 72 0.011407
64 73 0.010989
64 74 0.009524
64 75 0.011952
64 76 0.018182
64 77 0.021277
64 78 0.060000
64 79 0.019355
64 80 0.048387
64 81 0.008130
64 82 0.024194
64 83 0.016043
64 84 0.011494
64 85 0.010345
64 86 0.034091
64 87 0.012000
64 88 0.010309
64 89 0.013158
64 90 0.008850
64 91 0.010753
64 92 0.010490
64 93 0.050000
64 94 0.012245
64 95 0.009868
64 96 0.009804
64 97 0.008982
64 98 0.015464
64 99 0.012605
65 66 0.017241
65 67 0.006897
65 68 0.015000
65 69 0.009804
65 70 0.036145
65 71 0.009615
65 72 0.010490
65 73 0.010169
65 74 0.009091
65 75 0.011719
65 76 0.021277
65 77 0.025424
65 78 0.115385
65 79 0.022901
65 80 0.068182
65 81 0.008547
65 82 0.025862
65 83 0.014151
65 84 0.012448
65 85 0.009967
65 86 0.033708
65 87 0.011364
65 88 0.009677
65 89 0.011811
65 90 0.008596
65 91 0.009868
65 92 0.010381
65 93 0.055556
65 94 0.011407
65 95 0.009091
65 96 0.010526
65 97 0.009009
65 98 0.014423
65 99 0.011538
66 67 0.006536
66 68 0.010101
66 69 0.006993
66 70 0.013761
66 71 0.011111
66 72 0.016304
66 73 0.014634
66 74 0.009740
66 75 0.009836
66 76 0.009554
66 77 0.010417
66 78 0.015075
66 79 0.009901
66 80 0.014493
66 81 0.005941
66 82 0.014423
66 83 0.030000
66 84 0.007463
66 85 0.009804
66 86 0.015075
66 87 0.011583
66 88 0.011583
66 89 0.033708
66 90 0.008310
66 91 0.017751
66 92 0.008671
66 93 0.017544
66 94 0.013699
66 95 0.017751
66 96 0.006711
66 97 0.007389
66 98 0.013761
66 99 0.016484
67 68 0.011811
67 69 0.011194
67 70 0.008310
67 71 0.014085
67 72 0.009202
67 73 0.009901
67 74 0.017964
67 75 0.016760
67 76 0.006834
67 77 0.007143
67 78 0.006961
67 79 0.006912
67 80 0.007353
67 81 0.007500
67 82 0.005455
67 83 0.008021
67 84 0.007538
67 85 0.019481
67 86 0.008646
67 87 0.014925
67 88 0.013100
67 89 0.006682
67 90 0.030303
67 91 0.007772
67 92 0.019737
67 93 0.006173
67 94 0.011952
67 95 0.006623
67 96 0.007299
67 97 0.020979
67 98 0.012195
67 99 0.010000
68 69 0.022222
68 70 0.025641
68 71 0.013393
68 72 0.010830
68 73 0.011152
68 74 0.014151
68 75 0.034091
68 76 0.016043
68 77 0.017964
68 78 0.015873
68 79 0.016575
68 80 0.018293
68 81 0.012397
68 82 0.009585
68 83 0.011628
68 84 0.016854
68 85 0.018293
68 86 0.026087
68 87 0.019108
68 88 0.012931
68 89 0.008955
68 90 0.015789
68 91 0.009146
68 92 0.029126
68 93 0.011858
68 94 0.014778
68 95 0.007812
68 96 0.014286
68 97 0.022222
68 98 0.023622
68 99 0.012552
69 70 0.013216
69 71 0.009063
69 72 0.007426
69 73 0.007653
69 74 0.009836
69 75 0.016575
69 76 0.013100
69 77 0.013333
69 78 0.010381
69 79 0.013043
69 80 0.011364
69 81 0.022059
69 82 0.007353
69 83 0.007653
69 84 0.020690
69 85 0.011811
69 86 0.012766
69 87 0.011194
69 88 0.008746
69 89 0.006383
69 90 0.011905
69 91 0.006550
69 92 0.018750
69 93 0.008427
69 94 0.009259
69 95 0.005814
69 96 0.020548
69 97 0.023622
69 98 0.011811
69 99 0.008197
70 71 0.011194
70 72 0.011029
70 73 0.010909
70 74 0.010870
70 75 0.016484
70 76 0.024793
70 77 0.032609
70 78 0.041096
70 79 0.027027
70 80 0.062500
70 81 0.010417
70 82 0.015306
70 83 0.013761
70 84 0.016129
70 85 0.012552
70 86 0.107143
70 87 0.014286
70 88 0.011111
70 89 0.010676
70 90 0.010676
70 91 0.009804
70 92 0.014218
70 93 0.022059
70 94 0.013216
70 95 0.008646
70 96 0.013043
70 97 0.011952
70 98 0.019231
70 99 0.012552
71 72 0.026316
71 73 0.032967
71 74 0.063830
71 75 0.020000
71 76 0.007833
71 77 0.008427
71 78 0.009375
71 79 0.008021
71 80 0.009868
71 81 0.006550
71 82 0.007229
71 83 0.017241
71 84 0.007481
71 85 0.036145
71 86 0.012346
71 87 0.044776
71 88 0.176471
71 89 0.012448
71 90 0.024793
71 91 0.017241
71 92 0.017045
71 93 0.008499
71 94 0.056604
71 95 0.012448
71 96 0.006928
71 97 0.012821
71 98 0.026549
71 99 0.032609
72 73 0.120000
72 74 0.018750
72 75 0.013043
72 76 0.007634
72 77 0.008242
72 78 0.009934
72 79 0.007853
72 80 0.010169
72 81 0.005792
72 82 0.008152
72 83 0.034483
72 84 0.006803
72 85 0.016216
72 86 0.012245
72 87 0.020548
72 88 0.030612
72 89 0.022388
72 90 0.012931
72 91 0.049180
72 92 0.011278
72 93 0.009585
72 94 0.035294
72 95 0.023438
72 96 0.006263
72 97 0.009119
72 98 0.019868
72 99 0.076923
73 74 0.021898
73 75 0.013953
73 76 0.007595
73 77 0.008197
73 78 0.009677
73 79 0.007792
73 80 0.010000
73 81 0.005882
73 82 0.007853
73 83 0.028302
73 84 0.006865
73 85 0.018182
73 86 0.012146
73 87 0.023256
73 88 0.040000
73 89 0.018987
73 90 0.014286
73 91 0.035714
73 92 0.012048
73 93 0.009231
73 94 0.043478
73 95 0.019868
73 96 0.006329
73 97 0.009646
73 98 0.021127
73 99 0.083333
74 75 0.023256
74 76 0.007812
74 77 0.008357
74 78 0.008955
74 79 0.007979
74 80 0.009494
74 81 0.006881
74 82 0.006849
74 83 0.014019
74 84 0.007712
74 85 0.058824
74 86 0.011858
74 87 0.044776
74 88 0.047619
74 89 0.010490
74 90 0.039474
74 91 0.013636
74 92 0.020548
74 93 0.008021
74 94 0.033333
74 95 0.010453
74 96 0.007177
74 97 0.015152
74 98 0.024390
74 99 0.022059
75 76 0.011029
75 77 0.012000
75 78 0.011858
75 79 0.011278
75 80 0.013100
75 81 0.009709
75 82 0.008065
75 83 0.012552
75 84 0.011450
75 85 0.037975
75 86 0.017857
75 87 0.034091
75 88 0.018519
75 89 0.009375
75 90 0.029126
75 91 0.010417
75 92 0.071429
75 93 0.009740
75 94 0.020408
75 95 0.008547
75 96 0.010381
75 97 0.028846
75 98 0.032967
75 99 0.015544
76 77 0.103448
76 78 0.025862
76 79 0.272727
76 80 0.027778
76 81 0.013216
76 82 0.015000
76 83 0.008982
76 84 0.026087
76 85 0.008772
76 86 0.020270
76 87 0.009346
76 88 0.007772
76 89 0.007732
76 90 0.008000
76 91 0.007075
76 92 0.010381
76 93 0.017647
76 94 0.008696
76 95 0.006522
76 96 0.019231
76 97 0.009772
76 98 0.011070
76 99 0.008333
77 78 0.032258
77 79 0.157895
77 80 0.037037
77 81 0.012500
77 82 0.015789
77 83 0.009836
77 84 0.023622
77 85 0.009464
77 86 0.025210
77 87 0.010169
77 88 0.008357
77 89 0.008310
77 90 0.008499
77 91 0.007595
77 92 0.011152
77 93 0.019737
77 94 0.009464
77 95 0.006944
77 96 0.017544
77 97 0.010239
77 98 0.012295
77 99 0.009063
78 79 0.028302
78 80 0.115385
78 81 0.009174
78 82 0.024194
78 83 0.012987
78 84 0.013825
78 85 0.009901
78 86 0.034884
78 87 0.011152
78 88 0.009404
78 89 0.010830
78 90 0.008596
78 91 0.009259
78 92 0.010601
78 93 0.044118
78 94 0.010949
78 95 0.008523
78 96 0.011494
78 97 0.009288
78 98 0.014085
78 99 0.010909
79 80 0.030928
79 81 0.012876
79 82 0.015464
79 83 0.009288
79 84 0.024793
79 85 0.008982
79 86 0.021739
79 87 0.009615
79 88 0.007958
79 89 0.007937
79 90 0.008152
79 91 0.007264
79 92 0.010601
79 93 0.018634
79 94 0.008955
79 95 0.006682
79 96 0.018405
79 97 0.009868
79 98 0.011450
79 99 0.008571
80 81 0.009709
80 82 0.020000
80 83 0.013100
80 84 0.015000
80 85 0.010601
80 86 0.046875
80 87 0.012000
80 88 0.009836
80 89 0.010676
80 90 0.009174
80 91 0.009375
80 92 0.011583
80 93 0.032258
80 94 0.011538
80 95 0.008499
80 96 0.012295
80 97 0.010067
80 98 0.015385
80 99 0.011321
81 82 0.007042
81 83 0.006122
81 84 0.026549
81 85 0.007792
81 86 0.009772
81 87 0.007634
81 88 0.006397
81 89 0.005338
81 90 0.007752
81 91 0.005291
81 92 0.010239
81 93 0.007673
81 94 0.006757
81 95 0.004847
81 96 0.041096
81 97 0.011450
81 98 0.008152
81 99 0.006250
82 83 0.010563
82 84 0.009554
82 85 0.007246
82 86 0.014634
82 87 0.008021
82 88 0.007299
82 89 0.010135
82 90 0.006479
82 91 0.008108
82 92 0.007407
82 93 0.046154
82 94 0.008242
82 95 0.007958
82 96 0.008451
82 97 0.006711
82 98 0.009434
82 99 0.008571
83 84 0.007500
83 85 0.013514
83 86 0.015625
83 87 0.017241
83 88 0.018519
83 89 0.036585
83 90 0.010909
83 91 0.032258
83 92 0.010753
83 93 0.012931
83 94 0.024000
83 95 0.022901
83 96 0.006787
83 97 0.008746
83 98 0.020270
83 99 0.035714
84 85 0.008824
84 86 0.014354
84 87 0.008955
84 88 0.007335
84 89 0.006438
84 90 0.008380
84 91 0.006211
84 92 0.011450
84 93 0.010753
84 94 0.008000
84 95 0.005660
84 96 0.066667
84 97 0.011719
84 98 0.010101
84 99 0.007426
85 86 0.013699
85 87 0.062500
85 88 0.030612
85 89 0.010033
85 90 0.054545
85 91 0.012195
85 92 0.031250
85 93 0.008596
85 94 0.029126
85 95 0.009585
85 96 0.008152
85 97 0.019737
85 98 0.030928
85 99 0.019481
86 87 0.016043
86 88 0.012295
86 89 0.011673
86 90 0.011407
86 91 0.010714
86 92 0.014925
86 93 0.021127
86 94 0.014925
86 95 0.009317
86 96 0.011858
86 97 0.012195
86 98 0.022727
86 99 0.014151
87 88 0.039474
87 89 0.011858
87 90 0.029126
87 91 0.014563
87 92 0.025000
87 93 0.009677
87 94 0.048387
87 95 0.011029
87 96 0.008174
87 97 0.016393
87 98 0.052632
87 99 0.026786
88 89 0.013216
88 90 0.021898
88 91 0.018987
88 92 0.015789
88 93 0.008596
88 94 0.063830
88 95 0.013333
88 96 0.006787
88 97 0.012097
88 98 0.025862
88 99 0.037975
89 90 0.008547
89 91 0.031579
89 92 0.008333
89 93 0.011673
89 94 0.015075
89 95 0.037037
89 96 0.005882
89 97 0.007075
89 98 0.013043
89 99 0.020000
90 91 0.010239
90 92 0.030928
90 93 0.007538
90 94 0.019608
90 95 0.008333
90 96 0.007895
90 97 0.022556
90 98 0.020000
90 99 0.014706
91 92 0.009231
91 93 0.009346
91 94 0.020690
91 95 0.044118
91 96 0.005725
91 97 0.007732
91 98 0.014634
91 99 0.031250
92 93 0.008772
92 94 0.016575
92 95 0.007712
92 96 0.010563
92 97 0.046875
92 98 0.022727
92 99 0.013043
93 94 0.009934
93 95 0.008902
93 96 0.009317
93 97 0.007772
93 98 0.011811
93 99 0.010274
94 95 0.014218
94 96 0.007299
94 97 0.012295
94 98 0.037975
94 99 0.057692
95 96 0.005245
95 97 0.006623
95 98 0.011321
95 99 0.018634
96 97 0.011194
96 98 0.009009
96 99 0.006787
97 98 0.015385
97 99 0.010239
98 99 0.026549
