100 4950
0 1 0.344086
0 2 0.526882
0 3 0.883871
0 4 0.391398
0 5 0.787097
0 6 0.374194
0 7 0.470968
0 8 0.922581
0 9 0.279570
0 10 0.365591
0 11 0.806452
0 12 0.866667
0 13 0.423656
0 14 0.445161
0 15 0.576344
0 16 0.359140
0 17 0.834409
0 18 0.675269
0 19 0.262366
0 20 0.933333
0 21 0.679570
0 22 0.120430
0 23 0.421505
0 24 0.935484
0 25 0.395699
0 26 0.967742
0 27 0.623656
0 28 0.939785
0 29 0.954839
0 30 0.402151
0 31 0.354839
0 32 0.948387
0 33 0.997849
0 34 0.866667
0 35 0.550538
0 36 0.481720
0 37 0.997849
0 38 0.180645
0 39 0.767742
0 40 0.729032
0 41 0.509677
0 42 0.361290
0 43 0.658065
0 44 0.468817
0 45 0.965591
0 46 0.868817
0 47 0.412903
0 48 0.610753
0 49 0.873118
0 50 0.750538
0 51 0.647312
0 52 0.470968
0 53 0.956989
0 54 0.483871
0 55 0.354839
0 56 0.963441
0 57 0.597849
0 58 0.113978
0 59 0.511828
0 60 0.578495
0 61 0.933333
0 62 0.376344
0 63 0.681720
0 64 0.821505
0 65 0.638710
0 66 0.722581
0 67 0.397849
0 68 0.746237
0 69 0.533333
0 70 0.217204
0 71 0.584946
0 72 0.946237
0 73 0.937634
0 74 0.739785
0 75 0.823656
0 76 0.705376
0 77 0.356989
0 78 0.972043
0 79 0.404301
0 80 0.447312
0 81 0.701075
0 82 0.744086
0 83 0.621505
0 84 0.612903
0 85 0.896774
0 86 0.559140
0 87 0.266667
0 88 0.113978
0 89 0.653763
0 90 0.627957
0 91 0.763441
0 92 0.524731
0 93 0.632258
0 94 0.019355
0 95 0.382796
0 96 0.182796
0 97 0.309677
0 98 0.612903
0 99 0.698925
1 2 0.550562
1 3 0.705056
1 4 0.264045
1 5 0.682584
1 6 0.707865
1 7 0.716292
1 8 0.834270
1 9 0.390449
1 10 0.578652
1 11 0.707865
1 12 0.679775
1 13 0.561798
1 14 0.132022
1 15 0.705056
1 16 0.213483
1 17 0.688202
1 18 0.603933
1 19 0.401685
1 20 0.806180
1 21 0.789326
1 22 0.584270
1 23 0.365169
1 24 0.853933
1 25 0.539326
1 26 0.873596
1 27 0.744382
1 28 0.873596
1 29 0.797753
1 30 0.081461
1 31 0.500000
1 32 0.912921
1 33 0.997191
1 34 0.710674
1 35 0.511236
1 36 0.331461
1 37 0.856742
1 38 0.224719
1 39 0.564607
1 40 0.601124
1 41 0.544944
1 42 0.564607
1 43 0.735955
1 44 0.331461
1 45 0.896067
1 46 0.797753
1 47 0.227528
1 48 0.345506
1 49 0.724719
1 50 0.528090
1 51 0.483146
1 52 0.168539
1 53 0.806180
1 54 0.542135
1 55 0.278090
1 56 0.814607
1 57 0.584270
1 58 0.592697
1 59 0.497191
1 60 0.306180
1 61 0.783708
1 62 0.370787
1 63 0.553371
1 64 0.660112
1 65 0.741573
1 66 0.497191
1 67 0.567416
1 68 0.522472
1 69 0.353933
1 70 0.311798
1 71 0.789326
1 72 0.873596
1 73 0.828652
1 74 0.758427
1 75 0.623596
1 76 0.696629
1 77 0.494382
1 78 0.828652
1 79 0.415730
1 80 0.620787
1 81 0.466292
1 82 0.573034
1 83 0.592697
1 84 0.376404
1 85 0.800562
1 86 0.719101
1 87 0.266854
1 88 0.300562
1 89 0.617978
1 90 0.367978
1 91 0.550562
1 92 0.617978
1 93 0.806180
1 94 0.463483
1 95 0.092697
1 96 0.542135
1 97 0.516854
1 98 0.452247
1 99 0.617978
2 3 0.631776
2 4 0.543925
2 5 0.785047
2 6 0.758879
2 7 0.228037
2 8 0.859813
2 9 0.585047
2 10 0.706542
2 11 0.319626
2 12 0.607477
2 13 0.136449
2 14 0.364486
2 15 0.117757
2 16 0.224299
2 17 0.416822
2 18 0.177570
2 19 0.231776
2 20 0.497196
2 21 0.157009
2 22 0.560748
2 23 0.609346
2 24 0.437383
2 25 0.699065
2 26 0.867290
2 27 0.132710
2 28 0.895327
2 29 0.695327
2 30 0.398131
2 31 0.667290
2 32 0.936449
2 33 0.998131
2 34 0.734579
2 35 0.706542
2 36 0.175701
2 37 0.642991
2 38 0.355140
2 39 0.454206
2 40 0.730841
2 41 0.727103
2 42 0.699065
2 43 0.123364
2 44 0.586916
2 45 0.900935
2 46 0.355140
2 47 0.222430
2 48 0.442991
2 49 0.753271
2 50 0.545794
2 51 0.259813
2 52 0.416822
2 53 0.600000
2 54 0.721495
2 55 0.188785
2 56 0.732710
2 57 0.755140
2 58 0.549533
2 59 0.697196
2 60 0.405607
2 61 0.549533
2 62 0.603738
2 63 0.710280
2 64 0.717757
2 65 0.125234
2 66 0.456075
2 67 0.170093
2 68 0.553271
2 69 0.588785
2 70 0.272897
2 71 0.200000
2 72 0.893458
2 73 0.474766
2 74 0.186916
2 75 0.594393
2 76 0.162617
2 77 0.166355
2 78 0.601869
2 79 0.635514
2 80 0.158879
2 81 0.454206
2 82 0.351402
2 83 0.758879
2 84 0.549533
2 85 0.841121
2 86 0.145794
2 87 0.512150
2 88 0.420561
2 89 0.775701
2 90 0.441121
2 91 0.592523
2 92 0.771963
2 93 0.186916
2 94 0.452336
2 95 0.314019
2 96 0.603738
2 97 0.657944
2 98 0.229907
2 99 0.203738
3 4 0.575758
3 5 0.430736
3 6 0.997835
3 7 0.974026
3 8 0.404762
3 9 0.757576
3 10 0.867965
3 11 0.502165
3 12 0.028139
3 13 0.841991
3 14 0.445887
3 15 0.867965
3 16 0.601732
3 17 0.348485
3 18 0.590909
3 19 0.798701
3 20 0.348485
3 21 0.863636
3 22 0.987013
3 23 0.621212
3 24 0.493506
3 25 0.807359
3 26 0.367965
3 27 0.867965
3 28 0.461039
3 29 0.075758
3 30 0.484848
3 31 0.800866
3 32 0.536797
3 33 0.612554
3 34 0.225108
3 35 0.610390
3 36 0.549784
3 37 0.186147
3 38 0.714286
3 39 0.216450
3 40 0.409091
3 41 0.703463
3 42 0.857143
3 43 0.811688
3 44 0.534632
3 45 0.439394
3 46 0.547619
3 47 0.551948
3 48 0.277056
3 49 0.253247
3 50 0.134199
3 51 0.439394
3 52 0.415584
3 53 0.188312
3 54 0.729437
3 55 0.645022
3 56 0.119048
3 57 0.636364
3 58 0.995671
3 59 0.647186
3 60 0.313853
3 61 0.240260
3 62 0.668831
3 63 0.435065
3 64 0.255411
3 65 0.844156
3 66 0.203463
3 67 0.867965
3 68 0.140693
3 69 0.454545
3 70 0.753247
3 71 0.965368
3 72 0.448052
3 73 0.409091
3 74 0.731602
3 75 0.060606
3 76 0.688312
3 77 0.820346
3 78 0.212121
3 79 0.681818
3 80 0.885281
3 81 0.212121
3 82 0.361472
3 83 0.612554
3 84 0.311688
3 85 0.400433
3 86 0.902597
3 87 0.683983
3 88 0.774892
3 89 0.597403
3 90 0.261905
3 91 0.142857
3 92 0.772727
3 93 0.941558
3 94 0.900433
3 95 0.519481
3 96 0.928571
3 97 0.844156
3 98 0.467532
3 99 0.571429
4 5 0.481579
4 6 0.513158
4 7 0.889474
4 8 0.650000
4 9 0.221053
4 10 0.360526
4 11 0.878947
4 12 0.692105
4 13 0.757895
4 14 0.305263
4 15 0.905263
4 16 0.450000
4 17 0.818421
4 18 0.805263
4 19 0.578947
4 20 0.915789
4 21 0.989474
4 22 0.550000
4 23 0.094737
4 24 0.994737
4 25 0.297368
4 26 0.710526
4 27 0.944737
4 28 0.668421
4 29 0.773684
4 30 0.228947
4 31 0.278947
4 32 0.681579
4 33 0.747368
4 34 0.605263
4 35 0.234211
4 36 0.555263
4 37 0.892105
4 38 0.352632
4 39 0.660526
4 40 0.410526
4 41 0.263158
4 42 0.347368
4 43 0.939474
4 44 0.092105
4 45 0.702632
4 46 0.963158
4 47 0.460526
4 48 0.421053
4 49 0.605263
4 50 0.544737
4 51 0.668421
4 52 0.263158
4 53 0.857895
4 54 0.265789
4 55 0.502632
4 56 0.763158
4 57 0.302632
4 58 0.573684
4 59 0.215789
4 60 0.413158
4 61 0.860526
4 62 0.121053
4 63 0.352632
4 64 0.542105
4 65 0.942105
4 66 0.581579
4 67 0.755263
4 68 0.531579
4 69 0.178947
4 70 0.481579
4 71 0.973684
4 72 0.676316
4 73 0.952632
4 74 0.957895
4 75 0.626316
4 76 0.900000
4 77 0.684211
4 78 0.884211
4 79 0.155263
4 80 0.807895
4 81 0.550000
4 82 0.726316
4 83 0.318421
4 84 0.323684
4 85 0.615789
4 86 0.913158
4 87 0.157895
4 88 0.352632
4 89 0.347368
4 90 0.450000
4 91 0.528947
4 92 0.336842
4 93 0.997368
4 94 0.502632
4 95 0.331579
4 96 0.444737
4 97 0.326316
4 98 0.647368
4 99 0.815789
5 6 0.646154
5 7 0.957692
5 8 0.126923
5 9 0.488462
5 10 0.530769
5 11 0.742308
5 12 0.394231
5 13 0.848077
5 14 0.436538
5 15 0.926923
5 16 0.600000
5 17 0.636538
5 18 0.759615
5 19 0.744231
5 20 0.669231
5 21 0.961538
5 22 0.750000
5 23 0.340385
5 24 0.778846
5 25 0.467308
5 26 0.184615
5 27 0.944231
5 28 0.134615
5 29 0.396154
5 30 0.417308
5 31 0.480769
5 32 0.155769
5 33 0.217308
5 34 0.194231
5 35 0.253846
5 36 0.626923
5 37 0.548077
5 38 0.598077
5 39 0.492308
5 40 0.055769
5 41 0.336538
5 42 0.523077
5 43 0.917308
5 44 0.284615
5 45 0.161538
5 46 0.798077
5 47 0.582692
5 48 0.371154
5 49 0.175000
5 50 0.338462
5 51 0.623077
5 52 0.380769
5 53 0.548077
5 54 0.367308
5 55 0.648077
5 56 0.351923
5 57 0.246154
5 58 0.767308
5 59 0.296154
5 60 0.403846
5 61 0.586538
5 62 0.388462
5 63 0.094231
5 64 0.155769
5 65 0.932692
5 66 0.438462
5 67 0.855769
5 68 0.323077
5 69 0.232692
5 70 0.678846
5 71 0.996154
5 72 0.140385
5 73 0.715385
5 74 0.888462
5 75 0.353846
5 76 0.846154
5 77 0.803846
5 78 0.569231
5 79 0.376923
5 80 0.888462
5 81 0.421154
5 82 0.605769
5 83 0.217308
5 84 0.244231
5 85 0.103846
5 86 0.942308
5 87 0.467308
5 88 0.609615
5 89 0.190385
5 90 0.384615
5 91 0.284615
5 92 0.384615
5 93 0.998077
5 94 0.721154
5 95 0.498077
5 96 0.659615
5 97 0.534615
5 98 0.628846
5 99 0.753846
6 7 0.707361
6 8 0.723519
6 9 0.206463
6 10 0.109515
6 11 0.903052
6 12 0.822262
6 13 0.660682
6 14 0.526032
6 15 0.788151
6 16 0.542190
6 17 0.888689
6 18 0.820467
6 19 0.522442
6 20 0.962298
6 21 0.868941
6 22 0.249551
6 23 0.314183
6 24 0.998205
6 25 0.166966
6 26 0.775583
6 27 0.825853
6 28 0.718133
6 29 0.874327
6 30 0.472172
6 31 0.163375
6 32 0.698384
6 33 0.718133
6 34 0.737882
6 35 0.366248
6 36 0.642729
6 37 0.958707
6 38 0.389587
6 39 0.793537
6 40 0.570916
6 41 0.289048
6 42 0.116697
6 43 0.845601
6 44 0.384201
6 45 0.748654
6 46 0.960503
6 47 0.574506
6 48 0.631957
6 49 0.732496
6 50 0.721724
6 51 0.759425
6 52 0.517056
6 53 0.935368
6 54 0.260323
6 55 0.558348
6 56 0.861759
6 57 0.378815
6 58 0.274686
6 59 0.324955
6 60 0.622980
6 61 0.933573
6 62 0.272890
6 63 0.529623
6 64 0.692998
6 65 0.834829
6 66 0.743268
6 67 0.642729
6 68 0.712747
6 69 0.454219
6 70 0.468582
6 71 0.800718
6 72 0.727110
6 73 0.980251
6 74 0.897666
6 75 0.777379
6 76 0.863555
6 77 0.605027
6 78 0.951526
6 79 0.265709
6 80 0.684022
6 81 0.721724
6 82 0.818671
6 83 0.405745
6 84 0.569120
6 85 0.700180
6 86 0.775583
6 87 0.281867
6 88 0.324955
6 89 0.434470
6 90 0.651706
6 91 0.709156
6 92 0.258528
6 93 0.836625
6 94 0.326750
6 95 0.508079
6 96 0.159785
6 97 0.127469
6 98 0.737882
6 99 0.834829
7 8 0.895254
7 9 0.538462
7 10 0.628478
7 11 0.479542
7 12 0.715221
7 13 0.098200
7 14 0.448445
7 15 0.139116
7 16 0.306056
7 17 0.564648
7 18 0.353519
7 19 0.193126
7 20 0.636661
7 21 0.217676
7 22 0.430442
7 23 0.602291
7 24 0.579378
7 25 0.638298
7 26 0.911620
7 27 0.173486
7 28 0.923077
7 29 0.792144
7 30 0.459902
7 31 0.607201
7 32 0.949264
7 33 0.998363
7 34 0.803601
7 35 0.698854
7 36 0.320786
7 37 0.759411
7 38 0.338789
7 39 0.587561
7 40 0.767594
7 41 0.697218
7 42 0.623568
7 43 0.227496
7 44 0.603928
7 45 0.932897
7 46 0.504092
7 47 0.330606
7 48 0.549918
7 49 0.816694
7 50 0.651391
7 51 0.423895
7 52 0.494272
7 53 0.721768
7 54 0.684124
7 55 0.265139
7 56 0.821604
7 57 0.741408
7 58 0.412439
7 59 0.682488
7 60 0.515548
7 61 0.679214
7 62 0.584288
7 63 0.741408
7 64 0.782324
7 65 0.194763
7 66 0.581015
7 67 0.086743
7 68 0.654664
7 69 0.623568
7 70 0.253682
7 71 0.096563
7 72 0.921440
7 73 0.615385
7 74 0.327332
7 75 0.698854
7 76 0.322422
7 77 0.129296
7 78 0.725041
7 79 0.610475
7 80 0.065466
7 81 0.576105
7 82 0.505728
7 83 0.751227
7 84 0.620295
7 85 0.877250
7 86 0.106383
7 87 0.492635
7 88 0.371522
7 89 0.770867
7 90 0.551555
7 91 0.685761
7 92 0.723404
7 93 0.145663
7 94 0.346972
7 95 0.391162
7 96 0.499182
7 97 0.584288
7 98 0.396072
7 99 0.378069
8 9 0.568384
8 10 0.609236
8 11 0.714032
8 12 0.349911
8 13 0.868561
8 14 0.484902
8 15 0.928952
8 16 0.639432
8 17 0.602131
8 18 0.751332
8 19 0.781528
8 20 0.616341
8 21 0.952043
8 22 0.808171
8 23 0.431616
8 24 0.730018
8 25 0.550622
8 26 0.058615
8 27 0.941385
8 28 0.046181
8 29 0.325044
8 30 0.477798
8 31 0.561279
8 32 0.110124
8 33 0.168739
8 34 0.147425
8 35 0.353464
8 36 0.650089
8 37 0.476021
8 38 0.655417
8 39 0.472469
8 40 0.161634
8 41 0.428064
8 42 0.602131
8 43 0.911190
8 44 0.376554
8 45 0.039076
8 46 0.760213
8 47 0.616341
8 48 0.397869
8 49 0.124334
8 50 0.332149
8 51 0.621670
8 52 0.435169
8 53 0.484902
8 54 0.456483
8 55 0.683837
8 56 0.273535
8 57 0.342806
8 58 0.824156
8 59 0.392540
8 60 0.431616
8 61 0.531083
8 62 0.476021
8 63 0.202487
8 64 0.140320
8 65 0.928952
8 66 0.431616
8 67 0.877442
8 68 0.319716
8 69 0.321492
8 70 0.724689
8 71 0.998224
8 72 0.035524
8 73 0.664298
8 74 0.870337
8 75 0.323268
8 76 0.831261
8 77 0.831261
8 78 0.504440
8 79 0.467140
8 80 0.905861
8 81 0.420959
8 82 0.589698
8 83 0.314387
8 84 0.298401
8 85 0.023091
8 86 0.948490
8 87 0.545293
8 88 0.673179
8 89 0.289520
8 90 0.404973
8 91 0.278863
8 92 0.470693
8 93 0.994671
8 94 0.776199
8 95 0.547069
8 96 0.726465
8 97 0.612789
8 98 0.632327
8 99 0.740675
9 10 0.151242
9 11 0.882619
9 12 0.781038
9 13 0.654628
9 14 0.401806
9 15 0.803612
9 16 0.449210
9 17 0.857788
9 18 0.790068
9 19 0.480813
9 20 0.950339
9 21 0.891648
9 22 0.311512
9 23 0.173815
9 24 0.997743
9 25 0.137698
9 26 0.778781
9 27 0.844244
9 28 0.729120
9 29 0.853273
9 30 0.334086
9 31 0.097065
9 32 0.724605
9 33 0.769752
9 34 0.704289
9 35 0.293454
9 36 0.568849
9 37 0.948081
9 38 0.284424
9 39 0.738149
9 40 0.516930
9 41 0.239278
9 42 0.139955
9 43 0.857788
9 44 0.250564
9 45 0.762980
9 46 0.957111
9 47 0.480813
9 48 0.534989
9 49 0.702032
9 50 0.654628
9 51 0.702032
9 52 0.388262
9 53 0.916479
9 54 0.214447
9 55 0.480813
9 56 0.844244
9 57 0.336343
9 58 0.336343
9 59 0.248307
9 60 0.521445
9 61 0.911964
9 62 0.117381
9 63 0.465011
9 64 0.650113
9 65 0.848758
9 66 0.672686
9 67 0.638826
9 68 0.643341
9 69 0.336343
9 70 0.399549
9 71 0.839729
9 72 0.738149
9 73 0.972912
9 74 0.902935
9 75 0.726862
9 76 0.855530
9 77 0.584650
9 78 0.936795
9 79 0.135440
9 80 0.690745
9 81 0.645598
9 82 0.769752
9 83 0.365688
9 84 0.467269
9 85 0.693002
9 86 0.796840
9 87 0.097065
9 88 0.230248
9 89 0.399549
9 90 0.559819
9 91 0.643341
9 92 0.259594
9 93 0.873589
9 94 0.316027
9 95 0.386005
9 96 0.200903
9 97 0.101580
9 98 0.677201
9 99 0.805869
10 11 0.899804
10 12 0.783890
10 13 0.687623
10 14 0.477407
10 15 0.819253
10 16 0.522593
10 17 0.874263
10 18 0.821218
10 19 0.534381
10 20 0.950884
10 21 0.901768
10 22 0.302554
10 23 0.223969
10 24 0.998035
10 25 0.062868
10 26 0.730845
10 27 0.858546
10 28 0.669941
10 29 0.838900
10 30 0.416503
10 31 0.060904
10 32 0.652259
10 33 0.677800
10 34 0.687623
10 35 0.280943
10 36 0.626719
10 37 0.935167
10 38 0.369352
10 39 0.762279
10 40 0.504912
10 41 0.202358
10 42 0.009823
10 43 0.872299
10 44 0.302554
10 45 0.703340
10 46 0.964637
10 47 0.552063
10 48 0.583497
10 49 0.681729
10 50 0.675835
10 51 0.742633
10 52 0.459725
10 53 0.911591
10 54 0.170923
10 55 0.548134
10 56 0.823183
10 57 0.300589
10 58 0.330059
10 59 0.237721
10 60 0.575639
10 61 0.913556
10 62 0.180747
10 63 0.459725
10 64 0.638507
10 65 0.864440
10 66 0.705305
10 67 0.669941
10 68 0.664047
10 69 0.379175
10 70 0.467583
10 71 0.846758
10 72 0.679764
10 73 0.974460
10 74 0.917485
10 75 0.734774
10 76 0.876228
10 77 0.624754
10 78 0.931238
10 79 0.170923
10 80 0.717092
10 81 0.679764
10 82 0.799607
10 83 0.330059
10 84 0.504912
10 85 0.648330
10 86 0.811395
10 87 0.216110
10 88 0.310413
10 89 0.361493
10 90 0.605108
10 91 0.658153
10 92 0.178782
10 93 0.880157
10 94 0.351670
10 95 0.469548
10 96 0.188605
10 97 0.051081
10 98 0.721022
10 99 0.834971
11 12 0.442191
11 13 0.492901
11 14 0.440162
11 15 0.440162
11 16 0.421907
11 17 0.148073
11 18 0.154158
11 19 0.551724
11 20 0.208925
11 21 0.393509
11 22 0.874239
11 23 0.748479
11 24 0.127789
11 25 0.896552
11 26 0.797160
11 27 0.419878
11 28 0.866126
11 29 0.523327
11 30 0.503043
11 31 0.872211
11 32 0.926978
11 33 0.997972
11 34 0.651116
11 35 0.815416
11 36 0.306288
11 37 0.407708
11 38 0.602434
11 39 0.275862
11 40 0.738337
11 41 0.872211
11 42 0.920892
11 43 0.350913
11 44 0.689655
11 45 0.855984
11 46 0.064909
11 47 0.375254
11 48 0.401623
11 49 0.675456
11 50 0.436105
11 51 0.162272
11 52 0.476673
11 53 0.361055
11 54 0.880325
11 55 0.425963
11 56 0.580122
11 57 0.862069
11 58 0.868154
11 59 0.823529
11 60 0.381339
11 61 0.294118
11 62 0.766734
11 63 0.734280
11 64 0.655172
11 65 0.391481
11 66 0.322515
11 67 0.529412
11 68 0.450304
11 69 0.651116
11 70 0.559838
11 71 0.533469
11 72 0.855984
11 73 0.172414
11 74 0.239351
11 75 0.456389
11 76 0.212982
11 77 0.513185
11 78 0.354970
11 79 0.797160
11 80 0.519270
11 81 0.338742
11 82 0.141988
11 83 0.851927
11 84 0.543611
11 85 0.803245
11 86 0.482759
11 87 0.705882
11 88 0.679513
11 89 0.855984
11 90 0.383367
11 91 0.496957
11 92 0.933063
11 93 0.490872
11 94 0.760649
11 95 0.446247
11 96 0.882353
11 97 0.884381
11 98 0.186613
11 99 0.123732
12 13 0.830396
12 14 0.433921
12 15 0.854626
12 16 0.588106
12 17 0.325991
12 18 0.570485
12 19 0.788546
12 20 0.330396
12 21 0.850220
12 22 0.986784
12 23 0.625551
12 24 0.475771
12 25 0.817181
12 26 0.398678
12 27 0.852423
12 28 0.491189
12 29 0.103524
12 30 0.475771
12 31 0.808370
12 32 0.568282
12 33 0.643172
12 34 0.248899
12 35 0.623348
12 36 0.530837
12 37 0.180617
12 38 0.709251
12 39 0.189427
12 40 0.427313
12 41 0.715859
12 42 0.867841
12 43 0.797357
12 44 0.539648
12 45 0.471366
12 46 0.528634
12 47 0.537445
12 48 0.262115
12 49 0.279736
12 50 0.123348
12 51 0.418502
12 52 0.407489
12 53 0.174009
12 54 0.740088
12 55 0.632159
12 56 0.151982
12 57 0.651982
12 58 0.997797
12 59 0.656388
12 60 0.299559
12 61 0.222467
12 62 0.674009
12 63 0.451542
12 64 0.277533
12 65 0.830396
12 66 0.180617
12 67 0.856828
12 68 0.132159
12 69 0.458150
12 70 0.744493
12 71 0.953744
12 72 0.477974
12 73 0.389868
12 74 0.713656
12 75 0.055066
12 76 0.669604
12 77 0.808370
12 78 0.200441
12 79 0.689427
12 80 0.874449
12 81 0.189427
12 82 0.339207
12 83 0.627753
12 84 0.310573
12 85 0.429515
12 86 0.889868
12 87 0.685022
12 88 0.770925
12 89 0.614537
12 90 0.246696
12 91 0.145374
12 92 0.786344
12 93 0.929515
12 94 0.898678
12 95 0.506608
12 96 0.931718
12 97 0.852423
12 98 0.447137
12 99 0.550661
13 14 0.387387
13 15 0.127928
13 16 0.230631
13 17 0.522523
13 18 0.300901
13 19 0.140541
13 20 0.603604
13 21 0.216216
13 22 0.446847
13 23 0.574775
13 24 0.551351
13 25 0.632432
13 26 0.895495
13 27 0.167568
13 28 0.909910
13 29 0.763964
13 30 0.403604
13 31 0.600000
13 32 0.942342
13 33 0.998198
13 34 0.774775
13 35 0.679279
13 36 0.243243
13 37 0.731532
13 38 0.295495
13 39 0.538739
13 40 0.740541
13 41 0.684685
13 42 0.623423
13 43 0.207207
13 44 0.571171
13 45 0.920721
13 46 0.473874
13 47 0.255856
13 48 0.495495
13 49 0.790991
13 50 0.607207
13 51 0.362162
13 52 0.439640
13 53 0.690090
13 54 0.673874
13 55 0.187387
13 56 0.794595
13 57 0.727928
13 58 0.430631
13 59 0.663063
13 60 0.457658
13 61 0.645045
13 62 0.560360
13 63 0.713514
13 64 0.753153
13 65 0.183784
13 66 0.531532
13 67 0.032432
13 68 0.610811
13 69 0.587387
13 70 0.201802
13 71 0.149550
13 72 0.909910
13 73 0.585586
13 74 0.300901
13 75 0.659459
13 76 0.284685
13 77 0.055856
13 78 0.693694
13 79 0.590991
13 80 0.037838
13 81 0.524324
13 82 0.454054
13 83 0.736937
13 84 0.576577
13 85 0.861261
13 86 0.113514
13 87 0.463063
13 88 0.344144
13 89 0.754955
13 90 0.497297
13 91 0.645045
13 92 0.718919
13 93 0.176577
13 94 0.344144
13 95 0.326126
13 96 0.506306
13 97 0.581982
13 98 0.331532
13 99 0.327928
14 15 0.747801
14 16 0.255132
14 17 0.592375
14 18 0.563050
14 19 0.504399
14 20 0.712610
14 21 0.812317
14 22 0.747801
14 23 0.445748
14 24 0.777126
14 25 0.659824
14 26 0.829912
14 27 0.780059
14 28 0.850440
14 29 0.703812
14 30 0.090909
14 31 0.627566
14 32 0.903226
14 33 0.997067
14 34 0.642229
14 35 0.563050
14 36 0.304985
14 37 0.756598
14 38 0.363636
14 39 0.451613
14 40 0.580645
14 41 0.630499
14 42 0.700880
14 43 0.750733
14 44 0.375367
14 45 0.865103
14 46 0.733138
14 47 0.222874
14 48 0.225806
14 49 0.662757
14 50 0.422287
14 51 0.401760
14 52 0.085044
14 53 0.703812
14 54 0.636364
14 55 0.325513
14 56 0.727273
14 57 0.639296
14 58 0.756598
14 59 0.565982
14 60 0.181818
14 61 0.680352
14 62 0.469208
14 63 0.542522
14 64 0.598240
14 65 0.765396
14 66 0.381232
14 67 0.648094
14 68 0.419355
14 69 0.354839
14 70 0.425220
14 71 0.853372
14 72 0.847507
14 73 0.739003
14 74 0.741935
14 75 0.521994
14 76 0.674487
14 77 0.571848
14 78 0.727273
14 79 0.513196
14 80 0.692082
14 81 0.348974
14 82 0.478006
14 83 0.636364
14 84 0.307918
14 85 0.768328
14 86 0.771261
14 87 0.398827
14 88 0.451613
14 89 0.653959
14 90 0.249267
14 91 0.457478
14 92 0.715543
14 93 0.856305
14 94 0.618768
14 95 0.105572
14 96 0.700880
14 97 0.653959
14 98 0.381232
14 99 0.568915
15 16 0.293132
15 17 0.463987
15 18 0.239531
15 19 0.247906
15 20 0.532663
15 21 0.083752
15 22 0.536013
15 23 0.633166
15 24 0.460637
15 25 0.698492
15 26 0.882747
15 27 0.036851
15 28 0.907873
15 29 0.726968
15 30 0.453936
15 31 0.668342
15 32 0.943049
15 33 0.998325
15 34 0.765494
15 35 0.725293
15 36 0.262982
15 37 0.673367
15 38 0.383585
15 39 0.509213
15 40 0.758794
15 41 0.737018
15 42 0.693467
15 43 0.088777
15 44 0.619765
15 45 0.912898
15 46 0.381910
15 47 0.299832
15 48 0.504188
15 49 0.782245
15 50 0.596315
15 51 0.333333
15 52 0.475712
15 53 0.633166
15 54 0.730318
15 55 0.254606
15 56 0.762144
15 57 0.768844
15 58 0.519263
15 59 0.713568
15 60 0.470687
15 61 0.586265
15 62 0.623116
15 63 0.737018
15 64 0.750419
15 65 0.056951
15 66 0.514238
15 67 0.144054
15 68 0.603015
15 69 0.626466
15 70 0.299832
15 71 0.078727
15 72 0.906198
15 73 0.505863
15 74 0.192630
15 75 0.639866
15 76 0.192630
15 77 0.170854
15 78 0.634841
15 79 0.651591
15 80 0.108878
15 81 0.512563
15 82 0.410385
15 83 0.773869
15 84 0.596315
15 85 0.859296
15 86 0.035176
15 87 0.536013
15 88 0.433836
15 89 0.790620
15 90 0.502513
15 91 0.638191
15 92 0.773869
15 93 0.060302
15 94 0.440536
15 95 0.378559
15 96 0.589615
15 97 0.654941
15 98 0.309883
15 99 0.262982
16 17 0.523474
16 18 0.361502
16 19 0.213615
16 20 0.631455
16 21 0.481221
16 22 0.523474
16 23 0.481221
16 24 0.629108
16 25 0.605634
16 26 0.868545
16 27 0.441315
16 28 0.884977
16 29 0.734742
16 30 0.227700
16 31 0.568075
16 32 0.924883
16 33 0.997653
16 34 0.715962
16 35 0.605634
16 36 0.133803
16 37 0.732394
16 38 0.206573
16 39 0.474178
16 40 0.664319
16 41 0.631455
16 42 0.612676
16 43 0.436620
16 44 0.457746
16 45 0.896714
16 46 0.558685
16 47 0.058685
16 48 0.361502
16 49 0.734742
16 50 0.516432
16 51 0.314554
16 52 0.269953
16 53 0.683099
16 54 0.626761
16 55 0.056338
16 56 0.762911
16 57 0.669014
16 58 0.518779
16 59 0.593897
16 60 0.314554
16 61 0.645540
16 62 0.478873
16 63 0.629108
16 64 0.683099
16 65 0.438967
16 66 0.441315
16 67 0.314554
16 68 0.518779
16 69 0.467136
16 70 0.176056
16 71 0.483568
16 72 0.882629
16 73 0.631455
16 74 0.471831
16 75 0.591549
16 76 0.422535
16 77 0.253521
16 78 0.697183
16 79 0.518779
16 80 0.349765
16 81 0.424883
16 82 0.422535
16 83 0.676056
16 84 0.450704
16 85 0.819249
16 86 0.422535
16 87 0.370892
16 88 0.298122
16 89 0.697183
16 90 0.368545
16 91 0.556338
16 92 0.690141
16 93 0.495305
16 94 0.394366
16 95 0.124413
16 96 0.535211
16 97 0.565728
16 98 0.276995
16 99 0.382629
17 18 0.304054
17 19 0.680180
17 20 0.103604
17 21 0.587838
17 22 0.997748
17 23 0.774775
17 24 0.166667
17 25 0.954955
17 26 0.736486
17 27 0.608108
17 28 0.819820
17 29 0.416667
17 30 0.522523
17 31 0.932432
17 32 0.894144
17 33 0.972973
17 34 0.576577
17 35 0.826577
17 36 0.387387
17 37 0.288288
17 38 0.686937
17 39 0.168919
17 40 0.702703
17 41 0.900901
17 42 0.990991
17 43 0.538288
17 44 0.698198
17 45 0.806306
17 46 0.204955
17 47 0.443694
17 48 0.353604
17 49 0.605856
17 50 0.349099
17 51 0.207207
17 52 0.475225
17 53 0.238739
17 54 0.916667
17 55 0.522523
17 56 0.481982
17 57 0.871622
17 58 0.995495
17 59 0.844595
17 60 0.346847
17 61 0.166667
17 62 0.804054
17 63 0.707207
17 64 0.587838
17 65 0.578829
17 66 0.234234
17 67 0.689189
17 68 0.367117
17 69 0.639640
17 70 0.668919
17 71 0.729730
17 72 0.808559
17 73 0.114865
17 74 0.425676
17 75 0.355856
17 76 0.389640
17 77 0.659910
17 78 0.234234
17 79 0.833333
17 80 0.689189
17 81 0.259009
17 82 0.096847
17 83 0.858108
17 84 0.502252
17 85 0.752252
17 86 0.668919
17 87 0.761261
17 88 0.770270
17 89 0.855856
17 90 0.331081
17 91 0.414414
17 92 0.972973
17 93 0.689189
17 94 0.878378
17 95 0.486486
17 96 0.984234
17 97 0.957207
17 98 0.247748
17 99 0.274775
18 19 0.399606
18 20 0.344488
18 21 0.251969
18 22 0.728346
18 23 0.673228
18 24 0.271654
18 25 0.801181
18 26 0.826772
18 27 0.265748
18 28 0.875984
18 29 0.598425
18 30 0.431102
18 31 0.771654
18 32 0.929134
18 33 0.998031
18 34 0.683071
18 35 0.755906
18 36 0.192913
18 37 0.515748
18 38 0.476378
18 39 0.340551
18 40 0.726378
18 41 0.799213
18 42 0.812992
18 43 0.204724
18 44 0.629921
18 45 0.874016
18 46 0.188976
18 47 0.269685
18 48 0.395669
18 49 0.704724
18 50 0.472441
18 51 0.141732
18 52 0.425197
18 53 0.468504
18 54 0.801181
18 55 0.293307
18 56 0.645669
18 57 0.805118
18 58 0.720472
18 59 0.757874
18 60 0.364173
18 61 0.409449
18 62 0.683071
18 63 0.714567
18 64 0.675197
18 65 0.240157
18 66 0.362205
18 67 0.364173
18 68 0.484252
18 69 0.608268
18 70 0.419291
18 71 0.374016
18 72 0.870079
18 73 0.314961
18 74 0.131890
18 75 0.509843
18 76 0.088583
18 77 0.350394
18 78 0.468504
18 79 0.714567
18 80 0.354331
18 81 0.370079
18 82 0.210630
18 83 0.803150
18 84 0.529528
18 85 0.816929
18 86 0.320866
18 87 0.606299
18 88 0.551181
18 89 0.812992
18 90 0.385827
18 91 0.527559
18 92 0.854331
18 93 0.334646
18 94 0.614173
18 95 0.358268
18 96 0.750000
18 97 0.775591
18 98 0.133858
18 99 0.027559
19 20 0.698795
19 21 0.387550
19 22 0.353414
19 23 0.500000
19 24 0.672691
19 25 0.552209
19 26 0.909639
19 27 0.339357
19 28 0.911647
19 29 0.811245
19 30 0.343373
19 31 0.514056
19 32 0.939759
19 33 0.997992
19 34 0.787149
19 35 0.620482
19 36 0.261044
19 37 0.805221
19 38 0.178715
19 39 0.584337
19 40 0.716867
19 41 0.616466
19 42 0.540161
19 43 0.369478
19 44 0.506024
19 45 0.927711
19 46 0.596386
19 47 0.228916
19 48 0.489960
19 49 0.799197
19 50 0.622490
19 51 0.421687
19 52 0.395582
19 53 0.763052
19 54 0.602410
19 55 0.144578
19 56 0.835341
19 57 0.672691
19 58 0.339357
19 59 0.598394
19 60 0.449799
19 61 0.722892
19 62 0.477912
19 63 0.682731
19 64 0.753012
19 65 0.351406
19 66 0.560241
19 67 0.140562
19 68 0.624498
19 69 0.536145
19 70 0.074297
19 71 0.319277
19 72 0.913655
19 73 0.690763
19 74 0.449799
19 75 0.688755
19 76 0.421687
19 77 0.092369
19 78 0.771084
19 79 0.512048
19 80 0.186747
19 81 0.546185
19 82 0.522088
19 83 0.684739
19 84 0.552209
19 85 0.859438
19 86 0.285141
19 87 0.365462
19 88 0.226908
19 89 0.708835
19 90 0.497992
19 91 0.654618
19 92 0.652610
19 93 0.353414
19 94 0.236948
19 95 0.271084
19 96 0.409639
19 97 0.491968
19 98 0.385542
19 99 0.431727
20 21 0.607362
20 22 0.997955
20 23 0.775051
20 24 0.143149
20 25 0.944785
20 26 0.676892
20 27 0.631902
20 28 0.762781
20 29 0.364008
20 30 0.558282
20 31 0.926380
20 32 0.832311
20 33 0.903885
20 34 0.537832
20 35 0.811861
20 36 0.445808
20 37 0.212679
20 38 0.717791
20 39 0.204499
20 40 0.678937
20 41 0.885481
20 42 0.979550
20 43 0.564417
20 44 0.703476
20 45 0.746421
20 46 0.220859
20 47 0.496933
20 48 0.388548
20 49 0.566462
20 50 0.353783
20 51 0.282209
20 52 0.509202
20 53 0.173824
20 54 0.901840
20 55 0.568507
20 56 0.427403
20 57 0.850716
20 58 0.997955
20 59 0.834356
20 60 0.390593
20 61 0.106339
20 62 0.807771
20 63 0.689162
20 64 0.558282
20 65 0.603272
20 66 0.267894
20 67 0.717791
20 68 0.370143
20 69 0.644172
20 70 0.703476
20 71 0.746421
20 72 0.750511
20 73 0.057260
20 74 0.451943
20 75 0.339468
20 76 0.427403
20 77 0.691207
20 78 0.161554
20 79 0.832311
20 80 0.715746
20 81 0.292434
20 82 0.182004
20 83 0.834356
20 84 0.513292
20 85 0.703476
20 86 0.691207
20 87 0.775051
20 88 0.791411
20 89 0.832311
20 90 0.366053
20 91 0.408998
20 92 0.950920
20 93 0.703476
20 94 0.891616
20 95 0.531697
20 96 0.981595
20 97 0.950920
20 98 0.319018
20 99 0.329243
21 22 0.598374
21 23 0.666667
21 24 0.401626
21 25 0.741463
21 26 0.873171
21 27 0.043902
21 28 0.905691
21 29 0.700813
21 30 0.482927
21 31 0.713821
21 32 0.943089
21 33 0.998374
21 34 0.756098
21 35 0.752846
21 36 0.282927
21 37 0.632520
21 38 0.439024
21 39 0.487805
21 40 0.767480
21 41 0.770732
21 42 0.739837
21 43 0.037398
21 44 0.648780
21 45 0.907317
21 46 0.323577
21 47 0.330081
21 48 0.507317
21 49 0.773984
21 50 0.586992
21 51 0.317073
21 52 0.497561
21 53 0.595122
21 54 0.765854
21 55 0.300813
21 56 0.738211
21 57 0.795122
21 58 0.583740
21 59 0.744715
21 60 0.476423
21 61 0.544715
21 62 0.661789
21 63 0.749593
21 64 0.746341
21 65 0.030894
21 66 0.500813
21 67 0.221138
21 68 0.595122
21 69 0.647154
21 70 0.362602
21 71 0.131707
21 72 0.902439
21 73 0.452033
21 74 0.128455
21 75 0.622764
21 76 0.143089
21 77 0.242276
21 78 0.593496
21 79 0.691057
21 80 0.188618
21 81 0.502439
21 82 0.383740
21 83 0.798374
21 84 0.606504
21 85 0.856911
21 86 0.110569
21 87 0.580488
21 88 0.492683
21 89 0.811382
21 90 0.502439
21 91 0.629268
21 92 0.808130
21 93 0.084553
21 94 0.505691
21 95 0.411382
21 96 0.645528
21 97 0.702439
21 98 0.299187
21 99 0.227642
22 23 0.414397
22 24 0.955253
22 25 0.344358
22 26 0.931907
22 27 0.665370
22 28 0.894942
22 29 0.949416
22 30 0.451362
22 31 0.311284
22 32 0.892996
22 33 0.931907
22 34 0.850195
22 35 0.521401
22 36 0.544747
22 37 0.998054
22 38 0.266537
22 39 0.791829
22 40 0.708171
22 41 0.468872
22 42 0.299611
22 43 0.700389
22 44 0.472763
22 45 0.920233
22 46 0.894942
22 47 0.480545
22 48 0.642023
22 49 0.852140
22 50 0.764591
22 51 0.694553
22 52 0.511673
22 53 0.963035
22 54 0.441634
22 55 0.431907
22 56 0.951362
22 57 0.558366
22 58 0.027237
22 59 0.482490
22 60 0.616732
22 61 0.943580
22 62 0.367704
22 63 0.663424
22 64 0.807393
22 65 0.678988
22 66 0.749027
22 67 0.455253
22 68 0.758755
22 69 0.538911
22 70 0.307393
22 71 0.620623
22 72 0.900778
22 73 0.955253
22 74 0.778210
22 75 0.830739
22 76 0.747082
22 77 0.426070
22 78 0.978599
22 79 0.385214
22 80 0.500000
22 81 0.727626
22 82 0.778210
22 83 0.583658
22 84 0.626459
22 85 0.859922
22 86 0.601167
22 87 0.289883
22 88 0.196498
22 89 0.612840
22 90 0.659533
22 91 0.770428
22 92 0.466926
22 93 0.665370
22 94 0.112840
22 95 0.445525
22 96 0.112840
22 97 0.258755
22 98 0.663424
22 99 0.741245
23 24 0.997579
23 25 0.208232
23 26 0.651332
23 27 0.951574
23 28 0.595642
23 29 0.755448
23 30 0.297821
23 31 0.200969
23 32 0.595642
23 33 0.648910
23 34 0.576271
23 35 0.147700
23 36 0.598063
23 37 0.878935
23 38 0.389831
23 39 0.680387
23 40 0.368039
23 41 0.154964
23 42 0.266344
23 43 0.949153
23 44 0.094431
23 45 0.631961
23 46 0.970944
23 47 0.510896
23 48 0.457627
23 49 0.571429
23 50 0.556901
23 51 0.699758
23 52 0.324455
23 53 0.852300
23 54 0.157385
23 55 0.547215
23 56 0.738499
23 57 0.208232
23 58 0.542373
23 59 0.118644
23 60 0.457627
23 61 0.861985
23 62 0.060533
23 63 0.312349
23 64 0.515738
23 65 0.951574
23 66 0.607748
23 67 0.767554
23 68 0.544794
23 69 0.188862
23 70 0.513317
23 71 0.973366
23 72 0.605327
23 73 0.953995
23 74 0.968523
23 75 0.629540
23 76 0.915254
23 77 0.704600
23 78 0.876513
23 79 0.067797
23 80 0.818402
23 81 0.576271
23 82 0.748184
23 83 0.227603
23 84 0.346247
23 85 0.556901
23 86 0.917676
23 87 0.176755
23 88 0.370460
23 89 0.261501
23 90 0.484262
23 91 0.535109
23 92 0.222760
23 93 0.997579
23 94 0.496368
23 95 0.392252
23 96 0.401937
23 97 0.259080
23 98 0.682809
23 99 0.837772
24 25 0.968379
24 26 0.784585
24 27 0.519763
24 28 0.863636
24 29 0.488142
24 30 0.584980
24 31 0.946640
24 32 0.926877
24 33 0.998024
24 34 0.646245
24 35 0.867589
24 36 0.416996
24 37 0.345850
24 38 0.701581
24 39 0.294466
24 40 0.762846
24 41 0.930830
24 42 0.996047
24 43 0.450593
24 44 0.752964
24 45 0.847826
24 46 0.094862
24 47 0.482213
24 48 0.454545
24 49 0.671937
24 50 0.452569
24 51 0.264822
24 52 0.549407
24 53 0.308300
24 54 0.940711
24 55 0.535573
24 56 0.549407
24 57 0.909091
24 58 0.966403
24 59 0.881423
24 60 0.442688
24 61 0.241107
24 62 0.837945
24 63 0.766798
24 64 0.660079
24 65 0.490119
24 66 0.351779
24 67 0.640316
24 68 0.468379
24 69 0.703557
24 70 0.667984
24 71 0.634387
24 72 0.851779
24 73 0.083004
24 74 0.332016
24 75 0.452569
24 76 0.316206
24 77 0.624506
24 78 0.294466
24 79 0.865613
24 80 0.628458
24 81 0.373518
24 82 0.201581
24 83 0.897233
24 84 0.586957
24 85 0.804348
24 86 0.584980
24 87 0.788538
24 88 0.778656
24 89 0.897233
24 90 0.432806
24 91 0.509881
24 92 0.992095
24 93 0.586957
24 94 0.859684
24 95 0.539526
24 96 0.972332
24 97 0.964427
24 98 0.294466
24 99 0.245059
25 26 0.712185
25 27 0.915966
25 28 0.647059
25 29 0.836134
25 30 0.407563
25 31 0.037815
25 32 0.630252
25 33 0.657563
25 34 0.670168
25 35 0.233193
25 36 0.647059
25 37 0.945378
25 38 0.394958
25 39 0.766807
25 40 0.470588
25 41 0.149160
25 42 0.060924
25 43 0.924370
25 44 0.262605
25 45 0.682773
25 46 0.997899
25 47 0.567227
25 48 0.573529
25 49 0.661765
25 50 0.665966
25 51 0.760504
25 52 0.447479
25 53 0.920168
25 54 0.115546
25 55 0.573529
25 56 0.817227
25 57 0.254202
25 58 0.399160
25 59 0.184874
25 60 0.569328
25 61 0.924370
25 62 0.140756
25 63 0.422269
25 64 0.615546
25 65 0.920168
25 66 0.703782
25 67 0.724790
25 68 0.653361
25 69 0.342437
25 70 0.502101
25 71 0.911765
25 72 0.657563
25 73 0.997899
25 74 0.964286
25 75 0.726891
25 76 0.920168
25 77 0.674370
25 78 0.941176
25 79 0.121849
25 80 0.773109
25 81 0.676471
25 82 0.815126
25 83 0.285714
25 84 0.481092
25 85 0.623950
25 86 0.871849
25 87 0.210084
25 88 0.340336
25 89 0.319328
25 90 0.596639
25 91 0.644958
25 92 0.132353
25 93 0.943277
25 94 0.405462
25 95 0.472689
25 96 0.250000
25 97 0.090336
25 98 0.739496
25 99 0.865546
26 27 0.936731
26 28 0.094903
26 29 0.281195
26 30 0.495606
26 31 0.606327
26 32 0.156415
26 33 0.209139
26 34 0.128295
26 35 0.400703
26 36 0.650264
26 37 0.430580
26 38 0.678383
26 39 0.451670
26 40 0.203866
26 41 0.478032
26 42 0.646749
26 43 0.903339
26 44 0.414763
26 45 0.065026
26 46 0.734622
26 47 0.623902
26 48 0.397188
26 49 0.107206
26 50 0.316344
26 51 0.609842
26 52 0.449912
26 53 0.444640
26 54 0.506151
26 55 0.692443
26 56 0.228471
26 57 0.395431
26 58 0.857645
26 59 0.441125
26 60 0.432337
26 61 0.493849
26 62 0.516696
26 63 0.244288
26 64 0.138840
26 65 0.922671
26 66 0.416520
26 67 0.885764
26 68 0.305800
26 69 0.355009
26 70 0.741652
26 71 0.998243
26 72 0.080844
26 73 0.630931
26 74 0.855888
26 75 0.297012
26 76 0.818981
26 77 0.841828
26 78 0.463972
26 79 0.511424
26 80 0.910369
26 81 0.407733
26 82 0.569420
26 83 0.367311
26 84 0.312830
26 85 0.077329
26 86 0.947276
26 87 0.579965
26 88 0.701230
26 89 0.342707
26 90 0.400703
26 91 0.265378
26 92 0.520211
26 93 0.991213
26 94 0.804921
26 95 0.560633
26 96 0.764499
26 97 0.655536
26 98 0.622144
26 99 0.727592
27 28 0.907591
27 29 0.716172
27 30 0.466997
27 31 0.689769
27 32 0.943894
27 33 0.998350
27 34 0.762376
27 35 0.737624
27 36 0.270627
27 37 0.655116
27 38 0.409241
27 39 0.498350
27 40 0.762376
27 41 0.752475
27 42 0.714521
27 43 0.057756
27 44 0.633663
27 45 0.910891
27 46 0.354785
27 47 0.313531
27 48 0.506601
27 49 0.778878
27 50 0.592409
27 51 0.325083
27 52 0.485149
27 53 0.617162
27 54 0.745875
27 55 0.275578
27 56 0.752475
27 57 0.782178
27 58 0.549505
27 59 0.727723
27 60 0.473597
27 61 0.567657
27 62 0.641914
27 63 0.744224
27 64 0.749175
27 65 0.023102
27 66 0.508251
27 67 0.178218
27 68 0.599010
27 69 0.635314
27 70 0.328383
27 71 0.095710
27 72 0.904290
27 73 0.481848
27 74 0.161716
27 75 0.632013
27 76 0.168317
27 77 0.202970
27 78 0.615512
27 79 0.669967
27 80 0.145215
27 81 0.508251
27 82 0.397690
27 83 0.785479
27 84 0.600660
27 85 0.858086
27 86 0.067657
27 87 0.556106
27 88 0.460396
27 89 0.800330
27 90 0.501650
27 91 0.633663
27 92 0.790429
27 93 0.057756
27 94 0.470297
27 95 0.392739
27 96 0.615512
27 97 0.676568
27 98 0.303630
27 99 0.244224
28 29 0.359725
28 30 0.487091
28 31 0.543890
28 32 0.061962
28 33 0.118761
28 34 0.187608
28 35 0.340792
28 36 0.662651
28 37 0.506024
28 38 0.654045
28 39 0.500861
28 40 0.168675
28 41 0.409639
28 42 0.580034
28 43 0.919105
28 44 0.376936
28 45 0.032702
28 46 0.779690
28 47 0.628227
28 48 0.421687
28 49 0.165232
28 50 0.363167
28 51 0.641997
28 52 0.449225
28 53 0.514630
28 54 0.437177
28 55 0.690189
28 56 0.309811
28 57 0.323580
28 58 0.808950
28 59 0.378657
28 60 0.452668
28 61 0.559380
28 62 0.466437
28 63 0.206540
28 64 0.177281
28 65 0.934596
28 66 0.459552
28 67 0.877797
28 68 0.351119
28 69 0.328744
28 70 0.724613
28 71 0.998279
28 72 0.013769
28 73 0.688468
28 74 0.882960
28 75 0.356282
28 76 0.845095
28 77 0.833046
28 78 0.533563
28 79 0.456110
28 80 0.907057
28 81 0.449225
28 82 0.612737
28 83 0.297762
28 84 0.320138
28 85 0.051635
28 86 0.950086
28 87 0.538726
28 88 0.667814
28 89 0.270224
28 90 0.428571
28 91 0.311532
28 92 0.445783
28 93 0.996558
28 94 0.765921
28 95 0.557659
28 96 0.709122
28 97 0.593804
28 98 0.650602
28 99 0.757315
29 30 0.520243
29 31 0.801619
29 32 0.495951
29 33 0.562753
29 34 0.212551
29 35 0.611336
29 36 0.582996
29 37 0.172065
29 38 0.736842
29 39 0.265182
29 40 0.406883
29 41 0.700405
29 42 0.854251
29 43 0.823887
29 44 0.552632
29 45 0.396761
29 46 0.558704
29 47 0.587045
29 48 0.327935
29 49 0.236842
29 50 0.192308
29 51 0.477733
29 52 0.455466
29 53 0.192308
29 54 0.726721
29 55 0.674089
29 56 0.062753
29 57 0.631579
29 58 0.997976
29 59 0.647773
29 60 0.364372
29 61 0.255061
29 62 0.678138
29 63 0.437247
29 64 0.253036
29 65 0.856275
29 66 0.261134
29 67 0.882591
29 68 0.196356
29 69 0.473684
29 70 0.775304
29 71 0.971660
29 72 0.408907
29 73 0.417004
29 74 0.742915
29 75 0.123482
29 76 0.704453
29 77 0.838057
29 78 0.210526
29 79 0.688259
29 80 0.898785
29 81 0.269231
29 82 0.398785
29 83 0.605263
29 84 0.346154
29 85 0.370445
29 86 0.910931
29 87 0.700405
29 88 0.791498
29 89 0.589069
29 90 0.315789
29 91 0.188259
29 92 0.763158
29 93 0.947368
29 94 0.910931
29 95 0.554656
29 96 0.929150
29 97 0.844130
29 98 0.504049
29 99 0.595142
30 31 0.554545
30 32 0.906061
30 33 0.996970
30 34 0.678788
30 35 0.506061
30 36 0.384848
30 37 0.854545
30 38 0.330303
30 39 0.548485
30 40 0.566667
30 41 0.563636
30 42 0.630303
30 43 0.836364
30 44 0.312121
30 45 0.881818
30 46 0.848485
30 47 0.281818
30 48 0.296970
30 49 0.693939
30 50 0.487879
30 51 0.509091
30 52 0.096970
30 53 0.806061
30 54 0.569697
30 55 0.363636
30 56 0.793939
30 57 0.584848
30 58 0.715152
30 59 0.503030
30 60 0.260606
30 61 0.787879
30 62 0.393939
30 63 0.521212
30 64 0.624242
30 65 0.848485
30 66 0.469697
30 67 0.690909
30 68 0.481818
30 69 0.309091
30 70 0.424242
30 71 0.918182
30 72 0.860606
30 73 0.857576
30 74 0.845455
30 75 0.593939
30 76 0.775758
30 77 0.609091
30 78 0.830303
30 79 0.439394
30 80 0.742424
30 81 0.436364
30 82 0.587879
30 83 0.587879
30 84 0.318182
30 85 0.778788
30 86 0.839394
30 87 0.321212
30 88 0.403030
30 89 0.612121
30 90 0.324242
30 91 0.509091
30 92 0.651515
30 93 0.930303
30 94 0.581818
30 95 0.133333
30 96 0.639394
30 97 0.584848
30 98 0.481818
30 99 0.675758
31 32 0.665236
31 33 0.697425
31 34 0.686695
31 35 0.253219
31 36 0.628755
31 37 0.952790
31 38 0.364807
31 39 0.763948
31 40 0.491416
31 41 0.175966
31 42 0.055794
31 43 0.907725
31 44 0.263948
31 45 0.712446
31 46 0.991416
31 47 0.547210
31 48 0.568670
31 49 0.682403
31 50 0.669528
31 51 0.748927
31 52 0.435622
31 53 0.927039
31 54 0.143777
31 55 0.549356
31 56 0.832618
31 57 0.281116
31 58 0.371245
31 59 0.206009
31 60 0.562232
31 61 0.929185
31 62 0.128755
31 63 0.442060
31 64 0.633047
31 65 0.901288
31 66 0.701717
31 67 0.699571
31 68 0.656652
31 69 0.345494
31 70 0.474249
31 71 0.890558
31 72 0.688841
31 73 0.997854
31 74 0.950644
31 75 0.733906
31 76 0.905579
31 77 0.648069
31 78 0.948498
31 79 0.120172
31 80 0.748927
31 81 0.675966
31 82 0.809013
31 83 0.313305
31 84 0.484979
31 85 0.652361
31 86 0.851931
31 87 0.180258
31 88 0.309013
31 89 0.347639
31 90 0.592275
31 91 0.652361
31 92 0.171674
31 93 0.924893
31 94 0.373391
31 95 0.452790
31 96 0.221030
31 97 0.062232
31 98 0.727468
31 99 0.854077
32 33 0.058236
32 34 0.239601
32 35 0.319468
32 36 0.677205
32 37 0.549085
32 38 0.648918
32 39 0.537438
32 40 0.184692
32 41 0.381032
32 42 0.547421
32 43 0.926789
32 44 0.372712
32 45 0.086522
32 46 0.805324
32 47 0.640599
32 48 0.449251
32 49 0.217970
32 50 0.402662
32 51 0.665557
32 52 0.464226
32 53 0.557404
32 54 0.407654
32 55 0.697171
32 56 0.359401
32 57 0.297837
32 58 0.782030
32 59 0.356073
32 60 0.479201
32 61 0.599002
32 62 0.449251
32 63 0.212978
32 64 0.224626
32 65 0.941764
32 66 0.495840
32 67 0.876872
32 68 0.391015
32 69 0.332779
32 70 0.722130
32 71 0.998336
32 72 0.071547
32 73 0.720466
32 74 0.898502
32 75 0.400998
32 76 0.860233
32 77 0.831947
32 78 0.574043
32 79 0.434276
32 80 0.905158
32 81 0.482529
32 82 0.642263
32 83 0.272879
32 84 0.344426
32 85 0.103161
32 86 0.951747
32 87 0.527454
32 88 0.655574
32 89 0.246256
32 90 0.459235
32 91 0.352745
32 92 0.409318
32 93 0.998336
32 94 0.748752
32 95 0.567388
32 96 0.680532
32 97 0.564060
32 98 0.672213
32 99 0.778702
33 34 0.282780
33 35 0.331754
33 36 0.695103
33 37 0.573460
33 38 0.658768
33 39 0.565561
33 40 0.224329
33 41 0.383886
33 42 0.540284
33 43 0.933649
33 44 0.393365
33 45 0.129542
33 46 0.821485
33 47 0.658768
33 48 0.481833
33 49 0.260664
33 50 0.437599
33 51 0.687204
33 52 0.491311
33 53 0.582938
33 54 0.407583
33 55 0.710900
33 56 0.393365
33 57 0.304897
33 58 0.774092
33 59 0.364929
33 60 0.508689
33 61 0.622433
33 62 0.458136
33 63 0.248025
33 64 0.268562
33 65 0.946288
33 66 0.526066
33 67 0.879937
33 68 0.426540
33 69 0.361769
33 70 0.729858
33 71 0.996840
33 72 0.120063
33 73 0.740916
33 74 0.906793
33 75 0.436019
33 76 0.872038
33 77 0.837283
33 78 0.600316
33 79 0.442338
33 80 0.908373
33 81 0.515008
33 82 0.666667
33 83 0.282780
33 84 0.379147
33 85 0.153239
33 86 0.954186
33 87 0.537125
33 88 0.661927
33 89 0.257504
33 90 0.491311
33 91 0.391785
33 92 0.404423
33 93 0.998420
33 94 0.747235
33 95 0.587678
33 96 0.672986
33 97 0.559242
33 98 0.693523
33 99 0.794629
34 35 0.426000
34 36 0.600000
34 37 0.374000
34 38 0.664000
34 39 0.368000
34 40 0.204000
34 41 0.518000
34 42 0.692000
34 43 0.884000
34 44 0.400000
34 45 0.204000
34 46 0.692000
34 47 0.576000
34 48 0.312000
34 49 0.026000
34 50 0.214000
34 51 0.548000
34 52 0.390000
34 53 0.382000
34 54 0.546000
34 55 0.658000
34 56 0.162000
34 57 0.436000
34 58 0.890000
34 59 0.468000
34 60 0.352000
34 61 0.430000
34 62 0.526000
34 63 0.242000
34 64 0.050000
34 65 0.908000
34 66 0.328000
34 67 0.876000
34 68 0.202000
34 69 0.324000
34 70 0.726000
34 71 0.998000
34 72 0.208000
34 73 0.580000
34 74 0.828000
34 75 0.196000
34 76 0.786000
34 77 0.828000
34 78 0.404000
34 79 0.528000
34 80 0.902000
34 81 0.318000
34 82 0.502000
34 83 0.408000
34 84 0.238000
34 85 0.162000
34 86 0.940000
34 87 0.576000
34 88 0.700000
34 89 0.388000
34 90 0.314000
34 91 0.156000
34 92 0.574000
34 93 0.986000
34 94 0.820000
34 95 0.512000
34 96 0.798000
34 97 0.692000
34 98 0.564000
34 99 0.680000
35 36 0.626866
35 37 0.778252
35 38 0.473348
35 39 0.633262
35 40 0.243070
35 41 0.095949
35 42 0.298507
35 43 0.944563
35 44 0.136461
35 45 0.456290
35 46 0.925373
35 47 0.554371
35 48 0.445629
35 49 0.443497
35 50 0.498934
35 51 0.692964
35 52 0.360341
35 53 0.761194
35 54 0.125800
35 55 0.597015
35 56 0.616205
35 57 0.055437
35 58 0.594883
35 59 0.046908
35 60 0.456290
35 61 0.780384
35 62 0.170576
35 63 0.196162
35 64 0.400853
35 65 0.950959
35 66 0.567164
35 67 0.801706
35 68 0.484009
35 69 0.174840
35 70 0.579957
35 71 0.980810
35 72 0.430704
35 73 0.886994
35 74 0.950959
35 75 0.550107
35 76 0.901919
35 77 0.746269
35 78 0.784648
35 79 0.147122
35 80 0.846482
35 81 0.541578
35 82 0.718550
35 83 0.070362
35 84 0.313433
35 85 0.396588
35 86 0.929638
35 87 0.285714
35 88 0.458422
35 89 0.100213
35 90 0.469083
35 91 0.462687
35 92 0.159915
35 93 0.997868
35 94 0.565032
35 95 0.447761
35 96 0.460554
35 97 0.313433
35 98 0.682303
35 99 0.823028
36 37 0.704370
36 38 0.375321
36 39 0.426735
36 40 0.766067
36 41 0.799486
36 42 0.809769
36 43 0.390746
36 44 0.591260
36 45 0.997429
36 46 0.462725
36 47 0.097686
36 48 0.370180
36 49 0.796915
36 50 0.521851
36 51 0.205656
36 52 0.339332
36 53 0.647815
36 54 0.799486
36 55 0.154242
36 56 0.786632
36 57 0.822622
36 58 0.712082
36 59 0.753213
36 60 0.318766
36 61 0.593830
36 62 0.642674
36 63 0.737789
36 64 0.748072
36 65 0.408740
36 66 0.408740
36 67 0.377892
36 68 0.529563
36 69 0.578406
36 70 0.326478
36 71 0.508997
36 72 0.984576
36 73 0.555270
36 74 0.390746
36 75 0.593830
36 76 0.334190
36 77 0.329049
36 78 0.658098
36 79 0.683805
36 80 0.398458
36 81 0.401028
36 82 0.331620
36 83 0.822622
36 84 0.514139
36 85 0.915167
36 86 0.434447
36 87 0.537275
36 88 0.475578
36 89 0.840617
36 90 0.370180
36 91 0.578406
36 92 0.868895
36 93 0.496144
36 94 0.575835
36 95 0.218509
36 96 0.732648
36 97 0.758355
36 98 0.161954
36 99 0.272494
37 38 0.735010
37 39 0.212766
37 40 0.533849
37 41 0.787234
37 42 0.911025
37 43 0.709865
37 44 0.626692
37 45 0.545455
37 46 0.410058
37 47 0.555126
37 48 0.355899
37 49 0.386847
37 50 0.257253
37 51 0.396518
37 52 0.487427
37 53 0.044487
37 54 0.806576
37 55 0.636364
37 56 0.224371
37 57 0.733075
37 58 0.998066
37 59 0.735010
37 60 0.379110
37 61 0.106383
37 62 0.742747
37 63 0.555126
37 64 0.394584
37 65 0.742747
37 66 0.247582
37 67 0.812379
37 68 0.268859
37 69 0.558994
37 70 0.748549
37 71 0.868472
37 72 0.555126
37 73 0.255319
37 74 0.615087
37 75 0.206963
37 76 0.584139
37 77 0.777563
37 78 0.048356
37 79 0.758221
37 80 0.820116
37 81 0.266925
37 82 0.301741
37 83 0.711799
37 84 0.427466
37 85 0.518375
37 86 0.812379
37 87 0.740812
37 88 0.796905
37 89 0.700193
37 90 0.338491
37 91 0.286267
37 92 0.849130
37 93 0.835590
37 94 0.905222
37 95 0.553191
37 96 0.953578
37 97 0.895551
37 98 0.429400
37 99 0.481625
38 39 0.698210
38 40 0.718670
38 41 0.557545
38 42 0.473146
38 43 0.654731
38 44 0.429668
38 45 0.997442
38 46 0.836317
38 47 0.283887
38 48 0.516624
38 49 0.859335
38 50 0.685422
38 51 0.562660
38 52 0.358056
38 53 0.923274
38 54 0.539642
38 55 0.240409
38 56 0.946292
38 57 0.631714
38 58 0.350384
38 59 0.534527
38 60 0.475703
38 61 0.892583
38 62 0.381074
38 63 0.670077
38 64 0.797954
38 65 0.641944
38 66 0.644501
38 67 0.406650
38 68 0.682864
38 69 0.485934
38 70 0.132992
38 71 0.631714
38 72 0.976982
38 73 0.905371
38 74 0.721228
38 75 0.772379
38 76 0.672634
38 77 0.340153
38 78 0.941176
38 79 0.424552
38 80 0.462916
38 81 0.618926
38 82 0.672634
38 83 0.649616
38 84 0.542199
38 85 0.913043
38 86 0.580563
38 87 0.237852
38 88 0.097187
38 89 0.682864
38 90 0.537084
38 91 0.708440
38 92 0.603581
38 93 0.667519
38 94 0.222506
38 95 0.237852
38 96 0.355499
38 97 0.414322
38 98 0.524297
38 99 0.641944
39 40 0.578049
39 41 0.814634
39 42 0.934146
39 43 0.673171
39 44 0.597561
39 45 0.697561
39 46 0.392683
39 47 0.431707
39 48 0.221951
39 49 0.480488
39 50 0.195122
39 51 0.256098
39 52 0.375610
39 53 0.217073
39 54 0.831707
39 55 0.531707
39 56 0.378049
39 57 0.773171
39 58 0.997561
39 59 0.751220
39 60 0.231707
39 61 0.190244
39 62 0.724390
39 63 0.585366
39 64 0.456098
39 65 0.709756
39 66 0.075610
39 67 0.763415
39 68 0.214634
39 69 0.524390
39 70 0.675610
39 71 0.853659
39 72 0.697561
39 73 0.290244
39 74 0.580488
39 75 0.214634
39 76 0.531707
39 77 0.717073
39 78 0.231707
39 79 0.751220
39 80 0.775610
39 81 0.104878
39 82 0.165854
39 83 0.753659
39 84 0.368293
39 85 0.636585
39 86 0.782927
39 87 0.697561
39 88 0.746341
39 89 0.751220
39 90 0.195122
39 91 0.268293
39 92 0.892683
39 93 0.821951
39 94 0.878049
39 95 0.436585
39 96 0.958537
39 97 0.904878
39 98 0.290244
39 99 0.400000
40 41 0.323829
40 42 0.513238
40 43 0.916497
40 44 0.246436
40 45 0.224033
40 46 0.800407
40 47 0.558045
40 48 0.342159
40 49 0.193483
40 50 0.323829
40 51 0.608961
40 52 0.344196
40 53 0.556008
40 54 0.354379
40 55 0.625255
40 56 0.370672
40 57 0.236253
40 58 0.759674
40 59 0.276986
40 60 0.372709
40 61 0.592668
40 62 0.362525
40 63 0.046843
40 64 0.158859
40 65 0.930754
40 66 0.423625
40 67 0.845214
40 68 0.307536
40 69 0.187373
40 70 0.657841
40 71 0.995927
40 72 0.203666
40 73 0.723014
40 74 0.887984
40 75 0.348269
40 76 0.841141
40 77 0.792261
40 78 0.580448
40 79 0.354379
40 80 0.879837
40 81 0.403259
40 82 0.596741
40 83 0.205703
40 84 0.203666
40 85 0.158859
40 86 0.938900
40 87 0.439919
40 88 0.588595
40 89 0.185336
40 90 0.356415
40 91 0.268839
40 92 0.378819
40 93 0.997963
40 94 0.706721
40 95 0.468432
40 96 0.647658
40 97 0.521385
40 98 0.613035
40 99 0.745418
41 42 0.210526
41 43 0.957895
41 44 0.189474
41 45 0.536842
41 46 0.972632
41 47 0.578947
41 48 0.511579
41 49 0.534737
41 50 0.576842
41 51 0.738947
41 52 0.408421
41 53 0.837895
41 54 0.033684
41 55 0.608421
41 56 0.703158
41 57 0.105263
41 58 0.532632
41 59 0.054737
41 60 0.517895
41 61 0.852632
41 62 0.143158
41 63 0.288421
41 64 0.490526
41 65 0.960000
41 66 0.637895
41 67 0.791579
41 68 0.564211
41 69 0.250526
41 70 0.568421
41 71 0.974737
41 72 0.511579
41 73 0.947368
41 74 0.976842
41 75 0.631579
41 76 0.930526
41 77 0.736842
41 78 0.858947
41 79 0.109474
41 80 0.837895
41 81 0.610526
41 82 0.774737
41 83 0.136842
41 84 0.393684
41 85 0.482105
41 86 0.928421
41 87 0.263158
41 88 0.427368
41 89 0.170526
41 90 0.534737
41 91 0.545263
41 92 0.067368
41 93 0.997895
41 94 0.517895
41 95 0.475789
41 96 0.389474
41 97 0.233684
41 98 0.726316
41 99 0.861053
42 43 0.896341
42 44 0.302846
42 45 0.719512
42 46 0.987805
42 47 0.560976
42 48 0.593496
42 49 0.697154
42 50 0.689024
42 51 0.758130
42 52 0.465447
42 53 0.932927
42 54 0.170732
42 55 0.558943
42 56 0.841463
42 57 0.304878
42 58 0.341463
42 59 0.237805
42 60 0.585366
42 61 0.934959
42 62 0.176829
42 63 0.465447
42 64 0.652439
42 65 0.886179
42 66 0.719512
42 67 0.686992
42 68 0.676829
42 69 0.382114
42 70 0.475610
42 71 0.869919
42 72 0.695122
42 73 0.997967
42 74 0.939024
42 75 0.750000
42 76 0.898374
42 77 0.640244
42 78 0.953252
42 79 0.166667
42 80 0.735772
42 81 0.693089
42 82 0.817073
42 83 0.335366
42 84 0.512195
42 85 0.662602
42 86 0.833333
42 87 0.213415
42 88 0.315041
42 89 0.367886
42 90 0.615854
42 91 0.670732
42 92 0.180894
42 93 0.904472
42 94 0.359756
42 95 0.475610
42 96 0.195122
42 97 0.048780
42 98 0.735772
42 99 0.853659
43 44 0.707090
43 45 0.998134
43 46 0.335821
43 47 0.341418
43 48 0.539179
43 49 0.843284
43 50 0.628731
43 51 0.320896
43 52 0.529851
43 53 0.639925
43 54 0.845149
43 55 0.313433
43 56 0.804104
43 57 0.875000
43 58 0.656716
43 59 0.819030
43 60 0.503731
43 61 0.583955
43 62 0.727612
43 63 0.819030
43 64 0.811567
43 65 0.037313
43 66 0.529851
43 67 0.246269
43 68 0.638060
43 69 0.703358
43 70 0.391791
43 71 0.175373
43 72 0.990672
43 73 0.481343
43 74 0.115672
43 75 0.669776
43 76 0.126866
43 77 0.264925
43 78 0.638060
43 79 0.759328
43 80 0.214552
43 81 0.531716
43 82 0.395522
43 83 0.878731
43 84 0.652985
43 85 0.940299
43 86 0.138060
43 87 0.636194
43 88 0.541045
43 89 0.891791
43 90 0.531716
43 91 0.679104
43 92 0.895522
43 93 0.128731
43 94 0.563433
43 95 0.432836
43 96 0.720149
43 97 0.779851
43 98 0.298507
43 99 0.218284
44 45 0.567568
44 46 0.916462
44 47 0.481572
44 48 0.378378
44 49 0.488943
44 50 0.469287
44 51 0.646192
44 52 0.260442
44 53 0.771499
44 54 0.235872
44 55 0.535627
44 56 0.651106
44 57 0.221130
44 58 0.619165
44 59 0.162162
44 60 0.383292
44 61 0.781327
44 62 0.154791
44 63 0.243243
44 64 0.432432
44 65 0.938575
44 66 0.525799
44 67 0.778870
44 68 0.454545
44 69 0.093366
44 70 0.530713
44 71 0.980344
44 72 0.542998
44 73 0.884521
44 74 0.936118
44 75 0.540541
44 76 0.882064
44 77 0.712531
44 78 0.796069
44 79 0.164619
44 80 0.828010
44 81 0.496314
44 82 0.683047
44 83 0.226044
44 84 0.255528
44 85 0.488943
44 86 0.918919
44 87 0.230958
44 88 0.417690
44 89 0.250614
44 90 0.405405
44 91 0.444717
44 92 0.297297
44 93 0.997543
44 94 0.555283
44 95 0.358722
44 96 0.491400
44 97 0.358722
44 98 0.631450
44 99 0.791155
45 46 0.765812
45 47 0.632479
45 48 0.420513
45 49 0.152137
45 50 0.353846
45 51 0.634188
45 52 0.456410
45 53 0.494017
45 54 0.463248
45 55 0.695726
45 56 0.285470
45 57 0.352137
45 58 0.825641
45 59 0.403419
45 60 0.452991
45 61 0.538462
45 62 0.488889
45 63 0.225641
45 64 0.170940
45 65 0.931624
45 66 0.451282
45 67 0.882051
45 68 0.341880
45 69 0.343590
45 70 0.735043
45 71 0.998291
45 72 0.020513
45 73 0.670085
45 74 0.875214
45 75 0.341880
45 76 0.837607
45 77 0.837607
45 78 0.511111
45 79 0.478632
45 80 0.909402
45 81 0.441026
45 82 0.601709
45 83 0.324786
45 84 0.324786
45 85 0.056410
45 86 0.950427
45 87 0.557265
45 88 0.682051
45 89 0.299145
45 90 0.425641
45 91 0.302564
45 92 0.473504
45 93 0.994872
45 94 0.781197
45 95 0.564103
45 96 0.729915
45 97 0.617094
45 98 0.644444
45 99 0.750427
46 47 0.437247
46 48 0.463563
46 49 0.726721
46 50 0.489879
46 51 0.228745
46 52 0.540486
46 53 0.386640
46 54 0.943320
46 55 0.481781
46 56 0.617409
46 57 0.925101
46 58 0.925101
46 59 0.888664
46 60 0.445344
46 61 0.317814
46 62 0.831984
46 63 0.793522
46 64 0.706478
46 65 0.406883
46 66 0.376518
46 67 0.568826
46 68 0.504049
46 69 0.714575
46 70 0.615385
46 71 0.552632
46 72 0.906883
46 73 0.168016
46 74 0.242915
46 75 0.502024
46 76 0.228745
46 77 0.556680
46 78 0.376518
46 79 0.860324
46 80 0.554656
46 81 0.394737
46 82 0.202429
46 83 0.914980
46 84 0.603239
46 85 0.856275
46 86 0.506073
46 87 0.769231
46 88 0.740891
46 89 0.919028
46 90 0.445344
46 91 0.550607
46 92 0.997976
46 93 0.504049
46 94 0.815789
46 95 0.510121
46 96 0.943320
46 97 0.947368
46 98 0.251012
46 99 0.165992
47 48 0.367123
47 49 0.810959
47 50 0.542466
47 51 0.298630
47 52 0.287671
47 53 0.728767
47 54 0.750685
47 55 0.117808
47 56 0.832877
47 57 0.783562
47 58 0.673973
47 59 0.704110
47 60 0.312329
47 61 0.682192
47 62 0.580822
47 63 0.715068
47 64 0.756164
47 65 0.509589
47 66 0.449315
47 67 0.410959
47 68 0.547945
47 69 0.534247
47 70 0.276712
47 71 0.589041
47 72 0.997260
47 73 0.668493
47 74 0.517808
47 75 0.630137
47 76 0.460274
47 77 0.345205
47 78 0.742466
47 79 0.627397
47 80 0.446575
47 81 0.432877
47 82 0.421918
47 83 0.789041
47 84 0.490411
47 85 0.923288
47 86 0.512329
47 87 0.468493
47 88 0.410959
47 89 0.810959
47 90 0.372603
47 91 0.594521
47 92 0.824658
47 93 0.591781
47 94 0.528767
47 95 0.134247
47 96 0.682192
47 97 0.701370
47 98 0.257534
47 99 0.394521
48 49 0.481050
48 50 0.195335
48 51 0.381924
48 52 0.195335
48 53 0.492711
48 54 0.728863
48 55 0.513120
48 56 0.501458
48 57 0.670554
48 58 0.973761
48 59 0.635569
48 60 0.058309
48 61 0.486880
48 62 0.600583
48 63 0.478134
48 64 0.428571
48 65 0.871720
48 66 0.177843
48 67 0.827988
48 68 0.195335
48 69 0.367347
48 70 0.644315
48 71 0.997085
48 72 0.705539
48 73 0.603499
48 74 0.784257
48 75 0.291545
48 76 0.717201
48 77 0.758017
48 78 0.518950
48 79 0.632653
48 80 0.862974
48 81 0.142857
48 82 0.379009
48 83 0.653061
48 84 0.201166
48 85 0.626822
48 86 0.912536
48 87 0.580175
48 88 0.673469
48 89 0.655977
48 90 0.032070
48 91 0.241983
48 92 0.801749
48 93 0.982507
48 94 0.842566
48 95 0.326531
48 96 0.900875
48 97 0.819242
48 98 0.387755
48 99 0.577259
49 50 0.233792
49 51 0.559921
49 52 0.394892
49 53 0.400786
49 54 0.526523
49 55 0.660118
49 56 0.180747
49 57 0.416503
49 58 0.876228
49 59 0.449902
49 60 0.365422
49 61 0.449902
49 62 0.514735
49 63 0.227898
49 64 0.047151
49 65 0.911591
49 66 0.345776
49 67 0.876228
49 68 0.222004
49 69 0.318271
49 70 0.724951
49 71 0.998035
49 72 0.176817
49 73 0.595285
49 74 0.836935
49 75 0.218075
49 76 0.793713
49 77 0.827112
49 78 0.422397
49 79 0.514735
49 80 0.903733
49 81 0.335953
49 82 0.518664
49 83 0.387033
49 84 0.243615
49 85 0.133595
49 86 0.941061
49 87 0.567780
49 88 0.693517
49 89 0.365422
49 90 0.328094
49 91 0.176817
49 92 0.554028
49 93 0.988212
49 94 0.811395
49 95 0.516699
49 96 0.783890
49 97 0.673870
49 98 0.575639
49 99 0.691552
50 51 0.417500
50 52 0.322500
50 53 0.307500
50 54 0.712500
50 55 0.602500
50 56 0.262500
50 57 0.625000
50 58 0.992500
50 59 0.620000
50 60 0.215000
50 61 0.335000
50 62 0.627500
50 63 0.410000
50 64 0.267500
50 65 0.875000
50 66 0.140000
50 67 0.867500
50 68 0.020000
50 69 0.390000
50 70 0.720000
50 71 0.997500
50 72 0.517500
50 73 0.490000
50 74 0.767500
50 75 0.085000
50 76 0.715000
50 77 0.810000
50 78 0.335000
50 79 0.647500
50 80 0.892500
50 81 0.130000
50 82 0.362500
50 83 0.600000
50 84 0.220000
50 85 0.452500
50 86 0.925000
50 87 0.637500
50 88 0.737500
50 89 0.590000
50 90 0.155000
50 91 0.072500
50 92 0.767500
50 93 0.977500
50 94 0.885000
50 95 0.447500
50 96 0.917500
50 97 0.827500
50 98 0.440000
50 99 0.582500
51 52 0.410995
51 53 0.476440
51 54 0.926702
51 55 0.369110
51 56 0.678010
51 57 0.913613
51 58 0.929319
51 59 0.861257
51 60 0.303665
51 61 0.408377
51 62 0.780105
51 63 0.769634
51 64 0.709424
51 65 0.486911
51 66 0.293194
51 67 0.565445
51 68 0.452880
51 69 0.643979
51 70 0.541885
51 71 0.641361
51 72 0.965969
51 73 0.353403
51 74 0.366492
51 75 0.489529
51 76 0.308901
51 77 0.526178
51 78 0.481675
51 79 0.819372
51 80 0.573298
51 81 0.301047
51 82 0.133508
51 83 0.905759
51 84 0.523560
51 85 0.895288
51 86 0.565445
51 87 0.701571
51 88 0.678010
51 89 0.913613
51 90 0.324607
51 91 0.510471
51 92 0.997382
51 93 0.607330
51 94 0.790576
51 95 0.366492
51 96 0.934555
51 97 0.931937
51 98 0.047120
51 99 0.175393
52 53 0.732919
52 54 0.614907
52 55 0.431677
52 56 0.714286
52 57 0.599379
52 58 0.832298
52 59 0.534161
52 60 0.183230
52 61 0.720497
52 62 0.453416
52 63 0.484472
52 64 0.552795
52 65 0.900621
52 66 0.394410
52 67 0.773292
52 68 0.394410
52 69 0.288820
52 70 0.521739
52 71 0.993789
52 72 0.810559
52 73 0.813665
52 74 0.866460
52 75 0.509317
52 76 0.795031
52 77 0.692547
52 78 0.760870
52 79 0.493789
52 80 0.822981
52 81 0.357143
52 82 0.543478
52 83 0.593168
52 84 0.242236
52 85 0.726708
52 86 0.906832
52 87 0.409938
52 88 0.512422
52 89 0.611801
52 90 0.239130
52 91 0.422360
52 92 0.698758
52 93 0.996894
52 94 0.695652
52 95 0.195652
52 96 0.748447
52 97 0.670807
52 98 0.468944
52 99 0.673913
53 54 0.819277
53 55 0.616466
53 56 0.253012
53 57 0.746988
53 58 0.997992
53 59 0.744980
53 60 0.359438
53 61 0.068273
53 62 0.746988
53 63 0.568273
53 64 0.411647
53 65 0.724900
53 66 0.220884
53 67 0.797189
53 68 0.261044
53 69 0.560241
53 70 0.736948
53 71 0.853414
53 72 0.588353
53 73 0.228916
53 74 0.592369
53 75 0.204819
53 76 0.560241
53 77 0.763052
53 78 0.022088
53 79 0.763052
53 80 0.805221
53 81 0.242972
53 82 0.267068
53 83 0.726908
53 84 0.423695
53 85 0.546185
53 86 0.797189
53 87 0.738956
53 88 0.791165
53 89 0.716867
53 90 0.319277
53 91 0.285141
53 92 0.863454
53 93 0.821285
53 94 0.901606
53 95 0.536145
53 96 0.957831
53 97 0.901606
53 98 0.399598
53 99 0.453815
54 55 0.607219
54 56 0.736730
54 57 0.140127
54 58 0.507431
54 59 0.082803
54 60 0.535032
54 61 0.878981
54 62 0.133758
54 63 0.322718
54 64 0.524416
54 65 0.961783
54 66 0.660297
54 67 0.785563
54 68 0.590234
54 69 0.273885
54 70 0.558386
54 71 0.970276
54 72 0.549894
54 73 0.970276
54 74 0.985138
54 75 0.660297
54 76 0.938429
54 77 0.730361
54 78 0.887473
54 79 0.097665
54 80 0.832272
54 81 0.632696
54 82 0.791932
54 83 0.171975
54 84 0.416136
54 85 0.520170
54 86 0.925690
54 87 0.248408
54 88 0.411890
54 89 0.205945
54 90 0.554140
54 91 0.573248
54 92 0.057325
54 93 0.997877
54 94 0.498938
54 95 0.479830
54 96 0.363057
54 97 0.203822
54 98 0.736730
54 99 0.872611
55 56 0.863184
55 57 0.763682
55 58 0.542289
55 59 0.681592
55 60 0.388060
55 61 0.716418
55 62 0.552239
55 63 0.726368
55 64 0.783582
55 65 0.415423
55 66 0.514925
55 67 0.273632
55 68 0.604478
55 69 0.554726
55 70 0.164179
55 71 0.452736
55 72 0.997512
55 73 0.686567
55 74 0.467662
55 75 0.679104
55 76 0.420398
55 77 0.208955
55 78 0.776119
55 79 0.594527
55 80 0.310945
55 81 0.500000
55 82 0.470149
55 83 0.771144
55 84 0.537313
55 85 0.927861
55 86 0.390547
55 87 0.430348
55 88 0.328358
55 89 0.793532
55 90 0.445274
55 91 0.644279
55 92 0.776119
55 93 0.467662
55 94 0.410448
55 95 0.191542
55 96 0.579602
55 97 0.629353
55 98 0.305970
55 99 0.395522
56 57 0.590818
56 58 0.988024
56 59 0.614770
56 60 0.381238
56 61 0.311377
56 62 0.656687
56 63 0.399202
56 64 0.207585
56 65 0.888224
56 66 0.295409
56 67 0.902196
56 68 0.209581
56 69 0.451098
56 70 0.784431
56 71 0.998004
56 72 0.345309
56 73 0.473054
56 74 0.784431
56 75 0.147705
56 76 0.744511
56 77 0.856287
56 78 0.269461
56 79 0.662675
56 80 0.920160
56 81 0.299401
56 82 0.445110
56 83 0.564870
56 84 0.333333
56 85 0.311377
56 86 0.940120
56 87 0.686627
56 88 0.786427
56 89 0.546906
56 90 0.333333
56 91 0.185629
56 92 0.726547
56 93 0.976048
56 94 0.906188
56 95 0.566866
56 96 0.912176
56 97 0.820359
56 98 0.540918
56 99 0.636727
57 58 0.602823
57 59 0.078629
57 60 0.477823
57 61 0.772177
57 62 0.205645
57 63 0.193548
57 64 0.389113
57 65 0.951613
57 66 0.576613
57 67 0.810484
57 68 0.487903
57 69 0.209677
57 70 0.600806
57 71 0.979839
57 72 0.391129
57 73 0.879032
57 74 0.949597
57 75 0.546371
57 76 0.905242
57 77 0.758065
57 78 0.772177
57 79 0.179435
57 80 0.852823
57 81 0.552419
57 82 0.723790
57 83 0.030242
57 84 0.332661
57 85 0.364919
57 86 0.931452
57 87 0.318548
57 88 0.481855
57 89 0.062500
57 90 0.483871
57 91 0.463710
57 92 0.143145
57 93 0.997984
57 94 0.578629
57 95 0.475806
57 96 0.469758
57 97 0.322581
57 98 0.695565
57 99 0.828629
58 59 0.511858
58 60 0.632411
58 61 0.962451
58 62 0.395257
58 63 0.693676
58 64 0.833992
58 65 0.673913
58 66 0.764822
58 67 0.444664
58 68 0.780632
58 69 0.565217
58 70 0.302372
58 71 0.608696
58 72 0.934783
58 73 0.968379
58 74 0.776680
58 75 0.853755
58 76 0.747036
58 77 0.415020
58 78 0.998024
58 79 0.415020
58 80 0.488142
58 81 0.745059
58 82 0.788538
58 83 0.614625
58 84 0.650198
58 85 0.891304
58 86 0.590909
58 87 0.312253
58 88 0.203557
58 89 0.646245
58 90 0.675889
58 91 0.794466
58 92 0.501976
58 93 0.656126
58 94 0.104743
58 95 0.454545
58 96 0.142292
58 97 0.290514
58 98 0.669960
58 99 0.745059
59 60 0.478355
59 61 0.820346
59 62 0.136364
59 63 0.246753
59 64 0.450216
59 65 0.954545
59 66 0.599567
59 67 0.792208
59 68 0.521645
59 69 0.201299
59 70 0.564935
59 71 0.976190
59 72 0.487013
59 73 0.919913
59 74 0.963203
59 75 0.590909
59 76 0.915584
59 77 0.735931
59 78 0.826840
59 79 0.108225
59 80 0.839827
59 81 0.573593
59 82 0.744589
59 83 0.110390
59 84 0.346320
59 85 0.452381
59 86 0.926407
59 87 0.257576
59 88 0.430736
59 89 0.145022
59 90 0.495671
59 91 0.504329
59 92 0.125541
59 93 0.997835
59 94 0.534632
59 95 0.448052
59 96 0.422078
59 97 0.270563
59 98 0.699134
59 99 0.839827
60 61 0.538700
60 62 0.628483
60 63 0.551084
60 64 0.517028
60 65 0.866873
60 66 0.213622
60 67 0.817337
60 68 0.266254
60 69 0.411765
60 70 0.625387
60 71 0.996904
60 72 0.808050
60 73 0.634675
60 74 0.780186
60 75 0.368421
60 76 0.708978
60 77 0.743034
60 78 0.578947
60 79 0.665635
60 80 0.851393
60 81 0.176471
60 82 0.377709
60 83 0.718266
60 84 0.256966
60 85 0.724458
60 86 0.907121
60 87 0.591331
60 88 0.668731
60 89 0.724458
60 90 0.074303
60 91 0.318885
60 92 0.857585
60 93 0.981424
60 94 0.845201
60 95 0.291022
60 96 0.922601
60 97 0.851393
60 98 0.362229
60 99 0.566563
61 62 0.790254
61 63 0.631356
61 64 0.480932
61 65 0.701271
61 66 0.224576
61 67 0.790254
61 68 0.300847
61 69 0.605932
61 70 0.741525
61 71 0.841102
61 72 0.675847
61 73 0.171610
61 74 0.555085
61 75 0.256356
61 76 0.523305
61 77 0.756356
61 78 0.063559
61 79 0.811441
61 80 0.794492
61 81 0.250000
61 82 0.224576
61 83 0.792373
61 84 0.463983
61 85 0.629237
61 86 0.781780
61 87 0.773305
61 88 0.813559
61 89 0.786017
61 90 0.330508
61 91 0.334746
61 92 0.925847
61 93 0.802966
61 94 0.925847
61 95 0.542373
61 96 0.997881
61 97 0.951271
61 98 0.368644
61 99 0.413136
62 63 0.376528
62 64 0.584352
62 65 0.951100
62 66 0.655257
62 67 0.753056
62 68 0.601467
62 69 0.249389
62 70 0.491443
62 71 0.963325
62 72 0.672372
62 73 0.997555
62 74 0.982885
62 75 0.687042
62 76 0.929095
62 77 0.689487
62 78 0.931540
62 79 0.041565
62 80 0.806846
62 81 0.623472
62 82 0.784841
62 83 0.276284
62 84 0.403423
62 85 0.623472
62 86 0.911980
62 87 0.136919
62 88 0.332518
62 89 0.312958
62 90 0.530562
62 91 0.594132
62 92 0.217604
62 93 0.992665
62 94 0.449878
62 95 0.403423
62 96 0.344743
62 97 0.200489
62 98 0.706601
62 99 0.858191
63 64 0.200837
63 65 0.933054
63 66 0.439331
63 67 0.834728
63 68 0.326360
63 69 0.150628
63 70 0.638075
63 71 0.993724
63 72 0.255230
63 73 0.751046
63 74 0.897490
63 75 0.378661
63 76 0.849372
63 77 0.780335
63 78 0.615063
63 79 0.315900
63 80 0.872385
63 81 0.416318
63 82 0.610879
63 83 0.173640
63 84 0.196653
63 85 0.211297
63 86 0.937238
63 87 0.403766
63 88 0.560669
63 89 0.156904
63 90 0.361925
63 91 0.292887
63 92 0.347280
63 93 0.997908
63 94 0.679916
63 95 0.449791
63 96 0.617155
63 97 0.487448
63 98 0.617155
63 99 0.755230
64 65 0.912065
64 66 0.335378
64 67 0.869121
64 68 0.204499
64 69 0.282209
64 70 0.707566
64 71 0.997955
64 72 0.202454
64 73 0.611452
64 74 0.840491
64 75 0.216769
64 76 0.795501
64 77 0.817996
64 78 0.441718
64 79 0.488753
64 80 0.897751
64 81 0.321063
64 82 0.515337
64 83 0.366053
64 84 0.206544
64 85 0.149284
64 86 0.940695
64 87 0.541922
64 88 0.672802
64 89 0.345603
64 90 0.304703
64 91 0.157464
64 92 0.535787
64 93 0.989775
64 94 0.795501
64 95 0.492843
64 96 0.766871
64 97 0.656442
64 98 0.566462
64 99 0.691207
65 66 0.549815
65 67 0.217712
65 68 0.653137
65 69 0.704797
65 70 0.376384
65 71 0.134686
65 72 0.998155
65 73 0.512915
65 74 0.153137
65 75 0.688192
65 76 0.162362
65 77 0.239852
65 78 0.666052
65 79 0.749077
65 80 0.182657
65 81 0.549815
65 82 0.422509
65 83 0.874539
65 84 0.662362
65 85 0.948339
65 86 0.099631
65 87 0.625461
65 88 0.523985
65 89 0.889299
65 90 0.546125
65 91 0.693727
65 92 0.883764
65 93 0.090406
65 94 0.538745
65 95 0.435424
65 96 0.699262
65 97 0.761993
65 98 0.321033
65 99 0.249077
66 67 0.834239
66 68 0.171196
66 69 0.500000
66 70 0.711957
66 71 0.953804
66 72 0.714674
66 73 0.407609
66 74 0.682065
66 75 0.203804
66 76 0.625000
66 77 0.777174
66 78 0.320652
66 79 0.755435
66 80 0.855978
66 81 0.032609
66 82 0.239130
66 83 0.755435
66 84 0.326087
66 85 0.644022
66 86 0.875000
66 87 0.703804
66 88 0.771739
66 89 0.752717
66 90 0.135870
66 91 0.233696
66 92 0.910326
66 93 0.926630
66 94 0.923913
66 95 0.429348
66 96 0.997283
66 97 0.932065
66 98 0.334239
66 99 0.480978
67 68 0.682975
67 69 0.641879
67 70 0.207436
67 71 0.174168
67 72 0.998043
67 73 0.669276
67 74 0.362035
67 75 0.737769
67 76 0.346380
67 77 0.050881
67 78 0.782779
67 79 0.636008
67 80 0.045010
67 81 0.592955
67 82 0.524462
67 83 0.798434
67 84 0.637965
67 85 0.945205
67 86 0.146771
67 87 0.493151
67 88 0.358121
67 89 0.819961
67 90 0.559687
67 91 0.718200
67 92 0.772994
67 93 0.213307
67 94 0.350294
67 95 0.363992
67 96 0.526419
67 97 0.614481
67 98 0.389432
67 99 0.389432
68 69 0.368812
68 70 0.712871
68 71 0.997525
68 72 0.495050
68 73 0.504950
68 74 0.774752
68 75 0.091584
68 76 0.722772
68 77 0.806931
68 78 0.349010
68 79 0.626238
68 80 0.891089
68 81 0.143564
68 82 0.376238
68 83 0.574257
68 84 0.200495
68 85 0.428218
68 86 0.925743
68 87 0.621287
68 88 0.725248
68 89 0.566832
68 90 0.155941
68 91 0.056931
68 92 0.742574
68 93 0.977723
68 94 0.871287
68 95 0.443069
68 96 0.898515
68 97 0.806931
68 98 0.448020
68 99 0.591584
69 70 0.566910
69 71 0.987835
69 72 0.467153
69 73 0.810219
69 74 0.907543
69 75 0.445255
69 76 0.851582
69 77 0.734793
69 78 0.703163
69 79 0.257908
69 80 0.844282
69 81 0.418491
69 82 0.620438
69 83 0.240876
69 84 0.163017
69 85 0.408759
69 86 0.924574
69 87 0.311436
69 88 0.481752
69 89 0.250608
69 90 0.333333
69 91 0.347932
69 92 0.367397
69 93 0.997567
69 94 0.622871
69 95 0.357664
69 96 0.576642
69 97 0.450122
69 98 0.591241
69 99 0.751825
70 71 0.460993
70 72 0.997636
70 73 0.810875
70 74 0.576832
70 75 0.758865
70 76 0.536643
70 77 0.191489
70 78 0.879433
70 79 0.515366
70 80 0.304965
70 81 0.600473
70 82 0.600473
70 83 0.718676
70 84 0.579196
70 85 0.936170
70 86 0.416076
70 87 0.342790
70 88 0.189125
70 89 0.747045
70 90 0.534279
70 91 0.711584
70 92 0.680851
70 93 0.496454
70 94 0.234043
70 95 0.257683
70 96 0.416076
70 97 0.498818
70 98 0.449173
70 99 0.529551
71 72 0.998276
71 73 0.600000
71 74 0.270690
71 75 0.734483
71 76 0.275862
71 77 0.194828
71 78 0.734483
71 79 0.708621
71 80 0.113793
71 81 0.603448
71 82 0.503448
71 83 0.846552
71 84 0.679310
71 85 0.951724
71 86 0.050000
71 87 0.586207
71 88 0.468966
71 89 0.863793
71 90 0.587931
71 91 0.729310
71 92 0.832759
71 93 0.053448
71 94 0.456897
71 95 0.446552
71 96 0.615517
71 97 0.696552
71 98 0.396552
71 99 0.351724
72 73 0.681661
72 74 0.882353
72 75 0.349481
72 76 0.844291
72 77 0.837370
72 78 0.525952
72 79 0.465398
72 80 0.910035
72 81 0.444637
72 82 0.608997
72 83 0.307958
72 84 0.320069
72 85 0.046713
72 86 0.953287
72 87 0.546713
72 88 0.674740
72 89 0.282007
72 90 0.425606
72 91 0.306228
72 92 0.458478
72 93 0.998270
72 94 0.775087
72 95 0.560554
72 96 0.719723
72 97 0.603806
72 98 0.648789
72 99 0.756055
73 74 0.409836
73 75 0.393443
73 76 0.389344
73 77 0.678279
73 78 0.219262
73 79 0.862705
73 80 0.694672
73 81 0.329918
73 82 0.186475
73 83 0.877049
73 84 0.553279
73 85 0.760246
73 86 0.659836
73 87 0.797131
73 88 0.801230
73 89 0.875000
73 90 0.401639
73 91 0.459016
73 92 0.987705
73 93 0.670082
73 94 0.895492
73 95 0.545082
73 96 0.997951
73 97 0.975410
73 98 0.313525
73 99 0.297131
74 75 0.660569
74 76 0.044715
74 77 0.382114
74 78 0.595528
74 79 0.849593
74 80 0.349593
74 81 0.518293
74 82 0.345528
74 83 0.957317
74 84 0.682927
74 85 0.981707
74 86 0.276423
74 87 0.729675
74 88 0.648374
74 89 0.967480
74 90 0.534553
74 91 0.682927
74 92 0.997967
74 93 0.266260
74 94 0.693089
74 95 0.483740
74 96 0.851626
74 97 0.896341
74 98 0.274390
74 99 0.150407
75 76 0.729017
75 77 0.851319
75 78 0.270983
75 79 0.690647
75 80 0.928058
75 81 0.179856
75 82 0.376499
75 83 0.623501
75 84 0.278177
75 85 0.426859
75 86 0.952038
75 87 0.690647
75 88 0.788969
75 89 0.611511
75 90 0.227818
75 91 0.098321
75 92 0.796163
75 93 0.997602
75 94 0.930456
75 95 0.510791
75 96 0.959233
75 97 0.868106
75 98 0.474820
75 99 0.599520
76 77 0.376596
76 78 0.589362
76 79 0.844681
76 80 0.353191
76 81 0.497872
76 82 0.321277
76 83 0.953191
76 84 0.665957
76 85 0.978723
76 86 0.291489
76 87 0.719149
76 88 0.640426
76 89 0.965957
76 90 0.512766
76 91 0.668085
76 92 0.997872
76 93 0.291489
76 94 0.693617
76 95 0.459574
76 96 0.855319
76 97 0.895745
76 98 0.238298
76 99 0.114894
77 78 0.836245
77 79 0.652838
77 80 0.102620
77 81 0.613537
77 82 0.550218
77 83 0.831878
77 84 0.657205
77 85 0.997817
77 86 0.207424
77 87 0.495633
77 88 0.349345
77 89 0.855895
77 90 0.574236
77 91 0.751092
77 92 0.805677
77 93 0.281659
77 94 0.351528
77 95 0.349345
77 96 0.545852
77 97 0.635371
77 98 0.399563
77 99 0.419214
78 79 0.800821
78 80 0.827515
78 81 0.264887
78 82 0.275154
78 83 0.765914
78 84 0.453799
78 85 0.581109
78 86 0.817248
78 87 0.774127
78 88 0.823409
78 89 0.755647
78 90 0.342916
78 91 0.316222
78 92 0.905544
78 93 0.839836
78 94 0.936345
78 95 0.562628
78 96 0.997947
78 97 0.942505
78 98 0.412731
78 99 0.462012
79 80 0.816038
79 81 0.627358
79 82 0.790094
79 83 0.238208
79 84 0.403302
79 85 0.589623
79 86 0.919811
79 87 0.169811
79 88 0.358491
79 89 0.275943
79 90 0.537736
79 91 0.587264
79 92 0.172170
79 93 0.997642
79 94 0.464623
79 95 0.426887
79 96 0.346698
79 97 0.193396
79 98 0.716981
79 99 0.865566
80 81 0.622000
80 82 0.538000
80 83 0.856000
80 84 0.682000
80 85 0.998000
80 86 0.104000
80 87 0.550000
80 88 0.412000
80 89 0.878000
80 90 0.594000
80 91 0.758000
80 92 0.834000
80 93 0.172000
80 94 0.404000
80 95 0.404000
80 96 0.584000
80 97 0.676000
80 98 0.404000
80 99 0.388000
81 82 0.268908
81 83 0.745098
81 84 0.302521
81 85 0.644258
81 86 0.899160
81 87 0.691877
81 88 0.767507
81 89 0.742297
81 90 0.106443
81 91 0.226891
81 92 0.901961
81 93 0.955182
81 94 0.924370
81 95 0.417367
81 96 0.997199
81 97 0.924370
81 98 0.347339
81 99 0.507003
82 83 0.885000
82 84 0.497500
82 85 0.815000
82 86 0.660000
82 87 0.745000
82 88 0.750000
82 89 0.887500
82 90 0.300000
82 91 0.437500
82 92 0.997500
82 93 0.690000
82 94 0.867500
82 95 0.437500
82 96 0.987500
82 97 0.965000
82 98 0.172500
82 99 0.242500
83 84 0.314629
83 85 0.330661
83 86 0.933868
83 87 0.334669
83 88 0.496994
83 89 0.032064
83 90 0.468938
83 91 0.438878
83 92 0.174349
83 93 0.997996
83 94 0.597194
83 95 0.476954
83 96 0.494990
83 97 0.350701
83 98 0.685371
83 99 0.819639
84 85 0.398477
84 86 0.928934
84 87 0.446701
84 88 0.586294
84 89 0.398477
84 90 0.197970
84 91 0.197970
84 92 0.555838
84 93 0.997462
84 94 0.738579
84 95 0.355330
84 96 0.736041
84 97 0.626904
84 98 0.510152
84 99 0.675127
85 86 0.949183
85 87 0.533575
85 88 0.664247
85 89 0.274047
85 90 0.397459
85 91 0.274047
85 92 0.459165
85 93 0.998185
85 94 0.769510
85 95 0.539020
85 96 0.718693
85 97 0.602541
85 98 0.631579
85 99 0.744102
86 87 0.668763
86 88 0.534591
86 89 0.997904
86 90 0.656184
86 91 0.825996
86 92 0.968553
86 93 0.071279
86 94 0.532495
86 95 0.488470
86 96 0.721174
86 97 0.811321
86 98 0.421384
86 99 0.371069
87 88 0.228814
87 89 0.511299
87 90 0.590395
87 91 0.714689
87 92 0.401130
87 93 0.997175
87 94 0.375706
87 95 0.361582
87 96 0.319209
87 97 0.248588
87 98 0.723164
87 99 0.887006
88 89 0.867550
88 90 0.791391
88 91 0.996689
88 92 0.718543
88 93 0.956954
88 94 0.198675
88 95 0.423841
88 96 0.334437
88 97 0.433775
88 98 0.807947
88 99 0.960265
89 90 0.461690
89 91 0.420432
89 92 0.198428
89 93 0.998035
89 94 0.614931
89 95 0.483301
89 96 0.516699
89 97 0.375246
89 98 0.681729
89 99 0.811395
90 91 0.240356
90 92 0.848665
90 93 0.997033
90 94 0.878338
90 95 0.350148
90 96 0.946588
90 97 0.866469
90 98 0.379822
90 99 0.569733
91 92 0.696172
91 93 0.997608
91 94 0.863636
91 95 0.459330
91 96 0.875598
91 97 0.777512
91 98 0.485646
91 99 0.626794
92 93 0.997984
92 94 0.512097
92 95 0.510081
92 96 0.368952
92 97 0.215726
92 98 0.754032
92 99 0.883065
93 94 0.682464
93 95 0.623223
93 96 0.895735
93 97 0.997630
93 98 0.516588
93 99 0.436019
94 95 0.556923
94 96 0.283077
94 97 0.470769
94 98 0.880000
94 99 0.996923
95 96 0.995475
95 97 0.977376
95 98 0.579186
95 99 0.846154
96 97 0.193878
96 98 0.875000
96 99 0.997449
97 98 0.855721
97 99 0.997512
98 99 0.985075
