100 4950
0 1 0.546531
0 2 0.829103
0 3 0.071066
0 4 0.727580
0 5 0.698816
0 6 0.724196
0 7 0.543147
0 8 0.560068
0 9 0.521151
0 10 0.272420
0 11 0.384095
0 12 0.248731
0 13 0.605753
0 14 0.781726
0 15 0.615905
0 16 0.681895
0 17 0.803723
0 18 0.380711
0 19 0.103215
0 20 0.705584
0 21 0.494078
0 22 0.910321
0 23 0.131980
0 24 0.554992
0 25 0.201354
0 26 0.737733
0 27 0.641286
0 28 0.769882
0 29 0.162437
0 30 0.279188
0 31 0.906937
0 32 0.830795
0 33 0.576988
0 34 0.604061
0 35 0.187817
0 36 0.497462
0 37 0.438240
0 38 0.368866
0 39 0.280880
0 40 0.802030
0 41 0.612521
0 42 0.314721
0 43 0.781726
0 44 0.439932
0 45 0.583756
0 46 0.135364
0 47 0.429780
0 48 0.879865
0 49 0.661591
0 50 0.201354
0 51 0.379019
0 52 0.495770
0 53 0.333333
0 54 0.023689
0 55 0.930626
0 56 0.282572
0 57 0.631134
0 58 0.314721
0 59 0.343486
0 60 0.708968
0 61 0.717428
0 62 0.712352
0 63 0.536379
0 64 0.719120
0 65 0.671743
0 66 0.639594
0 67 0.761421
0 68 0.663283
0 69 0.360406
0 70 0.790186
0 71 0.115059
0 72 0.433164
0 73 0.373942
0 74 0.705584
0 75 0.152284
0 76 0.793570
0 77 0.802030
0 78 0.043993
0 79 0.636210
0 80 0.131980
0 81 0.776650
0 82 0.763113
0 83 0.646362
0 84 0.852792
0 85 0.424704
0 86 0.301184
0 87 0.377327
0 88 0.592217
0 89 0.663283
0 90 0.810491
0 91 0.908629
0 92 0.678511
0 93 0.421320
0 94 0.593909
0 95 0.514382
0 96 0.998308
0 97 0.766497
0 98 0.715736
0 99 0.125212
1 2 0.728495
1 3 0.763441
1 4 0.594086
1 5 0.456989
1 6 0.341398
1 7 0.478495
1 8 0.400538
1 9 0.416667
1 10 0.454301
1 11 0.346774
1 12 0.599462
1 13 0.209677
1 14 0.405914
1 15 0.916667
1 16 0.647849
1 17 0.534946
1 18 0.459677
1 19 0.825269
1 20 0.524194
1 21 0.244624
1 22 0.795699
1 23 0.677419
1 24 0.997312
1 25 0.674731
1 26 0.325269
1 27 0.897849
1 28 0.854839
1 29 0.639785
1 30 0.462366
1 31 0.661290
1 32 0.467742
1 33 0.048387
1 34 0.645161
1 35 0.776882
1 36 0.666667
1 37 0.462366
1 38 0.354839
1 39 0.567204
1 40 0.518817
1 41 0.860215
1 42 0.543011
1 43 0.475806
1 44 0.744624
1 45 0.279570
1 46 0.793011
1 47 0.962366
1 48 0.564516
1 49 0.209677
1 50 0.806452
1 51 0.384409
1 52 0.438172
1 53 0.580645
1 54 0.836022
1 55 0.658602
1 56 0.438172
1 57 0.325269
1 58 0.467742
1 59 0.857527
1 60 0.260753
1 61 0.322581
1 62 0.266129
1 63 0.712366
1 64 0.510753
1 65 0.478495
1 66 0.311828
1 67 0.731183
1 68 0.564516
1 69 0.295699
1 70 0.548387
1 71 0.916667
1 72 0.900538
1 73 0.376344
1 74 0.252688
1 75 0.803763
1 76 0.397849
1 77 0.408602
1 78 0.854839
1 79 0.932796
1 80 0.967742
1 81 0.586022
1 82 0.424731
1 83 0.169355
1 84 0.698925
1 85 0.236559
1 86 0.857527
1 87 0.467742
1 88 0.841398
1 89 0.537634
1 90 0.462366
1 91 0.725806
1 92 0.564516
1 93 0.516129
1 94 0.239247
1 95 0.776882
1 96 0.822581
1 97 0.696237
1 98 0.551075
1 99 0.771505
2 3 0.807207
2 4 0.108108
2 5 0.181982
2 6 0.603604
2 7 0.302703
2 8 0.754955
2 9 0.767568
2 10 0.612613
2 11 0.491892
2 12 0.819820
2 13 0.601802
2 14 0.331532
2 15 0.432432
2 16 0.174775
2 17 0.738739
2 18 0.774775
2 19 0.909910
2 20 0.142342
2 21 0.398198
2 22 0.097297
2 23 0.805405
2 24 0.556757
2 25 0.852252
2 26 0.549550
2 27 0.389189
2 28 0.205405
2 29 0.709910
2 30 0.596396
2 31 0.239640
2 32 0.371171
2 33 0.472072
2 34 0.270270
2 35 0.917117
2 36 0.400000
2 37 0.790991
2 38 0.508108
2 39 0.583784
2 40 0.720721
2 41 0.392793
2 42 0.547748
2 43 0.225225
2 44 0.495495
2 45 0.663063
2 46 0.762162
2 47 0.641441
2 48 0.327928
2 49 0.535135
2 50 0.940541
2 51 0.486486
2 52 0.353153
2 53 0.535135
2 54 0.870270
2 55 0.315315
2 56 0.693694
2 57 0.272072
2 58 0.751351
2 59 0.643243
2 60 0.428829
2 61 0.320721
2 62 0.416216
2 63 0.380180
2 64 0.781982
2 65 0.780180
2 66 0.661261
2 67 0.109910
2 68 0.176577
2 69 0.598198
2 70 0.765766
2 71 0.967568
2 72 0.594595
2 73 0.493694
2 74 0.473874
2 75 0.754955
2 76 0.407207
2 77 0.513514
2 78 0.850450
2 79 0.425225
2 80 0.998198
2 81 0.099099
2 82 0.654054
2 83 0.416216
2 84 0.072072
2 85 0.486486
2 86 0.675676
2 87 0.778378
2 88 0.400000
2 89 0.176577
2 90 0.625225
2 91 0.154955
2 92 0.158559
2 93 0.436036
2 94 0.630631
2 95 0.437838
2 96 0.263063
2 97 0.077477
2 98 0.819820
2 99 0.762162
3 4 0.706204
3 5 0.677007
3 6 0.715328
3 7 0.510949
3 8 0.552920
3 9 0.514599
3 10 0.217153
3 11 0.335766
3 12 0.235401
3 13 0.589416
3 14 0.766423
3 15 0.605839
3 16 0.660584
3 17 0.808394
3 18 0.366788
3 19 0.136861
3 20 0.684307
3 21 0.454380
3 22 0.905109
3 23 0.100365
3 24 0.549270
3 25 0.197080
3 26 0.728102
3 27 0.629562
3 28 0.759124
3 29 0.096715
3 30 0.224453
3 31 0.901460
3 32 0.819343
3 33 0.549270
3 34 0.580292
3 35 0.209854
3 36 0.467153
3 37 0.430657
3 38 0.319343
3 39 0.229927
3 40 0.804745
3 41 0.598540
3 42 0.264599
3 43 0.766423
3 44 0.412409
3 45 0.569343
3 46 0.104015
3 47 0.423358
3 48 0.872263
3 49 0.645985
3 50 0.228102
3 51 0.330292
3 52 0.458029
3 53 0.288321
3 54 0.063869
3 55 0.925182
3 56 0.244526
3 57 0.602190
3 58 0.291971
3 59 0.324818
3 60 0.691606
3 61 0.697080
3 62 0.693431
3 63 0.510949
3 64 0.724453
3 65 0.673358
3 66 0.629562
3 67 0.746350
3 68 0.638686
3 69 0.319343
3 70 0.797445
3 71 0.177007
3 72 0.419708
3 73 0.326642
3 74 0.689781
3 75 0.122263
3 76 0.781022
3 77 0.793796
3 78 0.063869
3 79 0.625912
3 80 0.202555
3 81 0.760949
3 82 0.760949
3 83 0.622263
3 84 0.843066
3 85 0.383212
3 86 0.282847
3 87 0.363139
3 88 0.574818
3 89 0.638686
3 90 0.808394
3 91 0.901460
3 92 0.655109
3 93 0.379562
3 94 0.580292
3 95 0.492701
3 96 0.998175
3 97 0.751825
3 98 0.722628
3 99 0.082117
4 5 0.113131
4 6 0.608081
4 7 0.218182
4 8 0.747475
4 9 0.757576
4 10 0.565657
4 11 0.428283
4 12 0.797980
4 13 0.583838
4 14 0.333333
4 15 0.422222
4 16 0.111111
4 17 0.765657
4 18 0.753535
4 19 0.896970
4 20 0.052525
4 21 0.329293
4 22 0.220202
4 23 0.781818
4 24 0.551515
4 25 0.832323
4 26 0.553535
4 27 0.379798
4 28 0.228283
4 29 0.674747
4 30 0.547475
4 31 0.307071
4 32 0.391919
4 33 0.432323
4 34 0.208081
4 35 0.907071
4 36 0.345455
4 37 0.777778
4 38 0.448485
4 39 0.533333
4 40 0.745455
4 41 0.373737
4 42 0.494949
4 43 0.224242
4 44 0.452525
4 45 0.650505
4 46 0.735354
4 47 0.626263
4 48 0.369697
4 49 0.521212
4 50 0.933333
4 51 0.424242
4 52 0.274747
4 53 0.480808
4 54 0.854545
4 55 0.379798
4 56 0.658586
4 57 0.200000
4 58 0.725253
4 59 0.616162
4 60 0.414141
4 61 0.298990
4 62 0.402020
4 63 0.333333
4 64 0.797980
4 65 0.789899
4 66 0.656566
4 67 0.111111
4 68 0.082828
4 69 0.551515
4 70 0.791919
4 71 0.961616
4 72 0.571717
4 73 0.432323
4 74 0.464646
4 75 0.729293
4 76 0.416162
4 77 0.529293
4 78 0.832323
4 79 0.418182
4 80 0.997980
4 81 0.092929
4 82 0.668687
4 83 0.383838
4 84 0.159596
4 85 0.424242
4 86 0.648485
4 87 0.759596
4 88 0.375758
4 89 0.076768
4 90 0.648485
4 91 0.246465
4 92 0.060606
4 93 0.369697
4 94 0.616162
4 95 0.402020
4 96 0.371717
4 97 0.078788
4 98 0.838384
4 99 0.735354
5 6 0.515856
5 7 0.230444
5 8 0.672304
5 9 0.687104
5 10 0.541226
5 11 0.397463
5 12 0.763214
5 13 0.496829
5 14 0.241015
5 15 0.524313
5 16 0.213531
5 17 0.680761
5 18 0.697674
5 19 0.887949
5 20 0.063425
5 21 0.270613
5 22 0.279070
5 23 0.765328
5 24 0.644820
5 25 0.807611
5 26 0.458774
5 27 0.486258
5 28 0.355180
5 29 0.670190
5 30 0.526427
5 31 0.276956
5 32 0.306554
5 33 0.340381
5 34 0.283298
5 35 0.885835
5 36 0.401691
5 37 0.716702
5 38 0.416490
5 39 0.536998
5 40 0.661734
5 41 0.473573
5 42 0.496829
5 43 0.143763
5 44 0.509514
5 45 0.568710
5 46 0.752643
5 47 0.697674
5 48 0.304440
5 49 0.424947
5 50 0.913319
5 51 0.399577
5 52 0.270613
5 53 0.494715
5 54 0.856237
5 55 0.334038
5 56 0.617336
5 57 0.105708
5 58 0.678647
5 59 0.665962
5 60 0.312896
5 61 0.194503
5 62 0.300211
5 63 0.403805
5 64 0.716702
5 65 0.710359
5 66 0.570825
5 67 0.236786
5 68 0.150106
5 69 0.501057
5 70 0.708245
5 71 0.959831
5 72 0.640592
5 73 0.405920
5 74 0.365751
5 75 0.748414
5 76 0.323467
5 77 0.437632
5 78 0.841438
5 79 0.524313
5 80 0.997886
5 81 0.105708
5 82 0.581395
5 83 0.283298
5 84 0.202960
5 85 0.372093
5 86 0.693446
5 87 0.704017
5 88 0.469345
5 89 0.126850
5 90 0.560254
5 91 0.260042
5 92 0.133192
5 93 0.382664
5 94 0.530655
5 95 0.473573
5 96 0.376321
5 97 0.200846
5 98 0.758985
5 99 0.746300
6 7 0.588710
6 8 0.282258
6 9 0.326613
6 10 0.578629
6 11 0.516129
6 12 0.608871
6 13 0.141129
6 14 0.318548
6 15 0.925403
6 16 0.679435
6 17 0.157258
6 18 0.457661
6 19 0.804435
6 20 0.554435
6 21 0.431452
6 22 0.687500
6 23 0.709677
6 24 0.997984
6 25 0.673387
6 26 0.066532
6 27 0.903226
6 28 0.828629
6 29 0.711694
6 30 0.588710
6 31 0.518145
6 32 0.314516
6 33 0.233871
6 34 0.705645
6 35 0.743952
6 36 0.745968
6 37 0.419355
6 38 0.520161
6 39 0.677419
6 40 0.141129
6 41 0.879032
6 42 0.663306
6 43 0.429435
6 44 0.812500
6 45 0.189516
6 46 0.832661
6 47 0.977823
6 48 0.401210
6 49 0.100806
6 50 0.760081
6 51 0.544355
6 52 0.570565
6 53 0.691532
6 54 0.836694
6 55 0.473790
6 56 0.524194
6 57 0.423387
6 58 0.508065
6 59 0.899194
6 60 0.195565
6 61 0.314516
6 62 0.209677
6 63 0.776210
6 64 0.209677
6 65 0.227823
6 66 0.131048
6 67 0.719758
6 68 0.614919
6 69 0.443548
6 70 0.183468
6 71 0.868952
6 72 0.931452
6 73 0.536290
6 74 0.143145
6 75 0.842742
6 76 0.250000
6 77 0.153226
6 78 0.860887
6 79 0.933468
6 80 0.907258
6 81 0.564516
6 82 0.064516
6 83 0.227823
6 84 0.625000
6 85 0.431452
6 86 0.897177
6 87 0.465726
6 88 0.866935
6 89 0.590726
6 90 0.100806
6 91 0.604839
6 92 0.606855
6 93 0.641129
6 94 0.161290
6 95 0.828629
6 96 0.629032
6 97 0.683468
6 98 0.256048
6 99 0.814516
7 8 0.819588
7 9 0.814433
7 10 0.456186
7 11 0.293814
7 12 0.775773
7 13 0.659794
7 14 0.533505
7 15 0.427835
7 16 0.221649
7 17 0.953608
7 18 0.757732
7 19 0.873711
7 20 0.260309
7 21 0.231959
7 22 0.561856
7 23 0.729381
7 24 0.536082
7 25 0.809278
7 26 0.706186
7 27 0.402062
7 28 0.404639
7 29 0.585052
7 30 0.430412
7 31 0.618557
7 32 0.623711
7 33 0.463918
7 34 0.164948
7 35 0.899485
7 36 0.219072
7 37 0.806701
7 38 0.317010
7 39 0.399485
7 40 0.935567
7 41 0.371134
7 42 0.350515
7 43 0.451031
7 44 0.342784
7 45 0.721649
7 46 0.657216
7 47 0.574742
7 48 0.644330
7 49 0.623711
7 50 0.932990
7 51 0.275773
7 52 0.077320
7 53 0.335052
7 54 0.811856
7 55 0.688144
7 56 0.600515
7 57 0.250000
7 58 0.698454
7 59 0.528351
7 60 0.548969
7 61 0.445876
7 62 0.538660
7 63 0.242268
7 64 0.948454
7 65 0.917526
7 66 0.757732
7 67 0.340206
7 68 0.180412
7 69 0.484536
7 70 0.976804
7 71 0.953608
7 72 0.505155
7 73 0.288660
7 74 0.595361
7 75 0.649485
7 76 0.615979
7 77 0.724227
7 78 0.780928
7 79 0.440722
7 80 0.997423
7 81 0.371134
7 82 0.837629
7 83 0.466495
7 84 0.479381
7 85 0.329897
7 86 0.564433
7 87 0.762887
7 88 0.353093
7 89 0.180412
7 90 0.842784
7 91 0.579897
7 92 0.203608
7 93 0.193299
7 94 0.688144
7 95 0.322165
7 96 0.731959
7 97 0.340206
7 98 0.987113
7 99 0.657216
8 9 0.051020
8 10 0.465306
8 11 0.475510
8 12 0.383673
8 13 0.185714
8 14 0.553061
8 15 0.965306
8 16 0.793878
8 17 0.310204
8 18 0.218367
8 19 0.589796
8 20 0.702041
8 21 0.465306
8 22 0.895918
8 23 0.516327
8 24 0.997959
8 25 0.448980
8 26 0.340816
8 27 0.957143
8 28 0.951020
8 29 0.567347
8 30 0.487755
8 31 0.763265
8 32 0.573469
8 33 0.320408
8 34 0.779592
8 35 0.510204
8 36 0.765306
8 37 0.157143
8 38 0.469388
8 39 0.595918
8 40 0.314286
8 41 0.926531
8 42 0.597959
8 43 0.640816
8 44 0.797959
8 45 0.108163
8 46 0.693878
8 47 0.932653
8 48 0.659184
8 49 0.285714
8 50 0.520408
8 51 0.506122
8 52 0.606122
8 53 0.638776
8 54 0.644898
8 55 0.736735
8 56 0.353061
8 57 0.551020
8 58 0.293878
8 59 0.832653
8 60 0.414286
8 61 0.516327
8 62 0.426531
8 63 0.808163
8 64 0.193878
8 65 0.134694
8 66 0.153061
8 67 0.861224
8 68 0.732653
8 69 0.330612
8 70 0.285714
8 71 0.646939
8 72 0.895918
8 73 0.493878
8 74 0.371429
8 75 0.708163
8 76 0.506122
8 77 0.436735
8 78 0.687755
8 79 0.979592
8 80 0.681633
8 81 0.744898
8 82 0.295918
8 83 0.389796
8 84 0.824490
8 85 0.404082
8 86 0.814286
8 87 0.224490
8 88 0.908163
8 89 0.712245
8 90 0.373469
8 91 0.830612
8 92 0.732653
8 93 0.632653
8 94 0.148980
8 95 0.844898
8 96 0.881633
8 97 0.834694
8 98 0.187755
8 99 0.669388
9 10 0.442827
9 11 0.465696
9 12 0.340956
9 13 0.222453
9 14 0.594595
9 15 0.970894
9 16 0.812890
9 17 0.367983
9 18 0.172557
9 19 0.550936
9 20 0.727651
9 21 0.469854
9 22 0.933472
9 23 0.480249
9 24 0.997921
9 25 0.407484
9 26 0.388773
9 27 0.966736
9 28 0.970894
9 29 0.538462
9 30 0.467775
9 31 0.806653
9 32 0.617464
9 33 0.343035
9 34 0.792100
9 35 0.467775
9 36 0.767152
9 37 0.108108
9 38 0.459459
9 39 0.577963
9 40 0.372141
9 41 0.933472
9 42 0.582121
9 43 0.675676
9 44 0.792100
9 45 0.147609
9 46 0.665281
9 47 0.923077
9 48 0.706861
9 49 0.326403
9 50 0.478170
9 51 0.496881
9 52 0.611227
9 53 0.625780
9 54 0.611227
9 55 0.783784
9 56 0.320166
9 57 0.573805
9 58 0.253638
9 59 0.819127
9 60 0.453222
9 61 0.550936
9 62 0.465696
9 63 0.810811
9 64 0.247401
9 65 0.187110
9 66 0.201663
9 67 0.883576
9 68 0.750520
9 69 0.311850
9 70 0.343035
9 71 0.609148
9 72 0.887734
9 73 0.484407
9 74 0.413721
9 75 0.681913
9 76 0.550936
9 77 0.486486
9 78 0.656965
9 79 0.987526
9 80 0.644491
9 81 0.773389
9 82 0.351351
9 83 0.422037
9 84 0.860707
9 85 0.399168
9 86 0.798337
9 87 0.178794
9 88 0.912682
9 89 0.731809
9 90 0.428274
9 91 0.871102
9 92 0.752599
9 93 0.627859
9 94 0.187110
9 95 0.846154
9 96 0.929314
9 97 0.858628
9 98 0.237006
9 99 0.640333
10 11 0.157773
10 12 0.299304
10 13 0.512761
10 14 0.696056
10 15 0.647332
10 16 0.612529
10 17 0.805104
10 18 0.352668
10 19 0.380510
10 20 0.612529
10 21 0.301624
10 22 0.893271
10 23 0.248260
10 24 0.638051
10 25 0.317865
10 26 0.670534
10 27 0.661253
10 28 0.763341
10 29 0.160093
10 30 0.030162
10 31 0.870070
10 32 0.765661
10 33 0.431555
10 34 0.531323
10 35 0.396752
10 36 0.429234
10 37 0.424594
10 38 0.134571
10 39 0.153132
10 40 0.798144
10 41 0.619490
10 42 0.169374
10 43 0.698376
10 44 0.415313
10 45 0.510441
10 46 0.294664
10 47 0.538283
10 48 0.830626
10 49 0.566125
10 50 0.426914
10 51 0.162413
10 52 0.341067
10 53 0.218097
10 54 0.350348
10 55 0.900232
10 56 0.162413
10 57 0.491879
10 58 0.266821
10 59 0.417633
10 60 0.605568
10 61 0.607889
10 62 0.607889
10 63 0.487239
10 64 0.726218
10 65 0.670534
10 66 0.577726
10 67 0.719258
10 68 0.570766
10 69 0.160093
10 70 0.800464
10 71 0.457077
10 72 0.501160
10 73 0.150812
10 74 0.607889
10 75 0.303944
10 76 0.719258
10 77 0.744780
10 78 0.352668
10 79 0.670534
10 80 0.501160
10 81 0.705336
10 82 0.728538
10 83 0.517401
10 84 0.812065
10 85 0.208817
10 86 0.394432
10 87 0.352668
10 88 0.593968
10 89 0.563805
10 90 0.779582
10 91 0.879350
10 92 0.589327
10 93 0.280742
10 94 0.510441
10 95 0.498840
10 96 0.997680
10 97 0.716937
10 98 0.737819
10 99 0.273782
11 12 0.510989
11 13 0.543956
11 14 0.659341
11 15 0.667582
11 16 0.549451
11 17 0.892857
11 18 0.510989
11 19 0.640110
11 20 0.538462
11 21 0.178571
11 22 0.870879
11 23 0.480769
11 24 0.703297
11 25 0.552198
11 26 0.686813
11 27 0.667582
11 28 0.741758
11 29 0.359890
11 30 0.167582
11 31 0.848901
11 32 0.747253
11 33 0.392857
11 34 0.472527
11 35 0.651099
11 36 0.395604
11 37 0.576923
11 38 0.024725
11 39 0.230769
11 40 0.879121
11 41 0.620879
11 42 0.200549
11 43 0.645604
11 44 0.434066
11 45 0.574176
11 46 0.489011
11 47 0.637363
11 48 0.813187
11 49 0.568681
11 50 0.686813
11 51 0.041209
11 52 0.230769
11 53 0.239011
11 54 0.598901
11 55 0.890110
11 56 0.324176
11 57 0.398352
11 58 0.436813
11 59 0.521978
11 60 0.579670
11 61 0.554945
11 62 0.576923
11 63 0.461538
11 64 0.832418
11 65 0.780220
11 66 0.640110
11 67 0.673077
11 68 0.494505
11 69 0.217033
11 70 0.898352
11 71 0.730769
11 72 0.576923
11 73 0.027473
11 74 0.596154
11 75 0.491758
11 76 0.700549
11 77 0.758242
11 78 0.587912
11 79 0.689560
11 80 0.780220
11 81 0.645604
11 82 0.785714
11 83 0.472527
11 84 0.774725
11 85 0.112637
11 86 0.519231
11 87 0.513736
11 88 0.593407
11 89 0.483516
11 90 0.826923
11 91 0.854396
11 92 0.513736
11 93 0.211538
11 94 0.554945
11 95 0.500000
11 96 0.997253
11 97 0.664835
11 98 0.859890
11 99 0.475275
12 13 0.442748
12 14 0.713740
12 15 0.774809
12 16 0.738550
12 17 0.643130
12 18 0.154580
12 19 0.192748
12 20 0.715649
12 21 0.444656
12 22 0.942748
12 23 0.141221
12 24 0.753817
12 25 0.061069
12 26 0.604962
12 27 0.788168
12 28 0.870229
12 29 0.246183
12 30 0.270992
12 31 0.887405
12 32 0.757634
12 33 0.459924
12 34 0.679389
12 35 0.129771
12 36 0.599237
12 37 0.215649
12 38 0.337786
12 39 0.353053
12 40 0.643130
12 41 0.753817
12 42 0.377863
12 43 0.748092
12 44 0.578244
12 45 0.402672
12 46 0.341603
12 47 0.646947
12 48 0.826336
12 49 0.524809
12 50 0.146947
12 51 0.370229
12 52 0.517176
12 53 0.417939
12 54 0.253817
12 55 0.893130
12 56 0.131679
12 57 0.595420
12 58 0.095420
12 59 0.540076
12 60 0.606870
12 61 0.650763
12 62 0.612595
12 63 0.646947
12 64 0.540076
12 65 0.484733
12 66 0.465649
12 67 0.824427
12 68 0.698473
12 69 0.236641
12 70 0.624046
12 71 0.248092
12 72 0.627863
12 73 0.358779
12 74 0.587786
12 75 0.360687
12 76 0.706107
12 77 0.687023
12 78 0.303435
12 79 0.795802
12 80 0.282443
12 81 0.784351
12 82 0.610687
12 83 0.545802
12 84 0.874046
12 85 0.353053
12 86 0.505725
12 87 0.148855
12 88 0.732824
12 89 0.688931
12 90 0.671756
12 91 0.914122
12 92 0.709924
12 93 0.477099
12 94 0.423664
12 95 0.650763
12 96 0.998092
12 97 0.816794
12 98 0.530534
12 99 0.316794
13 14 0.400891
13 15 0.935412
13 16 0.703786
13 17 0.282851
13 18 0.356347
13 19 0.732739
13 20 0.585746
13 21 0.376392
13 22 0.781737
13 23 0.625835
13 24 0.997773
13 25 0.587973
13 26 0.189310
13 27 0.917595
13 28 0.873051
13 29 0.632517
13 30 0.505568
13 31 0.628062
13 32 0.423163
13 33 0.171492
13 34 0.708241
13 35 0.668151
13 36 0.726058
13 37 0.325167
13 38 0.443207
13 39 0.610245
13 40 0.273942
13 41 0.888641
13 42 0.599109
13 43 0.498886
13 44 0.783964
13 45 0.082405
13 46 0.770601
13 47 0.957684
13 48 0.518931
13 49 0.109131
13 50 0.685969
13 51 0.474388
13 52 0.536748
13 53 0.634744
13 54 0.766147
13 55 0.601336
13 56 0.423163
13 57 0.423163
13 58 0.405345
13 59 0.861915
13 60 0.249443
13 61 0.360802
13 62 0.262806
13 63 0.763920
13 64 0.249443
13 65 0.227171
13 66 0.084633
13 67 0.763920
13 68 0.632517
13 69 0.338530
13 70 0.287305
13 71 0.804009
13 72 0.908686
13 73 0.463252
13 74 0.202673
13 75 0.781737
13 76 0.351893
13 77 0.291759
13 78 0.797327
13 79 0.946548
13 80 0.846325
13 81 0.621381
13 82 0.209354
13 83 0.229399
13 84 0.706013
13 85 0.347439
13 86 0.855234
13 87 0.365256
13 88 0.870824
13 89 0.608018
13 90 0.269488
13 91 0.706013
13 92 0.630290
13 93 0.594655
13 94 0.037862
13 95 0.817372
13 96 0.759465
13 97 0.730512
13 98 0.285078
13 99 0.748330
14 15 0.712032
14 16 0.424063
14 17 0.449704
14 18 0.631164
14 19 0.893491
14 20 0.282051
14 21 0.345168
14 22 0.360947
14 23 0.783037
14 24 0.816568
14 25 0.790927
14 26 0.248521
14 27 0.676529
14 28 0.548323
14 29 0.727811
14 30 0.587771
14 31 0.201183
14 32 0.067061
14 33 0.264300
14 34 0.487179
14 35 0.865878
14 36 0.577909
14 37 0.625247
14 38 0.489152
14 39 0.633136
14 40 0.429980
14 41 0.664694
14 42 0.603550
14 43 0.116371
14 44 0.670611
14 45 0.428008
14 46 0.826430
14 47 0.846154
14 48 0.116371
14 49 0.260355
14 50 0.887574
14 51 0.491124
14 52 0.426036
14 53 0.613412
14 54 0.889546
14 55 0.185404
14 56 0.613412
14 57 0.218935
14 58 0.642998
14 59 0.800789
14 60 0.134122
14 61 0.074951
14 62 0.120316
14 63 0.587771
14 64 0.516765
14 65 0.526627
14 66 0.404339
14 67 0.431953
14 68 0.364892
14 69 0.502959
14 70 0.483235
14 71 0.962525
14 72 0.794872
14 73 0.489152
14 74 0.179487
14 75 0.828402
14 76 0.080868
14 77 0.199211
14 78 0.891519
14 79 0.714004
14 80 0.998028
14 81 0.260355
14 82 0.360947
14 83 0.173570
14 84 0.303748
14 85 0.414201
14 86 0.816568
14 87 0.639053
14 88 0.658777
14 89 0.343195
14 90 0.321499
14 91 0.280079
14 92 0.349112
14 93 0.524655
14 94 0.388560
14 95 0.652860
14 96 0.317554
14 97 0.390533
14 98 0.562130
14 99 0.816568
15 16 0.282051
15 17 0.983516
15 18 0.780220
15 19 0.741758
15 20 0.408425
15 21 0.459707
15 22 0.536630
15 23 0.661172
15 24 0.130037
15 25 0.747253
15 26 0.805861
15 27 0.047619
15 28 0.252747
15 29 0.534799
15 30 0.487179
15 31 0.661172
15 32 0.721612
15 33 0.633700
15 34 0.208791
15 35 0.794872
15 36 0.179487
15 37 0.827839
15 38 0.454212
15 39 0.404762
15 40 0.968864
15 41 0.043956
15 42 0.380952
15 43 0.576923
15 44 0.194139
15 45 0.807692
15 46 0.518315
15 47 0.256410
15 48 0.716117
15 49 0.749084
15 50 0.818681
15 51 0.419414
15 52 0.326007
15 53 0.342491
15 54 0.666667
15 55 0.728938
15 56 0.639194
15 57 0.470696
15 58 0.719780
15 59 0.309524
15 60 0.692308
15 61 0.608059
15 62 0.683150
15 63 0.139194
15 64 0.974359
15 65 0.946886
15 66 0.836996
15 67 0.327839
15 68 0.324176
15 69 0.589744
15 70 0.998168
15 71 0.785714
15 72 0.221612
15 73 0.430403
15 74 0.727106
15 75 0.503663
15 76 0.727106
15 77 0.815018
15 78 0.620879
15 79 0.020147
15 80 0.807692
15 81 0.467033
15 82 0.901099
15 83 0.637363
15 84 0.509158
15 85 0.503663
15 86 0.357143
15 87 0.782051
15 88 0.053114
15 89 0.344322
15 90 0.902930
15 91 0.595238
15 92 0.342491
15 93 0.302198
15 94 0.785714
15 95 0.117216
15 96 0.706960
15 97 0.362637
15 98 0.998168
15 99 0.531136
16 17 0.881356
16 18 0.798729
16 19 0.898305
16 20 0.152542
16 21 0.351695
16 22 0.319915
16 23 0.779661
16 24 0.461864
16 25 0.849576
16 26 0.663136
16 27 0.279661
16 28 0.163136
16 29 0.656780
16 30 0.536017
16 31 0.438559
16 32 0.519068
16 33 0.504237
16 34 0.112288
16 35 0.921610
16 36 0.264831
16 37 0.832627
16 38 0.442797
16 39 0.500000
16 40 0.864407
16 41 0.275424
16 42 0.459746
16 43 0.347458
16 44 0.375000
16 45 0.730932
16 46 0.703390
16 47 0.548729
16 48 0.504237
16 49 0.616525
16 50 0.949153
16 51 0.411017
16 52 0.245763
16 53 0.436441
16 54 0.841102
16 55 0.516949
16 56 0.675847
16 57 0.271186
16 58 0.754237
16 59 0.548729
16 60 0.519068
16 61 0.404661
16 62 0.506356
16 63 0.241525
16 64 0.902542
16 65 0.885593
16 66 0.747881
16 67 0.099576
16 68 0.067797
16 69 0.576271
16 70 0.906780
16 71 0.963983
16 72 0.493644
16 73 0.421610
16 74 0.567797
16 75 0.692797
16 76 0.538136
16 77 0.650424
16 78 0.811441
16 79 0.322034
16 80 0.997881
16 81 0.213983
16 82 0.781780
16 83 0.474576
16 84 0.271186
16 85 0.444915
16 86 0.588983
16 87 0.802966
16 88 0.277542
16 89 0.093220
16 90 0.769068
16 91 0.368644
16 92 0.078390
16 93 0.324153
16 94 0.697034
16 95 0.311441
16 96 0.500000
16 97 0.114407
16 98 0.940678
16 99 0.705508
17 18 0.450088
17 19 0.767075
17 20 0.616462
17 21 0.506130
17 22 0.719790
17 23 0.695271
17 24 0.998249
17 25 0.646235
17 26 0.183888
17 27 0.921191
17 28 0.858144
17 29 0.716287
17 30 0.619965
17 31 0.560420
17 32 0.381786
17 33 0.334501
17 34 0.751313
17 35 0.702277
17 36 0.781086
17 37 0.401051
17 38 0.570928
17 39 0.704028
17 40 0.017513
17 41 0.900175
17 42 0.693520
17 43 0.500876
17 44 0.835377
17 45 0.227671
17 46 0.823117
17 47 0.975482
17 48 0.451839
17 49 0.224168
17 50 0.711033
17 51 0.595447
17 52 0.630473
17 53 0.723292
17 54 0.807356
17 55 0.511384
17 56 0.539405
17 57 0.504378
17 58 0.507881
17 59 0.901926
17 60 0.302977
17 61 0.406305
17 62 0.315236
17 63 0.809107
17 64 0.117338
17 65 0.164623
17 66 0.171629
17 67 0.760070
17 68 0.672504
17 69 0.485114
17 70 0.036778
17 71 0.819615
17 72 0.935201
17 73 0.588441
17 74 0.259194
17 75 0.833625
17 76 0.330998
17 77 0.229422
17 78 0.837128
17 79 0.947461
17 80 0.849387
17 81 0.621716
17 82 0.082312
17 83 0.336252
17 84 0.669002
17 85 0.495622
17 86 0.896673
17 87 0.455342
17 88 0.889667
17 89 0.651489
17 90 0.120841
17 91 0.644483
17 92 0.665499
17 93 0.684764
17 94 0.222417
17 95 0.854641
17 96 0.649737
17 97 0.728546
17 98 0.152364
17 99 0.805604
18 19 0.380753
18 20 0.732218
18 21 0.441423
18 22 0.966527
18 23 0.309623
18 24 0.895397
18 25 0.236402
18 26 0.514644
18 27 0.895397
18 28 0.943515
18 29 0.387029
18 30 0.347280
18 31 0.874477
18 32 0.709205
18 33 0.391213
18 34 0.744770
18 35 0.301255
18 36 0.688285
18 37 0.071130
18 38 0.374477
18 39 0.456067
18 40 0.537657
18 41 0.859833
18 42 0.470711
18 43 0.728033
18 44 0.692469
18 45 0.280335
18 46 0.510460
18 47 0.801255
18 48 0.790795
18 49 0.433054
18 50 0.313808
18 51 0.414226
18 52 0.558577
18 53 0.516736
18 54 0.441423
18 55 0.868201
18 56 0.173640
18 57 0.585774
18 58 0.087866
18 59 0.690377
18 60 0.539749
18 61 0.608787
18 62 0.550209
18 63 0.738494
18 64 0.422594
18 65 0.361925
18 66 0.347280
18 67 0.872385
18 68 0.734310
18 69 0.223849
18 70 0.514644
18 71 0.441423
18 72 0.769874
18 73 0.401674
18 74 0.510460
18 75 0.527197
18 76 0.646444
18 77 0.608787
18 78 0.489540
18 79 0.910042
18 80 0.476987
18 81 0.797071
18 82 0.506276
18 83 0.483264
18 84 0.889121
18 85 0.349372
18 86 0.661088
18 87 0.006276
18 88 0.838912
18 89 0.717573
18 90 0.577406
18 91 0.920502
18 92 0.742678
18 93 0.546025
18 94 0.307531
18 95 0.759414
18 96 0.997908
18 97 0.855649
18 98 0.412134
18 99 0.483264
19 20 0.723440
19 21 0.494098
19 22 0.927487
19 23 0.097808
19 24 0.634064
19 25 0.116358
19 26 0.694772
19 27 0.704890
19 28 0.814503
19 29 0.195616
19 30 0.291737
19 31 0.903879
19 32 0.809444
19 33 0.548061
19 34 0.645868
19 35 0.084317
19 36 0.549747
19 37 0.359191
19 38 0.376054
19 39 0.323777
19 40 0.738617
19 41 0.674536
19 42 0.354132
19 43 0.779089
19 44 0.504216
19 45 0.522766
19 46 0.219224
19 47 0.517707
19 48 0.863406
19 49 0.620573
19 50 0.096121
19 51 0.394604
19 52 0.521079
19 53 0.381113
19 54 0.086003
19 55 0.919056
19 56 0.242833
19 57 0.632378
19 58 0.249578
19 59 0.426644
19 60 0.681282
19 61 0.703204
19 62 0.684654
19 63 0.590219
19 64 0.647555
19 65 0.598651
19 66 0.578415
19 67 0.794266
19 68 0.689713
19 69 0.333895
19 70 0.721754
19 71 0.057336
19 72 0.514334
19 73 0.387858
19 74 0.671164
19 75 0.237774
19 76 0.767285
19 77 0.762226
19 78 0.141653
19 79 0.703204
19 80 0.089376
19 81 0.789207
19 82 0.706577
19 83 0.620573
19 84 0.868465
19 85 0.418212
19 86 0.386172
19 87 0.301855
19 88 0.654300
19 89 0.686341
19 90 0.757167
19 91 0.915683
19 92 0.703204
19 93 0.460371
19 94 0.539629
19 95 0.578415
19 96 0.998314
19 97 0.794266
19 98 0.637437
19 99 0.202361
20 21 0.295833
20 22 0.252083
20 23 0.772917
20 24 0.589583
20 25 0.820833
20 26 0.516667
20 27 0.425000
20 28 0.287500
20 29 0.668750
20 30 0.533333
20 31 0.297917
20 32 0.360417
20 33 0.391667
20 34 0.233333
20 35 0.897917
20 36 0.362500
20 37 0.752083
20 38 0.427083
20 39 0.529167
20 40 0.714583
20 41 0.414583
20 42 0.489583
20 43 0.191667
20 44 0.470833
20 45 0.616667
20 46 0.739583
20 47 0.654167
20 48 0.347917
20 49 0.481250
20 50 0.925000
20 51 0.406250
20 52 0.262500
20 53 0.481250
20 54 0.854167
20 55 0.366667
20 56 0.637500
20 57 0.154167
20 58 0.704167
20 59 0.633333
20 60 0.372917
20 61 0.254167
20 62 0.360417
20 63 0.358333
20 64 0.768750
20 65 0.758333
20 66 0.622917
20 67 0.168750
20 68 0.095833
20 69 0.527083
20 70 0.762500
20 71 0.960417
20 72 0.597917
20 73 0.412500
20 74 0.425000
20 75 0.735417
20 76 0.381250
20 77 0.495833
20 78 0.835417
20 79 0.464583
20 80 0.997917
20 81 0.089583
20 82 0.635417
20 83 0.341667
20 84 0.179167
20 85 0.395833
20 86 0.664583
20 87 0.735417
20 88 0.412500
20 89 0.077083
20 90 0.614583
20 91 0.256250
20 92 0.075000
20 93 0.366667
20 94 0.579167
20 95 0.429167
20 96 0.381250
20 97 0.135417
20 98 0.808333
20 99 0.737500
21 22 0.751445
21 23 0.679191
21 24 0.812139
21 25 0.731214
21 26 0.583815
21 27 0.705202
21 28 0.699422
21 29 0.566474
21 30 0.364162
21 31 0.708092
21 32 0.598266
21 33 0.283237
21 34 0.445087
21 35 0.841040
21 36 0.453757
21 37 0.656069
21 38 0.210983
21 39 0.421965
21 40 0.817919
21 41 0.664740
21 42 0.378613
21 43 0.491329
21 44 0.546243
21 45 0.549133
21 46 0.705202
21 47 0.789017
21 48 0.667630
21 49 0.471098
21 50 0.878613
21 51 0.210983
21 52 0.208092
21 53 0.404624
21 54 0.815029
21 55 0.748555
21 56 0.473988
21 57 0.236994
21 58 0.566474
21 59 0.693642
21 60 0.442197
21 61 0.395954
21 62 0.436416
21 63 0.502890
21 64 0.809249
21 65 0.771676
21 66 0.595376
21 67 0.592486
21 68 0.401734
21 69 0.320809
21 70 0.852601
21 71 0.945087
21 72 0.719653
21 73 0.210983
21 74 0.471098
21 75 0.705202
21 76 0.557803
21 77 0.635838
21 78 0.806358
21 79 0.742775
21 80 0.997110
21 81 0.514451
21 82 0.710983
21 83 0.329480
21 84 0.647399
21 85 0.138728
21 86 0.705202
21 87 0.618497
21 88 0.641618
21 89 0.378613
21 90 0.736994
21 91 0.719653
21 92 0.413295
21 93 0.300578
21 94 0.514451
21 95 0.572254
21 96 0.864162
21 97 0.572254
21 98 0.852601
21 99 0.690751
22 23 0.818636
22 24 0.602329
22 25 0.855241
22 26 0.514143
22 27 0.445923
22 28 0.267887
22 29 0.735441
22 30 0.627288
22 31 0.173045
22 32 0.326123
22 33 0.472546
22 34 0.341098
22 35 0.916805
22 36 0.459235
22 37 0.778702
22 38 0.542429
22 39 0.620632
22 40 0.667221
22 41 0.450915
22 42 0.589018
22 43 0.212978
22 44 0.547421
22 45 0.643927
22 46 0.788686
22 47 0.682196
22 48 0.272879
22 49 0.514143
22 50 0.938436
22 51 0.525790
22 52 0.407654
22 53 0.579035
22 54 0.883527
22 55 0.242928
22 56 0.707155
22 57 0.302829
22 58 0.753744
22 59 0.683860
22 60 0.409318
22 61 0.314476
22 62 0.397671
22 63 0.442596
22 64 0.738769
22 65 0.742097
22 66 0.635607
22 67 0.189684
22 68 0.247920
22 69 0.615641
22 70 0.713810
22 71 0.968386
22 72 0.638935
22 73 0.530782
22 74 0.450915
22 75 0.782030
22 76 0.369384
22 77 0.469218
22 78 0.866889
22 79 0.479201
22 80 0.998336
22 81 0.136439
22 82 0.610649
22 83 0.412646
22 84 0.059900
22 85 0.512479
22 86 0.713810
22 87 0.773710
22 88 0.457571
22 89 0.244592
22 90 0.574043
22 91 0.083195
22 92 0.231281
22 93 0.487521
22 94 0.612313
22 95 0.495840
22 96 0.163062
22 97 0.163062
22 98 0.775374
22 99 0.787022
23 24 0.633645
23 25 0.100935
23 26 0.676636
23 27 0.693458
23 28 0.803738
23 29 0.128972
23 30 0.214953
23 31 0.893458
23 32 0.792523
23 33 0.506542
23 34 0.614953
23 35 0.136449
23 36 0.515888
23 37 0.342056
23 38 0.308411
23 39 0.263551
23 40 0.740187
23 41 0.659813
23 42 0.295327
23 43 0.755140
23 44 0.476636
23 45 0.499065
23 46 0.200000
23 47 0.515888
23 48 0.852336
23 49 0.592523
23 50 0.160748
23 51 0.328972
23 52 0.472897
23 53 0.328972
23 54 0.119626
23 55 0.912150
23 56 0.170093
23 57 0.592523
23 58 0.201869
23 59 0.411215
23 60 0.652336
23 61 0.672897
23 62 0.656075
23 63 0.562617
23 64 0.648598
23 65 0.596262
23 66 0.560748
23 67 0.775701
23 68 0.657944
23 69 0.265421
23 70 0.727103
23 71 0.170093
23 72 0.502804
23 73 0.321495
23 74 0.644860
23 75 0.220561
23 76 0.747664
23 77 0.749533
23 78 0.158879
23 79 0.695327
23 80 0.205607
23 81 0.768224
23 82 0.699065
23 83 0.585047
23 84 0.854206
23 85 0.355140
23 86 0.373832
23 87 0.272897
23 88 0.637383
23 89 0.654206
23 90 0.751402
23 91 0.906542
23 92 0.672897
23 93 0.409346
23 94 0.512150
23 95 0.555140
23 96 0.998131
23 97 0.775701
23 98 0.644860
23 99 0.177570
24 25 0.675910
24 26 0.831889
24 27 0.168111
24 28 0.363951
24 29 0.467938
24 30 0.454073
24 31 0.736568
24 32 0.774697
24 33 0.656846
24 34 0.296360
24 35 0.712305
24 36 0.216638
24 37 0.792028
24 38 0.448873
24 39 0.365685
24 40 0.977470
24 41 0.157712
24 42 0.351820
24 43 0.646447
24 44 0.169844
24 45 0.802426
24 46 0.429809
24 47 0.136915
24 48 0.778163
24 49 0.769497
24 50 0.734835
24 51 0.417678
24 52 0.365685
24 53 0.313692
24 54 0.573657
24 55 0.795494
24 56 0.599653
24 57 0.528596
24 58 0.677643
24 59 0.216638
24 60 0.729636
24 61 0.662045
24 62 0.722704
24 63 0.199307
24 64 0.965338
24 65 0.935875
24 66 0.838821
24 67 0.429809
24 68 0.410745
24 69 0.571924
24 70 0.998267
24 71 0.686308
24 72 0.124783
24 73 0.426343
24 74 0.759099
24 75 0.412478
24 76 0.774697
24 77 0.849220
24 78 0.523397
24 79 0.138648
24 80 0.703640
24 81 0.552860
24 82 0.913345
24 83 0.672444
24 84 0.597920
24 85 0.509532
24 86 0.259965
24 87 0.741768
24 88 0.150780
24 89 0.428076
24 90 0.923744
24 91 0.677643
24 92 0.428076
24 93 0.313692
24 94 0.788562
24 95 0.145581
24 96 0.785095
24 97 0.459272
24 98 0.986135
24 99 0.445407
25 26 0.635036
25 27 0.760949
25 28 0.850365
25 29 0.218978
25 30 0.271898
25 31 0.892336
25 32 0.775547
25 33 0.490876
25 34 0.667883
25 35 0.069343
25 36 0.582117
25 37 0.262774
25 38 0.348540
25 39 0.339416
25 40 0.675182
25 41 0.728102
25 42 0.366788
25 43 0.759124
25 44 0.552920
25 45 0.443431
25 46 0.295620
25 47 0.602190
25 48 0.839416
25 49 0.556569
25 50 0.091241
25 51 0.375912
25 52 0.518248
25 53 0.403285
25 54 0.191606
25 55 0.901460
25 56 0.164234
25 57 0.609489
25 58 0.147810
25 59 0.500000
25 60 0.633212
25 61 0.669708
25 62 0.638686
25 63 0.627737
25 64 0.574818
25 65 0.521898
25 66 0.503650
25 67 0.813869
25 68 0.695255
25 69 0.268248
25 70 0.655109
25 71 0.178832
25 72 0.587591
25 73 0.366788
25 74 0.616788
25 75 0.313869
25 76 0.726277
25 77 0.713504
25 78 0.244526
25 79 0.762774
25 80 0.211679
25 81 0.788321
25 82 0.642336
25 83 0.571168
25 84 0.872263
25 85 0.374088
25 86 0.463504
25 87 0.200730
25 88 0.706204
25 89 0.687956
25 90 0.700730
25 91 0.914234
25 92 0.708029
25 93 0.468978
25 94 0.463504
25 95 0.625912
25 96 0.998175
25 97 0.810219
25 98 0.563869
25 99 0.271898
26 27 0.899160
26 28 0.808824
26 29 0.747899
26 30 0.615546
26 31 0.470588
26 32 0.258403
26 33 0.224790
26 34 0.693277
26 35 0.808824
26 36 0.745798
26 37 0.485294
26 38 0.533613
26 39 0.699580
26 40 0.199580
26 41 0.876050
26 42 0.678571
26 43 0.382353
26 44 0.821429
26 45 0.245798
26 46 0.873950
26 47 0.997899
26 48 0.348739
26 49 0.094538
26 50 0.827731
26 51 0.554622
26 52 0.563025
26 53 0.707983
26 54 0.888655
26 55 0.424370
26 56 0.567227
26 57 0.390756
26 58 0.560924
26 59 0.922269
26 60 0.142857
26 61 0.266807
26 62 0.157563
26 63 0.773109
26 64 0.287815
26 65 0.306723
26 66 0.193277
26 67 0.691176
26 68 0.590336
26 69 0.470588
26 70 0.252101
26 71 0.934874
26 72 0.947479
26 73 0.548319
26 74 0.092437
26 75 0.882353
26 76 0.191176
26 77 0.096639
26 78 0.911765
26 79 0.932773
26 80 0.972689
26 81 0.525210
26 82 0.121849
26 83 0.193277
26 84 0.586134
26 85 0.439076
26 86 0.924370
26 87 0.525210
26 88 0.865546
26 89 0.565126
26 90 0.111345
26 91 0.563025
26 92 0.579832
26 93 0.642857
26 94 0.210084
26 95 0.831933
26 96 0.586134
26 97 0.653361
26 98 0.336134
26 99 0.855042
27 28 0.207407
27 29 0.561111
27 30 0.503704
27 31 0.627778
27 32 0.694444
27 33 0.624074
27 34 0.181481
27 35 0.822222
27 36 0.185185
27 37 0.838889
27 38 0.461111
27 39 0.427778
27 40 0.961111
27 41 0.033333
27 42 0.400000
27 43 0.548148
27 44 0.220370
27 45 0.805556
27 46 0.553704
27 47 0.303704
27 48 0.685185
27 49 0.737037
27 50 0.846296
27 51 0.425926
27 52 0.318519
27 53 0.362963
27 54 0.701852
27 55 0.696296
27 56 0.655556
27 57 0.450000
27 58 0.735185
27 59 0.351852
27 60 0.674074
27 61 0.585185
27 62 0.664815
27 63 0.138889
27 64 0.970370
27 65 0.946296
27 66 0.833333
27 67 0.287037
27 68 0.292593
27 69 0.596296
27 70 0.990741
27 71 0.820370
27 72 0.266667
27 73 0.437037
27 74 0.711111
27 75 0.538889
27 76 0.705556
27 77 0.796296
27 78 0.657407
27 79 0.037037
27 80 0.844444
27 81 0.431481
27 82 0.888889
27 83 0.620370
27 84 0.470370
27 85 0.503704
27 86 0.398148
27 87 0.794444
27 88 0.055556
27 89 0.314815
27 90 0.888889
27 91 0.557407
27 92 0.309259
27 93 0.309259
27 94 0.783333
27 95 0.138889
27 96 0.670370
27 97 0.322222
27 98 0.998148
27 99 0.564815
28 29 0.695076
28 30 0.600379
28 31 0.467803
28 32 0.579545
28 33 0.596591
28 34 0.189394
28 35 0.945076
28 36 0.304924
28 37 0.888258
28 38 0.526515
28 39 0.551136
28 40 0.910985
28 41 0.229167
28 42 0.517045
28 43 0.420455
28 44 0.390152
28 45 0.799242
28 46 0.717803
28 47 0.513258
28 48 0.549242
28 49 0.693182
28 50 0.971591
28 51 0.494318
28 52 0.350379
28 53 0.488636
28 54 0.854167
28 55 0.543561
28 56 0.736742
28 57 0.384470
28 58 0.810606
28 59 0.543561
28 60 0.600379
28 61 0.492424
28 62 0.589015
28 63 0.267045
28 64 0.950758
28 65 0.937500
28 66 0.814394
28 67 0.113636
28 68 0.204545
28 69 0.653409
28 70 0.950758
28 71 0.969697
28 72 0.469697
28 73 0.505682
28 74 0.645833
28 75 0.706439
28 76 0.604167
28 77 0.712121
28 78 0.820076
28 79 0.248106
28 80 0.998106
28 81 0.284091
28 82 0.837121
28 83 0.566288
28 84 0.293561
28 85 0.537879
28 86 0.585227
28 87 0.857955
28 88 0.244318
28 89 0.225379
28 90 0.820076
28 91 0.380682
28 92 0.208333
28 93 0.397727
28 94 0.768939
28 95 0.310606
28 96 0.490530
28 97 0.153409
28 98 0.984848
28 99 0.723485
29 30 0.141414
29 31 0.890909
29 32 0.806061
29 33 0.515152
29 34 0.539394
29 35 0.286869
29 36 0.424242
29 37 0.442424
29 38 0.246465
29 39 0.151515
29 40 0.820202
29 41 0.575758
29 42 0.189899
29 43 0.741414
29 44 0.375758
29 45 0.563636
29 46 0.125253
29 47 0.424242
29 48 0.860606
29 49 0.628283
29 50 0.313131
29 51 0.256566
29 52 0.400000
29 53 0.220202
29 54 0.177778
29 55 0.919192
29 56 0.212121
29 57 0.559596
29 58 0.286869
29 59 0.311111
29 60 0.668687
29 61 0.668687
29 62 0.670707
29 63 0.472727
29 64 0.743434
29 65 0.690909
29 66 0.626263
29 67 0.721212
29 68 0.600000
29 69 0.268687
29 70 0.818182
29 71 0.292929
29 72 0.408081
29 73 0.252525
29 74 0.670707
29 75 0.139394
29 76 0.765657
29 77 0.787879
29 78 0.167677
29 79 0.612121
29 80 0.325253
29 81 0.733333
29 82 0.765657
29 83 0.591919
29 84 0.824242
29 85 0.321212
29 86 0.274747
29 87 0.371717
29 88 0.551515
29 89 0.597980
29 90 0.814141
29 91 0.888889
29 92 0.618182
29 93 0.317172
29 94 0.567677
29 95 0.460606
29 96 0.997980
29 97 0.725253
29 98 0.747475
29 99 0.103030
30 31 0.872941
30 32 0.774118
30 33 0.442353
30 34 0.510588
30 35 0.428235
30 36 0.404706
30 37 0.461176
30 38 0.122353
30 39 0.124706
30 40 0.825882
30 41 0.597647
30 42 0.138824
30 43 0.698824
30 44 0.390588
30 45 0.536471
30 46 0.291765
30 47 0.515294
30 48 0.837647
30 49 0.583529
30 50 0.458824
30 51 0.143529
30 52 0.322353
30 53 0.190588
30 54 0.367059
30 55 0.905882
30 56 0.197647
30 57 0.487059
30 58 0.303529
30 59 0.397647
30 60 0.616471
30 61 0.611765
30 62 0.618824
30 63 0.463529
30 64 0.757647
30 65 0.703529
30 66 0.604706
30 67 0.703529
30 68 0.555294
30 69 0.183529
30 70 0.830588
30 71 0.482353
30 72 0.477647
30 73 0.134118
30 74 0.623529
30 75 0.298824
30 76 0.729412
30 77 0.762353
30 78 0.360000
30 79 0.649412
30 80 0.524706
30 81 0.696471
30 82 0.755294
30 83 0.527059
30 84 0.804706
30 85 0.209412
30 86 0.376471
30 87 0.390588
30 88 0.569412
30 89 0.550588
30 90 0.802353
30 91 0.875294
30 92 0.574118
30 93 0.254118
30 94 0.534118
30 95 0.472941
30 96 0.997647
30 97 0.703529
30 98 0.771765
30 99 0.272941
31 32 0.172881
31 33 0.391525
31 34 0.432203
31 35 0.894915
31 36 0.538983
31 37 0.706780
31 38 0.538983
31 39 0.647458
31 40 0.525424
31 41 0.571186
31 42 0.616949
31 43 0.125424
31 44 0.627119
31 45 0.542373
31 46 0.820339
31 47 0.776271
31 48 0.105085
31 49 0.398305
31 50 0.915254
31 51 0.532203
31 52 0.438983
31 53 0.616949
31 54 0.893220
31 55 0.071186
31 56 0.676271
31 57 0.277966
31 58 0.710169
31 59 0.755932
31 60 0.288136
31 61 0.213559
31 62 0.277966
31 63 0.533898
31 64 0.611864
31 65 0.623729
31 66 0.520339
31 67 0.320339
31 68 0.320339
31 69 0.579661
31 70 0.574576
31 71 0.966102
31 72 0.730508
31 73 0.533898
31 74 0.327119
31 75 0.818644
31 76 0.225424
31 77 0.320339
31 78 0.886441
31 79 0.608475
31 80 0.998305
31 81 0.179661
31 82 0.471186
31 83 0.316949
31 84 0.157627
31 85 0.488136
31 86 0.777966
31 87 0.713559
31 88 0.572881
31 89 0.305085
31 90 0.425424
31 91 0.091525
31 92 0.301695
31 93 0.528814
31 94 0.508475
31 95 0.591525
31 96 0.100000
31 97 0.284746
31 98 0.650847
31 99 0.813559
32 33 0.292135
32 34 0.522472
32 35 0.868914
32 36 0.612360
32 37 0.621723
32 38 0.522472
32 39 0.662921
32 40 0.389513
32 41 0.691011
32 42 0.634831
32 43 0.155431
32 44 0.700375
32 45 0.425094
32 46 0.844569
32 47 0.868914
32 48 0.080524
32 49 0.262172
32 50 0.887640
32 51 0.526217
32 52 0.468165
32 53 0.646067
32 54 0.897004
32 55 0.149813
32 56 0.631086
32 57 0.271536
32 58 0.651685
32 59 0.823970
32 60 0.151685
32 61 0.132959
32 62 0.142322
32 63 0.621723
32 64 0.485019
32 65 0.501873
32 66 0.393258
32 67 0.460674
32 68 0.406367
32 69 0.528090
32 70 0.443820
32 71 0.962547
32 72 0.818352
32 73 0.524345
32 74 0.183521
32 75 0.846442
32 76 0.059925
32 77 0.162921
32 78 0.902622
32 79 0.737828
32 80 0.998127
32 81 0.294007
32 82 0.329588
32 83 0.207865
32 84 0.322097
32 85 0.449438
32 86 0.838951
32 87 0.640449
32 88 0.687266
32 89 0.383895
32 90 0.280899
32 91 0.280899
32 92 0.389513
32 93 0.561798
32 94 0.387640
32 95 0.683521
32 96 0.292135
32 97 0.421348
32 98 0.529963
32 99 0.833333
33 34 0.638522
33 35 0.810026
33 36 0.672823
33 37 0.493404
33 38 0.385224
33 39 0.596306
33 40 0.488127
33 41 0.854881
33 42 0.569921
33 43 0.430079
33 44 0.754617
33 45 0.284960
33 46 0.823219
33 47 0.973615
33 48 0.509235
33 49 0.174142
33 50 0.839050
33 51 0.411609
33 52 0.443272
33 53 0.604222
33 54 0.868074
33 55 0.601583
33 56 0.477573
33 57 0.300792
33 58 0.506596
33 59 0.875989
33 60 0.205805
33 61 0.274406
33 62 0.213720
33 63 0.715040
33 64 0.496042
33 65 0.472296
33 66 0.303430
33 67 0.704485
33 68 0.546174
33 69 0.337731
33 70 0.522427
33 71 0.947230
33 72 0.910290
33 73 0.403694
33 74 0.200528
33 75 0.831135
33 76 0.343008
33 77 0.356201
33 78 0.883905
33 79 0.926121
33 80 0.997361
33 81 0.548813
33 82 0.390501
33 83 0.118734
33 84 0.656992
33 85 0.269129
33 86 0.875989
33 87 0.501319
33 88 0.836412
33 89 0.517150
33 90 0.419525
33 91 0.675462
33 92 0.543536
33 93 0.530343
33 94 0.240106
33 95 0.781003
33 96 0.765172
33 97 0.667546
33 98 0.540897
33 99 0.802111
34 35 0.892617
34 36 0.161074
34 37 0.841163
34 38 0.402685
34 39 0.429530
34 40 0.941834
34 41 0.201342
34 42 0.387025
34 43 0.451902
34 44 0.277405
34 45 0.769575
34 46 0.635347
34 47 0.463087
34 48 0.621924
34 49 0.673378
34 50 0.921700
34 51 0.362416
34 52 0.196868
34 53 0.357942
34 54 0.789709
34 55 0.644295
34 56 0.648770
34 57 0.322148
34 58 0.740492
34 59 0.460850
34 60 0.592841
34 61 0.485459
34 62 0.581655
34 63 0.136465
34 64 0.961969
34 65 0.937360
34 66 0.796421
34 67 0.217002
34 68 0.147651
34 69 0.557047
34 70 0.982103
34 71 0.923937
34 72 0.402685
34 73 0.375839
34 74 0.637584
34 75 0.621924
34 76 0.633110
34 77 0.740492
34 78 0.751678
34 79 0.259508
34 80 0.957494
34 81 0.333333
34 82 0.856823
34 83 0.530201
34 84 0.404922
34 85 0.427293
34 86 0.505593
34 87 0.798658
34 88 0.194631
34 89 0.167785
34 90 0.852349
34 91 0.503356
34 92 0.172260
34 93 0.246085
34 94 0.738255
34 95 0.212528
34 96 0.642058
34 97 0.239374
34 98 0.997763
34 99 0.639821
35 36 0.592845
35 37 0.293015
35 38 0.386712
35 39 0.362862
35 40 0.684838
35 41 0.725724
35 42 0.390119
35 43 0.773424
35 44 0.558773
35 45 0.471891
35 46 0.293015
35 47 0.589438
35 48 0.850085
35 49 0.584327
35 50 0.022147
35 51 0.410562
35 52 0.543441
35 53 0.422487
35 54 0.168654
35 55 0.908007
35 56 0.219761
35 57 0.633731
35 58 0.201022
35 59 0.495741
35 60 0.655877
35 61 0.689949
35 62 0.660988
35 63 0.635434
35 64 0.586031
35 65 0.534923
35 66 0.528109
35 67 0.819421
35 68 0.710392
35 69 0.316865
35 70 0.664395
35 71 0.117547
35 72 0.580920
35 73 0.402044
35 74 0.640545
35 75 0.310051
35 76 0.744463
35 77 0.729131
35 78 0.224872
35 79 0.758092
35 80 0.144804
35 81 0.798978
35 82 0.657581
35 83 0.599659
35 84 0.879046
35 85 0.413969
35 86 0.458262
35 87 0.240204
35 88 0.705281
35 89 0.703578
35 90 0.713799
35 91 0.919932
35 92 0.722317
35 93 0.492334
35 94 0.492334
35 95 0.630324
35 96 0.998296
35 97 0.816014
35 98 0.574106
35 99 0.272572
36 37 0.779736
36 38 0.330396
36 39 0.297357
36 40 0.969163
36 41 0.180617
36 42 0.259912
36 43 0.568282
36 44 0.116740
36 45 0.757709
36 46 0.477974
36 47 0.308370
36 48 0.733480
36 49 0.702643
36 50 0.795154
36 51 0.288546
36 52 0.189427
36 53 0.220264
36 54 0.640969
36 55 0.766520
36 56 0.559471
36 57 0.400881
36 58 0.654185
36 59 0.295154
36 60 0.651982
36 61 0.570485
36 62 0.645374
36 63 0.055066
36 64 0.962555
36 65 0.927313
36 66 0.799559
36 67 0.372247
36 68 0.288546
36 69 0.491189
36 70 0.997797
36 71 0.777533
36 72 0.248899
36 73 0.301762
36 74 0.689427
36 75 0.464758
36 76 0.713656
36 77 0.803965
36 78 0.596916
36 79 0.233480
36 80 0.810573
36 81 0.473568
36 82 0.885463
36 83 0.579295
36 84 0.550661
36 85 0.389868
36 86 0.339207
36 87 0.726872
36 88 0.156388
36 89 0.301762
36 90 0.898678
36 91 0.647577
36 92 0.312775
36 93 0.147577
36 94 0.735683
36 95 0.090308
36 96 0.781938
36 97 0.394273
36 98 0.991189
36 99 0.486784
37 38 0.427673
37 39 0.524109
37 40 0.484277
37 41 0.914046
37 42 0.534591
37 43 0.733753
37 44 0.754717
37 45 0.238994
37 46 0.582809
37 47 0.870021
37 48 0.781971
37 49 0.408805
37 50 0.371069
37 51 0.467505
37 52 0.601677
37 53 0.578616
37 54 0.513627
37 55 0.859539
37 56 0.243187
37 57 0.603774
37 58 0.161426
37 59 0.758910
37 60 0.528302
37 61 0.610063
37 62 0.538784
37 63 0.792453
37 64 0.358491
37 65 0.297694
37 66 0.303983
37 67 0.905660
37 68 0.767296
37 69 0.272537
37 70 0.454927
37 71 0.505241
37 72 0.838574
37 73 0.454927
37 74 0.492662
37 75 0.601677
37 76 0.633124
37 77 0.580713
37 78 0.561845
37 79 0.966457
37 80 0.538784
37 81 0.815514
37 82 0.461216
37 83 0.480084
37 84 0.905660
37 85 0.387841
37 86 0.733753
37 87 0.075472
37 88 0.893082
37 89 0.750524
37 90 0.534591
37 91 0.928721
37 92 0.773585
37 93 0.601677
37 94 0.274633
37 95 0.817610
37 96 0.997904
37 97 0.884696
37 98 0.345912
37 99 0.557652
38 39 0.211796
38 40 0.860590
38 41 0.621984
38 42 0.187668
38 43 0.654155
38 44 0.428954
38 45 0.557641
38 46 0.458445
38 47 0.621984
38 48 0.815013
38 49 0.563003
38 50 0.643432
38 51 0.050938
38 52 0.249330
38 53 0.230563
38 54 0.560322
38 55 0.890080
38 56 0.294906
38 57 0.412869
38 58 0.404826
38 59 0.504021
38 60 0.579088
38 61 0.560322
38 62 0.579088
38 63 0.463807
38 64 0.812332
38 65 0.758713
38 66 0.624665
38 67 0.680965
38 68 0.506702
38 69 0.195710
38 70 0.879357
38 71 0.686327
38 72 0.565684
38 73 0.034853
38 74 0.595174
38 75 0.463807
38 76 0.702413
38 77 0.753351
38 78 0.552279
38 79 0.689008
38 80 0.734584
38 81 0.656836
38 82 0.772118
38 83 0.474531
38 84 0.780161
38 85 0.117962
38 86 0.498660
38 87 0.482574
38 88 0.595174
38 89 0.498660
38 90 0.817694
38 91 0.857909
38 92 0.525469
38 93 0.219839
38 94 0.541555
38 95 0.498660
38 96 0.997319
38 97 0.675603
38 98 0.836461
38 99 0.445040
39 40 0.919169
39 41 0.491917
39 42 0.043880
39 43 0.715935
39 44 0.270208
39 45 0.644342
39 46 0.235566
39 47 0.383372
39 48 0.866051
39 49 0.667436
39 50 0.521940
39 51 0.166282
39 52 0.295612
39 53 0.080831
39 54 0.371824
39 55 0.926097
39 56 0.311778
39 57 0.505774
39 58 0.415704
39 59 0.267898
39 60 0.681293
39 61 0.653580
39 62 0.678984
39 63 0.367206
39 64 0.861432
39 65 0.810624
39 66 0.706697
39 67 0.653580
39 68 0.519630
39 69 0.300231
39 70 0.928406
39 71 0.508083
39 72 0.346420
39 73 0.170901
39 74 0.695150
39 75 0.230947
39 76 0.780600
39 77 0.831409
39 78 0.339492
39 79 0.535797
39 80 0.545035
39 81 0.683603
39 82 0.845266
39 83 0.591224
39 84 0.787529
39 85 0.284065
39 86 0.251732
39 87 0.503464
39 88 0.464203
39 89 0.521940
39 90 0.884527
39 91 0.868360
39 92 0.542725
39 93 0.189376
39 94 0.637413
39 95 0.362587
39 96 0.997691
39 97 0.660508
39 98 0.877598
39 99 0.230947
40 41 0.918478
40 42 0.710145
40 43 0.500000
40 44 0.853261
40 45 0.233696
40 46 0.847826
40 47 0.998188
40 48 0.449275
40 49 0.217391
40 50 0.739130
40 51 0.606884
40 52 0.639493
40 53 0.739130
40 54 0.833333
40 55 0.510870
40 56 0.556159
40 57 0.507246
40 58 0.525362
40 59 0.923913
40 60 0.297101
40 61 0.403986
40 62 0.307971
40 63 0.824275
40 64 0.132246
40 65 0.177536
40 66 0.173913
40 67 0.769928
40 68 0.679348
40 69 0.496377
40 70 0.054348
40 71 0.847826
40 72 0.956522
40 73 0.599638
40 74 0.251812
40 75 0.856884
40 76 0.324275
40 77 0.219203
40 78 0.862319
40 79 0.967391
40 80 0.878623
40 81 0.625000
40 82 0.068841
40 83 0.333333
40 84 0.675725
40 85 0.503623
40 86 0.918478
40 87 0.472826
40 88 0.905797
40 89 0.657609
40 90 0.106884
40 91 0.648551
40 92 0.672101
40 93 0.697464
40 94 0.224638
40 95 0.871377
40 96 0.653986
40 97 0.737319
40 98 0.172101
40 99 0.827899
41 42 0.376426
41 43 0.553232
41 44 0.193916
41 45 0.798479
41 46 0.536122
41 47 0.287072
41 48 0.695817
41 49 0.733840
41 50 0.834601
41 51 0.404943
41 52 0.300380
41 53 0.338403
41 54 0.686312
41 55 0.711027
41 56 0.638783
41 57 0.444867
41 58 0.722433
41 59 0.330798
41 60 0.673004
41 61 0.585551
41 62 0.663498
41 63 0.110266
41 64 0.971483
41 65 0.944867
41 66 0.830798
41 67 0.298479
41 68 0.290875
41 69 0.581749
41 70 0.994297
41 71 0.807985
41 72 0.247148
41 73 0.416350
41 74 0.711027
41 75 0.520913
41 76 0.709125
41 77 0.800380
41 78 0.642586
41 79 0.049430
41 80 0.832700
41 81 0.439163
41 82 0.891635
41 83 0.617871
41 84 0.484791
41 85 0.486692
41 86 0.378327
41 87 0.783270
41 88 0.022814
41 89 0.311787
41 90 0.893536
41 91 0.574144
41 92 0.309886
41 93 0.285171
41 94 0.777567
41 95 0.108365
41 96 0.690114
41 97 0.332700
41 98 0.998099
41 99 0.547529
42 43 0.706024
42 44 0.255422
42 45 0.665060
42 46 0.289157
42 47 0.395181
42 48 0.865060
42 49 0.677108
42 50 0.585542
42 51 0.144578
42 52 0.262651
42 53 0.050602
42 54 0.433735
42 55 0.925301
42 56 0.344578
42 57 0.486747
42 58 0.453012
42 59 0.284337
42 60 0.681928
42 61 0.645783
42 62 0.679518
42 63 0.344578
42 64 0.891566
42 65 0.840964
42 66 0.727711
42 67 0.636145
42 68 0.496386
42 69 0.313253
42 70 0.959036
42 71 0.575904
42 72 0.351807
42 73 0.149398
42 74 0.698795
42 75 0.284337
42 76 0.783133
42 77 0.838554
42 78 0.402410
42 79 0.525301
42 80 0.614458
42 81 0.669880
42 82 0.865060
42 83 0.587952
42 84 0.775904
42 85 0.274699
42 86 0.279518
42 87 0.542169
42 88 0.448193
42 89 0.498795
42 90 0.903614
42 91 0.860241
42 92 0.520482
42 93 0.151807
42 94 0.653012
42 95 0.344578
42 96 0.997590
42 97 0.643373
42 98 0.910843
42 99 0.286747
43 44 0.598058
43 45 0.506796
43 46 0.798058
43 47 0.772816
43 48 0.145631
43 49 0.351456
43 50 0.904854
43 51 0.466019
43 52 0.370874
43 53 0.570874
43 54 0.879612
43 55 0.178641
43 56 0.631068
43 57 0.174757
43 58 0.671845
43 59 0.737864
43 60 0.227184
43 61 0.118447
43 62 0.213592
43 63 0.502913
43 64 0.611650
43 65 0.617476
43 66 0.493204
43 67 0.314563
43 68 0.266019
43 69 0.520388
43 70 0.586408
43 71 0.963107
43 72 0.720388
43 73 0.469903
43 74 0.277670
43 75 0.796117
43 76 0.194175
43 77 0.310680
43 78 0.873786
43 79 0.611650
43 80 0.998058
43 81 0.141748
43 82 0.466019
43 83 0.236893
43 84 0.188350
43 85 0.413592
43 86 0.761165
43 87 0.681553
43 88 0.563107
43 89 0.246602
43 90 0.431068
43 91 0.180583
43 92 0.248544
43 93 0.471845
43 94 0.467961
43 95 0.568932
43 96 0.254369
43 97 0.273786
43 98 0.656311
43 99 0.790291
44 45 0.759336
44 46 0.373444
44 47 0.186722
44 48 0.794606
44 49 0.732365
44 50 0.707469
44 51 0.294606
44 52 0.259336
44 53 0.176349
44 54 0.537344
44 55 0.827801
44 56 0.518672
44 57 0.473029
44 58 0.612033
44 59 0.170124
44 60 0.699170
44 61 0.630705
44 62 0.692946
44 63 0.134855
44 64 0.956432
44 65 0.917012
44 66 0.804979
44 67 0.456432
44 68 0.381743
44 69 0.479253
44 70 0.997925
44 71 0.670124
44 72 0.130705
44 73 0.307054
44 74 0.728216
44 75 0.356846
44 76 0.763485
44 77 0.842324
44 78 0.487552
44 79 0.242739
44 80 0.697095
44 81 0.556017
44 82 0.902490
44 83 0.624481
44 84 0.628631
44 85 0.408714
44 86 0.213693
44 87 0.686722
44 88 0.186722
44 89 0.394191
44 90 0.921162
44 91 0.719917
44 92 0.404564
44 93 0.176349
44 94 0.744813
44 95 0.091286
44 96 0.846473
44 97 0.479253
44 98 0.977178
44 99 0.385892
45 46 0.761161
45 47 0.982143
45 48 0.602679
45 49 0.191964
45 50 0.633929
45 51 0.500000
45 52 0.584821
45 53 0.656250
45 54 0.738839
45 55 0.685268
45 56 0.397321
45 57 0.495536
45 58 0.361607
45 59 0.879464
45 60 0.332589
45 61 0.444196
45 62 0.348214
45 63 0.812500
45 64 0.209821
45 65 0.169643
45 66 0.073661
45 67 0.837054
45 68 0.700893
45 69 0.334821
45 70 0.279018
45 71 0.761161
45 72 0.935268
45 73 0.488839
45 74 0.285714
45 75 0.774554
45 76 0.435268
45 77 0.366071
45 78 0.774554
45 79 0.997768
45 80 0.801339
45 81 0.700893
45 82 0.241071
45 83 0.310268
45 84 0.787946
45 85 0.377232
45 86 0.866071
45 87 0.305804
45 88 0.919643
45 89 0.678571
45 90 0.316964
45 91 0.790179
45 92 0.700893
45 93 0.629464
45 94 0.042411
45 95 0.859375
45 96 0.845982
45 97 0.805804
45 98 0.234375
45 99 0.736607
46 47 0.328972
46 48 0.887850
46 49 0.693458
46 50 0.340187
46 51 0.319626
46 52 0.428037
46 53 0.235514
46 54 0.155140
46 55 0.938318
46 56 0.310280
46 57 0.598131
46 58 0.375701
46 59 0.229907
46 60 0.721495
46 61 0.712150
46 62 0.723364
46 63 0.446729
46 64 0.803738
46 65 0.755140
46 66 0.695327
46 67 0.708411
46 68 0.607477
46 69 0.362617
46 70 0.872897
46 71 0.276636
46 72 0.328972
46 73 0.317757
46 74 0.727103
46 75 0.018692
46 76 0.809346
46 77 0.837383
46 78 0.102804
46 79 0.551402
46 80 0.295327
46 81 0.743925
46 82 0.822430
46 83 0.648598
46 84 0.826168
46 85 0.396262
46 86 0.185047
46 87 0.452336
46 88 0.504673
46 89 0.609346
46 90 0.865421
46 91 0.893458
46 92 0.626168
46 93 0.338318
46 94 0.641121
46 95 0.420561
46 96 0.998131
46 97 0.717757
46 98 0.807477
46 99 0.022430
47 48 0.843137
47 49 0.775401
47 50 0.636364
47 51 0.385027
47 52 0.381462
47 53 0.258467
47 54 0.459893
47 55 0.871658
47 56 0.532977
47 57 0.566845
47 58 0.611408
47 59 0.098039
47 60 0.755793
47 61 0.702317
47 62 0.752228
47 63 0.258467
47 64 0.953654
47 65 0.916221
47 66 0.828877
47 67 0.531194
47 68 0.481283
47 69 0.525847
47 70 0.998217
47 71 0.575758
47 72 0.048128
47 73 0.393939
47 74 0.778966
47 75 0.295900
47 76 0.816399
47 77 0.878788
47 78 0.406417
47 79 0.267380
47 80 0.591800
47 81 0.632799
47 82 0.921569
47 83 0.689840
47 84 0.691622
47 85 0.486631
47 86 0.137255
47 87 0.682709
47 88 0.253119
47 89 0.495544
47 90 0.941176
47 91 0.770053
47 92 0.502674
47 93 0.301248
47 94 0.773619
47 95 0.199643
47 96 0.880570
47 97 0.556150
47 98 0.967914
47 99 0.333333
48 49 0.322751
48 50 0.899471
48 51 0.536155
48 52 0.462081
48 53 0.640212
48 54 0.897707
48 55 0.065256
48 56 0.654321
48 57 0.278660
48 58 0.679012
48 59 0.798942
48 60 0.213404
48 61 0.167549
48 62 0.204586
48 63 0.590829
48 64 0.532628
48 65 0.550265
48 66 0.446208
48 67 0.405644
48 68 0.375661
48 69 0.555556
48 70 0.490300
48 71 0.964727
48 72 0.786596
48 73 0.536155
48 74 0.248677
48 75 0.837743
48 76 0.132275
48 77 0.225750
48 78 0.897707
48 79 0.687831
48 80 0.998236
48 81 0.246914
48 82 0.384480
48 83 0.259259
48 84 0.255732
48 85 0.472663
48 86 0.816578
48 87 0.673721
48 88 0.643739
48 89 0.356261
48 90 0.335097
48 91 0.202822
48 92 0.358025
48 93 0.553792
48 94 0.440917
48 95 0.650794
48 96 0.199295
48 97 0.368607
48 98 0.574956
48 99 0.828924
49 50 0.836105
49 51 0.527316
49 52 0.553444
49 53 0.700713
49 54 0.897862
49 55 0.522565
49 56 0.534442
49 57 0.387173
49 58 0.532067
49 59 0.942993
49 60 0.152019
49 61 0.285036
49 62 0.168646
49 63 0.793349
49 64 0.325416
49 65 0.325416
49 66 0.173397
49 67 0.743468
49 68 0.612827
49 69 0.425178
49 70 0.325416
49 71 0.952494
49 72 0.978622
49 73 0.517815
49 74 0.099762
49 75 0.890736
49 76 0.256532
49 77 0.201900
49 78 0.923990
49 79 0.980998
49 80 0.997625
49 81 0.572447
49 82 0.197150
49 83 0.159145
49 84 0.655582
49 85 0.394299
49 86 0.942993
49 87 0.498812
49 88 0.902613
49 89 0.586698
49 90 0.223278
49 91 0.646081
49 92 0.608076
49 93 0.634204
49 94 0.159145
49 95 0.857482
49 96 0.695962
49 97 0.703088
49 98 0.375297
49 99 0.859857
50 51 0.424040
50 52 0.554257
50 53 0.437396
50 54 0.180301
50 55 0.908180
50 56 0.235392
50 57 0.641068
50 58 0.212020
50 59 0.504174
50 60 0.659432
50 61 0.696160
50 62 0.666110
50 63 0.644407
50 64 0.580968
50 65 0.532554
50 66 0.529215
50 67 0.824708
50 68 0.717863
50 69 0.328881
50 70 0.659432
50 71 0.115192
50 72 0.589316
50 73 0.415693
50 74 0.644407
50 75 0.322204
50 76 0.746244
50 77 0.729549
50 78 0.235392
50 79 0.764608
50 80 0.138564
50 81 0.804674
50 82 0.656093
50 83 0.606010
50 84 0.881469
50 85 0.427379
50 86 0.467446
50 87 0.245409
50 88 0.712855
50 89 0.711185
50 90 0.711185
50 91 0.921536
50 92 0.729549
50 93 0.504174
50 94 0.495826
50 95 0.639399
50 96 0.998331
50 97 0.821369
50 98 0.567613
50 99 0.285476
51 52 0.209809
51 53 0.198910
51 54 0.585831
51 55 0.901907
51 56 0.348774
51 57 0.408719
51 58 0.460490
51 59 0.476839
51 60 0.607629
51 61 0.572207
51 62 0.604905
51 63 0.419619
51 64 0.869210
51 65 0.817439
51 66 0.675749
51 67 0.653951
51 68 0.479564
51 69 0.250681
51 70 0.934605
51 71 0.724796
51 72 0.528610
51 73 0.016349
51 74 0.626703
51 75 0.465940
51 76 0.724796
51 77 0.784741
51 78 0.569482
51 79 0.645777
51 80 0.773842
51 81 0.643052
51 82 0.820163
51 83 0.501362
51 84 0.768392
51 85 0.152589
51 86 0.476839
51 87 0.542234
51 88 0.550409
51 89 0.471390
51 90 0.861035
51 91 0.852861
51 92 0.498638
51 93 0.171662
51 94 0.594005
51 95 0.455041
51 96 0.997275
51 97 0.648501
51 98 0.896458
51 99 0.452316
52 53 0.285326
52 54 0.777174
52 55 0.769022
52 56 0.551630
52 57 0.285326
52 58 0.660326
52 59 0.516304
52 60 0.573370
52 61 0.486413
52 62 0.565217
52 63 0.277174
52 64 0.959239
52 65 0.921196
52 66 0.758152
52 67 0.440217
52 68 0.269022
52 69 0.434783
52 70 0.997283
52 71 0.926630
52 72 0.510870
52 73 0.222826
52 74 0.616848
52 75 0.614130
52 76 0.660326
52 77 0.760870
52 78 0.747283
52 79 0.500000
52 80 0.972826
52 81 0.459239
52 82 0.858696
52 83 0.480978
52 84 0.576087
52 85 0.277174
52 86 0.546196
52 87 0.730978
52 88 0.404891
52 89 0.266304
52 90 0.872283
52 91 0.673913
52 92 0.293478
52 93 0.141304
52 94 0.682065
52 95 0.347826
52 96 0.831522
52 97 0.440217
52 98 0.997283
52 99 0.619565
53 54 0.463942
53 55 0.927885
53 56 0.396635
53 57 0.490385
53 58 0.504808
53 59 0.245192
53 60 0.701923
53 61 0.656250
53 62 0.699519
53 63 0.298077
53 64 0.935096
53 65 0.884615
53 66 0.766827
53 67 0.608173
53 68 0.475962
53 69 0.362981
53 70 0.997596
53 71 0.610577
53 72 0.300481
53 73 0.185096
53 74 0.723558
53 75 0.293269
53 76 0.800481
53 77 0.862981
53 78 0.425481
53 79 0.473558
53 80 0.646635
53 81 0.658654
53 82 0.899038
53 83 0.610577
53 84 0.759615
53 85 0.310096
53 86 0.250000
53 87 0.593750
53 88 0.399038
53 89 0.480769
53 90 0.935096
53 91 0.850962
53 92 0.502404
53 93 0.129808
53 94 0.694712
53 95 0.293269
53 96 0.990385
53 97 0.620192
53 98 0.956731
53 99 0.305288
54 55 0.926117
54 56 0.264605
54 57 0.623711
54 58 0.295533
54 59 0.353952
54 60 0.699313
54 61 0.709622
54 62 0.702749
54 63 0.541237
54 64 0.706186
54 65 0.658076
54 66 0.625430
54 67 0.764605
54 68 0.663230
54 69 0.345361
54 70 0.778351
54 71 0.111684
54 72 0.445017
54 73 0.365979
54 74 0.694158
54 75 0.159794
54 76 0.785223
54 77 0.792096
54 78 0.056701
54 79 0.646048
54 80 0.132302
54 81 0.774914
54 82 0.750859
54 83 0.635739
54 84 0.853952
54 85 0.414089
54 86 0.310997
54 87 0.357388
54 88 0.599656
54 89 0.661512
54 90 0.798969
54 91 0.907216
54 92 0.678694
54 93 0.419244
54 94 0.580756
54 95 0.522337
54 96 0.998282
54 97 0.768041
54 98 0.701031
54 99 0.127148
55 56 0.674457
55 57 0.303840
55 58 0.701169
55 59 0.789649
55 60 0.263773
55 61 0.212020
55 62 0.255426
55 63 0.580968
55 64 0.564274
55 65 0.580968
55 66 0.484140
55 67 0.380634
55 68 0.370618
55 69 0.580968
55 70 0.520868
55 71 0.966611
55 72 0.769616
55 73 0.552588
55 74 0.297162
55 75 0.836394
55 76 0.186978
55 77 0.270451
55 78 0.898164
55 79 0.661102
55 80 0.998331
55 81 0.237062
55 82 0.420701
55 83 0.305509
55 84 0.223706
55 85 0.497496
55 86 0.809683
55 87 0.697830
55 88 0.624374
55 89 0.355593
55 90 0.372287
55 91 0.160267
55 92 0.353923
55 93 0.560935
55 94 0.479132
55 95 0.637730
55 96 0.131886
55 97 0.345576
55 98 0.602671
55 99 0.829716
56 57 0.531729
56 58 0.096280
56 59 0.538293
56 60 0.568928
56 61 0.603939
56 62 0.573304
56 63 0.608315
56 64 0.577681
56 65 0.520788
56 66 0.461707
56 67 0.794311
56 68 0.649891
56 69 0.122538
56 70 0.663020
56 71 0.389497
56 72 0.623632
56 73 0.266958
56 74 0.555799
56 75 0.380744
56 76 0.680525
56 77 0.676149
56 78 0.369803
56 79 0.785558
56 80 0.428884
56 81 0.748359
56 82 0.619256
56 83 0.492341
56 84 0.851204
56 85 0.253829
56 86 0.509847
56 87 0.181619
56 88 0.711160
56 89 0.638950
56 90 0.680525
56 91 0.899344
56 92 0.663020
56 93 0.409190
56 94 0.402626
56 95 0.623632
56 96 0.997812
56 97 0.783370
56 98 0.579869
56 99 0.339168
57 58 0.633178
57 59 0.689252
57 60 0.280374
57 61 0.177570
57 62 0.268692
57 63 0.443925
57 64 0.696262
57 65 0.682243
57 66 0.530374
57 67 0.355140
57 68 0.221963
57 69 0.439252
57 70 0.700935
57 71 0.955607
57 72 0.679907
57 73 0.352804
57 74 0.331776
57 75 0.745327
57 76 0.329439
57 77 0.436916
57 78 0.838785
57 79 0.607477
57 80 0.997664
57 81 0.235981
57 82 0.563084
57 83 0.224299
57 84 0.341121
57 85 0.299065
57 86 0.712617
57 87 0.658879
57 88 0.535047
57 89 0.196262
57 90 0.553738
57 91 0.392523
57 92 0.217290
57 93 0.364486
57 94 0.478972
57 95 0.516355
57 96 0.507009
57 97 0.322430
57 98 0.740654
57 99 0.738318
58 59 0.604603
58 60 0.560669
58 61 0.612971
58 62 0.569038
58 63 0.673640
58 64 0.500000
58 65 0.441423
58 66 0.407950
58 67 0.834728
58 68 0.696653
58 69 0.177824
58 70 0.589958
58 71 0.374477
58 72 0.688285
58 73 0.341004
58 74 0.539749
58 75 0.437238
58 76 0.669456
58 77 0.648536
58 78 0.403766
58 79 0.843096
58 80 0.412134
58 81 0.776151
58 82 0.566946
58 83 0.495816
58 84 0.872385
58 85 0.309623
58 86 0.575314
58 87 0.085774
58 88 0.771967
58 89 0.684100
58 90 0.631799
58 91 0.912134
58 92 0.707113
58 93 0.481172
58 94 0.359833
58 95 0.688285
58 96 0.997908
58 97 0.822176
58 98 0.495816
58 99 0.395397
59 60 0.760155
59 61 0.713733
59 62 0.756286
59 63 0.286267
59 64 0.943907
59 65 0.903288
59 66 0.812379
59 67 0.586074
59 68 0.510638
59 69 0.475822
59 70 0.998066
59 71 0.524178
59 72 0.102515
59 73 0.346228
59 74 0.779497
59 75 0.218569
59 76 0.831721
59 77 0.889749
59 78 0.342360
59 79 0.350097
59 80 0.543520
59 81 0.669246
59 82 0.920696
59 83 0.684720
59 84 0.742747
59 85 0.446809
59 86 0.048356
59 87 0.636364
59 88 0.315280
59 89 0.520309
59 90 0.949710
59 91 0.823985
59 92 0.531915
59 93 0.270793
59 94 0.754352
59 95 0.235977
59 96 0.941973
59 97 0.607350
59 98 0.959381
59 99 0.257253
60 61 0.128821
60 62 0.015284
60 63 0.670306
60 64 0.432314
60 65 0.438865
60 66 0.299127
60 67 0.569869
60 68 0.465066
60 69 0.451965
60 70 0.410480
60 71 0.956332
60 72 0.871179
60 73 0.482533
60 74 0.054585
60 75 0.849345
60 76 0.113537
60 77 0.148472
60 78 0.901747
60 79 0.829694
60 80 0.997817
60 81 0.397380
60 82 0.275109
60 83 0.085153
60 84 0.467249
60 85 0.377729
60 86 0.866812
60 87 0.572052
60 88 0.762009
60 89 0.438865
60 90 0.255459
60 91 0.454148
60 92 0.454148
60 93 0.556769
60 94 0.281659
60 95 0.735808
60 96 0.500000
60 97 0.530568
60 98 0.480349
60 99 0.827511
61 62 0.110169
61 63 0.563559
61 64 0.542373
61 65 0.544492
61 66 0.408898
61 67 0.430085
61 68 0.338983
61 69 0.466102
61 70 0.523305
61 71 0.957627
61 72 0.777542
61 73 0.444915
61 74 0.180085
61 75 0.809322
61 76 0.137712
61 77 0.245763
61 78 0.877119
61 79 0.707627
61 80 0.997881
61 81 0.260593
61 82 0.391949
61 83 0.129237
61 84 0.328390
61 85 0.364407
61 86 0.796610
61 87 0.625000
61 88 0.644068
61 89 0.313559
61 90 0.366525
61 91 0.326271
61 92 0.326271
61 93 0.485169
61 94 0.381356
61 95 0.631356
61 96 0.391949
61 97 0.389831
61 98 0.588983
61 99 0.794492
62 63 0.658696
62 64 0.445652
62 65 0.452174
62 66 0.313043
62 67 0.552174
62 68 0.450000
62 69 0.454348
62 70 0.423913
62 71 0.956522
62 72 0.860870
62 73 0.478261
62 74 0.069565
62 75 0.845652
62 76 0.104348
62 77 0.156522
62 78 0.900000
62 79 0.817391
62 80 0.997826
62 81 0.380435
62 82 0.289130
62 83 0.084783
62 84 0.450000
62 85 0.378261
62 86 0.858696
62 87 0.578261
62 88 0.747826
62 89 0.423913
62 90 0.267391
62 91 0.436957
62 92 0.439130
62 93 0.547826
62 94 0.295652
62 95 0.723913
62 96 0.482609
62 97 0.513043
62 98 0.493478
62 99 0.826087
63 64 0.968085
63 65 0.936170
63 66 0.810638
63 67 0.329787
63 68 0.268085
63 69 0.525532
63 70 0.997872
63 71 0.802128
63 72 0.251064
63 73 0.340426
63 74 0.691489
63 75 0.493617
63 76 0.706383
63 77 0.800000
63 78 0.625532
63 79 0.178723
63 80 0.834043
63 81 0.446809
63 82 0.887234
63 83 0.585106
63 84 0.514894
63 85 0.421277
63 86 0.359574
63 87 0.753191
63 88 0.102128
63 89 0.287234
63 90 0.895745
63 91 0.610638
63 92 0.291489
63 93 0.193617
63 94 0.751064
63 95 0.072340
63 96 0.742553
63 97 0.355319
63 98 0.997872
63 99 0.517021
64 65 0.053903
64 66 0.137546
64 67 0.836431
64 68 0.730483
64 69 0.451673
64 70 0.091078
64 71 0.765799
64 72 0.955390
64 73 0.583643
64 74 0.319703
64 75 0.812268
64 76 0.423792
64 77 0.327138
64 78 0.801115
64 79 0.998141
64 80 0.795539
64 81 0.704461
64 82 0.161710
64 83 0.379182
64 84 0.765799
64 85 0.490706
64 86 0.895911
64 87 0.381041
64 88 0.934944
64 89 0.710037
64 90 0.228625
64 91 0.750929
64 92 0.726766
64 93 0.698885
64 94 0.189591
64 95 0.888476
64 96 0.773234
64 97 0.806691
64 98 0.042751
64 99 0.778810
65 66 0.123810
65 67 0.847619
65 68 0.735238
65 69 0.419048
65 70 0.148571
65 71 0.729524
65 72 0.940952
65 73 0.560000
65 74 0.335238
65 75 0.782857
65 76 0.449524
65 77 0.360000
65 78 0.769524
65 79 0.998095
65 80 0.760000
65 81 0.720000
65 82 0.198095
65 83 0.384762
65 84 0.786667
65 85 0.468571
65 86 0.874286
65 87 0.335238
65 88 0.931429
65 89 0.714286
65 90 0.270476
65 91 0.779048
65 92 0.733333
65 93 0.683810
65 94 0.169524
65 95 0.878095
65 96 0.807619
65 97 0.819048
65 98 0.055238
65 99 0.748571
66 67 0.816810
66 68 0.691810
66 69 0.387931
66 70 0.206897
66 71 0.808190
66 72 0.954741
66 73 0.523707
66 74 0.243534
66 75 0.814655
66 76 0.383621
66 77 0.299569
66 78 0.818966
66 79 0.997845
66 80 0.844828
66 81 0.672414
66 82 0.161638
66 83 0.293103
66 84 0.750000
66 85 0.413793
66 86 0.896552
66 87 0.366379
66 88 0.924569
66 89 0.668103
66 90 0.237069
66 91 0.743534
66 92 0.687500
66 93 0.653017
66 94 0.064655
66 95 0.870690
66 96 0.786638
66 97 0.784483
66 98 0.193966
66 99 0.780172
67 68 0.127168
67 69 0.605010
67 70 0.863198
67 71 0.967245
67 72 0.524085
67 73 0.472062
67 74 0.549133
67 75 0.720617
67 76 0.500963
67 77 0.610790
67 78 0.828516
67 79 0.337187
67 80 0.998073
67 81 0.171484
67 82 0.745665
67 83 0.472062
67 84 0.190751
67 85 0.483622
67 86 0.622351
67 87 0.807322
67 88 0.310212
67 89 0.142582
67 90 0.724470
67 91 0.281310
67 92 0.121387
67 93 0.385356
67 94 0.689788
67 95 0.358382
67 96 0.398844
67 97 0.040462
67 98 0.905588
67 99 0.732177
68 69 0.538126
68 70 0.862745
68 71 0.960784
68 72 0.529412
68 73 0.392157
68 74 0.514161
68 75 0.699346
68 76 0.488017
68 77 0.601307
68 78 0.812636
68 79 0.385621
68 80 0.997821
68 81 0.183007
68 82 0.734205
68 83 0.416122
68 84 0.261438
68 85 0.400871
68 86 0.610022
68 87 0.769063
68 88 0.331155
68 89 0.026144
68 90 0.721133
68 91 0.355120
68 92 0.023965
68 93 0.313725
68 94 0.649237
68 95 0.348584
68 96 0.488017
68 97 0.135076
68 98 0.897603
68 99 0.708061
69 70 0.685786
69 71 0.578554
69 72 0.690773
69 73 0.214464
69 74 0.506234
69 75 0.496259
69 76 0.643392
69 77 0.648379
69 78 0.521197
69 79 0.822943
69 80 0.625935
69 81 0.718204
69 82 0.613466
69 83 0.426434
69 84 0.832918
69 85 0.157107
69 86 0.596010
69 87 0.269327
69 88 0.735661
69 89 0.600998
69 90 0.673317
69 91 0.885287
69 92 0.628429
69 93 0.389027
69 94 0.374065
69 95 0.645885
69 96 0.997506
69 97 0.768080
69 98 0.620948
69 99 0.458853
70 71 0.829401
70 72 0.974592
70 73 0.613430
70 74 0.294011
70 75 0.858439
70 76 0.375681
70 77 0.272232
70 78 0.854809
70 79 0.998185
70 80 0.860254
70 81 0.671506
70 82 0.112523
70 83 0.370236
70 84 0.724138
70 85 0.519056
70 86 0.929220
70 87 0.451906
70 88 0.936479
70 89 0.696915
70 90 0.161525
70 91 0.700544
70 92 0.711434
70 93 0.718693
70 94 0.228675
70 95 0.896552
70 96 0.709619
70 97 0.780399
70 98 0.121597
70 99 0.827586
71 72 0.516746
71 73 0.419458
71 74 0.688995
71 75 0.251994
71 76 0.779904
71 77 0.775120
71 78 0.149920
71 79 0.701754
71 80 0.028708
71 81 0.800638
71 82 0.717703
71 83 0.642743
71 84 0.874003
71 85 0.449761
71 86 0.392344
71 87 0.330144
71 88 0.658692
71 89 0.700159
71 90 0.768740
71 91 0.918660
71 92 0.716108
71 93 0.481659
71 94 0.561404
71 95 0.586922
71 96 0.998405
71 97 0.802233
71 98 0.647528
71 99 0.221691
72 73 0.381679
72 74 0.786260
72 75 0.316794
72 76 0.822519
72 77 0.893130
72 78 0.438931
72 79 0.251908
72 80 0.637405
72 81 0.625954
72 82 0.940840
72 83 0.690840
72 84 0.688931
72 85 0.479008
72 86 0.148855
72 87 0.702290
72 88 0.229008
72 89 0.479008
72 90 0.961832
72 91 0.774809
72 92 0.486641
72 93 0.274809
72 94 0.788168
72 95 0.164122
72 96 0.891221
72 97 0.545802
72 98 0.998092
72 99 0.353053
73 74 0.615176
73 75 0.463415
73 76 0.715447
73 77 0.775068
73 78 0.563686
73 79 0.661247
73 80 0.758808
73 81 0.647696
73 82 0.804878
73 83 0.493225
73 84 0.772358
73 85 0.140921
73 86 0.485095
73 87 0.523035
73 88 0.566396
73 89 0.479675
73 90 0.845528
73 91 0.853659
73 92 0.509485
73 93 0.186992
73 94 0.577236
73 95 0.468835
73 96 0.997290
73 97 0.658537
73 98 0.875339
73 99 0.449864
74 75 0.869180
74 76 0.146341
74 77 0.130820
74 78 0.913525
74 79 0.886918
74 80 0.997783
74 81 0.461197
74 82 0.223947
74 83 0.110865
74 84 0.529933
74 85 0.394678
74 86 0.898004
74 87 0.549889
74 88 0.815965
74 89 0.496674
74 90 0.212860
74 91 0.516630
74 92 0.514412
74 93 0.592018
74 94 0.241685
74 95 0.784922
74 96 0.556541
74 97 0.592018
74 98 0.430155
74 99 0.844789
75 76 0.816135
75 77 0.846154
75 78 0.120075
75 79 0.536585
75 80 0.315197
75 81 0.741088
75 82 0.834897
75 83 0.656660
75 84 0.823640
75 85 0.403377
75 86 0.165103
75 87 0.470919
75 88 0.491557
75 89 0.606004
75 90 0.876173
75 91 0.891182
75 92 0.621013
75 93 0.332083
75 94 0.654784
75 95 0.407129
75 96 0.998124
75 97 0.712946
75 98 0.823640
75 99 0.043152
76 77 0.117878
76 78 0.907662
76 79 0.783890
76 80 0.998035
76 81 0.339882
76 82 0.284872
76 83 0.170923
76 84 0.383104
76 85 0.432220
76 86 0.858546
76 87 0.614931
76 88 0.724951
76 89 0.416503
76 90 0.241650
76 91 0.349705
76 92 0.424361
76 93 0.571709
76 94 0.343811
76 95 0.713163
76 96 0.369352
76 97 0.471513
76 98 0.493124
76 99 0.836935
77 78 0.928854
77 79 0.883399
77 80 0.998024
77 81 0.458498
77 82 0.177866
77 83 0.207510
77 84 0.503953
77 85 0.468379
77 86 0.916996
77 87 0.583004
77 88 0.822134
77 89 0.521739
77 90 0.124506
77 91 0.468379
77 92 0.533597
77 93 0.640316
77 94 0.288538
77 95 0.802372
77 96 0.476285
77 97 0.588933
77 98 0.395257
77 99 0.869565
78 79 0.608319
78 80 0.180243
78 81 0.767764
78 82 0.783362
78 83 0.649913
78 84 0.845754
78 85 0.419411
78 86 0.263432
78 87 0.402080
78 88 0.564991
78 89 0.648180
78 90 0.828423
78 91 0.902946
78 92 0.663778
78 93 0.398614
78 94 0.611785
78 95 0.485269
78 96 0.998267
78 97 0.752166
78 98 0.745234
78 99 0.086655
79 80 0.819168
79 81 0.457505
79 82 0.896926
79 83 0.634720
79 84 0.495479
79 85 0.509946
79 86 0.374322
79 87 0.788427
79 88 0.063291
79 89 0.339964
79 90 0.896926
79 91 0.580470
79 92 0.336347
79 93 0.314647
79 94 0.786618
79 95 0.135624
79 96 0.690778
79 97 0.350814
79 98 0.998192
79 99 0.546112
80 81 0.804954
80 82 0.724458
80 83 0.653251
80 84 0.876161
80 85 0.465944
80 86 0.396285
80 87 0.348297
80 88 0.659443
80 89 0.705882
80 90 0.773994
80 91 0.919505
80 92 0.721362
80 93 0.492260
80 94 0.572755
80 95 0.589783
80 96 0.998452
80 97 0.804954
80 98 0.653251
80 99 0.233746
81 82 0.768080
81 83 0.438903
81 84 0.114713
81 85 0.563591
81 86 0.902743
81 87 0.957606
81 88 0.578554
81 89 0.192020
81 90 0.730673
81 91 0.199501
81 92 0.179551
81 93 0.546135
81 94 0.735661
81 95 0.608479
81 96 0.349127
81 97 0.169576
81 98 0.997506
81 99 0.987531
82 83 0.306723
82 84 0.707983
82 85 0.512605
82 86 0.997899
82 87 0.516807
82 88 0.972689
82 89 0.682773
82 90 0.079832
82 91 0.680672
82 92 0.699580
82 93 0.735294
82 94 0.207983
82 95 0.932773
82 96 0.695378
82 97 0.775210
82 98 0.233193
82 99 0.903361
83 84 0.596100
83 85 0.373259
83 86 0.997214
83 87 0.654596
83 88 0.888579
83 89 0.501393
83 90 0.403900
83 91 0.601671
83 92 0.523677
83 93 0.607242
83 94 0.334262
83 95 0.846797
83 96 0.685237
83 97 0.637883
83 98 0.626741
83 99 0.947075
84 85 0.615385
84 86 0.907240
84 87 0.968326
84 88 0.581448
84 89 0.262443
84 90 0.719457
84 91 0.106335
84 92 0.246606
84 93 0.592760
84 94 0.755656
84 95 0.624434
84 96 0.244344
84 97 0.180995
84 98 0.981900
84 99 0.997738
85 86 0.669565
85 87 0.489855
85 88 0.715942
85 89 0.515942
85 90 0.753623
85 91 0.857971
85 92 0.547826
85 93 0.327536
85 94 0.469565
85 95 0.626087
85 96 0.997101
85 97 0.710145
85 98 0.797101
85 99 0.597101
86 87 0.626984
86 88 0.373016
86 89 0.565476
86 90 0.974206
86 91 0.876984
86 92 0.579365
86 93 0.295635
86 94 0.765873
86 95 0.287698
86 96 0.998016
86 97 0.660714
86 98 0.968254
86 99 0.216270
87 88 0.835759
87 89 0.719335
87 90 0.580042
87 91 0.920998
87 92 0.742204
87 93 0.544699
87 94 0.313929
87 95 0.756757
87 96 0.997921
87 97 0.856549
87 98 0.415800
87 99 0.478170
88 89 0.312741
88 90 0.895753
88 91 0.586873
88 92 0.312741
88 93 0.268340
88 94 0.774131
88 95 0.086873
88 96 0.706564
88 97 0.343629
88 98 0.998069
88 99 0.532819
89 90 0.793532
89 91 0.390547
89 92 0.027363
89 93 0.360697
89 94 0.713930
89 95 0.420398
89 96 0.542289
89 97 0.164179
89 98 0.997512
89 99 0.810945
90 91 0.659341
90 92 0.714286
90 93 0.789011
90 94 0.283516
90 95 0.986813
90 96 0.663736
90 97 0.784615
90 98 0.320879
90 99 0.997802
91 92 0.316562
91 93 0.626834
91 94 0.702306
91 95 0.672956
91 96 0.127883
91 97 0.266247
91 98 0.895178
91 99 0.997904
92 93 0.374696
92 94 0.722628
92 95 0.416058
92 96 0.518248
92 97 0.133820
92 98 0.997567
92 99 0.815085
93 94 0.704370
93 95 0.267352
93 96 0.920308
93 97 0.524422
93 98 0.997429
93 99 0.465296
94 95 0.997340
94 96 0.954787
94 97 0.914894
94 98 0.308511
94 99 0.885638
95 96 0.780041
95 97 0.405295
95 98 0.997963
95 99 0.468432
96 97 0.353383
96 98 0.825188
96 99 0.998120
97 98 0.997802
97 99 0.846154
98 99 0.997630
