100 4950
0 1 0.636861
0 2 0.970803
0 3 0.695255
0 4 0.875912
0 5 0.808394
0 6 0.589416
0 7 0.169708
0 8 0.436131
0 9 0.397810
0 10 0.273723
0 11 0.213504
0 12 0.768248
0 13 0.437956
0 14 0.600365
0 15 0.653285
0 16 0.448905
0 17 0.604015
0 18 0.503650
0 19 0.268248
0 20 0.408759
0 21 0.609489
0 22 0.724453
0 23 0.255474
0 24 0.574818
0 25 0.483577
0 26 0.284672
0 27 0.998175
0 28 0.498175
0 29 0.447080
0 30 0.297445
0 31 0.264599
0 32 0.328467
0 33 0.487226
0 34 0.781022
0 35 0.593066
0 36 0.611314
0 37 0.766423
0 38 0.675182
0 39 0.145985
0 40 0.478102
0 41 0.786496
0 42 0.914234
0 43 0.467153
0 44 0.308394
0 45 0.208029
0 46 0.680657
0 47 0.388686
0 48 0.870438
0 49 0.998175
0 50 0.518248
0 51 0.363139
0 52 0.503650
0 53 0.687956
0 54 0.467153
0 55 0.145985
0 56 0.065693
0 57 0.485401
0 58 0.448905
0 59 0.874088
0 60 0.985401
0 61 0.560219
0 62 0.660584
0 63 0.220803
0 64 0.678832
0 65 0.631387
0 66 0.313869
0 67 0.532847
0 68 0.408759
0 69 0.450730
0 70 0.333942
0 71 0.452555
0 72 0.344891
0 73 0.901460
0 74 0.680657
0 75 0.602190
0 76 0.291971
0 77 0.058394
0 78 0.638686
0 79 0.755474
0 80 0.766423
0 81 0.618613
0 82 0.751825
0 83 0.379562
0 84 0.817518
0 85 0.282847
0 86 0.711679
0 87 0.228102
0 88 0.182482
0 89 0.852190
0 90 0.182482
0 91 0.224453
0 92 0.664234
0 93 0.392336
0 94 0.279197
0 95 0.131387
0 96 0.140511
0 97 0.613139
0 98 0.713504
0 99 0.625912
1 2 0.421412
1 3 0.250569
1 4 0.341686
1 5 0.537585
1 6 0.366743
1 7 0.656036
1 8 0.312073
1 9 0.364465
1 10 0.583144
1 11 0.533030
1 12 0.189066
1 13 0.248292
1 14 0.437358
1 15 0.113895
1 16 0.314351
1 17 0.444191
1 18 0.198178
1 19 0.464692
1 20 0.514806
1 21 0.273349
1 22 0.261959
1 23 0.708428
1 24 0.291572
1 25 0.259681
1 26 0.890661
1 27 0.453303
1 28 0.610478
1 29 0.373576
1 30 0.626424
1 31 0.462415
1 32 0.553531
1 33 0.507973
1 34 0.214123
1 35 0.211845
1 36 0.806378
1 37 0.382688
1 38 0.061503
1 39 0.610478
1 40 0.195900
1 41 0.207289
1 42 0.357631
1 43 0.227790
1 44 0.626424
1 45 0.685649
1 46 0.366743
1 47 0.321185
1 48 0.305239
1 49 0.457859
1 50 0.626424
1 51 0.464692
1 52 0.801822
1 53 0.717540
1 54 0.305239
1 55 0.824601
1 56 0.767654
1 57 0.432802
1 58 0.569476
1 59 0.334852
1 60 0.435080
1 61 0.624146
1 62 0.760820
1 63 0.583144
1 64 0.084282
1 65 0.587699
1 66 0.888383
1 67 0.662870
1 68 0.341686
1 69 0.555809
1 70 0.701595
1 71 0.239180
1 72 0.403189
1 73 0.849658
1 74 0.592255
1 75 0.334852
1 76 0.997722
1 77 0.760820
1 78 0.738041
1 79 0.471526
1 80 0.530752
1 81 0.166287
1 82 0.742597
1 83 0.633257
1 84 0.715262
1 85 0.646925
1 86 0.555809
1 87 0.995444
1 88 0.583144
1 89 0.323462
1 90 0.749431
1 91 0.523918
1 92 0.528474
1 93 0.337130
1 94 0.466970
1 95 0.703872
1 96 0.854214
1 97 0.045558
1 98 0.626424
1 99 0.045558
2 3 0.290064
2 4 0.214744
2 5 0.500000
2 6 0.431090
2 7 0.759615
2 8 0.483974
2 9 0.548077
2 10 0.677885
2 11 0.671474
2 12 0.179487
2 13 0.471154
2 14 0.532051
2 15 0.312500
2 16 0.479167
2 17 0.535256
2 18 0.431090
2 19 0.616987
2 20 0.597756
2 21 0.423077
2 22 0.333333
2 23 0.790064
2 24 0.450321
2 25 0.442308
2 26 0.918269
2 27 0.032051
2 28 0.685897
2 29 0.543269
2 30 0.730769
2 31 0.618590
2 32 0.645833
2 33 0.616987
2 34 0.224359
2 35 0.357372
2 36 0.801282
2 37 0.392628
2 38 0.269231
2 39 0.724359
2 40 0.432692
2 41 0.163462
2 42 0.056090
2 43 0.442308
2 44 0.695513
2 45 0.777244
2 46 0.440705
2 47 0.522436
2 48 0.091346
2 49 0.027244
2 50 0.631410
2 51 0.584936
2 52 0.825321
2 53 0.708333
2 54 0.498397
2 55 0.878205
2 56 0.836538
2 57 0.520833
2 58 0.668269
2 59 0.203526
2 60 0.076923
2 61 0.677885
2 62 0.751603
2 63 0.706731
2 64 0.254808
2 65 0.628205
2 66 0.915064
2 67 0.653846
2 68 0.509615
2 69 0.608974
2 70 0.778846
2 71 0.464744
2 72 0.580128
2 73 0.730769
2 74 0.612179
2 75 0.405449
2 76 0.996795
2 77 0.831731
2 78 0.741987
2 79 0.475962
2 80 0.519231
2 81 0.362179
2 82 0.705128
2 83 0.682692
2 84 0.652244
2 85 0.745192
2 86 0.568910
2 87 0.998397
2 88 0.698718
2 89 0.144231
2 90 0.823718
2 91 0.665064
2 92 0.568910
2 93 0.516026
2 94 0.626603
2 95 0.778846
2 96 0.897436
2 97 0.312500
2 98 0.623397
2 99 0.314103
3 4 0.443114
3 5 0.686627
3 6 0.175649
3 7 0.686627
3 8 0.281437
3 9 0.481038
3 10 0.502994
3 11 0.562874
3 12 0.165669
3 13 0.341317
3 14 0.598802
3 15 0.317365
3 16 0.269461
3 17 0.606786
3 18 0.357285
3 19 0.471058
3 20 0.387226
3 21 0.459082
3 22 0.439122
3 23 0.760479
3 24 0.471058
3 25 0.231537
3 26 0.916168
3 27 0.399202
3 28 0.734531
3 29 0.512974
3 30 0.700599
3 31 0.483034
3 32 0.457086
3 33 0.644711
3 34 0.349301
3 35 0.111776
3 36 0.910180
3 37 0.544910
3 38 0.249501
3 39 0.608782
3 40 0.287425
3 41 0.177645
3 42 0.289421
3 43 0.269461
3 44 0.516966
3 45 0.728543
3 46 0.540918
3 47 0.415170
3 48 0.249501
3 49 0.381238
3 50 0.427146
3 51 0.387226
3 52 0.892216
3 53 0.846307
3 54 0.455090
3 55 0.828343
3 56 0.758483
3 57 0.289421
3 58 0.688623
3 59 0.431138
3 60 0.423154
3 61 0.752495
3 62 0.878244
3 63 0.632735
3 64 0.157685
3 65 0.732535
3 66 0.922156
3 67 0.455090
3 68 0.313373
3 69 0.397206
3 70 0.774451
3 71 0.357285
3 72 0.493014
3 73 0.962076
3 74 0.738523
3 75 0.143713
3 76 0.998004
3 77 0.748503
3 78 0.858283
3 79 0.630739
3 80 0.684631
3 81 0.365269
3 82 0.870259
3 83 0.491018
3 84 0.846307
3 85 0.714571
3 86 0.708583
3 87 0.976048
3 88 0.558882
3 89 0.189621
3 90 0.778443
3 91 0.558882
3 92 0.682635
3 93 0.331337
3 94 0.528942
3 95 0.646707
3 96 0.850299
3 97 0.193613
3 98 0.768463
3 99 0.259481
4 5 0.323636
4 6 0.543636
4 7 0.736364
4 8 0.521818
4 9 0.483636
4 10 0.734545
4 11 0.658182
4 12 0.256364
4 13 0.443636
4 14 0.392727
4 15 0.221818
4 16 0.523636
4 17 0.394545
4 18 0.369091
4 19 0.623636
4 20 0.683636
4 21 0.290909
4 22 0.170909
4 23 0.745455
4 24 0.329091
4 25 0.480000
4 26 0.885455
4 27 0.240000
4 28 0.578182
4 29 0.456364
4 30 0.672727
4 31 0.616364
4 32 0.714545
4 33 0.509091
4 34 0.101818
4 35 0.425455
4 36 0.690909
4 37 0.209091
4 38 0.223636
4 39 0.729091
4 40 0.416364
4 41 0.250909
4 42 0.249091
4 43 0.450909
4 44 0.772727
4 45 0.743636
4 46 0.280000
4 47 0.483636
4 48 0.241818
4 49 0.270909
4 50 0.763636
4 51 0.643636
4 52 0.732727
4 53 0.572727
4 54 0.416364
4 55 0.867273
4 56 0.838182
4 57 0.614545
4 58 0.570909
4 59 0.012727
4 60 0.181818
4 61 0.556364
4 62 0.625455
4 63 0.674545
4 64 0.278182
4 65 0.489091
4 66 0.874545
4 67 0.794545
4 68 0.545455
4 69 0.714545
4 70 0.712727
4 71 0.423636
4 72 0.532727
4 73 0.583636
4 74 0.463636
4 75 0.514545
4 76 0.980000
4 77 0.836364
4 78 0.616364
4 79 0.301818
4 80 0.349091
4 81 0.256364
4 82 0.561818
4 83 0.778182
4 84 0.496364
4 85 0.690909
4 86 0.410909
4 87 0.998182
4 88 0.718182
4 89 0.320000
4 90 0.798182
4 91 0.647273
4 92 0.420000
4 93 0.538182
4 94 0.594545
4 95 0.818182
4 96 0.890909
4 97 0.307273
4 98 0.472727
4 99 0.263636
5 6 0.771037
5 7 0.688845
5 8 0.657534
5 9 0.457926
5 10 0.833659
5 11 0.655577
5 12 0.553816
5 13 0.516634
5 14 0.223092
5 15 0.363992
5 16 0.669276
5 17 0.219178
5 18 0.422701
5 19 0.673190
5 20 0.837573
5 21 0.262231
5 22 0.242661
5 23 0.645793
5 24 0.281800
5 25 0.636008
5 26 0.769080
5 27 0.606654
5 28 0.387476
5 29 0.393346
5 30 0.571429
5 31 0.649706
5 32 0.833659
5 33 0.356164
5 34 0.362035
5 35 0.639922
5 36 0.444227
5 37 0.140900
5 38 0.426614
5 39 0.737769
5 40 0.522505
5 41 0.557730
5 42 0.604697
5 43 0.575342
5 44 0.888454
5 45 0.669276
5 46 0.162427
5 47 0.510763
5 48 0.587084
5 49 0.639922
5 50 0.964775
5 51 0.769080
5 52 0.528376
5 53 0.295499
5 54 0.393346
5 55 0.802348
5 56 0.810176
5 57 0.798434
5 58 0.414873
5 59 0.362035
5 60 0.542074
5 61 0.336595
5 62 0.360078
5 63 0.630137
5 64 0.518591
5 65 0.244618
5 66 0.745597
5 67 0.998043
5 68 0.669276
5 69 0.888454
5 70 0.581213
5 71 0.479452
5 72 0.516634
5 73 0.283757
5 74 0.195695
5 75 0.747554
5 76 0.876712
5 77 0.812133
5 78 0.358121
5 79 0.062622
5 80 0.048924
5 81 0.330724
5 82 0.266145
5 83 0.923679
5 84 0.185910
5 85 0.592955
5 86 0.133072
5 87 0.923679
5 88 0.759295
5 89 0.657534
5 90 0.724070
5 91 0.641879
5 92 0.172211
5 93 0.647750
5 94 0.583170
5 95 0.863014
5 96 0.831703
5 97 0.497065
5 98 0.185910
5 99 0.426614
6 7 0.583969
6 8 0.188931
6 9 0.450382
6 10 0.345420
6 11 0.463740
6 12 0.320611
6 13 0.312977
6 14 0.624046
6 15 0.400763
6 16 0.169847
6 17 0.631679
6 18 0.370229
6 19 0.362595
6 20 0.215649
6 21 0.507634
6 22 0.526718
6 23 0.673664
6 24 0.505725
6 25 0.164122
6 26 0.812977
6 27 0.551527
6 28 0.711832
6 29 0.498092
6 30 0.629771
6 31 0.383588
6 32 0.291985
6 33 0.629771
6 34 0.471374
6 35 0.129771
6 36 0.887405
6 37 0.625954
6 38 0.353053
6 39 0.486641
6 40 0.272901
6 41 0.333969
6 42 0.446565
6 43 0.230916
6 44 0.343511
6 45 0.631679
6 46 0.599237
6 47 0.374046
6 48 0.406489
6 49 0.532443
6 50 0.240458
6 51 0.238550
6 52 0.845420
6 53 0.853053
6 54 0.450382
6 55 0.708015
6 56 0.627863
6 57 0.120229
6 58 0.658397
6 59 0.561069
6 60 0.572519
6 61 0.744275
6 62 0.872137
6 63 0.543893
6 64 0.278626
6 65 0.744275
6 66 0.822519
6 67 0.267176
6 68 0.208015
6 69 0.213740
6 70 0.706107
6 71 0.341603
6 72 0.440840
6 73 0.998092
6 74 0.761450
6 75 0.030534
6 76 0.875954
6 77 0.618321
6 78 0.851145
6 79 0.692748
6 80 0.740458
6 81 0.429389
6 82 0.887405
6 83 0.309160
6 84 0.883588
6 85 0.637405
6 86 0.746183
6 87 0.841603
6 88 0.427481
6 89 0.347328
6 90 0.671756
6 91 0.463740
6 92 0.711832
6 93 0.238550
6 94 0.450382
6 95 0.494275
6 96 0.723282
6 97 0.270992
6 98 0.795802
6 99 0.337786
7 8 0.425662
7 9 0.281059
7 10 0.346232
7 11 0.128310
7 12 0.749491
7 13 0.368635
7 14 0.484725
7 15 0.584521
7 16 0.443992
7 17 0.488798
7 18 0.419552
7 19 0.236253
7 20 0.472505
7 21 0.513238
7 22 0.645621
7 23 0.122200
7 24 0.470468
7 25 0.468432
7 26 0.244399
7 27 0.991853
7 28 0.368635
7 29 0.323829
7 30 0.144603
7 31 0.211813
7 32 0.397149
7 33 0.354379
7 34 0.727088
7 35 0.586558
7 36 0.507128
7 37 0.680244
7 38 0.623218
7 39 0.130346
7 40 0.421589
7 41 0.767821
7 42 0.906314
7 43 0.427699
7 44 0.405295
7 45 0.063136
7 46 0.582485
7 47 0.299389
7 48 0.859470
7 49 0.997963
7 50 0.619145
7 51 0.397149
7 52 0.395112
7 53 0.580448
7 54 0.358452
7 55 0.150713
7 56 0.126273
7 57 0.529532
7 58 0.311609
7 59 0.824847
7 60 0.967413
7 61 0.437882
7 62 0.553971
7 63 0.067210
7 64 0.645621
7 65 0.515275
7 66 0.260692
7 67 0.645621
7 68 0.399185
7 69 0.531568
7 70 0.201629
7 71 0.372709
7 72 0.230143
7 73 0.816701
7 74 0.568228
7 75 0.627291
7 76 0.315682
7 77 0.128310
7 78 0.529532
7 79 0.659878
7 80 0.670061
7 81 0.537678
7 82 0.649695
7 83 0.482688
7 84 0.720978
7 85 0.132383
7 86 0.606925
7 87 0.303462
7 88 0.205703
7 89 0.855397
7 90 0.093686
7 91 0.128310
7 92 0.553971
7 93 0.370672
7 94 0.167006
7 95 0.250509
7 96 0.175153
7 97 0.570265
7 98 0.606925
7 99 0.566191
8 9 0.314856
8 10 0.268293
8 11 0.323725
8 12 0.421286
8 13 0.168514
8 14 0.554324
8 15 0.381375
8 16 0.022173
8 17 0.563193
8 18 0.266075
8 19 0.210643
8 20 0.206208
8 21 0.447894
8 22 0.518847
8 23 0.563193
8 24 0.430155
8 25 0.057650
8 26 0.727273
8 27 0.709534
8 28 0.620843
8 29 0.381375
8 30 0.512195
8 31 0.230599
8 32 0.235033
8 33 0.532151
8 34 0.512195
8 35 0.188470
8 36 0.824834
8 37 0.620843
8 38 0.363636
8 39 0.363636
8 40 0.150776
8 41 0.443459
8 42 0.596452
8 43 0.093126
8 44 0.305987
8 45 0.516630
8 46 0.558758
8 47 0.223947
8 48 0.543237
8 49 0.700665
8 50 0.350333
8 51 0.148559
8 52 0.767184
8 53 0.802661
8 54 0.334812
8 55 0.614191
8 56 0.529933
8 57 0.168514
8 58 0.556541
8 59 0.629712
8 60 0.709534
8 61 0.667406
8 62 0.818182
8 63 0.412417
8 64 0.323725
8 65 0.682927
8 66 0.738359
8 67 0.388027
8 68 0.033259
8 69 0.261641
8 70 0.600887
8 71 0.210643
8 72 0.294900
8 73 0.997783
8 74 0.711752
8 75 0.219512
8 76 0.807095
8 77 0.518847
8 78 0.791574
8 79 0.671840
8 80 0.718404
8 81 0.381375
8 82 0.853659
8 83 0.317073
8 84 0.866962
8 85 0.521064
8 86 0.705100
8 87 0.776053
8 88 0.308204
8 89 0.509978
8 90 0.565410
8 91 0.321508
8 92 0.660754
8 93 0.057650
8 94 0.303769
8 95 0.410200
8 96 0.634146
8 97 0.261641
8 98 0.753880
8 99 0.317073
9 10 0.544444
9 11 0.286111
9 12 0.675000
9 13 0.202778
9 14 0.352778
9 15 0.416667
9 16 0.422222
9 17 0.361111
9 18 0.202778
9 19 0.308333
9 20 0.605556
9 21 0.322222
9 22 0.497222
9 23 0.419444
9 24 0.269444
9 25 0.413889
9 26 0.641667
9 27 0.983333
9 28 0.380556
9 29 0.097222
9 30 0.316667
9 31 0.272222
9 32 0.563889
9 33 0.272222
9 34 0.608333
9 35 0.533333
9 36 0.636111
9 37 0.561111
9 38 0.480556
9 39 0.402778
9 40 0.272222
9 41 0.700000
9 42 0.877778
9 43 0.319444
9 44 0.627778
9 45 0.400000
9 46 0.438889
9 47 0.113889
9 48 0.816667
9 49 0.997222
9 50 0.811111
9 51 0.488889
9 52 0.577778
9 53 0.622222
9 54 0.105556
9 55 0.586111
9 56 0.544444
9 57 0.602778
9 58 0.302778
9 59 0.741667
9 60 0.941667
9 61 0.441667
9 62 0.633333
9 63 0.291667
9 64 0.538889
9 65 0.477778
9 66 0.636111
9 67 0.855556
9 68 0.388889
9 69 0.688889
9 70 0.411111
9 71 0.169444
9 72 0.083333
9 73 0.894444
9 74 0.530556
9 75 0.641667
9 76 0.777778
9 77 0.541667
9 78 0.597222
9 79 0.563889
9 80 0.597222
9 81 0.347222
9 82 0.694444
9 83 0.697222
9 84 0.738889
9 85 0.341667
9 86 0.544444
9 87 0.788889
9 88 0.425000
9 89 0.833333
9 90 0.483333
9 91 0.266667
9 92 0.477778
9 93 0.344444
9 94 0.183333
9 95 0.572222
9 96 0.622222
9 97 0.436111
9 98 0.583333
9 99 0.405556
10 11 0.236994
10 12 0.599229
10 13 0.321773
10 14 0.622351
10 15 0.549133
10 16 0.236994
10 17 0.628131
10 18 0.414258
10 19 0.163776
10 20 0.142582
10 21 0.568401
10 22 0.657033
10 23 0.443160
10 24 0.541426
10 25 0.283237
10 26 0.547206
10 27 0.849711
10 28 0.605010
10 29 0.445087
10 30 0.435453
10 31 0.192678
10 32 0.057803
10 33 0.551060
10 34 0.672447
10 35 0.387283
10 36 0.768786
10 37 0.732177
10 38 0.543353
10 39 0.202312
10 40 0.339114
10 41 0.616570
10 42 0.749518
10 43 0.300578
10 44 0.059730
10 45 0.387283
10 46 0.662813
10 47 0.315992
10 48 0.703276
10 49 0.840077
10 50 0.263969
10 51 0.111753
10 52 0.684008
10 53 0.795761
10 54 0.431599
10 55 0.414258
10 56 0.319846
10 57 0.229287
10 58 0.545279
10 59 0.774566
10 60 0.849711
10 61 0.660886
10 62 0.789981
10 63 0.321773
10 64 0.516378
10 65 0.705202
10 66 0.568401
10 67 0.283237
10 68 0.204239
10 69 0.186898
10 70 0.506744
10 71 0.354528
10 72 0.327553
10 73 0.998073
10 74 0.743738
10 75 0.368015
10 76 0.583815
10 77 0.308285
10 78 0.766859
10 79 0.757225
10 80 0.788054
10 81 0.535645
10 82 0.853565
10 83 0.129094
10 84 0.890173
10 85 0.431599
10 86 0.757225
10 87 0.529865
10 88 0.131021
10 89 0.666667
10 90 0.404624
10 91 0.246628
10 92 0.709056
10 93 0.208092
10 94 0.281310
10 95 0.154143
10 96 0.421965
10 97 0.458574
10 98 0.782274
10 99 0.499037
11 12 0.713303
11 13 0.286697
11 14 0.511468
11 15 0.550459
11 16 0.355505
11 17 0.518349
11 18 0.364679
11 19 0.123853
11 20 0.401376
11 21 0.502294
11 22 0.639908
11 23 0.261468
11 24 0.458716
11 25 0.385321
11 26 0.419725
11 27 0.995413
11 28 0.447248
11 29 0.305046
11 30 0.236239
11 31 0.094037
11 32 0.327982
11 33 0.396789
11 34 0.711009
11 35 0.518349
11 36 0.635321
11 37 0.699541
11 38 0.582569
11 39 0.096330
11 40 0.344037
11 41 0.733945
11 42 0.892202
11 43 0.341743
11 44 0.353211
11 45 0.204128
11 46 0.598624
11 47 0.217890
11 48 0.839450
11 49 0.997706
11 50 0.573394
11 51 0.309633
11 52 0.532110
11 53 0.681193
11 54 0.321101
11 55 0.305046
11 56 0.233945
11 57 0.456422
11 58 0.373853
11 59 0.827982
11 60 0.972477
11 61 0.518349
11 62 0.667431
11 63 0.105505
11 64 0.598624
11 65 0.582569
11 66 0.433486
11 67 0.605505
11 68 0.305046
11 69 0.470183
11 70 0.325688
11 71 0.300459
11 72 0.167431
11 73 0.933486
11 74 0.637615
11 75 0.561927
11 76 0.500000
11 77 0.229358
11 78 0.637615
11 79 0.697248
11 80 0.720183
11 81 0.506881
11 82 0.752294
11 83 0.433486
11 84 0.814220
11 85 0.236239
11 86 0.665138
11 87 0.474771
11 88 0.137615
11 89 0.827982
11 90 0.250000
11 91 0.016055
11 92 0.605505
11 93 0.272936
11 94 0.084862
11 95 0.243119
11 96 0.330275
11 97 0.511468
11 98 0.683486
11 99 0.520642
12 13 0.357006
12 14 0.508637
12 15 0.220729
12 16 0.358925
12 17 0.514395
12 18 0.328215
12 19 0.525912
12 20 0.506718
12 21 0.368522
12 22 0.307102
12 23 0.756238
12 24 0.391555
12 25 0.314779
12 26 0.909789
12 27 0.247601
12 28 0.669866
12 29 0.474088
12 30 0.687140
12 31 0.529750
12 32 0.560461
12 33 0.583493
12 34 0.193858
12 35 0.216891
12 36 0.827255
12 37 0.404990
12 38 0.149712
12 39 0.656430
12 40 0.309021
12 41 0.017274
12 42 0.151631
12 43 0.316699
12 44 0.619962
12 45 0.735125
12 46 0.424184
12 47 0.424184
12 48 0.105566
12 49 0.241843
12 50 0.564299
12 51 0.485605
12 52 0.833013
12 53 0.740883
12 54 0.418426
12 55 0.848369
12 56 0.792706
12 57 0.418426
12 58 0.637236
12 59 0.257198
12 60 0.255278
12 61 0.673704
12 62 0.783109
12 63 0.646833
12 64 0.095969
12 65 0.635317
12 66 0.907869
12 67 0.593090
12 68 0.395393
12 69 0.525912
12 70 0.750480
12 71 0.357006
12 72 0.497121
12 73 0.819578
12 74 0.629559
12 75 0.291747
12 76 0.998081
12 77 0.786948
12 78 0.765835
12 79 0.497121
12 80 0.550864
12 81 0.278311
12 82 0.752399
12 83 0.608445
12 84 0.712092
12 85 0.704415
12 86 0.589251
12 87 0.992322
12 88 0.621881
12 89 0.115163
12 90 0.786948
12 91 0.589251
12 92 0.575816
12 93 0.401152
12 94 0.547025
12 95 0.717850
12 96 0.871401
12 97 0.168906
12 98 0.652591
12 99 0.191939
13 14 0.464000
13 15 0.325333
13 16 0.226667
13 17 0.472000
13 18 0.130667
13 19 0.261333
13 20 0.440000
13 21 0.346667
13 22 0.464000
13 23 0.562667
13 24 0.320000
13 25 0.208000
13 26 0.773333
13 27 0.821333
13 28 0.557333
13 29 0.261333
13 30 0.477333
13 31 0.253333
13 32 0.434667
13 33 0.442667
13 34 0.506667
13 35 0.317333
13 36 0.802667
13 37 0.570667
13 38 0.346667
13 39 0.426667
13 40 0.072000
13 41 0.520000
13 42 0.704000
13 43 0.112000
13 44 0.512000
13 45 0.525333
13 46 0.482667
13 47 0.098667
13 48 0.642667
13 49 0.824000
13 50 0.624000
13 51 0.341333
13 52 0.749333
13 53 0.762667
13 54 0.200000
13 55 0.680000
13 56 0.608000
13 57 0.405333
13 58 0.485333
13 59 0.648000
13 60 0.797333
13 61 0.602667
13 62 0.786667
13 63 0.402667
13 64 0.362667
13 65 0.616000
13 66 0.776000
13 67 0.669333
13 68 0.210667
13 69 0.512000
13 70 0.578667
13 71 0.050667
13 72 0.202667
13 73 0.997333
13 74 0.653333
13 75 0.421333
13 76 0.890667
13 77 0.600000
13 78 0.754667
13 79 0.616000
13 80 0.666667
13 81 0.296000
13 82 0.821333
13 83 0.554667
13 84 0.840000
13 85 0.498667
13 86 0.645333
13 87 0.880000
13 88 0.402667
13 89 0.637333
13 90 0.597333
13 91 0.322667
13 92 0.589333
13 93 0.176000
13 94 0.261333
13 95 0.546667
13 96 0.712000
13 97 0.261333
13 98 0.701333
13 99 0.274667
14 15 0.352941
14 16 0.607059
14 17 0.007059
14 18 0.312941
14 19 0.560000
14 20 0.792941
14 21 0.171765
14 22 0.291765
14 23 0.515294
14 24 0.150588
14 25 0.581176
14 26 0.675294
14 27 0.792941
14 28 0.240000
14 29 0.214118
14 30 0.423529
14 31 0.529412
14 32 0.771765
14 33 0.169412
14 34 0.449412
14 35 0.628235
14 36 0.397647
14 37 0.261176
14 38 0.440000
14 39 0.621176
14 40 0.437647
14 41 0.635294
14 42 0.745882
14 43 0.498824
14 44 0.830588
14 45 0.538824
14 46 0.145882
14 47 0.376471
14 48 0.705882
14 49 0.818824
14 50 0.960000
14 51 0.701176
14 52 0.440000
14 53 0.289412
14 54 0.235294
14 55 0.701176
14 56 0.705882
14 57 0.767059
14 58 0.247059
14 59 0.517647
14 60 0.731765
14 61 0.214118
14 62 0.336471
14 63 0.489412
14 64 0.536471
14 65 0.155294
14 66 0.651765
14 67 0.997647
14 68 0.595294
14 69 0.858824
14 70 0.447059
14 71 0.364706
14 72 0.364706
14 73 0.470588
14 74 0.169412
14 75 0.748235
14 76 0.804706
14 77 0.708235
14 78 0.315294
14 79 0.202353
14 80 0.214118
14 81 0.282353
14 82 0.324706
14 83 0.882353
14 84 0.331765
14 85 0.449412
14 86 0.164706
14 87 0.851765
14 88 0.656471
14 89 0.762353
14 90 0.604706
14 91 0.508235
14 92 0.110588
14 93 0.562353
14 94 0.440000
14 95 0.776471
14 96 0.734118
14 97 0.477647
14 98 0.211765
14 99 0.402353
15 16 0.401376
15 17 0.350917
15 18 0.185780
15 19 0.504587
15 20 0.605505
15 21 0.176606
15 22 0.151376
15 23 0.688073
15 24 0.206422
15 25 0.350917
15 26 0.871560
15 27 0.470183
15 28 0.541284
15 29 0.327982
15 30 0.598624
15 31 0.495413
15 32 0.630734
15 33 0.440367
15 34 0.160550
15 35 0.327982
15 36 0.724771
15 37 0.270642
15 38 0.084862
15 39 0.639908
15 40 0.250000
15 41 0.275229
15 42 0.399083
15 43 0.298165
15 44 0.704128
15 45 0.676606
15 46 0.256881
15 47 0.332569
15 48 0.353211
15 49 0.486239
15 50 0.731651
15 51 0.543578
15 52 0.738532
15 53 0.623853
15 54 0.266055
15 55 0.827982
15 56 0.782110
15 57 0.534404
15 58 0.509174
15 59 0.277523
15 60 0.431193
15 61 0.541284
15 62 0.672018
15 63 0.582569
15 64 0.185780
15 65 0.495413
15 66 0.862385
15 67 0.770642
15 68 0.419725
15 69 0.655963
15 70 0.665138
15 71 0.252294
15 72 0.399083
15 73 0.740826
15 74 0.493119
15 75 0.451835
15 76 0.983945
15 77 0.777523
15 78 0.651376
15 79 0.360092
15 80 0.419725
15 81 0.071101
15 82 0.642202
15 83 0.722477
15 84 0.607798
15 85 0.621560
15 86 0.449541
15 87 0.997706
15 88 0.626147
15 89 0.399083
15 90 0.745413
15 91 0.538991
15 92 0.426606
15 93 0.405963
15 94 0.474771
15 95 0.752294
15 96 0.857798
15 97 0.155963
15 98 0.522936
15 99 0.073394
16 17 0.570806
16 18 0.276688
16 19 0.226580
16 20 0.193900
16 21 0.453159
16 22 0.518519
16 23 0.575163
16 24 0.437908
16 25 0.052288
16 26 0.734205
16 27 0.690632
16 28 0.631808
16 29 0.396514
16 30 0.525054
16 31 0.246187
16 32 0.230937
16 33 0.544662
16 34 0.505447
16 35 0.172113
16 36 0.832244
16 37 0.620915
16 38 0.359477
16 39 0.374728
16 40 0.163399
16 41 0.429194
16 42 0.577342
16 43 0.104575
16 44 0.300654
16 45 0.529412
16 46 0.564270
16 47 0.241830
16 48 0.527233
16 49 0.681917
16 50 0.326797
16 51 0.145969
16 52 0.775599
16 53 0.808279
16 54 0.348584
16 55 0.623094
16 56 0.538126
16 57 0.145969
16 58 0.568627
16 59 0.620915
16 60 0.692810
16 61 0.675381
16 62 0.825708
16 63 0.427015
16 64 0.315904
16 65 0.690632
16 66 0.745098
16 67 0.366013
16 68 0.047930
16 69 0.244009
16 70 0.612200
16 71 0.226580
16 72 0.311547
16 73 0.997821
16 74 0.718954
16 75 0.196078
16 76 0.812636
16 77 0.527233
16 78 0.799564
16 79 0.675381
16 80 0.721133
16 81 0.385621
16 82 0.858388
16 83 0.305011
16 84 0.869281
16 85 0.533769
16 86 0.710240
16 87 0.779956
16 88 0.315904
16 89 0.490196
16 90 0.575163
16 91 0.337691
16 92 0.666667
16 93 0.076253
16 94 0.320261
16 95 0.413943
16 96 0.642702
16 97 0.259259
16 98 0.758170
16 99 0.315904
17 18 0.319347
17 19 0.561772
17 20 0.792541
17 21 0.177156
17 22 0.293706
17 23 0.512821
17 24 0.158508
17 25 0.582751
17 26 0.671329
17 27 0.790210
17 28 0.235431
17 29 0.219114
17 30 0.421911
17 31 0.531469
17 32 0.771562
17 33 0.167832
17 34 0.452214
17 35 0.631702
17 36 0.386946
17 37 0.258741
17 38 0.442890
17 39 0.622378
17 40 0.442890
17 41 0.636364
17 42 0.743590
17 43 0.501166
17 44 0.829837
17 45 0.536131
17 46 0.146853
17 47 0.382284
17 48 0.706294
17 49 0.818182
17 50 0.958042
17 51 0.701632
17 52 0.433566
17 53 0.279720
17 54 0.242424
17 55 0.696970
17 56 0.703963
17 57 0.766900
17 58 0.244755
17 59 0.517483
17 60 0.729604
17 61 0.207459
17 62 0.326340
17 63 0.489510
17 64 0.538462
17 65 0.146853
17 66 0.645688
17 67 0.997669
17 68 0.596737
17 69 0.860140
17 70 0.445221
17 71 0.368298
17 72 0.368298
17 73 0.456876
17 74 0.158508
17 75 0.750583
17 76 0.797203
17 77 0.706294
17 78 0.305361
17 79 0.198135
17 80 0.207459
17 81 0.286713
17 82 0.312354
17 83 0.883450
17 84 0.321678
17 85 0.447552
17 86 0.153846
17 87 0.846154
17 88 0.657343
17 89 0.762238
17 90 0.603730
17 91 0.510490
17 92 0.100233
17 93 0.564103
17 94 0.442890
17 95 0.776224
17 96 0.729604
17 97 0.480186
17 98 0.200466
17 99 0.407925
18 19 0.402817
18 20 0.597183
18 21 0.230986
18 22 0.357746
18 23 0.630986
18 24 0.208451
18 25 0.318310
18 26 0.856338
18 27 0.794366
18 28 0.532394
18 29 0.222535
18 30 0.526761
18 31 0.383099
18 32 0.597183
18 33 0.405634
18 34 0.428169
18 35 0.385915
18 36 0.783099
18 37 0.461972
18 38 0.284507
18 39 0.554930
18 40 0.149296
18 41 0.504225
18 42 0.684507
18 43 0.222535
18 44 0.678873
18 45 0.608451
18 46 0.374648
18 47 0.177465
18 48 0.622535
18 49 0.805634
18 50 0.783099
18 51 0.498592
18 52 0.757746
18 53 0.712676
18 54 0.138028
18 55 0.788732
18 56 0.732394
18 57 0.546479
18 58 0.470423
18 59 0.569014
18 60 0.754930
18 61 0.563380
18 62 0.746479
18 63 0.487324
18 64 0.343662
18 65 0.552113
18 66 0.850704
18 67 0.830986
18 68 0.354930
18 69 0.670423
18 70 0.619718
18 71 0.090141
18 72 0.261972
18 73 0.935211
18 74 0.580282
18 75 0.521127
18 76 0.991549
18 77 0.726761
18 78 0.715493
18 79 0.518310
18 80 0.574648
18 81 0.180282
18 82 0.763380
18 83 0.721127
18 84 0.766197
18 85 0.552113
18 86 0.560563
18 87 0.997183
18 88 0.546479
18 89 0.645070
18 90 0.690141
18 91 0.430986
18 92 0.507042
18 93 0.321127
18 94 0.352113
18 95 0.701408
18 96 0.825352
18 97 0.245070
18 98 0.628169
18 99 0.205634
19 20 0.286374
19 21 0.501155
19 22 0.623557
19 23 0.387991
19 24 0.464203
19 25 0.277136
19 26 0.545035
19 27 0.926097
19 28 0.533487
19 29 0.339492
19 30 0.353349
19 31 0.036952
19 32 0.224018
19 33 0.464203
19 34 0.667436
19 35 0.413395
19 36 0.734411
19 37 0.702079
19 38 0.524249
19 39 0.159353
19 40 0.270208
19 41 0.653580
19 42 0.815242
19 43 0.249423
19 44 0.267898
19 45 0.330254
19 46 0.609700
19 47 0.191686
19 48 0.759815
19 49 0.923788
19 50 0.461894
19 51 0.191686
19 52 0.644342
19 53 0.757506
19 54 0.327945
19 55 0.420323
19 56 0.330254
19 57 0.334873
19 58 0.461894
19 59 0.789838
19 60 0.912240
19 61 0.598152
19 62 0.755196
19 63 0.228637
19 64 0.519630
19 65 0.648961
19 66 0.561201
19 67 0.494226
19 68 0.187067
19 69 0.355658
19 70 0.445727
19 71 0.256351
19 72 0.196305
19 73 0.997691
19 74 0.695150
19 75 0.445727
19 76 0.621247
19 77 0.321016
19 78 0.725173
19 79 0.720554
19 80 0.752887
19 81 0.478060
19 82 0.824480
19 83 0.334873
19 84 0.870670
19 85 0.355658
19 86 0.711316
19 87 0.586605
19 88 0.120092
19 89 0.739030
19 90 0.374134
19 91 0.129330
19 92 0.653580
19 93 0.159353
19 94 0.145497
19 95 0.247113
19 96 0.441109
19 97 0.438799
19 98 0.741339
19 99 0.464203
20 21 0.546468
20 22 0.607807
20 23 0.537175
20 24 0.529740
20 25 0.206320
20 26 0.652416
20 27 0.728625
20 28 0.650558
20 29 0.468401
20 30 0.514870
20 31 0.260223
20 32 0.081784
20 33 0.585502
20 34 0.594796
20 35 0.278810
20 36 0.817844
20 37 0.693309
20 38 0.470260
20 39 0.317844
20 40 0.299257
20 41 0.507435
20 42 0.628253
20 43 0.252788
20 44 0.124535
20 45 0.486989
20 46 0.641264
20 47 0.330855
20 48 0.585502
20 49 0.715613
20 50 0.141264
20 51 0.078067
20 52 0.749071
20 53 0.821561
20 54 0.438662
20 55 0.529740
20 56 0.442379
20 57 0.092937
20 58 0.592937
20 59 0.691450
20 60 0.737918
20 61 0.697026
20 62 0.825279
20 63 0.410781
20 64 0.423792
20 65 0.724907
20 66 0.669145
20 67 0.169145
20 68 0.159851
20 69 0.055762
20 70 0.589219
20 71 0.342007
20 72 0.369888
20 73 0.998141
20 74 0.754647
20 75 0.234201
20 76 0.695167
20 77 0.431227
20 78 0.802974
20 79 0.736059
20 80 0.771375
20 81 0.494424
20 82 0.868030
20 83 0.098513
20 84 0.890335
20 85 0.516729
20 86 0.754647
20 87 0.646840
20 88 0.249071
20 89 0.539033
20 90 0.513011
20 91 0.332714
20 92 0.713755
20 93 0.182156
20 94 0.345725
20 95 0.286245
20 96 0.539033
20 97 0.382900
20 98 0.789963
20 99 0.434944
21 22 0.170483
21 23 0.636132
21 24 0.053435
21 25 0.488550
21 26 0.829517
21 27 0.689567
21 28 0.417303
21 29 0.236641
21 30 0.534351
21 31 0.526718
21 32 0.745547
21 33 0.310433
21 34 0.318066
21 35 0.513995
21 36 0.610687
21 37 0.221374
21 38 0.290076
21 39 0.661578
21 40 0.338422
21 41 0.501272
21 42 0.628499
21 43 0.407125
21 44 0.819338
21 45 0.641221
21 46 0.127226
21 47 0.338422
21 48 0.582697
21 49 0.715013
21 50 0.913486
21 51 0.659033
21 52 0.636132
21 53 0.496183
21 54 0.198473
21 55 0.816794
21 56 0.791349
21 57 0.697201
21 58 0.394402
21 59 0.414758
21 60 0.631043
21 61 0.409669
21 62 0.549618
21 63 0.554707
21 64 0.396947
21 65 0.353690
21 66 0.814249
21 67 0.956743
21 68 0.529262
21 69 0.814249
21 70 0.590331
21 71 0.284987
21 72 0.371501
21 73 0.651399
21 74 0.353690
21 75 0.648855
21 76 0.964377
21 77 0.791349
21 78 0.526718
21 79 0.256997
21 80 0.312977
21 81 0.119593
21 82 0.524173
21 83 0.862595
21 84 0.501272
21 85 0.562341
21 86 0.318066
21 87 0.997455
21 88 0.674300
21 89 0.638677
21 90 0.717557
21 91 0.539440
21 92 0.282443
21 93 0.501272
21 94 0.463104
21 95 0.814249
21 96 0.852417
21 97 0.338422
21 98 0.391858
21 99 0.254453
22 23 0.691304
22 24 0.191304
22 25 0.471739
22 26 0.856522
22 27 0.460870
22 28 0.489130
22 29 0.345652
22 30 0.602174
22 31 0.569565
22 32 0.728261
22 33 0.404348
22 34 0.150000
22 35 0.452174
22 36 0.634783
22 37 0.115217
22 38 0.204348
22 39 0.695652
22 40 0.363043
22 41 0.352174
22 42 0.428261
22 43 0.415217
22 44 0.795652
22 45 0.693478
22 46 0.145652
22 47 0.408696
22 48 0.400000
22 49 0.489130
22 50 0.836957
22 51 0.647826
22 52 0.676087
22 53 0.508696
22 54 0.306522
22 55 0.841304
22 56 0.817391
22 57 0.650000
22 58 0.478261
22 59 0.210870
22 60 0.404348
22 61 0.469565
22 62 0.565217
22 63 0.615217
22 64 0.304348
22 65 0.397826
22 66 0.841304
22 67 0.873913
22 68 0.530435
22 69 0.760870
22 70 0.650000
22 71 0.345652
22 72 0.450000
22 73 0.580435
22 74 0.378261
22 75 0.571739
22 76 0.971739
22 77 0.815217
22 78 0.552174
22 79 0.215217
22 80 0.276087
22 81 0.136957
22 82 0.513043
22 83 0.817391
22 84 0.458696
22 85 0.626087
22 86 0.326087
22 87 0.997826
22 88 0.695652
22 89 0.467391
22 90 0.758696
22 91 0.593478
22 92 0.319565
22 93 0.513043
22 94 0.530435
22 95 0.817391
22 96 0.871739
22 97 0.291304
22 98 0.400000
22 99 0.213043
23 24 0.448141
23 25 0.534247
23 26 0.156556
23 27 0.988258
23 28 0.275930
23 29 0.311155
23 30 0.078278
23 31 0.301370
23 32 0.495108
23 33 0.289628
23 34 0.718200
23 35 0.639922
23 36 0.381605
23 37 0.636008
23 38 0.636008
23 39 0.244618
23 40 0.465753
23 41 0.786693
23 42 0.915851
23 43 0.483366
23 44 0.506849
23 45 0.056751
23 46 0.538160
23 47 0.340509
23 48 0.870841
23 49 0.998043
23 50 0.710372
23 51 0.489237
23 52 0.266145
23 53 0.471624
23 54 0.358121
23 55 0.160470
23 56 0.201566
23 57 0.612524
23 58 0.232877
23 59 0.806262
23 60 0.956947
23 61 0.342466
23 62 0.438356
23 63 0.135029
23 64 0.673190
23 65 0.428571
23 66 0.156556
23 67 0.733855
23 68 0.475538
23 69 0.624266
23 70 0.084149
23 71 0.407045
23 72 0.264188
23 73 0.704501
23 74 0.483366
23 75 0.692759
23 76 0.252446
23 77 0.209393
23 78 0.414873
23 79 0.596869
23 80 0.596869
23 81 0.534247
23 82 0.542074
23 83 0.581213
23 84 0.622309
23 85 0.056751
23 86 0.528376
23 87 0.279843
23 88 0.315068
23 89 0.880626
23 90 0.084149
23 91 0.219178
23 92 0.477495
23 93 0.446184
23 94 0.228963
23 95 0.356164
23 96 0.187867
23 97 0.598826
23 98 0.516634
23 99 0.583170
24 25 0.504043
24 26 0.822102
24 27 0.778976
24 28 0.396226
24 29 0.194070
24 30 0.509434
24 31 0.514825
24 32 0.757412
24 33 0.280323
24 34 0.388140
24 35 0.547170
24 36 0.611860
24 37 0.283019
24 38 0.336927
24 39 0.652291
24 40 0.342318
24 41 0.566038
24 42 0.708895
24 43 0.412399
24 44 0.832884
24 45 0.622642
24 46 0.169811
24 47 0.315364
24 48 0.657682
24 49 0.803235
24 50 0.948787
24 51 0.668464
24 52 0.628032
24 53 0.504043
24 54 0.161725
24 55 0.808625
24 56 0.784367
24 57 0.722372
24 58 0.366577
24 59 0.493261
24 60 0.719677
24 61 0.396226
24 62 0.552561
24 63 0.533693
24 64 0.444744
24 65 0.350404
24 66 0.805930
24 67 0.994609
24 68 0.536388
24 69 0.840970
24 70 0.568733
24 71 0.272237
24 72 0.342318
24 73 0.695418
24 74 0.363881
24 75 0.687332
24 76 0.964960
24 77 0.784367
24 78 0.528302
24 79 0.301887
24 80 0.350404
24 81 0.156334
24 82 0.544474
24 83 0.881402
24 84 0.536388
24 85 0.536388
24 86 0.339623
24 87 0.997305
24 88 0.668464
24 89 0.711590
24 90 0.703504
24 91 0.520216
24 92 0.291105
24 93 0.501348
24 94 0.439353
24 95 0.814016
24 96 0.846361
24 97 0.371968
24 98 0.409704
24 99 0.291105
25 26 0.780269
25 27 0.656951
25 28 0.641256
25 29 0.394619
25 30 0.551570
25 31 0.284753
25 32 0.291480
25 33 0.549327
25 34 0.466368
25 35 0.132287
25 36 0.847534
25 37 0.596413
25 38 0.316143
25 39 0.423767
25 40 0.134529
25 41 0.387892
25 42 0.542601
25 43 0.078475
25 44 0.363229
25 45 0.567265
25 46 0.542601
25 47 0.244395
25 48 0.488789
25 49 0.647982
25 50 0.376682
25 51 0.204036
25 52 0.798206
25 53 0.813901
25 54 0.340807
25 55 0.672646
25 56 0.591928
25 57 0.183857
25 58 0.580717
25 59 0.585202
25 60 0.659193
25 61 0.681614
25 62 0.834081
25 63 0.461883
25 64 0.269058
25 65 0.688341
25 66 0.789238
25 67 0.414798
25 68 0.094170
25 69 0.295964
25 70 0.641256
25 71 0.210762
25 72 0.327354
25 73 0.997758
25 74 0.715247
25 75 0.186099
25 76 0.865471
25 77 0.580717
25 78 0.809417
25 79 0.656951
25 80 0.706278
25 81 0.354260
25 82 0.860987
25 83 0.365471
25 84 0.865471
25 85 0.565022
25 86 0.701794
25 87 0.836323
25 88 0.369955
25 89 0.455157
25 90 0.618834
25 91 0.374439
25 92 0.659193
25 93 0.112108
25 94 0.347534
25 95 0.475336
25 96 0.695067
25 97 0.213004
25 98 0.755605
25 99 0.273543
26 27 0.989848
26 28 0.329949
26 29 0.401015
26 30 0.199662
26 31 0.379019
26 32 0.526227
26 33 0.363790
26 34 0.754653
26 35 0.683587
26 36 0.367174
26 37 0.670051
26 38 0.685279
26 39 0.304569
26 40 0.538071
26 41 0.815567
26 42 0.927242
26 43 0.548223
26 44 0.524535
26 45 0.160745
26 46 0.587140
26 47 0.428088
26 48 0.890017
26 49 0.998308
26 50 0.712352
26 51 0.531303
26 52 0.257191
26 53 0.477157
26 54 0.445008
26 55 0.128596
26 56 0.209814
26 57 0.642978
26 58 0.307953
26 59 0.827411
26 60 0.961083
26 61 0.380711
26 62 0.434856
26 63 0.240271
26 64 0.717428
26 65 0.461929
26 66 0.030457
26 67 0.730964
26 68 0.534687
26 69 0.641286
26 70 0.164129
26 71 0.487310
26 72 0.363790
26 73 0.675127
26 74 0.509306
26 75 0.724196
26 76 0.091371
26 77 0.219966
26 78 0.419628
26 79 0.627750
26 80 0.620981
26 81 0.595601
26 82 0.538071
26 83 0.590525
26 84 0.617597
26 85 0.182741
26 86 0.554992
26 87 0.148900
26 88 0.367174
26 89 0.895093
26 90 0.126904
26 91 0.307953
26 92 0.516074
26 93 0.510998
26 94 0.328257
26 95 0.372250
26 96 0.137056
26 97 0.653130
26 98 0.534687
26 99 0.639594
27 28 0.682889
27 29 0.547881
27 30 0.733124
27 31 0.629513
27 32 0.660911
27 33 0.616954
27 34 0.227630
27 35 0.379906
27 36 0.792779
27 37 0.386185
27 38 0.284144
27 39 0.733124
27 40 0.447410
27 41 0.188383
27 42 0.086342
27 43 0.459969
27 44 0.711146
27 45 0.781790
27 46 0.437991
27 47 0.533752
27 48 0.119309
27 49 0.031397
27 50 0.649922
27 51 0.601256
27 52 0.817896
27 53 0.698587
27 54 0.505495
27 55 0.880691
27 56 0.841444
27 57 0.540031
27 58 0.667190
27 59 0.196232
27 60 0.056515
27 61 0.671900
27 62 0.740973
27 63 0.714286
27 64 0.274725
27 65 0.621664
27 66 0.912088
27 67 0.671900
27 68 0.525903
27 69 0.626374
27 70 0.778650
27 71 0.477237
27 72 0.587127
27 73 0.711146
27 74 0.602826
27 75 0.428571
27 76 0.995290
27 77 0.838305
27 78 0.731554
27 79 0.467818
27 80 0.508634
27 81 0.368917
27 82 0.692308
27 83 0.698587
27 84 0.635793
27 85 0.748823
27 86 0.558870
27 87 0.998430
27 88 0.709576
27 89 0.172684
27 90 0.827316
27 91 0.673469
27 92 0.562009
27 93 0.530612
27 94 0.635793
27 95 0.789639
27 96 0.901099
27 97 0.331240
27 98 0.613815
27 99 0.326531
28 29 0.251121
28 30 0.246637
28 31 0.482063
28 32 0.735426
28 33 0.100897
28 34 0.647982
28 35 0.726457
28 36 0.206278
28 37 0.475336
28 38 0.607623
28 39 0.513453
28 40 0.517937
28 41 0.798206
28 42 0.919283
28 43 0.565022
28 44 0.775785
28 45 0.360987
28 46 0.369955
28 47 0.401345
28 48 0.876682
28 49 0.997758
28 50 0.955157
28 51 0.690583
28 52 0.192825
28 53 0.233184
28 54 0.313901
28 55 0.500000
28 56 0.535874
28 57 0.793722
28 58 0.069507
28 59 0.721973
28 60 0.921525
28 61 0.073991
28 62 0.215247
28 63 0.358744
28 64 0.686099
28 65 0.174888
28 66 0.408072
28 67 0.991031
28 68 0.621076
28 69 0.854260
28 70 0.228700
28 71 0.434978
28 72 0.338565
28 73 0.493274
28 74 0.237668
28 75 0.822870
28 76 0.558296
28 77 0.542601
28 78 0.186099
28 79 0.401345
28 80 0.387892
28 81 0.459641
28 82 0.309417
28 83 0.845291
28 84 0.394619
28 85 0.266816
28 86 0.298206
28 87 0.621076
28 88 0.571749
28 89 0.917040
28 90 0.412556
28 91 0.421525
28 92 0.246637
28 93 0.582960
28 94 0.376682
28 95 0.663677
28 96 0.531390
28 97 0.612108
28 98 0.275785
28 99 0.558296
29 30 0.333333
29 31 0.372549
29 32 0.666667
29 33 0.190476
29 34 0.582633
29 35 0.591036
29 36 0.568627
29 37 0.490196
29 38 0.481793
29 39 0.490196
29 40 0.333333
29 41 0.714286
29 42 0.885154
29 43 0.392157
29 44 0.733894
29 45 0.445378
29 46 0.358543
29 47 0.204482
29 48 0.826331
29 49 0.997199
29 50 0.910364
29 51 0.591036
29 52 0.532213
29 53 0.532213
29 54 0.081232
29 55 0.638655
29 56 0.616246
29 57 0.694678
29 58 0.246499
29 59 0.705882
29 60 0.927171
29 61 0.358543
29 62 0.551821
29 63 0.352941
29 64 0.560224
29 65 0.383754
29 66 0.649860
29 67 0.957983
29 68 0.478992
29 69 0.787115
29 70 0.408964
29 71 0.229692
29 72 0.176471
29 73 0.803922
29 74 0.434174
29 75 0.714286
29 76 0.809524
29 77 0.613445
29 78 0.518207
29 79 0.476190
29 80 0.507003
29 81 0.319328
29 82 0.602241
29 83 0.803922
29 84 0.644258
29 85 0.361345
29 86 0.450980
29 87 0.837535
29 88 0.523810
29 89 0.857143
29 90 0.529412
29 91 0.352941
29 92 0.380952
29 93 0.436975
29 94 0.271709
29 95 0.669468
29 96 0.677871
29 97 0.462185
29 98 0.490196
29 99 0.411765
30 31 0.289030
30 32 0.518987
30 33 0.232068
30 34 0.691983
30 35 0.628692
30 36 0.377637
30 37 0.601266
30 38 0.607595
30 39 0.267932
30 40 0.436709
30 41 0.774262
30 42 0.909283
30 43 0.459916
30 44 0.542194
30 45 0.107595
30 46 0.495781
30 47 0.299578
30 48 0.862869
30 49 0.997890
30 50 0.742616
30 51 0.497890
30 52 0.272152
30 53 0.451477
30 54 0.305907
30 55 0.248945
30 56 0.272152
30 57 0.622363
30 58 0.177215
30 59 0.784810
30 60 0.949367
30 61 0.303797
30 62 0.424051
30 63 0.124473
30 64 0.651899
30 65 0.390295
30 66 0.240506
30 67 0.772152
30 68 0.468354
30 69 0.649789
30 70 0.084388
30 71 0.367089
30 72 0.217300
30 73 0.698312
30 74 0.447257
30 75 0.694093
30 76 0.356540
30 77 0.276371
30 78 0.396624
30 79 0.563291
30 80 0.565401
30 81 0.493671
30 82 0.525316
30 83 0.616034
30 84 0.603376
30 85 0.021097
30 86 0.493671
30 87 0.386076
30 88 0.335443
30 89 0.875527
30 90 0.162447
30 91 0.206751
30 92 0.438819
30 93 0.434599
30 94 0.198312
30 95 0.405063
30 96 0.278481
30 97 0.571730
30 98 0.485232
30 99 0.550633
31 32 0.269690
31 33 0.443914
31 34 0.680191
31 35 0.443914
31 36 0.720764
31 37 0.701671
31 38 0.536993
31 39 0.155131
31 40 0.276850
31 41 0.680191
31 42 0.847255
31 43 0.264916
31 44 0.312649
31 45 0.310263
31 46 0.603819
31 47 0.178998
31 48 0.789976
31 49 0.957041
31 50 0.513126
31 51 0.233890
31 52 0.627685
31 53 0.747017
31 54 0.312649
31 55 0.412888
31 56 0.329356
31 57 0.379475
31 58 0.439141
31 59 0.806683
31 60 0.940334
31 61 0.579952
31 62 0.742243
31 63 0.202864
31 64 0.541766
31 65 0.634845
31 66 0.548926
31 67 0.548926
31 68 0.219570
31 69 0.405728
31 70 0.422434
31 71 0.250597
31 72 0.169451
31 73 0.997613
31 74 0.684964
31 75 0.484487
31 76 0.618138
31 77 0.319809
31 78 0.711217
31 79 0.715990
31 80 0.749403
31 81 0.479714
31 82 0.816229
31 83 0.384248
31 84 0.866348
31 85 0.331742
31 86 0.704057
31 87 0.587112
31 88 0.138425
31 89 0.773270
31 90 0.357995
31 91 0.100239
31 92 0.644391
31 93 0.186158
31 94 0.112172
31 95 0.269690
31 96 0.436754
31 97 0.453461
31 98 0.732697
31 99 0.472554
32 33 0.564639
32 34 0.640684
32 35 0.340304
32 36 0.790875
32 37 0.716730
32 38 0.513308
32 39 0.249049
32 40 0.317490
32 41 0.572243
32 42 0.699620
32 43 0.275665
32 44 0.060837
32 45 0.427757
32 46 0.653992
32 47 0.317490
32 48 0.655894
32 49 0.788973
32 50 0.207224
32 51 0.074144
32 52 0.711027
32 53 0.806084
32 54 0.431559
32 55 0.461977
32 56 0.370722
32 57 0.173004
32 58 0.564639
32 59 0.741445
32 60 0.806084
32 61 0.676806
32 62 0.806084
32 63 0.357414
32 64 0.477186
32 65 0.712928
32 66 0.610266
32 67 0.231939
32 68 0.176806
32 69 0.129278
32 70 0.539924
32 71 0.344106
32 72 0.342205
32 73 0.998099
32 74 0.749049
32 75 0.311787
32 76 0.631179
32 77 0.361217
32 78 0.781369
32 79 0.749049
32 80 0.781369
32 81 0.517110
32 82 0.859316
32 83 0.091255
32 84 0.891635
32 85 0.467681
32 86 0.756654
32 87 0.579848
32 88 0.178707
32 89 0.614068
32 90 0.448669
32 91 0.279468
32 92 0.711027
32 93 0.188213
32 94 0.304183
32 95 0.209125
32 96 0.471483
32 97 0.425856
32 98 0.787072
32 99 0.471483
33 34 0.609337
33 35 0.685504
33 36 0.329238
33 37 0.444717
33 38 0.555283
33 39 0.518428
33 40 0.459459
33 41 0.764128
33 42 0.899263
33 43 0.513514
33 44 0.781327
33 45 0.395577
33 46 0.324324
33 47 0.343980
33 48 0.852580
33 49 0.987715
33 50 0.958231
33 51 0.673219
33 52 0.316953
33 53 0.312039
33 54 0.233415
33 55 0.560197
33 56 0.577396
33 57 0.773956
33 58 0.083538
33 59 0.695332
33 60 0.909091
33 61 0.147420
33 62 0.316953
33 63 0.361179
33 64 0.638821
33 65 0.199017
33 66 0.503686
33 67 0.997543
33 68 0.584767
33 69 0.850123
33 70 0.289926
33 71 0.371007
33 72 0.287469
33 73 0.574939
33 74 0.260442
33 75 0.796069
33 76 0.663391
33 77 0.582310
33 78 0.287469
33 79 0.385749
33 80 0.385749
33 81 0.395577
33 82 0.383292
33 83 0.850123
33 84 0.447174
33 85 0.297297
33 86 0.304668
33 87 0.714988
33 88 0.570025
33 89 0.894349
33 90 0.461916
33 91 0.407862
33 92 0.240786
33 93 0.545455
33 94 0.346437
33 95 0.683047
33 96 0.597052
33 97 0.560197
33 98 0.307125
33 99 0.501229
34 35 0.358416
34 36 0.712871
34 37 0.225743
34 38 0.132673
34 39 0.691089
34 40 0.344554
34 41 0.200000
34 42 0.253465
34 43 0.380198
34 44 0.730693
34 45 0.720792
34 46 0.269307
34 47 0.425743
34 48 0.227723
34 49 0.308911
34 50 0.724752
34 51 0.590099
34 52 0.744554
34 53 0.601980
34 54 0.362376
34 55 0.851485
34 56 0.815842
34 57 0.560396
34 58 0.554455
34 59 0.104950
34 60 0.243564
34 61 0.560396
34 62 0.653465
34 63 0.639604
34 64 0.200000
34 65 0.500990
34 66 0.873267
34 67 0.758416
34 68 0.483168
34 69 0.669307
34 70 0.700990
34 71 0.356436
34 72 0.483168
34 73 0.655446
34 74 0.483168
34 75 0.459406
34 76 0.984158
34 77 0.811881
34 78 0.639604
34 79 0.326733
34 80 0.380198
34 81 0.186139
34 82 0.603960
34 83 0.736634
34 84 0.548515
34 85 0.669307
34 86 0.433663
34 87 0.998020
34 88 0.675248
34 89 0.297030
34 90 0.778218
34 91 0.603960
34 92 0.429703
34 93 0.475248
34 94 0.548515
34 95 0.784158
34 96 0.877228
34 97 0.225743
34 98 0.500990
34 99 0.176238
35 36 0.900000
35 37 0.567391
35 38 0.254348
35 39 0.541304
35 40 0.204348
35 41 0.265217
35 42 0.408696
35 43 0.173913
35 44 0.458696
35 45 0.671739
35 46 0.539130
35 47 0.339130
35 48 0.358696
35 49 0.513043
35 50 0.404348
35 51 0.308696
35 52 0.869565
35 53 0.845652
35 54 0.397826
35 55 0.780435
35 56 0.702174
35 57 0.230435
35 58 0.650000
35 59 0.497826
35 60 0.536957
35 61 0.732609
35 62 0.873913
35 63 0.569565
35 64 0.176087
35 65 0.721739
35 66 0.884783
35 67 0.439130
35 68 0.219565
35 69 0.352174
35 70 0.730435
35 71 0.284783
35 72 0.423913
35 73 0.997826
35 74 0.736957
35 75 0.117391
35 76 0.965217
35 77 0.693478
35 78 0.850000
35 79 0.645652
35 80 0.700000
35 81 0.345652
35 82 0.880435
35 83 0.443478
35 84 0.867391
35 85 0.660870
35 86 0.710870
35 87 0.939130
35 88 0.486957
35 89 0.315217
35 90 0.726087
35 91 0.486957
35 92 0.678261
35 93 0.236957
35 94 0.456522
35 95 0.586957
35 96 0.802174
35 97 0.160870
35 98 0.771739
35 99 0.239130
36 37 0.500000
36 38 0.663534
36 39 0.575188
36 40 0.605263
36 41 0.821429
36 42 0.913534
36 43 0.644737
36 44 0.810150
36 45 0.417293
36 46 0.424812
36 47 0.509398
36 48 0.881579
36 49 0.971805
36 50 0.969925
36 51 0.748120
36 52 0.122180
36 53 0.148496
36 54 0.432331
36 55 0.507519
36 56 0.562030
36 57 0.838346
36 58 0.227444
36 59 0.723684
36 60 0.898496
36 61 0.150376
36 62 0.086466
36 63 0.443609
36 64 0.734962
36 65 0.206767
36 66 0.375940
36 67 0.998120
36 68 0.691729
36 69 0.885338
36 70 0.283835
36 71 0.535714
36 72 0.454887
36 73 0.347744
36 74 0.242481
36 75 0.862782
36 76 0.500000
36 77 0.569549
36 78 0.082707
36 79 0.415414
36 80 0.381579
36 81 0.537594
36 82 0.206767
36 83 0.872180
36 84 0.310150
36 85 0.345865
36 86 0.302632
36 87 0.573308
36 88 0.631579
36 89 0.922932
36 90 0.445489
36 91 0.509398
36 92 0.281955
36 93 0.661654
36 94 0.479323
36 95 0.697368
36 96 0.530075
36 97 0.678571
36 98 0.248120
36 99 0.627820
37 38 0.315565
37 39 0.739872
37 40 0.449893
37 41 0.454158
37 42 0.511727
37 43 0.505330
37 44 0.865672
37 45 0.705757
37 46 0.104478
37 47 0.469083
37 48 0.488273
37 49 0.556503
37 50 0.925373
37 51 0.727079
37 52 0.628998
37 53 0.424307
37 54 0.351812
37 55 0.852878
37 56 0.842217
37 57 0.742004
37 58 0.458422
37 59 0.257996
37 60 0.458422
37 61 0.417910
37 62 0.488273
37 63 0.641791
37 64 0.413646
37 65 0.330490
37 66 0.825160
37 67 0.961620
37 68 0.614072
37 69 0.846482
37 70 0.637527
37 71 0.417910
37 72 0.494670
37 73 0.462687
37 74 0.298507
37 75 0.671642
37 76 0.961620
37 77 0.842217
37 78 0.477612
37 79 0.110874
37 80 0.168443
37 81 0.228145
37 82 0.413646
37 83 0.895522
37 84 0.347548
37 85 0.631130
37 86 0.234542
37 87 0.997868
37 88 0.750533
37 89 0.562900
37 90 0.767591
37 91 0.635394
37 92 0.247335
37 93 0.592751
37 94 0.571429
37 95 0.867804
37 96 0.882729
37 97 0.396588
37 98 0.307036
37 99 0.319829
38 39 0.635965
38 40 0.241228
38 41 0.184211
38 42 0.313596
38 43 0.276316
38 44 0.662281
38 45 0.695175
38 46 0.324561
38 47 0.350877
38 48 0.267544
38 49 0.405702
38 50 0.660088
38 51 0.506579
38 52 0.780702
38 53 0.677632
38 54 0.315789
38 55 0.833333
38 56 0.782895
38 57 0.475877
38 58 0.559211
38 59 0.263158
38 60 0.370614
38 61 0.598684
38 62 0.723684
38 63 0.600877
38 64 0.100877
38 65 0.554825
38 66 0.881579
38 67 0.697368
38 68 0.388158
38 69 0.594298
38 70 0.697368
38 71 0.271930
38 72 0.423246
38 73 0.785088
38 74 0.552632
38 75 0.375000
38 76 0.993421
38 77 0.778509
38 78 0.703947
38 79 0.418860
38 80 0.478070
38 81 0.146930
38 82 0.695175
38 83 0.668860
38 84 0.657895
38 85 0.651316
38 86 0.510965
38 87 0.997807
38 88 0.614035
38 89 0.302632
38 90 0.758772
38 91 0.548246
38 92 0.489035
38 93 0.381579
38 94 0.491228
38 95 0.730263
38 96 0.861842
38 97 0.103070
38 98 0.581140
38 99 0.059211
39 40 0.388889
39 41 0.750000
39 42 0.899573
39 43 0.378205
39 44 0.286325
39 45 0.205128
39 46 0.647436
39 47 0.286325
39 48 0.848291
39 49 0.997863
39 50 0.514957
39 51 0.290598
39 52 0.544872
39 53 0.709402
39 54 0.388889
39 55 0.247863
39 56 0.158120
39 57 0.433761
39 58 0.423077
39 59 0.854701
39 60 0.980769
39 61 0.557692
39 62 0.692308
39 63 0.147436
39 64 0.623932
39 65 0.626068
39 66 0.403846
39 67 0.540598
39 68 0.320513
39 69 0.425214
39 70 0.344017
39 71 0.358974
39 72 0.245726
39 73 0.950855
39 74 0.677350
39 75 0.555556
39 76 0.438034
39 77 0.149573
39 78 0.664530
39 79 0.739316
39 80 0.760684
39 81 0.557692
39 82 0.779915
39 83 0.367521
39 84 0.841880
39 85 0.264957
39 86 0.707265
39 87 0.397436
39 88 0.079060
39 89 0.831197
39 90 0.224359
39 91 0.104701
39 92 0.651709
39 93 0.297009
39 94 0.168803
39 95 0.143162
39 96 0.262821
39 97 0.547009
39 98 0.720085
39 99 0.561966
40 41 0.440415
40 42 0.619171
40 43 0.067358
40 44 0.512953
40 45 0.580311
40 46 0.476684
40 47 0.165803
40 48 0.559585
40 49 0.738342
40 50 0.582902
40 51 0.336788
40 52 0.792746
40 53 0.784974
40 54 0.238342
40 55 0.727979
40 56 0.652850
40 57 0.365285
40 58 0.531088
40 59 0.588083
40 60 0.720207
40 61 0.637306
40 62 0.813472
40 63 0.458549
40 64 0.287565
40 65 0.639896
40 66 0.826425
40 67 0.629534
40 68 0.196891
40 69 0.481865
40 70 0.632124
40 71 0.095855
40 72 0.266839
40 73 0.997409
40 74 0.668394
40 75 0.352332
40 76 0.935233
40 77 0.645078
40 78 0.782383
40 79 0.608808
40 80 0.663212
40 81 0.269430
40 82 0.836788
40 83 0.541451
40 84 0.841969
40 85 0.554404
40 86 0.652850
40 87 0.922280
40 88 0.437824
40 89 0.551813
40 90 0.650259
40 91 0.378238
40 92 0.603627
40 93 0.176166
40 94 0.323834
40 95 0.577720
40 96 0.759067
40 97 0.191710
40 98 0.715026
40 99 0.217617
41 42 0.130189
41 43 0.330189
41 44 0.626415
41 45 0.737736
41 46 0.424528
41 47 0.433962
41 48 0.086792
41 49 0.218868
41 50 0.567925
41 51 0.496226
41 52 0.832075
41 53 0.737736
41 54 0.426415
41 55 0.850943
41 56 0.796226
41 57 0.426415
41 58 0.639623
41 59 0.247170
41 60 0.235849
41 61 0.673585
41 62 0.779245
41 63 0.652830
41 64 0.111321
41 65 0.633962
41 66 0.907547
41 67 0.596226
41 68 0.405660
41 69 0.532075
41 70 0.752830
41 71 0.367925
41 72 0.505660
41 73 0.811321
41 74 0.626415
41 75 0.300000
41 76 0.998113
41 77 0.790566
41 78 0.762264
41 79 0.494340
41 80 0.547170
41 81 0.284906
41 82 0.747170
41 83 0.615094
41 84 0.705660
41 85 0.707547
41 86 0.586792
41 87 0.992453
41 88 0.628302
41 89 0.101887
41 90 0.790566
41 91 0.596226
41 92 0.573585
41 93 0.413208
41 94 0.554717
41 95 0.724528
41 96 0.873585
41 97 0.183019
41 98 0.649057
41 99 0.201887
42 43 0.409396
42 44 0.671141
42 45 0.768456
42 46 0.442953
42 47 0.500000
42 48 0.038591
42 49 0.078859
42 50 0.602349
42 51 0.555369
42 52 0.832215
42 53 0.724832
42 54 0.481544
42 55 0.870805
42 56 0.825503
42 57 0.486577
42 58 0.666107
42 59 0.216443
42 60 0.122483
42 61 0.682886
42 62 0.766779
42 63 0.692953
42 64 0.214765
42 65 0.637584
42 66 0.916107
42 67 0.625839
42 68 0.476510
42 69 0.578859
42 70 0.775168
42 71 0.439597
42 72 0.560403
42 73 0.763423
42 74 0.624161
42 75 0.365772
42 76 0.998322
42 77 0.818792
42 78 0.755034
42 79 0.489933
42 80 0.535235
42 81 0.343960
42 82 0.726510
42 83 0.654362
42 84 0.676174
42 85 0.738255
42 86 0.582215
42 87 0.996644
42 88 0.676174
42 89 0.095638
42 90 0.817114
42 91 0.645973
42 92 0.578859
42 93 0.484899
42 94 0.607383
42 95 0.760067
42 96 0.890940
42 97 0.276846
42 98 0.639262
42 99 0.285235
43 44 0.429612
43 45 0.555825
43 46 0.509709
43 47 0.186893
43 48 0.536408
43 49 0.706311
43 50 0.483010
43 51 0.259709
43 52 0.783981
43 53 0.793689
43 54 0.281553
43 55 0.684466
43 56 0.604369
43 57 0.279126
43 58 0.546117
43 59 0.594660
43 60 0.701456
43 61 0.652913
43 62 0.817961
43 63 0.441748
43 64 0.283981
43 65 0.660194
43 66 0.793689
43 67 0.524272
43 68 0.126214
43 69 0.388350
43 70 0.621359
43 71 0.143204
43 72 0.279126
43 73 0.997573
43 74 0.686893
43 75 0.281553
43 76 0.885922
43 77 0.597087
43 78 0.788835
43 79 0.633495
43 80 0.684466
43 81 0.313107
43 82 0.844660
43 83 0.449029
43 84 0.851942
43 85 0.543689
43 86 0.674757
43 87 0.864078
43 88 0.385922
43 89 0.514563
43 90 0.618932
43 91 0.354369
43 92 0.628641
43 93 0.116505
43 94 0.315534
43 95 0.509709
43 96 0.711165
43 97 0.201456
43 98 0.733010
43 99 0.250000
44 45 0.418182
44 46 0.676364
44 47 0.350909
44 48 0.683636
44 49 0.812727
44 50 0.207273
44 51 0.129091
44 52 0.701818
44 53 0.809091
44 54 0.461818
44 55 0.434545
44 56 0.345455
44 57 0.212727
44 58 0.570909
44 59 0.767273
44 60 0.829091
44 61 0.681818
44 62 0.803636
44 63 0.360000
44 64 0.514545
44 65 0.721818
44 66 0.585455
44 67 0.223636
44 68 0.227273
44 69 0.147273
44 70 0.534545
44 71 0.381818
44 72 0.365455
44 73 0.998182
44 74 0.758182
44 75 0.349091
44 76 0.594545
44 77 0.334545
44 78 0.781818
44 79 0.765455
44 80 0.796364
44 81 0.549091
44 82 0.861818
44 83 0.070909
44 84 0.896364
44 85 0.463636
44 86 0.769091
44 87 0.536364
44 88 0.178182
44 89 0.643636
44 90 0.430909
44 91 0.290909
44 92 0.723636
44 93 0.234545
44 94 0.323636
44 95 0.176364
44 96 0.440000
44 97 0.465455
44 98 0.794545
44 99 0.509091
45 46 0.560636
45 47 0.320080
45 48 0.864811
45 49 0.998012
45 50 0.666004
45 51 0.445328
45 52 0.328032
45 53 0.524851
45 54 0.357853
45 55 0.137177
45 56 0.155070
45 57 0.572565
45 58 0.268390
45 59 0.815109
45 60 0.962227
45 61 0.387674
45 62 0.493042
45 63 0.093439
45 64 0.660040
45 65 0.469185
45 66 0.198807
45 67 0.689861
45 68 0.439364
45 69 0.578529
45 70 0.141153
45 71 0.389662
45 72 0.246521
45 73 0.757455
45 74 0.524851
45 75 0.662028
45 76 0.272366
45 77 0.161034
45 78 0.469185
45 79 0.628231
45 80 0.632207
45 81 0.534791
45 82 0.594433
45 83 0.532803
45 84 0.669980
45 85 0.081511
45 86 0.566600
45 87 0.278330
45 88 0.262425
45 89 0.868787
45 90 0.059642
45 91 0.174950
45 92 0.514911
45 93 0.411531
45 94 0.196819
45 95 0.304175
45 96 0.165010
45 97 0.586481
45 98 0.558648
45 99 0.574553
46 47 0.420561
46 48 0.584112
46 49 0.682243
46 50 0.957944
46 51 0.721963
46 52 0.584112
46 53 0.390187
46 54 0.285047
46 55 0.820093
46 56 0.810748
46 57 0.759346
46 58 0.387850
46 59 0.371495
46 60 0.586449
46 61 0.355140
46 62 0.450935
46 63 0.593458
46 64 0.450935
46 65 0.273364
46 66 0.789720
46 67 0.997664
46 68 0.605140
46 69 0.866822
46 70 0.584112
46 71 0.378505
46 72 0.439252
46 73 0.492991
46 74 0.252336
46 75 0.705607
46 76 0.936916
46 77 0.810748
46 78 0.436916
46 79 0.119159
46 80 0.170561
46 81 0.207944
46 82 0.397196
46 83 0.908879
46 84 0.357477
46 85 0.574766
46 86 0.198598
46 87 0.978972
46 88 0.724299
46 89 0.651869
46 90 0.726636
46 91 0.593458
46 92 0.186916
46 93 0.577103
46 94 0.523364
46 95 0.850467
46 96 0.852804
46 97 0.411215
46 98 0.275701
46 99 0.329439
47 48 0.763889
47 49 0.952778
47 50 0.697222
47 51 0.383333
47 52 0.686111
47 53 0.733333
47 54 0.166667
47 55 0.613889
47 56 0.547222
47 57 0.486111
47 58 0.416667
47 59 0.738889
47 60 0.913889
47 61 0.555556
47 62 0.747222
47 63 0.319444
47 64 0.475000
47 65 0.586111
47 66 0.705556
47 67 0.744444
47 68 0.272222
47 69 0.575000
47 70 0.500000
47 71 0.100000
47 72 0.108333
47 73 0.997222
47 74 0.633333
47 75 0.533333
47 76 0.827778
47 77 0.541667
47 78 0.713889
47 79 0.636111
47 80 0.680556
47 81 0.352778
47 82 0.802778
47 83 0.597222
47 84 0.838889
47 85 0.413889
47 86 0.641667
47 87 0.822222
47 88 0.369444
47 89 0.766667
47 90 0.522222
47 91 0.250000
47 92 0.575000
47 93 0.227778
47 94 0.177778
47 95 0.522222
47 96 0.647222
47 97 0.369444
47 98 0.686111
47 99 0.366667
48 49 0.123693
48 50 0.590592
48 51 0.534843
48 52 0.831010
48 53 0.726481
48 54 0.463415
48 55 0.864111
48 56 0.815331
48 57 0.466899
48 58 0.656794
48 59 0.219512
48 60 0.153310
48 61 0.679443
48 62 0.770035
48 63 0.679443
48 64 0.181185
48 65 0.634146
48 66 0.912892
48 67 0.614983
48 68 0.454704
48 69 0.562718
48 70 0.768293
48 71 0.416376
48 72 0.541812
48 73 0.775261
48 74 0.623693
48 75 0.343206
48 76 0.998258
48 77 0.810105
48 78 0.756098
48 79 0.487805
48 80 0.536585
48 81 0.324042
48 82 0.731707
48 83 0.641115
48 84 0.682927
48 85 0.728223
48 86 0.581882
48 87 0.994774
48 88 0.660279
48 89 0.076655
48 90 0.808362
48 91 0.630662
48 92 0.574913
48 93 0.461672
48 94 0.590592
48 95 0.749129
48 96 0.885017
48 97 0.247387
48 98 0.641115
48 99 0.257840
49 50 0.629687
49 51 0.590625
49 52 0.829688
49 53 0.717187
49 54 0.512500
49 55 0.881250
49 56 0.839063
49 57 0.525000
49 58 0.678125
49 59 0.221875
49 60 0.087500
49 61 0.687500
49 62 0.759375
49 63 0.715625
49 64 0.271875
49 65 0.639062
49 66 0.917188
49 67 0.650000
49 68 0.518750
49 69 0.610938
49 70 0.784375
49 71 0.478125
49 72 0.590625
49 73 0.734375
49 74 0.621875
49 75 0.410938
49 76 0.996875
49 77 0.834375
49 78 0.748437
49 79 0.489063
49 80 0.529687
49 81 0.379688
49 82 0.712500
49 83 0.682813
49 84 0.659375
49 85 0.753125
49 86 0.579688
49 87 0.998437
49 88 0.703125
49 89 0.153125
49 90 0.829688
49 91 0.673438
49 92 0.581250
49 93 0.525000
49 94 0.635938
49 95 0.782813
49 96 0.900000
49 97 0.329688
49 98 0.632812
49 99 0.331250
50 51 0.193760
50 52 0.786535
50 53 0.847291
50 54 0.504105
50 55 0.577997
50 56 0.497537
50 57 0.139573
50 58 0.648604
50 59 0.683087
50 60 0.699507
50 61 0.738916
50 62 0.852217
50 63 0.486043
50 64 0.438424
50 65 0.760263
50 66 0.707718
50 67 0.027915
50 68 0.252874
50 69 0.073892
50 70 0.643678
50 71 0.415435
50 72 0.449918
50 73 0.998358
50 74 0.784893
50 75 0.233169
50 76 0.722496
50 77 0.487685
50 78 0.832512
50 79 0.756979
50 80 0.791461
50 81 0.535304
50 82 0.886700
50 83 0.124795
50 84 0.901478
50 85 0.579639
50 86 0.781609
50 87 0.673235
50 88 0.334975
50 89 0.500821
50 90 0.568144
50 91 0.417077
50 92 0.747126
50 93 0.277504
50 94 0.430213
50 95 0.346470
50 96 0.582923
50 97 0.417077
50 98 0.816092
50 99 0.471264
51 52 0.726908
51 53 0.803213
51 54 0.395582
51 55 0.506024
51 56 0.415663
51 57 0.136546
51 58 0.556225
51 59 0.704819
51 60 0.773092
51 61 0.670683
51 62 0.807229
51 63 0.363454
51 64 0.425703
51 65 0.700803
51 66 0.648594
51 67 0.267068
51 68 0.108434
51 69 0.144578
51 70 0.554217
51 71 0.295181
51 72 0.315261
51 73 0.997992
51 74 0.734940
51 75 0.267068
51 76 0.686747
51 77 0.405622
51 78 0.783133
51 79 0.722892
51 80 0.761044
51 81 0.471888
51 82 0.857430
51 83 0.158635
51 84 0.881526
51 85 0.477912
51 86 0.738956
51 87 0.640562
51 88 0.202811
51 89 0.576305
51 90 0.479920
51 91 0.277108
51 92 0.692771
51 93 0.124498
51 94 0.291165
51 95 0.269076
51 96 0.520080
51 97 0.371486
51 98 0.773092
51 99 0.419679
52 53 0.273092
52 54 0.439759
52 55 0.415663
52 56 0.479920
52 57 0.835341
52 58 0.204819
52 59 0.817269
52 60 0.997992
52 61 0.198795
52 62 0.214859
52 63 0.377510
52 64 0.781124
52 65 0.291165
52 66 0.269076
52 67 0.991968
52 68 0.680723
52 69 0.871486
52 70 0.188755
52 71 0.540161
52 72 0.425703
52 73 0.500000
52 74 0.341365
52 75 0.881526
52 76 0.403614
52 77 0.489960
52 78 0.200803
52 79 0.516064
52 80 0.489960
52 81 0.584337
52 82 0.341365
52 83 0.845382
52 84 0.445783
52 85 0.263052
52 86 0.405622
52 87 0.481928
52 88 0.580321
52 89 0.991968
52 90 0.353414
52 91 0.455823
52 92 0.369478
52 93 0.648594
52 94 0.435743
52 95 0.636546
52 96 0.437751
52 97 0.712851
52 98 0.361446
52 99 0.670683
53 54 0.395872
53 55 0.604128
53 56 0.641651
53 57 0.821764
53 58 0.251407
53 59 0.602251
53 60 0.778612
53 61 0.133208
53 62 0.061914
53 63 0.495310
53 64 0.658537
53 65 0.106942
53 66 0.499062
53 67 0.998124
53 68 0.679174
53 69 0.885553
53 70 0.373358
53 71 0.502814
53 72 0.457786
53 73 0.221388
53 74 0.112570
53 75 0.821764
53 76 0.626642
53 77 0.647280
53 78 0.067542
53 79 0.281426
53 80 0.242026
53 81 0.455910
53 82 0.067542
53 83 0.887430
53 84 0.161351
53 85 0.416510
53 86 0.166979
53 87 0.692308
53 88 0.669794
53 89 0.834897
53 90 0.532833
53 91 0.544090
53 92 0.163227
53 93 0.651032
53 94 0.500938
53 95 0.750469
53 96 0.628518
53 97 0.611632
53 98 0.105066
53 99 0.553471
54 55 0.760000
54 56 0.720000
54 57 0.698462
54 58 0.360000
54 59 0.707692
54 60 0.938462
54 61 0.470769
54 62 0.680000
54 63 0.436923
54 64 0.526154
54 65 0.480000
54 66 0.796923
54 67 0.996923
54 68 0.467692
54 69 0.815385
54 70 0.535385
54 71 0.175385
54 72 0.206154
54 73 0.923077
54 74 0.523077
54 75 0.704615
54 76 0.963077
54 77 0.716923
54 78 0.643077
54 79 0.520000
54 80 0.566154
54 81 0.273846
54 82 0.716923
54 83 0.846154
54 84 0.744615
54 85 0.473846
54 86 0.523077
54 87 0.984615
54 88 0.578462
54 89 0.852308
54 90 0.646154
54 91 0.409231
54 92 0.455385
54 93 0.424615
54 94 0.316923
54 95 0.744615
54 96 0.803077
54 97 0.418462
54 98 0.581538
54 99 0.363077
55 56 0.089091
55 57 0.581818
55 58 0.365455
55 59 0.869091
55 60 0.998182
55 61 0.467273
55 62 0.550909
55 63 0.192727
55 64 0.712727
55 65 0.547273
55 66 0.167273
55 67 0.658182
55 68 0.478182
55 69 0.567273
55 70 0.223636
55 71 0.467273
55 72 0.340000
55 73 0.801818
55 74 0.598182
55 75 0.681818
55 76 0.161818
55 77 0.100000
55 78 0.530909
55 79 0.698182
55 80 0.701818
55 81 0.610909
55 82 0.650909
55 83 0.505455
55 84 0.727273
55 85 0.194545
55 86 0.638182
55 87 0.134545
55 88 0.274545
55 89 0.898182
55 90 0.072727
55 91 0.245455
55 92 0.592727
55 93 0.456364
55 94 0.283636
55 95 0.263636
55 96 0.025455
55 97 0.643636
55 98 0.629091
55 99 0.641818
56 57 0.521822
56 58 0.402277
56 59 0.876660
56 60 0.998102
56 61 0.518027
56 62 0.620493
56 63 0.176471
56 64 0.688805
56 65 0.593928
56 66 0.263757
56 67 0.593928
56 68 0.425047
56 69 0.500949
56 70 0.278937
56 71 0.442125
56 72 0.318786
56 73 0.872865
56 74 0.645161
56 75 0.633776
56 76 0.259962
56 77 0.011385
56 78 0.597723
56 79 0.732448
56 80 0.741935
56 81 0.607211
56 82 0.715370
56 83 0.434535
56 84 0.785579
56 85 0.227704
56 86 0.681214
56 87 0.212524
56 88 0.199241
56 89 0.876660
56 90 0.119545
56 91 0.203036
56 92 0.631879
56 93 0.404175
56 94 0.254269
56 95 0.182163
56 96 0.098672
56 97 0.618596
56 98 0.681214
56 99 0.624288
57 58 0.614801
57 59 0.631879
57 60 0.667932
57 61 0.713472
57 62 0.844402
57 63 0.462998
57 64 0.352941
57 65 0.728653
57 66 0.736243
57 67 0.195446
57 68 0.146110
57 69 0.106262
57 70 0.635674
57 71 0.324478
57 72 0.387097
57 73 0.998102
57 74 0.753321
57 75 0.142315
57 76 0.776091
57 77 0.512334
57 78 0.821632
57 79 0.713472
57 80 0.753321
57 81 0.455408
57 82 0.874763
57 83 0.191651
57 84 0.884250
57 85 0.565465
57 86 0.747628
57 87 0.734345
57 88 0.320683
57 89 0.455408
57 90 0.578748
57 91 0.381404
57 92 0.707780
57 93 0.176471
57 94 0.381404
57 95 0.377609
57 96 0.620493
57 97 0.322581
57 98 0.789374
57 99 0.383302
58 59 0.769417
58 60 0.978155
58 61 0.152913
58 62 0.308252
58 63 0.315534
58 64 0.696602
58 65 0.242718
58 66 0.417476
58 67 0.997573
58 68 0.599515
58 69 0.849515
58 70 0.206311
58 71 0.407767
58 72 0.291262
58 73 0.604369
58 74 0.310680
58 75 0.827670
58 76 0.575243
58 77 0.521845
58 78 0.279126
58 79 0.458738
58 80 0.453883
58 81 0.463592
58 82 0.405340
58 83 0.837379
58 84 0.490291
58 85 0.228155
58 86 0.364078
58 87 0.631068
58 88 0.541262
58 89 0.951456
58 90 0.390777
58 91 0.378641
58 92 0.303398
58 93 0.560680
58 94 0.330097
58 95 0.643204
58 96 0.521845
58 97 0.614078
58 98 0.354369
58 99 0.563107
59 60 0.168478
59 61 0.563406
59 62 0.634058
59 63 0.673913
59 64 0.268116
59 65 0.498188
59 66 0.875000
59 67 0.782609
59 68 0.538043
59 69 0.704710
59 70 0.715580
59 71 0.420290
59 72 0.530797
59 73 0.594203
59 74 0.472826
59 75 0.503623
59 76 0.980072
59 77 0.833333
59 78 0.623188
59 79 0.311594
59 80 0.358696
59 81 0.255435
59 82 0.572464
59 83 0.769928
59 84 0.507246
59 85 0.692029
59 86 0.420290
59 87 0.998188
59 88 0.713768
59 89 0.306159
59 90 0.797101
59 91 0.644928
59 92 0.427536
59 93 0.532609
59 94 0.592391
59 95 0.813406
59 96 0.889493
59 97 0.300725
59 98 0.481884
59 99 0.259058
60 61 0.644231
60 62 0.709936
60 63 0.708333
60 64 0.277244
60 65 0.589744
60 66 0.903846
60 67 0.705128
60 68 0.536859
60 69 0.652244
60 70 0.764423
60 71 0.469551
60 72 0.578526
60 73 0.671474
60 74 0.568910
60 75 0.455128
60 76 0.990385
60 77 0.839744
60 78 0.701923
60 79 0.426282
60 80 0.467949
60 81 0.346154
60 82 0.655449
60 83 0.722756
60 84 0.596154
60 85 0.737179
60 86 0.522436
60 87 0.998397
60 88 0.716346
60 89 0.208333
60 90 0.822115
60 91 0.671474
60 92 0.527244
60 93 0.538462
60 94 0.629808
60 95 0.801282
60 96 0.900641
60 97 0.328526
60 98 0.576923
60 99 0.315705
61 62 0.147752
61 63 0.413276
61 64 0.665953
61 65 0.102784
61 66 0.451820
61 67 0.997859
61 68 0.638116
61 69 0.869379
61 70 0.289079
61 71 0.449679
61 72 0.376874
61 73 0.398287
61 74 0.162741
61 75 0.820128
61 76 0.597430
61 77 0.591006
61 78 0.119914
61 79 0.336188
61 80 0.312634
61 81 0.438972
61 82 0.222698
61 83 0.867238
61 84 0.306210
61 85 0.327623
61 86 0.224839
61 87 0.661670
61 88 0.612420
61 89 0.880086
61 90 0.466809
61 91 0.468951
61 92 0.182013
61 93 0.605996
61 94 0.421842
61 95 0.702355
61 96 0.578158
61 97 0.601713
61 98 0.192719
61 99 0.543897
62 63 0.475746
62 64 0.690299
62 65 0.143657
62 66 0.449627
62 67 0.998134
62 68 0.686567
62 69 0.886194
62 70 0.335821
62 71 0.518657
62 72 0.457090
62 73 0.264925
62 74 0.166045
62 75 0.839552
62 76 0.574627
62 77 0.615672
62 78 0.022388
62 79 0.337687
62 80 0.300373
62 81 0.490672
62 82 0.117537
62 83 0.882463
62 84 0.220149
62 85 0.386194
62 86 0.223881
62 87 0.643657
62 88 0.654851
62 89 0.871269
62 90 0.498134
62 91 0.529851
62 92 0.210821
62 93 0.656716
62 94 0.492537
62 95 0.729478
62 96 0.589552
62 97 0.639925
62 98 0.166045
62 99 0.583955
63 64 0.734015
63 65 0.583120
63 66 0.373402
63 67 0.790281
63 68 0.447570
63 69 0.644501
63 70 0.245524
63 71 0.386189
63 72 0.204604
63 73 0.969309
63 74 0.647059
63 75 0.731458
63 76 0.468031
63 77 0.237852
63 78 0.618926
63 79 0.749361
63 80 0.764706
63 81 0.588235
63 82 0.762148
63 83 0.595908
63 84 0.841432
63 85 0.145780
63 86 0.690537
63 87 0.462916
63 88 0.255754
63 89 0.997442
63 90 0.186701
63 91 0.109974
63 92 0.624041
63 93 0.409207
63 94 0.132992
63 95 0.345269
63 96 0.304348
63 97 0.636829
63 98 0.698210
63 99 0.629156
64 65 0.626327
64 66 0.898089
64 67 0.600849
64 68 0.341826
64 69 0.513800
64 70 0.728238
64 71 0.288747
64 72 0.443737
64 73 0.857749
64 74 0.626327
64 75 0.278132
64 76 0.997877
64 77 0.764331
64 78 0.766454
64 79 0.503185
64 80 0.560510
64 81 0.229299
64 82 0.766454
64 83 0.596603
64 84 0.734607
64 85 0.673036
64 86 0.590234
64 87 0.989384
64 88 0.585987
64 89 0.225053
64 90 0.764331
64 91 0.545648
64 92 0.566879
64 93 0.346072
64 94 0.498938
64 95 0.694268
64 96 0.855626
64 97 0.078556
64 98 0.656051
64 99 0.121019
65 66 0.541667
65 67 0.997917
65 68 0.641667
65 69 0.872917
65 70 0.375000
65 71 0.443750
65 72 0.406250
65 73 0.316667
65 74 0.058333
65 75 0.793750
65 76 0.681250
65 77 0.656250
65 78 0.145833
65 79 0.233333
65 80 0.206250
65 81 0.387500
65 82 0.160417
65 83 0.883333
65 84 0.210417
65 85 0.404167
65 86 0.118750
65 87 0.741667
65 88 0.654167
65 89 0.812500
65 90 0.543750
65 91 0.514583
65 92 0.083333
65 93 0.610417
65 94 0.462500
65 95 0.750000
65 96 0.656250
65 97 0.560417
65 98 0.093750
65 99 0.495833
66 67 0.833962
66 68 0.605660
66 69 0.732075
66 70 0.166038
66 71 0.541509
66 72 0.405660
66 73 0.722642
66 74 0.543396
66 75 0.816981
66 76 0.126415
66 77 0.271698
66 78 0.437736
66 79 0.679245
66 80 0.669811
66 81 0.654717
66 82 0.569811
66 83 0.681132
66 84 0.660377
66 85 0.200000
66 86 0.596226
66 87 0.198113
66 88 0.428302
66 89 0.998113
66 90 0.158491
66 91 0.354717
66 92 0.552830
66 93 0.577358
66 94 0.371698
66 95 0.439623
66 96 0.184906
66 97 0.728302
66 98 0.569811
66 99 0.709434
67 68 0.273163
67 69 0.095847
67 70 0.648562
67 71 0.431310
67 72 0.463259
67 73 0.998403
67 74 0.790735
67 75 0.249201
67 76 0.718850
67 77 0.490415
67 78 0.835463
67 79 0.763578
67 80 0.797125
67 81 0.547923
67 82 0.889776
67 83 0.134185
67 84 0.904153
67 85 0.586262
67 86 0.787540
67 87 0.667732
67 88 0.343450
67 89 0.507987
67 90 0.571885
67 91 0.428115
67 92 0.753994
67 93 0.297125
67 94 0.442492
67 95 0.349840
67 96 0.583067
67 97 0.432907
67 98 0.821086
67 99 0.485623
68 69 0.246696
68 70 0.577093
68 71 0.215859
68 72 0.279736
68 73 0.997797
68 74 0.711454
68 75 0.244493
68 76 0.773128
68 77 0.484581
68 78 0.781938
68 79 0.682819
68 80 0.724670
68 81 0.398678
68 82 0.850220
68 83 0.290749
68 84 0.867841
68 85 0.497797
68 86 0.709251
68 87 0.737885
68 88 0.270925
68 89 0.541850
68 90 0.533040
68 91 0.292952
68 92 0.660793
68 93 0.035242
68 94 0.281938
68 95 0.372247
68 96 0.599119
68 97 0.290749
68 98 0.753304
68 99 0.341410
69 70 0.613074
69 71 0.372792
69 72 0.406360
69 73 0.998233
69 74 0.768551
69 75 0.224382
69 76 0.708481
69 77 0.455830
69 78 0.816254
69 79 0.745583
69 80 0.780919
69 81 0.510601
69 82 0.878092
69 83 0.090106
69 84 0.895760
69 85 0.545936
69 86 0.766784
69 87 0.659011
69 88 0.286219
69 89 0.519435
69 90 0.537102
69 91 0.369258
69 92 0.729682
69 93 0.222615
69 94 0.383392
69 95 0.310954
69 96 0.558304
69 97 0.395760
69 98 0.802120
69 99 0.448763
70 71 0.464444
70 72 0.313333
70 73 0.706667
70 74 0.464444
70 75 0.817778
70 76 0.335556
70 77 0.335556
70 78 0.375556
70 79 0.611111
70 80 0.604444
70 81 0.580000
70 82 0.522222
70 83 0.733333
70 84 0.617778
70 85 0.084444
70 86 0.520000
70 87 0.388889
70 88 0.435556
70 89 0.997778
70 90 0.191111
70 91 0.304444
70 92 0.466667
70 93 0.546667
70 94 0.297778
70 95 0.495556
70 96 0.302222
70 97 0.680000
70 98 0.500000
70 99 0.648889
71 72 0.202247
71 73 0.997191
71 74 0.634831
71 75 0.485955
71 76 0.935393
71 77 0.648876
71 78 0.747191
71 79 0.595506
71 80 0.648876
71 81 0.269663
71 82 0.814607
71 83 0.637640
71 84 0.831461
71 85 0.511236
71 86 0.626404
71 87 0.932584
71 88 0.457865
71 89 0.679775
71 90 0.629213
71 91 0.353933
71 92 0.567416
71 93 0.238764
71 94 0.280899
71 95 0.612360
71 96 0.755618
71 97 0.275281
71 98 0.685393
71 99 0.269663
72 73 0.997126
72 74 0.620690
72 75 0.658046
72 76 0.750000
72 77 0.479885
72 78 0.666667
72 79 0.669540
72 80 0.701149
72 81 0.433908
72 82 0.781609
72 83 0.658046
72 84 0.839080
72 85 0.316092
72 86 0.643678
72 87 0.750000
72 88 0.356322
72 89 0.902299
72 90 0.436782
72 91 0.189655
72 92 0.571839
72 93 0.318966
72 94 0.103448
72 95 0.508621
72 96 0.574713
72 97 0.491379
72 98 0.678161
72 99 0.477011
73 74 0.227826
73 75 0.890435
73 76 0.782609
73 77 0.805217
73 78 0.262609
73 79 0.290435
73 80 0.243478
73 81 0.523478
73 82 0.142609
73 83 0.998261
73 84 0.102609
73 85 0.589565
73 86 0.229565
73 87 0.845217
73 88 0.812174
73 89 0.836522
73 90 0.700870
73 91 0.695652
73 92 0.264348
73 93 0.763478
73 94 0.652174
73 95 0.892174
73 96 0.789565
73 97 0.674783
73 98 0.193043
73 99 0.613913
74 75 0.880361
74 76 0.801354
74 77 0.772009
74 78 0.191874
74 79 0.207675
74 80 0.167043
74 81 0.422122
74 82 0.148984
74 83 0.997743
74 84 0.171558
74 85 0.501129
74 86 0.072235
74 87 0.866817
74 88 0.760722
74 89 0.871332
74 90 0.652370
74 91 0.611738
74 92 0.063205
74 93 0.697517
74 94 0.553047
74 95 0.866817
74 96 0.774266
74 97 0.613995
74 98 0.042889
74 99 0.541761
75 76 0.997845
75 77 0.709052
75 78 0.946121
75 79 0.756466
75 80 0.810345
75 81 0.459052
75 82 0.982759
75 83 0.379310
75 84 0.974138
75 85 0.719828
75 86 0.818966
75 87 0.961207
75 88 0.495690
75 89 0.357759
75 90 0.762931
75 91 0.528017
75 92 0.782328
75 93 0.271552
75 94 0.508621
75 95 0.575431
75 96 0.825431
75 97 0.275862
75 98 0.877155
75 99 0.353448
76 77 0.248696
76 78 0.520000
76 79 0.740870
76 80 0.733913
76 81 0.699130
76 82 0.641739
76 83 0.636522
76 84 0.726957
76 85 0.276522
76 86 0.666087
76 87 0.085217
76 88 0.417391
76 89 0.998261
76 90 0.191304
76 91 0.380870
76 92 0.624348
76 93 0.586087
76 94 0.410435
76 95 0.401739
76 96 0.147826
76 97 0.751304
76 98 0.643478
76 99 0.740870
77 78 0.692810
77 79 0.840959
77 80 0.854031
77 81 0.692810
77 82 0.827887
77 83 0.485839
77 84 0.908497
77 85 0.267974
77 86 0.786492
77 87 0.254902
77 88 0.217865
77 89 0.997821
77 90 0.148148
77 91 0.226580
77 92 0.729847
77 93 0.455338
77 94 0.287582
77 95 0.196078
77 96 0.126362
77 97 0.703704
77 98 0.786492
77 99 0.712418
78 79 0.383948
78 80 0.344902
78 81 0.550976
78 82 0.151844
78 83 0.997831
78 84 0.266811
78 85 0.422993
78 86 0.253796
78 87 0.726681
78 88 0.733189
78 89 0.993492
78 90 0.553145
78 91 0.587852
78 92 0.234273
78 93 0.735358
78 94 0.544469
78 95 0.819957
78 96 0.661605
78 97 0.722343
78 98 0.190889
78 99 0.659436
79 80 0.060134
79 81 0.307350
79 82 0.318486
79 83 0.979955
79 84 0.249443
79 85 0.616927
79 86 0.133630
79 87 0.997773
79 88 0.795100
79 89 0.699332
79 90 0.766147
79 91 0.661470
79 92 0.160356
79 93 0.663697
79 94 0.596882
79 95 0.913140
79 96 0.888641
79 97 0.498886
79 98 0.209354
79 99 0.418708
80 81 0.355120
80 82 0.254902
80 83 0.997821
80 84 0.183007
80 85 0.605664
80 86 0.091503
80 87 0.973856
80 88 0.803922
80 89 0.742919
80 90 0.751634
80 91 0.668845
80 92 0.135076
80 93 0.690632
80 94 0.605664
80 95 0.917211
80 96 0.871460
80 97 0.542484
80 98 0.156863
80 99 0.466231
81 82 0.615572
81 83 0.763990
81 84 0.588808
81 85 0.593674
81 86 0.416058
81 87 0.997567
81 88 0.627737
81 89 0.498783
81 90 0.727494
81 91 0.523114
81 92 0.386861
81 93 0.420925
81 94 0.452555
81 95 0.763990
81 96 0.851582
81 97 0.211679
81 98 0.489051
81 99 0.126521
82 83 0.998008
82 84 0.109562
82 85 0.511952
82 86 0.171315
82 87 0.806773
82 88 0.772908
82 89 0.896414
82 90 0.637450
82 91 0.639442
82 92 0.187251
82 93 0.739044
82 94 0.593625
82 95 0.862550
82 96 0.739044
82 97 0.675299
82 98 0.103586
82 99 0.609562
83 84 0.998069
83 85 0.561776
83 86 0.861004
83 87 0.644788
83 88 0.260618
83 89 0.660232
83 90 0.532819
83 91 0.374517
83 92 0.814672
83 93 0.274131
83 94 0.403475
83 95 0.260618
83 96 0.542471
83 97 0.498069
83 98 0.891892
83 99 0.550193
84 85 0.638528
84 86 0.158009
84 87 0.976190
84 88 0.893939
84 89 0.922078
84 90 0.781385
84 91 0.751082
84 92 0.203463
84 93 0.822511
84 94 0.694805
84 95 0.997835
84 96 0.896104
84 97 0.712121
84 98 0.123377
84 99 0.636364
85 86 0.575472
85 87 0.405660
85 88 0.370283
85 89 0.997642
85 90 0.158019
85 91 0.233491
85 92 0.514151
85 93 0.495283
85 94 0.231132
85 95 0.441038
85 96 0.287736
85 97 0.660377
85 98 0.566038
85 99 0.636792
86 87 0.997567
86 88 0.844282
86 89 0.885645
86 90 0.756691
86 91 0.688564
86 92 0.063260
86 93 0.749392
86 94 0.620438
86 95 0.965937
86 96 0.888078
86 97 0.627737
86 98 0.082725
86 99 0.545012
87 88 0.380702
87 89 0.998246
87 90 0.192982
87 91 0.368421
87 92 0.675439
87 93 0.566667
87 94 0.405263
87 95 0.347368
87 96 0.110526
87 97 0.752632
87 98 0.701754
87 99 0.749123
88 89 0.997290
88 90 0.384824
88 91 0.181572
88 92 0.872629
88 93 0.311653
88 94 0.249322
88 95 0.149051
88 96 0.425474
88 97 0.653117
88 98 0.964770
88 99 0.685637
89 90 0.916996
89 91 0.707510
89 92 0.707510
89 93 0.498024
89 94 0.667984
89 95 0.820158
89 96 0.998024
89 97 0.282609
89 98 0.784585
89 99 0.314229
90 91 0.337461
90 92 0.882353
90 93 0.705882
90 94 0.386997
90 95 0.470588
90 96 0.167183
90 97 0.996904
90 98 0.947368
90 99 0.984520
91 92 0.883162
91 93 0.408935
91 94 0.103093
91 95 0.391753
91 96 0.501718
91 97 0.756014
91 98 0.996564
91 99 0.762887
92 93 0.768817
92 94 0.615591
92 95 0.997312
92 96 0.913978
92 97 0.658602
92 98 0.115591
92 99 0.569892
93 94 0.340426
93 95 0.498480
93 96 0.790274
93 97 0.398176
93 98 0.996960
93 99 0.458967
94 95 0.535849
94 96 0.637736
94 97 0.743396
94 98 0.996226
94 99 0.739623
95 96 0.360494
95 97 0.725926
95 98 0.997531
95 99 0.758025
96 97 0.997275
96 98 0.980926
96 99 0.994550
97 98 0.996540
97 99 0.124567
98 99 0.996078
