100 4950
0 1 0.050943
0 2 0.324528
0 3 0.288679
0 4 0.345283
0 5 0.632075
0 6 0.400000
0 7 0.828302
0 8 0.581132
0 9 0.452830
0 10 0.564151
0 11 0.760377
0 12 0.707547
0 13 0.601887
0 14 0.507547
0 15 0.133962
0 16 0.528302
0 17 0.522642
0 18 0.696226
0 19 0.843396
0 20 0.603774
0 21 0.245283
0 22 0.092453
0 23 0.441509
0 24 0.316981
0 25 0.081132
0 26 0.420755
0 27 0.596226
0 28 0.645283
0 29 0.650943
0 30 0.575472
0 31 0.367925
0 32 0.475472
0 33 0.373585
0 34 0.354717
0 35 0.801887
0 36 0.332075
0 37 0.528302
0 38 0.816981
0 39 0.505660
0 40 0.603774
0 41 0.184906
0 42 0.852830
0 43 0.467925
0 44 0.535849
0 45 0.601887
0 46 0.600000
0 47 0.347170
0 48 0.198113
0 49 0.701887
0 50 0.122642
0 51 0.745283
0 52 0.237736
0 53 0.998113
0 54 0.215094
0 55 0.700000
0 56 0.503774
0 57 0.296226
0 58 0.516981
0 59 0.694340
0 60 0.645283
0 61 0.654717
0 62 0.543396
0 63 0.356604
0 64 0.211321
0 65 0.279245
0 66 0.254717
0 67 0.260377
0 68 0.852830
0 69 0.883019
0 70 0.062264
0 71 0.564151
0 72 0.705660
0 73 0.820755
0 74 0.166038
0 75 0.390566
0 76 0.639623
0 77 0.590566
0 78 0.698113
0 79 0.922642
0 80 0.190566
0 81 0.705660
0 82 0.200000
0 83 0.377358
0 84 0.611321
0 85 0.730189
0 86 0.515094
0 87 0.558491
0 88 0.175472
0 89 0.807547
0 90 0.518868
0 91 0.598113
0 92 0.798113
0 93 0.116981
0 94 0.341509
0 95 0.160377
0 96 0.298113
0 97 0.367925
0 98 0.737736
0 99 0.224528
1 2 0.325397
1 3 0.248016
1 4 0.341270
1 5 0.621032
1 6 0.367063
1 7 0.823413
1 8 0.557540
1 9 0.432540
1 10 0.591270
1 11 0.744048
1 12 0.700397
1 13 0.579365
1 14 0.480159
1 15 0.121032
1 16 0.503968
1 17 0.509921
1 18 0.686508
1 19 0.837302
1 20 0.581349
1 21 0.204365
1 22 0.047619
1 23 0.428571
1 24 0.305556
1 25 0.105159
1 26 0.416667
1 27 0.621032
1 28 0.648810
1 29 0.652778
1 30 0.561508
1 31 0.378968
1 32 0.454365
1 33 0.337302
1 34 0.343254
1 35 0.799603
1 36 0.331349
1 37 0.503968
1 38 0.803571
1 39 0.478175
1 40 0.583333
1 41 0.204365
1 42 0.843254
1 43 0.442460
1 44 0.523810
1 45 0.577381
1 46 0.595238
1 47 0.373016
1 48 0.172619
1 49 0.682540
1 50 0.150794
1 51 0.730159
1 52 0.242063
1 53 0.998016
1 54 0.244048
1 55 0.688492
1 56 0.488095
1 57 0.285714
1 58 0.513889
1 59 0.688492
1 60 0.626984
1 61 0.648810
1 62 0.515873
1 63 0.345238
1 64 0.170635
1 65 0.244048
1 66 0.218254
1 67 0.232143
1 68 0.843254
1 69 0.880952
1 70 0.009921
1 71 0.575397
1 72 0.694444
1 73 0.807540
1 74 0.220238
1 75 0.357143
1 76 0.642857
1 77 0.617063
1 78 0.682540
1 79 0.918651
1 80 0.146825
1 81 0.688492
1 82 0.190476
1 83 0.349206
1 84 0.587302
1 85 0.716270
1 86 0.498016
1 87 0.537698
1 88 0.204365
1 89 0.801587
1 90 0.492063
1 91 0.621032
1 92 0.783730
1 93 0.158730
1 94 0.335317
1 95 0.126984
1 96 0.277778
1 97 0.339286
1 98 0.730159
1 99 0.246032
2 3 0.307143
2 4 0.580357
2 5 0.376786
2 6 0.351786
2 7 0.580357
2 8 0.478571
2 9 0.235714
2 10 0.819643
2 11 0.676786
2 12 0.805357
2 13 0.617857
2 14 0.416071
2 15 0.183929
2 16 0.569643
2 17 0.673214
2 18 0.780357
2 19 0.867857
2 20 0.521429
2 21 0.330357
2 22 0.312500
2 23 0.171429
2 24 0.535714
2 25 0.382143
2 26 0.108929
2 27 0.846429
2 28 0.819643
2 29 0.819643
2 30 0.328571
2 31 0.630357
2 32 0.278571
2 33 0.412500
2 34 0.564286
2 35 0.892857
2 36 0.575000
2 37 0.567857
2 38 0.748214
2 39 0.505357
2 40 0.455357
2 41 0.476786
2 42 0.767857
2 43 0.548214
2 44 0.671429
2 45 0.585714
2 46 0.757143
2 47 0.628571
2 48 0.414286
2 49 0.623214
2 50 0.225000
2 51 0.737500
2 52 0.508929
2 53 0.998214
2 54 0.183929
2 55 0.471429
2 56 0.262500
2 57 0.069643
2 58 0.710714
2 59 0.812500
2 60 0.692857
2 61 0.787500
2 62 0.507143
2 63 0.098214
2 64 0.364286
2 65 0.232143
2 66 0.387500
2 67 0.437500
2 68 0.816071
2 69 0.926786
2 70 0.294643
2 71 0.787500
2 72 0.482143
2 73 0.730357
2 74 0.296429
2 75 0.314286
2 76 0.817857
2 77 0.842857
2 78 0.507143
2 79 0.914286
2 80 0.266071
2 81 0.558929
2 82 0.451786
2 83 0.496429
2 84 0.542857
2 85 0.758929
2 86 0.637500
2 87 0.619643
2 88 0.196429
2 89 0.851786
2 90 0.444643
2 91 0.842857
2 92 0.712500
2 93 0.257143
2 94 0.567857
2 95 0.371429
2 96 0.500000
2 97 0.250000
2 98 0.489286
2 99 0.144643
3 4 0.475000
3 5 0.542500
3 6 0.150000
3 7 0.765000
3 8 0.390000
3 9 0.335000
3 10 0.832500
3 11 0.627500
3 12 0.697500
3 13 0.457500
3 14 0.292500
3 15 0.310000
3 16 0.377500
3 17 0.525000
3 18 0.662500
3 19 0.805000
3 20 0.417500
3 21 0.087500
3 22 0.272500
3 23 0.395000
3 24 0.405000
3 25 0.417500
3 26 0.450000
3 27 0.860000
3 28 0.737500
3 29 0.735000
3 30 0.477500
3 31 0.587500
3 32 0.332500
3 33 0.150000
3 34 0.427500
3 35 0.822500
3 36 0.480000
3 37 0.375000
3 38 0.707500
3 39 0.310000
3 40 0.430000
3 41 0.482500
3 42 0.752500
3 43 0.337500
3 44 0.517500
3 45 0.435000
3 46 0.645000
3 47 0.645000
3 48 0.282500
3 49 0.550000
3 50 0.437500
3 51 0.640000
3 52 0.457500
3 53 0.997500
3 54 0.510000
3 55 0.595000
3 56 0.402500
3 57 0.332500
3 58 0.600000
3 59 0.710000
3 60 0.550000
3 61 0.675000
3 62 0.342500
3 63 0.350000
3 64 0.177500
3 65 0.105000
3 66 0.165000
3 67 0.250000
3 68 0.772500
3 69 0.877500
3 70 0.300000
3 71 0.735000
3 72 0.595000
3 73 0.707500
3 74 0.560000
3 75 0.150000
3 76 0.740000
3 77 0.855000
3 78 0.565000
3 79 0.887500
3 80 0.130000
3 81 0.555000
3 82 0.365000
3 83 0.275000
3 84 0.427500
3 85 0.650000
3 86 0.465000
3 87 0.442500
3 88 0.477500
3 89 0.775000
3 90 0.305000
3 91 0.845000
3 92 0.677500
3 93 0.472500
3 94 0.452500
3 95 0.255000
3 96 0.342500
3 97 0.177500
3 98 0.657500
3 99 0.477500
4 5 0.838843
4 6 0.477273
4 7 0.997934
4 8 0.630165
4 9 0.669421
4 10 0.295455
4 11 0.735537
4 12 0.471074
4 13 0.489669
4 14 0.572314
4 15 0.473140
4 16 0.415289
4 17 0.250000
4 18 0.475207
4 19 0.675620
4 20 0.619835
4 21 0.326446
4 22 0.318182
4 23 0.710744
4 24 0.057851
4 25 0.307851
4 26 0.733471
4 27 0.318182
4 28 0.336777
4 29 0.347107
4 30 0.787190
4 31 0.107438
4 32 0.667355
4 33 0.363636
4 34 0.061983
4 35 0.559917
4 36 0.022727
4 37 0.415289
4 38 0.762397
4 39 0.458678
4 40 0.698347
4 41 0.225207
4 42 0.814050
4 43 0.326446
4 44 0.280992
4 45 0.535124
4 46 0.305785
4 47 0.204545
4 48 0.190083
4 49 0.683884
4 50 0.510331
4 51 0.628099
4 52 0.138430
4 53 0.840909
4 54 0.609504
4 55 0.863636
4 56 0.727273
4 57 0.607438
4 58 0.196281
4 59 0.433884
4 60 0.479339
4 61 0.384298
4 62 0.524793
4 63 0.648760
4 64 0.260331
4 65 0.462810
4 66 0.256198
4 67 0.185950
4 68 0.754132
4 69 0.688017
4 70 0.349174
4 71 0.243802
4 72 0.861570
4 73 0.791322
4 74 0.551653
4 75 0.504132
4 76 0.328512
4 77 0.314050
4 78 0.816116
4 79 0.785124
4 80 0.371901
4 81 0.768595
4 82 0.159091
4 83 0.241736
4 84 0.605372
4 85 0.570248
4 86 0.287190
4 87 0.404959
4 88 0.568182
4 89 0.619835
4 90 0.559917
4 91 0.307851
4 92 0.768595
4 93 0.506198
4 94 0.022727
4 95 0.239669
4 96 0.109504
4 97 0.541322
4 98 0.919421
4 99 0.613636
5 6 0.316637
5 7 0.203936
5 8 0.277281
5 9 0.168157
5 10 0.980322
5 11 0.432916
5 12 0.747764
5 13 0.508050
5 14 0.271914
5 15 0.483005
5 16 0.500894
5 17 0.703041
5 18 0.711986
5 19 0.717352
5 20 0.325581
5 21 0.450805
5 22 0.549195
5 23 0.205725
5 24 0.676208
5 25 0.652952
5 26 0.275492
5 27 0.998211
5 28 0.856887
5 29 0.849732
5 30 0.051878
5 31 0.808587
5 32 0.152057
5 33 0.423971
5 34 0.685152
5 35 0.821109
5 36 0.731664
5 37 0.499106
5 38 0.509839
5 39 0.418605
5 40 0.202147
5 41 0.720930
5 42 0.508050
5 43 0.534884
5 44 0.683363
5 45 0.445438
5 46 0.781753
5 47 0.849732
5 48 0.590340
5 49 0.395349
5 50 0.567084
5 51 0.570662
5 52 0.715564
5 53 0.810376
5 54 0.554562
5 55 0.105546
5 56 0.121646
5 57 0.347048
5 58 0.783542
5 59 0.781753
5 60 0.599284
5 61 0.774597
5 62 0.375671
5 63 0.288014
5 64 0.515206
5 65 0.347048
5 66 0.504472
5 67 0.567084
5 68 0.604651
5 69 0.794275
5 70 0.552773
5 71 0.894454
5 72 0.121646
5 73 0.470483
5 74 0.654741
5 75 0.289803
5 76 0.862254
5 77 0.992844
5 78 0.177102
5 79 0.720930
5 80 0.443649
5 81 0.268336
5 82 0.649374
5 83 0.543828
5 84 0.355993
5 85 0.631485
5 86 0.640429
5 87 0.558140
5 88 0.558140
5 89 0.726297
5 90 0.300537
5 91 0.983900
5 92 0.461538
5 93 0.601073
5 94 0.708408
5 95 0.563506
5 96 0.631485
5 97 0.264758
5 98 0.112701
5 99 0.516995
6 7 0.659686
6 8 0.251309
6 9 0.293194
6 10 0.973822
6 11 0.513089
6 12 0.698953
6 13 0.392670
6 14 0.149215
6 15 0.458115
6 16 0.332461
6 17 0.575916
6 18 0.654450
6 19 0.756545
6 20 0.287958
6 21 0.238220
6 22 0.442408
6 23 0.395288
6 24 0.531414
6 25 0.594241
6 26 0.484293
6 27 0.997382
6 28 0.803665
6 29 0.795812
6 30 0.405759
6 31 0.732984
6 32 0.261780
6 33 0.157068
6 34 0.541885
6 35 0.821990
6 36 0.615183
6 37 0.329843
6 38 0.604712
6 39 0.227749
6 40 0.295812
6 41 0.654450
6 42 0.646597
6 43 0.340314
6 44 0.554974
6 45 0.342932
6 46 0.698953
6 47 0.808901
6 48 0.437173
6 49 0.429319
6 50 0.599476
6 51 0.565445
6 52 0.617801
6 53 0.947644
6 54 0.654450
6 55 0.489529
6 56 0.350785
6 57 0.413613
6 58 0.685864
6 59 0.730366
6 60 0.510471
6 61 0.706806
6 62 0.230366
6 63 0.395288
6 64 0.327225
6 65 0.196335
6 66 0.295812
6 67 0.379581
6 68 0.688482
6 69 0.848168
6 70 0.471204
6 71 0.845550
6 72 0.486911
6 73 0.596859
6 74 0.730366
6 75 0.057592
6 76 0.808901
6 77 0.992147
6 78 0.442408
6 79 0.824607
6 80 0.290576
6 81 0.424084
6 82 0.523560
6 83 0.332461
6 84 0.303665
6 85 0.599476
6 86 0.494764
6 87 0.413613
6 88 0.628272
6 89 0.738220
6 90 0.167539
6 91 0.976440
6 92 0.568063
6 93 0.638743
6 94 0.578534
6 95 0.416230
6 96 0.468586
6 97 0.154450
6 98 0.557592
6 99 0.615183
7 8 0.296178
7 9 0.323248
7 10 0.987261
7 11 0.351911
7 12 0.702229
7 13 0.492038
7 14 0.328025
7 15 0.603503
7 16 0.507962
7 17 0.705414
7 18 0.667197
7 19 0.627389
7 20 0.323248
7 21 0.541401
7 22 0.646497
7 23 0.364650
7 24 0.724522
7 25 0.742038
7 26 0.426752
7 27 0.998408
7 28 0.834395
7 29 0.824841
7 30 0.226115
7 31 0.848726
7 32 0.297771
7 33 0.487261
7 34 0.726115
7 35 0.754777
7 36 0.775478
7 37 0.506369
7 38 0.410828
7 39 0.441083
7 40 0.232484
7 41 0.792994
7 42 0.391720
7 43 0.557325
7 44 0.683121
7 45 0.431529
7 46 0.767516
7 47 0.894904
7 48 0.667197
7 49 0.342357
7 50 0.681529
7 51 0.504777
7 52 0.777070
7 53 0.681529
7 54 0.675159
7 55 0.108280
7 56 0.286624
7 57 0.488854
7 58 0.789809
7 59 0.742038
7 60 0.568471
7 61 0.746815
7 62 0.391720
7 63 0.437898
7 64 0.598726
7 65 0.466561
7 66 0.582803
7 67 0.633758
7 68 0.501592
7 69 0.699045
7 70 0.656051
7 71 0.894904
7 72 0.106688
7 73 0.366242
7 74 0.759554
7 75 0.390127
7 76 0.840764
7 77 0.995223
7 78 0.143312
7 79 0.606688
7 80 0.550955
7 81 0.214968
7 82 0.719745
7 83 0.589172
7 84 0.345541
7 85 0.573248
7 86 0.646497
7 87 0.552548
7 88 0.676752
7 89 0.649682
7 90 0.342357
7 91 0.984076
7 92 0.366242
7 93 0.710191
7 94 0.751592
7 95 0.648089
7 96 0.686306
7 97 0.390127
7 98 0.081210
7 99 0.641720
8 9 0.328829
8 10 0.986486
8 11 0.247748
8 12 0.596847
8 13 0.292793
8 14 0.087838
8 15 0.603604
8 16 0.301802
8 17 0.578829
8 18 0.549550
8 19 0.558559
8 20 0.063063
8 21 0.414414
8 22 0.596847
8 23 0.434685
8 24 0.626126
8 25 0.725225
8 26 0.533784
8 27 0.997748
8 28 0.763514
8 29 0.752252
8 30 0.333333
8 31 0.804054
8 32 0.277027
8 33 0.297297
8 34 0.623874
8 35 0.686937
8 36 0.700450
8 37 0.299550
8 38 0.342342
8 39 0.204955
8 40 0.096847
8 41 0.768018
8 42 0.362613
8 43 0.369369
8 44 0.547297
8 45 0.211712
8 46 0.668919
8 47 0.885135
8 48 0.576577
8 49 0.182432
8 50 0.725225
8 51 0.376126
8 52 0.725225
8 53 0.691441
8 54 0.761261
8 55 0.297297
8 56 0.342342
8 57 0.524775
8 58 0.698198
8 59 0.646396
8 60 0.407658
8 61 0.644144
8 62 0.135135
8 63 0.484234
8 64 0.488739
8 65 0.376126
8 66 0.450450
8 67 0.513514
8 68 0.441441
8 69 0.653153
8 70 0.621622
8 71 0.849099
8 72 0.286036
8 73 0.317568
8 74 0.840090
8 75 0.234234
8 76 0.772523
8 77 0.993243
8 78 0.213964
8 79 0.581081
8 80 0.466216
8 81 0.153153
8 82 0.650901
8 83 0.425676
8 84 0.099099
8 85 0.445946
8 86 0.495495
8 87 0.369369
8 88 0.743243
8 89 0.565315
8 90 0.078829
8 91 0.975225
8 92 0.295045
8 93 0.761261
8 94 0.662162
8 95 0.567568
8 96 0.574324
8 97 0.295045
8 98 0.362613
8 99 0.722973
9 10 0.974948
9 11 0.532359
9 12 0.787056
9 13 0.528184
9 14 0.250522
9 15 0.367432
9 16 0.494781
9 17 0.691023
9 18 0.751566
9 19 0.805846
9 20 0.361169
9 21 0.348643
9 22 0.446764
9 23 0.098121
9 24 0.617954
9 25 0.565762
9 26 0.189979
9 27 0.997912
9 28 0.872651
9 29 0.868476
9 30 0.135699
9 31 0.766180
9 32 0.050104
9 33 0.352818
9 34 0.636743
9 35 0.885177
9 36 0.680585
9 37 0.492693
9 38 0.622129
9 39 0.400835
9 40 0.258873
9 41 0.649269
9 42 0.636743
9 43 0.505219
9 44 0.676409
9 45 0.469729
9 46 0.789144
9 47 0.805846
9 48 0.505219
9 49 0.473904
9 50 0.469729
9 51 0.640919
9 52 0.649269
9 53 0.941545
9 54 0.465553
9 55 0.286013
9 56 0.058455
9 57 0.221294
9 58 0.772443
9 59 0.816284
9 60 0.630480
9 61 0.797495
9 62 0.375783
9 63 0.162839
9 64 0.419624
9 65 0.215031
9 66 0.417537
9 67 0.488518
9 68 0.713987
9 69 0.887265
9 70 0.448852
9 71 0.891441
9 72 0.296451
9 73 0.592902
9 74 0.574113
9 75 0.189979
9 76 0.876827
9 77 0.993737
9 78 0.317328
9 79 0.839248
9 80 0.325678
9 81 0.377871
9 82 0.572025
9 83 0.490605
9 84 0.392484
9 85 0.688935
9 86 0.628392
9 87 0.559499
9 88 0.465553
9 89 0.801670
9 90 0.288100
9 91 0.985386
9 92 0.574113
9 93 0.507307
9 94 0.657620
9 95 0.469729
9 96 0.567850
9 97 0.131524
9 98 0.319415
9 99 0.423800
10 11 0.802048
10 12 0.479522
10 13 0.590444
10 14 0.704778
10 15 0.610922
10 16 0.540956
10 17 0.339590
10 18 0.501706
10 19 0.672355
10 20 0.730375
10 21 0.513652
10 22 0.484642
10 23 0.829352
10 24 0.291809
10 25 0.438567
10 26 0.844710
10 27 0.030717
10 28 0.286689
10 29 0.302048
10 30 0.894198
10 31 0.180887
10 32 0.795222
10 33 0.535836
10 34 0.281570
10 35 0.523891
10 36 0.242321
10 37 0.542662
10 38 0.808874
10 39 0.595563
10 40 0.808874
10 41 0.346416
10 42 0.853242
10 43 0.472696
10 44 0.372014
10 45 0.641638
10 46 0.322526
10 47 0.209898
10 48 0.392491
10 49 0.767918
10 50 0.621160
10 51 0.679181
10 52 0.298635
10 53 0.795222
10 54 0.704778
10 55 0.950512
10 56 0.844710
10 57 0.737201
10 58 0.238908
10 59 0.430034
10 60 0.551195
10 61 0.390785
10 62 0.651877
10 63 0.776451
10 64 0.457338
10 65 0.626280
10 66 0.455631
10 67 0.397611
10 68 0.776451
10 69 0.655290
10 70 0.505119
10 71 0.138225
10 72 0.947099
10 73 0.841297
10 74 0.629693
10 75 0.658703
10 76 0.273038
10 77 0.029010
10 78 0.906143
10 79 0.769625
10 80 0.547782
10 81 0.856655
10 82 0.349829
10 83 0.424915
10 84 0.715017
10 85 0.612628
10 86 0.399317
10 87 0.513652
10 88 0.668942
10 89 0.619454
10 90 0.691126
10 91 0.049488
10 92 0.822526
10 93 0.609215
10 94 0.259386
10 95 0.431741
10 96 0.334471
10 97 0.691126
10 98 0.998294
10 99 0.715017
11 12 0.496842
11 13 0.261053
11 14 0.307368
11 15 0.781053
11 16 0.326316
11 17 0.572632
11 18 0.450526
11 19 0.364211
11 20 0.183158
11 21 0.574737
11 22 0.749474
11 23 0.635789
11 24 0.703158
11 25 0.861053
11 26 0.730526
11 27 0.993684
11 28 0.711579
11 29 0.694737
11 30 0.515789
11 31 0.861053
11 32 0.486316
11 33 0.437895
11 34 0.686316
11 35 0.545263
11 36 0.768421
11 37 0.326316
11 38 0.090526
11 39 0.296842
11 40 0.282105
11 41 0.880000
11 42 0.107368
11 43 0.416842
11 44 0.536842
11 45 0.204211
11 46 0.629474
11 47 0.953684
11 48 0.698947
11 49 0.065263
11 50 0.894737
11 51 0.208421
11 52 0.823158
11 53 0.446316
11 54 0.938947
11 55 0.414737
11 56 0.541053
11 57 0.722105
11 58 0.698947
11 59 0.557895
11 60 0.330526
11 61 0.576842
11 62 0.242105
11 63 0.684211
11 64 0.629474
11 65 0.570526
11 66 0.585263
11 67 0.627368
11 68 0.204211
11 69 0.458947
11 70 0.778947
11 71 0.837895
11 72 0.397895
11 73 0.065263
11 74 0.997895
11 75 0.442105
11 76 0.724211
11 77 0.989474
11 78 0.313684
11 79 0.343158
11 80 0.640000
11 81 0.195789
11 82 0.762105
11 83 0.509474
11 84 0.168421
11 85 0.307368
11 86 0.496842
11 87 0.355789
11 88 0.917895
11 89 0.397895
11 90 0.280000
11 91 0.968421
11 92 0.044211
11 93 0.924211
11 94 0.726316
11 95 0.703158
11 96 0.663158
11 97 0.505263
11 98 0.465263
11 99 0.903158
12 13 0.287846
12 14 0.569296
12 15 0.825160
12 16 0.300640
12 17 0.226013
12 18 0.044776
12 19 0.240938
12 20 0.515991
12 21 0.577825
12 22 0.701493
12 23 0.891258
12 24 0.475480
12 25 0.756930
12 26 0.961620
12 27 0.586354
12 28 0.249467
12 29 0.230277
12 30 0.865672
12 31 0.569296
12 32 0.771855
12 33 0.469083
12 34 0.434968
12 35 0.106610
12 36 0.509595
12 37 0.302772
12 38 0.469083
12 39 0.398721
12 40 0.658849
12 41 0.705757
12 42 0.524520
12 43 0.304904
12 44 0.198294
12 45 0.366738
12 46 0.198294
12 47 0.682303
12 48 0.575693
12 49 0.488273
12 50 0.910448
12 51 0.298507
12 52 0.620469
12 53 0.396588
12 54 0.997868
12 55 0.846482
12 56 0.844350
12 57 0.878465
12 58 0.317697
12 59 0.068230
12 60 0.179104
12 61 0.110874
12 62 0.443497
12 63 0.882729
12 64 0.573561
12 65 0.682303
12 66 0.526652
12 67 0.503198
12 68 0.394456
12 69 0.226013
12 70 0.742004
12 71 0.426439
12 72 0.833689
12 73 0.526652
12 74 0.987207
12 75 0.616205
12 76 0.266525
12 77 0.584222
12 78 0.754797
12 79 0.362473
12 80 0.665245
12 81 0.652452
12 82 0.601279
12 83 0.381663
12 84 0.479744
12 85 0.196162
12 86 0.217484
12 87 0.232409
12 88 0.959488
12 89 0.174840
12 90 0.533049
12 91 0.556503
12 92 0.509595
12 93 0.923241
12 94 0.471215
12 95 0.618337
12 96 0.473348
12 97 0.692964
12 98 0.908316
12 99 0.980810
13 14 0.338308
13 15 0.761194
13 16 0.097015
13 17 0.368159
13 18 0.283582
13 19 0.345771
13 20 0.266169
13 21 0.475124
13 22 0.669154
13 23 0.738806
13 24 0.542289
13 25 0.781095
13 26 0.833333
13 27 0.865672
13 28 0.544776
13 29 0.527363
13 30 0.681592
13 31 0.718905
13 32 0.582090
13 33 0.308458
13 34 0.514925
13 35 0.435323
13 36 0.611940
13 37 0.097015
13 38 0.328358
13 39 0.156716
13 40 0.432836
13 41 0.776119
13 42 0.390547
13 43 0.201493
13 44 0.325871
13 45 0.092040
13 46 0.442786
13 47 0.833333
13 48 0.572139
13 49 0.263682
13 50 0.885572
13 51 0.189055
13 52 0.696517
13 53 0.534826
13 54 0.962687
13 55 0.651741
13 56 0.664179
13 57 0.763682
13 58 0.514925
13 59 0.390547
13 60 0.126866
13 61 0.398010
13 62 0.186567
13 63 0.751244
13 64 0.514925
13 65 0.542289
13 66 0.455224
13 67 0.480100
13 68 0.335821
13 69 0.430348
13 70 0.711443
13 71 0.681592
13 72 0.636816
13 73 0.368159
13 74 0.997512
13 75 0.427861
13 76 0.557214
13 77 0.860697
13 78 0.547264
13 79 0.427861
13 80 0.574627
13 81 0.432836
13 82 0.634328
13 83 0.323383
13 84 0.226368
13 85 0.196517
13 86 0.278607
13 87 0.111940
13 88 0.927861
13 89 0.328358
13 90 0.293532
13 91 0.833333
13 92 0.338308
13 93 0.912935
13 94 0.564677
13 95 0.594527
13 96 0.502488
13 97 0.519900
13 98 0.723881
13 99 0.932836
14 15 0.541568
14 16 0.304038
14 17 0.577197
14 18 0.589074
14 19 0.631829
14 20 0.140143
14 21 0.349169
14 22 0.536817
14 23 0.394299
14 24 0.591449
14 25 0.674584
14 26 0.494062
14 27 0.997625
14 28 0.779097
14 29 0.769596
14 30 0.327791
14 31 0.776722
14 32 0.235154
14 33 0.237530
14 34 0.593824
14 35 0.738717
14 36 0.669834
14 37 0.301663
14 38 0.441805
14 39 0.194774
14 40 0.144893
14 41 0.724466
14 42 0.470309
14 43 0.351544
14 44 0.548694
14 45 0.249406
14 46 0.679335
14 47 0.855107
14 48 0.524941
14 49 0.275534
14 50 0.669834
14 51 0.444181
14 52 0.686461
14 53 0.788599
14 54 0.712589
14 55 0.344418
14 56 0.311164
14 57 0.467933
14 58 0.693587
14 59 0.676960
14 60 0.444181
14 61 0.667458
14 62 0.144893
14 63 0.429929
14 64 0.427553
14 65 0.301663
14 66 0.391924
14 67 0.463183
14 68 0.534442
14 69 0.726841
14 70 0.562945
14 71 0.847981
14 72 0.337292
14 73 0.422803
14 74 0.790974
14 75 0.154394
14 76 0.786223
14 77 0.992874
14 78 0.280285
14 79 0.672209
14 80 0.399050
14 81 0.249406
14 82 0.603325
14 83 0.389549
14 84 0.166271
14 85 0.501188
14 86 0.494062
14 87 0.380048
14 88 0.691211
14 89 0.631829
14 90 0.042755
14 91 0.976247
14 92 0.396675
14 93 0.707838
14 94 0.631829
14 95 0.510689
14 96 0.534442
14 97 0.223278
14 98 0.413302
14 99 0.672209
15 16 0.520076
15 17 0.571702
15 18 0.720841
15 19 0.847036
15 20 0.544933
15 21 0.225621
15 22 0.143403
15 23 0.313576
15 24 0.395793
15 25 0.214149
15 26 0.290631
15 27 0.713193
15 28 0.717017
15 29 0.718929
15 30 0.460803
15 31 0.481836
15 32 0.367113
15 33 0.346080
15 34 0.430210
15 35 0.837476
15 36 0.428298
15 37 0.518164
15 38 0.776291
15 39 0.474187
15 40 0.518164
15 41 0.313576
15 42 0.806883
15 43 0.474187
15 44 0.579350
15 45 0.569790
15 46 0.659656
15 47 0.476099
15 48 0.263862
15 49 0.650096
15 50 0.101338
15 51 0.726577
15 52 0.349904
15 53 0.998088
15 54 0.154876
15 55 0.594646
15 56 0.386233
15 57 0.164436
15 58 0.592734
15 59 0.736138
15 60 0.648184
15 61 0.703633
15 62 0.497132
15 63 0.227533
15 64 0.229446
15 65 0.193117
15 66 0.267686
15 67 0.304015
15 68 0.827916
15 69 0.898662
15 70 0.118547
15 71 0.663480
15 72 0.602294
15 73 0.770554
15 74 0.198853
15 75 0.311663
15 76 0.715105
15 77 0.709369
15 78 0.606119
15 79 0.915870
15 80 0.145315
15 81 0.627151
15 82 0.294455
15 83 0.395793
15 84 0.556405
15 85 0.728489
15 86 0.548757
15 87 0.562141
15 88 0.126195
15 89 0.818356
15 90 0.456979
15 91 0.713193
15 92 0.749522
15 93 0.133843
15 94 0.428298
15 95 0.216061
15 96 0.363289
15 97 0.271511
15 98 0.629063
15 99 0.139579
16 17 0.342466
16 18 0.336986
16 19 0.468493
16 20 0.320548
16 21 0.424658
16 22 0.632877
16 23 0.761644
16 24 0.493151
16 25 0.753425
16 26 0.857534
16 27 0.876712
16 28 0.558904
16 29 0.545205
16 30 0.728767
16 31 0.693151
16 32 0.605479
16 33 0.246575
16 34 0.468493
16 35 0.512329
16 36 0.575342
16 37 0.002740
16 38 0.463014
16 39 0.126027
16 40 0.484932
16 41 0.745205
16 42 0.528767
16 43 0.117808
16 44 0.301370
16 45 0.161644
16 46 0.443836
16 47 0.819178
16 48 0.520548
16 49 0.364384
16 50 0.876712
16 51 0.312329
16 52 0.660274
16 53 0.684932
16 54 0.967123
16 55 0.731507
16 56 0.698630
16 57 0.764384
16 58 0.498630
16 59 0.427397
16 60 0.189041
16 61 0.419178
16 62 0.200000
16 63 0.761644
16 64 0.463014
16 65 0.517808
16 66 0.397260
16 67 0.421918
16 68 0.476712
16 69 0.547945
16 70 0.679452
16 71 0.682192
16 72 0.717808
16 73 0.498630
16 74 0.997260
16 75 0.410959
16 76 0.572603
16 77 0.871233
16 78 0.627397
16 79 0.572603
16 80 0.534247
16 81 0.520548
16 82 0.591781
16 83 0.249315
16 84 0.284932
16 85 0.298630
16 86 0.238356
16 87 0.087671
16 88 0.926027
16 89 0.432877
16 90 0.306849
16 91 0.846575
16 92 0.465753
16 93 0.904110
16 94 0.520548
16 95 0.547945
16 96 0.449315
16 97 0.512329
16 98 0.810959
16 99 0.936986
17 18 0.261391
17 19 0.498801
17 20 0.580336
17 21 0.458034
17 22 0.561151
17 23 0.872902
17 24 0.282974
17 25 0.606715
17 26 0.935252
17 27 0.477218
17 28 0.208633
17 29 0.201439
17 30 0.896882
17 31 0.390887
17 32 0.769784
17 33 0.386091
17 34 0.235012
17 35 0.364508
17 36 0.316547
17 37 0.299760
17 38 0.657074
17 39 0.395683
17 40 0.714628
17 41 0.539568
17 42 0.721823
17 43 0.225420
17 44 0.043165
17 45 0.434053
17 46 0.115108
17 47 0.515588
17 48 0.410072
17 49 0.609113
17 50 0.800959
17 51 0.477218
17 52 0.443645
17 53 0.688249
17 54 0.906475
17 55 0.928058
17 56 0.848921
17 57 0.815348
17 58 0.141487
17 59 0.218225
17 60 0.297362
17 61 0.167866
17 62 0.472422
17 63 0.839329
17 64 0.429257
17 65 0.604317
17 66 0.386091
17 67 0.338129
17 68 0.616307
17 69 0.505995
17 70 0.604317
17 71 0.299760
17 72 0.918465
17 73 0.705036
17 74 0.875300
17 75 0.575540
17 76 0.213429
17 77 0.474820
17 78 0.844125
17 79 0.630695
17 80 0.551559
17 81 0.755396
17 82 0.426859
17 83 0.239808
17 84 0.549161
17 85 0.390887
17 86 0.088729
17 87 0.247002
17 88 0.860911
17 89 0.431655
17 90 0.551559
17 91 0.448441
17 92 0.678657
17 93 0.808153
17 94 0.275779
17 95 0.462830
17 96 0.287770
17 97 0.649880
17 98 0.997602
17 99 0.894484
18 19 0.220044
18 20 0.479303
18 21 0.564270
18 22 0.701525
18 23 0.873638
18 24 0.485839
18 25 0.764706
18 26 0.947712
18 27 0.629630
18 28 0.291939
18 29 0.272331
18 30 0.840959
18 31 0.592593
18 32 0.747277
18 33 0.446623
18 34 0.444444
18 35 0.139434
18 36 0.525054
18 37 0.270153
18 38 0.435730
18 39 0.366013
18 40 0.627451
18 41 0.718954
18 42 0.492375
18 43 0.283224
18 44 0.202614
18 45 0.326797
18 46 0.228758
18 47 0.705882
18 48 0.577342
18 49 0.450980
18 50 0.912854
18 51 0.259259
18 52 0.633987
18 53 0.387800
18 54 0.997821
18 55 0.819172
18 56 0.821351
18 57 0.864924
18 58 0.344227
18 59 0.111111
18 60 0.137255
18 61 0.145969
18 62 0.407407
18 63 0.869281
18 64 0.566449
18 65 0.666667
18 66 0.518519
18 67 0.501089
18 68 0.363834
18 69 0.224401
18 70 0.740741
18 71 0.464052
18 72 0.803922
18 73 0.492375
18 74 0.995643
18 75 0.592593
18 76 0.307190
18 77 0.627451
18 78 0.725490
18 79 0.344227
18 80 0.655773
18 81 0.618736
18 82 0.607843
18 83 0.370370
18 84 0.444444
18 85 0.156863
18 86 0.211329
18 87 0.198257
18 88 0.960784
18 89 0.154684
18 90 0.501089
18 91 0.599129
18 92 0.472767
18 93 0.928105
18 94 0.483660
18 95 0.616558
18 96 0.477124
18 97 0.673203
18 98 0.880174
18 99 0.980392
19 20 0.411985
19 21 0.610487
19 22 0.745318
19 23 0.808989
19 24 0.591760
19 25 0.816479
19 26 0.883895
19 27 0.728464
19 28 0.430712
19 29 0.413858
19 30 0.743446
19 31 0.694757
19 32 0.685393
19 33 0.490637
19 34 0.559925
19 35 0.196629
19 36 0.632959
19 37 0.320225
19 38 0.264045
19 39 0.378277
19 40 0.537453
19 41 0.790262
19 42 0.303371
19 43 0.372659
19 44 0.357678
19 45 0.301498
19 46 0.383895
19 47 0.792135
19 48 0.653558
19 49 0.342697
19 50 0.917603
19 51 0.151685
19 52 0.719101
19 53 0.153558
19 54 0.981273
19 55 0.685393
19 56 0.743446
19 57 0.837079
19 58 0.485019
19 59 0.269663
19 60 0.196629
19 61 0.308989
19 62 0.385768
19 63 0.823970
19 64 0.627341
19 65 0.670412
19 66 0.584270
19 67 0.584270
19 68 0.168539
19 69 0.082397
19 70 0.779026
19 71 0.586142
19 72 0.670412
19 73 0.320225
19 74 0.998127
19 75 0.582397
19 76 0.445693
19 77 0.724719
19 78 0.595506
19 79 0.106742
19 80 0.685393
19 81 0.492509
19 82 0.689139
19 83 0.464419
19 84 0.380150
19 85 0.114232
19 86 0.352060
19 87 0.282772
19 88 0.953184
19 89 0.058052
19 90 0.464419
19 91 0.700375
19 92 0.312734
19 93 0.936330
19 94 0.595506
19 95 0.679775
19 96 0.578652
19 97 0.651685
19 98 0.734082
19 99 0.960674
20 21 0.444700
20 22 0.633641
20 23 0.509217
20 24 0.633641
20 25 0.762673
20 26 0.608295
20 27 0.997696
20 28 0.739631
20 29 0.725806
20 30 0.405530
20 31 0.813364
20 32 0.347926
20 33 0.306452
20 34 0.624424
20 35 0.642857
20 36 0.707373
20 37 0.267281
20 38 0.290323
20 39 0.182028
20 40 0.158986
20 41 0.794931
20 42 0.320276
20 43 0.347926
20 44 0.523041
20 45 0.158986
20 46 0.642857
20 47 0.900922
20 48 0.596774
20 49 0.129032
20 50 0.781106
20 51 0.317972
20 52 0.746544
20 53 0.642857
20 54 0.824885
20 55 0.357143
20 56 0.414747
20 57 0.589862
20 58 0.684332
20 59 0.608295
20 60 0.361751
20 61 0.612903
20 62 0.105991
20 63 0.552995
20 64 0.513825
20 65 0.423963
20 66 0.470046
20 67 0.525346
20 68 0.387097
20 69 0.603687
20 70 0.661290
20 71 0.838710
20 72 0.343318
20 73 0.274194
20 74 0.896313
20 75 0.281106
20 76 0.751152
20 77 0.993088
20 78 0.260369
20 79 0.527650
20 80 0.506912
20 81 0.168203
20 82 0.670507
20 83 0.421659
20 84 0.039171
20 85 0.394009
20 86 0.470046
20 87 0.331797
20 88 0.804147
20 89 0.516129
20 90 0.105991
20 91 0.972350
20 92 0.248848
20 93 0.815668
20 94 0.665899
20 95 0.594470
20 96 0.582949
20 97 0.352535
20 98 0.423963
20 99 0.788018
21 22 0.201970
21 23 0.460591
21 24 0.320197
21 25 0.339901
21 26 0.500000
21 27 0.768473
21 28 0.674877
21 29 0.672414
21 30 0.556650
21 31 0.492611
21 32 0.411330
21 33 0.165025
21 34 0.344828
21 35 0.790640
21 36 0.391626
21 37 0.379310
21 38 0.743842
21 39 0.339901
21 40 0.502463
21 41 0.391626
21 42 0.793103
21 43 0.320197
21 44 0.470443
21 45 0.463054
21 46 0.588670
21 47 0.549261
21 48 0.192118
21 49 0.596059
21 50 0.403941
21 51 0.657635
21 52 0.364532
21 53 0.997537
21 54 0.490148
21 55 0.672414
21 56 0.477833
21 57 0.366995
21 58 0.529557
21 59 0.669951
21 60 0.544335
21 61 0.630542
21 62 0.386700
21 63 0.399015
21 64 0.088670
21 65 0.165025
21 66 0.083744
21 67 0.165025
21 68 0.793103
21 69 0.864532
21 70 0.238916
21 71 0.655172
21 72 0.672414
21 73 0.751232
21 74 0.514778
21 75 0.231527
21 76 0.674877
21 77 0.763547
21 78 0.640394
21 79 0.896552
21 80 0.100985
21 81 0.620690
21 82 0.275862
21 83 0.229064
21 84 0.477833
21 85 0.650246
21 86 0.426108
21 87 0.433498
21 88 0.450739
21 89 0.766010
21 90 0.369458
21 91 0.756158
21 92 0.721675
21 93 0.431034
21 94 0.364532
21 95 0.167488
21 96 0.261084
21 97 0.256158
21 98 0.733990
21 99 0.467980
22 23 0.451143
22 24 0.276507
22 25 0.122661
22 26 0.446985
22 27 0.621622
22 28 0.634096
22 29 0.638254
22 30 0.577963
22 31 0.367983
22 32 0.461538
22 33 0.309771
22 34 0.316008
22 35 0.787942
22 36 0.309771
22 37 0.480249
22 38 0.800416
22 39 0.455301
22 40 0.582121
22 41 0.205821
22 42 0.841996
22 43 0.413721
22 44 0.498960
22 45 0.561331
22 46 0.575884
22 47 0.374220
22 48 0.135135
22 49 0.675676
22 50 0.205821
22 51 0.717256
22 52 0.226611
22 53 0.997921
22 54 0.301455
22 55 0.702703
22 56 0.503119
22 57 0.311850
22 58 0.494802
22 59 0.671518
22 60 0.609148
22 61 0.632017
22 62 0.498960
22 63 0.367983
22 64 0.130977
22 65 0.234927
22 66 0.178794
22 67 0.193347
22 68 0.837838
22 69 0.873181
22 70 0.037422
22 71 0.565489
22 72 0.706861
22 73 0.804574
22 74 0.280665
22 75 0.345114
22 76 0.627859
22 77 0.615385
22 78 0.690229
22 79 0.914761
22 80 0.124740
22 81 0.688150
22 82 0.164241
22 83 0.316008
22 84 0.575884
22 85 0.702703
22 86 0.471933
22 87 0.513514
22 88 0.259875
22 89 0.790021
22 90 0.480249
22 91 0.617464
22 92 0.781705
22 93 0.216216
22 94 0.309771
22 95 0.085239
22 96 0.245322
22 97 0.334719
22 98 0.748441
22 99 0.299376
23 24 0.633267
23 25 0.541082
23 26 0.090180
23 27 0.997996
23 28 0.903808
23 29 0.899800
23 30 0.174349
23 31 0.767535
23 32 0.140281
23 33 0.408818
23 34 0.655311
23 35 0.931864
23 36 0.689379
23 37 0.555110
23 38 0.691383
23 39 0.470942
23 40 0.340681
23 41 0.633267
23 42 0.705411
23 43 0.561122
23 44 0.719439
23 45 0.541082
23 46 0.825651
23 47 0.791583
23 48 0.515030
23 49 0.549098
23 50 0.412826
23 51 0.709419
23 52 0.643287
23 53 0.997996
23 54 0.390782
23 55 0.336673
23 56 0.104208
23 57 0.162325
23 58 0.797595
23 59 0.859719
23 60 0.691383
23 61 0.841683
23 62 0.450902
23 63 0.094188
23 64 0.434870
23 65 0.240481
23 66 0.442886
23 67 0.511022
23 68 0.779559
23 69 0.941884
23 70 0.428858
23 71 0.905812
23 72 0.348697
23 73 0.663327
23 74 0.507014
23 75 0.256513
23 76 0.905812
23 77 0.993988
23 78 0.382766
23 79 0.899800
23 80 0.332665
23 81 0.452906
23 82 0.571142
23 83 0.533066
23 84 0.470942
23 85 0.751503
23 86 0.675351
23 87 0.619238
23 88 0.398798
23 89 0.859719
23 90 0.368737
23 91 0.989980
23 92 0.645291
23 93 0.450902
23 94 0.671343
23 95 0.472946
23 96 0.587174
23 97 0.188377
23 98 0.356713
23 99 0.348697
24 25 0.330144
24 26 0.787081
24 27 0.435407
24 28 0.416268
24 29 0.423445
24 30 0.844498
24 31 0.186603
24 32 0.705742
24 33 0.354067
24 34 0.047847
24 35 0.645933
24 36 0.076555
24 37 0.430622
24 38 0.834928
24 39 0.471292
24 40 0.741627
24 41 0.255981
24 42 0.894737
24 43 0.327751
24 44 0.311005
24 45 0.566986
24 46 0.363636
24 47 0.282297
24 48 0.165072
24 49 0.736842
24 50 0.550239
24 51 0.686603
24 52 0.160287
24 53 0.952153
24 54 0.662679
24 55 0.933014
24 56 0.772727
24 57 0.643541
24 58 0.253589
24 59 0.500000
24 60 0.519139
24 61 0.444976
24 62 0.547847
24 63 0.688995
24 64 0.236842
24 65 0.468900
24 66 0.229665
24 67 0.148325
24 68 0.832536
24 69 0.779904
24 70 0.358852
24 71 0.334928
24 72 0.930622
24 73 0.866029
24 74 0.607656
24 75 0.516746
24 76 0.409091
24 77 0.428230
24 78 0.880383
24 79 0.880383
24 80 0.368421
24 81 0.827751
24 82 0.150718
24 83 0.220096
24 84 0.643541
24 85 0.629187
24 86 0.306220
24 87 0.425837
24 88 0.614833
24 89 0.696172
24 90 0.583732
24 91 0.423445
24 92 0.837321
24 93 0.550239
24 94 0.043062
24 95 0.224880
24 96 0.057416
24 97 0.557416
24 98 0.997608
24 99 0.662679
25 26 0.506744
25 27 0.527938
25 28 0.599229
25 29 0.606936
25 30 0.647399
25 31 0.296724
25 32 0.541426
25 33 0.387283
25 34 0.306358
25 35 0.778420
25 36 0.269750
25 37 0.529865
25 38 0.840077
25 39 0.520231
25 40 0.653179
25 41 0.105973
25 42 0.880539
25 43 0.458574
25 44 0.506744
25 45 0.616570
25 46 0.560694
25 47 0.269750
25 48 0.167630
25 49 0.730250
25 50 0.204239
25 51 0.751445
25 52 0.165703
25 53 0.998073
25 54 0.298651
25 55 0.764933
25 56 0.576108
25 57 0.379576
25 58 0.466281
25 59 0.664740
25 60 0.637765
25 61 0.622351
25 62 0.566474
25 63 0.437380
25 64 0.210019
25 65 0.331407
25 66 0.254335
25 67 0.238921
25 68 0.865125
25 69 0.872832
25 70 0.107900
25 71 0.504817
25 72 0.768786
25 73 0.847784
25 74 0.227360
25 75 0.433526
25 76 0.593449
25 77 0.524085
25 78 0.755299
25 79 0.928709
25 80 0.231214
25 81 0.749518
25 82 0.144509
25 83 0.362235
25 84 0.639692
25 85 0.726397
25 86 0.489403
25 87 0.552987
25 88 0.258189
25 89 0.799615
25 90 0.554913
25 91 0.531792
25 92 0.824663
25 93 0.192678
25 94 0.285164
25 95 0.144509
25 96 0.256262
25 97 0.423892
25 98 0.807322
25 99 0.312139
26 27 0.939002
26 28 0.878004
26 29 0.876155
26 30 0.238447
26 31 0.719039
26 32 0.214418
26 33 0.428835
26 34 0.632163
26 35 0.922366
26 36 0.654344
26 37 0.576710
26 38 0.719039
26 39 0.502773
26 40 0.399261
26 41 0.578558
26 42 0.733826
26 43 0.573013
26 44 0.713494
26 45 0.573013
26 46 0.809612
26 47 0.731978
26 48 0.489834
26 49 0.589649
26 50 0.340111
26 51 0.730129
26 52 0.598891
26 53 0.998152
26 54 0.303142
26 55 0.388170
26 56 0.179298
26 57 0.121996
26 58 0.772643
26 59 0.850277
26 60 0.704251
26 61 0.828096
26 62 0.489834
26 63 0.075786
26 64 0.423290
26 65 0.255083
26 66 0.438078
26 67 0.497227
26 68 0.800370
26 69 0.939002
26 70 0.386322
26 71 0.865065
26 72 0.401109
26 73 0.695009
26 74 0.419593
26 75 0.301294
26 76 0.878004
26 77 0.935305
26 78 0.438078
26 79 0.907579
26 80 0.321627
26 81 0.502773
26 82 0.536044
26 83 0.536044
26 84 0.513863
26 85 0.765250
26 86 0.672828
26 87 0.634011
26 88 0.316081
26 89 0.863216
26 90 0.417745
26 91 0.933457
26 92 0.678373
26 93 0.373383
26 94 0.641405
26 95 0.447320
26 96 0.565619
26 97 0.232902
26 98 0.401109
26 99 0.264325
27 28 0.271044
27 29 0.286195
27 30 0.898990
27 31 0.203704
27 32 0.801347
27 33 0.542088
27 34 0.292929
27 35 0.503367
27 36 0.259259
27 37 0.538721
27 38 0.796296
27 39 0.594276
27 40 0.808081
27 41 0.370370
27 42 0.841751
27 43 0.473064
27 44 0.365320
27 45 0.636364
27 46 0.309764
27 47 0.237374
27 48 0.409091
27 49 0.760943
27 50 0.639731
27 51 0.666667
27 52 0.321549
27 53 0.772727
27 54 0.722222
27 55 0.951178
27 56 0.850168
27 57 0.749158
27 58 0.235690
27 59 0.412458
27 60 0.542088
27 61 0.375421
27 62 0.649832
27 63 0.787879
27 64 0.471380
27 65 0.636364
27 66 0.468013
27 67 0.410774
27 68 0.762626
27 69 0.634680
27 70 0.523569
27 71 0.127946
27 72 0.947811
27 73 0.831650
27 74 0.649832
27 75 0.664983
27 76 0.257576
27 77 0.003367
27 78 0.904040
27 79 0.750842
27 80 0.562290
27 81 0.853535
27 82 0.370370
27 83 0.430976
27 84 0.712121
27 85 0.599327
27 86 0.395623
27 87 0.508418
27 88 0.686869
27 89 0.602694
27 90 0.691919
27 91 0.025253
27 92 0.813131
27 93 0.629630
27 94 0.274411
27 95 0.447811
27 96 0.346801
27 97 0.698653
27 98 0.998316
27 99 0.732323
28 29 0.017964
28 30 0.920160
28 31 0.367265
28 32 0.814371
28 33 0.497006
28 34 0.307385
28 35 0.275449
28 36 0.345309
28 37 0.409182
28 38 0.658683
28 39 0.495010
28 40 0.760479
28 41 0.542914
28 42 0.712575
28 43 0.359281
28 44 0.191617
28 45 0.508982
28 46 0.083832
28 47 0.467066
28 48 0.479042
28 49 0.648703
28 50 0.804391
28 51 0.499002
28 52 0.461078
28 53 0.594810
28 54 0.898204
28 55 0.940120
28 56 0.882236
28 57 0.844311
28 58 0.135729
28 59 0.171657
28 60 0.359281
28 61 0.133733
28 62 0.554890
28 63 0.868263
28 64 0.512974
28 65 0.672655
28 66 0.481038
28 67 0.431138
28 68 0.600798
28 69 0.431138
28 70 0.642715
28 71 0.177645
28 72 0.930140
28 73 0.708583
28 74 0.856287
28 75 0.654691
28 76 0.015968
28 77 0.319361
28 78 0.866267
28 79 0.572854
28 80 0.618762
28 81 0.784431
28 82 0.473054
28 83 0.369261
28 84 0.612774
28 85 0.409182
28 86 0.239521
28 87 0.353293
28 88 0.858283
28 89 0.397206
28 90 0.626747
28 91 0.291417
28 92 0.688623
28 93 0.806387
28 94 0.323353
28 95 0.526946
28 96 0.371257
28 97 0.714571
28 98 0.998004
28 99 0.894212
29 30 0.921371
29 31 0.383065
29 32 0.816532
29 33 0.495968
29 34 0.314516
29 35 0.260081
29 36 0.358871
29 37 0.403226
29 38 0.649194
29 39 0.489919
29 40 0.758065
29 41 0.558468
29 42 0.703629
29 43 0.354839
29 44 0.185484
29 45 0.502016
29 46 0.074597
29 47 0.485887
29 48 0.487903
29 49 0.641129
29 50 0.818548
29 51 0.487903
29 52 0.473790
29 53 0.582661
29 54 0.911290
29 55 0.939516
29 56 0.885081
29 57 0.850806
29 58 0.147177
29 59 0.155242
29 60 0.348790
29 61 0.116935
29 62 0.550403
29 63 0.875000
29 64 0.518145
29 65 0.677419
29 66 0.485887
29 67 0.437500
29 68 0.590726
29 69 0.417339
29 70 0.653226
29 71 0.195565
29 72 0.929435
29 73 0.699597
29 74 0.870968
29 75 0.655242
29 76 0.034274
29 77 0.340726
29 78 0.862903
29 79 0.560484
29 80 0.625000
29 81 0.778226
29 82 0.483871
29 83 0.370968
29 84 0.606855
29 85 0.397177
29 86 0.233871
29 87 0.344758
29 88 0.870968
29 89 0.383065
29 90 0.622984
29 91 0.312500
29 92 0.679435
29 93 0.820565
29 94 0.334677
29 95 0.534274
29 96 0.379032
29 97 0.717742
29 98 0.997984
29 99 0.905242
30 31 0.801126
30 32 0.108818
30 33 0.405253
30 34 0.675422
30 35 0.842402
30 36 0.720450
30 37 0.497186
30 38 0.540338
30 39 0.410882
30 40 0.208255
30 41 0.703565
30 42 0.544090
30 43 0.527205
30 44 0.684803
30 45 0.450281
30 46 0.787992
30 47 0.840525
30 48 0.570356
30 49 0.416510
30 50 0.538462
30 51 0.590994
30 52 0.699812
30 53 0.849906
30 54 0.529081
30 55 0.151970
30 56 0.073171
30 57 0.309568
30 58 0.784240
30 59 0.793621
30 60 0.609756
30 61 0.784240
30 62 0.373358
30 63 0.249531
30 64 0.489681
30 65 0.313321
30 66 0.482176
30 67 0.545966
30 68 0.636023
30 69 0.821764
30 70 0.525328
30 71 0.896811
30 72 0.165103
30 73 0.504690
30 74 0.632270
30 75 0.258912
30 76 0.868668
30 77 0.998124
30 78 0.210131
30 79 0.756098
30 80 0.412758
30 81 0.294559
30 82 0.630394
30 83 0.530957
30 84 0.362101
30 85 0.649156
30 86 0.639775
30 87 0.559099
30 88 0.530957
30 89 0.750469
30 90 0.292683
30 91 0.988743
30 92 0.493433
30 93 0.574109
30 94 0.696060
30 95 0.540338
30 96 0.615385
30 97 0.227017
30 98 0.170732
30 99 0.489681
31 32 0.743434
31 33 0.456566
31 34 0.165657
31 35 0.620202
31 36 0.090909
31 37 0.513131
31 38 0.850505
31 39 0.553535
31 40 0.785859
31 41 0.206061
31 42 0.903030
31 43 0.424242
31 44 0.363636
31 45 0.628283
31 46 0.363636
31 47 0.105051
31 48 0.254545
31 49 0.775758
31 50 0.525253
31 51 0.715152
31 52 0.139394
31 53 0.911111
31 54 0.624242
31 55 0.943434
31 56 0.797980
31 57 0.656566
31 58 0.244444
31 59 0.494949
31 60 0.567677
31 61 0.446465
31 62 0.620202
31 63 0.705051
31 64 0.335354
31 65 0.533333
31 66 0.341414
31 67 0.272727
31 68 0.838384
31 69 0.755556
31 70 0.381818
31 71 0.230303
31 72 0.941414
31 73 0.880808
31 74 0.545455
31 75 0.587879
31 76 0.359596
31 77 0.240404
31 78 0.901010
31 79 0.860606
31 80 0.436364
31 81 0.856566
31 82 0.200000
31 83 0.341414
31 84 0.698990
31 85 0.654545
31 86 0.377778
31 87 0.496970
31 88 0.581818
31 89 0.694949
31 90 0.650505
31 91 0.246465
31 92 0.856566
31 93 0.513131
31 94 0.127273
31 95 0.296970
31 96 0.206061
31 97 0.616162
31 98 0.997980
31 99 0.632323
32 33 0.337553
32 34 0.637131
32 35 0.858650
32 36 0.685654
32 37 0.464135
32 38 0.578059
32 39 0.369198
32 40 0.210970
32 41 0.670886
32 42 0.592827
32 43 0.485232
32 44 0.660338
32 45 0.432489
32 46 0.774262
32 47 0.820675
32 48 0.516878
32 49 0.430380
32 50 0.510549
32 51 0.603376
32 52 0.662447
32 53 0.905063
32 54 0.514768
32 55 0.251055
32 56 0.071730
32 57 0.270042
32 58 0.763713
32 59 0.793249
32 60 0.599156
32 61 0.778481
32 62 0.337553
32 63 0.213080
32 64 0.426160
32 65 0.229958
32 66 0.417722
32 67 0.491561
32 68 0.672996
32 69 0.854430
32 70 0.476793
32 71 0.890295
32 72 0.259494
32 73 0.548523
32 74 0.618143
32 75 0.170886
32 76 0.864979
32 77 0.997890
32 78 0.274262
32 79 0.801688
32 80 0.343882
32 81 0.331224
32 82 0.584388
32 83 0.478903
32 84 0.348101
32 85 0.654008
32 86 0.609705
32 87 0.533755
32 88 0.510549
32 89 0.770042
32 90 0.248945
32 91 0.989451
32 92 0.529536
32 93 0.548523
32 94 0.660338
32 95 0.485232
32 96 0.569620
32 97 0.132911
32 98 0.291139
32 99 0.472574
33 34 0.439883
33 35 0.788856
33 36 0.530792
33 37 0.263930
33 38 0.689150
33 39 0.205279
33 40 0.475073
33 41 0.621701
33 42 0.750733
33 43 0.225806
33 44 0.454545
33 45 0.354839
33 46 0.612903
33 47 0.765396
33 48 0.369501
33 49 0.521994
33 50 0.677419
33 51 0.583578
33 52 0.560117
33 53 0.997067
33 54 0.771261
33 55 0.712610
33 56 0.565982
33 57 0.563050
33 58 0.592375
33 59 0.665689
33 60 0.466276
33 61 0.633431
33 62 0.272727
33 63 0.568915
33 64 0.266862
33 65 0.293255
33 66 0.208211
33 67 0.281525
33 68 0.747801
33 69 0.850440
33 70 0.483871
33 71 0.771261
33 72 0.706745
33 73 0.700880
33 74 0.812317
33 75 0.231672
33 76 0.733138
33 77 0.938416
33 78 0.642229
33 79 0.870968
33 80 0.310850
33 81 0.586510
33 82 0.463343
33 83 0.196481
33 84 0.387097
33 85 0.586510
33 86 0.390029
33 87 0.340176
33 88 0.727273
33 89 0.730205
33 90 0.281525
33 91 0.920821
33 92 0.665689
33 93 0.709677
33 94 0.483871
33 95 0.369501
33 96 0.363636
33 97 0.322581
33 98 0.791789
33 99 0.736070
34 35 0.593824
34 36 0.095012
34 37 0.406176
34 38 0.805226
34 39 0.456057
34 40 0.738717
34 41 0.301663
34 42 0.864608
34 43 0.301663
34 44 0.263658
34 45 0.541568
34 46 0.313539
34 47 0.306413
34 48 0.206651
34 49 0.714964
34 50 0.593824
34 51 0.650831
34 52 0.204276
34 53 0.904988
34 54 0.705463
34 55 0.933492
34 56 0.788599
34 57 0.672209
34 58 0.204276
34 59 0.448931
34 60 0.482185
34 61 0.394299
34 62 0.532067
34 63 0.714964
34 64 0.268409
34 65 0.491686
34 66 0.251781
34 67 0.173397
34 68 0.795724
34 69 0.731591
34 70 0.401425
34 71 0.296912
34 72 0.928741
34 73 0.838480
34 74 0.653207
34 75 0.524941
34 76 0.358670
34 77 0.408551
34 78 0.874109
34 79 0.836105
34 80 0.401425
34 81 0.814727
34 82 0.199525
34 83 0.209026
34 84 0.627078
34 85 0.586698
34 86 0.263658
34 87 0.394299
34 88 0.655582
34 89 0.650831
34 90 0.577197
34 91 0.396675
34 92 0.809976
34 93 0.593824
34 94 0.047506
34 95 0.266033
34 96 0.085511
34 97 0.574822
34 98 0.997625
34 99 0.703088
35 36 0.543353
35 37 0.362235
35 38 0.456647
35 39 0.447013
35 40 0.670520
35 41 0.726397
35 42 0.502890
35 43 0.371869
35 44 0.271676
35 45 0.404624
35 46 0.244701
35 47 0.691715
35 48 0.616570
35 49 0.499037
35 50 0.921002
35 51 0.308285
35 52 0.647399
35 53 0.310212
35 54 0.998073
35 55 0.836224
35 56 0.849711
35 57 0.888247
35 58 0.358382
35 59 0.117534
35 60 0.238921
35 61 0.165703
35 62 0.481696
35 63 0.892100
35 64 0.614644
35 65 0.712909
35 66 0.572254
35 67 0.551060
35 68 0.369942
35 69 0.152216
35 70 0.766859
35 71 0.435453
35 72 0.822736
35 73 0.510597
35 74 0.988439
35 75 0.649326
35 76 0.281310
35 77 0.574181
35 78 0.749518
35 79 0.306358
35 80 0.699422
35 81 0.651252
35 82 0.635838
35 83 0.443160
35 84 0.504817
35 85 0.219653
35 86 0.292871
35 87 0.300578
35 88 0.965318
35 89 0.148362
35 90 0.564547
35 91 0.547206
35 92 0.499037
35 93 0.930636
35 94 0.512524
35 95 0.653179
35 96 0.520231
35 97 0.718690
35 98 0.890173
35 99 0.984586
36 37 0.466667
36 38 0.842222
36 39 0.508889
36 40 0.762222
36 41 0.220000
36 42 0.897778
36 43 0.371111
36 44 0.326667
36 45 0.593333
36 46 0.353333
36 47 0.197778
36 48 0.197778
36 49 0.755556
36 50 0.533333
36 51 0.697778
36 52 0.126667
36 53 0.931111
36 54 0.642222
36 55 0.937778
36 56 0.784444
36 57 0.648889
36 58 0.233333
36 59 0.491111
36 60 0.537778
36 61 0.437778
36 62 0.580000
36 63 0.695556
36 64 0.280000
36 65 0.497778
36 66 0.280000
36 67 0.204444
36 68 0.833333
36 69 0.764444
36 70 0.364444
36 71 0.273333
36 72 0.935556
36 73 0.871111
36 74 0.575556
36 75 0.548889
36 76 0.375556
36 77 0.337778
36 78 0.891111
36 79 0.868889
36 80 0.397778
36 81 0.842222
36 82 0.157778
36 83 0.275556
36 84 0.668889
36 85 0.637778
36 86 0.333333
36 87 0.457778
36 88 0.595556
36 89 0.691111
36 90 0.613333
36 91 0.335556
36 92 0.844444
36 93 0.528889
36 94 0.044444
36 95 0.251111
36 96 0.124444
36 97 0.584444
36 98 0.997778
36 99 0.646667
37 38 0.464286
37 39 0.123626
37 40 0.483516
37 41 0.747253
37 42 0.530220
37 43 0.118132
37 44 0.302198
37 45 0.159341
37 46 0.447802
37 47 0.821429
37 48 0.521978
37 49 0.362637
37 50 0.876374
37 51 0.315934
37 52 0.662088
37 53 0.686813
37 54 0.967033
37 55 0.730769
37 56 0.697802
37 57 0.766484
37 58 0.500000
37 59 0.431319
37 60 0.192308
37 61 0.423077
37 62 0.197802
37 63 0.760989
37 64 0.461538
37 65 0.516484
37 66 0.395604
37 67 0.420330
37 68 0.478022
37 69 0.552198
37 70 0.681319
37 71 0.684066
37 72 0.717033
37 73 0.500000
37 74 0.997253
37 75 0.409341
37 76 0.574176
37 77 0.873626
37 78 0.626374
37 79 0.574176
37 80 0.535714
37 81 0.519231
37 82 0.593407
37 83 0.250000
37 84 0.282967
37 85 0.302198
37 86 0.241758
37 87 0.090659
37 88 0.928571
37 89 0.436813
37 90 0.304945
37 91 0.848901
37 92 0.467033
37 93 0.903846
37 94 0.521978
37 95 0.546703
37 96 0.450549
37 97 0.510989
37 98 0.810440
37 99 0.936813
38 39 0.324165
38 40 0.349705
38 41 0.862475
38 42 0.051081
38 43 0.416503
38 44 0.502947
38 45 0.227898
38 46 0.577603
38 47 0.917485
38 48 0.697446
38 49 0.137525
38 50 0.901768
38 51 0.159136
38 52 0.805501
38 53 0.335953
38 54 0.946955
38 55 0.471513
38 56 0.589391
38 57 0.752456
38 58 0.654224
38 59 0.493124
38 60 0.298625
38 61 0.518664
38 62 0.286837
38 63 0.721022
38 64 0.640472
38 65 0.603143
38 66 0.595285
38 67 0.626719
38 68 0.111984
38 69 0.365422
38 70 0.785855
38 71 0.781925
38 72 0.453831
38 73 0.056974
38 74 0.998035
38 75 0.485265
38 76 0.662083
38 77 0.927308
38 78 0.375246
38 79 0.241650
38 80 0.660118
38 81 0.267191
38 82 0.752456
38 83 0.510806
38 84 0.227898
38 85 0.251473
38 86 0.471513
38 87 0.343811
38 88 0.927308
38 89 0.318271
38 90 0.335953
38 91 0.903733
38 92 0.055010
38 93 0.929273
38 94 0.705305
38 95 0.707269
38 96 0.654224
38 97 0.548134
38 98 0.516699
38 99 0.915521
39 40 0.377841
39 41 0.786932
39 42 0.528409
39 43 0.204545
39 44 0.431818
39 45 0.142045
39 46 0.585227
39 47 0.894886
39 48 0.542614
39 49 0.318182
39 50 0.849432
39 51 0.377841
39 52 0.710227
39 53 0.786932
39 54 0.931818
39 55 0.630682
39 56 0.593750
39 57 0.693182
39 58 0.622159
39 59 0.576705
39 60 0.309659
39 61 0.565341
39 62 0.093750
39 63 0.676136
39 64 0.454545
39 65 0.443182
39 66 0.392045
39 67 0.446023
39 68 0.525568
39 69 0.673295
39 70 0.667614
39 71 0.809659
39 72 0.616477
39 73 0.485795
39 74 0.982955
39 75 0.309659
39 76 0.715909
39 77 0.997159
39 78 0.531250
39 79 0.656250
39 80 0.494318
39 81 0.434659
39 82 0.627841
39 83 0.298295
39 84 0.201705
39 85 0.403409
39 86 0.366477
39 87 0.221591
39 88 0.894886
39 89 0.553977
39 90 0.187500
39 91 0.974432
39 92 0.451705
39 93 0.883523
39 94 0.596591
39 95 0.551136
39 96 0.502841
39 97 0.414773
39 98 0.713068
39 99 0.892045
40 41 0.759916
40 42 0.379958
40 43 0.425887
40 44 0.594990
40 45 0.286013
40 46 0.707724
40 47 0.878914
40 48 0.584551
40 49 0.229645
40 50 0.678497
40 51 0.430063
40 52 0.728601
40 53 0.713987
40 54 0.699374
40 55 0.185804
40 56 0.254697
40 57 0.465553
40 58 0.730689
40 59 0.688935
40 60 0.469729
40 61 0.688935
40 62 0.215031
40 63 0.417537
40 64 0.498956
40 65 0.361169
40 66 0.471816
40 67 0.534447
40 68 0.475992
40 69 0.688935
40 70 0.603340
40 71 0.868476
40 72 0.175365
40 73 0.336117
40 74 0.784969
40 75 0.235908
40 76 0.803758
40 77 0.997912
40 78 0.118998
40 79 0.609603
40 80 0.459290
40 81 0.121086
40 82 0.655532
40 83 0.467641
40 84 0.179541
40 85 0.501044
40 86 0.546973
40 87 0.432150
40 88 0.688935
40 89 0.611691
40 90 0.144050
40 91 0.983299
40 92 0.321503
40 93 0.713987
40 94 0.682672
40 95 0.569937
40 96 0.599165
40 97 0.269311
40 98 0.246347
40 99 0.659708
41 42 0.914851
41 43 0.457426
41 44 0.471287
41 45 0.639604
41 46 0.508911
41 47 0.168317
41 48 0.170297
41 49 0.770297
41 50 0.318812
41 51 0.762376
41 52 0.081188
41 53 0.998020
41 54 0.415842
41 55 0.851485
41 56 0.671287
41 57 0.489109
41 58 0.403960
41 59 0.625743
41 60 0.633663
41 61 0.580198
41 62 0.601980
41 63 0.544554
41 64 0.245545
41 65 0.411881
41 66 0.279208
41 67 0.237624
41 68 0.883168
41 69 0.857426
41 70 0.203960
41 71 0.423762
41 72 0.853465
41 73 0.887129
41 74 0.332673
41 75 0.500990
41 76 0.528713
41 77 0.431683
41 78 0.829703
41 79 0.932673
41 80 0.306931
41 81 0.811881
41 82 0.110891
41 83 0.358416
41 84 0.681188
41 85 0.724752
41 86 0.463366
41 87 0.550495
41 88 0.374257
41 89 0.788119
41 90 0.605941
41 91 0.439604
41 92 0.863366
41 93 0.304950
41 94 0.221782
41 95 0.180198
41 96 0.223762
41 97 0.504950
41 98 0.899010
41 99 0.429703
42 43 0.450570
42 44 0.536122
42 45 0.264259
42 46 0.610266
42 47 0.935361
42 48 0.716730
42 49 0.155894
42 50 0.904943
42 51 0.203422
42 52 0.825095
42 53 0.346008
42 54 0.944867
42 55 0.446768
42 56 0.579848
42 57 0.749049
42 58 0.684411
42 59 0.528517
42 60 0.338403
42 61 0.553232
42 62 0.311787
42 63 0.714829
42 64 0.659696
42 65 0.612167
42 66 0.617871
42 67 0.650190
42 68 0.138783
42 69 0.391635
42 70 0.796578
42 71 0.807985
42 72 0.429658
42 73 0.039924
42 74 0.998099
42 75 0.496198
42 76 0.692015
42 77 0.948669
42 78 0.355513
42 79 0.258555
42 80 0.673004
42 81 0.254753
42 82 0.771863
42 83 0.539924
42 84 0.249049
42 85 0.292776
42 86 0.505703
42 87 0.382129
42 88 0.925856
42 89 0.351711
42 90 0.349810
42 91 0.925856
42 92 0.057034
42 93 0.931559
42 94 0.730038
42 95 0.724335
42 96 0.678707
42 97 0.555133
42 98 0.486692
42 99 0.914449
43 44 0.248503
43 45 0.302395
43 46 0.413174
43 47 0.763473
43 48 0.455090
43 49 0.523952
43 50 0.874251
43 51 0.458084
43 52 0.595808
43 53 0.838323
43 54 0.988024
43 55 0.877246
43 56 0.790419
43 57 0.802395
43 58 0.437126
43 59 0.449102
43 60 0.278443
43 61 0.419162
43 62 0.314371
43 63 0.814371
43 64 0.407186
43 65 0.529940
43 66 0.335329
43 67 0.344311
43 68 0.640719
43 69 0.664671
43 70 0.649701
43 71 0.634731
43 72 0.865269
43 73 0.673653
43 74 0.997006
43 75 0.455090
43 76 0.547904
43 77 0.835329
43 78 0.775449
43 79 0.727545
43 80 0.514970
43 81 0.673653
43 82 0.523952
43 83 0.149701
43 84 0.422156
43 85 0.416168
43 86 0.176647
43 87 0.143713
43 88 0.937126
43 89 0.541916
43 90 0.404192
43 91 0.808383
43 92 0.637725
43 93 0.901198
43 94 0.440120
43 95 0.491018
43 96 0.362275
43 97 0.556886
43 98 0.964072
43 99 0.958084
44 45 0.408416
44 46 0.136139
44 47 0.574257
44 48 0.443069
44 49 0.586634
44 50 0.839109
44 51 0.445545
44 52 0.490099
44 53 0.670792
44 54 0.945545
44 55 0.925743
44 56 0.856436
44 57 0.836634
44 58 0.190594
44 59 0.205446
44 60 0.259901
44 61 0.160891
44 62 0.452970
44 63 0.856436
44 64 0.450495
44 65 0.616337
44 66 0.403465
44 67 0.363861
44 68 0.591584
44 69 0.485149
44 70 0.638614
44 71 0.353960
44 72 0.915842
44 73 0.683168
44 74 0.923267
44 75 0.576733
44 76 0.247525
44 77 0.534653
44 78 0.836634
44 79 0.606436
44 80 0.571782
44 81 0.742574
44 82 0.467822
44 83 0.242574
44 84 0.529703
44 85 0.358911
44 86 0.056931
44 87 0.212871
44 88 0.898515
44 89 0.405941
44 90 0.537129
44 91 0.507426
44 92 0.655941
44 93 0.851485
44 94 0.319307
44 95 0.492574
44 96 0.319307
44 97 0.655941
44 98 0.997525
44 99 0.930693
45 46 0.537688
45 47 0.891960
45 48 0.597990
45 49 0.185930
45 50 0.879397
45 51 0.213568
45 52 0.741206
45 53 0.580402
45 54 0.947236
45 55 0.565327
45 56 0.595477
45 57 0.726131
45 58 0.600503
45 59 0.489950
45 60 0.218593
45 61 0.494975
45 62 0.113065
45 63 0.703518
45 64 0.527638
45 65 0.512563
45 66 0.469849
45 67 0.510050
45 68 0.339196
45 69 0.502513
45 70 0.718593
45 71 0.768844
45 72 0.550251
45 73 0.314070
45 74 0.997487
45 75 0.379397
45 76 0.653266
45 77 0.944724
45 78 0.457286
45 79 0.462312
45 80 0.565327
45 81 0.344221
45 82 0.670854
45 83 0.364322
45 84 0.133166
45 85 0.266332
45 86 0.361809
45 87 0.198492
45 88 0.917085
45 89 0.402010
45 90 0.218593
45 91 0.922111
45 92 0.283920
45 93 0.909548
45 94 0.623116
45 95 0.613065
45 96 0.547739
45 97 0.472362
45 98 0.638191
45 99 0.914573
46 47 0.505447
46 48 0.464052
46 49 0.620915
46 50 0.821351
46 51 0.468410
46 52 0.468410
46 53 0.607843
46 54 0.919390
46 55 0.934641
46 56 0.873638
46 57 0.845316
46 58 0.126362
46 59 0.143791
46 60 0.309368
46 61 0.089325
46 62 0.514161
46 63 0.867102
46 64 0.490196
46 65 0.653595
46 66 0.453159
46 67 0.405229
46 68 0.586057
46 69 0.431373
46 70 0.642702
46 71 0.235294
46 72 0.923747
46 73 0.690632
46 74 0.884532
46 75 0.625272
46 76 0.100218
46 77 0.398693
46 78 0.854031
46 79 0.570806
46 80 0.603486
46 81 0.764706
46 82 0.468410
46 83 0.322440
46 84 0.579521
46 85 0.374728
46 86 0.169935
46 87 0.294118
46 88 0.875817
46 89 0.381264
46 90 0.592593
46 91 0.370370
46 92 0.668845
46 93 0.825708
46 94 0.315904
46 95 0.514161
46 96 0.348584
46 97 0.694989
46 98 0.997821
46 99 0.910675
47 48 0.275862
47 49 0.818008
47 50 0.471264
47 51 0.772031
47 52 0.143678
47 53 0.963602
47 54 0.563218
47 55 0.948276
47 56 0.793103
47 57 0.632184
47 58 0.331418
47 59 0.570881
47 60 0.634100
47 61 0.522989
47 62 0.662835
47 63 0.683908
47 64 0.358238
47 65 0.540230
47 66 0.375479
47 67 0.316092
47 68 0.888889
47 69 0.816092
47 70 0.358238
47 71 0.300766
47 72 0.948276
47 73 0.921456
47 74 0.473180
47 75 0.607280
47 76 0.436782
47 77 0.268199
47 78 0.915709
47 79 0.913793
47 80 0.440613
47 81 0.883142
47 82 0.212644
47 83 0.404215
47 84 0.739464
47 85 0.716475
47 86 0.454023
47 87 0.565134
47 88 0.522989
47 89 0.758621
47 90 0.683908
47 91 0.281609
47 92 0.898467
47 93 0.454023
47 94 0.208812
47 95 0.306513
47 96 0.264368
47 97 0.624521
47 98 0.998084
47 99 0.578544
48 49 0.701389
48 50 0.379630
48 51 0.706019
48 52 0.159722
48 53 0.997685
48 54 0.486111
48 55 0.812500
48 56 0.627315
48 57 0.467593
48 58 0.398148
48 59 0.606481
48 60 0.564815
48 61 0.557870
48 62 0.504630
48 63 0.518519
48 64 0.097222
48 65 0.321759
48 66 0.127315
48 67 0.085648
48 68 0.844907
48 69 0.847222
48 70 0.189815
48 71 0.483796
48 72 0.812500
48 73 0.837963
48 74 0.449074
48 75 0.400463
48 76 0.548611
48 77 0.557870
48 78 0.780093
48 79 0.914352
48 80 0.208333
48 81 0.752315
48 82 0.076389
48 83 0.233796
48 84 0.594907
48 85 0.671296
48 86 0.391204
48 87 0.462963
48 88 0.439815
48 89 0.759259
48 90 0.509259
48 91 0.555556
48 92 0.810185
48 93 0.384259
48 94 0.199074
48 95 0.057870
48 96 0.122685
48 97 0.421296
48 98 0.870370
48 99 0.483796
49 50 0.869469
49 51 0.225664
49 52 0.803097
49 53 0.511062
49 54 0.915929
49 55 0.404867
49 56 0.511062
49 57 0.692478
49 58 0.692478
49 59 0.568584
49 60 0.325221
49 61 0.581858
49 62 0.188053
49 63 0.654867
49 64 0.595133
49 65 0.530973
49 66 0.550885
49 67 0.595133
49 68 0.258850
49 69 0.502212
49 70 0.750000
49 71 0.840708
49 72 0.387168
49 73 0.139381
49 74 0.980088
49 75 0.396018
49 76 0.730088
49 77 0.997788
49 78 0.298673
49 79 0.402655
49 80 0.603982
49 81 0.176991
49 82 0.736726
49 83 0.477876
49 84 0.106195
49 85 0.320796
49 86 0.480088
49 87 0.334071
49 88 0.896018
49 89 0.426991
49 90 0.225664
49 91 0.975664
49 92 0.115044
49 93 0.902655
49 94 0.707965
49 95 0.672566
49 96 0.639381
49 97 0.464602
49 98 0.462389
49 99 0.880531
50 51 0.753065
50 52 0.334501
50 53 0.998249
50 54 0.085814
50 55 0.632224
50 56 0.434326
50 57 0.217163
50 58 0.588441
50 59 0.740806
50 60 0.674256
50 61 0.705779
50 62 0.548161
50 63 0.276708
50 64 0.276708
50 65 0.271454
50 66 0.316988
50 67 0.336252
50 68 0.849387
50 69 0.901926
50 70 0.141856
50 71 0.637478
50 72 0.639229
50 73 0.800350
50 74 0.089317
50 75 0.380035
50 76 0.702277
50 77 0.661996
50 78 0.646235
50 79 0.924694
50 80 0.218914
50 81 0.669002
50 82 0.297723
50 83 0.434326
50 84 0.604203
50 85 0.751313
50 86 0.569177
50 87 0.595447
50 88 0.049037
50 89 0.830123
50 90 0.511384
50 91 0.669002
50 92 0.781086
50 93 0.031524
50 94 0.427320
50 95 0.245184
50 96 0.380035
50 97 0.341506
50 98 0.660245
50 99 0.099825
51 52 0.735849
51 53 0.303983
51 54 0.966457
51 55 0.597484
51 56 0.664570
51 57 0.784067
51 58 0.538784
51 59 0.356394
51 60 0.155136
51 61 0.383648
51 62 0.272537
51 63 0.765199
51 64 0.593291
51 65 0.605870
51 66 0.542977
51 67 0.561845
51 68 0.127883
51 69 0.262055
51 70 0.758910
51 71 0.670860
51 72 0.580713
51 73 0.224319
51 74 0.997904
51 75 0.496855
51 76 0.538784
51 77 0.828092
51 78 0.496855
51 79 0.207547
51 80 0.639413
51 81 0.383648
51 82 0.689727
51 83 0.427673
51 84 0.255765
51 85 0.098532
51 86 0.352201
51 87 0.226415
51 88 0.937107
51 89 0.190776
51 90 0.354298
51 91 0.802935
51 92 0.207547
51 93 0.926625
51 94 0.616352
51 95 0.660377
51 96 0.574423
51 97 0.572327
51 98 0.651992
51 99 0.939203
52 53 0.997859
52 54 0.513919
52 55 0.901499
52 56 0.725910
52 57 0.554604
52 58 0.346895
52 59 0.588865
52 60 0.608137
52 61 0.539615
52 62 0.599572
52 63 0.610278
52 64 0.239829
52 65 0.443255
52 66 0.263383
52 67 0.203426
52 68 0.884368
52 69 0.843683
52 70 0.256959
52 71 0.376874
52 72 0.901499
52 73 0.899358
52 74 0.436831
52 75 0.520343
52 76 0.483940
52 77 0.402570
52 78 0.869379
52 79 0.931478
52 80 0.331906
52 81 0.837259
52 82 0.077088
52 83 0.321199
52 84 0.685225
52 85 0.704497
52 86 0.419700
52 87 0.520343
52 88 0.468951
52 89 0.768737
52 90 0.614561
52 91 0.408994
52 92 0.873662
52 93 0.398287
52 94 0.149893
52 95 0.182013
52 96 0.164882
52 97 0.537473
52 98 0.955032
52 99 0.522484
53 54 0.982085
53 55 0.667752
53 56 0.747557
53 57 0.846906
53 58 0.545603
53 59 0.348534
53 60 0.304560
53 61 0.385993
53 62 0.447883
53 63 0.832248
53 64 0.679153
53 65 0.705212
53 66 0.640065
53 67 0.641694
53 68 0.187296
53 69 0.133550
53 70 0.809446
53 71 0.627036
53 72 0.654723
53 73 0.322476
53 74 0.998371
53 75 0.622150
53 76 0.498371
53 77 0.745928
53 78 0.589577
53 79 0.079805
53 80 0.726384
53 81 0.498371
53 82 0.732899
53 83 0.537459
53 84 0.428339
53 85 0.229642
53 86 0.439739
53 87 0.377850
53 88 0.957655
53 89 0.174267
53 90 0.511401
53 91 0.723127
53 92 0.324104
53 93 0.944625
53 94 0.651466
53 95 0.724756
53 96 0.636808
53 97 0.682410
53 98 0.706840
53 99 0.962541
54 55 0.642857
54 56 0.435714
54 57 0.208929
54 58 0.683929
54 59 0.830357
54 60 0.750000
54 61 0.798214
54 62 0.603571
54 63 0.266071
54 64 0.355357
54 65 0.312500
54 66 0.392857
54 67 0.421429
54 68 0.914286
54 69 0.983929
54 70 0.226786
54 71 0.737500
54 72 0.651786
54 73 0.851786
54 74 0.117857
54 75 0.419643
54 76 0.798214
54 77 0.762500
54 78 0.667857
54 79 0.998214
54 80 0.282143
54 81 0.701786
54 82 0.389286
54 83 0.514286
54 84 0.653571
54 85 0.826786
54 86 0.655357
54 87 0.671429
54 88 0.037500
54 89 0.910714
54 90 0.557143
54 91 0.769643
54 92 0.833929
54 93 0.101786
54 94 0.521429
54 95 0.332143
54 96 0.469643
54 97 0.369643
54 98 0.666071
54 99 0.037500
55 56 0.205674
55 57 0.430851
55 58 0.776596
55 59 0.742908
55 60 0.553191
55 61 0.742908
55 62 0.342199
55 63 0.374113
55 64 0.547872
55 65 0.397163
55 66 0.530142
55 67 0.588652
55 68 0.523050
55 69 0.726950
55 70 0.608156
55 71 0.890071
55 72 0.015957
55 73 0.381206
55 74 0.730496
55 75 0.315603
55 76 0.840426
55 77 0.998227
55 78 0.085106
55 79 0.640071
55 80 0.492908
55 81 0.184397
55 82 0.682624
55 83 0.546099
55 84 0.303191
55 85 0.572695
55 86 0.622340
55 87 0.526596
55 88 0.638298
55 89 0.664894
55 90 0.278369
55 91 0.985816
55 92 0.375887
55 93 0.673759
55 94 0.721631
55 95 0.602837
55 96 0.648936
55 97 0.312057
55 98 0.051418
55 99 0.601064
56 57 0.251984
56 58 0.783730
56 59 0.813492
56 60 0.628968
56 61 0.799603
56 62 0.382937
56 63 0.188492
56 64 0.454365
56 65 0.261905
56 66 0.450397
56 67 0.517857
56 68 0.690476
56 69 0.867063
56 70 0.482143
56 71 0.898810
56 72 0.242063
56 73 0.563492
56 74 0.591270
56 75 0.226190
56 76 0.880952
56 77 0.998016
56 78 0.275794
56 79 0.813492
56 80 0.367063
56 81 0.349206
56 82 0.599206
56 83 0.515873
56 84 0.386905
56 85 0.680556
56 86 0.640873
56 87 0.569444
56 88 0.484127
56 89 0.787698
56 90 0.297619
56 91 0.990079
56 92 0.547619
56 93 0.529762
56 94 0.678571
56 95 0.501984
56 96 0.593254
56 97 0.178571
56 98 0.255952
56 99 0.442460
57 58 0.754678
57 59 0.866944
57 60 0.725572
57 61 0.837838
57 62 0.509356
57 63 0.070686
57 64 0.353430
57 65 0.189189
57 66 0.378378
57 67 0.438669
57 68 0.873181
57 69 0.997921
57 70 0.297297
57 71 0.850312
57 72 0.515593
57 73 0.777547
57 74 0.357588
57 75 0.286902
57 76 0.879418
57 77 0.920998
57 78 0.536383
57 79 0.983368
57 80 0.237006
57 81 0.584200
57 82 0.469854
57 83 0.498960
57 84 0.555094
57 85 0.802495
57 86 0.663202
57 87 0.638254
57 88 0.243243
57 89 0.910603
57 90 0.440748
57 91 0.920998
57 92 0.756757
57 93 0.297297
57 94 0.596674
57 95 0.370062
57 96 0.513514
57 97 0.214137
57 98 0.532225
57 99 0.199584
58 59 0.265525
58 60 0.389722
58 61 0.214133
58 62 0.537473
58 63 0.807281
58 64 0.415418
58 65 0.599572
58 66 0.387580
58 67 0.327623
58 68 0.674518
58 69 0.546039
58 70 0.546039
58 71 0.143469
58 72 0.929336
58 73 0.755889
58 74 0.770878
58 75 0.599572
58 76 0.139186
58 77 0.295503
58 78 0.869379
58 79 0.676660
58 80 0.533191
58 81 0.794433
58 82 0.359743
58 83 0.289079
58 84 0.612420
58 85 0.468951
58 86 0.203426
58 87 0.346895
58 88 0.775161
58 89 0.490364
58 90 0.601713
58 91 0.274090
58 92 0.734475
58 93 0.719486
58 94 0.201285
58 95 0.421842
58 96 0.256959
58 97 0.657388
58 98 0.997859
58 99 0.815846
59 60 0.236957
59 61 0.052174
59 62 0.493478
59 63 0.917391
59 64 0.578261
59 65 0.708696
59 66 0.532609
59 67 0.500000
59 68 0.471739
59 69 0.286957
59 70 0.743478
59 71 0.371739
59 72 0.897826
59 73 0.604348
59 74 0.991304
59 75 0.654348
59 76 0.202174
59 77 0.530435
59 78 0.821739
59 79 0.436957
59 80 0.680435
59 81 0.719565
59 82 0.586957
59 83 0.389130
59 84 0.541304
59 85 0.269565
59 86 0.215217
59 87 0.269565
59 88 0.971739
59 89 0.245652
59 90 0.582609
59 91 0.500000
59 92 0.584783
59 93 0.928261
59 94 0.445652
59 95 0.615217
59 96 0.458696
59 97 0.730435
59 98 0.973913
59 99 0.997826
60 61 0.271028
60 62 0.294393
60 63 0.808411
60 64 0.537383
60 65 0.602804
60 66 0.481308
60 67 0.483645
60 68 0.313084
60 69 0.306075
60 70 0.726636
60 71 0.574766
60 72 0.714953
60 73 0.406542
60 74 0.997664
60 75 0.509346
60 76 0.436916
60 77 0.747664
60 78 0.628505
60 79 0.352804
60 80 0.612150
60 81 0.516355
60 82 0.619159
60 83 0.334112
60 84 0.329439
60 85 0.107477
60 86 0.219626
60 87 0.105140
60 88 0.946262
60 89 0.210280
60 90 0.394860
60 91 0.721963
60 92 0.383178
60 93 0.920561
60 94 0.518692
60 95 0.602804
60 96 0.483645
60 97 0.595794
60 98 0.796729
60 99 0.957944
61 62 0.503341
61 63 0.910913
61 64 0.550111
61 65 0.694878
61 66 0.507795
61 67 0.469933
61 68 0.521158
61 69 0.347439
61 70 0.717149
61 71 0.329621
61 72 0.922049
61 73 0.643653
61 74 0.971047
61 75 0.650334
61 76 0.164811
61 77 0.494432
61 78 0.844098
61 79 0.496659
61 80 0.659243
61 81 0.746102
61 82 0.552339
61 83 0.363029
61 84 0.559020
61 85 0.307350
61 86 0.187082
61 87 0.271715
61 88 0.953229
61 89 0.298441
61 90 0.590200
61 91 0.465479
61 92 0.623608
61 93 0.906459
61 94 0.403118
61 95 0.585746
61 96 0.423163
61 97 0.726058
61 98 0.997773
61 99 0.982183
62 63 0.610390
62 64 0.477922
62 65 0.423377
62 66 0.425974
62 67 0.480519
62 68 0.454545
62 69 0.636364
62 70 0.659740
62 71 0.825974
62 72 0.488312
62 73 0.381818
62 74 0.940260
62 75 0.277922
62 76 0.732468
62 77 0.997403
62 78 0.402597
62 79 0.592208
62 80 0.493506
62 81 0.311688
62 82 0.646753
62 83 0.355844
62 84 0.103896
62 85 0.389610
62 86 0.415584
62 87 0.267532
62 88 0.849351
62 89 0.529870
62 90 0.111688
62 91 0.976623
62 92 0.350649
62 93 0.849351
62 94 0.631169
62 95 0.568831
62 96 0.540260
62 97 0.371429
62 98 0.576623
62 99 0.838961
63 64 0.394958
63 65 0.205882
63 66 0.411765
63 67 0.478992
63 68 0.855042
63 69 0.997899
63 70 0.361345
63 71 0.897059
63 72 0.455882
63 73 0.745798
63 74 0.430672
63 75 0.271008
63 76 0.913866
63 77 0.976891
63 78 0.483193
63 79 0.972689
63 80 0.281513
63 81 0.542017
63 82 0.525210
63 83 0.525210
63 84 0.529412
63 85 0.800420
63 86 0.682773
63 87 0.644958
63 88 0.317227
63 89 0.911765
63 90 0.415966
63 91 0.974790
63 92 0.726891
63 93 0.371849
63 94 0.644958
63 95 0.424370
63 96 0.556723
63 97 0.193277
63 98 0.470588
63 99 0.268908
64 65 0.259259
64 66 0.060847
64 67 0.108466
64 68 0.902116
64 69 0.944444
64 70 0.211640
64 71 0.632275
64 72 0.817460
64 73 0.875661
64 74 0.521164
64 75 0.343915
64 76 0.677249
64 77 0.735450
64 78 0.780423
64 79 0.997354
64 80 0.145503
64 81 0.753968
64 82 0.201058
64 83 0.238095
64 84 0.589947
64 85 0.727513
64 86 0.441799
64 87 0.486772
64 88 0.478836
64 89 0.838624
64 90 0.481481
64 91 0.730159
64 92 0.843915
64 93 0.436508
64 94 0.312169
64 95 0.092593
64 96 0.203704
64 97 0.370370
64 98 0.883598
64 99 0.513228
65 66 0.258974
65 67 0.343590
65 68 0.866667
65 69 0.997436
65 70 0.305128
65 71 0.853846
65 72 0.582051
65 73 0.776923
65 74 0.525641
65 75 0.158974
65 76 0.864103
65 77 0.964103
65 78 0.569231
65 79 0.994872
65 80 0.135897
65 81 0.584615
65 82 0.435897
65 83 0.389744
65 84 0.489744
65 85 0.761538
65 86 0.584615
65 87 0.553846
65 88 0.423077
65 89 0.892308
65 90 0.353846
65 91 0.958974
65 92 0.748718
65 93 0.438462
65 94 0.551282
65 95 0.310256
65 96 0.441026
65 97 0.123077
65 98 0.630769
65 99 0.410256
66 67 0.096045
66 68 0.898305
66 69 0.943503
66 70 0.293785
66 71 0.652542
66 72 0.844633
66 73 0.872881
66 74 0.624294
66 75 0.344633
66 76 0.680791
66 77 0.779661
66 78 0.796610
66 79 0.997175
66 80 0.194915
66 81 0.759887
66 82 0.248588
66 83 0.189266
66 84 0.573446
66 85 0.709040
66 86 0.412429
66 87 0.454802
66 88 0.573446
66 89 0.830508
66 90 0.466102
66 91 0.771186
66 92 0.838983
66 93 0.531073
66 94 0.324859
66 95 0.158192
66 96 0.203390
66 97 0.387006
66 98 0.918079
66 99 0.604520
67 68 0.913649
67 69 0.919220
67 70 0.309192
67 71 0.554318
67 72 0.922006
67 73 0.913649
67 74 0.632312
67 75 0.431755
67 76 0.598886
67 77 0.674095
67 78 0.871866
67 79 0.997214
67 80 0.267409
67 81 0.824513
67 82 0.178273
67 83 0.178273
67 84 0.626741
67 85 0.704735
67 86 0.373259
67 87 0.454039
67 88 0.604457
67 89 0.813370
67 90 0.534819
67 91 0.665738
67 92 0.880223
67 93 0.548747
67 94 0.225627
67 95 0.147632
67 96 0.105850
67 97 0.476323
67 98 0.997214
67 99 0.646240
68 69 0.248120
68 70 0.787594
68 71 0.706767
68 72 0.537594
68 73 0.159774
68 74 0.998120
68 75 0.530075
68 76 0.578947
68 77 0.847744
68 78 0.462406
68 79 0.124060
68 80 0.676692
68 81 0.359023
68 82 0.733083
68 83 0.498120
68 84 0.291353
68 85 0.180451
68 86 0.428571
68 87 0.317669
68 88 0.939850
68 89 0.216165
68 90 0.390977
68 91 0.825188
68 92 0.159774
68 93 0.934211
68 94 0.667293
68 95 0.701128
68 96 0.629699
68 97 0.593985
68 98 0.599624
68 99 0.936090
69 70 0.787770
69 71 0.544964
69 72 0.723022
69 73 0.388489
69 74 0.998201
69 75 0.622302
69 76 0.402878
69 77 0.676259
69 78 0.651079
69 79 0.151079
69 80 0.706835
69 81 0.552158
69 82 0.687050
69 83 0.482014
69 84 0.440647
69 85 0.169065
69 86 0.357914
69 87 0.314748
69 88 0.962230
69 89 0.073741
69 90 0.516187
69 91 0.651079
69 92 0.381295
69 93 0.940647
69 94 0.586331
69 95 0.688849
69 96 0.579137
69 97 0.688849
69 98 0.784173
69 99 0.973022
70 71 0.626638
70 72 0.755459
70 73 0.875546
70 74 0.253275
70 75 0.382096
70 76 0.698690
70 77 0.674672
70 78 0.742358
70 79 0.997817
70 80 0.150655
70 81 0.746725
70 82 0.203057
70 83 0.371179
70 84 0.633188
70 85 0.777293
70 86 0.537118
70 87 0.578603
70 88 0.233624
70 89 0.868996
70 90 0.530568
70 91 0.676856
70 92 0.851528
70 93 0.185590
70 94 0.360262
70 95 0.128821
70 96 0.296943
70 97 0.364629
70 98 0.794760
70 99 0.277293
71 72 0.937970
71 73 0.787594
71 74 0.714286
71 75 0.639098
71 76 0.152256
71 77 0.139098
71 78 0.887218
71 79 0.697368
71 80 0.552632
71 81 0.823308
71 82 0.364662
71 83 0.366541
71 84 0.663534
71 85 0.526316
71 86 0.304511
71 87 0.428571
71 88 0.736842
71 89 0.530075
71 90 0.650376
71 91 0.116541
71 92 0.766917
71 93 0.678571
71 94 0.231203
71 95 0.439850
71 96 0.302632
71 97 0.684211
71 98 0.998120
71 99 0.780075
72 73 0.367201
72 74 0.741533
72 75 0.317291
72 76 0.837790
72 77 0.998217
72 78 0.071301
72 79 0.629234
72 80 0.497326
72 81 0.169340
72 82 0.686275
72 83 0.545455
72 84 0.294118
72 85 0.563280
72 86 0.616756
72 87 0.518717
72 88 0.650624
72 89 0.654189
72 90 0.272727
72 91 0.987522
72 92 0.361854
72 93 0.684492
72 94 0.723708
72 95 0.606061
72 96 0.648841
72 97 0.319073
72 98 0.060606
72 99 0.613191
73 74 0.998028
73 75 0.475345
73 76 0.712032
73 77 0.970414
73 78 0.329389
73 79 0.297830
73 80 0.662722
73 81 0.222880
73 82 0.773176
73 83 0.534517
73 84 0.220907
73 85 0.305720
73 86 0.510848
73 87 0.380671
73 88 0.923077
73 89 0.376726
73 90 0.325444
73 91 0.948718
73 92 0.023669
73 93 0.928994
73 94 0.735700
73 95 0.719921
73 96 0.678501
73 97 0.534517
73 98 0.467456
73 99 0.909270
74 75 0.466899
74 76 0.740418
74 77 0.670732
74 78 0.731707
74 79 0.998258
74 80 0.299652
74 81 0.754355
74 82 0.332753
74 83 0.500000
74 84 0.686411
74 85 0.822300
74 86 0.628920
74 87 0.665505
74 88 0.095819
74 89 0.897213
74 90 0.597561
74 91 0.679443
74 92 0.862369
74 93 0.060976
74 94 0.463415
74 95 0.301394
74 96 0.428571
74 97 0.430314
74 98 0.743902
74 99 0.148084
75 76 0.835025
75 77 0.997462
75 78 0.421320
75 79 0.850254
75 80 0.269036
75 81 0.423858
75 82 0.522843
75 83 0.368020
75 84 0.332487
75 85 0.637056
75 86 0.532995
75 87 0.459391
75 88 0.573604
75 89 0.771574
75 90 0.195431
75 91 0.984772
75 92 0.586294
75 93 0.591371
75 94 0.593909
75 95 0.411168
75 96 0.484772
75 97 0.093909
75 98 0.515228
75 99 0.555838
76 77 0.300990
76 78 0.867327
76 79 0.584158
76 80 0.613861
76 81 0.786139
76 82 0.463366
76 83 0.368317
76 84 0.617822
76 85 0.419802
76 86 0.243564
76 87 0.360396
76 88 0.845545
76 89 0.409901
76 90 0.629703
76 91 0.273267
76 92 0.695050
76 93 0.794059
76 94 0.314851
76 95 0.516832
76 96 0.364356
76 97 0.710891
76 98 0.998020
76 99 0.883168
77 78 0.903716
77 79 0.751689
77 80 0.559122
77 81 0.853041
77 82 0.368243
77 83 0.429054
77 84 0.711149
77 85 0.599662
77 86 0.393581
77 87 0.506757
77 88 0.685811
77 89 0.603041
77 90 0.690878
77 91 0.023649
77 92 0.812500
77 93 0.628378
77 94 0.271959
77 95 0.445946
77 96 0.344595
77 97 0.697635
77 98 0.998311
77 99 0.731419
78 79 0.591682
78 80 0.514178
78 81 0.103970
78 82 0.699433
78 83 0.531191
78 84 0.243856
78 85 0.523629
78 86 0.595463
78 87 0.485822
78 88 0.701323
78 89 0.620038
78 90 0.236295
78 91 0.998110
78 92 0.308129
78 93 0.731569
78 94 0.725898
78 95 0.620038
78 96 0.650284
78 97 0.330813
78 98 0.139887
78 99 0.669187
79 80 0.736746
79 81 0.469835
79 82 0.760512
79 83 0.535649
79 84 0.391225
79 85 0.191956
79 86 0.438757
79 87 0.356490
79 88 0.996344
79 89 0.160878
79 90 0.484461
79 91 0.789762
79 92 0.276051
79 93 0.985375
79 94 0.678245
79 95 0.744059
79 96 0.654479
79 97 0.678245
79 98 0.703839
79 99 0.998172
80 81 0.773371
80 82 0.337110
80 83 0.379603
80 84 0.634561
80 85 0.864023
80 86 0.603399
80 87 0.614731
80 88 0.402266
80 89 0.997167
80 90 0.495751
80 91 0.934844
80 92 0.917847
80 93 0.388102
80 94 0.490085
80 95 0.198300
80 96 0.373938
80 97 0.286119
80 98 0.849858
80 99 0.419263
81 82 0.718310
81 83 0.513078
81 84 0.171026
81 85 0.452716
81 86 0.557344
81 87 0.432596
81 88 0.780684
81 89 0.551308
81 90 0.209256
81 91 0.997988
81 92 0.219316
81 93 0.800805
81 94 0.726358
81 95 0.643863
81 96 0.651911
81 97 0.374245
81 98 0.259557
81 99 0.754527
82 83 0.304136
82 84 0.703163
82 85 0.756691
82 86 0.445255
82 87 0.540146
82 88 0.479319
82 89 0.839416
82 90 0.615572
82 91 0.530414
82 92 0.924574
82 93 0.408759
82 94 0.182482
82 95 0.119221
82 96 0.145985
82 97 0.520681
82 98 0.997567
82 99 0.535280
83 84 0.522255
83 85 0.560831
83 86 0.234421
83 87 0.290801
83 88 0.804154
83 89 0.676558
83 90 0.459941
83 91 0.735905
83 92 0.768546
83 93 0.756677
83 94 0.314540
83 95 0.341246
83 96 0.216617
83 97 0.513353
83 98 0.997033
83 99 0.833828
84 85 0.372881
84 86 0.464891
84 87 0.314770
84 88 0.861985
84 89 0.501211
84 90 0.130751
84 91 0.997579
84 92 0.242131
84 93 0.869249
84 94 0.682809
84 95 0.624697
84 96 0.600484
84 97 0.394673
84 98 0.484262
84 99 0.847458
85 86 0.302428
85 87 0.198675
85 88 0.988962
85 89 0.119205
85 90 0.426049
85 91 0.754967
85 92 0.324503
85 93 0.966887
85 94 0.589404
85 95 0.668874
85 96 0.558499
85 97 0.635762
85 98 0.774834
85 99 0.997792
86 87 0.173228
86 88 0.916010
86 89 0.427822
86 90 0.509186
86 91 0.585302
86 92 0.650919
86 93 0.868766
86 94 0.341207
86 95 0.490814
86 96 0.320210
86 97 0.637795
86 98 0.997375
86 99 0.944882
87 88 0.980926
87 89 0.365123
87 90 0.389646
87 91 0.790191
87 92 0.493188
87 93 0.950954
87 94 0.506812
87 95 0.580381
87 96 0.449591
87 97 0.591281
87 98 0.888283
87 99 0.997275
88 89 0.997980
88 90 0.612121
88 91 0.828283
88 92 0.923232
88 93 0.076768
88 94 0.549495
88 95 0.335354
88 96 0.490909
88 97 0.406061
88 98 0.755556
88 99 0.064646
89 90 0.493014
89 91 0.684631
89 92 0.371257
89 93 0.964072
89 94 0.582834
89 95 0.686627
89 96 0.568862
89 97 0.682635
89 98 0.802395
89 99 0.998004
90 91 0.997519
90 92 0.382134
90 93 0.764268
90 94 0.642680
90 95 0.535980
90 96 0.548387
90 97 0.270471
90 98 0.461538
90 99 0.734491
91 92 0.803419
91 93 0.642735
91 94 0.270085
91 95 0.451282
91 96 0.343590
91 97 0.699145
91 98 0.998291
91 99 0.745299
92 93 0.997831
92 94 0.783080
92 95 0.765727
92 96 0.720174
92 97 0.566161
92 98 0.509761
92 99 0.976139
93 94 0.612091
93 95 0.362720
93 96 0.551637
93 97 0.534005
93 98 0.997481
93 99 0.176322
94 95 0.254587
94 96 0.098624
94 97 0.577982
94 98 0.997706
94 99 0.672018
95 96 0.210959
95 97 0.457534
95 98 0.997260
95 99 0.504110
96 97 0.531807
96 98 0.997455
96 99 0.664122
97 98 0.995000
97 99 0.950000
98 99 0.997167
