100 4950
0 1 0.216080
0 2 0.643216
0 3 0.474874
0 4 0.783920
0 5 0.248744
0 6 0.165829
0 7 0.532663
0 8 0.866834
0 9 0.339196
0 10 0.592965
0 11 0.309045
0 12 0.502513
0 13 0.507538
0 14 0.369347
0 15 0.751256
0 16 0.851759
0 17 0.748744
0 18 0.505025
0 19 0.213568
0 20 0.613065
0 21 0.482412
0 22 0.527638
0 23 0.698492
0 24 0.427136
0 25 0.600503
0 26 0.997487
0 27 0.567839
0 28 0.577889
0 29 0.449749
0 30 0.758794
0 31 0.422111
0 32 0.072864
0 33 0.354271
0 34 0.791457
0 35 0.301508
0 36 0.163317
0 37 0.698492
0 38 0.298995
0 39 0.952261
0 40 0.643216
0 41 0.188442
0 42 0.595477
0 43 0.437186
0 44 0.213568
0 45 0.821608
0 46 0.515075
0 47 0.527638
0 48 0.698492
0 49 0.492462
0 50 0.592965
0 51 0.467337
0 52 0.482412
0 53 0.547739
0 54 0.437186
0 55 0.439698
0 56 0.439698
0 57 0.356784
0 58 0.731156
0 59 0.618090
0 60 0.796482
0 61 0.221106
0 62 0.092965
0 63 0.502513
0 64 0.123116
0 65 0.648241
0 66 0.783920
0 67 0.658291
0 68 0.793970
0 69 0.065327
0 70 0.562814
0 71 0.437186
0 72 0.334171
0 73 0.419598
0 74 0.643216
0 75 0.934673
0 76 0.216080
0 77 0.550251
0 78 0.304020
0 79 0.934673
0 80 0.846734
0 81 0.201005
0 82 0.479899
0 83 0.211055
0 84 0.605528
0 85 0.120603
0 86 0.351759
0 87 0.962312
0 88 0.359296
0 89 0.582915
0 90 0.288945
0 91 0.530151
0 92 0.613065
0 93 0.738693
0 94 0.085427
0 95 0.145729
0 96 0.565327
0 97 0.384422
0 98 0.464824
0 99 0.479899
1 2 0.948949
1 3 0.360360
1 4 0.684685
1 5 0.060060
1 6 0.117117
1 7 0.393393
1 8 0.801802
1 9 0.657658
1 10 0.486486
1 11 0.318318
1 12 0.558559
1 13 0.726727
1 14 0.366366
1 15 0.645646
1 16 0.789790
1 17 0.723724
1 18 0.711712
1 19 0.252252
1 20 0.945946
1 21 0.678679
1 22 0.654655
1 23 0.795796
1 24 0.366366
1 25 0.459459
1 26 0.996997
1 27 0.882883
1 28 0.753754
1 29 0.489489
1 30 0.651652
1 31 0.735736
1 32 0.333333
1 33 0.174174
1 34 0.687688
1 35 0.267267
1 36 0.186186
1 37 0.612613
1 38 0.123123
1 39 0.960961
1 40 0.648649
1 41 0.447447
1 42 0.528529
1 43 0.507508
1 44 0.483483
1 45 0.777778
1 46 0.828829
1 47 0.594595
1 48 0.783784
1 49 0.438438
1 50 0.588589
1 51 0.450450
1 52 0.375375
1 53 0.720721
1 54 0.651652
1 55 0.717718
1 56 0.408408
1 57 0.630631
1 58 0.888889
1 59 0.549550
1 60 0.723724
1 61 0.519520
1 62 0.297297
1 63 0.366366
1 64 0.399399
1 65 0.741742
1 66 0.678679
1 67 0.813814
1 68 0.705706
1 69 0.264264
1 70 0.765766
1 71 0.771772
1 72 0.150150
1 73 0.417417
1 74 0.519520
1 75 0.918919
1 76 0.372372
1 77 0.639640
1 78 0.180180
1 79 0.903904
1 80 0.780781
1 81 0.264264
1 82 0.711712
1 83 0.387387
1 84 0.864865
1 85 0.321321
1 86 0.591592
1 87 0.972973
1 88 0.186186
1 89 0.804805
1 90 0.579580
1 91 0.723724
1 92 0.900901
1 93 0.636637
1 94 0.351351
1 95 0.084084
1 96 0.867868
1 97 0.615616
1 98 0.624625
1 99 0.735736
2 3 0.550562
2 4 0.776886
2 5 0.507223
2 6 0.508828
2 7 0.715891
2 8 0.776886
2 9 0.260032
2 10 0.768860
2 11 0.391653
2 12 0.372392
2 13 0.654896
2 14 0.404494
2 15 0.836276
2 16 0.929374
2 17 0.606742
2 18 0.661316
2 19 0.383628
2 20 0.582665
2 21 0.653291
2 22 0.288925
2 23 0.398074
2 24 0.473515
2 25 0.715891
2 26 0.764045
2 27 0.072231
2 28 0.231140
2 29 0.380417
2 30 0.784912
2 31 0.178170
2 32 0.410915
2 33 0.556982
2 34 0.831461
2 35 0.603531
2 36 0.515249
2 37 0.836276
2 38 0.520064
2 39 0.706260
2 40 0.495987
2 41 0.441413
2 42 0.568218
2 43 0.340289
2 44 0.438202
2 45 0.924559
2 46 0.539326
2 47 0.738363
2 48 0.422151
2 49 0.723917
2 50 0.484751
2 51 0.709470
2 52 0.706260
2 53 0.231140
2 54 0.171750
2 55 0.548957
2 56 0.691814
2 57 0.184591
2 58 0.322632
2 59 0.579454
2 60 0.723917
2 61 0.380417
2 62 0.454254
2 63 0.701445
2 64 0.345104
2 65 0.383628
2 66 0.825040
2 67 0.292135
2 68 0.757624
2 69 0.446228
2 70 0.182986
2 71 0.235955
2 72 0.545746
2 73 0.680578
2 74 0.775281
2 75 0.998395
2 76 0.523274
2 77 0.346709
2 78 0.593900
2 79 0.768860
2 80 0.924559
2 81 0.372392
2 82 0.624398
2 83 0.513644
2 84 0.091493
2 85 0.465490
2 86 0.191011
2 87 0.719101
2 88 0.550562
2 89 0.155698
2 90 0.243981
2 91 0.195827
2 92 0.035313
2 93 0.733547
2 94 0.406100
2 95 0.470305
2 96 0.054575
2 97 0.566613
2 98 0.664526
2 99 0.115570
3 4 0.328704
3 5 0.231481
3 6 0.370370
3 7 0.354167
3 8 0.368056
3 9 0.689815
3 10 0.451389
3 11 0.233796
3 12 0.307870
3 13 0.837963
3 14 0.208333
3 15 0.453704
3 16 0.631944
3 17 0.284722
3 18 0.824074
3 19 0.284722
3 20 0.997685
3 21 0.800926
3 22 0.430556
3 23 0.451389
3 24 0.113426
3 25 0.270833
3 26 0.490741
3 27 0.777778
3 28 0.532407
3 29 0.268519
3 30 0.340278
3 31 0.710648
3 32 0.504630
3 33 0.164352
3 34 0.414352
3 35 0.456019
3 36 0.421296
3 37 0.527778
3 38 0.182870
3 39 0.465278
3 40 0.270833
3 41 0.604167
3 42 0.131944
3 43 0.319444
3 44 0.631944
3 45 0.666667
3 46 0.907407
3 47 0.699074
3 48 0.423611
3 49 0.523148
3 50 0.231481
3 51 0.562500
3 52 0.428241
3 53 0.511574
3 54 0.543981
3 55 0.826389
3 56 0.530093
3 57 0.611111
3 58 0.569444
3 59 0.148148
3 60 0.298611
3 61 0.638889
3 62 0.493056
3 63 0.356481
3 64 0.518519
3 65 0.416667
3 66 0.405093
3 67 0.530093
3 68 0.312500
3 69 0.465278
3 70 0.571759
3 71 0.770833
3 72 0.173611
3 73 0.555556
3 74 0.391204
3 75 0.773148
3 76 0.564815
3 77 0.377315
3 78 0.363426
3 79 0.425926
3 80 0.615741
3 81 0.305556
3 82 0.826389
3 83 0.576389
3 84 0.689815
3 85 0.516204
3 86 0.546296
3 87 0.472222
3 88 0.145833
3 89 0.613426
3 90 0.613426
3 91 0.539352
3 92 0.745370
3 93 0.270833
3 94 0.516204
3 95 0.319444
3 96 0.752315
3 97 0.750000
3 98 0.752315
3 99 0.629630
4 5 0.394444
4 6 0.487037
4 7 0.292593
4 8 0.122222
4 9 0.805556
4 10 0.344444
4 11 0.450000
4 12 0.487037
4 13 0.825926
4 14 0.427778
4 15 0.229630
4 16 0.385185
4 17 0.300000
4 18 0.811111
4 19 0.485185
4 20 0.998148
4 21 0.790741
4 22 0.588889
4 23 0.559259
4 24 0.348148
4 25 0.172222
4 26 0.327778
4 27 0.885185
4 28 0.670370
4 29 0.462963
4 30 0.059259
4 31 0.829630
4 32 0.627778
4 33 0.316667
4 34 0.137037
4 35 0.501852
4 36 0.522222
4 37 0.359259
4 38 0.357407
4 39 0.361111
4 40 0.388889
4 41 0.698148
4 42 0.257407
4 43 0.507407
4 44 0.720370
4 45 0.448148
4 46 0.929630
4 47 0.646296
4 48 0.529630
4 49 0.474074
4 50 0.377778
4 51 0.527778
4 52 0.388889
4 53 0.659259
4 54 0.696296
4 55 0.853704
4 56 0.507407
4 57 0.750000
4 58 0.670370
4 59 0.248148
4 60 0.133333
4 61 0.742593
4 62 0.605556
4 63 0.314815
4 64 0.657407
4 65 0.542593
4 66 0.131481
4 67 0.651852
4 68 0.057407
4 69 0.587037
4 70 0.711111
4 71 0.872222
4 72 0.331481
4 73 0.542593
4 74 0.244444
4 75 0.512963
4 76 0.635185
4 77 0.535185
4 78 0.427778
4 79 0.235185
4 80 0.366667
4 81 0.501852
4 82 0.827778
4 83 0.648148
4 84 0.809259
4 85 0.618519
4 86 0.701852
4 87 0.355556
4 88 0.311111
4 89 0.744444
4 90 0.746296
4 91 0.687037
4 92 0.857407
4 93 0.051852
4 94 0.638889
4 95 0.470370
4 96 0.864815
4 97 0.781481
4 98 0.742593
4 99 0.766667
5 6 0.179641
5 7 0.386228
5 8 0.745509
5 9 0.682635
5 10 0.491018
5 11 0.278443
5 12 0.511976
5 13 0.784431
5 14 0.320359
5 15 0.625749
5 16 0.787425
5 17 0.661677
5 18 0.769461
5 19 0.233533
5 20 0.997006
5 21 0.739521
5 22 0.616766
5 23 0.745509
5 24 0.308383
5 25 0.425150
5 26 0.934132
5 27 0.889222
5 28 0.724551
5 29 0.443114
5 30 0.607784
5 31 0.748503
5 32 0.377246
5 33 0.122754
5 34 0.652695
5 35 0.317365
5 36 0.245509
5 37 0.616766
5 38 0.062874
5 39 0.898204
5 40 0.589820
5 41 0.497006
5 42 0.464072
5 43 0.467066
5 44 0.532934
5 45 0.787425
5 46 0.883234
5 47 0.643713
5 48 0.730539
5 49 0.473054
5 50 0.529940
5 51 0.491018
5 52 0.392216
5 53 0.691617
5 54 0.640719
5 55 0.772455
5 56 0.449102
5 57 0.637725
5 58 0.847305
5 59 0.488024
5 60 0.664671
5 61 0.562874
5 62 0.347305
5 63 0.365269
5 64 0.431138
5 65 0.691617
5 66 0.643713
5 67 0.772455
5 68 0.649701
5 69 0.314371
5 70 0.742515
5 71 0.796407
5 72 0.098802
5 73 0.467066
5 74 0.505988
5 75 0.925150
5 76 0.431138
5 77 0.595808
5 78 0.218563
5 79 0.844311
5 80 0.775449
5 81 0.251497
5 82 0.769461
5 83 0.446108
5 84 0.850299
5 85 0.374251
5 86 0.589820
5 87 0.910180
5 88 0.131737
5 89 0.784431
5 90 0.598802
5 91 0.697605
5 92 0.895210
5 93 0.583832
5 94 0.395210
5 95 0.122754
5 96 0.868263
5 97 0.670659
5 98 0.682635
5 99 0.730539
6 7 0.394102
6 8 0.817694
6 9 0.538874
6 10 0.455764
6 11 0.359249
6 12 0.579088
6 13 0.541555
6 14 0.410188
6 15 0.630027
6 16 0.729223
6 17 0.753351
6 18 0.528150
6 19 0.278820
6 20 0.742627
6 21 0.501340
6 22 0.646113
6 23 0.793566
6 24 0.426273
6 25 0.485255
6 26 0.997319
6 27 0.777480
6 28 0.723861
6 29 0.517426
6 30 0.667560
6 31 0.627346
6 32 0.225201
6 33 0.254692
6 34 0.686327
6 35 0.168901
6 36 0.058981
6 37 0.565684
6 38 0.214477
6 39 0.965147
6 40 0.678284
6 41 0.305630
6 42 0.576408
6 43 0.522788
6 44 0.340483
6 45 0.702413
6 46 0.640751
6 47 0.450402
6 48 0.782842
6 49 0.359249
6 50 0.624665
6 51 0.348525
6 52 0.337802
6 53 0.691689
6 54 0.605898
6 55 0.536193
6 56 0.313673
6 57 0.549598
6 58 0.860590
6 59 0.597855
6 60 0.750670
6 61 0.388740
6 62 0.174263
6 63 0.361930
6 64 0.308311
6 65 0.742627
6 66 0.678284
6 67 0.788204
6 68 0.729223
6 69 0.155496
6 70 0.723861
6 71 0.643432
6 72 0.235925
6 73 0.308311
6 74 0.514745
6 75 0.823056
6 76 0.225201
6 77 0.646113
6 78 0.147453
6 79 0.914209
6 80 0.726542
6 81 0.278820
6 82 0.528150
6 83 0.241287
6 84 0.793566
6 85 0.190349
6 86 0.530831
6 87 0.975871
6 88 0.270777
6 89 0.753351
6 90 0.485255
6 91 0.683646
6 92 0.812332
6 93 0.664879
6 94 0.241287
6 95 0.088472
6 96 0.772118
6 97 0.442359
6 98 0.453083
6 99 0.667560
7 8 0.512821
7 9 0.808858
7 10 0.097902
7 11 0.496503
7 12 0.645688
7 13 0.687646
7 14 0.508159
7 15 0.207459
7 16 0.312354
7 17 0.606061
7 18 0.666667
7 19 0.482517
7 20 0.937063
7 21 0.643357
7 22 0.752914
7 23 0.806527
7 24 0.445221
7 25 0.153846
7 26 0.741259
7 27 0.993007
7 28 0.846154
7 29 0.594406
7 30 0.307692
7 31 0.876457
7 32 0.538462
7 33 0.242424
7 34 0.279720
7 35 0.293706
7 36 0.370629
7 37 0.184149
7 38 0.286713
7 39 0.755245
7 40 0.629371
7 41 0.599068
7 42 0.466200
7 43 0.631702
7 44 0.627040
7 45 0.321678
7 46 0.855478
7 47 0.445221
7 48 0.783217
7 49 0.228438
7 50 0.592075
7 51 0.293706
7 52 0.121212
7 53 0.820513
7 54 0.799534
7 55 0.752914
7 56 0.272727
7 57 0.797203
7 58 0.913753
7 59 0.473193
7 60 0.487179
7 61 0.678322
7 62 0.491841
7 63 0.030303
7 64 0.608392
7 65 0.769231
7 66 0.277389
7 67 0.864802
7 68 0.421911
7 69 0.477855
7 70 0.869464
7 71 0.899767
7 72 0.251748
7 73 0.319347
7 74 0.107226
7 75 0.431235
7 76 0.487179
7 77 0.715618
7 78 0.223776
7 79 0.638695
7 80 0.303030
7 81 0.496503
7 82 0.696970
7 83 0.508159
7 84 0.962704
7 85 0.498834
7 86 0.762238
7 87 0.752914
7 88 0.258741
7 89 0.904429
7 90 0.755245
7 91 0.834499
7 92 0.997669
7 93 0.370629
7 94 0.552448
7 95 0.368298
7 96 0.979021
7 97 0.652681
7 98 0.575758
7 99 0.871795
8 9 0.783877
8 10 0.428816
8 11 0.437393
8 12 0.433962
8 13 0.852487
8 14 0.408233
8 15 0.325901
8 16 0.469983
8 17 0.210978
8 18 0.840480
8 19 0.481990
8 20 0.998285
8 21 0.823328
8 22 0.528302
8 23 0.471698
8 24 0.336192
8 25 0.262436
8 26 0.190395
8 27 0.831904
8 28 0.602058
8 29 0.421955
8 30 0.168096
8 31 0.794168
8 32 0.639794
8 33 0.358491
8 34 0.238422
8 35 0.554031
8 36 0.559177
8 37 0.447684
8 38 0.389365
8 39 0.231561
8 40 0.319039
8 41 0.711835
8 42 0.222985
8 43 0.464837
8 44 0.732419
8 45 0.530017
8 46 0.933105
8 47 0.701544
8 48 0.442539
8 49 0.543739
8 50 0.319039
8 51 0.590051
8 52 0.464837
8 53 0.595197
8 54 0.650086
8 55 0.866209
8 56 0.571184
8 57 0.716981
8 58 0.579760
8 59 0.209262
8 60 0.056604
8 61 0.742710
8 62 0.627787
8 63 0.396226
8 64 0.656947
8 65 0.464837
8 66 0.234991
8 67 0.571184
8 68 0.065180
8 69 0.607204
8 70 0.644940
8 71 0.842196
8 72 0.370497
8 73 0.602058
8 74 0.339623
8 75 0.588336
8 76 0.665523
8 77 0.471698
8 78 0.481990
8 79 0.104631
8 80 0.452830
8 81 0.499142
8 82 0.850772
8 83 0.675815
8 84 0.742710
8 85 0.641509
8 86 0.665523
8 87 0.222985
8 88 0.349914
8 89 0.675815
8 90 0.725557
8 91 0.624357
8 92 0.792453
8 93 0.104631
8 94 0.650086
8 95 0.497427
8 96 0.809605
8 97 0.802744
8 98 0.778731
8 99 0.716981
9 10 0.736111
9 11 0.404762
9 12 0.492063
9 13 0.488095
9 14 0.446429
9 15 0.861111
9 16 0.938492
9 17 0.759921
9 18 0.498016
9 19 0.347222
9 20 0.414683
9 21 0.488095
9 22 0.446429
9 23 0.609127
9 24 0.523810
9 25 0.734127
9 26 0.966270
9 27 0.238095
9 28 0.434524
9 29 0.470238
9 30 0.853175
9 31 0.101190
9 32 0.238095
9 33 0.533730
9 34 0.884921
9 35 0.490079
9 36 0.386905
9 37 0.817460
9 38 0.486111
9 39 0.912698
9 40 0.644841
9 41 0.240079
9 42 0.664683
9 43 0.432540
9 44 0.230159
9 45 0.912698
9 46 0.353175
9 47 0.619048
9 48 0.625000
9 49 0.642857
9 50 0.613095
9 51 0.611111
9 52 0.646825
9 53 0.414683
9 54 0.279762
9 55 0.357143
9 56 0.593254
9 57 0.134921
9 58 0.575397
9 59 0.680556
9 60 0.845238
9 61 0.156746
9 62 0.287698
9 63 0.666667
9 64 0.170635
9 65 0.575397
9 66 0.878968
9 67 0.519841
9 68 0.859127
9 69 0.291667
9 70 0.388889
9 71 0.075397
9 72 0.517857
9 73 0.569444
9 74 0.775794
9 75 0.998016
9 76 0.355159
9 77 0.500000
9 78 0.507937
9 79 0.938492
9 80 0.936508
9 81 0.329365
9 82 0.450397
9 83 0.339286
9 84 0.351190
9 85 0.295635
9 86 0.198413
9 87 0.926587
9 88 0.533730
9 89 0.382937
9 90 0.071429
9 91 0.376984
9 92 0.317460
9 93 0.819444
9 94 0.226190
9 95 0.378968
9 96 0.253968
9 97 0.378968
9 98 0.507937
9 99 0.251984
10 11 0.544276
10 12 0.686825
10 13 0.624190
10 14 0.557235
10 15 0.187905
10 16 0.220302
10 17 0.647948
10 18 0.602592
10 19 0.522678
10 20 0.872570
10 21 0.583153
10 22 0.784017
10 23 0.838013
10 24 0.503240
10 25 0.213823
10 26 0.762419
10 27 0.987041
10 28 0.868251
10 29 0.639309
10 30 0.336933
10 31 0.870410
10 32 0.544276
10 33 0.308855
10 34 0.287257
10 35 0.289417
10 36 0.382289
10 37 0.090713
10 38 0.347732
10 39 0.779698
10 40 0.673866
10 41 0.585313
10 42 0.520518
10 43 0.671706
10 44 0.611231
10 45 0.213823
10 46 0.803456
10 47 0.373650
10 48 0.816415
10 49 0.172786
10 50 0.639309
10 51 0.239741
10 52 0.103672
10 53 0.844492
10 54 0.816415
10 55 0.704104
10 56 0.228942
10 57 0.803456
10 58 0.935205
10 59 0.526998
10 60 0.524838
10 61 0.667387
10 62 0.494600
10 63 0.092873
10 64 0.615551
10 65 0.803456
10 66 0.285097
10 67 0.889849
10 68 0.457883
10 69 0.485961
10 70 0.887689
10 71 0.885529
10 72 0.317495
10 73 0.274298
10 74 0.118790
10 75 0.315335
10 76 0.473002
10 77 0.751620
10 78 0.248380
10 79 0.663067
10 80 0.215983
10 81 0.535637
10 82 0.639309
10 83 0.492441
10 84 0.969762
10 85 0.496760
10 86 0.775378
10 87 0.777538
10 88 0.326134
10 89 0.917927
10 90 0.758099
10 91 0.855292
10 92 0.997840
10 93 0.412527
10 94 0.557235
10 95 0.403888
10 96 0.976242
10 97 0.609071
10 98 0.516199
10 99 0.881210
11 12 0.205514
11 13 0.809524
11 14 0.060150
11 15 0.701754
11 16 0.867168
11 17 0.456140
11 18 0.804511
11 19 0.092732
11 20 0.912281
11 21 0.779449
11 22 0.283208
11 23 0.406015
11 24 0.147870
11 25 0.508772
11 26 0.714286
11 27 0.588972
11 28 0.375940
11 29 0.147870
11 30 0.616541
11 31 0.518797
11 32 0.375940
11 33 0.273183
11 34 0.686717
11 35 0.483709
11 36 0.380952
11 37 0.731830
11 38 0.225564
11 39 0.654135
11 40 0.333333
11 41 0.493734
11 42 0.325815
11 43 0.157895
11 44 0.516291
11 45 0.879699
11 46 0.814536
11 47 0.754386
11 48 0.398496
11 49 0.629073
11 50 0.285714
11 51 0.641604
11 52 0.561404
11 53 0.348371
11 54 0.340852
11 55 0.746867
11 56 0.606516
11 57 0.408521
11 58 0.476190
11 59 0.348371
11 60 0.558897
11 61 0.496241
11 62 0.395990
11 63 0.521303
11 64 0.353383
11 65 0.358396
11 66 0.676692
11 67 0.413534
11 68 0.591479
11 69 0.363409
11 70 0.398496
11 71 0.591479
11 72 0.260652
11 73 0.614035
11 74 0.614035
11 75 0.997494
11 76 0.506266
11 77 0.268170
11 78 0.416040
11 79 0.671679
11 80 0.854637
11 81 0.110276
11 82 0.784461
11 83 0.508772
11 84 0.508772
11 85 0.423559
11 86 0.338346
11 87 0.669173
11 88 0.258145
11 89 0.438596
11 90 0.423559
11 91 0.363409
11 92 0.561404
11 93 0.546366
11 94 0.385965
11 95 0.253133
11 96 0.563910
11 97 0.691729
11 98 0.746867
11 99 0.433584
12 13 0.868251
12 14 0.138229
12 15 0.712743
12 16 0.874730
12 17 0.317495
12 18 0.863931
12 19 0.250540
12 20 0.933045
12 21 0.844492
12 22 0.118790
12 23 0.172786
12 24 0.185745
12 25 0.542117
12 26 0.537797
12 27 0.514039
12 28 0.213823
12 29 0.049676
12 30 0.593952
12 31 0.505400
12 32 0.485961
12 33 0.377970
12 34 0.671706
12 35 0.591793
12 36 0.505400
12 37 0.766739
12 38 0.352052
12 39 0.468683
12 40 0.172786
12 41 0.583153
12 42 0.269978
12 43 0.062635
12 44 0.600432
12 45 0.898488
12 46 0.850972
12 47 0.827214
12 48 0.168467
12 49 0.708423
12 50 0.151188
12 51 0.725702
12 52 0.639309
12 53 0.200864
12 54 0.285097
12 55 0.801296
12 56 0.695464
12 57 0.408207
12 58 0.248380
12 59 0.285097
12 60 0.475162
12 61 0.568035
12 62 0.509719
12 63 0.593952
12 64 0.444924
12 65 0.131749
12 66 0.663067
12 67 0.205184
12 68 0.531317
12 69 0.483801
12 70 0.265659
12 71 0.587473
12 72 0.373650
12 73 0.704104
12 74 0.647948
12 75 0.997840
12 76 0.609071
12 77 0.064795
12 78 0.526998
12 79 0.533477
12 80 0.859611
12 81 0.259179
12 82 0.844492
12 83 0.611231
12 84 0.386609
12 85 0.535637
12 86 0.334773
12 87 0.483801
12 88 0.360691
12 89 0.304536
12 90 0.455724
12 91 0.239741
12 92 0.453564
12 93 0.505400
12 94 0.490281
12 95 0.395248
12 96 0.483801
12 97 0.762419
12 98 0.820734
12 99 0.367171
13 14 0.602787
13 15 0.655052
13 16 0.641115
13 17 0.841463
13 18 0.019164
13 19 0.498258
13 20 0.226481
13 21 0.033101
13 22 0.716028
13 23 0.836237
13 24 0.627178
13 25 0.616725
13 26 0.998258
13 27 0.637631
13 28 0.742160
13 29 0.663763
13 30 0.738676
13 31 0.517422
13 32 0.313589
13 33 0.512195
13 34 0.724739
13 35 0.304878
13 36 0.313589
13 37 0.550523
13 38 0.491289
13 39 0.980836
13 40 0.787456
13 41 0.245645
13 42 0.728223
13 43 0.655052
13 44 0.240418
13 45 0.581882
13 46 0.196864
13 47 0.228223
13 48 0.837979
13 49 0.365854
13 50 0.752613
13 51 0.310105
13 52 0.428571
13 53 0.721254
13 54 0.623693
13 55 0.132404
13 56 0.317073
13 57 0.522648
13 58 0.855401
13 59 0.742160
13 60 0.829268
13 61 0.297909
13 62 0.287456
13 63 0.491289
13 64 0.369338
13 65 0.803136
13 66 0.721254
13 67 0.803136
13 68 0.803136
13 69 0.310105
13 70 0.721254
13 71 0.472125
13 72 0.501742
13 73 0.280488
13 74 0.588850
13 75 0.634146
13 76 0.210801
13 77 0.735192
13 78 0.376307
13 79 0.939024
13 80 0.648084
13 81 0.491289
13 82 0.034843
13 83 0.207317
13 84 0.721254
13 85 0.268293
13 86 0.552265
13 87 0.986063
13 88 0.524390
13 89 0.726481
13 90 0.449477
13 91 0.702091
13 92 0.703833
13 93 0.763066
13 94 0.313589
13 95 0.398955
13 96 0.649826
13 97 0.095819
13 98 0.087108
13 99 0.628920
14 15 0.690594
14 16 0.863861
14 17 0.393564
14 18 0.849010
14 19 0.150990
14 20 0.960396
14 21 0.824257
14 22 0.257426
14 23 0.353960
14 24 0.106436
14 25 0.495050
14 26 0.648515
14 27 0.611386
14 28 0.358911
14 29 0.099010
14 30 0.586634
14 31 0.556931
14 32 0.433168
14 33 0.282178
14 34 0.663366
14 35 0.522277
14 36 0.428218
14 37 0.735149
14 38 0.245050
14 39 0.589109
14 40 0.269802
14 41 0.547030
14 42 0.272277
14 43 0.131188
14 44 0.571782
14 45 0.883663
14 46 0.866337
14 47 0.792079
14 48 0.344059
14 49 0.653465
14 50 0.222772
14 51 0.673267
14 52 0.579208
14 53 0.336634
14 54 0.358911
14 55 0.797030
14 56 0.638614
14 57 0.445545
14 58 0.438119
14 59 0.294554
14 60 0.509901
14 61 0.549505
14 62 0.450495
14 63 0.529703
14 64 0.408416
14 65 0.306931
14 66 0.653465
14 67 0.381188
14 68 0.547030
14 69 0.418317
14 70 0.393564
14 71 0.633663
14 72 0.274752
14 73 0.648515
14 74 0.608911
14 75 0.997525
14 76 0.556931
14 77 0.227723
14 78 0.445545
14 79 0.613861
14 80 0.849010
14 81 0.168317
14 82 0.831683
14 83 0.559406
14 84 0.514851
14 85 0.477723
14 86 0.371287
14 87 0.603960
14 88 0.264851
14 89 0.435644
14 90 0.467822
14 91 0.358911
14 92 0.574257
14 93 0.507426
14 94 0.440594
14 95 0.299505
14 96 0.584158
14 97 0.740099
14 98 0.792079
14 99 0.452970
15 16 0.167984
15 17 0.535573
15 18 0.723320
15 19 0.557312
15 20 0.964427
15 21 0.705534
15 22 0.752964
15 23 0.766798
15 24 0.482213
15 25 0.156126
15 26 0.594862
15 27 0.998024
15 28 0.837945
15 29 0.614625
15 30 0.181818
15 31 0.909091
15 32 0.632411
15 33 0.343874
15 34 0.106719
15 35 0.420949
15 36 0.490119
15 37 0.150198
15 38 0.391304
15 39 0.626482
15 40 0.596838
15 41 0.683794
15 42 0.446640
15 43 0.654150
15 44 0.707510
15 45 0.233202
15 46 0.897233
15 47 0.511858
15 48 0.741107
15 49 0.330040
15 50 0.573123
15 51 0.393281
15 52 0.256917
15 53 0.820158
15 54 0.822134
15 55 0.810277
15 56 0.381423
15 57 0.835968
15 58 0.873518
15 59 0.444664
15 60 0.381423
15 61 0.750988
15 62 0.592885
15 63 0.201581
15 64 0.687747
15 65 0.741107
15 66 0.108696
15 67 0.839921
15 68 0.306324
15 69 0.579051
15 70 0.867589
15 71 0.932806
15 72 0.357708
15 73 0.422925
15 74 0.084980
15 75 0.304348
15 76 0.586957
15 77 0.709486
15 78 0.365613
15 79 0.496047
15 80 0.150198
15 81 0.573123
15 82 0.754941
15 83 0.604743
15 84 0.956522
15 85 0.598814
15 86 0.800395
15 87 0.620553
15 88 0.351779
15 89 0.899209
15 90 0.808300
15 91 0.837945
15 92 0.994071
15 93 0.278656
15 94 0.644269
15 95 0.480237
15 96 0.984190
15 97 0.723320
15 98 0.644269
15 99 0.887352
16 17 0.632327
16 18 0.634103
16 19 0.605684
16 20 0.872114
16 21 0.619893
16 22 0.804618
16 23 0.831261
16 24 0.564831
16 25 0.278863
16 26 0.683837
16 27 0.991119
16 28 0.879218
16 29 0.682060
16 30 0.312611
16 31 0.898757
16 32 0.628774
16 33 0.420959
16 34 0.239787
16 35 0.412078
16 36 0.493783
16 37 0.108348
16 38 0.458259
16 39 0.715808
16 40 0.682060
16 41 0.658970
16 42 0.548845
16 43 0.714032
16 44 0.678508
16 45 0.078153
16 46 0.820604
16 47 0.424512
16 48 0.809947
16 49 0.291297
16 50 0.658970
16 51 0.341030
16 52 0.262877
16 53 0.861456
16 54 0.847247
16 55 0.738899
16 56 0.342806
16 57 0.841918
16 58 0.921847
16 59 0.548845
16 60 0.495560
16 61 0.728242
16 62 0.586146
16 63 0.252220
16 64 0.689165
16 65 0.806394
16 66 0.243339
16 67 0.888099
16 68 0.424512
16 69 0.580817
16 70 0.898757
16 71 0.909414
16 72 0.429840
16 73 0.378330
16 74 0.184725
16 75 0.122558
16 76 0.559503
16 77 0.772647
16 78 0.385435
16 79 0.595027
16 80 0.017762
16 81 0.616341
16 82 0.671403
16 83 0.575488
16 84 0.971581
16 85 0.586146
16 86 0.817052
16 87 0.710480
16 88 0.431616
16 89 0.925400
16 90 0.804618
16 91 0.872114
16 92 0.998224
16 93 0.401421
16 94 0.639432
16 95 0.513321
16 96 0.982238
16 97 0.658970
16 98 0.564831
16 99 0.902309
17 18 0.878676
17 19 0.398897
17 20 0.998162
17 21 0.860294
17 22 0.363971
17 23 0.281250
17 24 0.233456
17 25 0.375000
17 26 0.189338
17 27 0.709559
17 28 0.437500
17 29 0.273897
17 30 0.343750
17 31 0.693015
17 32 0.601103
17 33 0.358456
17 34 0.424632
17 35 0.590074
17 36 0.556985
17 37 0.597426
17 38 0.369485
17 39 0.147059
17 40 0.126838
17 41 0.685662
17 42 0.121324
17 43 0.316176
17 44 0.704044
17 45 0.702206
17 46 0.926471
17 47 0.781250
17 48 0.248162
17 49 0.634191
17 50 0.141544
17 51 0.669118
17 52 0.553309
17 53 0.433824
17 54 0.512868
17 55 0.867647
17 56 0.645221
17 57 0.610294
17 58 0.397059
17 59 0.108456
17 60 0.174632
17 61 0.698529
17 62 0.602941
17 63 0.487132
17 64 0.593750
17 65 0.275735
17 66 0.419118
17 67 0.393382
17 68 0.246324
17 69 0.579044
17 70 0.488971
17 71 0.757353
17 72 0.365809
17 73 0.667279
17 74 0.476103
17 75 0.777574
17 76 0.669118
17 77 0.299632
17 78 0.514706
17 79 0.185662
17 80 0.637868
17 81 0.413603
17 82 0.876838
17 83 0.674632
17 84 0.595588
17 85 0.621324
17 86 0.549632
17 87 0.156250
17 88 0.343750
17 89 0.522059
17 90 0.637868
17 91 0.470588
17 92 0.654412
17 93 0.248162
17 94 0.608456
17 95 0.468750
17 96 0.681985
17 97 0.814338
17 98 0.825368
17 99 0.584559
18 19 0.499121
18 20 0.247803
18 21 0.017575
18 22 0.720562
18 23 0.841828
18 24 0.625659
18 25 0.608084
18 26 0.998243
18 27 0.652021
18 28 0.750439
18 29 0.666081
18 30 0.731107
18 31 0.530756
18 32 0.316344
18 33 0.506151
18 34 0.715290
18 35 0.293497
18 36 0.307557
18 37 0.537786
18 38 0.486819
18 39 0.980668
18 40 0.789104
18 41 0.249561
18 42 0.725835
18 43 0.659051
18 44 0.247803
18 45 0.569420
18 46 0.216169
18 47 0.210896
18 48 0.841828
18 49 0.351494
18 50 0.753954
18 51 0.295255
18 52 0.416520
18 53 0.729350
18 54 0.632689
18 55 0.149385
18 56 0.304042
18 57 0.532513
18 58 0.861160
18 59 0.739895
18 60 0.824253
18 61 0.307557
18 62 0.288225
18 63 0.479789
18 64 0.374341
18 65 0.808436
18 66 0.711775
18 67 0.810193
18 68 0.797891
18 69 0.309315
18 70 0.729350
18 71 0.485062
18 72 0.495606
18 73 0.267135
18 74 0.576450
18 75 0.620387
18 76 0.207381
18 77 0.739895
18 78 0.367311
18 79 0.936731
18 80 0.634446
18 81 0.492091
18 82 0.050967
18 83 0.205624
18 84 0.732865
18 85 0.267135
18 86 0.560633
18 87 0.985940
18 88 0.518453
18 89 0.736380
18 90 0.458699
18 91 0.710018
18 92 0.717047
18 93 0.755712
18 94 0.316344
18 95 0.395431
18 96 0.664323
18 97 0.103691
18 98 0.070299
18 99 0.639719
19 20 0.840617
19 21 0.706941
19 22 0.352185
19 23 0.501285
19 24 0.233933
19 25 0.537275
19 26 0.820051
19 27 0.573265
19 28 0.429306
19 29 0.241645
19 30 0.668380
19 31 0.478149
19 32 0.290488
19 33 0.275064
19 34 0.727506
19 35 0.426735
19 36 0.308483
19 37 0.730077
19 38 0.215938
19 39 0.763496
19 40 0.439589
19 41 0.408740
19 42 0.413882
19 43 0.239075
19 44 0.434447
19 45 0.876607
19 46 0.740360
19 47 0.699229
19 48 0.501285
19 49 0.591260
19 50 0.388175
19 51 0.593830
19 52 0.534704
19 53 0.401028
19 54 0.347044
19 55 0.670951
19 56 0.560411
19 57 0.370180
19 58 0.557841
19 59 0.437018
19 60 0.642674
19 61 0.416452
19 62 0.311054
19 63 0.514139
19 64 0.272494
19 65 0.452442
19 66 0.719794
19 67 0.488432
19 68 0.663239
19 69 0.277635
19 70 0.439589
19 71 0.539846
19 72 0.259640
19 73 0.560411
19 74 0.624679
19 75 0.997429
19 76 0.426735
19 77 0.357326
19 78 0.370180
19 79 0.771208
19 80 0.866324
19 81 0.023136
19 82 0.709512
19 83 0.429306
19 84 0.529563
19 85 0.339332
19 86 0.313625
19 87 0.778920
19 88 0.267352
19 89 0.473008
19 90 0.365039
19 91 0.401028
19 92 0.568123
19 93 0.611825
19 94 0.298201
19 95 0.182519
19 96 0.555270
19 97 0.611825
19 98 0.676093
19 99 0.429306
20 21 0.228972
20 22 0.658879
20 23 0.781931
20 24 0.646417
20 25 0.704050
20 26 0.998442
20 27 0.495327
20 28 0.661994
20 29 0.646417
20 30 0.813084
20 31 0.397196
20 32 0.334891
20 33 0.579439
20 34 0.811526
20 35 0.428349
20 36 0.400312
20 37 0.679128
20 38 0.552960
20 39 0.970405
20 40 0.775701
20 41 0.263240
20 42 0.750779
20 43 0.627726
20 44 0.247664
20 45 0.718069
20 46 0.059190
20 47 0.404984
20 48 0.789720
20 49 0.510903
20 50 0.744548
20 51 0.465732
20 52 0.556075
20 53 0.644860
20 54 0.542056
20 55 0.121495
20 56 0.467290
20 57 0.431464
20 58 0.771028
20 59 0.763240
20 60 0.866044
20 61 0.261682
20 62 0.338006
20 63 0.604361
20 64 0.350467
20 65 0.753894
20 66 0.808411
20 67 0.725857
20 68 0.855140
20 69 0.356698
20 70 0.629283
20 71 0.336449
20 72 0.568536
20 73 0.434579
20 74 0.696262
20 75 0.766355
20 76 0.303738
20 77 0.691589
20 78 0.484424
20 79 0.957944
20 80 0.769470
20 81 0.496885
20 82 0.179128
20 83 0.292835
20 84 0.601246
20 85 0.323988
20 86 0.476636
20 87 0.978193
20 88 0.587227
20 89 0.626168
20 90 0.370717
20 91 0.618380
20 92 0.570093
20 93 0.819315
20 94 0.328660
20 95 0.456386
20 96 0.514019
20 97 0.190031
20 98 0.275701
20 99 0.524922
21 22 0.720430
21 23 0.842294
21 24 0.620072
21 25 0.600358
21 26 0.998208
21 27 0.655914
21 28 0.750896
21 29 0.661290
21 30 0.727599
21 31 0.532258
21 32 0.308244
21 33 0.496416
21 34 0.711470
21 35 0.281362
21 36 0.295699
21 37 0.532258
21 38 0.478495
21 39 0.980287
21 40 0.786738
21 41 0.241935
21 42 0.720430
21 43 0.655914
21 44 0.240143
21 45 0.566308
21 46 0.227599
21 47 0.202509
21 48 0.842294
21 49 0.340502
21 50 0.750896
21 51 0.284946
21 52 0.406810
21 53 0.729391
21 54 0.630824
21 55 0.152330
21 56 0.292115
21 57 0.532258
21 58 0.863799
21 59 0.734767
21 60 0.822581
21 61 0.302867
21 62 0.277778
21 63 0.471326
21 64 0.367384
21 65 0.806452
21 66 0.707885
21 67 0.810036
21 68 0.793907
21 69 0.299283
21 70 0.729391
21 71 0.489247
21 72 0.487455
21 73 0.254480
21 74 0.569892
21 75 0.620072
21 76 0.193548
21 77 0.738351
21 78 0.354839
21 79 0.935484
21 80 0.632616
21 81 0.483871
21 82 0.057348
21 83 0.193548
21 84 0.734767
21 85 0.256272
21 86 0.559140
21 87 0.985663
21 88 0.508961
21 89 0.738351
21 90 0.458781
21 91 0.709677
21 92 0.720430
21 93 0.752688
21 94 0.308244
21 95 0.385305
21 96 0.668459
21 97 0.098566
21 98 0.055556
21 99 0.639785
22 23 0.161100
22 24 0.269155
22 25 0.593320
22 26 0.579568
22 27 0.379175
22 28 0.086444
22 29 0.137525
22 30 0.648330
22 31 0.394892
22 32 0.451866
22 33 0.430255
22 34 0.717092
22 35 0.595285
22 36 0.502947
22 37 0.789784
22 38 0.398821
22 39 0.510806
22 40 0.253438
22 41 0.534381
22 42 0.355599
22 43 0.100196
22 44 0.546169
22 45 0.907662
22 46 0.760314
22 47 0.803536
22 48 0.180747
22 49 0.715128
22 50 0.239686
22 51 0.722986
22 52 0.660118
22 53 0.074656
22 54 0.178782
22 55 0.726916
22 56 0.695481
22 57 0.312377
22 58 0.159136
22 59 0.367387
22 60 0.540275
22 61 0.504912
22 62 0.485265
22 63 0.626719
22 64 0.398821
22 65 0.129666
22 66 0.709234
22 67 0.104126
22 68 0.591356
22 69 0.463654
22 70 0.133595
22 71 0.475442
22 72 0.422397
22 73 0.697446
22 74 0.687623
22 75 0.998035
22 76 0.581532
22 77 0.068762
22 78 0.546169
22 79 0.587426
22 80 0.878193
22 81 0.269155
22 82 0.779961
22 83 0.577603
22 84 0.247544
22 85 0.506876
22 86 0.245580
22 87 0.526523
22 88 0.416503
22 89 0.168959
22 90 0.373281
22 91 0.113949
22 92 0.310413
22 93 0.569745
22 94 0.453831
22 95 0.408644
22 96 0.347741
22 97 0.703340
22 98 0.776031
22 99 0.247544
23 24 0.292453
23 25 0.584906
23 26 0.445283
23 27 0.505660
23 28 0.196226
23 29 0.194340
23 30 0.605660
23 31 0.532075
23 32 0.567925
23 33 0.469811
23 34 0.681132
23 35 0.667925
23 36 0.592453
23 37 0.798113
23 38 0.450943
23 39 0.371698
23 40 0.171698
23 41 0.652830
23 42 0.311321
23 43 0.196226
23 44 0.666038
23 45 0.911321
23 46 0.877358
23 47 0.873585
23 48 0.032075
23 49 0.764151
23 50 0.186792
23 51 0.781132
23 52 0.700000
23 53 0.201887
23 54 0.322642
23 55 0.841509
23 56 0.754717
23 57 0.454717
23 58 0.118868
23 59 0.316981
23 60 0.460377
23 61 0.630189
23 62 0.594340
23 63 0.652830
23 64 0.526415
23 65 0.035849
23 66 0.673585
23 67 0.126415
23 68 0.524528
23 69 0.569811
23 70 0.252830
23 71 0.611321
23 72 0.467925
23 73 0.764151
23 74 0.686792
23 75 0.998113
23 76 0.683019
23 77 0.109434
23 78 0.609434
23 79 0.473585
23 80 0.869811
23 81 0.375472
23 82 0.883019
23 83 0.681132
23 84 0.360377
23 85 0.615094
23 86 0.390566
23 87 0.388679
23 88 0.452830
23 89 0.283019
23 90 0.513208
23 91 0.245283
23 92 0.426415
23 93 0.515094
23 94 0.571698
23 95 0.496226
23 96 0.473585
23 97 0.811321
23 98 0.866038
23 99 0.384906
24 25 0.435013
24 26 0.604775
24 27 0.771883
24 28 0.480106
24 29 0.177719
24 30 0.517241
24 31 0.705570
24 32 0.527851
24 33 0.249337
24 34 0.604775
24 35 0.554377
24 36 0.480106
24 37 0.713528
24 38 0.233422
24 39 0.551724
24 40 0.249337
24 41 0.649867
24 42 0.188329
24 43 0.233422
24 44 0.676393
24 45 0.875332
24 46 0.997347
24 47 0.840849
24 48 0.387268
24 49 0.668435
24 50 0.196286
24 51 0.700265
24 52 0.570292
24 53 0.456233
24 54 0.496021
24 55 0.915119
24 56 0.663130
24 57 0.588859
24 58 0.533156
24 59 0.212202
24 60 0.435013
24 61 0.668435
24 62 0.533156
24 63 0.503979
24 64 0.522546
24 65 0.368700
24 66 0.596817
24 67 0.482759
24 68 0.472149
24 69 0.498674
24 70 0.525199
24 71 0.785146
24 72 0.246684
24 73 0.681698
24 74 0.564987
24 75 0.997347
24 76 0.633952
24 77 0.307692
24 78 0.458886
24 79 0.554377
24 80 0.824934
24 81 0.262599
24 82 0.933687
24 83 0.641910
24 84 0.660477
24 85 0.559682
24 86 0.511936
24 87 0.564987
24 88 0.225464
24 89 0.572944
24 90 0.607427
24 91 0.488064
24 92 0.726790
24 93 0.429708
24 94 0.538462
24 95 0.344828
24 96 0.740053
24 97 0.840849
24 98 0.872679
24 99 0.599469
25 26 0.585253
25 27 0.997696
25 28 0.794931
25 29 0.534562
25 30 0.161290
25 31 0.900922
25 32 0.605991
25 33 0.235023
25 34 0.175115
25 35 0.414747
25 36 0.456221
25 37 0.278802
25 38 0.292627
25 39 0.603687
25 40 0.520737
25 41 0.682028
25 42 0.347926
25 43 0.580645
25 44 0.711982
25 45 0.412442
25 46 0.958525
25 47 0.589862
25 48 0.686636
25 49 0.377880
25 50 0.490783
25 51 0.440092
25 52 0.269585
25 53 0.774194
25 54 0.781106
25 55 0.861751
25 56 0.417051
25 57 0.811060
25 58 0.836406
25 59 0.350230
25 60 0.329493
25 61 0.748848
25 62 0.569124
25 63 0.177419
25 64 0.658986
25 65 0.684332
25 66 0.168203
25 67 0.797235
25 68 0.264977
25 69 0.548387
25 70 0.829493
25 71 0.940092
25 72 0.253456
25 73 0.460829
25 74 0.126728
25 75 0.509217
25 76 0.592166
25 77 0.645161
25 78 0.324885
25 79 0.479263
25 80 0.345622
25 81 0.500000
25 82 0.820276
25 83 0.608295
25 84 0.937788
25 85 0.580645
25 86 0.764977
25 87 0.601382
25 88 0.241935
25 89 0.868664
25 90 0.788018
25 91 0.797235
25 92 0.983871
25 93 0.214286
25 94 0.619816
25 95 0.417051
25 96 0.976959
25 97 0.767281
25 98 0.709677
25 99 0.861751
26 27 0.807629
26 28 0.552239
26 29 0.417910
26 30 0.346600
26 31 0.797678
26 32 0.706468
26 33 0.462687
26 34 0.414594
26 35 0.669983
26 36 0.653400
26 37 0.611940
26 38 0.482587
26 39 0.067993
26 40 0.278607
26 41 0.781095
26 42 0.263682
26 43 0.456053
26 44 0.799337
26 45 0.694859
26 46 0.998342
26 47 0.829187
26 48 0.363184
26 49 0.684909
26 50 0.298507
26 51 0.724710
26 52 0.608624
26 53 0.550580
26 54 0.631841
26 55 0.943615
26 56 0.703151
26 57 0.723051
26 58 0.492537
26 59 0.248756
26 60 0.182421
26 61 0.797678
26 62 0.704809
26 63 0.542289
26 64 0.704809
26 65 0.398010
26 66 0.411277
26 67 0.502488
26 68 0.242123
26 69 0.683250
26 70 0.600332
26 71 0.855721
26 72 0.472637
26 73 0.729685
26 74 0.504146
26 75 0.752902
26 76 0.757877
26 77 0.431177
26 78 0.600332
26 79 0.082919
26 80 0.621891
26 81 0.542289
26 82 0.943615
26 83 0.764511
26 84 0.696517
26 85 0.719735
26 86 0.666667
26 87 0.053068
26 88 0.451078
26 89 0.628524
26 90 0.747927
26 91 0.585406
26 92 0.752902
26 93 0.268657
26 94 0.714760
26 95 0.580431
26 96 0.782753
26 97 0.890547
26 98 0.887231
26 99 0.694859
27 28 0.274247
27 29 0.399666
27 30 0.804348
27 31 0.115385
27 32 0.372910
27 33 0.553512
27 34 0.847826
27 35 0.578595
27 36 0.488294
27 37 0.834448
27 38 0.513378
27 39 0.757525
27 40 0.533445
27 41 0.396321
27 42 0.593645
27 43 0.359532
27 44 0.391304
27 45 0.923077
27 46 0.486622
27 47 0.710702
27 48 0.469900
27 49 0.707358
27 50 0.515050
27 51 0.688963
27 52 0.695652
27 53 0.267559
27 54 0.177258
27 55 0.500000
27 56 0.670569
27 57 0.142140
27 58 0.382943
27 59 0.607023
27 60 0.755853
27 61 0.329431
27 62 0.416388
27 63 0.697324
27 64 0.304348
27 65 0.428094
27 66 0.841137
27 67 0.344482
27 68 0.784281
27 69 0.411371
27 70 0.224080
27 71 0.170569
27 72 0.541806
27 73 0.655518
27 74 0.777592
27 75 0.998328
27 76 0.486622
27 77 0.381271
27 78 0.576923
27 79 0.811037
27 80 0.928094
27 81 0.361204
27 82 0.580268
27 83 0.474916
27 84 0.142140
27 85 0.428094
27 86 0.168896
27 87 0.770903
27 88 0.548495
27 89 0.200669
27 90 0.193980
27 91 0.229097
27 92 0.088629
27 93 0.755853
27 94 0.366221
27 95 0.449833
27 96 0.028428
27 97 0.520067
27 98 0.627090
27 99 0.113712
28 29 0.207650
28 30 0.681239
28 31 0.338798
28 32 0.449909
28 33 0.471767
28 34 0.744991
28 35 0.606557
28 36 0.515483
28 37 0.805100
28 38 0.438980
28 39 0.539162
28 40 0.307832
28 41 0.519126
28 42 0.409836
28 43 0.167577
28 44 0.526412
28 45 0.912568
28 46 0.710383
28 47 0.794171
28 48 0.214936
28 49 0.724954
28 50 0.300546
28 51 0.726776
28 52 0.679417
28 53 0.021858
28 54 0.140255
28 55 0.690346
28 56 0.703097
28 57 0.273224
28 58 0.129326
28 59 0.420765
28 60 0.581056
28 61 0.479053
28 62 0.486339
28 63 0.652095
28 64 0.389800
28 65 0.171220
28 66 0.737705
28 67 0.078324
28 68 0.628415
28 69 0.468124
28 70 0.054645
28 71 0.417122
28 72 0.462659
28 73 0.701275
28 74 0.712204
28 75 0.998179
28 76 0.575592
28 77 0.138434
28 78 0.568306
28 79 0.617486
28 80 0.890710
28 81 0.302368
28 82 0.748634
28 83 0.570128
28 84 0.158470
28 85 0.504554
28 86 0.216758
28 87 0.553734
28 88 0.459016
28 89 0.083789
28 90 0.340619
28 91 0.052823
28 92 0.222222
28 93 0.608379
28 94 0.449909
28 95 0.433515
28 96 0.267760
28 97 0.677596
28 98 0.755920
28 99 0.185792
29 30 0.588235
29 31 0.515837
29 32 0.463801
29 33 0.346154
29 34 0.667421
29 35 0.567873
29 36 0.477376
29 37 0.755656
29 38 0.316742
29 39 0.504525
29 40 0.196833
29 41 0.567873
29 42 0.262443
29 43 0.056561
29 44 0.588235
29 45 0.891403
29 46 0.852941
29 47 0.814480
29 48 0.226244
29 49 0.690045
29 50 0.162896
29 51 0.705882
29 52 0.617647
29 53 0.239819
29 54 0.300905
29 55 0.798643
29 56 0.674208
29 57 0.414027
29 58 0.309955
29 59 0.280543
29 60 0.481900
29 61 0.558824
29 62 0.488688
29 63 0.572398
29 64 0.429864
29 65 0.190045
29 66 0.658371
29 67 0.262443
29 68 0.531674
29 69 0.459276
29 70 0.300905
29 71 0.597285
29 72 0.339367
29 73 0.683258
29 74 0.633484
29 75 0.997738
29 76 0.590498
29 77 0.117647
29 78 0.500000
29 79 0.556561
29 80 0.855204
29 81 0.223982
29 82 0.837104
29 83 0.590498
29 84 0.423077
29 85 0.513575
29 86 0.337104
29 87 0.520362
29 88 0.328054
29 89 0.341629
29 90 0.454751
29 91 0.271493
29 92 0.486425
29 93 0.502262
29 94 0.470588
29 95 0.361991
29 96 0.511312
29 97 0.751131
29 98 0.809955
29 99 0.389140
30 31 0.915811
30 32 0.673511
30 33 0.330595
30 34 0.090349
30 35 0.513347
30 36 0.548255
30 37 0.332649
30 38 0.379877
30 39 0.464066
30 40 0.472279
30 41 0.747433
30 42 0.318275
30 43 0.583162
30 44 0.772074
30 45 0.431211
30 46 0.997947
30 47 0.663244
30 48 0.628337
30 49 0.470226
30 50 0.455852
30 51 0.529774
30 52 0.377823
30 53 0.753593
30 54 0.784394
30 55 0.911704
30 56 0.511294
30 57 0.831622
30 58 0.778234
30 59 0.312115
30 60 0.209446
30 61 0.800821
30 62 0.644764
30 63 0.297741
30 64 0.712526
30 65 0.638604
30 66 0.084189
30 67 0.753593
30 68 0.129363
30 69 0.626283
30 70 0.809035
30 71 0.958932
30 72 0.347023
30 73 0.550308
30 74 0.207392
30 75 0.503080
30 76 0.669405
30 77 0.622177
30 78 0.435318
30 79 0.326489
30 80 0.340862
30 81 0.552361
30 82 0.874743
30 83 0.685832
30 84 0.913758
30 85 0.657084
30 86 0.780287
30 87 0.457906
30 88 0.330595
30 89 0.843943
30 90 0.821355
30 91 0.780287
30 92 0.963039
30 93 0.106776
30 94 0.685832
30 95 0.501027
30 96 0.967146
30 97 0.827515
30 98 0.776181
30 99 0.860370
31 32 0.293900
31 33 0.532348
31 34 0.863216
31 35 0.528651
31 36 0.428835
31 37 0.822551
31 38 0.487985
31 39 0.833641
31 40 0.580407
31 41 0.312384
31 42 0.619224
31 43 0.380776
31 44 0.304991
31 45 0.916821
31 46 0.419593
31 47 0.663586
31 48 0.541590
31 49 0.670980
31 50 0.554529
31 51 0.645102
31 52 0.665434
31 53 0.329020
31 54 0.205176
31 55 0.426987
31 56 0.628466
31 57 0.083179
31 58 0.475046
31 59 0.635860
31 60 0.794824
31 61 0.236599
31 62 0.343808
31 63 0.676525
31 64 0.221811
31 65 0.493530
31 66 0.857671
31 67 0.425139
31 68 0.817006
31 69 0.341959
31 70 0.295749
31 71 0.079482
31 72 0.519409
31 73 0.608133
31 74 0.772643
31 75 0.998152
31 76 0.414048
31 77 0.428835
31 78 0.534196
31 79 0.872458
31 80 0.931608
31 81 0.327172
31 82 0.513863
31 83 0.401109
31 84 0.242144
31 85 0.353050
31 86 0.146026
31 87 0.846580
31 88 0.530499
31 89 0.282810
31 90 0.097967
31 91 0.290203
31 92 0.205176
31 93 0.783734
31 94 0.286506
31 95 0.402957
31 96 0.142329
31 97 0.447320
31 98 0.565619
31 99 0.158965
32 33 0.406780
32 34 0.818402
32 35 0.307506
32 36 0.181598
32 37 0.709443
32 38 0.353511
32 39 0.987893
32 40 0.687651
32 41 0.111380
32 42 0.646489
32 43 0.476998
32 44 0.135593
32 45 0.823245
32 46 0.426150
32 47 0.493947
32 48 0.733656
32 49 0.493947
32 50 0.639225
32 51 0.460048
32 52 0.498789
32 53 0.569007
32 54 0.445521
32 55 0.355932
32 56 0.435835
32 57 0.338983
32 58 0.750605
32 59 0.665860
32 60 0.835351
32 61 0.147700
32 62 0.062954
32 63 0.530266
32 64 0.096852
32 65 0.682809
32 66 0.813559
32 67 0.677966
32 68 0.832930
32 69 0.065375
32 70 0.573850
32 71 0.382567
32 72 0.387409
32 73 0.409201
32 74 0.670702
32 75 0.927361
32 76 0.174334
32 77 0.588378
32 78 0.331719
32 79 0.970944
32 80 0.854722
32 81 0.256659
32 82 0.404358
32 83 0.162228
32 84 0.598063
32 85 0.082324
32 86 0.353511
32 87 0.997579
32 88 0.414044
32 89 0.588378
32 90 0.259080
32 91 0.544794
32 92 0.595642
32 93 0.777240
32 94 0.014528
32 95 0.203390
32 96 0.542373
32 97 0.309927
32 98 0.406780
32 99 0.472155
33 34 0.531343
33 35 0.376119
33 36 0.349254
33 37 0.546269
33 38 0.071642
33 39 0.808955
33 40 0.549254
33 41 0.617910
33 42 0.385075
33 43 0.501493
33 44 0.653731
33 45 0.722388
33 46 0.997015
33 47 0.686567
33 48 0.719403
33 49 0.471642
33 50 0.492537
33 51 0.513433
33 52 0.361194
33 53 0.740299
33 54 0.719403
33 55 0.883582
33 56 0.471642
33 57 0.746269
33 58 0.868657
33 59 0.402985
33 60 0.549254
33 61 0.683582
33 62 0.468657
33 63 0.298507
33 64 0.552239
33 65 0.692537
33 66 0.522388
33 67 0.802985
33 68 0.528358
33 69 0.435821
33 70 0.802985
33 71 0.913433
33 72 0.023881
33 73 0.504478
33 74 0.405970
33 75 0.862687
33 76 0.537313
33 77 0.611940
33 78 0.253731
33 79 0.734328
33 80 0.692537
33 81 0.343284
33 82 0.865672
33 83 0.552239
33 84 0.928358
33 85 0.492537
33 86 0.686567
33 87 0.817910
33 88 0.026866
33 89 0.847761
33 90 0.716418
33 91 0.758209
33 92 0.979104
33 93 0.459701
33 94 0.519403
33 95 0.247761
33 96 0.964179
33 97 0.776119
33 98 0.761194
33 99 0.820896
34 35 0.492986
34 36 0.543086
34 37 0.260521
34 38 0.404810
34 39 0.539078
34 40 0.543086
34 41 0.741483
34 42 0.392786
34 43 0.635271
34 44 0.765531
34 45 0.342685
34 46 0.973948
34 47 0.613226
34 48 0.695391
34 49 0.424850
34 50 0.525050
34 51 0.486974
34 52 0.340681
34 53 0.803607
34 54 0.821643
34 55 0.887776
34 56 0.470942
34 57 0.855711
34 58 0.837675
34 59 0.386774
34 60 0.292585
34 61 0.801603
34 62 0.645291
34 63 0.268537
34 64 0.725451
34 65 0.701403
34 66 0.006012
34 67 0.811623
34 68 0.210421
34 69 0.627255
34 70 0.855711
34 71 0.969940
34 72 0.372745
34 73 0.513026
34 74 0.158317
34 75 0.408818
34 76 0.655311
34 77 0.681363
34 78 0.422846
34 79 0.400802
34 80 0.250501
34 81 0.583166
34 82 0.841683
34 83 0.671343
34 84 0.953908
34 85 0.653307
34 86 0.811623
34 87 0.533066
34 88 0.360721
34 89 0.889780
34 90 0.837675
34 91 0.827655
34 92 0.997996
34 93 0.192385
34 94 0.689379
34 95 0.515030
34 96 0.997996
34 97 0.801603
34 98 0.737475
34 99 0.895792
35 36 0.137157
35 37 0.426434
35 38 0.304239
35 39 0.992519
35 40 0.755611
35 41 0.344140
35 42 0.635910
35 43 0.638404
35 44 0.374065
35 45 0.531172
35 46 0.600998
35 47 0.271820
35 48 0.872818
35 49 0.192020
35 50 0.705736
35 51 0.167082
35 52 0.214464
35 53 0.800499
35 54 0.718204
35 55 0.491272
35 56 0.137157
35 57 0.653367
35 58 0.955112
35 59 0.650873
35 60 0.755611
35 61 0.443890
35 62 0.251870
35 63 0.279302
35 64 0.411471
35 65 0.835411
35 66 0.608479
35 67 0.887781
35 68 0.713217
35 69 0.251870
35 70 0.830424
35 71 0.710723
35 72 0.304239
35 73 0.129676
35 74 0.426434
35 75 0.638404
35 76 0.211970
35 77 0.750623
35 78 0.104738
35 79 0.915212
35 80 0.578554
35 81 0.416459
35 82 0.438903
35 83 0.234414
35 84 0.890274
35 85 0.246883
35 86 0.645885
35 87 0.997506
35 88 0.334165
35 89 0.857855
35 90 0.581047
35 91 0.795511
35 92 0.905237
35 93 0.655860
35 94 0.329177
35 95 0.236908
35 96 0.860349
35 97 0.384040
35 98 0.329177
35 99 0.770574
36 37 0.560724
36 38 0.263566
36 39 0.987080
36 40 0.708010
36 41 0.253230
36 42 0.612403
36 43 0.550388
36 44 0.286822
36 45 0.682171
36 46 0.565891
36 47 0.395349
36 48 0.806202
36 49 0.338501
36 50 0.656331
36 51 0.315245
36 52 0.335917
36 53 0.700258
36 54 0.604651
36 55 0.462532
36 56 0.284238
36 57 0.534884
36 58 0.870801
36 59 0.633075
36 60 0.777778
36 61 0.341085
36 62 0.134367
36 63 0.377261
36 64 0.286822
36 65 0.762274
36 66 0.695090
36 67 0.798450
36 68 0.754522
36 69 0.124031
36 70 0.726098
36 71 0.604651
36 72 0.284238
36 73 0.268734
36 74 0.529716
36 75 0.795866
36 76 0.162791
36 77 0.669251
36 78 0.162791
36 79 0.935401
36 80 0.718346
36 81 0.307494
36 82 0.452196
36 83 0.175711
36 84 0.782946
36 85 0.142119
36 86 0.527132
36 87 0.997416
36 88 0.317829
36 89 0.751938
36 90 0.462532
36 91 0.689922
36 92 0.795866
36 93 0.695090
36 94 0.209302
36 95 0.131783
36 96 0.749354
36 97 0.369509
36 98 0.382429
36 99 0.658915
37 38 0.400000
37 39 0.754455
37 40 0.681188
37 41 0.613861
37 42 0.536634
37 43 0.693069
37 44 0.635644
37 45 0.118812
37 46 0.801980
37 47 0.380198
37 48 0.815842
37 49 0.211881
37 50 0.649505
37 51 0.271287
37 52 0.172277
37 53 0.853465
37 54 0.831683
37 55 0.710891
37 56 0.269307
37 57 0.819802
37 58 0.932673
37 59 0.538614
37 60 0.512871
37 61 0.691089
37 62 0.532673
37 63 0.166337
37 64 0.647525
37 65 0.807921
37 66 0.257426
37 67 0.891089
37 68 0.441584
37 69 0.526733
37 70 0.893069
37 71 0.893069
37 72 0.370297
37 73 0.310891
37 74 0.130693
37 75 0.209901
37 76 0.506931
37 77 0.764356
37 78 0.308911
37 79 0.633663
37 80 0.118812
37 81 0.574257
37 82 0.643564
37 83 0.524752
37 84 0.970297
37 85 0.532673
37 86 0.794059
37 87 0.750495
37 88 0.376238
37 89 0.922772
37 90 0.778218
37 91 0.865347
37 92 0.998020
37 93 0.407921
37 94 0.592079
37 95 0.453465
37 96 0.978218
37 97 0.621782
37 98 0.526733
37 99 0.891089
38 39 0.883281
38 40 0.570978
38 41 0.589905
38 42 0.425868
38 43 0.479495
38 44 0.627760
38 45 0.820189
38 46 0.996845
38 47 0.725552
38 48 0.731861
38 49 0.520505
38 50 0.511041
38 51 0.555205
38 52 0.422713
38 53 0.725552
38 54 0.690852
38 55 0.880126
38 56 0.511041
38 57 0.709779
38 58 0.873817
38 59 0.451104
38 60 0.634069
38 61 0.656151
38 62 0.435331
38 63 0.372240
38 64 0.511041
38 65 0.697161
38 66 0.627760
38 67 0.801262
38 68 0.621451
38 69 0.397476
38 70 0.785489
38 71 0.889590
38 72 0.050473
38 73 0.533123
38 74 0.501577
38 75 0.968454
38 76 0.520505
38 77 0.605678
38 78 0.268139
38 79 0.820189
38 80 0.798107
38 81 0.287066
38 82 0.873817
38 83 0.536278
38 84 0.911672
38 85 0.460568
38 86 0.649842
38 87 0.892744
38 88 0.075710
38 89 0.832808
38 90 0.681388
38 91 0.738170
38 92 0.965300
38 93 0.548896
38 94 0.479495
38 95 0.195584
38 96 0.946372
38 97 0.776025
38 98 0.779180
38 99 0.794953
39 40 0.232479
39 41 0.776068
39 42 0.246154
39 43 0.417094
39 44 0.793162
39 45 0.741880
39 46 0.998291
39 47 0.851282
39 48 0.307692
39 49 0.707692
39 50 0.258120
39 51 0.745299
39 52 0.630769
39 53 0.505983
39 54 0.594872
39 55 0.945299
39 56 0.723077
39 57 0.694017
39 58 0.439316
39 59 0.234188
39 60 0.211966
39 61 0.786325
39 62 0.699145
39 63 0.565812
39 64 0.688889
39 65 0.345299
39 66 0.456410
39 67 0.451282
39 68 0.280342
39 69 0.676923
39 70 0.555556
39 71 0.832479
39 72 0.471795
39 73 0.747009
39 74 0.538462
39 75 0.805128
39 76 0.758974
39 77 0.384615
39 78 0.608547
39 79 0.135043
39 80 0.671795
39 81 0.521368
39 82 0.952137
39 83 0.765812
39 84 0.654701
39 85 0.716239
39 86 0.634188
39 87 0.015385
39 88 0.451282
39 89 0.584615
39 90 0.724786
39 91 0.541880
39 92 0.714530
39 93 0.300855
39 94 0.704274
39 95 0.572650
39 96 0.747009
39 97 0.894017
39 98 0.900855
39 99 0.658120
40 41 0.717391
40 42 0.165217
40 43 0.234783
40 44 0.739130
40 45 0.876087
40 46 0.997826
40 47 0.893478
40 48 0.163043
40 49 0.743478
40 50 0.043478
40 51 0.773913
40 52 0.656522
40 53 0.363043
40 54 0.460870
40 55 0.939130
40 56 0.743478
40 57 0.584783
40 58 0.332609
40 59 0.167391
40 60 0.334783
40 61 0.719565
40 62 0.630435
40 63 0.591304
40 64 0.593478
40 65 0.184783
40 66 0.582609
40 67 0.319565
40 68 0.406522
40 69 0.602174
40 70 0.428261
40 71 0.763043
40 72 0.402174
40 73 0.763043
40 74 0.610870
40 75 0.973913
40 76 0.719565
40 77 0.204348
40 78 0.578261
40 79 0.369565
40 80 0.817391
40 81 0.386957
40 82 0.965217
40 83 0.723913
40 84 0.554348
40 85 0.654348
40 86 0.510870
40 87 0.310870
40 88 0.380435
40 89 0.467391
40 90 0.626087
40 91 0.406522
40 92 0.623913
40 93 0.395652
40 94 0.623913
40 95 0.484783
40 96 0.660870
40 97 0.884783
40 98 0.919565
40 99 0.545652
41 42 0.679739
41 43 0.529412
41 44 0.026144
41 45 0.764706
41 46 0.285403
41 47 0.413943
41 48 0.758170
41 49 0.461874
41 50 0.677560
41 51 0.416122
41 52 0.488017
41 53 0.594771
41 54 0.472767
41 55 0.220044
41 56 0.403050
41 57 0.352941
41 58 0.764706
41 59 0.697168
41 60 0.845316
41 61 0.093682
41 62 0.106754
41 63 0.531590
41 64 0.154684
41 65 0.712418
41 66 0.799564
41 67 0.699346
41 68 0.836601
41 69 0.130719
41 70 0.594771
41 71 0.337691
41 72 0.433551
41 73 0.368192
41 74 0.660131
41 75 0.854031
41 76 0.128540
41 77 0.625272
41 78 0.350763
41 79 0.969499
41 80 0.808279
41 81 0.333333
41 82 0.272331
41 83 0.108932
41 84 0.599129
41 85 0.093682
41 86 0.383442
41 87 0.997821
41 88 0.459695
41 89 0.603486
41 90 0.267974
41 91 0.570806
41 92 0.586057
41 93 0.786492
41 94 0.093682
41 95 0.272331
41 96 0.525054
41 97 0.187364
41 98 0.300654
41 99 0.483660
42 43 0.319820
42 44 0.727477
42 45 0.743243
42 46 0.997748
42 47 0.808559
42 48 0.337838
42 49 0.630631
42 50 0.148649
42 51 0.673423
42 52 0.536036
42 53 0.493243
42 54 0.560811
42 55 0.923423
42 56 0.641892
42 57 0.655405
42 58 0.504505
42 59 0.018018
42 60 0.218468
42 61 0.725225
42 62 0.596847
42 63 0.459459
42 64 0.601351
42 65 0.349099
42 66 0.432432
42 67 0.479730
42 68 0.270270
42 69 0.569820
42 70 0.558559
42 71 0.824324
42 72 0.299550
42 73 0.668919
42 74 0.466216
42 75 0.840090
42 76 0.673423
42 77 0.337838
42 78 0.481982
42 79 0.310811
42 80 0.675676
42 81 0.382883
42 82 0.927928
42 83 0.682432
42 84 0.682432
42 85 0.619369
42 86 0.585586
42 87 0.333333
42 88 0.270270
42 89 0.599099
42 90 0.673423
42 91 0.531532
42 92 0.747748
42 93 0.247748
42 94 0.610360
42 95 0.430180
42 96 0.770270
42 97 0.853604
42 98 0.862613
42 99 0.648649
43 44 0.545852
43 45 0.895197
43 46 0.796943
43 47 0.794760
43 48 0.229258
43 49 0.687773
43 50 0.205240
43 51 0.698690
43 52 0.624454
43 53 0.183406
43 54 0.235808
43 55 0.748908
43 56 0.668122
43 57 0.351528
43 58 0.275109
43 59 0.325328
43 60 0.519651
43 61 0.510917
43 62 0.460699
43 63 0.585153
43 64 0.386463
43 65 0.183406
43 66 0.683406
43 67 0.222707
43 68 0.567686
43 69 0.432314
43 70 0.240175
43 71 0.530568
43 72 0.358079
43 73 0.672489
43 74 0.652838
43 75 0.997817
43 76 0.563319
43 77 0.100437
43 78 0.500000
43 79 0.589520
43 80 0.864629
43 81 0.207424
43 82 0.794760
43 83 0.561135
43 84 0.353712
43 85 0.484716
43 86 0.277293
43 87 0.550218
43 88 0.349345
43 89 0.277293
43 90 0.397380
43 91 0.209607
43 92 0.414847
43 93 0.539301
43 94 0.436681
43 95 0.353712
43 96 0.438865
43 97 0.711790
43 98 0.777293
43 99 0.320961
44 45 0.768085
44 46 0.255319
44 47 0.419149
44 48 0.757447
44 49 0.472340
44 50 0.682979
44 51 0.427660
44 52 0.500000
44 53 0.591489
44 54 0.468085
44 55 0.197872
44 56 0.414894
44 57 0.344681
44 58 0.757447
44 59 0.706383
44 60 0.851064
44 61 0.078723
44 62 0.131915
44 63 0.544681
44 64 0.159574
44 65 0.710638
44 66 0.808511
44 67 0.693617
44 68 0.842553
44 69 0.153191
44 70 0.587234
44 71 0.317021
44 72 0.448936
44 73 0.380851
44 74 0.670213
44 75 0.855319
44 76 0.144681
44 77 0.625532
44 78 0.368085
44 79 0.972340
44 80 0.812766
44 81 0.344681
44 82 0.259574
44 83 0.125532
44 84 0.587234
44 85 0.119149
44 86 0.378723
44 87 0.997872
44 88 0.474468
44 89 0.593617
44 90 0.257447
44 91 0.563830
44 92 0.568085
44 93 0.793617
44 94 0.110638
44 95 0.289362
44 96 0.508511
44 97 0.176596
44 98 0.297872
44 99 0.474468
45 46 0.771836
45 47 0.363636
45 48 0.841355
45 49 0.247772
45 50 0.691622
45 51 0.292335
45 52 0.242424
45 53 0.873440
45 54 0.850267
45 55 0.689840
45 56 0.297683
45 57 0.832442
45 58 0.946524
45 59 0.590018
45 60 0.554367
45 61 0.698752
45 62 0.559715
45 63 0.253119
45 64 0.670232
45 65 0.834225
45 66 0.308378
45 67 0.909091
45 68 0.486631
45 69 0.557932
45 70 0.909091
45 71 0.887701
45 72 0.438503
45 73 0.331551
45 74 0.219251
45 75 0.081996
45 76 0.522282
45 77 0.795009
45 78 0.367201
45 79 0.657754
45 80 0.094474
45 81 0.616756
45 82 0.616756
45 83 0.540107
45 84 0.975045
45 85 0.557932
45 86 0.812834
45 87 0.770053
45 88 0.443850
45 89 0.934046
45 90 0.789661
45 91 0.882353
45 92 0.998217
45 93 0.459893
45 94 0.614973
45 95 0.504456
45 96 0.976827
45 97 0.609626
45 98 0.506239
45 99 0.900178
46 47 0.400000
46 48 0.796610
46 49 0.505085
46 50 0.745763
46 51 0.457627
46 52 0.550847
46 53 0.642373
46 54 0.532203
46 55 0.077966
46 56 0.455932
46 57 0.415254
46 58 0.779661
46 59 0.766102
46 60 0.877966
46 61 0.220339
46 62 0.301695
46 63 0.598305
46 64 0.316949
46 65 0.755932
46 66 0.820339
46 67 0.730508
46 68 0.866102
46 69 0.323729
46 70 0.628814
46 71 0.322034
46 72 0.554237
46 73 0.422034
46 74 0.700000
46 75 0.791525
46 76 0.269492
46 77 0.689831
46 78 0.466102
46 79 0.976271
46 80 0.786441
46 81 0.476271
46 82 0.159322
46 83 0.255932
46 84 0.603390
46 85 0.288136
46 86 0.459322
46 87 0.998305
46 88 0.574576
46 89 0.627119
46 90 0.345763
46 91 0.615254
46 92 0.572881
46 93 0.827119
46 94 0.291525
46 95 0.430508
46 96 0.513559
46 97 0.154237
46 98 0.261017
46 99 0.518644
47 48 0.916168
47 49 0.187625
47 50 0.782435
47 51 0.129741
47 52 0.277445
47 53 0.846307
47 54 0.766467
47 55 0.381238
47 56 0.151697
47 57 0.688623
47 58 0.976048
47 59 0.728543
47 60 0.786427
47 61 0.467066
47 62 0.355289
47 63 0.357285
47 64 0.489022
47 65 0.886228
47 66 0.608782
47 67 0.922156
47 68 0.740519
47 69 0.369261
47 70 0.864271
47 71 0.690619
47 72 0.453094
47 73 0.121756
47 74 0.451098
47 75 0.465070
47 76 0.267465
47 77 0.816367
47 78 0.289421
47 79 0.916168
47 80 0.487026
47 81 0.542914
47 82 0.287425
47 83 0.281437
47 84 0.898204
47 85 0.339321
47 86 0.696607
47 87 0.998004
47 88 0.477046
47 89 0.882236
47 90 0.616766
47 91 0.836327
47 92 0.900200
47 93 0.694611
47 94 0.413174
47 95 0.401198
47 96 0.852295
47 97 0.297405
47 98 0.163673
47 99 0.796407
48 49 0.768340
48 50 0.164093
48 51 0.787645
48 52 0.698842
48 53 0.233591
48 54 0.353282
48 55 0.866795
48 56 0.760618
48 57 0.484556
48 58 0.154440
48 59 0.295367
48 60 0.440154
48 61 0.654440
48 62 0.608108
48 63 0.648649
48 64 0.546332
48 65 0.048263
48 66 0.662162
48 67 0.162162
48 68 0.505792
48 69 0.584942
48 70 0.287645
48 71 0.644788
48 72 0.463320
48 73 0.772201
48 74 0.679537
48 75 0.998069
48 76 0.696911
48 77 0.121622
48 78 0.611969
48 79 0.449807
48 80 0.864865
48 81 0.384170
48 82 0.905405
48 83 0.696911
48 84 0.397683
48 85 0.629344
48 86 0.416988
48 87 0.364865
48 88 0.447876
48 89 0.318533
48 90 0.538610
48 91 0.277992
48 92 0.465251
48 93 0.496139
48 94 0.588803
48 95 0.501931
48 96 0.511583
48 97 0.832046
48 98 0.884170
48 99 0.416988
49 50 0.730769
49 51 0.070136
49 52 0.104072
49 53 0.873303
49 54 0.814480
49 55 0.570136
49 56 0.065611
49 57 0.764706
49 58 0.997738
49 59 0.644796
49 60 0.690045
49 61 0.572398
49 62 0.402715
49 63 0.194570
49 64 0.547511
49 65 0.875566
49 66 0.477376
49 67 0.941176
49 68 0.631222
49 69 0.402715
49 70 0.907240
49 71 0.819005
49 72 0.357466
49 73 0.110860
49 74 0.298643
49 75 0.407240
49 76 0.348416
49 77 0.807692
49 78 0.194570
49 79 0.837104
49 80 0.375566
49 81 0.527149
49 82 0.490950
49 83 0.368778
49 84 0.972851
49 85 0.395928
49 86 0.753394
49 87 0.938914
49 88 0.377828
49 89 0.934389
49 90 0.701357
49 91 0.873303
49 92 0.990950
49 93 0.581448
49 94 0.472851
49 95 0.366516
49 96 0.952489
49 97 0.468326
49 98 0.359729
49 99 0.866516
50 51 0.776498
50 52 0.654378
50 53 0.370968
50 54 0.465438
50 55 0.949309
50 56 0.744240
50 57 0.587558
50 58 0.361751
50 59 0.161290
50 60 0.354839
50 61 0.718894
50 62 0.622120
50 63 0.587558
50 64 0.587558
50 65 0.205069
50 66 0.594470
50 67 0.341014
50 68 0.421659
50 69 0.592166
50 70 0.440092
50 71 0.774194
50 72 0.382488
50 73 0.762673
50 74 0.615207
50 75 0.997696
50 76 0.716590
50 77 0.205069
50 78 0.566820
50 79 0.407834
50 80 0.836406
50 81 0.366359
50 82 0.974654
50 83 0.721198
50 84 0.571429
50 85 0.647465
50 86 0.509217
50 87 0.364055
50 88 0.359447
50 89 0.481567
50 90 0.626728
50 91 0.414747
50 92 0.645161
50 93 0.405530
50 94 0.617512
50 95 0.467742
50 96 0.677419
50 97 0.891705
50 98 0.928571
50 99 0.552995
51 52 0.165179
51 53 0.863839
51 54 0.792411
51 55 0.500000
51 56 0.031250
51 57 0.732143
51 58 0.997768
51 59 0.678571
51 60 0.736607
51 61 0.522321
51 62 0.363839
51 63 0.254464
51 64 0.511161
51 65 0.883929
51 66 0.540179
51 67 0.939732
51 68 0.683036
51 69 0.368304
51 70 0.892857
51 71 0.770089
51 72 0.381696
51 73 0.049107
51 74 0.363839
51 75 0.448661
51 76 0.294643
51 77 0.812500
51 78 0.203125
51 79 0.881696
51 80 0.435268
51 81 0.520089
51 82 0.417411
51 83 0.314732
51 84 0.948661
51 85 0.354911
51 86 0.727679
51 87 0.975446
51 88 0.404018
51 89 0.917411
51 90 0.662946
51 91 0.859375
51 92 0.959821
51 93 0.631696
51 94 0.433036
51 95 0.359375
51 96 0.917411
51 97 0.399554
51 98 0.285714
51 99 0.841518
52 53 0.849765
52 54 0.805164
52 55 0.654930
52 56 0.152582
52 57 0.774648
52 58 0.964789
52 59 0.568075
52 60 0.605634
52 61 0.615023
52 62 0.427230
52 63 0.093897
52 64 0.565728
52 65 0.830986
52 66 0.396714
52 67 0.910798
52 68 0.544601
52 69 0.420188
52 70 0.889671
52 71 0.854460
52 72 0.288732
52 73 0.199531
52 74 0.213615
52 75 0.424883
52 76 0.401408
52 77 0.765258
52 78 0.164319
52 79 0.758216
52 80 0.345070
52 81 0.500000
52 82 0.589202
52 83 0.422535
52 84 0.969484
52 85 0.427230
52 86 0.751174
52 87 0.868545
52 88 0.305164
52 89 0.922535
52 90 0.720657
52 91 0.856808
52 92 0.997653
52 93 0.492958
52 94 0.497653
52 95 0.345070
52 96 0.967136
52 97 0.551643
52 98 0.462441
52 99 0.868545
53 54 0.126394
53 55 0.682156
53 56 0.695167
53 57 0.262082
53 58 0.150558
53 59 0.420074
53 60 0.583643
53 61 0.468401
53 62 0.473978
53 63 0.646840
53 64 0.375465
53 65 0.178439
53 66 0.737918
53 67 0.096654
53 68 0.630112
53 69 0.453532
53 70 0.055762
53 71 0.410781
53 72 0.453532
53 73 0.693309
53 74 0.710037
53 75 0.998141
53 76 0.565056
53 77 0.135688
53 78 0.557621
53 79 0.626394
53 80 0.890335
53 81 0.286245
53 82 0.741636
53 83 0.559480
53 84 0.163569
53 85 0.492565
53 86 0.202602
53 87 0.565056
53 88 0.447955
53 89 0.089219
53 90 0.328996
53 91 0.040892
53 92 0.226766
53 93 0.609665
53 94 0.436803
53 95 0.420074
53 96 0.265799
53 97 0.669145
53 98 0.747212
53 99 0.178439
54 55 0.583969
54 56 0.654580
54 57 0.139313
54 58 0.284351
54 59 0.490458
54 60 0.660305
54 61 0.362595
54 62 0.395038
54 63 0.641221
54 64 0.280534
54 65 0.299618
54 66 0.776718
54 67 0.229008
54 68 0.696565
54 69 0.379771
54 70 0.106870
54 71 0.291985
54 72 0.448473
54 73 0.645038
54 74 0.721374
54 75 0.998092
54 76 0.486641
54 77 0.236641
54 78 0.524809
54 79 0.721374
54 80 0.902672
54 81 0.248092
54 82 0.652672
54 83 0.479008
54 84 0.133588
54 85 0.414122
54 86 0.080153
54 87 0.679389
54 88 0.452290
54 89 0.112595
54 90 0.209924
54 91 0.091603
54 92 0.166031
54 93 0.667939
54 94 0.347328
54 95 0.375954
54 96 0.177481
54 97 0.578244
54 98 0.671756
54 99 0.074427
55 56 0.399642
55 57 0.431900
55 58 0.801075
55 59 0.749104
55 60 0.860215
55 61 0.206093
55 62 0.258065
55 63 0.553763
55 64 0.299283
55 65 0.765233
55 66 0.790323
55 67 0.747312
55 68 0.845878
55 69 0.281362
55 70 0.648746
55 71 0.358423
55 72 0.517921
55 73 0.363799
55 74 0.659498
55 75 0.754480
55 76 0.209677
55 77 0.693548
55 78 0.415771
55 79 0.967742
55 80 0.749104
55 81 0.455197
55 82 0.098566
55 83 0.197133
55 84 0.636201
55 85 0.240143
55 86 0.471326
55 87 0.998208
55 88 0.539427
55 89 0.652330
55 90 0.356631
55 91 0.632616
55 92 0.609319
55 93 0.802867
55 94 0.258065
55 95 0.392473
55 96 0.551971
55 97 0.080645
55 98 0.198925
55 99 0.543011
56 57 0.730415
56 58 0.997696
56 59 0.670507
56 60 0.732719
56 61 0.523041
56 62 0.354839
56 63 0.239631
56 64 0.504608
56 65 0.880184
56 66 0.539171
56 67 0.937788
56 68 0.679724
56 69 0.357143
56 70 0.891705
56 71 0.774194
56 72 0.361751
56 73 0.048387
56 74 0.359447
56 75 0.476959
56 76 0.290323
56 77 0.806452
56 78 0.177419
56 79 0.882488
56 80 0.449309
56 81 0.506912
56 82 0.435484
56 83 0.311060
56 84 0.951613
56 85 0.345622
56 86 0.723502
56 87 0.979263
56 88 0.384793
56 89 0.917051
56 90 0.661290
56 91 0.857143
56 92 0.963134
56 93 0.626728
56 94 0.426267
56 95 0.341014
56 96 0.921659
56 97 0.410138
56 98 0.306452
56 99 0.841014
57 58 0.432749
57 59 0.582846
57 60 0.752437
57 61 0.249513
57 62 0.325536
57 63 0.647173
57 64 0.194932
57 65 0.438596
57 66 0.826511
57 67 0.376218
57 68 0.777778
57 69 0.317739
57 70 0.247563
57 71 0.161793
57 72 0.471735
57 73 0.600390
57 74 0.744639
57 75 0.998051
57 76 0.411306
57 77 0.368421
57 78 0.506823
57 79 0.832359
57 80 0.918129
57 81 0.265107
57 82 0.549708
57 83 0.399610
57 84 0.222222
57 85 0.339181
57 86 0.068226
57 87 0.805068
57 88 0.481481
57 89 0.243665
57 90 0.081871
57 91 0.235867
57 92 0.206628
57 93 0.742690
57 94 0.267057
57 95 0.358674
57 96 0.161793
57 97 0.475634
57 98 0.586745
57 99 0.120858
58 59 0.394464
58 60 0.531142
58 61 0.574394
58 62 0.567474
58 63 0.674740
58 64 0.486159
58 65 0.117647
58 66 0.717993
58 67 0.050173
58 68 0.588235
58 69 0.548443
58 70 0.167820
58 71 0.520761
58 72 0.498270
58 73 0.752595
58 74 0.716263
58 75 0.998270
58 76 0.652249
58 77 0.147059
58 78 0.615917
58 79 0.543253
58 80 0.885813
58 81 0.377163
58 82 0.823529
58 83 0.648789
58 84 0.250865
58 85 0.586505
58 86 0.328720
58 87 0.460208
58 88 0.489619
58 89 0.186851
58 90 0.446367
58 91 0.173010
58 92 0.313149
58 93 0.576125
58 94 0.538062
58 95 0.498270
58 96 0.365052
58 97 0.756055
58 98 0.823529
58 99 0.297578
59 60 0.211401
59 61 0.786223
59 62 0.650831
59 63 0.494062
59 64 0.655582
59 65 0.377672
59 66 0.451306
59 67 0.517815
59 68 0.270784
59 69 0.619952
59 70 0.605701
59 71 0.890736
59 72 0.330166
59 73 0.719715
59 74 0.494062
59 75 0.888361
59 76 0.729216
59 77 0.370546
59 78 0.522565
59 79 0.306413
59 80 0.714964
59 81 0.425178
59 82 0.997625
59 83 0.738717
59 84 0.738717
59 85 0.674584
59 86 0.636580
59 87 0.332542
59 88 0.301663
59 89 0.648456
59 90 0.731591
59 91 0.577197
59 92 0.807601
59 93 0.249406
59 94 0.665083
59 95 0.472684
59 96 0.831354
59 97 0.919240
59 98 0.926366
59 99 0.703088
60 61 0.852632
60 62 0.713684
60 63 0.458947
60 64 0.743158
60 65 0.503158
60 66 0.301053
60 67 0.633684
60 68 0.086316
60 69 0.688421
60 70 0.722105
60 71 0.966316
60 72 0.402105
60 73 0.703158
60 74 0.406316
60 75 0.730526
60 76 0.766316
60 77 0.511579
60 78 0.549474
60 79 0.136842
60 80 0.566316
60 81 0.547368
60 82 0.997895
60 83 0.778947
60 84 0.840000
60 85 0.732632
60 86 0.749474
60 87 0.254737
60 88 0.376842
60 89 0.762105
60 90 0.825263
60 91 0.696842
60 92 0.903158
60 93 0.111579
60 94 0.738947
60 95 0.553684
60 96 0.924211
60 97 0.936842
60 98 0.915789
60 99 0.810526
61 62 0.171674
61 63 0.596567
61 64 0.122318
61 65 0.678112
61 66 0.851931
61 67 0.648069
61 68 0.866953
61 69 0.186695
61 70 0.530043
61 71 0.240343
61 72 0.474249
61 73 0.454936
61 74 0.723176
61 75 0.929185
61 76 0.218884
61 77 0.592275
61 78 0.420601
61 79 0.984979
61 80 0.877682
61 81 0.330472
61 82 0.328326
61 83 0.199571
61 84 0.519313
61 85 0.169528
61 86 0.317597
61 87 0.997854
61 88 0.497854
61 89 0.534335
61 90 0.184549
61 91 0.508584
61 92 0.497854
61 93 0.819742
61 94 0.120172
61 95 0.313305
61 96 0.435622
61 97 0.248927
61 98 0.379828
61 99 0.407725
62 63 0.478261
62 64 0.161836
62 65 0.712560
62 66 0.770531
62 67 0.722222
62 68 0.806763
62 69 0.031401
62 70 0.625604
62 71 0.442029
62 72 0.359903
62 73 0.342995
62 74 0.620773
62 75 0.862319
62 76 0.118357
62 77 0.618357
62 78 0.277778
62 79 0.958937
62 80 0.797101
62 81 0.280193
62 82 0.371981
62 83 0.113527
62 84 0.657005
62 85 0.026570
62 86 0.413043
62 87 0.997585
62 88 0.388889
62 89 0.642512
62 90 0.323671
62 91 0.594203
62 92 0.657005
62 93 0.751208
62 94 0.074879
62 95 0.183575
62 96 0.603865
62 97 0.282609
62 98 0.357488
62 99 0.533816
63 64 0.592417
63 65 0.781991
63 66 0.312796
63 67 0.874408
63 68 0.454976
63 69 0.454976
63 70 0.869668
63 71 0.888626
63 72 0.246445
63 73 0.291469
63 74 0.139810
63 75 0.447867
63 76 0.462085
63 77 0.722749
63 78 0.196682
63 79 0.670616
63 80 0.327014
63 81 0.488152
63 82 0.675355
63 83 0.483412
63 84 0.962085
63 85 0.476303
63 86 0.753555
63 87 0.784360
63 88 0.253555
63 89 0.905213
63 90 0.744076
63 91 0.836493
63 92 0.997630
63 93 0.402844
63 94 0.533175
63 95 0.350711
63 96 0.973934
63 97 0.630332
63 98 0.554502
63 99 0.867299
64 65 0.617577
64 66 0.852732
64 67 0.596200
64 68 0.845606
64 69 0.152019
64 70 0.479810
64 71 0.294537
64 72 0.420428
64 73 0.498812
64 74 0.724466
64 75 0.997625
64 76 0.263658
64 77 0.522565
64 78 0.403800
64 79 0.961995
64 80 0.916865
64 81 0.230404
64 82 0.465558
64 83 0.251781
64 84 0.494062
64 85 0.175772
64 86 0.254157
64 87 0.971496
64 88 0.441805
64 89 0.489311
64 90 0.159145
64 91 0.453682
64 92 0.486936
64 93 0.793349
64 94 0.087886
64 95 0.249406
64 96 0.434679
64 97 0.372922
64 98 0.486936
64 99 0.370546
65 66 0.673786
65 67 0.122330
65 68 0.526214
65 69 0.549515
65 70 0.240777
65 71 0.598058
65 72 0.446602
65 73 0.749515
65 74 0.679612
65 75 0.998058
65 76 0.664078
65 77 0.075728
65 78 0.590291
65 79 0.485437
65 80 0.867961
65 81 0.347573
65 82 0.871845
65 83 0.664078
65 84 0.353398
65 85 0.596117
65 86 0.368932
65 87 0.407767
65 88 0.433010
65 89 0.273786
65 90 0.493204
65 91 0.229126
65 92 0.421359
65 93 0.514563
65 94 0.551456
65 95 0.473786
65 96 0.464078
65 97 0.796117
65 98 0.854369
65 99 0.370874
66 67 0.808468
66 68 0.207661
66 69 0.625000
66 70 0.852823
66 71 0.969758
66 72 0.368952
66 73 0.512097
66 74 0.157258
66 75 0.415323
66 76 0.655242
66 77 0.677419
66 78 0.421371
66 79 0.399194
66 80 0.256048
66 81 0.580645
66 82 0.842742
66 83 0.671371
66 84 0.951613
66 85 0.653226
66 86 0.810484
66 87 0.530242
66 88 0.354839
66 89 0.887097
66 90 0.836694
66 91 0.824597
66 92 0.997984
66 93 0.187500
66 94 0.689516
66 95 0.512097
66 96 0.995968
66 97 0.802419
66 98 0.737903
66 99 0.893145
67 68 0.594982
67 69 0.516129
67 70 0.129032
67 71 0.489247
67 72 0.474910
67 73 0.731183
67 74 0.709677
67 75 0.998208
67 76 0.623656
67 77 0.116487
67 78 0.593190
67 79 0.562724
67 80 0.885305
67 81 0.340502
67 82 0.801075
67 83 0.620072
67 84 0.224014
67 85 0.555556
67 86 0.288530
67 87 0.489247
67 88 0.467742
67 89 0.152330
67 90 0.410394
67 91 0.130824
67 92 0.288530
67 93 0.578853
67 94 0.503584
67 95 0.467742
67 96 0.336918
67 97 0.731183
67 98 0.801075
67 99 0.261649
68 69 0.688699
68 70 0.784648
68 71 0.997868
68 72 0.392324
68 73 0.667377
68 74 0.339019
68 75 0.656716
68 76 0.754797
68 77 0.575693
68 78 0.522388
68 79 0.206823
68 80 0.488273
68 81 0.569296
68 82 0.982942
68 83 0.769723
68 84 0.901919
68 85 0.729211
68 86 0.791045
68 87 0.341151
68 88 0.368870
68 89 0.823028
68 90 0.852878
68 91 0.756930
68 92 0.959488
68 93 0.049041
68 94 0.744136
68 95 0.552239
68 96 0.974414
68 97 0.925373
68 98 0.889126
68 99 0.859275
69 70 0.623441
69 71 0.461347
69 72 0.344140
69 73 0.361596
69 74 0.623441
69 75 0.887781
69 76 0.149626
69 77 0.608479
69 78 0.274314
69 79 0.960100
69 80 0.812968
69 81 0.256858
69 82 0.416459
69 83 0.147132
69 84 0.660848
69 85 0.059850
69 86 0.408978
69 87 0.997506
69 88 0.374065
69 89 0.643392
69 90 0.329177
69 91 0.591022
69 92 0.665835
69 93 0.748130
69 94 0.079800
69 95 0.159601
69 96 0.613466
69 97 0.324190
69 98 0.396509
69 99 0.536160
70 71 0.363799
70 72 0.473118
70 73 0.688172
70 74 0.724014
70 75 0.998208
70 76 0.551971
70 77 0.184588
70 78 0.564516
70 79 0.657706
70 80 0.897849
70 81 0.299283
70 82 0.713262
70 83 0.544803
70 84 0.103943
70 85 0.482079
70 86 0.177419
70 87 0.598566
70 88 0.471326
70 89 0.032258
70 90 0.297491
70 91 0.025090
70 92 0.164875
70 93 0.637993
70 94 0.422939
70 95 0.428315
70 96 0.207885
70 97 0.643369
70 98 0.727599
70 99 0.132616
71 72 0.549815
71 73 0.595941
71 74 0.793358
71 75 0.998155
71 76 0.394834
71 77 0.501845
71 78 0.544280
71 79 0.929889
71 80 0.942804
71 81 0.369004
71 82 0.461255
71 83 0.380074
71 84 0.321033
71 85 0.343173
71 86 0.217712
71 87 0.911439
71 88 0.564576
71 89 0.363469
71 90 0.123616
71 91 0.369004
71 92 0.276753
71 93 0.826568
71 94 0.282288
71 95 0.422509
71 96 0.210332
71 97 0.402214
71 98 0.527675
71 99 0.239852
72 73 0.513932
72 74 0.442724
72 75 0.907121
72 76 0.535604
72 77 0.628483
72 78 0.253870
72 79 0.780186
72 80 0.733746
72 81 0.334365
72 82 0.879257
72 83 0.551084
72 84 0.944272
72 85 0.486068
72 86 0.690402
72 87 0.863777
72 88 0.037152
72 89 0.863777
72 90 0.718266
72 91 0.770898
72 92 0.996904
72 93 0.501548
72 94 0.513932
72 95 0.232198
72 96 0.978328
72 97 0.786378
72 98 0.773994
72 99 0.829721
73 74 0.402273
73 75 0.509091
73 76 0.250000
73 77 0.802273
73 78 0.190909
73 79 0.906818
73 80 0.488636
73 81 0.497727
73 82 0.381818
73 83 0.270455
73 84 0.925000
73 85 0.313636
73 86 0.700000
73 87 0.997727
73 88 0.402273
73 89 0.897727
73 90 0.629545
73 91 0.840909
73 92 0.936364
73 93 0.659091
73 94 0.395455
73 95 0.334091
73 96 0.890909
73 97 0.359091
73 98 0.254545
73 99 0.813636
74 75 0.356223
74 76 0.547210
74 77 0.708155
74 78 0.304721
74 79 0.549356
74 80 0.208155
74 81 0.536481
74 82 0.733906
74 83 0.566524
74 84 0.959227
74 85 0.557940
74 86 0.783262
74 87 0.671674
74 88 0.302575
74 89 0.901288
74 90 0.787554
74 91 0.834764
74 92 0.997854
74 93 0.302575
74 94 0.607296
74 95 0.431330
74 96 0.984979
74 97 0.697425
74 98 0.620172
74 99 0.881974
75 76 0.548600
75 77 0.810544
75 78 0.415157
75 79 0.665568
75 80 0.130148
75 81 0.647446
75 82 0.621087
75 83 0.565074
75 84 0.978583
75 85 0.584843
75 86 0.827018
75 87 0.771005
75 88 0.487644
75 89 0.940692
75 90 0.802306
75 91 0.892916
75 92 0.998353
75 93 0.485997
75 94 0.639209
75 95 0.540362
75 96 0.978583
75 97 0.621087
75 98 0.518946
75 99 0.907743
76 77 0.677060
76 78 0.256125
76 79 0.946548
76 80 0.703786
76 81 0.360802
76 82 0.251670
76 83 0.020045
76 84 0.710468
76 85 0.084633
76 86 0.485523
76 87 0.997773
76 88 0.414254
76 89 0.701559
76 90 0.387528
76 91 0.657016
76 92 0.706013
76 93 0.737194
76 94 0.164811
76 95 0.242762
76 96 0.652561
76 97 0.178174
76 98 0.220490
76 99 0.594655
77 78 0.634033
77 79 0.615385
77 80 0.997669
77 81 0.328671
77 82 0.955711
77 83 0.706294
77 84 0.375291
77 85 0.624709
77 86 0.358974
77 87 0.543124
77 88 0.459207
77 89 0.282051
77 90 0.503497
77 91 0.216783
77 92 0.452214
77 93 0.606061
77 94 0.568765
77 95 0.484848
77 96 0.494172
77 97 0.864802
77 98 0.937063
77 99 0.372960
78 79 0.905292
78 80 0.598886
78 81 0.409471
78 82 0.601671
78 83 0.342618
78 84 0.963788
78 85 0.328691
78 86 0.699164
78 87 0.997214
78 88 0.259053
78 89 0.910864
78 90 0.660167
78 91 0.835655
78 92 0.988858
78 93 0.615599
78 94 0.398329
78 95 0.214485
78 96 0.952646
78 97 0.532033
78 98 0.484680
78 99 0.838440
79 80 0.605214
79 81 0.575419
79 82 0.998138
79 83 0.802607
79 84 0.791434
79 85 0.756052
79 86 0.733706
79 87 0.135940
79 88 0.445065
79 89 0.716946
79 90 0.813780
79 91 0.664804
79 92 0.851024
79 93 0.214153
79 94 0.756052
79 95 0.597765
79 96 0.877095
79 97 0.942272
79 98 0.929236
79 99 0.776536
80 81 0.613596
80 82 0.683363
80 83 0.581395
80 84 0.969589
80 85 0.590340
80 86 0.817531
80 87 0.697674
80 88 0.425760
80 89 0.923077
80 90 0.806798
80 91 0.869410
80 92 0.998211
80 93 0.388193
80 94 0.642218
80 95 0.511628
80 96 0.983900
80 97 0.667263
80 98 0.576029
80 99 0.901610
81 82 0.868590
81 83 0.519231
81 84 0.641026
81 85 0.407051
81 86 0.368590
81 87 0.996795
81 88 0.358974
81 89 0.576923
81 90 0.426282
81 91 0.490385
81 92 0.689103
81 93 0.791667
81 94 0.349359
81 95 0.230769
81 96 0.666667
81 97 0.746795
81 98 0.833333
81 99 0.512821
82 83 0.195730
82 84 0.704626
82 85 0.254448
82 86 0.533808
82 87 0.998221
82 88 0.528470
82 89 0.713523
82 90 0.427046
82 91 0.688612
82 92 0.685053
82 93 0.777580
82 94 0.295374
82 95 0.395018
82 96 0.629893
82 97 0.069395
82 98 0.110320
82 99 0.610320
83 84 0.694690
83 85 0.079646
83 86 0.471239
83 87 0.997788
83 88 0.422566
83 89 0.688053
83 90 0.371681
83 91 0.646018
83 92 0.688053
83 93 0.745575
83 94 0.152655
83 95 0.247788
83 96 0.632743
83 97 0.165929
83 98 0.223451
83 99 0.579646
84 85 0.678744
84 86 0.243961
84 87 0.946860
84 88 0.736715
84 89 0.096618
84 90 0.376812
84 91 0.164251
84 92 0.086957
84 93 0.987923
84 94 0.591787
84 95 0.647343
84 96 0.164251
84 97 0.864734
84 98 0.997585
84 99 0.125604
85 86 0.424528
85 87 0.997642
85 88 0.398585
85 89 0.650943
85 90 0.330189
85 91 0.606132
85 92 0.660377
85 93 0.752358
85 94 0.087264
85 95 0.200472
85 96 0.606132
85 97 0.250000
85 98 0.323113
85 99 0.540094
86 87 0.997368
86 88 0.597368
86 89 0.265789
86 90 0.178947
86 91 0.239474
86 92 0.273684
86 93 0.928947
86 94 0.378947
86 95 0.455263
86 96 0.244737
86 97 0.686842
86 98 0.823684
86 99 0.131579
87 88 0.500942
87 89 0.661017
87 90 0.809793
87 91 0.613936
87 92 0.802260
87 93 0.327684
87 94 0.785311
87 95 0.638418
87 96 0.838041
87 97 0.992467
87 98 0.998117
87 99 0.740113
88 89 0.855385
88 90 0.735385
88 91 0.763077
88 92 0.996923
88 93 0.461538
88 94 0.541538
88 95 0.264615
88 96 0.984615
88 97 0.818462
88 98 0.809231
88 99 0.833846
89 90 0.401937
89 91 0.075061
89 92 0.184019
89 93 0.905569
89 94 0.585956
89 95 0.607748
89 96 0.249395
89 97 0.876513
89 98 0.997579
89 99 0.162228
90 91 0.416230
90 92 0.382199
90 93 0.997382
90 94 0.269634
90 95 0.434555
90 96 0.311518
90 97 0.528796
90 98 0.683246
90 99 0.272251
91 92 0.253807
91 93 0.870558
91 94 0.568528
91 95 0.571066
91 96 0.307107
91 97 0.883249
91 98 0.997462
91 99 0.187817
92 93 0.997712
92 94 0.556064
92 95 0.636156
92 96 0.084668
92 97 0.796339
92 98 0.931350
92 99 0.123570
93 94 0.739819
93 95 0.536199
93 96 0.997738
93 97 0.927602
93 98 0.891403
93 99 0.877828
94 95 0.407240
94 96 0.995475
94 97 0.574661
94 98 0.764706
94 99 0.873303
95 96 0.996241
95 97 0.706767
95 98 0.751880
95 99 0.838346
96 97 0.834646
96 98 0.997375
96 99 0.141732
97 98 0.235294
97 99 0.996732
98 99 0.997230
