100 4950
0 1 0.400853
0 2 0.697228
0 3 0.552239
0 4 0.272921
0 5 0.469083
0 6 0.353945
0 7 0.341151
0 8 0.328358
0 9 0.226013
0 10 0.379531
0 11 0.686567
0 12 0.385928
0 13 0.040512
0 14 0.974414
0 15 0.929638
0 16 0.108742
0 17 0.746269
0 18 0.505330
0 19 0.134328
0 20 0.298507
0 21 0.413646
0 22 0.782516
0 23 0.950959
0 24 0.215352
0 25 0.234542
0 26 0.609808
0 27 0.509595
0 28 0.245203
0 29 0.215352
0 30 0.228145
0 31 0.072495
0 32 0.345416
0 33 0.332623
0 34 0.556503
0 35 0.311301
0 36 0.825160
0 37 0.226013
0 38 0.413646
0 39 0.573561
0 40 0.633262
0 41 0.488273
0 42 0.226013
0 43 0.765458
0 44 0.496802
0 45 0.552239
0 46 0.174840
0 47 0.300640
0 48 0.590618
0 49 0.513859
0 50 0.319829
0 51 0.599147
0 52 0.226013
0 53 0.756930
0 54 0.737740
0 55 0.479744
0 56 0.076759
0 57 0.582090
0 58 0.584222
0 59 0.362473
0 60 0.737740
0 61 0.475480
0 62 0.449893
0 63 0.569296
0 64 0.439232
0 65 0.831557
0 66 0.449893
0 67 0.462687
0 68 0.652452
0 69 0.368870
0 70 0.556503
0 71 0.347548
0 72 0.234542
0 73 0.808102
0 74 0.857143
0 75 0.402985
0 76 0.607676
0 77 0.641791
0 78 0.545842
0 79 0.682303
0 80 0.049041
0 81 0.392324
0 82 0.552239
0 83 0.501066
0 84 0.878465
0 85 0.257996
0 86 0.388060
0 87 0.200426
0 88 0.665245
0 89 0.748401
0 90 0.997868
0 91 0.151386
0 92 0.577825
0 93 0.373134
0 94 0.895522
0 95 0.426439
0 96 0.249467
0 97 0.565032
0 98 0.117271
0 99 0.594883
1 2 0.740741
1 3 0.392157
1 4 0.538126
1 5 0.620915
1 6 0.538126
1 7 0.058824
1 8 0.209150
1 9 0.379085
1 10 0.599129
1 11 0.315904
1 12 0.579521
1 13 0.368192
1 14 0.971678
1 15 0.871460
1 16 0.407407
1 17 0.867102
1 18 0.782135
1 19 0.307190
1 20 0.104575
1 21 0.294118
1 22 0.864924
1 23 0.581699
1 24 0.459695
1 25 0.387800
1 26 0.692810
1 27 0.812636
1 28 0.302832
1 29 0.453159
1 30 0.555556
1 31 0.359477
1 32 0.169935
1 33 0.257081
1 34 0.413943
1 35 0.291939
1 36 0.481481
1 37 0.178649
1 38 0.457516
1 39 0.176471
1 40 0.847495
1 41 0.882353
1 42 0.599129
1 43 0.668845
1 44 0.612200
1 45 0.394336
1 46 0.259259
1 47 0.472767
1 48 0.978214
1 49 0.163399
1 50 0.252723
1 51 0.721133
1 52 0.178649
1 53 0.372549
1 54 0.784314
1 55 0.618736
1 56 0.457516
1 57 0.969499
1 58 0.187364
1 59 0.169935
1 60 0.405229
1 61 0.734205
1 62 0.808279
1 63 0.657952
1 64 0.422658
1 65 0.708061
1 66 0.586057
1 67 0.098039
1 68 0.259259
1 69 0.448802
1 70 0.928105
1 71 0.638344
1 72 0.529412
1 73 0.553377
1 74 0.749455
1 75 0.056645
1 76 0.429194
1 77 0.244009
1 78 0.588235
1 79 0.516340
1 80 0.427015
1 81 0.071895
1 82 0.224401
1 83 0.790850
1 84 0.533769
1 85 0.348584
1 86 0.357298
1 87 0.570806
1 88 0.374728
1 89 0.409586
1 90 0.997821
1 91 0.409586
1 92 0.204793
1 93 0.435730
1 94 0.525054
1 95 0.823529
1 96 0.241830
1 97 0.167756
1 98 0.291939
1 99 0.623094
2 3 0.363454
2 4 0.433735
2 5 0.236948
2 6 0.335341
2 7 0.664659
2 8 0.497992
2 9 0.447791
2 10 0.343373
2 11 0.690763
2 12 0.319277
2 13 0.652610
2 14 0.263052
2 15 0.261044
2 16 0.552209
2 17 0.156627
2 18 0.399598
2 19 0.716867
2 20 0.664659
2 21 0.411647
2 22 0.118474
2 23 0.839357
2 24 0.457831
2 25 0.439759
2 26 0.090361
2 27 0.449799
2 28 0.469880
2 29 0.457831
2 30 0.508032
2 31 0.602410
2 32 0.530120
2 33 0.845382
2 34 0.337349
2 35 0.853414
2 36 0.688755
2 37 0.624498
2 38 0.283133
2 39 0.748996
2 40 0.295181
2 41 0.690763
2 42 0.574297
2 43 0.228916
2 44 0.194779
2 45 0.359438
2 46 0.712851
2 47 0.927711
2 48 0.712851
2 49 0.610442
2 50 0.463855
2 51 0.138554
2 52 0.632530
2 53 0.775100
2 54 0.040161
2 55 0.220884
2 56 0.724900
2 57 0.706827
2 58 0.783133
2 59 0.801205
2 60 0.626506
2 61 0.367470
2 62 0.568273
2 63 0.124498
2 64 0.997992
2 65 0.293173
2 66 0.240964
2 67 0.771084
2 68 0.837349
2 69 0.315261
2 70 0.644578
2 71 0.433735
2 72 0.473896
2 73 0.500000
2 74 0.281124
2 75 0.730924
2 76 0.367470
2 77 0.787149
2 78 0.148594
2 79 0.339357
2 80 0.616466
2 81 0.616466
2 82 0.885542
2 83 0.419679
2 84 0.716867
2 85 0.847390
2 86 0.359438
2 87 0.825301
2 88 0.530120
2 89 0.642570
2 90 0.283133
2 91 0.514056
2 92 0.843373
2 93 0.965863
2 94 0.811245
2 95 0.676707
2 96 0.514056
2 97 0.748996
2 98 0.658635
2 99 0.108434
3 4 0.511737
3 5 0.429577
3 6 0.427230
3 7 0.422535
3 8 0.267606
3 9 0.387324
3 10 0.490610
3 11 0.387324
3 12 0.453052
3 13 0.579812
3 14 0.631455
3 15 0.516432
3 16 0.514085
3 17 0.593897
3 18 0.676056
3 19 0.598592
3 20 0.446009
3 21 0.154930
3 22 0.563380
3 23 0.600939
3 24 0.467136
3 25 0.384977
3 26 0.413146
3 27 0.727700
3 28 0.338028
3 29 0.462441
3 30 0.584507
3 31 0.528169
3 32 0.279343
3 33 0.669014
3 34 0.030516
3 35 0.694836
3 36 0.422535
3 37 0.438967
3 38 0.255869
3 39 0.457746
3 40 0.657277
3 41 0.924883
3 42 0.664319
3 43 0.298122
3 44 0.389671
3 45 0.004695
3 46 0.568075
3 47 0.842723
3 48 0.997653
3 49 0.298122
3 50 0.260563
3 51 0.469484
3 52 0.448357
3 53 0.488263
3 54 0.467136
3 55 0.415493
3 56 0.690141
3 57 0.988263
3 58 0.500000
3 59 0.591549
3 60 0.333333
3 61 0.619718
3 62 0.800469
3 63 0.392019
3 64 0.856808
3 65 0.345070
3 66 0.394366
3 67 0.514085
3 68 0.556338
3 69 0.295775
3 70 0.922535
3 71 0.589202
3 72 0.537559
3 73 0.293427
3 74 0.387324
3 75 0.483568
3 76 0.061033
3 77 0.497653
3 78 0.302817
3 79 0.147887
3 80 0.584507
3 81 0.345070
3 82 0.640845
3 83 0.692488
3 84 0.471831
3 85 0.720657
3 86 0.194836
3 87 0.828638
3 88 0.215962
3 89 0.352113
3 90 0.659624
3 91 0.481221
3 92 0.577465
3 93 0.847418
3 94 0.556338
3 95 0.877934
3 96 0.340376
3 97 0.457746
3 98 0.537559
3 99 0.314554
4 5 0.216157
4 6 0.109170
4 7 0.486900
4 8 0.358079
4 9 0.159389
4 10 0.109170
4 11 0.744541
4 12 0.126638
4 13 0.294760
4 14 0.757642
4 15 0.737991
4 16 0.176856
4 17 0.493450
4 18 0.255459
4 19 0.390830
4 20 0.458515
4 21 0.371179
4 22 0.539301
4 23 0.997817
4 24 0.080786
4 25 0.155022
4 26 0.373362
4 27 0.275109
4 28 0.240175
4 29 0.085153
4 30 0.080786
4 31 0.248908
4 32 0.397380
4 33 0.582969
4 34 0.465066
4 35 0.572052
4 36 0.844978
4 37 0.379913
4 38 0.248908
4 39 0.694323
4 40 0.368996
4 41 0.386463
4 42 0.159389
4 43 0.606987
4 44 0.257642
4 45 0.473799
4 46 0.412664
4 47 0.587336
4 48 0.465066
4 49 0.578603
4 50 0.318777
4 51 0.349345
4 52 0.386463
4 53 0.836245
4 54 0.508734
4 55 0.231441
4 56 0.340611
4 57 0.456332
4 58 0.718341
4 59 0.580786
4 60 0.753275
4 61 0.213974
4 62 0.281659
4 63 0.334061
4 64 0.720524
4 65 0.683406
4 66 0.209607
4 67 0.631004
4 68 0.790393
4 69 0.203057
4 70 0.403930
4 71 0.098253
4 72 0.043668
4 73 0.748908
4 74 0.698690
4 75 0.567686
4 76 0.528384
4 77 0.759825
4 78 0.340611
4 79 0.580786
4 80 0.227074
4 81 0.493450
4 82 0.746725
4 83 0.257642
4 84 0.895197
4 85 0.534934
4 86 0.299127
4 87 0.432314
4 88 0.652838
4 89 0.768559
4 90 0.779476
4 91 0.146288
4 92 0.744541
4 93 0.659389
4 94 0.947598
4 95 0.340611
4 96 0.299127
4 97 0.689956
4 98 0.338428
4 99 0.386463
5 6 0.120455
5 7 0.606818
5 8 0.429545
5 9 0.288636
5 10 0.118182
5 11 0.770455
5 12 0.093182
5 13 0.504545
5 14 0.563636
5 15 0.556818
5 16 0.381818
5 17 0.297727
5 18 0.240909
5 19 0.590909
5 20 0.593182
5 21 0.375000
5 22 0.336364
5 23 0.997727
5 24 0.268182
5 25 0.279545
5 26 0.165909
5 27 0.295455
5 28 0.345455
5 29 0.270455
5 30 0.306818
5 31 0.447727
5 32 0.472727
5 33 0.768182
5 34 0.395455
5 35 0.765909
5 36 0.827273
5 37 0.525000
5 38 0.181818
5 39 0.772727
5 40 0.238636
5 41 0.536364
5 42 0.381818
5 43 0.450000
5 44 0.054545
5 45 0.413636
5 46 0.600000
5 47 0.815909
5 48 0.581818
5 49 0.627273
5 50 0.384091
5 51 0.138636
5 52 0.534091
5 53 0.868182
5 54 0.304545
5 55 0.020455
5 56 0.570455
5 57 0.572727
5 58 0.806818
5 59 0.738636
5 60 0.738636
5 61 0.188636
5 62 0.400000
5 63 0.127273
5 64 0.929545
5 65 0.531818
5 66 0.036364
5 67 0.750000
5 68 0.877273
5 69 0.179545
5 70 0.504545
5 71 0.225000
5 72 0.270455
5 73 0.672727
5 74 0.538636
5 75 0.693182
5 76 0.456818
5 77 0.831818
5 78 0.163636
5 79 0.479545
5 80 0.447727
5 81 0.581818
5 82 0.879545
5 83 0.261364
5 84 0.872727
5 85 0.743182
5 86 0.290909
5 87 0.675000
5 88 0.625000
5 89 0.756818
5 90 0.586364
5 91 0.340909
5 92 0.854545
5 93 0.877273
5 94 0.954545
5 95 0.509091
5 96 0.409091
5 97 0.768182
5 98 0.527273
5 99 0.202273
6 7 0.525463
6 8 0.356481
6 9 0.180556
6 10 0.067130
6 11 0.743056
6 12 0.043981
6 13 0.388889
6 14 0.689815
6 15 0.666667
6 16 0.266204
6 17 0.425926
6 18 0.266204
6 19 0.481481
6 20 0.504630
6 21 0.335648
6 22 0.467593
6 23 0.997685
6 24 0.150463
6 25 0.171296
6 26 0.284722
6 27 0.307870
6 28 0.252315
6 29 0.150463
6 30 0.201389
6 31 0.333333
6 32 0.402778
6 33 0.668981
6 34 0.405093
6 35 0.664352
6 36 0.828704
6 37 0.428241
6 38 0.166667
6 39 0.717593
6 40 0.333333
6 41 0.495370
6 42 0.284722
6 43 0.530093
6 44 0.159722
6 45 0.418981
6 46 0.493056
6 47 0.708333
6 48 0.562500
6 49 0.581019
6 50 0.312500
6 51 0.266204
6 52 0.437500
6 53 0.842593
6 54 0.425926
6 55 0.136574
6 56 0.458333
6 57 0.553241
6 58 0.750000
6 59 0.648148
6 60 0.733796
6 61 0.210648
6 62 0.368056
6 63 0.240741
6 64 0.828704
6 65 0.611111
6 66 0.108796
6 67 0.673611
6 68 0.824074
6 69 0.129630
6 70 0.488426
6 71 0.162037
6 72 0.159722
6 73 0.703704
6 74 0.627315
6 75 0.613426
6 76 0.472222
6 77 0.784722
6 78 0.243056
6 79 0.518519
6 80 0.333333
6 81 0.511574
6 82 0.805556
6 83 0.277778
6 84 0.879630
6 85 0.636574
6 86 0.250000
6 87 0.564815
6 88 0.622685
6 89 0.752315
6 90 0.715278
6 91 0.222222
6 92 0.789352
6 93 0.770833
6 94 0.949074
6 95 0.456019
6 96 0.319444
6 97 0.712963
6 98 0.418981
6 99 0.293981
7 8 0.180220
7 9 0.334066
7 10 0.558242
7 11 0.371429
7 12 0.540659
7 13 0.309890
7 14 0.969231
7 15 0.876923
7 16 0.351648
7 17 0.846154
7 18 0.740659
7 19 0.252747
7 20 0.046154
7 21 0.281319
7 22 0.848352
7 23 0.641758
7 24 0.408791
7 25 0.340659
7 26 0.670330
7 27 0.769231
7 28 0.259341
7 29 0.404396
7 30 0.503297
7 31 0.301099
7 32 0.147253
7 33 0.232967
7 34 0.417582
7 35 0.263736
7 36 0.531868
7 37 0.120879
7 38 0.430769
7 39 0.237363
7 40 0.813187
7 41 0.830769
7 42 0.545055
7 43 0.674725
7 44 0.584615
7 45 0.400000
7 46 0.204396
7 47 0.432967
7 48 0.929670
7 49 0.206593
7 50 0.219780
7 51 0.694505
7 52 0.120879
7 53 0.432967
7 54 0.771429
7 55 0.586813
7 56 0.402198
7 57 0.920879
7 58 0.250549
7 59 0.158242
7 60 0.452747
7 61 0.692308
7 62 0.760440
7 63 0.635165
7 64 0.406593
7 65 0.718681
7 66 0.553846
7 67 0.142857
7 68 0.320879
7 69 0.415385
7 70 0.879121
7 71 0.591209
7 72 0.479121
7 73 0.586813
7 74 0.760440
7 75 0.083516
7 76 0.439560
7 77 0.307692
7 78 0.569231
7 79 0.529670
7 80 0.369231
7 81 0.081319
7 82 0.265934
7 83 0.747253
7 84 0.586813
7 85 0.307692
7 86 0.334066
7 87 0.518681
7 88 0.408791
7 89 0.457143
7 90 0.997802
7 91 0.356044
7 92 0.259341
7 93 0.408791
7 94 0.584615
7 95 0.771429
7 96 0.195604
7 97 0.228571
7 98 0.232967
7 99 0.606593
8 9 0.241379
8 10 0.485411
8 11 0.477454
8 12 0.458886
8 13 0.368700
8 14 0.960212
8 15 0.856764
8 16 0.336870
8 17 0.803714
8 18 0.713528
8 19 0.374005
8 20 0.220159
8 21 0.135279
8 22 0.803714
8 23 0.798408
8 24 0.347480
8 25 0.246684
8 26 0.591512
8 27 0.755968
8 28 0.145889
8 29 0.339523
8 30 0.480106
8 31 0.320955
8 32 0.050398
8 33 0.469496
8 34 0.318302
8 35 0.490716
8 36 0.625995
8 37 0.193634
8 38 0.302387
8 39 0.413793
8 40 0.777188
8 41 0.888594
8 42 0.554377
8 43 0.620690
8 44 0.490716
8 45 0.305040
8 46 0.339523
8 47 0.647215
8 48 0.997347
8 49 0.267905
8 50 0.053050
8 51 0.620690
8 52 0.204244
8 53 0.583554
8 54 0.713528
8 55 0.498674
8 56 0.496021
8 57 0.984085
8 58 0.448276
8 59 0.400531
8 60 0.517241
8 61 0.652520
8 62 0.777188
8 63 0.546419
8 64 0.679045
8 65 0.687003
8 66 0.458886
8 67 0.374005
8 68 0.533156
8 69 0.291777
8 70 0.925729
8 71 0.554377
8 72 0.437666
8 73 0.599469
8 74 0.729443
8 75 0.312997
8 76 0.366048
8 77 0.490716
8 78 0.466844
8 79 0.472149
8 80 0.397878
8 81 0.177719
8 82 0.527851
8 83 0.724138
8 84 0.692308
8 85 0.511936
8 86 0.183024
8 87 0.652520
8 88 0.416446
8 89 0.530504
8 90 0.992042
8 91 0.318302
8 92 0.496021
8 93 0.657825
8 94 0.732095
8 95 0.824934
8 96 0.098143
8 97 0.408488
8 98 0.307692
8 99 0.514589
9 10 0.264103
9 11 0.692308
9 12 0.248718
9 13 0.261538
9 14 0.902564
9 15 0.843590
9 16 0.148718
9 17 0.658974
9 18 0.474359
9 19 0.343590
9 20 0.361538
9 21 0.271795
9 22 0.687179
9 23 0.997436
9 24 0.102564
9 25 0.010256
9 26 0.474359
9 27 0.507692
9 28 0.092308
9 29 0.094872
9 30 0.233333
9 31 0.194872
9 32 0.279487
9 33 0.538462
9 34 0.420513
9 35 0.538462
9 36 0.823077
9 37 0.274359
9 38 0.223077
9 39 0.628205
9 40 0.571795
9 41 0.628205
9 42 0.312821
9 43 0.648718
9 44 0.346154
9 45 0.420513
9 46 0.348718
9 47 0.610256
9 48 0.728205
9 49 0.494872
9 50 0.189744
9 51 0.474359
9 52 0.282051
9 53 0.797436
9 54 0.623077
9 55 0.333333
9 56 0.366667
9 57 0.717949
9 58 0.656410
9 59 0.515385
9 60 0.715385
9 61 0.417949
9 62 0.517949
9 63 0.425641
9 64 0.720513
9 65 0.730769
9 66 0.294872
9 67 0.556410
9 68 0.741026
9 69 0.171795
9 70 0.658974
9 71 0.305128
9 72 0.189744
9 73 0.743590
9 74 0.758974
9 75 0.484615
9 76 0.487179
9 77 0.705128
9 78 0.387179
9 79 0.569231
9 80 0.230769
9 81 0.389744
9 82 0.697436
9 83 0.482051
9 84 0.884615
9 85 0.515385
9 86 0.210256
9 87 0.507692
9 88 0.605128
9 89 0.730769
9 90 0.930769
9 91 0.105128
9 92 0.689744
9 93 0.666667
9 94 0.935897
9 95 0.566667
9 96 0.161538
9 97 0.620513
9 98 0.271795
9 99 0.443590
10 11 0.761388
10 12 0.034707
10 13 0.396963
10 14 0.650759
10 15 0.644252
10 16 0.279826
10 17 0.379610
10 18 0.186551
10 19 0.490239
10 20 0.529284
10 21 0.379610
10 22 0.429501
10 23 0.997831
10 24 0.171367
10 25 0.214751
10 26 0.271150
10 27 0.225597
10 28 0.292842
10 29 0.173536
10 30 0.182213
10 31 0.347072
10 32 0.440347
10 33 0.672451
10 34 0.438178
10 35 0.665944
10 36 0.839479
10 37 0.455531
10 38 0.214751
10 39 0.735358
10 40 0.264642
10 41 0.414317
10 42 0.249458
10 43 0.531453
10 44 0.162690
10 45 0.451193
10 46 0.505423
10 47 0.691974
10 48 0.470716
10 49 0.607375
10 50 0.355748
10 51 0.238612
10 52 0.462039
10 53 0.854664
10 54 0.403471
10 55 0.132321
10 56 0.449024
10 57 0.462039
10 58 0.763557
10 59 0.659436
10 60 0.750542
10 61 0.134490
10 62 0.288503
10 63 0.234273
10 64 0.815618
10 65 0.609544
10 66 0.119306
10 67 0.691974
10 68 0.835141
10 69 0.184382
10 70 0.399132
10 71 0.104121
10 72 0.151844
10 73 0.713666
10 74 0.620390
10 75 0.633406
10 76 0.498915
10 77 0.798265
10 78 0.258134
10 79 0.535792
10 80 0.336226
10 81 0.542299
10 82 0.813449
10 83 0.197397
10 84 0.885033
10 85 0.633406
10 86 0.297180
10 87 0.537961
10 88 0.644252
10 89 0.765727
10 90 0.674620
10 91 0.242950
10 92 0.800434
10 93 0.759219
10 94 0.952278
10 95 0.381779
10 96 0.355748
10 97 0.731020
10 98 0.433839
10 99 0.301518
11 12 0.606115
11 13 0.546763
11 14 0.744604
11 15 0.636691
11 16 0.548561
11 17 0.751799
11 18 0.784173
11 19 0.508993
11 20 0.339928
11 21 0.316547
11 22 0.724820
11 23 0.223022
11 24 0.559353
11 25 0.489209
11 26 0.613309
11 27 0.818345
11 28 0.422662
11 29 0.553957
11 30 0.651079
11 31 0.525180
11 32 0.296763
11 33 0.464029
11 34 0.318345
11 35 0.496403
11 36 0.142086
11 37 0.388489
11 38 0.464029
11 39 0.149281
11 40 0.793165
11 41 0.928058
11 42 0.699640
11 43 0.478417
11 44 0.584532
11 45 0.300360
11 46 0.471223
11 47 0.649281
11 48 0.998201
11 49 0.145683
11 50 0.350719
11 51 0.654676
11 52 0.392086
11 53 0.077338
11 54 0.651079
11 55 0.600719
11 56 0.627698
11 57 0.991007
11 58 0.174460
11 59 0.386691
11 60 0.102518
11 61 0.741007
11 62 0.847122
11 63 0.595324
11 64 0.582734
11 65 0.480216
11 66 0.579137
11 67 0.267986
11 68 0.179856
11 69 0.478417
11 70 0.947842
11 71 0.690647
11 72 0.620504
11 73 0.275180
11 74 0.517986
11 75 0.289568
11 76 0.291367
11 77 0.131295
11 78 0.526978
11 79 0.336331
11 80 0.580935
11 81 0.248201
11 82 0.314748
11 83 0.794964
11 84 0.183453
11 85 0.546763
11 86 0.384892
11 87 0.726619
11 88 0.152878
11 89 0.097122
11 90 0.764388
11 91 0.539568
11 92 0.242806
11 93 0.609712
11 94 0.176259
11 95 0.883094
11 96 0.386691
11 97 0.156475
11 98 0.487410
11 99 0.537770
12 13 0.414798
12 14 0.647982
12 15 0.634529
12 16 0.291480
12 17 0.378924
12 18 0.219731
12 19 0.504484
12 20 0.531390
12 21 0.360987
12 22 0.423767
12 23 0.997758
12 24 0.179372
12 25 0.208520
12 26 0.253363
12 27 0.264574
12 28 0.286996
12 29 0.181614
12 30 0.210762
12 31 0.360987
12 32 0.430493
12 33 0.688341
12 34 0.414798
12 35 0.683857
12 36 0.831839
12 37 0.457399
12 38 0.186099
12 39 0.735426
12 40 0.280269
12 41 0.464126
12 42 0.284753
12 43 0.515695
12 44 0.136771
12 45 0.430493
12 46 0.517937
12 47 0.721973
12 48 0.522422
12 49 0.600897
12 50 0.343049
12 51 0.228700
12 52 0.466368
12 53 0.852018
12 54 0.392377
12 55 0.107623
12 56 0.475336
12 57 0.513453
12 58 0.766816
12 59 0.670404
12 60 0.742152
12 61 0.165919
12 62 0.336323
12 63 0.215247
12 64 0.840807
12 65 0.596413
12 66 0.089686
12 67 0.695067
12 68 0.838565
12 69 0.156951
12 70 0.450673
12 71 0.143498
12 72 0.174888
12 73 0.701794
12 74 0.605381
12 75 0.636771
12 76 0.479821
12 77 0.798206
12 78 0.233184
12 79 0.517937
12 80 0.354260
12 81 0.538117
12 82 0.822870
12 83 0.233184
12 84 0.881166
12 85 0.654709
12 86 0.275785
12 87 0.573991
12 88 0.632287
12 89 0.757848
12 90 0.670404
12 91 0.253363
12 92 0.804933
12 93 0.784753
12 94 0.950673
12 95 0.430493
12 96 0.352018
12 97 0.730942
12 98 0.443946
12 99 0.278027
13 14 0.972163
13 15 0.920771
13 16 0.115632
13 17 0.755889
13 18 0.528908
13 19 0.102784
13 20 0.259101
13 21 0.387580
13 22 0.788009
13 23 0.916488
13 24 0.222698
13 25 0.226981
13 26 0.612420
13 27 0.537473
13 28 0.224839
13 29 0.220557
13 30 0.252677
13 31 0.053533
13 32 0.312634
13 33 0.299786
13 34 0.535332
13 35 0.282655
13 36 0.792291
13 37 0.188437
13 38 0.404711
13 39 0.535332
13 40 0.650964
13 41 0.528908
13 42 0.261242
13 43 0.751606
13 44 0.501071
13 45 0.528908
13 46 0.139186
13 47 0.293362
13 48 0.631692
13 49 0.477516
13 50 0.293362
13 51 0.605996
13 52 0.186296
13 53 0.721627
13 54 0.738758
13 55 0.486081
13 56 0.102784
13 57 0.620985
13 58 0.546039
13 59 0.325482
13 60 0.704497
13 61 0.496788
13 62 0.486081
13 63 0.571734
13 64 0.417559
13 65 0.815846
13 66 0.453961
13 67 0.423983
13 68 0.614561
13 69 0.361884
13 70 0.593148
13 71 0.370450
13 72 0.252677
13 73 0.781585
13 74 0.843683
13 75 0.364026
13 76 0.584582
13 77 0.603854
13 78 0.543897
13 79 0.661670
13 80 0.074946
13 81 0.355460
13 82 0.513919
13 83 0.526767
13 84 0.845824
13 85 0.235546
13 86 0.370450
13 87 0.229122
13 88 0.633833
13 89 0.715203
13 90 0.997859
13 91 0.154176
13 92 0.539615
13 93 0.357602
13 94 0.860814
13 95 0.466809
13 96 0.220557
13 97 0.526767
13 98 0.077088
13 99 0.591006
14 15 0.108414
14 16 0.655340
14 17 0.244337
14 18 0.508091
14 19 0.779935
14 20 0.721683
14 21 0.506472
14 22 0.184466
14 23 0.736246
14 24 0.580906
14 25 0.563107
14 26 0.283172
14 27 0.546926
14 28 0.579288
14 29 0.579288
14 30 0.621359
14 31 0.692557
14 32 0.606796
14 33 0.872168
14 34 0.415858
14 35 0.881877
14 36 0.627832
14 37 0.695793
14 38 0.430421
14 39 0.747573
14 40 0.398058
14 41 0.747573
14 42 0.673139
14 43 0.239482
14 44 0.368932
14 45 0.432039
14 46 0.773463
14 47 0.953074
14 48 0.752427
14 49 0.640777
14 50 0.563107
14 51 0.310680
14 52 0.703883
14 53 0.729773
14 54 0.184466
14 55 0.388350
14 56 0.796117
14 57 0.749191
14 58 0.776699
14 59 0.830097
14 60 0.595469
14 61 0.490291
14 62 0.650485
14 63 0.312298
14 64 0.998382
14 65 0.245955
14 66 0.406149
14 67 0.788026
14 68 0.810680
14 69 0.461165
14 70 0.699029
14 71 0.556634
14 72 0.593851
14 73 0.454693
14 74 0.213592
14 75 0.763754
14 76 0.419094
14 77 0.768608
14 78 0.323625
14 79 0.367314
14 80 0.707120
14 81 0.668285
14 82 0.877023
14 83 0.524272
14 84 0.639159
14 85 0.883495
14 86 0.478964
14 87 0.877023
14 88 0.530744
14 89 0.608414
14 90 0.019417
14 91 0.624595
14 92 0.833333
14 93 0.977346
14 94 0.726537
14 95 0.741100
14 96 0.610032
14 97 0.749191
14 98 0.733010
14 99 0.288026
15 16 0.664372
15 17 0.311532
15 18 0.566265
15 19 0.779690
15 20 0.697074
15 21 0.469880
15 22 0.246127
15 23 0.669535
15 24 0.592083
15 25 0.559380
15 26 0.301205
15 27 0.609294
15 28 0.564544
15 29 0.588640
15 30 0.647160
15 31 0.697074
15 32 0.573150
15 33 0.860585
15 34 0.359725
15 35 0.876076
15 36 0.555938
15 37 0.679862
15 38 0.416523
15 39 0.702238
15 40 0.464716
15 41 0.815835
15 42 0.707401
15 43 0.158348
15 44 0.382100
15 45 0.375215
15 46 0.767642
15 47 0.963855
15 48 0.833046
15 49 0.590361
15 50 0.537005
15 51 0.342513
15 52 0.686747
15 53 0.669535
15 54 0.209983
15 55 0.406196
15 56 0.812392
15 57 0.827883
15 58 0.733219
15 59 0.810671
15 60 0.526678
15 61 0.538726
15 62 0.710843
15 63 0.325301
15 64 0.998279
15 65 0.149742
15 66 0.418244
15 67 0.755594
15 68 0.765921
15 69 0.450947
15 70 0.774527
15 71 0.592083
15 72 0.614458
15 73 0.370052
15 74 0.113597
15 75 0.733219
15 76 0.354561
15 77 0.719449
15 78 0.314974
15 79 0.292599
15 80 0.719449
15 81 0.631670
15 82 0.845095
15 83 0.583477
15 84 0.566265
15 85 0.882960
15 86 0.450947
15 87 0.903614
15 88 0.462995
15 89 0.538726
15 90 0.130809
15 91 0.631670
15 92 0.795181
15 93 0.981067
15 94 0.659208
15 95 0.803787
15 96 0.592083
15 97 0.703959
15 98 0.729776
15 99 0.277108
16 17 0.696970
16 18 0.456876
16 19 0.228438
16 20 0.333333
16 21 0.365967
16 22 0.736597
16 23 0.997669
16 24 0.116550
16 25 0.142191
16 26 0.545455
16 27 0.473193
16 28 0.179487
16 29 0.114219
16 30 0.167832
16 31 0.074592
16 32 0.326340
16 33 0.435897
16 34 0.512821
16 35 0.421911
16 36 0.848485
16 37 0.244755
16 38 0.335664
16 39 0.617716
16 40 0.582751
16 41 0.508159
16 42 0.202797
16 43 0.724942
16 44 0.421911
16 45 0.510490
16 46 0.254079
16 47 0.445221
16 48 0.613054
16 49 0.522145
16 50 0.272727
16 51 0.536131
16 52 0.249417
16 53 0.799534
16 54 0.685315
16 55 0.405594
16 56 0.200466
16 57 0.601399
16 58 0.636364
16 59 0.442890
16 60 0.750583
16 61 0.417249
16 62 0.435897
16 63 0.501166
16 64 0.578089
16 65 0.799534
16 66 0.370629
16 67 0.522145
16 68 0.713287
16 69 0.286713
16 70 0.559441
16 71 0.284382
16 72 0.156177
16 73 0.799534
16 74 0.827506
16 75 0.454545
16 76 0.571096
16 77 0.692308
16 78 0.477855
16 79 0.650350
16 80 0.074592
16 81 0.405594
16 82 0.636364
16 83 0.456876
16 84 0.904429
16 85 0.379953
16 86 0.324009
16 87 0.326340
16 88 0.659674
16 89 0.762238
16 90 0.972028
16 91 0.044289
16 92 0.648019
16 93 0.512821
16 94 0.939394
16 95 0.445221
16 96 0.209790
16 97 0.610723
16 98 0.174825
16 99 0.529138
17 18 0.309833
17 19 0.725417
17 20 0.708720
17 21 0.493506
17 22 0.070501
17 23 0.920223
17 24 0.461967
17 25 0.467532
17 26 0.148423
17 27 0.350649
17 28 0.513915
17 29 0.463822
17 30 0.480519
17 31 0.608534
17 32 0.593692
17 33 0.862709
17 34 0.445269
17 35 0.864564
17 36 0.781076
17 37 0.660482
17 38 0.350649
17 39 0.816327
17 40 0.176252
17 41 0.582560
17 42 0.532468
17 43 0.354360
17 44 0.226345
17 45 0.465677
17 46 0.729128
17 47 0.910946
17 48 0.582560
17 49 0.690167
17 50 0.526902
17 51 0.131725
17 52 0.667904
17 53 0.855288
17 54 0.126160
17 55 0.233766
17 56 0.706865
17 57 0.578850
17 58 0.847866
17 59 0.833024
17 60 0.721707
17 61 0.294991
17 62 0.471243
17 63 0.178108
17 64 0.998145
17 65 0.408163
17 66 0.263451
17 67 0.821892
17 68 0.899814
17 69 0.367347
17 70 0.521336
17 71 0.389610
17 72 0.456401
17 73 0.608534
17 74 0.389610
17 75 0.781076
17 76 0.478664
17 77 0.857143
17 78 0.239332
17 79 0.458256
17 80 0.608534
17 81 0.680891
17 82 0.929499
17 83 0.326531
17 84 0.808905
17 85 0.847866
17 86 0.434137
17 87 0.786642
17 88 0.630798
17 89 0.736549
17 90 0.293135
17 91 0.521336
17 92 0.897959
17 93 0.957328
17 94 0.894249
17 95 0.578850
17 96 0.562152
17 97 0.814471
17 98 0.673469
17 99 0.220779
18 19 0.541436
18 20 0.598527
18 21 0.478821
18 22 0.370166
18 23 0.998158
18 24 0.283610
18 25 0.333333
18 26 0.289134
18 27 0.046041
18 28 0.405157
18 29 0.287293
18 30 0.239411
18 31 0.421731
18 32 0.532228
18 33 0.707182
18 34 0.513812
18 35 0.696133
18 36 0.861878
18 37 0.534070
18 38 0.331492
18 39 0.782689
18 40 0.141805
18 41 0.270718
18 42 0.263352
18 43 0.550645
18 44 0.235727
18 45 0.526703
18 46 0.561694
18 47 0.690608
18 48 0.285451
18 49 0.674033
18 50 0.460405
18 51 0.239411
18 52 0.539595
18 53 0.882136
18 54 0.381215
18 55 0.209945
18 56 0.475138
18 57 0.279926
18 58 0.806630
18 59 0.705341
18 60 0.788214
18 61 0.044199
18 62 0.160221
18 63 0.272560
18 64 0.815838
18 65 0.616943
18 66 0.220994
18 67 0.742173
18 68 0.867403
18 69 0.311234
18 70 0.222836
18 71 0.136280
18 72 0.237569
18 73 0.740331
18 74 0.615101
18 75 0.690608
18 76 0.563536
18 77 0.836096
18 78 0.324125
18 79 0.585635
18 80 0.394107
18 81 0.616943
18 82 0.841621
18 83 0.018416
18 84 0.900552
18 85 0.659300
18 86 0.408840
18 87 0.526703
18 88 0.697974
18 89 0.802947
18 90 0.593002
18 91 0.338858
18 92 0.834254
18 93 0.760589
18 94 0.961326
18 95 0.267035
18 96 0.456722
18 97 0.779006
18 98 0.499079
18 99 0.348066
19 20 0.189899
19 21 0.381818
19 22 0.814141
19 23 0.822222
19 24 0.294949
19 25 0.280808
19 26 0.646465
19 27 0.604040
19 28 0.252525
19 29 0.292929
19 30 0.335354
19 31 0.131313
19 32 0.284848
19 33 0.185859
19 34 0.525253
19 35 0.169697
19 36 0.717172
19 37 0.145455
19 38 0.436364
19 39 0.446465
19 40 0.703030
19 41 0.589899
19 42 0.341414
19 43 0.745455
19 44 0.543434
19 45 0.515152
19 46 0.044444
19 47 0.216162
19 48 0.688889
19 49 0.414141
19 50 0.292929
19 51 0.646465
19 52 0.139394
19 53 0.630303
19 54 0.761616
19 55 0.533333
19 56 0.145455
19 57 0.680808
19 58 0.450505
19 59 0.218182
19 60 0.638384
19 61 0.559596
19 62 0.555556
19 63 0.608081
19 64 0.303030
19 65 0.802020
19 66 0.503030
19 67 0.327273
19 68 0.511111
19 69 0.402020
19 70 0.654545
19 71 0.442424
19 72 0.333333
19 73 0.735354
19 74 0.830303
19 75 0.272727
19 76 0.563636
19 77 0.509091
19 78 0.571717
19 79 0.642424
19 80 0.167677
19 81 0.294949
19 82 0.400000
19 83 0.593939
19 84 0.767677
19 85 0.133333
19 86 0.385859
19 87 0.244444
19 88 0.585859
19 89 0.646465
19 90 0.997980
19 91 0.228283
19 92 0.432323
19 93 0.252525
19 94 0.769697
19 95 0.533333
19 96 0.222222
19 97 0.438384
19 98 0.058586
19 99 0.614141
20 21 0.289760
20 22 0.838780
20 23 0.681917
20 24 0.376906
20 25 0.315904
20 26 0.662309
20 27 0.734205
20 28 0.237473
20 29 0.372549
20 30 0.464052
20 31 0.259259
20 32 0.156863
20 33 0.206972
20 34 0.431373
20 35 0.230937
20 36 0.570806
20 37 0.080610
20 38 0.420479
20 39 0.281046
20 40 0.788671
20 41 0.784314
20 42 0.501089
20 43 0.686275
20 44 0.568627
20 45 0.416122
20 46 0.156863
20 47 0.389978
20 48 0.884532
20 49 0.246187
20 50 0.215686
20 51 0.679739
20 52 0.078431
20 53 0.474946
20 54 0.766885
20 55 0.570806
20 56 0.352941
20 57 0.875817
20 58 0.289760
20 59 0.145969
20 60 0.490196
20 61 0.662309
20 62 0.718954
20 63 0.623094
20 64 0.381264
20 65 0.734205
20 66 0.535948
20 67 0.174292
20 68 0.359477
20 69 0.400871
20 70 0.836601
20 71 0.557734
20 72 0.442266
20 73 0.616558
20 74 0.773420
20 75 0.111111
20 76 0.459695
20 77 0.348584
20 78 0.562092
20 79 0.549020
20 80 0.324619
20 81 0.119826
20 82 0.287582
20 83 0.714597
20 84 0.625272
20 85 0.267974
20 86 0.331155
20 87 0.468410
20 88 0.444444
20 89 0.496732
20 90 0.997821
20 91 0.320261
20 92 0.291939
20 93 0.374728
20 94 0.623094
20 95 0.725490
20 96 0.176471
20 97 0.272331
20 98 0.187364
20 99 0.603486
21 22 0.682292
21 23 0.747396
21 24 0.375000
21 25 0.276042
21 26 0.481771
21 27 0.726562
21 28 0.205729
21 29 0.369792
21 30 0.510417
21 31 0.416667
21 32 0.158854
21 33 0.591146
21 34 0.182292
21 35 0.614583
21 36 0.562500
21 37 0.322917
21 38 0.221354
21 39 0.458333
21 40 0.703125
21 41 0.903646
21 42 0.593750
21 43 0.476562
21 44 0.406250
21 45 0.171875
21 46 0.463542
21 47 0.765625
21 48 0.997396
21 49 0.286458
21 50 0.114583
21 51 0.526042
21 52 0.333333
21 53 0.570312
21 54 0.585938
21 55 0.421875
21 56 0.596354
21 57 0.986979
21 58 0.500000
21 59 0.518229
21 60 0.455729
21 61 0.611979
21 62 0.778646
21 63 0.445312
21 64 0.799479
21 65 0.541667
21 66 0.388021
21 67 0.466146
21 68 0.575521
21 69 0.234375
21 70 0.919271
21 71 0.546875
21 72 0.460938
21 73 0.484375
21 74 0.583333
21 75 0.416667
21 76 0.236979
21 77 0.520833
21 78 0.356771
21 79 0.335938
21 80 0.481771
21 81 0.265625
21 82 0.614583
21 83 0.690104
21 84 0.625000
21 85 0.635417
21 86 0.098958
21 87 0.750000
21 88 0.338542
21 89 0.473958
21 90 0.848958
21 91 0.375000
21 92 0.565104
21 93 0.778646
21 94 0.690104
21 95 0.846354
21 96 0.205729
21 97 0.455729
21 98 0.424479
21 99 0.393229
22 23 0.863139
22 24 0.485401
22 25 0.481752
22 26 0.151460
22 27 0.408759
22 28 0.518248
22 29 0.485401
22 30 0.514599
22 31 0.625912
22 32 0.582117
22 33 0.861314
22 34 0.414234
22 35 0.866788
22 36 0.728102
22 37 0.660584
22 38 0.350365
22 39 0.788321
22 40 0.240876
22 41 0.636861
22 42 0.569343
22 43 0.293796
22 44 0.244526
22 45 0.434307
22 46 0.735401
22 47 0.923358
22 48 0.640511
22 49 0.662409
22 50 0.521898
22 51 0.158759
22 52 0.667883
22 53 0.812044
22 54 0.074818
22 55 0.259124
22 56 0.729927
22 57 0.636861
22 58 0.819343
22 59 0.826642
22 60 0.675182
22 61 0.348540
22 62 0.527372
22 63 0.186131
22 64 0.998175
22 65 0.341241
22 66 0.284672
22 67 0.804745
22 68 0.868613
22 69 0.374088
22 70 0.580292
22 71 0.432482
22 72 0.487226
22 73 0.551095
22 74 0.321168
22 75 0.768248
22 76 0.439781
22 77 0.822993
22 78 0.229927
22 79 0.410584
22 80 0.631387
22 81 0.664234
22 82 0.910584
22 83 0.385036
22 84 0.751825
22 85 0.855839
22 86 0.427007
22 87 0.813869
22 88 0.587591
22 89 0.689781
22 90 0.220803
22 91 0.540146
22 92 0.872263
22 93 0.963504
22 94 0.841241
22 95 0.631387
22 96 0.562044
22 97 0.788321
22 98 0.682482
22 99 0.200730
23 24 0.638393
23 25 0.580357
23 26 0.633929
23 27 0.837798
23 28 0.528274
23 29 0.633929
23 30 0.714286
23 31 0.619048
23 32 0.427083
23 33 0.556548
23 34 0.395833
23 35 0.584821
23 36 0.111607
23 37 0.507440
23 38 0.538690
23 39 0.288690
23 40 0.796131
23 41 0.943452
23 42 0.758929
23 43 0.470238
23 44 0.627976
23 45 0.382440
23 46 0.574405
23 47 0.714286
23 48 0.998512
23 49 0.305060
23 50 0.467262
23 51 0.674107
23 52 0.508929
23 53 0.145833
23 54 0.642857
23 55 0.644345
23 56 0.703869
23 57 0.991071
23 58 0.299107
23 59 0.492560
23 60 0.169643
23 61 0.770833
23 62 0.872024
23 63 0.625000
23 64 0.644345
23 65 0.450893
23 66 0.630952
23 67 0.391369
23 68 0.275298
23 69 0.558036
23 70 0.953869
23 71 0.739583
23 72 0.688988
23 73 0.260417
23 74 0.480655
23 75 0.416667
23 76 0.360119
23 77 0.252976
23 78 0.568452
23 79 0.369048
23 80 0.665179
23 81 0.389881
23 82 0.404762
23 83 0.816964
23 84 0.090774
23 85 0.630952
23 86 0.480655
23 87 0.785714
23 88 0.242560
23 89 0.157738
23 90 0.691964
23 91 0.626488
23 92 0.345238
23 93 0.674107
23 94 0.038690
23 95 0.907738
23 96 0.501488
23 97 0.294643
23 98 0.587798
23 99 0.569940
24 25 0.096059
24 26 0.458128
24 27 0.403941
24 28 0.187192
24 29 0.004926
24 30 0.125616
24 31 0.197044
24 32 0.366995
24 33 0.568966
24 34 0.482759
24 35 0.561576
24 36 0.886700
24 37 0.337438
24 38 0.261084
24 39 0.697044
24 40 0.497537
24 41 0.504926
24 42 0.206897
24 43 0.677340
24 44 0.327586
24 45 0.487685
24 46 0.379310
24 47 0.593596
24 48 0.600985
24 49 0.573892
24 50 0.283251
24 51 0.443350
24 52 0.342365
24 53 0.864532
24 54 0.608374
24 55 0.305419
24 56 0.327586
24 57 0.591133
24 58 0.724138
24 59 0.564039
24 60 0.783251
24 61 0.330049
24 62 0.399015
24 63 0.411330
24 64 0.729064
24 65 0.761084
24 66 0.270936
24 67 0.620690
24 68 0.805419
24 69 0.206897
24 70 0.536946
24 71 0.201970
24 72 0.083744
24 73 0.800493
24 74 0.783251
24 75 0.549261
24 76 0.551724
24 77 0.773399
24 78 0.396552
24 79 0.623153
24 80 0.194581
24 81 0.470443
24 82 0.751232
24 83 0.381773
24 84 0.945813
24 85 0.522167
24 86 0.285714
24 87 0.448276
24 88 0.674877
24 89 0.800493
24 90 0.911330
24 91 0.078818
24 92 0.748768
24 93 0.665025
24 94 0.997537
24 95 0.445813
24 96 0.248768
24 97 0.689655
24 98 0.295567
24 99 0.450739
25 26 0.493188
25 27 0.531335
25 28 0.106267
25 29 0.098093
25 30 0.245232
25 31 0.217984
25 32 0.302452
25 33 0.585831
25 34 0.441417
25 35 0.583106
25 36 0.874659
25 37 0.302452
25 38 0.226158
25 39 0.673025
25 40 0.594005
25 41 0.664850
25 42 0.332425
25 43 0.681199
25 44 0.354223
25 45 0.444142
25 46 0.384196
25 47 0.659401
25 48 0.771117
25 49 0.531335
25 50 0.207084
25 51 0.493188
25 52 0.310627
25 53 0.852861
25 54 0.651226
25 55 0.343324
25 56 0.397820
25 57 0.757493
25 58 0.705722
25 59 0.561308
25 60 0.760218
25 61 0.435967
25 62 0.544959
25 63 0.441417
25 64 0.779292
25 65 0.768392
25 66 0.299728
25 67 0.602180
25 68 0.795640
25 69 0.171662
25 70 0.694823
25 71 0.316076
25 72 0.196185
25 73 0.787466
25 74 0.798365
25 75 0.525886
25 76 0.514986
25 77 0.754768
25 78 0.400545
25 79 0.599455
25 80 0.253406
25 81 0.422343
25 82 0.752044
25 83 0.501362
25 84 0.940054
25 85 0.558583
25 86 0.220708
25 87 0.547684
25 88 0.643052
25 89 0.779292
25 90 0.978202
25 91 0.117166
25 92 0.741144
25 93 0.719346
25 94 0.997275
25 95 0.599455
25 96 0.182561
25 97 0.667575
25 98 0.299728
25 99 0.460490
26 27 0.393548
26 28 0.430108
26 29 0.400000
26 30 0.447312
26 31 0.559140
26 32 0.516129
26 33 0.836559
26 34 0.352688
26 35 0.840860
26 36 0.752688
26 37 0.602151
26 38 0.236559
26 39 0.774194
26 40 0.249462
26 41 0.645161
26 42 0.518280
26 43 0.309677
26 44 0.113978
26 45 0.374194
26 46 0.688172
26 47 0.909677
26 48 0.673118
26 49 0.627957
26 50 0.438710
26 51 0.064516
26 52 0.610753
26 53 0.825806
26 54 0.131183
26 55 0.139785
26 56 0.688172
26 57 0.666667
26 58 0.808602
26 59 0.797849
26 60 0.679570
26 61 0.298925
26 62 0.513978
26 63 0.040860
26 64 0.997849
26 65 0.382796
26 66 0.163441
26 67 0.780645
26 68 0.870968
26 69 0.262366
26 70 0.600000
26 71 0.365591
26 72 0.410753
26 73 0.569892
26 74 0.378495
26 75 0.733333
26 76 0.397849
26 77 0.821505
26 78 0.105376
26 79 0.389247
26 80 0.569892
26 81 0.615054
26 82 0.905376
26 83 0.359140
26 84 0.789247
26 85 0.830108
26 86 0.331183
26 87 0.791398
26 88 0.572043
26 89 0.696774
26 90 0.400000
26 91 0.462366
26 92 0.866667
26 93 0.956989
26 94 0.881720
26 95 0.627957
26 96 0.483871
26 97 0.772043
26 98 0.625806
26 99 0.092473
27 28 0.430147
27 29 0.305147
27 30 0.242647
27 31 0.431985
27 32 0.558824
27 33 0.716912
27 34 0.553309
27 35 0.704044
27 36 0.898897
27 37 0.553309
27 38 0.369485
27 39 0.810662
27 40 0.176471
27 41 0.227941
27 42 0.257353
27 43 0.595588
27 44 0.281250
27 45 0.568015
27 46 0.573529
27 47 0.689338
27 48 0.238971
27 49 0.705882
27 50 0.488971
27 51 0.284926
27 52 0.556985
27 53 0.915441
27 54 0.426471
27 55 0.253676
27 56 0.474265
27 57 0.233456
27 58 0.832721
27 59 0.718750
27 60 0.825368
27 61 0.086397
27 62 0.121324
27 63 0.319853
27 64 0.819853
27 65 0.661765
27 66 0.262868
27 67 0.762868
27 68 0.893382
27 69 0.347426
27 70 0.176471
27 71 0.148897
27 72 0.250000
27 73 0.783088
27 74 0.659926
27 75 0.711397
27 76 0.604779
27 77 0.863971
27 78 0.369485
27 79 0.628676
27 80 0.398897
27 81 0.643382
27 82 0.862132
27 83 0.027574
27 84 0.939338
27 85 0.663603
27 86 0.443015
27 87 0.514706
27 88 0.735294
27 89 0.840074
27 90 0.636029
27 91 0.352941
27 92 0.858456
27 93 0.761029
27 94 0.998162
27 95 0.229779
27 96 0.481618
27 97 0.806985
27 98 0.511029
27 99 0.393382
28 29 0.196765
28 30 0.339623
28 31 0.218329
28 32 0.194070
28 33 0.506739
28 34 0.390836
28 35 0.514825
28 36 0.776280
28 37 0.215633
28 38 0.247978
28 39 0.560647
28 40 0.679245
28 41 0.754717
28 42 0.417790
28 43 0.663073
28 44 0.415094
28 45 0.388140
28 46 0.326146
28 47 0.622642
28 48 0.865229
28 49 0.420485
28 50 0.107817
28 51 0.555256
28 52 0.223720
28 53 0.741240
28 54 0.684636
28 55 0.412399
28 56 0.407008
28 57 0.851752
28 58 0.590296
28 59 0.466307
28 60 0.663073
28 61 0.530997
28 62 0.644205
28 63 0.490566
28 64 0.708895
28 65 0.743935
28 66 0.369272
28 67 0.493261
28 68 0.679245
28 69 0.210243
28 70 0.792453
28 71 0.417790
28 72 0.296496
28 73 0.716981
28 74 0.778976
28 75 0.420485
28 76 0.458221
28 77 0.641509
28 78 0.431267
28 79 0.552561
28 80 0.283019
28 81 0.312668
28 82 0.644205
28 83 0.601078
28 84 0.843666
28 85 0.506739
28 86 0.183288
28 87 0.566038
28 88 0.555256
28 89 0.679245
28 90 0.997305
28 91 0.177898
28 92 0.628032
28 93 0.663073
28 94 0.892183
28 95 0.690027
28 96 0.078167
28 97 0.552561
28 98 0.258760
28 99 0.487871
29 30 0.133663
29 31 0.198020
29 32 0.361386
29 33 0.569307
29 34 0.480198
29 35 0.559406
29 36 0.883663
29 37 0.331683
29 38 0.257426
29 39 0.695545
29 40 0.502475
29 41 0.512376
29 42 0.212871
29 43 0.675743
29 44 0.326733
29 45 0.485149
29 46 0.376238
29 47 0.596535
29 48 0.611386
29 49 0.569307
29 50 0.277228
29 51 0.445545
29 52 0.339109
29 53 0.861386
29 54 0.608911
29 55 0.306931
29 56 0.331683
29 57 0.601485
29 58 0.720297
29 59 0.561881
29 60 0.782178
29 61 0.336634
29 62 0.408416
29 63 0.413366
29 64 0.730198
29 65 0.759901
29 66 0.272277
29 67 0.616337
29 68 0.801980
29 69 0.202970
29 70 0.544554
29 71 0.210396
29 72 0.089109
29 73 0.797030
29 74 0.782178
29 75 0.547030
29 76 0.549505
29 77 0.769802
29 78 0.396040
29 79 0.618812
29 80 0.195545
29 81 0.465347
29 82 0.750000
29 83 0.388614
29 84 0.943069
29 85 0.522277
29 86 0.279703
29 87 0.452970
29 88 0.673267
29 89 0.797030
29 90 0.915842
29 91 0.076733
29 92 0.747525
29 93 0.665842
29 94 0.997525
29 95 0.455446
29 96 0.242574
29 97 0.688119
29 98 0.294554
29 99 0.450495
30 31 0.224891
30 32 0.432314
30 33 0.563319
30 34 0.534934
30 35 0.545852
30 36 0.899563
30 37 0.384279
30 38 0.325328
30 39 0.720524
30 40 0.421397
30 41 0.336245
30 42 0.078603
30 43 0.687773
30 44 0.338428
30 45 0.541485
30 46 0.393013
30 47 0.537118
30 48 0.425764
30 49 0.617904
30 50 0.362445
30 51 0.425764
30 52 0.388646
30 53 0.875546
30 54 0.587336
30 55 0.312227
30 56 0.281659
30 57 0.417031
30 58 0.742358
30 59 0.572052
30 60 0.807860
30 61 0.255459
30 62 0.253275
30 63 0.414847
30 64 0.685590
30 65 0.764192
30 66 0.290393
30 67 0.641921
30 68 0.814410
30 69 0.277293
30 70 0.371179
30 71 0.122271
30 72 0.043668
30 73 0.818777
30 74 0.779476
30 75 0.578603
30 76 0.596070
30 77 0.788210
30 78 0.421397
30 79 0.655022
30 80 0.183406
30 81 0.519651
30 82 0.751092
30 83 0.279476
30 84 0.951965
30 85 0.497817
30 86 0.362445
30 87 0.360262
30 88 0.711790
30 89 0.820961
30 90 0.860262
30 91 0.144105
30 92 0.757642
30 93 0.615721
30 94 0.997817
30 95 0.281659
30 96 0.325328
30 97 0.713974
30 98 0.318777
30 99 0.469432
31 32 0.297052
31 33 0.351474
31 34 0.514739
31 35 0.337868
31 36 0.807256
31 37 0.185941
31 38 0.369615
31 39 0.555556
31 40 0.639456
31 41 0.548753
31 42 0.256236
31 43 0.739229
31 44 0.471655
31 45 0.510204
31 46 0.174603
31 47 0.367347
31 48 0.655329
31 49 0.478458
31 50 0.263039
31 51 0.585034
31 52 0.185941
31 53 0.743764
31 54 0.723356
31 55 0.458050
31 56 0.156463
31 57 0.643991
31 58 0.569161
31 59 0.362812
31 60 0.712018
31 61 0.480726
31 62 0.489796
31 63 0.546485
31 64 0.489796
31 65 0.809524
31 66 0.424036
31 67 0.448980
31 68 0.643991
31 69 0.324263
31 70 0.607710
31 71 0.349206
31 72 0.224490
31 73 0.782313
31 74 0.839002
31 75 0.383220
31 76 0.569161
31 77 0.628118
31 78 0.517007
31 79 0.648526
31 80 0.070295
31 81 0.353741
31 82 0.555556
31 83 0.519274
31 84 0.861678
31 85 0.297052
31 86 0.337868
31 87 0.290249
31 88 0.632653
31 89 0.723356
31 90 0.997732
31 91 0.108844
31 92 0.573696
31 93 0.428571
31 94 0.886621
31 95 0.485261
31 96 0.188209
31 97 0.546485
31 98 0.097506
31 99 0.566893
32 33 0.423858
32 34 0.322335
32 35 0.449239
32 36 0.568528
32 37 0.177665
32 38 0.335025
32 39 0.347716
32 40 0.791878
32 41 0.893401
32 42 0.571066
32 43 0.616751
32 44 0.515228
32 45 0.304569
32 46 0.319797
32 47 0.614213
32 48 0.997462
32 49 0.213198
32 50 0.098985
32 51 0.642132
32 52 0.187817
32 53 0.515228
32 54 0.720812
32 55 0.525381
32 56 0.492386
32 57 0.987310
32 58 0.378173
32 59 0.350254
32 60 0.464467
32 61 0.672589
32 62 0.789340
32 63 0.568528
32 64 0.626904
32 65 0.672589
32 66 0.487310
32 67 0.312183
32 68 0.461929
32 69 0.327411
32 70 0.928934
32 71 0.576142
32 72 0.464467
32 73 0.563452
32 74 0.718274
32 75 0.256345
32 76 0.357868
32 77 0.421320
32 78 0.489848
32 79 0.461929
32 80 0.408629
32 81 0.121827
32 82 0.459391
32 83 0.743655
32 84 0.631980
32 85 0.477157
32 86 0.218274
32 87 0.639594
32 88 0.380711
32 89 0.477157
32 90 0.982234
32 91 0.342640
32 92 0.426396
32 93 0.611675
32 94 0.664975
32 95 0.829949
32 96 0.126904
32 97 0.340102
32 98 0.304569
32 99 0.530457
33 34 0.532609
33 35 0.034420
33 36 0.608696
33 37 0.197464
33 38 0.507246
33 39 0.324275
33 40 0.782609
33 41 0.695652
33 42 0.474638
33 43 0.744565
33 44 0.621377
33 45 0.519928
33 46 0.141304
33 47 0.193841
33 48 0.784420
33 49 0.351449
33 50 0.344203
33 51 0.713768
33 52 0.190217
33 53 0.498188
33 54 0.798913
33 55 0.615942
33 56 0.282609
33 57 0.777174
33 58 0.313406
33 59 0.077899
33 60 0.548913
33 61 0.663043
33 62 0.664855
33 63 0.672101
33 64 0.143116
33 65 0.784420
33 66 0.586957
33 67 0.201087
33 68 0.356884
33 69 0.483696
33 70 0.755435
33 71 0.559783
33 72 0.460145
33 73 0.673913
33 74 0.815217
33 75 0.175725
33 76 0.554348
33 77 0.371377
33 78 0.628623
33 79 0.628623
33 80 0.317029
33 81 0.259058
33 82 0.222826
33 83 0.695652
33 84 0.652174
33 85 0.101449
33 86 0.440217
33 87 0.340580
33 88 0.527174
33 89 0.550725
33 90 0.998188
33 91 0.362319
33 92 0.273551
33 93 0.148551
33 94 0.628623
33 95 0.643116
33 96 0.297101
33 97 0.317029
33 98 0.202899
33 99 0.663043
34 35 0.725537
34 36 0.455847
34 37 0.463007
34 38 0.243437
34 39 0.496420
34 40 0.642005
34 41 0.928401
34 42 0.668258
34 43 0.279236
34 44 0.369928
34 45 0.026253
34 46 0.591885
34 47 0.871122
34 48 0.997613
34 49 0.334129
34 50 0.274463
34 51 0.448687
34 52 0.472554
34 53 0.525060
34 54 0.443914
34 55 0.398568
34 56 0.708831
34 57 0.988067
34 58 0.536993
34 59 0.625298
34 60 0.365155
34 61 0.608592
34 62 0.797136
34 63 0.372315
34 64 0.892601
34 65 0.329356
34 66 0.379475
34 67 0.548926
34 68 0.596659
34 69 0.286396
34 70 0.921241
34 71 0.584726
34 72 0.536993
34 73 0.307876
34 74 0.372315
34 75 0.515513
34 76 0.066826
34 77 0.536993
34 78 0.279236
34 79 0.140811
34 80 0.596659
34 81 0.377088
34 82 0.677804
34 83 0.684964
34 84 0.501193
34 85 0.749403
34 86 0.193317
34 87 0.847255
34 88 0.245823
34 89 0.384248
34 90 0.642005
34 91 0.486874
34 92 0.615752
34 93 0.878282
34 94 0.591885
34 95 0.880668
34 96 0.357995
34 97 0.496420
34 98 0.558473
34 99 0.291169
35 36 0.634409
35 37 0.204301
35 38 0.507168
35 39 0.354839
35 40 0.768817
35 41 0.664875
35 42 0.451613
35 43 0.752688
35 44 0.616487
35 45 0.532258
35 46 0.132616
35 47 0.155914
35 48 0.754480
35 49 0.376344
35 50 0.353047
35 51 0.707885
35 52 0.197133
35 53 0.526882
35 54 0.797491
35 55 0.609319
35 56 0.254480
35 57 0.747312
35 58 0.345878
35 59 0.109319
35 60 0.573477
35 61 0.646953
35 62 0.641577
35 63 0.668459
35 64 0.129032
35 65 0.793907
35 66 0.582437
35 67 0.232975
35 68 0.388889
35 69 0.482079
35 70 0.727599
35 71 0.543011
35 72 0.444444
35 73 0.693548
35 74 0.824373
35 75 0.206093
35 76 0.569892
35 77 0.401434
35 78 0.629032
35 79 0.641577
35 80 0.299283
35 81 0.281362
35 82 0.254480
35 83 0.677419
35 84 0.677419
35 85 0.066308
35 86 0.446237
35 87 0.306452
35 88 0.548387
35 89 0.577061
35 90 0.998208
35 91 0.349462
35 92 0.306452
35 93 0.118280
35 94 0.655914
35 95 0.612903
35 96 0.301075
35 97 0.347670
35 98 0.191756
35 99 0.664875
36 37 0.475000
36 38 0.480000
36 39 0.270000
36 40 0.766667
36 41 0.940000
36 42 0.738333
36 43 0.408333
36 44 0.576667
36 45 0.303333
36 46 0.558333
36 47 0.730000
36 48 0.998333
36 49 0.248333
36 50 0.411667
36 51 0.628333
36 52 0.478333
36 53 0.140000
36 54 0.596667
36 55 0.596667
36 56 0.695000
36 57 0.991667
36 58 0.291667
36 59 0.488333
36 60 0.068333
36 61 0.740000
36 62 0.858333
36 63 0.575000
36 64 0.671667
36 65 0.393333
36 66 0.581667
36 67 0.380000
36 68 0.286667
36 69 0.501667
36 70 0.948333
36 71 0.708333
36 72 0.655000
36 73 0.180000
36 74 0.426667
36 75 0.398333
36 76 0.276667
36 77 0.246667
36 78 0.511667
36 79 0.290000
36 80 0.641667
36 81 0.346667
36 82 0.420000
36 83 0.791667
36 84 0.041667
36 85 0.635000
36 86 0.418333
36 87 0.790000
36 88 0.148333
36 89 0.060000
36 90 0.663333
36 91 0.591667
36 92 0.353333
36 93 0.696667
36 94 0.101667
36 95 0.903333
36 96 0.456667
36 97 0.276667
36 98 0.565000
36 99 0.511667
37 38 0.383747
37 39 0.367946
37 40 0.744921
37 41 0.729120
37 42 0.435666
37 43 0.693002
37 44 0.528217
37 45 0.424379
37 46 0.124153
37 47 0.388262
37 48 0.832957
37 49 0.306998
37 50 0.185102
37 51 0.645598
37 52 0.009029
37 53 0.562077
37 54 0.747178
37 55 0.525959
37 56 0.297968
37 57 0.821670
37 58 0.381490
37 59 0.212190
37 60 0.555305
37 61 0.609481
37 62 0.659142
37 63 0.591422
37 64 0.422122
37 65 0.749436
37 66 0.489842
37 67 0.266366
37 68 0.455982
37 69 0.356659
37 70 0.781038
37 71 0.494357
37 72 0.374718
37 73 0.659142
37 74 0.785553
37 75 0.200903
37 76 0.476298
37 77 0.440181
37 78 0.534989
37 79 0.566591
37 80 0.255079
37 81 0.176072
37 82 0.379233
37 83 0.659142
37 84 0.699774
37 85 0.268623
37 86 0.302483
37 87 0.424379
37 88 0.492099
37 89 0.562077
37 90 0.997743
37 91 0.248307
37 92 0.388262
37 93 0.395034
37 94 0.708804
37 95 0.665914
37 96 0.121896
37 97 0.358916
37 98 0.121896
37 99 0.580135
38 39 0.728291
38 40 0.518207
38 41 0.801120
38 42 0.518207
38 43 0.473389
38 44 0.201681
38 45 0.302521
38 46 0.596639
38 47 0.901961
38 48 0.882353
38 49 0.546218
38 50 0.266106
38 51 0.336134
38 52 0.487395
38 53 0.845938
38 54 0.450980
38 55 0.215686
38 56 0.644258
38 57 0.873950
38 58 0.770308
38 59 0.731092
38 60 0.694678
38 61 0.434174
38 62 0.647059
38 63 0.257703
38 64 0.997199
38 65 0.565826
38 66 0.179272
38 67 0.714286
38 68 0.857143
38 69 0.061625
38 70 0.795518
38 71 0.397759
38 72 0.358543
38 73 0.647059
38 74 0.593838
38 75 0.649860
38 76 0.366947
38 77 0.798319
38 78 0.187675
38 79 0.425770
38 80 0.492997
38 81 0.501401
38 82 0.876751
38 83 0.521008
38 84 0.865546
38 85 0.784314
38 86 0.134454
38 87 0.795518
38 88 0.557423
38 89 0.717087
38 90 0.778711
38 91 0.350140
38 92 0.837535
38 93 0.949580
38 94 0.957983
38 95 0.750700
38 96 0.324930
38 97 0.725490
38 98 0.523810
38 99 0.246499
39 40 0.844402
39 41 0.916509
39 42 0.669829
39 43 0.599620
39 44 0.629981
39 45 0.373814
39 46 0.375712
39 47 0.540797
39 48 0.998102
39 49 0.129032
39 50 0.332068
39 51 0.717268
39 52 0.309298
39 53 0.182163
39 54 0.745731
39 55 0.641366
39 56 0.552182
39 57 0.988615
39 58 0.032258
39 59 0.258065
39 60 0.261860
39 61 0.762808
39 62 0.846300
39 63 0.658444
39 64 0.457306
39 65 0.616698
39 66 0.614801
39 67 0.129032
39 68 0.085389
39 69 0.497154
39 70 0.950664
39 71 0.690702
39 72 0.601518
39 73 0.430740
39 74 0.654649
39 75 0.165085
39 76 0.385199
39 77 0.058824
39 78 0.590133
39 79 0.451613
39 80 0.523719
39 81 0.174573
39 82 0.176471
39 83 0.815939
39 84 0.349146
39 85 0.434535
39 86 0.402277
39 87 0.647059
39 88 0.278937
39 89 0.258065
39 90 0.899431
39 91 0.500949
39 92 0.104364
39 93 0.491461
39 94 0.318786
39 95 0.865275
39 96 0.345351
39 97 0.007590
39 98 0.407970
39 99 0.611006
40 41 0.423892
40 42 0.412331
40 43 0.497110
40 44 0.221580
40 45 0.537572
40 46 0.684008
40 47 0.843931
40 48 0.421965
40 49 0.732177
40 50 0.526012
40 51 0.165703
40 52 0.641618
40 53 0.932563
40 54 0.285164
40 55 0.206166
40 56 0.622351
40 57 0.418112
40 58 0.886320
40 59 0.818882
40 60 0.815029
40 61 0.150289
40 62 0.314066
40 63 0.223507
40 64 0.959538
40 65 0.562620
40 66 0.233141
40 67 0.836224
40 68 0.946050
40 69 0.352601
40 70 0.358382
40 71 0.265896
40 72 0.360308
40 73 0.732177
40 74 0.552987
40 75 0.786127
40 76 0.566474
40 77 0.907514
40 78 0.294798
40 79 0.568401
40 80 0.527938
40 81 0.693642
40 82 0.946050
40 83 0.163776
40 84 0.921002
40 85 0.797688
40 86 0.448940
40 87 0.687861
40 88 0.716763
40 89 0.830443
40 90 0.487476
40 91 0.450867
40 92 0.926782
40 93 0.907514
40 94 0.998073
40 95 0.427746
40 96 0.541426
40 97 0.853565
40 98 0.620424
40 99 0.302505
41 42 0.212766
41 43 0.710311
41 44 0.425532
41 45 0.643208
41 46 0.510638
41 47 0.548282
41 48 0.081833
41 49 0.715221
41 50 0.523732
41 51 0.450082
41 52 0.530278
41 53 0.909984
41 54 0.579378
41 55 0.400982
41 56 0.374795
41 57 0.075286
41 58 0.803601
41 59 0.653028
41 60 0.854337
41 61 0.263502
41 62 0.099836
41 63 0.471358
41 64 0.689034
41 65 0.770867
41 66 0.399345
41 67 0.721768
41 68 0.857610
41 69 0.438625
41 70 0.081833
41 71 0.235679
41 72 0.279869
41 73 0.847791
41 74 0.774141
41 75 0.674304
41 76 0.682488
41 77 0.841244
41 78 0.504092
41 79 0.716858
41 80 0.348609
41 81 0.638298
41 82 0.797054
41 83 0.224223
41 84 0.960720
41 85 0.556465
41 86 0.513912
41 87 0.366612
41 88 0.780687
41 89 0.865794
41 90 0.769231
41 91 0.356792
41 92 0.810147
41 93 0.625205
41 94 0.998363
41 95 0.045827
41 96 0.494272
41 97 0.783961
41 98 0.459902
41 99 0.531915
42 43 0.720739
42 44 0.388090
42 45 0.581109
42 46 0.381930
42 47 0.482546
42 48 0.359343
42 49 0.634497
42 50 0.400411
42 51 0.462012
42 52 0.398357
42 53 0.878850
42 54 0.620123
42 55 0.361396
42 56 0.242300
42 57 0.351129
42 58 0.741273
42 59 0.558522
42 60 0.823409
42 61 0.279261
42 62 0.215606
42 63 0.457906
42 64 0.638604
42 65 0.792608
42 66 0.342916
42 67 0.638604
42 68 0.809035
42 69 0.334702
42 70 0.318275
42 71 0.158111
42 72 0.114990
42 73 0.839836
42 74 0.806982
42 75 0.579055
42 76 0.632444
42 77 0.788501
42 78 0.468172
42 79 0.687885
42 80 0.178645
42 81 0.535934
42 82 0.735113
42 83 0.285421
42 84 0.958932
42 85 0.464066
42 86 0.410678
42 87 0.293634
42 88 0.735113
42 89 0.835729
42 90 0.874743
42 91 0.182752
42 92 0.749487
42 93 0.566735
42 94 0.997947
42 95 0.211499
42 96 0.357290
42 97 0.718686
42 98 0.316222
42 99 0.513347
43 44 0.354379
43 45 0.256619
43 46 0.733198
43 47 0.969450
43 48 0.922607
43 49 0.509165
43 50 0.458248
43 51 0.352342
43 52 0.633401
43 53 0.617108
43 54 0.248473
43 55 0.384929
43 56 0.804481
43 57 0.916497
43 58 0.680244
43 59 0.771894
43 60 0.452138
43 61 0.566191
43 62 0.761711
43 63 0.305499
43 64 0.997963
43 65 0.073320
43 66 0.389002
43 67 0.704684
43 68 0.720978
43 69 0.389002
43 70 0.853360
43 71 0.598778
43 72 0.600815
43 73 0.289206
43 74 0.087576
43 75 0.678208
43 76 0.230143
43 77 0.665988
43 78 0.256619
43 79 0.160896
43 80 0.698574
43 81 0.560081
43 82 0.810591
43 83 0.627291
43 84 0.519348
43 85 0.869654
43 86 0.364562
43 87 0.918534
43 88 0.366599
43 89 0.468432
43 90 0.323829
43 91 0.596741
43 92 0.751527
43 93 0.983707
43 94 0.625255
43 95 0.859470
43 96 0.525458
43 97 0.645621
43 98 0.694501
43 99 0.224033
44 45 0.393285
44 46 0.649880
44 47 0.889688
44 48 0.671463
44 49 0.637890
44 50 0.395683
44 51 0.122302
44 52 0.570743
44 53 0.884892
44 54 0.273381
44 55 0.035971
44 56 0.637890
44 57 0.661871
44 58 0.832134
44 59 0.784173
44 60 0.741007
44 61 0.254197
44 62 0.479616
44 63 0.081535
44 64 0.997602
44 65 0.503597
44 66 0.052758
44 67 0.784173
44 68 0.906475
44 69 0.182254
44 70 0.589928
44 71 0.294964
44 72 0.330935
44 73 0.657074
44 74 0.508393
44 75 0.726619
44 76 0.434053
44 77 0.856115
44 78 0.115108
44 79 0.453237
44 80 0.508393
44 81 0.601918
44 82 0.920863
44 83 0.328537
44 84 0.877698
44 85 0.805755
44 86 0.287770
44 87 0.752998
44 88 0.618705
44 89 0.760192
44 90 0.573141
44 91 0.388489
44 92 0.889688
44 93 0.947242
44 94 0.966427
44 95 0.594724
44 96 0.434053
44 97 0.793765
44 98 0.577938
44 99 0.153477
45 46 0.571765
45 47 0.847059
45 48 0.997647
45 49 0.303529
45 50 0.261176
45 51 0.465882
45 52 0.451765
45 53 0.494118
45 54 0.463529
45 55 0.414118
45 56 0.694118
45 57 0.988235
45 58 0.505882
45 59 0.597647
45 60 0.338824
45 61 0.616471
45 62 0.800000
45 63 0.390588
45 64 0.861176
45 65 0.343529
45 66 0.392941
45 67 0.517647
45 68 0.562353
45 69 0.294118
45 70 0.922353
45 71 0.588235
45 72 0.536471
45 73 0.296471
45 74 0.383529
45 75 0.487059
45 76 0.061176
45 77 0.503529
45 78 0.298824
45 79 0.145882
45 80 0.585882
45 81 0.350588
45 82 0.644706
45 83 0.691765
45 84 0.475294
45 85 0.724706
45 86 0.192941
45 87 0.830588
45 88 0.221176
45 89 0.357647
45 90 0.656471
45 91 0.482353
45 92 0.583529
45 93 0.851765
45 94 0.562353
45 95 0.877647
45 96 0.343529
45 97 0.463529
45 98 0.541176
45 99 0.310588
46 47 0.236253
46 48 0.733198
46 49 0.376782
46 50 0.274949
46 51 0.655804
46 52 0.105906
46 53 0.590631
46 54 0.763747
46 55 0.543788
46 56 0.191446
46 57 0.725051
46 58 0.407332
46 59 0.177189
46 60 0.604888
46 61 0.586558
46 62 0.592668
46 63 0.613035
46 64 0.293279
46 65 0.786151
46 66 0.511202
46 67 0.283096
46 68 0.468432
46 69 0.403259
46 70 0.696538
46 71 0.470468
46 72 0.358452
46 73 0.708758
46 74 0.818737
46 75 0.230143
46 76 0.541752
46 77 0.466395
46 78 0.572301
46 79 0.623218
46 80 0.201629
46 81 0.256619
46 82 0.360489
46 83 0.621181
46 84 0.733198
46 85 0.136456
46 86 0.374745
46 87 0.291242
46 88 0.553971
46 89 0.610998
46 90 0.997963
46 91 0.248473
46 92 0.391039
46 93 0.254582
46 94 0.731161
46 95 0.576375
46 96 0.207739
46 97 0.395112
46 98 0.069246
46 99 0.615071
47 48 0.640599
47 49 0.484193
47 50 0.417637
47 51 0.698835
47 52 0.279534
47 53 0.633943
47 54 0.800333
47 55 0.605657
47 56 0.194676
47 57 0.633943
47 58 0.467554
47 59 0.247920
47 60 0.670549
47 61 0.603993
47 62 0.557404
47 63 0.672213
47 64 0.154742
47 65 0.836938
47 66 0.582363
47 67 0.361065
47 68 0.505824
47 69 0.505824
47 70 0.625624
47 71 0.502496
47 72 0.417637
47 73 0.768719
47 74 0.861897
47 75 0.332779
47 76 0.637271
47 77 0.519135
47 78 0.647255
47 79 0.703827
47 80 0.272879
47 81 0.389351
47 82 0.379368
47 83 0.620632
47 84 0.768719
47 85 0.094842
47 86 0.495840
47 87 0.186356
47 88 0.637271
47 89 0.673877
47 90 0.998336
47 91 0.347754
47 92 0.430948
47 93 0.084859
47 94 0.753744
47 95 0.510815
47 96 0.361065
47 97 0.467554
47 98 0.224626
47 99 0.682196
48 49 0.734977
48 50 0.553159
48 51 0.439137
48 52 0.570108
48 53 0.918336
48 54 0.556240
48 55 0.406780
48 56 0.429892
48 57 0.006163
48 58 0.824345
48 59 0.688752
48 60 0.859784
48 61 0.268105
48 62 0.129430
48 63 0.466872
48 64 0.725732
48 65 0.753467
48 66 0.409861
48 67 0.750385
48 68 0.875193
48 69 0.460709
48 70 0.052388
48 71 0.268105
48 72 0.323575
48 73 0.842835
48 74 0.753467
48 75 0.704160
48 76 0.688752
48 77 0.858243
48 78 0.505393
48 79 0.714946
48 80 0.402157
48 81 0.667180
48 82 0.822804
48 83 0.223421
48 84 0.958398
48 85 0.600924
48 86 0.536210
48 87 0.422188
48 88 0.787365
48 89 0.870570
48 90 0.727273
48 91 0.402157
48 92 0.833590
48 93 0.667180
48 94 0.998459
48 95 0.120185
48 96 0.530046
48 97 0.805855
48 98 0.506934
48 99 0.528505
49 50 0.248945
49 51 0.654008
49 52 0.291139
49 53 0.248945
49 54 0.683544
49 55 0.575949
49 56 0.567511
49 57 0.997890
49 58 0.181435
49 59 0.322785
49 60 0.236287
49 61 0.721519
49 62 0.833333
49 63 0.588608
49 64 0.567511
49 65 0.554852
49 66 0.546414
49 67 0.210970
49 68 0.238397
49 69 0.419831
49 70 0.949367
49 71 0.651899
49 72 0.563291
49 73 0.379747
49 74 0.597046
49 75 0.206751
49 76 0.289030
49 77 0.189873
49 78 0.512658
49 79 0.367089
49 80 0.510549
49 81 0.124473
49 82 0.312236
49 83 0.782700
49 84 0.367089
49 85 0.493671
49 86 0.310127
49 87 0.685654
49 88 0.204641
49 89 0.240506
49 90 0.860759
49 91 0.464135
49 92 0.251055
49 93 0.582278
49 94 0.377637
49 95 0.869198
49 96 0.284810
49 97 0.143460
49 98 0.402954
49 99 0.533755
50 51 0.595568
50 52 0.240997
50 53 0.653740
50 54 0.698061
50 55 0.465374
50 56 0.512465
50 57 0.983380
50 58 0.520776
50 59 0.462604
50 60 0.570637
50 61 0.626039
50 62 0.764543
50 63 0.520776
50 64 0.745152
50 65 0.695291
50 66 0.423823
50 67 0.445983
50 68 0.612188
50 69 0.249307
50 70 0.916898
50 71 0.526316
50 72 0.412742
50 73 0.631579
50 74 0.739612
50 75 0.379501
50 76 0.376731
50 77 0.565097
50 78 0.440443
50 79 0.481994
50 80 0.393352
50 81 0.240997
50 82 0.606648
50 83 0.703601
50 84 0.753463
50 85 0.556787
50 86 0.144044
50 87 0.675900
50 88 0.457064
50 89 0.587258
50 90 0.997230
50 91 0.296399
50 92 0.573407
50 93 0.714681
50 94 0.803324
50 95 0.819945
50 96 0.094183
50 97 0.479224
50 98 0.326870
50 99 0.490305
51 52 0.619658
51 53 0.869658
51 54 0.168803
51 55 0.119658
51 56 0.668803
51 57 0.604701
51 58 0.841880
51 59 0.809829
51 60 0.728632
51 61 0.243590
51 62 0.457265
51 63 0.068376
51 64 0.997863
51 65 0.444444
51 66 0.151709
51 67 0.803419
51 68 0.903846
51 69 0.273504
51 70 0.536325
51 71 0.322650
51 72 0.384615
51 73 0.628205
51 74 0.440171
51 75 0.754274
51 76 0.450855
51 77 0.856838
51 78 0.149573
51 79 0.446581
51 80 0.553419
51 81 0.641026
51 82 0.927350
51 83 0.299145
51 84 0.841880
51 85 0.824786
51 86 0.356838
51 87 0.764957
51 88 0.621795
51 89 0.747863
51 90 0.431624
51 91 0.450855
51 92 0.895299
51 93 0.950855
51 94 0.931624
51 95 0.572650
51 96 0.495726
51 97 0.805556
51 98 0.623932
51 99 0.151709
52 53 0.558036
52 54 0.747768
52 55 0.529018
52 56 0.292411
52 57 0.814732
52 58 0.377232
52 59 0.203125
52 60 0.553571
52 61 0.609375
52 62 0.656250
52 63 0.593750
52 64 0.406250
52 65 0.750000
52 66 0.493304
52 67 0.258929
52 68 0.448661
52 69 0.361607
52 70 0.776786
52 71 0.495536
52 72 0.377232
52 73 0.660714
52 74 0.785714
52 75 0.194196
52 76 0.479911
52 77 0.435268
52 78 0.537946
52 79 0.569196
52 80 0.252232
52 81 0.176339
52 82 0.370536
52 83 0.658482
52 84 0.696429
52 85 0.256696
52 86 0.308036
52 87 0.415179
52 88 0.493304
52 89 0.562500
52 90 0.997768
52 91 0.250000
52 92 0.379464
52 93 0.381696
52 94 0.705357
52 95 0.660714
52 96 0.129464
52 97 0.354911
52 98 0.118304
52 99 0.582589
53 54 0.680743
53 55 0.638514
53 56 0.641892
53 57 0.998311
53 58 0.173986
53 59 0.391892
53 60 0.140203
53 61 0.768581
53 62 0.866554
53 63 0.633446
53 64 0.565878
53 65 0.508446
53 66 0.618243
53 67 0.277027
53 68 0.153716
53 69 0.523649
53 70 0.959459
53 71 0.719595
53 72 0.650338
53 73 0.304054
53 74 0.545608
53 75 0.307432
53 76 0.342905
53 77 0.121622
53 78 0.569257
53 79 0.380068
53 80 0.606419
53 81 0.288851
53 82 0.297297
53 83 0.819257
53 84 0.167230
53 85 0.548986
53 86 0.434122
53 87 0.733108
53 88 0.209459
53 89 0.130068
53 90 0.780405
53 91 0.570946
53 92 0.229730
53 93 0.597973
53 94 0.121622
53 95 0.896959
53 96 0.427365
53 97 0.168919
53 98 0.511824
53 99 0.577703
54 55 0.242775
54 56 0.732177
54 57 0.691715
54 58 0.789981
54 59 0.807322
54 60 0.631985
54 61 0.371869
54 62 0.564547
54 63 0.152216
54 64 0.998073
54 65 0.290944
54 66 0.263969
54 67 0.778420
54 68 0.840077
54 69 0.341040
54 70 0.630058
54 71 0.443160
54 72 0.487476
54 73 0.502890
54 74 0.273603
54 75 0.741811
54 76 0.385356
54 77 0.791908
54 78 0.181118
54 79 0.352601
54 80 0.626204
54 81 0.631985
54 82 0.890173
54 83 0.418112
54 84 0.714836
54 85 0.851638
54 86 0.385356
54 87 0.826590
54 88 0.539499
54 89 0.647399
54 90 0.238921
54 91 0.529865
54 92 0.847784
54 93 0.965318
54 94 0.807322
54 95 0.668593
54 96 0.533719
54 97 0.755299
54 98 0.670520
54 99 0.144509
55 56 0.619277
55 57 0.628916
55 58 0.850602
55 59 0.787952
55 60 0.771084
55 61 0.219277
55 62 0.445783
55 63 0.113253
55 64 0.992771
55 65 0.542169
55 66 0.036145
55 67 0.792771
55 68 0.922892
55 69 0.187952
55 70 0.554217
55 71 0.260241
55 72 0.306024
55 73 0.693976
55 74 0.549398
55 75 0.734940
55 76 0.467470
55 77 0.874699
55 78 0.151807
55 79 0.489157
55 80 0.489157
55 81 0.614458
55 82 0.932530
55 83 0.296386
55 84 0.910843
55 85 0.797590
55 86 0.301205
55 87 0.732530
55 88 0.648193
55 89 0.790361
55 90 0.604819
55 91 0.373494
55 92 0.903614
55 93 0.939759
55 94 0.997590
55 95 0.561446
55 96 0.436145
55 97 0.809639
55 98 0.568675
55 99 0.192771
56 57 0.545635
56 58 0.583333
56 59 0.355159
56 60 0.748016
56 61 0.488095
56 62 0.438492
56 63 0.597222
56 64 0.384921
56 65 0.845238
56 66 0.484127
56 67 0.464286
56 68 0.642857
56 69 0.414683
56 70 0.527778
56 71 0.369048
56 72 0.271825
56 73 0.819444
56 74 0.871032
56 75 0.410714
56 76 0.634921
56 77 0.638889
56 78 0.579365
56 79 0.706349
56 80 0.107143
56 81 0.416667
56 82 0.535714
56 83 0.507937
56 84 0.876984
56 85 0.220238
56 86 0.432540
56 87 0.117063
56 88 0.682540
56 89 0.755952
56 90 0.998016
56 91 0.208333
56 92 0.569444
56 93 0.313492
56 94 0.886905
56 95 0.396825
56 96 0.299603
56 97 0.569444
56 98 0.152778
56 99 0.623016
57 58 0.823256
57 59 0.685271
57 60 0.858915
57 61 0.265116
57 62 0.124031
57 63 0.465116
57 64 0.724031
57 65 0.753488
57 66 0.406202
57 67 0.747287
57 68 0.874419
57 69 0.457364
57 70 0.048062
57 71 0.263566
57 72 0.319380
57 73 0.841860
57 74 0.753488
57 75 0.702326
57 76 0.686822
57 77 0.857364
57 78 0.503876
57 79 0.713178
57 80 0.398450
57 81 0.665116
57 82 0.820155
57 83 0.220155
57 84 0.958140
57 85 0.598450
57 86 0.533333
57 87 0.418605
57 88 0.786047
57 89 0.869767
57 90 0.728682
57 91 0.398450
57 92 0.831008
57 93 0.663566
57 94 0.998450
57 95 0.114729
57 96 0.527132
57 97 0.803101
57 98 0.503876
57 99 0.527132
58 59 0.257812
58 60 0.296875
58 61 0.810547
58 62 0.890625
58 63 0.708984
58 64 0.453125
58 65 0.669922
58 66 0.660156
58 67 0.123047
58 68 0.064453
58 69 0.539062
58 70 0.998047
58 71 0.732422
58 72 0.638672
58 73 0.474609
58 74 0.708984
58 75 0.169922
58 76 0.431641
58 77 0.060547
58 78 0.638672
58 79 0.498047
58 80 0.550781
58 81 0.201172
58 82 0.152344
58 83 0.863281
58 84 0.382812
58 85 0.441406
58 86 0.443359
58 87 0.669922
58 88 0.320312
58 89 0.292969
58 90 0.960938
58 91 0.535156
58 92 0.076172
58 93 0.492188
58 94 0.341797
58 95 0.906250
58 96 0.375000
58 97 0.033203
58 98 0.427734
58 99 0.662109
59 60 0.496198
59 61 0.690114
59 62 0.714829
59 63 0.671103
59 64 0.218631
59 65 0.758555
59 66 0.591255
59 67 0.129278
59 68 0.298479
59 69 0.477186
59 70 0.813688
59 71 0.589354
59 72 0.486692
59 73 0.633080
59 74 0.794677
59 75 0.104563
59 76 0.517110
59 77 0.309886
59 78 0.619772
59 79 0.593156
59 80 0.351711
59 81 0.201521
59 82 0.173004
59 83 0.730038
59 84 0.602662
59 85 0.178707
59 86 0.416350
59 87 0.416350
59 88 0.475285
59 89 0.498099
59 90 0.998099
59 91 0.378327
59 92 0.214829
59 93 0.235741
59 94 0.577947
59 95 0.703422
59 96 0.277567
59 97 0.250951
59 98 0.224335
59 99 0.653992
60 61 0.763705
60 62 0.896030
60 63 0.584121
60 64 0.706994
60 65 0.412098
60 66 0.586011
60 67 0.376181
60 68 0.296786
60 69 0.493384
60 70 0.998110
60 71 0.725898
60 72 0.665406
60 73 0.183365
60 74 0.451796
60 75 0.389414
60 76 0.247637
60 77 0.247637
60 78 0.512287
60 79 0.275992
60 80 0.650284
60 81 0.321361
60 82 0.436673
60 83 0.822306
60 84 0.124764
60 85 0.654064
60 86 0.396975
60 87 0.820416
60 88 0.094518
60 89 0.015123
60 90 0.716446
60 91 0.591682
60 92 0.361059
60 93 0.727788
60 94 0.177694
60 95 0.945180
60 96 0.438563
60 97 0.266541
60 98 0.567108
60 99 0.516068
61 62 0.200803
61 63 0.259036
61 64 0.859438
61 65 0.630522
61 66 0.192771
61 67 0.765060
61 68 0.897590
61 69 0.291165
61 70 0.281124
61 71 0.120482
61 72 0.226908
61 73 0.761044
61 74 0.632530
61 75 0.708835
61 76 0.566265
61 77 0.863454
61 78 0.309237
61 79 0.590361
61 80 0.401606
61 81 0.626506
61 82 0.875502
61 83 0.062249
61 84 0.931727
61 85 0.686747
61 86 0.395582
61 87 0.558233
61 88 0.710843
61 89 0.825301
61 90 0.624498
61 91 0.331325
61 92 0.865462
61 93 0.799197
61 94 0.997992
61 95 0.311245
61 96 0.453815
61 97 0.803213
61 98 0.510040
61 99 0.337349
62 63 0.401770
62 64 0.734513
62 65 0.725664
62 66 0.327434
62 67 0.725664
62 68 0.865487
62 69 0.380531
62 70 0.097345
62 71 0.157522
62 72 0.228319
62 73 0.819469
62 74 0.729204
62 75 0.674336
62 76 0.642478
62 77 0.842478
62 78 0.438938
62 79 0.674336
62 80 0.339823
62 81 0.624779
62 82 0.814159
62 83 0.138053
62 84 0.952212
62 85 0.585841
62 86 0.467257
62 87 0.410619
62 88 0.753982
62 89 0.851327
62 90 0.725664
62 91 0.323894
62 92 0.821239
62 93 0.670796
62 94 0.998230
62 95 0.104425
62 96 0.467257
62 97 0.784071
62 98 0.456637
62 99 0.469027
63 64 0.997763
63 65 0.416107
63 66 0.127517
63 67 0.776286
63 68 0.876957
63 69 0.230425
63 70 0.601790
63 71 0.344519
63 72 0.387025
63 73 0.590604
63 74 0.416107
63 75 0.727069
63 76 0.398210
63 77 0.825503
63 78 0.085011
63 79 0.398210
63 80 0.550336
63 81 0.606264
63 82 0.906040
63 83 0.353468
63 84 0.809843
63 85 0.821029
63 86 0.308725
63 87 0.780761
63 88 0.579418
63 89 0.709172
63 90 0.456376
63 91 0.438479
63 92 0.868009
63 93 0.953020
63 94 0.903803
63 95 0.621924
63 96 0.465324
63 97 0.774049
63 98 0.608501
63 99 0.093960
64 65 0.811410
64 66 0.627575
64 67 0.277338
64 68 0.393027
64 69 0.541997
64 70 0.729002
64 71 0.584786
64 72 0.497623
64 73 0.709984
64 74 0.839937
64 75 0.269414
64 76 0.611727
64 77 0.416799
64 78 0.670365
64 79 0.675119
64 80 0.362916
64 81 0.350238
64 82 0.258320
64 83 0.700475
64 84 0.675119
64 85 0.134707
64 86 0.508716
64 87 0.321712
64 88 0.580032
64 89 0.592710
64 90 0.998415
64 91 0.418384
64 92 0.318542
64 93 0.064976
64 94 0.645008
64 95 0.621236
64 96 0.381933
64 97 0.375594
64 98 0.278922
64 99 0.702060
65 66 0.446850
65 67 0.710630
65 68 0.708661
65 69 0.440945
65 70 0.895669
65 71 0.649606
65 72 0.649606
65 73 0.253937
65 74 0.041339
65 75 0.690945
65 76 0.251969
65 77 0.655512
65 78 0.318898
65 79 0.173228
65 80 0.738189
65 81 0.576772
65 82 0.809055
65 83 0.677165
65 84 0.478346
65 85 0.889764
65 86 0.409449
65 87 0.950787
65 88 0.358268
65 89 0.442913
65 90 0.318898
65 91 0.641732
65 92 0.746063
65 93 0.998031
65 94 0.584646
65 95 0.901575
65 96 0.562992
65 97 0.641732
65 98 0.726378
65 99 0.287402
66 67 0.775309
66 68 0.911111
66 69 0.155556
66 70 0.575309
66 71 0.254321
66 72 0.286420
66 73 0.698765
66 74 0.570370
66 75 0.713580
66 76 0.459259
66 77 0.861728
66 78 0.158025
66 79 0.488889
66 80 0.469136
66 81 0.592593
66 82 0.916049
66 83 0.316049
66 84 0.911111
66 85 0.777778
66 86 0.274074
66 87 0.718519
66 88 0.641975
66 89 0.785185
66 90 0.646914
66 91 0.345679
66 92 0.888889
66 93 0.923457
66 94 0.997531
66 95 0.567901
66 96 0.407407
66 97 0.795062
66 98 0.545679
66 99 0.207407
67 68 0.182000
67 69 0.502000
67 70 0.928000
67 71 0.670000
67 72 0.566000
67 73 0.558000
67 74 0.760000
67 75 0.058000
67 76 0.466000
67 77 0.190000
67 78 0.630000
67 79 0.544000
67 80 0.456000
67 81 0.152000
67 82 0.114000
67 83 0.810000
67 84 0.502000
67 85 0.324000
67 86 0.418000
67 87 0.562000
67 88 0.392000
67 89 0.398000
67 90 0.998000
67 91 0.454000
67 92 0.108000
67 93 0.382000
67 94 0.472000
67 95 0.826000
67 96 0.308000
67 97 0.128000
67 98 0.324000
67 99 0.660000
68 69 0.563303
68 70 0.998165
68 71 0.748624
68 72 0.660550
68 73 0.464220
68 74 0.699083
68 75 0.214679
68 76 0.444037
68 77 0.049541
68 78 0.653211
68 79 0.504587
68 80 0.577982
68 81 0.249541
68 82 0.157798
68 83 0.871560
68 84 0.348624
68 85 0.460550
68 86 0.473394
68 87 0.682569
68 88 0.326606
68 89 0.280734
68 90 0.941284
68 91 0.563303
68 92 0.086239
68 93 0.499083
68 94 0.293578
68 95 0.911927
68 96 0.412844
68 97 0.086239
68 98 0.460550
68 99 0.671560
69 70 0.757062
69 71 0.353107
69 72 0.302260
69 73 0.706215
69 74 0.661017
69 75 0.638418
69 76 0.420904
69 77 0.813559
69 78 0.237288
69 79 0.485876
69 80 0.437853
69 81 0.500000
69 82 0.872881
69 83 0.494350
69 84 0.912429
69 85 0.745763
69 86 0.146893
69 87 0.742938
69 88 0.598870
69 89 0.757062
69 90 0.836158
69 91 0.293785
69 92 0.838983
69 93 0.912429
69 94 0.997175
69 95 0.703390
69 96 0.293785
69 97 0.734463
69 98 0.480226
69 99 0.299435
70 71 0.230645
70 72 0.296774
70 73 0.829032
70 74 0.733871
70 75 0.701613
70 76 0.669355
70 77 0.858065
70 78 0.474194
70 79 0.695161
70 80 0.390323
70 81 0.658065
70 82 0.827419
70 83 0.179032
70 84 0.953226
70 85 0.608065
70 86 0.512903
70 87 0.432258
70 88 0.774194
70 89 0.862903
70 90 0.708065
70 91 0.382258
70 92 0.835484
70 93 0.682258
70 94 0.998387
70 95 0.116129
70 96 0.514516
70 97 0.803226
70 98 0.500000
70 99 0.498387
71 72 0.115546
71 73 0.785714
71 74 0.701681
71 75 0.642857
71 76 0.575630
71 77 0.825630
71 78 0.352941
71 79 0.617647
71 80 0.294118
71 81 0.569328
71 82 0.815126
71 83 0.155462
71 84 0.941176
71 85 0.594538
71 86 0.365546
71 87 0.457983
71 88 0.707983
71 89 0.821429
71 90 0.741597
71 91 0.233193
71 92 0.813025
71 93 0.710084
71 94 0.997899
71 95 0.268908
71 96 0.382353
71 97 0.758403
71 98 0.413866
71 99 0.392857
72 73 0.804545
72 74 0.765909
72 75 0.577273
72 76 0.575000
72 77 0.788636
72 78 0.395455
72 79 0.634091
72 80 0.197727
72 81 0.509091
72 82 0.761364
72 83 0.293182
72 84 0.947727
72 85 0.520455
72 86 0.331818
72 87 0.404545
72 88 0.697727
72 89 0.813636
72 90 0.856818
72 91 0.127273
72 92 0.763636
72 93 0.647727
72 94 0.997727
72 95 0.336364
72 96 0.304545
72 97 0.713636
72 98 0.322727
72 99 0.445455
73 74 0.298000
73 75 0.556000
73 76 0.202000
73 77 0.450000
73 78 0.458000
73 79 0.170000
73 80 0.742000
73 81 0.458000
73 82 0.638000
73 83 0.822000
73 84 0.228000
73 85 0.812000
73 86 0.418000
73 87 0.944000
73 88 0.164000
73 89 0.206000
73 90 0.582000
73 91 0.658000
73 92 0.564000
73 93 0.906000
73 94 0.336000
73 95 0.998000
73 96 0.524000
73 97 0.458000
73 98 0.684000
73 99 0.446000
74 75 0.704762
74 76 0.280000
74 77 0.674286
74 78 0.316190
74 79 0.205714
74 80 0.737143
74 81 0.594286
74 82 0.820952
74 83 0.655238
74 84 0.500952
74 85 0.891429
74 86 0.420952
74 87 0.942857
74 88 0.386667
74 89 0.468571
74 90 0.270476
74 91 0.640000
74 92 0.761905
74 93 0.998095
74 94 0.603810
74 95 0.878095
74 96 0.571429
74 97 0.660952
74 98 0.731429
74 99 0.281905
75 76 0.459794
75 77 0.241237
75 78 0.606186
75 79 0.542268
75 80 0.410309
75 81 0.119588
75 82 0.171134
75 83 0.777320
75 84 0.542268
75 85 0.294845
75 86 0.385567
75 87 0.525773
75 88 0.404124
75 89 0.426804
75 90 0.997938
75 91 0.408247
75 92 0.171134
75 93 0.369072
75 94 0.521649
75 95 0.791753
75 96 0.261856
75 97 0.171134
75 98 0.274227
75 99 0.639175
76 77 0.541353
76 78 0.350877
76 79 0.100251
76 80 0.689223
76 81 0.416040
76 82 0.714286
76 83 0.786967
76 84 0.461153
76 85 0.827068
76 86 0.270677
76 87 0.949875
76 88 0.203008
76 89 0.348371
76 90 0.679198
76 91 0.578947
76 92 0.641604
76 93 0.959900
76 94 0.563910
76 95 0.997494
76 96 0.428571
76 97 0.511278
76 98 0.636591
76 99 0.355890
77 78 0.682377
77 79 0.508197
77 80 0.631148
77 81 0.252049
77 82 0.215164
77 83 0.940574
77 84 0.344262
77 85 0.526639
77 86 0.487705
77 87 0.762295
77 88 0.309426
77 89 0.260246
77 90 0.997951
77 91 0.606557
77 92 0.131148
77 93 0.579918
77 94 0.295082
77 95 0.997951
77 96 0.434426
77 97 0.071721
77 98 0.504098
77 99 0.702869
78 79 0.350490
78 80 0.580882
78 81 0.583333
78 82 0.914216
78 83 0.453431
78 84 0.796569
78 85 0.852941
78 86 0.262255
78 87 0.843137
78 88 0.539216
78 89 0.683824
78 90 0.519608
78 91 0.455882
78 92 0.867647
78 93 0.997549
78 94 0.894608
78 95 0.723039
78 96 0.448529
78 97 0.759804
78 98 0.622549
78 99 0.053922
79 80 0.728774
79 81 0.485849
79 82 0.761792
79 83 0.768868
79 84 0.443396
79 85 0.872642
79 86 0.330189
79 87 0.978774
79 88 0.238208
79 89 0.363208
79 90 0.563679
79 91 0.620283
79 92 0.688679
79 93 0.997642
79 94 0.556604
79 95 0.990566
79 96 0.492925
79 97 0.563679
79 98 0.691038
79 99 0.325472
80 81 0.418708
80 82 0.608018
80 83 0.474388
80 84 0.913140
80 85 0.318486
80 86 0.376392
80 87 0.240535
80 88 0.683742
80 89 0.777283
80 90 0.997773
80 91 0.113586
80 92 0.628062
80 93 0.440980
80 94 0.939866
80 95 0.412027
80 96 0.249443
80 97 0.605791
80 98 0.151448
80 99 0.579065
81 82 0.314554
81 83 0.795775
81 84 0.546948
81 85 0.415493
81 86 0.309859
81 87 0.624413
81 88 0.349765
81 89 0.406103
81 90 0.997653
81 91 0.403756
81 92 0.281690
81 93 0.523474
81 94 0.553991
81 95 0.854460
81 96 0.208920
81 97 0.208920
81 98 0.312207
81 99 0.593897
82 83 0.828829
82 84 0.491892
82 85 0.322523
82 86 0.481081
82 87 0.556757
82 88 0.428829
82 89 0.412613
82 90 0.998198
82 91 0.502703
82 92 0.072072
82 93 0.342342
82 94 0.443243
82 95 0.825225
82 96 0.378378
82 97 0.162162
82 98 0.369369
82 99 0.699099
83 84 0.935849
83 85 0.671698
83 86 0.430189
83 87 0.530189
83 88 0.728302
83 89 0.835849
83 90 0.626415
83 91 0.349057
83 92 0.862264
83 93 0.775472
83 94 0.998113
83 95 0.256604
83 96 0.475472
83 97 0.805660
83 98 0.511321
83 99 0.375472
84 85 0.715548
84 86 0.482332
84 87 0.881625
84 88 0.196113
84 89 0.107774
84 90 0.715548
84 91 0.669611
84 92 0.409894
84 93 0.779152
84 94 0.098940
84 95 0.998233
84 96 0.526502
84 97 0.332155
84 98 0.643110
84 99 0.572438
85 86 0.449016
85 87 0.239714
85 88 0.584973
85 89 0.622540
85 90 0.998211
85 91 0.320215
85 92 0.370304
85 93 0.105546
85 94 0.710197
85 95 0.556351
85 96 0.302326
85 97 0.402504
85 98 0.168157
85 99 0.660107
86 87 0.890323
86 88 0.522581
86 89 0.700000
86 90 0.993548
86 91 0.396774
86 92 0.809677
86 93 0.996774
86 94 0.970968
86 95 0.945161
86 96 0.261290
86 97 0.680645
86 98 0.522581
86 99 0.400000
87 88 0.727437
87 89 0.790614
87 90 0.998195
87 91 0.287004
87 92 0.597473
87 93 0.292419
87 94 0.906137
87 95 0.355596
87 96 0.379061
87 97 0.610108
87 98 0.241877
87 99 0.660650
88 89 0.127193
88 90 0.745614
88 91 0.596491
88 92 0.445175
88 93 0.815789
88 94 0.317982
88 95 0.997807
88 96 0.427632
88 97 0.326754
88 98 0.592105
88 99 0.489035
89 90 0.763314
89 91 0.629191
89 92 0.372781
89 93 0.761341
89 94 0.169625
89 95 0.998028
89 96 0.467456
89 97 0.274162
89 98 0.599606
89 99 0.554241
90 91 0.643436
90 92 0.854133
90 93 0.998379
90 94 0.743922
90 95 0.756888
90 96 0.630470
90 97 0.769854
90 98 0.753647
90 99 0.307942
91 92 0.707809
91 93 0.596977
91 94 0.997481
91 95 0.483627
91 96 0.211587
91 97 0.657431
91 98 0.221662
91 99 0.523929
92 93 0.480769
92 94 0.440171
92 95 0.997863
92 96 0.438034
92 97 0.113248
92 98 0.461538
92 99 0.786325
93 94 0.993007
93 95 0.825175
93 96 0.529138
93 97 0.594406
93 98 0.358974
93 99 0.997669
94 95 0.998299
94 96 0.530612
94 97 0.292517
94 98 0.627551
94 99 0.624150
95 96 0.610132
95 97 0.997797
95 98 0.557269
95 99 0.689427
96 97 0.881773
96 98 0.413793
96 99 0.995074
97 98 0.653251
97 99 0.996904
98 99 0.996377
