100 4950
0 1 0.389205
0 2 0.883523
0 3 0.571023
0 4 0.551136
0 5 0.534091
0 6 0.997159
0 7 0.184659
0 8 0.423295
0 9 0.394886
0 10 0.906250
0 11 0.454545
0 12 0.744318
0 13 0.238636
0 14 0.227273
0 15 0.994318
0 16 0.758523
0 17 0.625000
0 18 0.528409
0 19 0.758523
0 20 0.650568
0 21 0.880682
0 22 0.571023
0 23 0.826705
0 24 0.585227
0 25 0.664773
0 26 0.505682
0 27 0.343750
0 28 0.073864
0 29 0.926136
0 30 0.826705
0 31 0.809659
0 32 0.386364
0 33 0.190341
0 34 0.724432
0 35 0.724432
0 36 0.582386
0 37 0.866477
0 38 0.761364
0 39 0.872159
0 40 0.593750
0 41 0.619318
0 42 0.303977
0 43 0.454545
0 44 0.531250
0 45 0.843750
0 46 0.559659
0 47 0.661932
0 48 0.576705
0 49 0.380682
0 50 0.480114
0 51 0.454545
0 52 0.394886
0 53 0.684659
0 54 0.786932
0 55 0.539773
0 56 0.519886
0 57 0.676136
0 58 0.278409
0 59 0.403409
0 60 0.269886
0 61 0.321023
0 62 0.715909
0 63 0.420455
0 64 0.428977
0 65 0.838068
0 66 0.664773
0 67 0.551136
0 68 0.872159
0 69 0.676136
0 70 0.420455
0 71 0.636364
0 72 0.639205
0 73 0.755682
0 74 0.633523
0 75 0.650568
0 76 0.446023
0 77 0.556818
0 78 0.528409
0 79 0.494318
0 80 0.218750
0 81 0.803977
0 82 0.525568
0 83 0.542614
0 84 0.536932
0 85 0.659091
0 86 0.718750
0 87 0.230114
0 88 0.349432
0 89 0.565341
0 90 0.585227
0 91 0.446023
0 92 0.346591
0 93 0.502841
0 94 0.579545
0 95 0.491477
0 96 0.389205
0 97 0.451705
0 98 0.505682
0 99 0.431818
1 2 0.509346
1 3 0.668224
1 4 0.292056
1 5 0.521028
1 6 0.609813
1 7 0.467290
1 8 0.250000
1 9 0.504673
1 10 0.593458
1 11 0.518692
1 12 0.913551
1 13 0.142523
1 14 0.313084
1 15 0.612150
1 16 0.789720
1 17 0.299065
1 18 0.579439
1 19 0.348131
1 20 0.771028
1 21 0.485981
1 22 0.549065
1 23 0.864486
1 24 0.628505
1 25 0.294393
1 26 0.528037
1 27 0.432243
1 28 0.322430
1 29 0.997664
1 30 0.878505
1 31 0.558411
1 32 0.128505
1 33 0.184579
1 34 0.455607
1 35 0.869159
1 36 0.644860
1 37 0.560748
1 38 0.906542
1 39 0.586449
1 40 0.661215
1 41 0.803738
1 42 0.088785
1 43 0.691589
1 44 0.352804
1 45 0.948598
1 46 0.144860
1 47 0.247664
1 48 0.794393
1 49 0.443925
1 50 0.481308
1 51 0.411215
1 52 0.621495
1 53 0.686916
1 54 0.490654
1 55 0.700935
1 56 0.698598
1 57 0.654206
1 58 0.525701
1 59 0.306075
1 60 0.408879
1 61 0.577103
1 62 0.757009
1 63 0.478972
1 64 0.621495
1 65 0.521028
1 66 0.397196
1 67 0.656542
1 68 0.962617
1 69 0.278037
1 70 0.478972
1 71 0.523364
1 72 0.841121
1 73 0.815421
1 74 0.623832
1 75 0.380841
1 76 0.686916
1 77 0.556075
1 78 0.740654
1 79 0.518692
1 80 0.310748
1 81 0.406542
1 82 0.724299
1 83 0.663551
1 84 0.415888
1 85 0.497664
1 86 0.427570
1 87 0.474299
1 88 0.600467
1 89 0.278037
1 90 0.775701
1 91 0.182243
1 92 0.364486
1 93 0.492991
1 94 0.796729
1 95 0.268692
1 96 0.228972
1 97 0.273364
1 98 0.385514
1 99 0.247664
2 3 0.856897
2 4 0.567241
2 5 0.398276
2 6 0.072414
2 7 0.643103
2 8 0.281034
2 9 0.487931
2 10 0.118966
2 11 0.456897
2 12 0.982759
2 13 0.403448
2 14 0.594828
2 15 0.074138
2 16 0.586207
2 17 0.543103
2 18 0.474138
2 19 0.155172
2 20 0.660345
2 21 0.043103
2 22 0.398276
2 23 0.646552
2 24 0.494828
2 25 0.162069
2 26 0.765517
2 27 0.444828
2 28 0.562069
2 29 0.793103
2 30 0.674138
2 31 0.755172
2 32 0.313793
2 33 0.424138
2 34 0.134483
2 35 0.765517
2 36 0.846552
2 37 0.112069
2 38 0.998276
2 39 0.144828
2 40 0.536207
2 41 0.763793
2 42 0.436207
2 43 0.756897
2 44 0.239655
2 45 0.789655
2 46 0.374138
2 47 0.429310
2 48 0.846552
2 49 0.431034
2 50 0.731034
2 51 0.344828
2 52 0.775862
2 53 0.493103
2 54 0.103448
2 55 0.860345
2 56 0.851724
2 57 0.451724
2 58 0.705172
2 59 0.312069
2 60 0.660345
2 61 0.722414
2 62 0.575862
2 63 0.439655
2 64 0.624138
2 65 0.696552
2 66 0.634483
2 67 0.567241
2 68 0.781034
2 69 0.470690
2 70 0.725862
2 71 0.758621
2 72 0.834483
2 73 0.632759
2 74 0.446552
2 75 0.622414
2 76 0.781034
2 77 0.420690
2 78 0.751724
2 79 0.758621
2 80 0.431034
2 81 0.096552
2 82 0.712069
2 83 0.587931
2 84 0.282759
2 85 0.732759
2 86 0.643103
2 87 0.570690
2 88 0.739655
2 89 0.191379
2 90 0.750000
2 91 0.268966
2 92 0.386207
2 93 0.391379
2 94 0.862069
2 95 0.562069
2 96 0.300000
2 97 0.572414
2 98 0.658621
2 99 0.555172
3 4 0.441774
3 5 0.707948
3 6 0.998152
3 7 0.301294
3 8 0.635860
3 9 0.597043
3 10 0.953789
3 11 0.645102
3 12 0.314233
3 13 0.487985
3 14 0.282810
3 15 0.996303
3 16 0.804067
3 17 0.508318
3 18 0.687616
3 19 0.804067
3 20 0.685767
3 21 0.909427
3 22 0.731978
3 23 0.831793
3 24 0.717190
3 25 0.756007
3 26 0.147874
3 27 0.582255
3 28 0.329020
3 29 0.833641
3 30 0.817006
3 31 0.452865
3 32 0.582255
3 33 0.471349
3 34 0.835490
3 35 0.672828
3 36 0.057301
3 37 0.926063
3 38 0.256932
3 39 0.935305
3 40 0.706100
3 41 0.573013
3 42 0.458410
3 43 0.401109
3 44 0.713494
3 45 0.761553
3 46 0.595194
3 47 0.615527
3 48 0.390018
3 49 0.608133
3 50 0.188540
3 51 0.667283
3 52 0.212569
3 53 0.785582
3 54 0.872458
3 55 0.114603
3 56 0.142329
3 57 0.789279
3 58 0.232902
3 59 0.632163
3 60 0.210721
3 61 0.277264
3 62 0.778189
3 63 0.628466
3 64 0.537893
3 65 0.536044
3 66 0.452865
3 67 0.663586
3 68 0.794824
3 69 0.595194
3 70 0.157116
3 71 0.286506
3 72 0.504621
3 73 0.783734
3 74 0.763401
3 75 0.454713
3 76 0.336414
3 77 0.719039
3 78 0.493530
3 79 0.153420
3 80 0.513863
3 81 0.848429
3 82 0.539741
3 83 0.646950
3 84 0.720887
3 85 0.341959
3 86 0.487985
3 87 0.447320
3 88 0.269871
3 89 0.715342
3 90 0.554529
3 91 0.630314
3 92 0.595194
3 93 0.689464
3 94 0.354898
3 95 0.412200
3 96 0.611830
3 97 0.380776
3 98 0.314233
3 99 0.388170
4 5 0.655106
4 6 0.712909
4 7 0.450867
4 8 0.445087
4 9 0.610790
4 10 0.720617
4 11 0.633911
4 12 0.745665
4 13 0.314066
4 14 0.252408
4 15 0.716763
4 16 0.857418
4 17 0.069364
4 18 0.687861
4 19 0.472062
4 20 0.811175
4 21 0.603083
4 22 0.678227
4 23 0.913295
4 24 0.728324
4 25 0.452794
4 26 0.310212
4 27 0.556840
4 28 0.341040
4 29 0.998073
4 30 0.919075
4 31 0.219653
4 32 0.346821
4 33 0.335260
4 34 0.610790
4 35 0.867052
4 36 0.418112
4 37 0.695568
4 38 0.710983
4 39 0.718690
4 40 0.747592
4 41 0.791908
4 42 0.217726
4 43 0.655106
4 44 0.533719
4 45 0.946050
4 46 0.217726
4 47 0.194605
4 48 0.712909
4 49 0.574181
4 50 0.265896
4 51 0.566474
4 52 0.526012
4 53 0.786127
4 54 0.637765
4 55 0.535645
4 56 0.545279
4 57 0.763006
4 58 0.460501
4 59 0.485549
4 60 0.312139
4 61 0.524085
4 62 0.830443
4 63 0.603083
4 64 0.664740
4 65 0.200385
4 66 0.088632
4 67 0.730250
4 68 0.965318
4 69 0.163776
4 70 0.298651
4 71 0.229287
4 72 0.788054
4 73 0.868979
4 74 0.737958
4 75 0.075145
4 76 0.624277
4 77 0.680154
4 78 0.722543
4 79 0.302505
4 80 0.448940
4 81 0.533719
4 82 0.730250
4 83 0.730250
4 84 0.581888
4 85 0.188825
4 86 0.117534
4 87 0.529865
4 88 0.535645
4 89 0.464355
4 90 0.766859
4 91 0.393064
4 92 0.516378
4 93 0.630058
4 94 0.699422
4 95 0.042389
4 96 0.425819
4 97 0.075145
4 98 0.136802
4 99 0.082852
5 6 0.571111
5 7 0.495556
5 8 0.277778
5 9 0.153333
5 10 0.440000
5 11 0.093333
5 12 0.868889
5 13 0.391111
5 14 0.586667
5 15 0.564444
5 16 0.268889
5 17 0.780000
5 18 0.095556
5 19 0.553333
5 20 0.335556
5 21 0.546667
5 22 0.028889
5 23 0.348889
5 24 0.126667
5 25 0.471111
5 26 0.813333
5 27 0.151111
5 28 0.475556
5 29 0.517778
5 30 0.373333
5 31 0.997778
5 32 0.382222
5 33 0.371111
5 34 0.340000
5 35 0.473333
5 36 0.871111
5 37 0.415556
5 38 0.920000
5 39 0.395556
5 40 0.180000
5 41 0.486667
5 42 0.504444
5 43 0.535556
5 44 0.231111
5 45 0.504444
5 46 0.613333
5 47 0.720000
5 48 0.651111
5 49 0.120000
5 50 0.788889
5 51 0.108889
5 52 0.651111
5 53 0.160000
5 54 0.384444
5 55 0.795556
5 56 0.768889
5 57 0.124444
5 58 0.582222
5 59 0.211111
5 60 0.628889
5 61 0.562222
5 62 0.246667
5 63 0.097778
5 64 0.322222
5 65 0.984444
5 66 0.855556
5 67 0.217778
5 68 0.497778
5 69 0.757778
5 70 0.748889
5 71 0.897778
5 72 0.595556
5 73 0.313333
5 74 0.095556
5 75 0.842222
5 76 0.591111
5 77 0.033333
5 78 0.493333
5 79 0.804444
5 80 0.253333
5 81 0.533333
5 82 0.428889
5 83 0.246667
5 84 0.155556
5 85 0.902222
5 86 0.891111
5 87 0.331111
5 88 0.584444
5 89 0.360000
5 90 0.473333
5 91 0.360000
5 92 0.160000
5 93 0.026667
5 94 0.686667
5 95 0.717778
5 96 0.286667
5 97 0.704444
5 98 0.782222
5 99 0.680000
6 7 0.666129
6 8 0.325806
6 9 0.506452
6 10 0.108065
6 11 0.474194
6 12 0.982258
6 13 0.445161
6 14 0.624194
6 15 0.006452
6 16 0.577419
6 17 0.572581
6 18 0.485484
6 19 0.206452
6 20 0.658065
6 21 0.093548
6 22 0.412903
6 23 0.633871
6 24 0.501613
6 25 0.219355
6 26 0.785484
6 27 0.470968
6 28 0.593548
6 29 0.772581
6 30 0.659677
6 31 0.770968
6 32 0.361290
6 33 0.462903
6 34 0.170968
6 35 0.759677
6 36 0.861290
6 37 0.117742
6 38 0.998387
6 39 0.141935
6 40 0.541935
6 41 0.764516
6 42 0.477419
6 43 0.766129
6 44 0.280645
6 45 0.775806
6 46 0.414516
6 47 0.464516
6 48 0.851613
6 49 0.454839
6 50 0.753226
6 51 0.374194
6 52 0.790323
6 53 0.491935
6 54 0.135484
6 55 0.872581
6 56 0.862903
6 57 0.453226
6 58 0.724194
6 59 0.351613
6 60 0.685484
6 61 0.738710
6 62 0.569355
6 63 0.461290
6 64 0.635484
6 65 0.714516
6 66 0.659677
6 67 0.572581
6 68 0.766129
6 69 0.503226
6 70 0.748387
6 71 0.779032
6 72 0.833871
6 73 0.624194
6 74 0.451613
6 75 0.648387
6 76 0.790323
6 77 0.433871
6 78 0.758065
6 79 0.779032
6 80 0.464516
6 81 0.151613
6 82 0.716129
6 83 0.593548
6 84 0.312903
6 85 0.753226
6 86 0.666129
6 87 0.593548
6 88 0.756452
6 89 0.246774
6 90 0.751613
6 91 0.319355
6 92 0.417742
6 93 0.411290
6 94 0.867742
6 95 0.593548
6 96 0.345161
6 97 0.604839
6 98 0.685484
6 99 0.588710
7 8 0.508475
7 9 0.387409
7 10 0.912833
7 11 0.450363
7 12 0.476998
7 13 0.360775
7 14 0.249395
7 15 0.997579
7 16 0.665860
7 17 0.641646
7 18 0.506053
7 19 0.803874
7 20 0.530266
7 21 0.905569
7 22 0.569007
7 23 0.709443
7 24 0.544794
7 25 0.723971
7 26 0.404358
7 27 0.372881
7 28 0.152542
7 29 0.748184
7 30 0.694915
7 31 0.743341
7 32 0.486683
7 33 0.319613
7 34 0.760291
7 35 0.554479
7 36 0.426150
7 37 0.878935
7 38 0.498789
7 39 0.878935
7 40 0.532688
7 41 0.440678
7 42 0.401937
7 43 0.254237
7 44 0.590799
7 45 0.665860
7 46 0.622276
7 47 0.702179
7 48 0.343826
7 49 0.409201
7 50 0.401937
7 51 0.498789
7 52 0.186441
7 53 0.634383
7 54 0.813559
7 55 0.329298
7 56 0.305085
7 57 0.639225
7 58 0.094431
7 59 0.481840
7 60 0.215496
7 61 0.113801
7 62 0.629540
7 63 0.430993
7 64 0.329298
7 65 0.794189
7 66 0.646489
7 67 0.479419
7 68 0.699758
7 69 0.704600
7 70 0.336562
7 71 0.561743
7 72 0.421308
7 73 0.644068
7 74 0.605327
7 75 0.639225
7 76 0.230024
7 77 0.549637
7 78 0.346247
7 79 0.397094
7 80 0.309927
7 81 0.842615
7 82 0.372881
7 83 0.462470
7 84 0.581114
7 85 0.598063
7 86 0.697337
7 87 0.191283
7 88 0.140436
7 89 0.634383
7 90 0.411622
7 91 0.535109
7 92 0.406780
7 93 0.515738
7 94 0.341404
7 95 0.513317
7 96 0.481840
7 97 0.474576
7 98 0.481840
7 99 0.462470
8 9 0.342926
8 10 0.410072
8 11 0.328537
8 12 0.973621
8 13 0.199041
8 14 0.472422
8 15 0.482014
8 16 0.589928
8 17 0.563549
8 18 0.381295
8 19 0.333333
8 20 0.618705
8 21 0.398082
8 22 0.323741
8 23 0.673861
8 24 0.426859
8 25 0.242206
8 26 0.724221
8 27 0.270983
8 28 0.400480
8 29 0.839329
8 30 0.695444
8 31 0.827338
8 32 0.122302
8 33 0.213429
8 34 0.256595
8 35 0.745803
8 36 0.822542
8 37 0.376499
8 38 0.997602
8 39 0.388489
8 40 0.474820
8 41 0.714628
8 42 0.294964
8 43 0.669065
8 44 0.112710
8 45 0.805755
8 46 0.364508
8 47 0.479616
8 48 0.793765
8 49 0.263789
8 50 0.683453
8 51 0.182254
8 52 0.688249
8 53 0.472422
8 54 0.306954
8 55 0.812950
8 56 0.796163
8 57 0.431655
8 58 0.592326
8 59 0.074341
8 60 0.551559
8 61 0.613909
8 62 0.561151
8 63 0.292566
8 64 0.513189
8 65 0.791367
8 66 0.664269
8 67 0.489209
8 68 0.810552
8 69 0.522782
8 70 0.659472
8 71 0.764988
8 72 0.791367
8 73 0.630695
8 74 0.405276
8 75 0.647482
8 76 0.695444
8 77 0.338129
8 78 0.678657
8 79 0.714628
8 80 0.211031
8 81 0.345324
8 82 0.635492
8 83 0.505995
8 84 0.170264
8 85 0.748201
8 86 0.695444
8 87 0.412470
8 88 0.637890
8 89 0.131894
8 90 0.690647
8 91 0.086331
8 92 0.182254
8 93 0.273381
8 94 0.810552
8 95 0.525180
8 96 0.028777
8 97 0.520384
8 98 0.625899
8 99 0.494005
9 10 0.616114
9 11 0.066351
9 12 0.760664
9 13 0.374408
9 14 0.518957
9 15 0.736967
9 16 0.305687
9 17 0.793839
9 18 0.116114
9 19 0.668246
9 20 0.274882
9 21 0.696682
9 22 0.189573
9 23 0.372038
9 24 0.158768
9 25 0.578199
9 26 0.746445
9 27 0.073460
9 28 0.390995
9 29 0.500000
9 30 0.381517
9 31 0.992891
9 32 0.417062
9 33 0.338863
9 34 0.490521
9 35 0.398104
9 36 0.791469
9 37 0.587678
9 38 0.817536
9 39 0.573460
9 40 0.168246
9 41 0.379147
9 42 0.490521
9 43 0.405213
9 44 0.343602
9 45 0.459716
9 46 0.654028
9 47 0.763033
9 48 0.530806
9 49 0.080569
9 50 0.727488
9 51 0.194313
9 52 0.535545
9 53 0.244076
9 54 0.542654
9 55 0.691943
9 56 0.661137
9 57 0.246445
9 58 0.469194
9 59 0.267773
9 60 0.547393
9 61 0.440758
9 62 0.270142
9 63 0.066351
9 64 0.187204
9 65 0.997630
9 66 0.855450
9 67 0.154028
9 68 0.466825
9 69 0.793839
9 70 0.675355
9 71 0.860190
9 72 0.481043
9 73 0.317536
9 74 0.213270
9 75 0.841232
9 76 0.466825
9 77 0.163507
9 78 0.369668
9 79 0.736967
9 80 0.199052
9 81 0.665877
9 82 0.308057
9 83 0.163507
9 84 0.281991
9 85 0.874408
9 86 0.895735
9 87 0.194313
9 88 0.462085
9 89 0.459716
9 90 0.360190
9 91 0.419431
9 92 0.158768
9 93 0.154028
9 94 0.566351
9 95 0.703791
9 96 0.334123
9 97 0.682464
9 98 0.746445
9 99 0.658768
10 11 0.406518
10 12 0.974271
10 13 0.433962
10 14 0.629503
10 15 0.108062
10 16 0.500858
10 17 0.626072
10 18 0.413379
10 19 0.259005
10 20 0.593482
10 21 0.161235
10 22 0.332762
10 23 0.559177
10 24 0.425386
10 25 0.243568
10 26 0.807890
10 27 0.413379
10 28 0.581475
10 29 0.710120
10 30 0.588336
10 31 0.833619
10 32 0.353345
10 33 0.445969
10 34 0.108062
10 35 0.703259
10 36 0.881647
10 37 0.024014
10 38 0.998285
10 39 0.036021
10 40 0.468268
10 41 0.715266
10 42 0.485420
10 43 0.732419
10 44 0.226415
10 45 0.715266
10 46 0.456261
10 47 0.521441
10 48 0.823328
10 49 0.394511
10 50 0.777015
10 51 0.308748
10 52 0.778731
10 53 0.411664
10 54 0.075472
10 55 0.873070
10 56 0.859348
10 57 0.370497
10 58 0.711835
10 59 0.305317
10 60 0.687822
10 61 0.718696
10 62 0.493997
10 63 0.396226
10 64 0.581475
10 65 0.783877
10 66 0.713551
10 67 0.506003
10 68 0.703259
10 69 0.562607
10 70 0.765009
10 71 0.819897
10 72 0.795883
10 73 0.550600
10 74 0.370497
10 75 0.701544
10 76 0.765009
10 77 0.356775
10 78 0.715266
10 79 0.801029
10 80 0.425386
10 81 0.205832
10 82 0.667238
10 83 0.528302
10 84 0.243568
10 85 0.799314
10 86 0.725557
10 87 0.552316
10 88 0.735849
10 89 0.231561
10 90 0.703259
10 91 0.307033
10 92 0.365352
10 93 0.337907
10 94 0.843911
10 95 0.629503
10 96 0.315609
10 97 0.636364
10 98 0.718696
10 99 0.617496
11 12 0.802299
11 13 0.383908
11 14 0.551724
11 15 0.668966
11 16 0.266667
11 17 0.793103
11 18 0.062069
11 19 0.622989
11 20 0.280460
11 21 0.639080
11 22 0.117241
11 23 0.340230
11 24 0.110345
11 25 0.537931
11 26 0.777011
11 27 0.091954
11 28 0.429885
11 29 0.487356
11 30 0.356322
11 31 0.997701
11 32 0.404598
11 33 0.356322
11 34 0.432184
11 35 0.413793
11 36 0.827586
11 37 0.519540
11 38 0.857471
11 39 0.503448
11 40 0.140230
11 41 0.413793
11 42 0.501149
11 43 0.457471
11 44 0.298851
11 45 0.459770
11 46 0.641379
11 47 0.751724
11 48 0.577011
11 49 0.071264
11 50 0.756322
11 51 0.154023
11 52 0.583908
11 53 0.186207
11 54 0.480460
11 55 0.735632
11 56 0.705747
11 57 0.179310
11 58 0.517241
11 59 0.241379
11 60 0.583908
11 61 0.491954
11 62 0.234483
11 63 0.036782
11 64 0.236782
11 65 0.995402
11 66 0.859770
11 67 0.154023
11 68 0.459770
11 69 0.783908
11 70 0.708046
11 71 0.880460
11 72 0.521839
11 73 0.291954
11 74 0.147126
11 75 0.845977
11 76 0.517241
11 77 0.094253
11 78 0.413793
11 79 0.767816
11 80 0.220690
11 81 0.616092
11 82 0.349425
11 83 0.177011
11 84 0.229885
11 85 0.889655
11 86 0.898851
11 87 0.252874
11 88 0.512644
11 89 0.420690
11 90 0.397701
11 91 0.397701
11 92 0.151724
11 93 0.089655
11 94 0.613793
11 95 0.714943
11 96 0.314943
11 97 0.694253
11 98 0.765517
11 99 0.673563
12 13 0.569079
12 14 0.437500
12 15 0.998355
12 16 0.646382
12 17 0.694079
12 18 0.595395
12 19 0.870066
12 20 0.513158
12 21 0.939145
12 22 0.659539
12 23 0.648026
12 24 0.608553
12 25 0.815789
12 26 0.401316
12 27 0.542763
12 28 0.416118
12 29 0.595395
12 30 0.623355
12 31 0.680921
12 32 0.654605
12 33 0.542763
12 34 0.833882
12 35 0.455592
12 36 0.330592
12 37 0.911184
12 38 0.075658
12 39 0.909539
12 40 0.582237
12 41 0.368421
12 42 0.582237
12 43 0.251645
12 44 0.718750
12 45 0.527961
12 46 0.726974
12 47 0.766447
12 48 0.175987
12 49 0.565789
12 50 0.429276
12 51 0.641447
12 52 0.203947
12 53 0.664474
12 54 0.870066
12 55 0.184211
12 56 0.171053
12 57 0.684211
12 58 0.273026
12 59 0.643092
12 60 0.375000
12 61 0.246711
12 62 0.626645
12 63 0.572368
12 64 0.419408
12 65 0.746711
12 66 0.664474
12 67 0.536184
12 68 0.562500
12 69 0.759868
12 70 0.388158
12 71 0.531250
12 72 0.274671
12 73 0.608553
12 74 0.664474
12 75 0.662829
12 76 0.203947
12 77 0.641447
12 78 0.314145
12 79 0.402961
12 80 0.527961
12 81 0.896382
12 82 0.370066
12 83 0.513158
12 84 0.700658
12 85 0.577303
12 86 0.697368
12 87 0.404605
12 88 0.230263
12 89 0.754934
12 90 0.360197
12 91 0.689145
12 92 0.582237
12 93 0.633224
12 94 0.141447
12 95 0.603618
12 96 0.651316
12 97 0.572368
12 98 0.536184
12 99 0.574013
13 14 0.308943
13 15 0.745257
13 16 0.769648
13 17 0.479675
13 18 0.525745
13 19 0.495935
13 20 0.731707
13 21 0.623306
13 22 0.509485
13 23 0.853659
13 24 0.582656
13 25 0.409214
13 26 0.593496
13 27 0.346883
13 28 0.254743
13 29 0.997290
13 30 0.864499
13 31 0.739837
13 32 0.143631
13 33 0.051491
13 34 0.512195
13 35 0.842818
13 36 0.707317
13 37 0.647696
13 38 0.945799
13 39 0.663957
13 40 0.615176
13 41 0.766938
13 42 0.135501
13 43 0.647696
13 44 0.349593
13 45 0.934959
13 46 0.333333
13 47 0.449864
13 48 0.775068
13 49 0.365854
13 50 0.547425
13 51 0.357724
13 52 0.601626
13 53 0.661247
13 54 0.566396
13 55 0.720867
13 56 0.707317
13 57 0.628726
13 58 0.487805
13 59 0.254743
13 60 0.403794
13 61 0.533875
13 62 0.731707
13 63 0.409214
13 64 0.555556
13 65 0.723577
13 66 0.566396
13 67 0.604336
13 68 0.953930
13 69 0.482385
13 70 0.520325
13 71 0.642276
13 72 0.815718
13 73 0.791328
13 74 0.593496
13 75 0.547425
13 76 0.653117
13 77 0.512195
13 78 0.699187
13 79 0.579946
13 80 0.200542
13 81 0.544715
13 82 0.674797
13 83 0.609756
13 84 0.395664
13 85 0.634146
13 86 0.609756
13 87 0.384824
13 88 0.560976
13 89 0.330623
13 90 0.734417
13 91 0.208672
13 92 0.281843
13 93 0.441734
13 94 0.783198
13 95 0.398374
13 96 0.192412
13 97 0.382114
13 98 0.490515
13 99 0.355014
14 15 0.957921
14 16 0.861386
14 17 0.405941
14 18 0.658416
14 19 0.698020
14 20 0.762376
14 21 0.836634
14 22 0.685644
14 23 0.920792
14 24 0.707921
14 25 0.633663
14 26 0.262376
14 27 0.495050
14 28 0.138614
14 29 0.997525
14 30 0.918317
14 31 0.512376
14 32 0.403465
14 33 0.269802
14 34 0.750000
14 35 0.809406
14 36 0.363861
14 37 0.873762
14 38 0.638614
14 39 0.888614
14 40 0.717822
14 41 0.702970
14 42 0.237624
14 43 0.517327
14 44 0.599010
14 45 0.918317
14 46 0.440594
14 47 0.495050
14 48 0.591584
14 49 0.524752
14 50 0.227723
14 51 0.569307
14 52 0.358911
14 53 0.794554
14 54 0.799505
14 55 0.415842
14 56 0.415842
14 57 0.782178
14 58 0.269802
14 59 0.497525
14 60 0.101485
14 61 0.346535
14 62 0.824257
14 63 0.559406
14 64 0.561881
14 65 0.554455
14 66 0.405941
14 67 0.680693
14 68 0.948020
14 69 0.487624
14 70 0.193069
14 71 0.353960
14 72 0.688119
14 73 0.858911
14 74 0.747525
14 75 0.396040
14 76 0.477723
14 77 0.678218
14 78 0.608911
14 79 0.250000
14 80 0.368812
14 81 0.757426
14 82 0.628713
14 83 0.670792
14 84 0.623762
14 85 0.376238
14 86 0.455446
14 87 0.391089
14 88 0.363861
14 89 0.581683
14 90 0.673267
14 91 0.470297
14 92 0.480198
14 93 0.623762
14 94 0.576733
14 95 0.269802
14 96 0.455446
14 97 0.227723
14 98 0.245050
14 99 0.220297
15 16 0.571890
15 17 0.576737
15 18 0.481422
15 19 0.210016
15 20 0.654281
15 21 0.096931
15 22 0.407108
15 23 0.628433
15 24 0.495961
15 25 0.221325
15 26 0.786753
15 27 0.466882
15 28 0.592892
15 29 0.768982
15 30 0.655897
15 31 0.775444
15 32 0.361874
15 33 0.462036
15 34 0.168013
15 35 0.756058
15 36 0.862682
15 37 0.111470
15 38 0.998384
15 39 0.135703
15 40 0.536349
15 41 0.760905
15 42 0.478191
15 43 0.764136
15 44 0.277868
15 45 0.770598
15 46 0.418417
15 47 0.468498
15 48 0.848142
15 49 0.450727
15 50 0.754443
15 51 0.369952
15 52 0.789984
15 53 0.486268
15 54 0.130856
15 55 0.872375
15 56 0.861066
15 57 0.447496
15 58 0.723748
15 59 0.348950
15 60 0.684976
15 61 0.738288
15 62 0.565428
15 63 0.457189
15 64 0.631664
15 65 0.718901
15 66 0.662359
15 67 0.568659
15 68 0.760905
15 69 0.507270
15 70 0.749596
15 71 0.780291
15 72 0.830372
15 73 0.618740
15 74 0.445880
15 75 0.651050
15 76 0.788368
15 77 0.428110
15 78 0.754443
15 79 0.780291
15 80 0.462036
15 81 0.155089
15 82 0.714055
15 83 0.589661
15 84 0.308562
15 85 0.756058
15 86 0.668821
15 87 0.591276
15 88 0.754443
15 89 0.245557
15 90 0.747981
15 91 0.319871
15 92 0.415186
15 93 0.407108
15 94 0.865913
15 95 0.596123
15 96 0.344103
15 97 0.607431
15 98 0.688207
15 99 0.589661
16 17 0.838182
16 18 0.163636
16 19 0.670909
16 20 0.150909
16 21 0.650909
16 22 0.209091
16 23 0.063636
16 24 0.125455
16 25 0.605455
16 26 0.798182
16 27 0.281818
16 28 0.530909
16 29 0.220000
16 30 0.092727
16 31 0.996364
16 32 0.527273
16 33 0.492727
16 34 0.478182
16 35 0.256364
16 36 0.820000
16 37 0.518182
16 38 0.776364
16 39 0.492727
16 40 0.105455
16 41 0.320000
16 42 0.607273
16 43 0.440000
16 44 0.409091
16 45 0.236364
16 46 0.716364
16 47 0.803636
16 48 0.518182
16 49 0.269091
16 50 0.787273
16 51 0.309091
16 52 0.594545
16 53 0.098182
16 54 0.509091
16 55 0.718182
16 56 0.690909
16 57 0.141818
16 58 0.561818
16 59 0.390909
16 60 0.645455
16 61 0.521818
16 62 0.027273
16 63 0.240000
16 64 0.265455
16 65 0.998182
16 66 0.890909
16 67 0.138182
16 68 0.216364
16 69 0.830909
16 70 0.743636
16 71 0.892727
16 72 0.430909
16 73 0.056364
16 74 0.149091
16 75 0.880000
16 76 0.503636
16 77 0.192727
16 78 0.367273
16 79 0.792727
16 80 0.385455
16 81 0.650909
16 82 0.303636
16 83 0.156364
16 84 0.345455
16 85 0.907273
16 86 0.921818
16 87 0.358182
16 88 0.534545
16 89 0.516364
16 90 0.321818
16 91 0.514545
16 92 0.329091
16 93 0.238182
16 94 0.558182
16 95 0.774545
16 96 0.452727
16 97 0.758182
16 98 0.807273
16 99 0.741818
17 18 0.686347
17 19 0.420664
17 20 0.817343
17 21 0.549815
17 22 0.669742
17 23 0.907749
17 24 0.725092
17 25 0.413284
17 26 0.361624
17 27 0.564576
17 28 0.380074
17 29 0.998155
17 30 0.915129
17 31 0.225092
17 32 0.339483
17 33 0.352399
17 34 0.575646
17 35 0.876384
17 36 0.466790
17 37 0.649446
17 38 0.749077
17 39 0.675277
17 40 0.747232
17 41 0.808118
17 42 0.234317
17 43 0.684502
17 44 0.514760
17 45 0.950185
17 46 0.182657
17 47 0.134686
17 48 0.743542
17 49 0.577491
17 50 0.321033
17 51 0.560886
17 52 0.568266
17 53 0.776753
17 54 0.595941
17 55 0.579336
17 56 0.588561
17 57 0.752768
17 58 0.503690
17 59 0.479705
17 60 0.363469
17 61 0.562731
17 62 0.824723
17 63 0.605166
17 64 0.680812
17 65 0.173432
17 66 0.099631
17 67 0.734317
17 68 0.964945
17 69 0.097786
17 70 0.354244
17 71 0.274908
17 72 0.809963
17 73 0.865314
17 74 0.728782
17 75 0.088561
17 76 0.658672
17 77 0.673432
17 78 0.745387
17 79 0.356089
17 80 0.461255
17 81 0.481550
17 82 0.749077
17 83 0.736162
17 84 0.566421
17 85 0.228782
17 86 0.107011
17 87 0.553506
17 88 0.575646
17 89 0.437269
17 90 0.785978
17 91 0.376384
17 92 0.518450
17 93 0.625461
17 94 0.732472
17 95 0.103321
17 96 0.416974
17 97 0.136531
17 98 0.195572
17 99 0.138376
18 19 0.624190
18 20 0.233261
18 21 0.624190
18 22 0.099352
18 23 0.263499
18 24 0.045356
18 25 0.544276
18 26 0.786177
18 27 0.146868
18 28 0.460043
18 29 0.414687
18 30 0.282937
18 31 0.997840
18 32 0.434125
18 33 0.393089
18 34 0.425486
18 35 0.367171
18 36 0.827214
18 37 0.496760
18 38 0.838013
18 39 0.477322
18 40 0.084233
18 41 0.384449
18 42 0.529158
18 43 0.451404
18 44 0.313175
18 45 0.397408
18 46 0.656587
18 47 0.760259
18 48 0.561555
18 49 0.125270
18 50 0.766739
18 51 0.181425
18 52 0.589633
18 53 0.116631
18 54 0.468683
18 55 0.734341
18 56 0.704104
18 57 0.118790
18 58 0.531317
18 59 0.274298
18 60 0.602592
18 61 0.501080
18 62 0.164147
18 63 0.092873
18 64 0.235421
18 65 0.995680
18 66 0.868251
18 67 0.116631
18 68 0.393089
18 69 0.792657
18 70 0.721382
18 71 0.885529
18 72 0.496760
18 73 0.222462
18 74 0.092873
18 75 0.853132
18 76 0.514039
18 77 0.071274
18 78 0.399568
18 79 0.777538
18 80 0.265659
18 81 0.611231
18 82 0.330454
18 83 0.144708
18 84 0.244060
18 85 0.896328
18 86 0.902808
18 87 0.280778
18 88 0.520518
18 89 0.436285
18 90 0.371490
18 91 0.421166
18 92 0.196544
18 93 0.105832
18 94 0.600432
18 95 0.730022
18 96 0.347732
18 97 0.712743
18 98 0.777538
18 99 0.691145
19 20 0.739212
19 21 0.131332
19 22 0.476548
19 23 0.759850
19 24 0.574109
19 25 0.071295
19 26 0.701689
19 27 0.472795
19 28 0.519700
19 29 0.902439
19 30 0.782364
19 31 0.656660
19 32 0.245779
19 33 0.373358
19 34 0.228893
19 35 0.844278
19 36 0.797373
19 37 0.266417
19 38 0.998124
19 39 0.300188
19 40 0.615385
19 41 0.821764
19 42 0.348968
19 43 0.776735
19 44 0.270169
19 45 0.885553
19 46 0.245779
19 47 0.300188
19 48 0.870544
19 49 0.465291
19 50 0.662289
19 51 0.384615
19 52 0.761726
19 53 0.590994
19 54 0.225141
19 55 0.836773
19 56 0.831144
19 57 0.549719
19 58 0.681051
19 59 0.317073
19 60 0.606004
19 61 0.712946
19 62 0.673546
19 63 0.484053
19 64 0.664165
19 65 0.590994
19 66 0.529081
19 67 0.636023
19 68 0.883677
19 69 0.345216
19 70 0.664165
19 71 0.675422
19 72 0.878049
19 73 0.733583
19 74 0.536585
19 75 0.515947
19 76 0.789869
19 77 0.495310
19 78 0.791745
19 79 0.694184
19 80 0.420263
19 81 0.063790
19 82 0.757974
19 83 0.652908
19 84 0.335835
19 85 0.643527
19 86 0.534709
19 87 0.577861
19 88 0.731707
19 89 0.165103
19 90 0.801126
19 91 0.212008
19 92 0.403377
19 93 0.452158
19 94 0.879925
19 95 0.459662
19 96 0.272045
19 97 0.476548
19 98 0.570356
19 99 0.457786
20 21 0.756190
20 22 0.289524
20 23 0.156190
20 24 0.186667
20 25 0.678095
20 26 0.737143
20 27 0.280000
20 28 0.480000
20 29 0.184762
20 30 0.135238
20 31 0.980952
20 32 0.556190
20 33 0.483810
20 34 0.580952
20 35 0.121905
20 36 0.744762
20 37 0.641905
20 38 0.662857
20 39 0.620952
20 40 0.139048
20 41 0.177143
20 42 0.603810
20 43 0.316190
20 44 0.480000
20 45 0.148571
20 46 0.744762
20 47 0.830476
20 48 0.388571
20 49 0.281905
20 50 0.733333
20 51 0.360000
20 52 0.491429
20 53 0.219048
20 54 0.619048
20 55 0.619048
20 56 0.588571
20 57 0.259048
20 58 0.470476
20 59 0.430476
20 60 0.582857
20 61 0.420952
20 62 0.142857
20 63 0.259048
20 64 0.156190
20 65 0.998095
20 66 0.881905
20 67 0.104762
20 68 0.154286
20 69 0.853333
20 70 0.681905
20 71 0.853333
20 72 0.291429
20 73 0.110476
20 74 0.251429
20 75 0.870476
20 76 0.384762
20 77 0.264762
20 78 0.230476
20 79 0.731429
20 80 0.373333
20 81 0.742857
20 82 0.165714
20 83 0.087619
20 84 0.419048
20 85 0.876190
20 86 0.918095
20 87 0.283810
20 88 0.428571
20 89 0.582857
20 90 0.179048
20 91 0.556190
20 92 0.348571
20 93 0.297143
20 94 0.430476
20 95 0.761905
20 96 0.487619
20 97 0.739048
20 98 0.775238
20 99 0.723810
21 22 0.428325
21 23 0.680484
21 24 0.523316
21 25 0.141623
21 26 0.751295
21 27 0.462867
21 28 0.559585
21 29 0.823834
21 30 0.706390
21 31 0.725389
21 32 0.305699
21 33 0.421416
21 34 0.164076
21 35 0.791019
21 36 0.835924
21 37 0.155440
21 38 0.998273
21 39 0.188256
21 40 0.564767
21 41 0.784111
21 42 0.423143
21 43 0.768566
21 44 0.257340
21 45 0.816926
21 46 0.345423
21 47 0.397237
21 48 0.856649
21 49 0.449050
21 50 0.716753
21 51 0.364421
21 52 0.777202
21 53 0.525043
21 54 0.138169
21 55 0.858377
21 56 0.849741
21 57 0.483592
21 58 0.704663
21 59 0.322971
21 60 0.651123
21 61 0.725389
21 62 0.606218
21 63 0.461140
21 64 0.640760
21 65 0.664940
21 66 0.606218
21 67 0.592401
21 68 0.811744
21 69 0.438687
21 70 0.713299
21 71 0.737478
21 72 0.849741
21 73 0.663212
21 74 0.476684
21 75 0.594128
21 76 0.787565
21 77 0.449050
21 78 0.768566
21 79 0.744387
21 80 0.438687
21 81 0.062176
21 82 0.730570
21 83 0.611399
21 84 0.305699
21 85 0.709845
21 86 0.613126
21 87 0.582038
21 88 0.744387
21 89 0.191710
21 90 0.768566
21 91 0.264249
21 92 0.400691
21 93 0.416235
21 94 0.870466
21 95 0.538860
21 96 0.302245
21 97 0.552677
21 98 0.639033
21 99 0.535406
22 23 0.323974
22 24 0.118790
22 25 0.470842
22 26 0.818575
22 27 0.174946
22 28 0.490281
22 29 0.494600
22 30 0.352052
22 31 0.997840
22 32 0.395248
22 33 0.388769
22 34 0.330454
22 35 0.464363
22 36 0.874730
22 37 0.399568
22 38 0.917927
22 39 0.377970
22 40 0.172786
22 41 0.483801
22 42 0.516199
22 43 0.539957
22 44 0.237581
22 45 0.488121
22 46 0.617711
22 47 0.721382
22 48 0.652268
22 49 0.144708
22 50 0.794816
22 51 0.127430
22 52 0.658747
22 53 0.136069
22 54 0.373650
22 55 0.799136
22 56 0.773218
22 57 0.097192
22 58 0.591793
22 59 0.226782
22 60 0.639309
22 61 0.572354
22 62 0.226782
22 63 0.120950
22 64 0.328294
22 65 0.982721
22 66 0.859611
22 67 0.215983
22 68 0.479482
22 69 0.760259
22 70 0.755940
22 71 0.902808
22 72 0.593952
22 73 0.295896
22 74 0.071274
22 75 0.844492
22 76 0.596112
22 77 0.028078
22 78 0.494600
22 79 0.809935
22 80 0.276458
22 81 0.526998
22 82 0.429806
22 83 0.246220
22 84 0.161987
22 85 0.904968
22 86 0.892009
22 87 0.345572
22 88 0.591793
22 89 0.365011
22 90 0.470842
22 91 0.371490
22 92 0.183585
22 93 0.053996
22 94 0.686825
22 95 0.723542
22 96 0.302376
22 97 0.710583
22 98 0.786177
22 99 0.688985
23 24 0.175862
23 25 0.636207
23 26 0.791379
23 27 0.320690
23 28 0.544828
23 29 0.153448
23 30 0.034483
23 31 0.991379
23 32 0.558621
23 33 0.518966
23 34 0.513793
23 35 0.218966
23 36 0.806897
23 37 0.551724
23 38 0.741379
23 39 0.525862
23 40 0.150000
23 41 0.294828
23 42 0.627586
23 43 0.427586
23 44 0.450000
23 45 0.181034
23 46 0.736207
23 47 0.818966
23 48 0.493103
23 49 0.310345
23 50 0.784483
23 51 0.351724
23 52 0.582759
23 53 0.155172
23 54 0.543103
23 55 0.698276
23 56 0.672414
23 57 0.194828
23 58 0.558621
23 59 0.429310
23 60 0.648276
23 61 0.517241
23 62 0.079310
23 63 0.282759
23 64 0.272414
23 65 0.998276
23 66 0.893103
23 67 0.167241
23 68 0.156897
23 69 0.844828
23 70 0.741379
23 71 0.887931
23 72 0.398276
23 73 0.044828
23 74 0.203448
23 75 0.882759
23 76 0.489655
23 77 0.243103
23 78 0.350000
23 79 0.786207
23 80 0.415517
23 81 0.679310
23 82 0.291379
23 83 0.175862
23 84 0.387931
23 85 0.903448
23 86 0.924138
23 87 0.374138
23 88 0.525862
23 89 0.550000
23 90 0.300000
23 91 0.548276
23 92 0.368966
23 93 0.286207
23 94 0.531034
23 95 0.784483
23 96 0.487931
23 97 0.767241
23 98 0.810345
23 99 0.751724
24 25 0.555785
24 26 0.789256
24 27 0.183884
24 28 0.479339
24 29 0.361570
24 30 0.231405
24 31 0.997934
24 32 0.456612
24 33 0.419421
24 34 0.429752
24 35 0.332645
24 36 0.828512
24 37 0.493802
24 38 0.824380
24 39 0.471074
24 40 0.051653
24 41 0.363636
24 42 0.549587
24 43 0.448347
24 44 0.332645
24 45 0.351240
24 46 0.671488
24 47 0.770661
24 48 0.549587
24 49 0.165289
24 50 0.774793
24 51 0.210744
24 52 0.590909
24 53 0.076446
24 54 0.471074
24 55 0.731405
24 56 0.702479
24 57 0.092975
24 58 0.541322
24 59 0.303719
24 60 0.615702
24 61 0.508264
24 62 0.115702
24 63 0.132231
24 64 0.237603
24 65 0.995868
24 66 0.873967
24 67 0.101240
24 68 0.345041
24 69 0.801653
24 70 0.729339
24 71 0.888430
24 72 0.477273
24 73 0.175620
24 74 0.074380
24 75 0.861570
24 76 0.512397
24 77 0.088843
24 78 0.388430
24 79 0.783058
24 80 0.299587
24 81 0.615702
24 82 0.320248
24 83 0.132231
24 84 0.262397
24 85 0.898760
24 86 0.909091
24 87 0.301653
24 88 0.524793
24 89 0.452479
24 90 0.355372
24 91 0.444215
24 92 0.231405
24 93 0.134298
24 94 0.588843
24 95 0.743802
24 96 0.371901
24 97 0.725207
24 98 0.787190
24 99 0.704545
25 26 0.702595
25 27 0.427146
25 28 0.489022
25 29 0.886228
25 30 0.760479
25 31 0.690619
25 32 0.195609
25 33 0.331337
25 34 0.197605
25 35 0.822355
25 36 0.800399
25 37 0.259481
25 38 0.998004
25 39 0.291417
25 40 0.580838
25 41 0.798403
25 42 0.323353
25 43 0.754491
25 44 0.215569
25 45 0.866267
25 46 0.249501
25 47 0.323353
25 48 0.854291
25 49 0.419162
25 50 0.662675
25 51 0.335329
25 52 0.744511
25 53 0.558882
25 54 0.205589
25 55 0.832335
25 56 0.824351
25 57 0.516966
25 58 0.660679
25 59 0.261477
25 60 0.588822
25 61 0.690619
25 62 0.644711
25 63 0.439122
25 64 0.630739
25 65 0.628743
25 66 0.550898
25 67 0.600798
25 68 0.866267
25 69 0.371257
25 70 0.658683
25 71 0.690619
25 72 0.860279
25 73 0.706587
25 74 0.500998
25 75 0.536926
25 76 0.768463
25 77 0.455090
25 78 0.766467
25 79 0.694611
25 80 0.373253
25 81 0.099800
25 82 0.730539
25 83 0.618762
25 84 0.285429
25 85 0.660679
25 86 0.562874
25 87 0.540918
25 88 0.710579
25 89 0.099800
25 90 0.778443
25 91 0.153693
25 92 0.353293
25 93 0.407186
25 94 0.866267
25 95 0.463074
25 96 0.215569
25 97 0.475050
25 98 0.574850
25 99 0.455090
26 27 0.628151
26 28 0.317227
26 29 0.997899
26 30 0.953782
26 31 0.357143
26 32 0.556723
26 33 0.451681
26 34 0.857143
26 35 0.823529
26 36 0.117647
26 37 0.960084
26 38 0.457983
26 39 0.974790
26 40 0.802521
26 41 0.718487
26 42 0.399160
26 43 0.529412
26 44 0.728992
26 45 0.924370
26 46 0.531513
26 47 0.542017
26 48 0.550420
26 49 0.657563
26 50 0.048319
26 51 0.703782
26 52 0.327731
26 53 0.878151
26 54 0.897059
26 55 0.275210
26 56 0.298319
26 57 0.873950
26 58 0.302521
26 59 0.644958
26 60 0.176471
26 61 0.373950
26 62 0.890756
26 63 0.684874
26 64 0.638655
26 65 0.443277
26 66 0.346639
26 67 0.762605
26 68 0.955882
26 69 0.514706
26 70 0.060924
26 71 0.168067
26 72 0.665966
26 73 0.909664
26 74 0.842437
26 75 0.346639
26 76 0.468487
26 77 0.785714
26 78 0.630252
26 79 0.008403
26 80 0.531513
26 81 0.842437
26 82 0.665966
26 83 0.747899
26 84 0.752101
26 85 0.224790
26 86 0.384454
26 87 0.508403
26 88 0.376050
26 89 0.707983
26 90 0.693277
26 91 0.613445
26 92 0.626050
26 93 0.745798
26 94 0.518908
26 95 0.306723
26 96 0.607143
26 97 0.273109
26 98 0.189076
26 99 0.285714
27 28 0.374684
27 29 0.615190
27 30 0.481013
27 31 0.997468
27 32 0.364557
27 33 0.291139
27 34 0.468354
27 35 0.501266
27 36 0.820253
27 37 0.579747
27 38 0.886076
27 39 0.569620
27 40 0.250633
27 41 0.473418
27 42 0.450633
27 43 0.468354
27 44 0.301266
27 45 0.569620
27 46 0.620253
27 47 0.736709
27 48 0.602532
27 49 0.035443
27 50 0.734177
27 51 0.154430
27 52 0.572152
27 53 0.306329
27 54 0.526582
27 55 0.734177
27 56 0.706329
27 57 0.293671
27 58 0.491139
27 59 0.210127
27 60 0.546835
27 61 0.473418
27 62 0.356962
27 63 0.065823
27 64 0.260759
27 65 0.994937
27 66 0.845570
27 67 0.243038
27 68 0.579747
27 69 0.772152
27 70 0.683544
27 71 0.865823
27 72 0.569620
27 73 0.412658
27 74 0.258228
27 75 0.830380
27 76 0.521519
27 77 0.189873
27 78 0.450633
27 79 0.749367
27 80 0.141772
27 81 0.640506
27 82 0.392405
27 83 0.255696
27 84 0.250633
27 85 0.878481
27 86 0.888608
27 87 0.212658
27 88 0.498734
27 89 0.415190
27 90 0.448101
27 91 0.367089
27 92 0.093671
27 93 0.146835
27 94 0.635443
27 95 0.686076
27 96 0.278481
27 97 0.663291
27 98 0.739241
27 99 0.637975
28 29 0.997126
28 30 0.905172
28 31 0.755747
28 32 0.422414
28 33 0.229885
28 34 0.790230
28 35 0.787356
28 36 0.520115
28 37 0.931034
28 38 0.732759
28 39 0.942529
28 40 0.672414
28 41 0.669540
28 42 0.295977
28 43 0.477011
28 44 0.597701
28 45 0.910920
28 46 0.557471
28 47 0.652299
28 48 0.589080
28 49 0.462644
28 50 0.408046
28 51 0.531609
28 52 0.370690
28 53 0.770115
28 54 0.850575
28 55 0.497126
28 56 0.479885
28 57 0.758621
28 58 0.250000
28 59 0.471264
28 60 0.198276
28 61 0.313218
28 62 0.795977
28 63 0.500000
28 64 0.491379
28 65 0.793103
28 66 0.614943
28 67 0.629310
28 68 0.942529
28 69 0.658046
28 70 0.350575
28 71 0.571839
28 72 0.672414
28 73 0.836207
28 74 0.718391
28 75 0.603448
28 76 0.454023
28 77 0.640805
28 78 0.568966
28 79 0.425287
28 80 0.293103
28 81 0.847701
28 82 0.580460
28 83 0.617816
28 84 0.609195
28 85 0.597701
28 86 0.675287
28 87 0.293103
28 88 0.339080
28 89 0.614943
28 90 0.635057
28 91 0.491379
28 92 0.422414
28 93 0.583333
28 94 0.583333
28 95 0.445402
28 96 0.445402
28 97 0.402299
28 98 0.445402
28 99 0.385057
29 30 0.112540
29 31 0.980707
29 32 0.622186
29 33 0.564309
29 34 0.614148
29 35 0.141479
29 36 0.762058
29 37 0.652733
29 38 0.649518
29 39 0.631833
29 40 0.245981
29 41 0.229904
29 42 0.667203
29 43 0.377814
29 44 0.541801
29 45 0.065916
29 46 0.782958
29 47 0.858521
29 48 0.416399
29 49 0.387460
29 50 0.765273
29 51 0.443730
29 52 0.538585
29 53 0.279743
29 54 0.643087
29 55 0.641479
29 56 0.614148
29 57 0.318328
29 58 0.533762
29 59 0.511254
29 60 0.639871
29 61 0.485531
29 62 0.202572
29 63 0.366559
29 64 0.282958
29 65 0.998392
29 66 0.900322
29 67 0.236334
29 68 0.033762
29 69 0.877814
29 70 0.720257
29 71 0.869775
29 72 0.313505
29 73 0.149518
29 74 0.323151
29 75 0.892283
29 76 0.435691
29 77 0.350482
29 78 0.297428
29 79 0.760450
29 80 0.472669
29 81 0.760450
29 82 0.255627
29 83 0.228296
29 84 0.487138
29 85 0.890675
29 86 0.930868
29 87 0.393891
29 88 0.490354
29 89 0.633441
29 90 0.244373
29 91 0.618971
29 92 0.443730
29 93 0.385852
29 94 0.453376
29 95 0.800643
29 96 0.562701
29 97 0.779743
29 98 0.807074
29 99 0.766881
30 31 0.989691
30 32 0.568729
30 33 0.522337
30 34 0.537801
30 35 0.187285
30 36 0.792096
30 37 0.577320
30 38 0.716495
30 39 0.554983
30 40 0.159794
30 41 0.266323
30 42 0.632302
30 43 0.405498
30 44 0.469072
30 45 0.146048
30 46 0.745704
30 47 0.826460
30 48 0.467354
30 49 0.319588
30 50 0.774914
30 51 0.367698
30 52 0.565292
30 53 0.180412
30 54 0.568729
30 55 0.680412
30 56 0.652921
30 57 0.221649
30 58 0.544674
30 59 0.443299
30 60 0.640893
30 61 0.500000
30 62 0.097938
30 63 0.293814
30 64 0.259450
30 65 0.998282
30 66 0.893471
30 67 0.166667
30 68 0.121993
30 69 0.852234
30 70 0.731959
30 71 0.881443
30 72 0.371134
30 73 0.046392
30 74 0.226804
30 75 0.883162
30 76 0.467354
30 77 0.262887
30 78 0.326460
30 79 0.776632
30 80 0.420962
30 81 0.699313
30 82 0.269759
30 83 0.170103
30 84 0.408935
30 85 0.898625
30 86 0.924399
30 87 0.367698
30 88 0.508591
30 89 0.568729
30 90 0.274914
30 91 0.561856
30 92 0.379725
30 93 0.304124
30 94 0.505155
30 95 0.785223
30 96 0.501718
30 97 0.766323
30 98 0.805842
30 99 0.752577
31 32 0.496622
31 33 0.474662
31 34 0.728041
31 35 0.903716
31 36 0.364865
31 37 0.798986
31 38 0.650338
31 39 0.820946
31 40 0.827703
31 41 0.827703
31 42 0.378378
31 43 0.689189
31 44 0.660473
31 45 0.978041
31 46 0.373311
31 47 0.326014
31 48 0.719595
31 49 0.682432
31 50 0.261824
31 51 0.684122
31 52 0.542230
31 53 0.869932
31 54 0.750000
31 55 0.508446
31 56 0.527027
31 57 0.853041
31 58 0.505068
31 59 0.616554
31 60 0.371622
31 61 0.564189
31 62 0.900338
31 63 0.707770
31 64 0.733108
31 65 0.092905
31 66 0.118243
31 67 0.807432
31 68 0.998311
31 69 0.287162
31 70 0.310811
31 71 0.152027
31 72 0.804054
31 73 0.930743
31 74 0.829392
31 75 0.130068
31 76 0.648649
31 77 0.780405
31 78 0.760135
31 79 0.285473
31 80 0.570946
31 81 0.648649
31 82 0.778716
31 83 0.804054
31 84 0.701014
31 85 0.106419
31 86 0.109797
31 87 0.616554
31 88 0.569257
31 89 0.599662
31 90 0.807432
31 91 0.537162
31 92 0.636824
31 93 0.736486
31 94 0.699324
31 95 0.212838
31 96 0.564189
31 97 0.222973
31 98 0.182432
31 99 0.239865
32 33 0.168734
32 34 0.359801
32 35 0.841191
32 36 0.769231
32 37 0.476427
32 38 0.997519
32 39 0.498759
32 40 0.590571
32 41 0.791563
32 42 0.191067
32 43 0.707196
32 44 0.238213
32 45 0.915633
32 46 0.255583
32 47 0.374690
32 48 0.826303
32 49 0.362283
32 50 0.610422
32 51 0.305211
32 52 0.682382
32 53 0.605459
32 54 0.401985
32 55 0.791563
32 56 0.779156
32 57 0.565757
32 58 0.578164
32 59 0.191067
32 60 0.496278
32 61 0.615385
32 62 0.687345
32 63 0.397022
32 64 0.585608
32 65 0.689826
32 66 0.560794
32 67 0.595533
32 68 0.925558
32 69 0.419355
32 70 0.595533
32 71 0.677419
32 72 0.851117
32 73 0.754342
32 74 0.535980
32 75 0.543424
32 76 0.719603
32 77 0.464020
32 78 0.739454
32 79 0.645161
32 80 0.250620
32 81 0.367246
32 82 0.707196
32 83 0.607940
32 84 0.305211
32 85 0.657568
32 86 0.590571
32 87 0.451613
32 88 0.642680
32 89 0.178660
32 90 0.764268
32 91 0.066998
32 92 0.272953
32 93 0.397022
32 94 0.838710
32 95 0.419355
32 96 0.106700
32 97 0.419355
32 98 0.533499
32 99 0.392060
33 34 0.583333
33 35 0.872024
33 36 0.755952
33 37 0.732143
33 38 0.994048
33 39 0.747024
33 40 0.636905
33 41 0.788690
33 42 0.187500
33 43 0.657738
33 44 0.395833
33 45 0.976190
33 46 0.419643
33 47 0.547619
33 48 0.794643
33 49 0.366071
33 50 0.592262
33 51 0.375000
33 52 0.616071
33 53 0.693452
33 54 0.645833
33 55 0.752976
33 56 0.738095
33 57 0.663690
33 58 0.491071
33 59 0.276786
33 60 0.419643
33 61 0.535714
33 62 0.761905
33 63 0.413690
33 64 0.553571
33 65 0.827381
33 66 0.651786
33 67 0.619048
33 68 0.997024
33 69 0.577381
33 70 0.556548
33 71 0.714286
33 72 0.839286
33 73 0.827381
33 74 0.622024
33 75 0.633929
33 76 0.663690
33 77 0.535714
33 78 0.711310
33 79 0.625000
33 80 0.175595
33 81 0.642857
33 82 0.684524
33 83 0.622024
33 84 0.431548
33 85 0.711310
33 86 0.702381
33 87 0.366071
33 88 0.568452
33 89 0.398810
33 90 0.752976
33 91 0.267857
33 92 0.282738
33 93 0.461310
33 94 0.806548
33 95 0.464286
33 96 0.226190
33 97 0.443452
33 98 0.550595
33 99 0.413690
34 35 0.702495
34 36 0.863724
34 37 0.094050
34 38 0.998081
34 39 0.107486
34 40 0.447217
34 41 0.704415
34 42 0.426104
34 43 0.708253
34 44 0.134357
34 45 0.727447
34 46 0.412668
34 47 0.493282
34 48 0.809981
34 49 0.335893
34 50 0.748560
34 51 0.239923
34 52 0.750480
34 53 0.399232
34 54 0.042226
34 55 0.856046
34 56 0.840691
34 57 0.355086
34 58 0.675624
34 59 0.220729
34 60 0.648752
34 61 0.685221
34 62 0.491363
34 63 0.343570
34 64 0.550864
34 65 0.779271
34 66 0.692898
34 67 0.481766
34 68 0.719770
34 69 0.537428
34 70 0.733205
34 71 0.802303
34 72 0.786948
34 73 0.554702
34 74 0.347409
34 75 0.679463
34 76 0.740883
34 77 0.318618
34 78 0.696737
34 79 0.775432
34 80 0.357006
34 81 0.191939
34 82 0.648752
34 83 0.504798
34 84 0.166987
34 85 0.783109
34 86 0.710173
34 87 0.504798
34 88 0.704415
34 89 0.145873
34 90 0.689060
34 91 0.226488
34 92 0.295585
34 93 0.285988
34 94 0.831094
34 95 0.595010
34 96 0.230326
34 97 0.598848
34 98 0.689060
34 99 0.577735
35 36 0.702359
35 37 0.725953
35 38 0.575318
35 39 0.707804
35 40 0.248639
35 41 0.099819
35 42 0.640653
35 43 0.266788
35 44 0.562613
35 45 0.087114
35 46 0.787659
35 47 0.865699
35 48 0.310345
35 49 0.366606
35 50 0.715064
35 51 0.448276
35 52 0.450091
35 53 0.324864
35 54 0.702359
35 55 0.564428
35 56 0.533575
35 57 0.362976
35 58 0.450091
35 59 0.509982
35 60 0.577132
35 61 0.392015
35 62 0.246824
35 63 0.348457
35 64 0.192377
35 65 0.998185
35 66 0.887477
35 67 0.208711
35 68 0.121597
35 69 0.883848
35 70 0.664247
35 71 0.836661
35 72 0.199637
35 73 0.201452
35 74 0.355717
35 75 0.878403
35 76 0.332123
35 77 0.366606
35 78 0.176044
35 79 0.707804
35 80 0.435572
35 81 0.813067
35 82 0.136116
35 83 0.186933
35 84 0.508167
35 85 0.863884
35 86 0.923775
35 87 0.317604
35 88 0.395644
35 89 0.656987
35 90 0.116152
35 91 0.622505
35 92 0.426497
35 93 0.393829
35 94 0.353902
35 95 0.776770
35 96 0.558984
35 97 0.751361
35 98 0.773140
35 99 0.740472
36 37 0.986166
36 38 0.333992
36 39 0.998024
36 40 0.784585
36 41 0.660079
36 42 0.472332
36 43 0.476285
36 44 0.762846
36 45 0.859684
36 46 0.606719
36 47 0.620553
36 48 0.472332
36 49 0.667984
36 50 0.156126
36 51 0.723320
36 52 0.276680
36 53 0.863636
36 54 0.928854
36 55 0.181818
36 56 0.211462
36 57 0.865613
36 58 0.282609
36 59 0.679842
36 60 0.223320
36 61 0.337945
36 62 0.861660
36 63 0.691700
36 64 0.610672
36 65 0.515810
36 66 0.434783
36 67 0.741107
36 68 0.895257
36 69 0.596838
36 70 0.140316
36 71 0.249012
36 72 0.592885
36 73 0.871542
36 74 0.837945
36 75 0.436759
36 76 0.409091
36 77 0.788538
36 78 0.575099
36 79 0.118577
36 80 0.559289
36 81 0.891304
36 82 0.620553
36 83 0.723320
36 84 0.776680
36 85 0.308300
36 86 0.468379
36 87 0.503953
36 88 0.333992
36 89 0.754941
36 90 0.638340
36 91 0.666008
36 92 0.648221
36 93 0.752964
36 94 0.436759
36 95 0.401186
36 96 0.652174
36 97 0.367589
36 98 0.288538
36 99 0.379447
37 38 0.998243
37 39 0.033392
37 40 0.463972
37 41 0.713533
37 42 0.472759
37 43 0.727592
37 44 0.207381
37 45 0.717047
37 46 0.446397
37 47 0.514938
37 48 0.820738
37 49 0.381371
37 50 0.771529
37 51 0.295255
37 52 0.773286
37 53 0.407733
37 54 0.052724
37 55 0.869947
37 56 0.855888
37 57 0.365554
37 58 0.704745
37 59 0.288225
37 60 0.680141
37 61 0.711775
37 62 0.493849
37 63 0.384886
37 64 0.576450
37 65 0.782074
37 66 0.708260
37 67 0.500879
37 68 0.706503
37 69 0.555360
37 70 0.757469
37 71 0.815466
37 72 0.794376
37 73 0.551845
37 74 0.363796
37 75 0.695958
37 76 0.759227
37 77 0.347979
37 78 0.711775
37 79 0.794376
37 80 0.411248
37 81 0.196837
37 82 0.664323
37 83 0.523726
37 84 0.228471
37 85 0.796134
37 86 0.722320
37 87 0.543058
37 88 0.731107
37 89 0.212654
37 90 0.701230
37 91 0.289982
37 92 0.351494
37 93 0.326889
37 94 0.841828
37 95 0.622144
37 96 0.297012
37 97 0.627417
37 98 0.713533
37 99 0.609842
38 39 0.998243
38 40 0.676626
38 41 0.463972
38 42 0.615114
38 43 0.323374
38 44 0.790861
38 45 0.637961
38 46 0.766257
38 47 0.799649
38 48 0.256591
38 49 0.639719
38 50 0.416520
38 51 0.715290
38 52 0.224956
38 53 0.762742
38 54 0.952548
38 55 0.159930
38 56 0.156415
38 57 0.778559
38 58 0.297012
38 59 0.710018
38 60 0.381371
38 61 0.286467
38 62 0.727592
38 63 0.650264
38 64 0.500879
38 65 0.753954
38 66 0.669596
38 67 0.627417
38 68 0.673111
38 69 0.787346
38 70 0.376098
38 71 0.516696
38 72 0.365554
38 73 0.713533
38 74 0.757469
38 75 0.669596
38 76 0.265378
38 77 0.727592
38 78 0.398946
38 79 0.386643
38 80 0.586995
38 81 0.966608
38 82 0.458699
38 83 0.604569
38 84 0.778559
38 85 0.569420
38 86 0.704745
38 87 0.467487
38 88 0.268893
38 89 0.820738
38 90 0.453427
38 91 0.746924
38 92 0.652021
38 93 0.715290
38 94 0.216169
38 95 0.615114
38 96 0.711775
38 97 0.585237
38 98 0.534271
38 99 0.588752
39 40 0.508032
39 41 0.799197
39 42 0.560241
39 43 0.823293
39 44 0.240964
39 45 0.795181
39 46 0.538153
39 47 0.618474
39 48 0.931727
39 49 0.427711
39 50 0.895582
39 51 0.329317
39 52 0.883534
39 53 0.439759
39 54 0.086345
39 55 0.997992
39 56 0.981928
39 57 0.391566
39 58 0.807229
39 59 0.331325
39 60 0.787149
39 61 0.813253
39 62 0.536145
39 63 0.427711
39 64 0.644578
39 65 0.921687
39 66 0.835341
39 67 0.552209
39 68 0.781124
39 69 0.666667
39 70 0.879518
39 71 0.951807
39 72 0.893574
39 73 0.604418
39 74 0.391566
39 75 0.821285
39 76 0.863454
39 77 0.377510
39 78 0.801205
39 79 0.923695
39 80 0.471888
39 81 0.263052
39 82 0.744980
39 83 0.580321
39 84 0.253012
39 85 0.931727
39 86 0.851406
39 87 0.614458
39 88 0.833333
39 89 0.265060
39 90 0.785141
39 91 0.349398
39 92 0.397590
39 93 0.359438
39 94 0.955823
39 95 0.734940
39 96 0.351406
39 97 0.738956
39 98 0.835341
39 99 0.716867
40 41 0.312373
40 42 0.561866
40 43 0.407708
40 44 0.373225
40 45 0.296146
40 46 0.691684
40 47 0.787018
40 48 0.505071
40 49 0.188641
40 50 0.762677
40 51 0.249493
40 52 0.561866
40 53 0.101420
40 54 0.513185
40 55 0.699797
40 56 0.669371
40 57 0.133874
40 58 0.517241
40 59 0.336714
40 60 0.604462
40 61 0.480730
40 62 0.087221
40 63 0.158215
40 64 0.202840
40 65 0.997972
40 66 0.876268
40 67 0.056795
40 68 0.290061
40 69 0.817444
40 70 0.713996
40 71 0.878296
40 72 0.425963
40 73 0.131846
40 74 0.121704
40 75 0.864097
40 76 0.474645
40 77 0.135903
40 78 0.342799
40 79 0.768763
40 80 0.312373
40 81 0.651116
40 82 0.273834
40 83 0.087221
40 84 0.306288
40 85 0.892495
40 86 0.912779
40 87 0.286004
40 88 0.494929
40 89 0.488844
40 90 0.304260
40 91 0.474645
40 92 0.257606
40 93 0.176471
40 94 0.543611
40 95 0.748479
40 96 0.403651
40 97 0.728195
40 98 0.782961
40 99 0.709939
41 42 0.629412
41 43 0.182353
41 44 0.598039
41 45 0.201961
41 46 0.796078
41 47 0.878431
41 48 0.231373
41 49 0.380392
41 50 0.676471
41 51 0.476471
41 52 0.380392
41 53 0.396078
41 54 0.762745
41 55 0.501961
41 56 0.468627
41 57 0.431373
41 58 0.386275
41 59 0.529412
41 60 0.529412
41 61 0.321569
41 62 0.327451
41 63 0.368627
41 64 0.162745
41 65 0.998039
41 66 0.878431
41 67 0.249020
41 68 0.239216
41 69 0.892157
41 70 0.619608
41 71 0.809804
41 72 0.117647
41 73 0.294118
41 74 0.417647
41 75 0.868627
41 76 0.252941
41 77 0.413725
41 78 0.084314
41 79 0.666667
41 80 0.427451
41 81 0.862745
41 82 0.066667
41 83 0.219608
41 84 0.549020
41 85 0.843137
41 86 0.917647
41 87 0.276471
41 88 0.323529
41 89 0.688235
41 90 0.023529
41 91 0.641176
41 92 0.437255
41 93 0.431373
41 94 0.276471
41 95 0.762745
41 96 0.572549
41 97 0.733333
41 98 0.749020
41 99 0.721569
42 43 0.669173
42 44 0.426065
42 45 0.979950
42 46 0.225564
42 47 0.315789
42 48 0.771930
42 49 0.466165
42 50 0.428571
42 51 0.456140
42 52 0.576441
42 53 0.739348
42 54 0.598997
42 55 0.656642
42 56 0.654135
42 57 0.709273
42 58 0.473684
42 59 0.353383
42 60 0.340852
42 61 0.533835
42 62 0.802005
42 63 0.503759
42 64 0.619048
42 65 0.541353
42 66 0.395990
42 67 0.679198
42 68 0.997494
42 69 0.333333
42 70 0.421053
42 71 0.491228
42 72 0.832080
42 73 0.857143
42 74 0.676692
42 75 0.380952
42 76 0.654135
42 77 0.601504
42 78 0.731830
42 79 0.466165
42 80 0.308271
42 81 0.528822
42 82 0.721805
42 83 0.684211
42 84 0.481203
42 85 0.473684
42 86 0.436090
42 87 0.451128
42 88 0.556391
42 89 0.370927
42 90 0.774436
42 91 0.260652
42 92 0.388471
42 93 0.536341
42 94 0.769424
42 95 0.243108
42 96 0.280702
42 97 0.233083
42 98 0.345865
42 99 0.205514
43 44 0.692841
43 45 0.452656
43 46 0.824480
43 47 0.905312
43 48 0.122402
43 49 0.457275
43 50 0.595843
43 51 0.568129
43 52 0.233256
43 53 0.579677
43 54 0.905312
43 55 0.376443
43 56 0.337182
43 57 0.605081
43 58 0.251732
43 59 0.595843
43 60 0.431871
43 61 0.170901
43 62 0.531178
43 63 0.459584
43 64 0.235566
43 65 0.997691
43 66 0.859122
43 67 0.399538
43 68 0.494226
43 69 0.914550
43 70 0.526559
43 71 0.752887
43 72 0.159353
43 73 0.515012
43 74 0.579677
43 75 0.849885
43 76 0.083141
43 77 0.549654
43 78 0.115473
43 79 0.579677
43 80 0.441109
43 81 0.979215
43 82 0.182448
43 83 0.369515
43 84 0.655889
43 85 0.799076
43 86 0.907621
43 87 0.247113
43 88 0.168591
43 89 0.771363
43 90 0.191686
43 91 0.692841
43 92 0.496536
43 93 0.545035
43 94 0.157044
43 95 0.734411
43 96 0.625866
43 97 0.695150
43 98 0.695150
43 99 0.685912
44 45 0.870370
44 46 0.502646
44 47 0.626984
44 48 0.933862
44 49 0.293651
44 50 0.875661
44 51 0.166667
44 52 0.849206
44 53 0.455026
44 54 0.243386
44 55 0.997354
44 56 0.976190
44 57 0.402116
44 58 0.746032
44 59 0.119048
44 60 0.722222
44 61 0.759259
44 62 0.568783
44 63 0.312169
44 64 0.587302
44 65 0.989418
44 66 0.851852
44 67 0.521164
44 68 0.865079
44 69 0.679894
44 70 0.846561
44 71 0.968254
44 72 0.910053
44 73 0.650794
44 74 0.378307
44 75 0.833333
44 76 0.835979
44 77 0.317460
44 78 0.785714
44 79 0.907407
44 80 0.306878
44 81 0.365079
44 82 0.724868
44 83 0.547619
44 84 0.092593
44 85 0.949735
44 86 0.883598
44 87 0.510582
44 88 0.785714
44 89 0.156085
44 90 0.783069
44 91 0.195767
44 92 0.224868
44 93 0.253968
44 94 0.962963
44 95 0.701058
44 96 0.156085
44 97 0.698413
44 98 0.814815
44 99 0.669312
45 46 0.787521
45 47 0.863406
45 48 0.367622
45 49 0.381113
45 50 0.743676
45 51 0.448567
45 52 0.499157
45 53 0.300169
45 54 0.672850
45 55 0.605396
45 56 0.576728
45 57 0.338954
45 58 0.497470
45 59 0.514334
45 60 0.613828
45 61 0.445194
45 62 0.219224
45 63 0.360877
45 64 0.246206
45 65 0.998314
45 66 0.895447
45 67 0.222597
45 68 0.035413
45 69 0.881956
45 70 0.696459
45 71 0.854975
45 72 0.259696
45 73 0.165261
45 74 0.338954
45 75 0.887015
45 76 0.391231
45 77 0.359191
45 78 0.244519
45 79 0.738617
45 80 0.458685
45 81 0.787521
45 82 0.205734
45 83 0.209106
45 84 0.500843
45 85 0.878583
45 86 0.929174
45 87 0.362563
45 88 0.448567
45 89 0.647555
45 90 0.188870
45 91 0.623946
45 92 0.440135
45 93 0.392917
45 94 0.406408
45 95 0.792580
45 96 0.564924
45 97 0.768971
45 98 0.794266
45 99 0.757167
46 47 0.101266
46 48 0.841772
46 49 0.523207
46 50 0.485232
46 51 0.478903
46 52 0.672996
46 53 0.734177
46 54 0.474684
46 55 0.727848
46 56 0.729958
46 57 0.698312
46 58 0.586498
46 59 0.381857
46 60 0.459916
46 61 0.641350
46 62 0.803797
46 63 0.554852
46 64 0.691983
46 65 0.402954
46 66 0.318565
46 67 0.719409
46 68 0.997890
46 69 0.141350
46 70 0.500000
46 71 0.485232
46 72 0.888186
46 73 0.858650
46 74 0.675105
46 75 0.303797
46 76 0.742616
46 77 0.613924
46 78 0.799578
46 79 0.523207
46 80 0.409283
46 81 0.345992
46 82 0.784810
46 83 0.727848
46 84 0.468354
46 85 0.445148
46 86 0.331224
46 87 0.559072
46 88 0.660338
46 89 0.299578
46 90 0.833333
46 91 0.244726
46 92 0.449367
46 93 0.556962
46 94 0.839662
46 95 0.240506
46 96 0.308017
46 97 0.263713
46 98 0.369198
46 99 0.246835
47 48 0.832370
47 49 0.568401
47 50 0.452794
47 51 0.529865
47 52 0.664740
47 53 0.763006
47 54 0.510597
47 55 0.701349
47 56 0.705202
47 57 0.730250
47 58 0.589595
47 59 0.441233
47 60 0.458574
47 61 0.643545
47 62 0.826590
47 63 0.597303
47 64 0.714836
47 65 0.298651
47 66 0.244701
47 67 0.745665
47 68 0.998073
47 69 0.046243
47 70 0.475915
47 71 0.423892
47 72 0.882466
47 73 0.874759
47 74 0.709056
47 75 0.233141
47 76 0.741811
47 77 0.653179
47 78 0.807322
47 79 0.489403
47 80 0.462428
47 81 0.373796
47 82 0.797688
47 83 0.753372
47 84 0.518304
47 85 0.377649
47 86 0.244701
47 87 0.589595
47 88 0.660886
47 89 0.360308
47 90 0.840077
47 91 0.315992
47 92 0.502890
47 93 0.601156
47 94 0.826590
47 95 0.213873
47 96 0.373796
47 97 0.244701
47 98 0.329480
47 99 0.235067
48 49 0.527311
48 50 0.571429
48 51 0.630252
48 52 0.220588
48 53 0.628151
48 54 0.934874
48 55 0.317227
48 56 0.281513
48 57 0.655462
48 58 0.275210
48 59 0.651261
48 60 0.443277
48 61 0.205882
48 62 0.575630
48 63 0.529412
48 64 0.317227
48 65 0.957983
48 66 0.836134
48 67 0.462185
48 68 0.500000
48 69 0.909664
48 70 0.508403
48 71 0.714286
48 72 0.136555
48 73 0.550420
48 74 0.634454
48 75 0.831933
48 76 0.098739
48 77 0.609244
48 78 0.174370
48 79 0.550420
48 80 0.508403
48 81 0.997899
48 82 0.247899
48 83 0.432773
48 84 0.707983
48 85 0.762605
48 86 0.880252
48 87 0.336134
48 88 0.191176
48 89 0.808824
48 90 0.235294
48 91 0.735294
48 92 0.563025
48 93 0.607143
48 94 0.048319
48 95 0.733193
48 96 0.676471
48 97 0.695378
48 98 0.680672
48 99 0.689076
49 50 0.751861
49 51 0.124069
49 52 0.598015
49 53 0.272953
49 54 0.488834
49 55 0.756824
49 56 0.727047
49 57 0.255583
49 58 0.516129
49 59 0.196030
49 60 0.568238
49 61 0.501241
49 62 0.332506
49 63 0.037221
49 64 0.277916
49 65 0.997519
49 66 0.851117
49 67 0.233251
49 68 0.565757
49 69 0.769231
49 70 0.702233
49 71 0.878412
49 72 0.583127
49 73 0.392060
49 74 0.220844
49 75 0.836228
49 76 0.543424
49 77 0.151365
49 78 0.464020
49 79 0.766749
49 80 0.161290
49 81 0.612903
49 82 0.404467
49 83 0.250620
49 84 0.215881
49 85 0.888337
49 86 0.893300
49 87 0.243176
49 88 0.523573
49 89 0.397022
49 90 0.459057
49 91 0.357320
49 92 0.086849
49 93 0.109181
49 94 0.655087
49 95 0.694789
49 96 0.267990
49 97 0.674938
49 98 0.751861
49 99 0.650124
50 51 0.704595
50 52 0.363239
50 53 0.897155
50 54 0.894967
50 55 0.326039
50 56 0.345733
50 57 0.888403
50 58 0.323851
50 59 0.638950
50 60 0.170678
50 61 0.400438
50 62 0.914661
50 63 0.693654
50 64 0.660832
50 65 0.420131
50 66 0.315098
50 67 0.783370
50 68 0.997812
50 69 0.485777
50 70 0.063457
50 71 0.148796
50 72 0.708972
50 73 0.938731
50 74 0.857768
50 75 0.315098
50 76 0.505470
50 77 0.798687
50 78 0.665208
50 79 0.041575
50 80 0.527352
50 81 0.831510
50 82 0.698031
50 83 0.770241
50 84 0.752735
50 85 0.201313
50 86 0.356674
50 87 0.518600
50 88 0.404814
50 89 0.698031
50 90 0.728665
50 91 0.597374
50 92 0.625821
50 93 0.752735
50 94 0.564551
50 95 0.269147
50 96 0.597374
50 97 0.234136
50 98 0.148796
50 99 0.247265
51 52 0.706030
51 53 0.304020
51 54 0.369347
51 55 0.861809
51 56 0.834171
51 57 0.261307
51 58 0.618090
51 59 0.115578
51 60 0.638191
51 61 0.613065
51 62 0.396985
51 63 0.138191
51 64 0.407035
51 65 0.997487
51 66 0.854271
51 67 0.336683
51 68 0.668342
51 69 0.733668
51 70 0.768844
51 71 0.919598
51 72 0.716080
51 73 0.469849
51 74 0.231156
51 75 0.839196
51 76 0.668342
51 77 0.160804
51 78 0.597990
51 79 0.831658
51 80 0.208543
51 81 0.505025
51 82 0.535176
51 83 0.361809
51 84 0.095477
51 85 0.917085
51 86 0.891960
51 87 0.359296
51 88 0.638191
51 89 0.293970
51 90 0.590452
51 91 0.283920
51 92 0.095477
51 93 0.095477
51 94 0.783920
51 95 0.701005
51 96 0.201005
51 97 0.688442
51 98 0.781407
51 99 0.660804
52 53 0.761792
52 54 0.974057
52 55 0.160377
52 56 0.125000
52 57 0.775943
52 58 0.099057
52 59 0.650943
52 60 0.261792
52 61 0.094340
52 62 0.738208
52 63 0.584906
52 64 0.426887
52 65 0.832547
52 66 0.700472
52 67 0.594340
52 68 0.740566
52 69 0.808962
52 70 0.323113
52 71 0.551887
52 72 0.379717
52 73 0.735849
52 74 0.745283
52 75 0.695755
52 76 0.160377
52 77 0.695755
52 78 0.356132
52 79 0.367925
52 80 0.483491
52 81 0.997642
52 82 0.415094
52 83 0.568396
52 84 0.745283
52 85 0.608491
52 86 0.750000
52 87 0.339623
52 88 0.077830
52 89 0.799528
52 90 0.433962
52 91 0.700472
52 92 0.575472
52 93 0.672170
52 94 0.216981
52 95 0.594340
52 96 0.650943
52 97 0.551887
52 98 0.518868
52 99 0.549528
53 54 0.441406
53 55 0.763672
53 56 0.736328
53 57 0.046875
53 58 0.583984
53 59 0.326172
53 60 0.652344
53 61 0.552734
53 62 0.093750
53 63 0.185547
53 64 0.291016
53 65 0.998047
53 66 0.884766
53 67 0.152344
53 68 0.332031
53 69 0.806641
53 70 0.759766
53 71 0.906250
53 72 0.507812
53 73 0.158203
53 74 0.056641
53 75 0.873047
53 76 0.552734
53 77 0.109375
53 78 0.427734
53 79 0.810547
53 80 0.343750
53 81 0.593750
53 82 0.361328
53 83 0.181641
53 84 0.267578
53 85 0.914062
53 86 0.916016
53 87 0.357422
53 88 0.568359
53 89 0.451172
53 90 0.390625
53 91 0.457031
53 92 0.271484
53 93 0.162109
53 94 0.621094
53 95 0.761719
53 96 0.392578
53 97 0.746094
53 98 0.808594
53 99 0.726562
54 55 0.997863
54 56 0.982906
54 57 0.431624
54 58 0.799145
54 59 0.292735
54 60 0.764957
54 61 0.809829
54 62 0.585470
54 63 0.429487
54 64 0.660256
54 65 0.888889
54 66 0.797009
54 67 0.579060
54 68 0.841880
54 69 0.615385
54 70 0.856838
54 71 0.927350
54 72 0.925214
54 73 0.655983
54 74 0.425214
54 75 0.782051
54 76 0.873932
54 77 0.395299
54 78 0.822650
54 79 0.901709
54 80 0.444444
54 81 0.198718
54 82 0.769231
54 83 0.606838
54 84 0.235043
54 85 0.903846
54 86 0.814103
54 87 0.608974
54 88 0.833333
54 89 0.194444
54 90 0.814103
54 91 0.288462
54 92 0.378205
54 93 0.363248
54 94 0.974359
54 95 0.692308
54 96 0.301282
54 97 0.698718
54 98 0.801282
54 99 0.675214
55 56 0.036325
55 57 0.846154
55 58 0.205128
55 59 0.709402
55 60 0.271368
55 61 0.230769
55 62 0.814103
55 63 0.668803
55 64 0.532051
55 65 0.728632
55 66 0.623932
55 67 0.683761
55 68 0.805556
55 69 0.762821
55 70 0.264957
55 71 0.448718
55 72 0.457265
55 73 0.811966
55 74 0.816239
55 75 0.621795
55 76 0.271368
55 77 0.771368
55 78 0.455128
55 79 0.282051
55 80 0.561966
55 81 0.997863
55 82 0.514957
55 83 0.660256
55 84 0.803419
55 85 0.508547
55 86 0.666667
55 87 0.448718
55 88 0.215812
55 89 0.826923
55 90 0.525641
55 91 0.735043
55 92 0.649573
55 93 0.745726
55 94 0.277778
55 95 0.553419
55 96 0.698718
55 97 0.514957
55 98 0.457265
55 99 0.519231
56 57 0.823276
56 58 0.185345
56 59 0.696121
56 60 0.273707
56 61 0.202586
56 62 0.788793
56 63 0.648707
56 64 0.504310
56 65 0.756466
56 66 0.646552
56 67 0.657328
56 68 0.778017
56 69 0.775862
56 70 0.284483
56 71 0.478448
56 72 0.426724
56 73 0.784483
56 74 0.795259
56 75 0.644397
56 76 0.237069
56 77 0.752155
56 78 0.424569
56 79 0.308190
56 80 0.547414
56 81 0.997845
56 82 0.484914
56 83 0.633621
56 84 0.788793
56 85 0.536638
56 86 0.689655
56 87 0.424569
56 88 0.185345
56 89 0.823276
56 90 0.493534
56 91 0.728448
56 92 0.633621
56 93 0.726293
56 94 0.245690
56 95 0.568966
56 96 0.689655
56 97 0.528017
56 98 0.478448
56 99 0.532328
57 58 0.604000
57 59 0.300000
57 60 0.664000
57 61 0.576000
57 62 0.144000
57 63 0.178000
57 64 0.322000
57 65 0.998000
57 66 0.884000
57 67 0.188000
57 68 0.388000
57 69 0.794000
57 70 0.772000
57 71 0.916000
57 72 0.552000
57 73 0.210000
57 74 0.028000
57 75 0.870000
57 76 0.586000
57 77 0.086000
57 78 0.468000
57 79 0.824000
57 80 0.336000
57 81 0.562000
57 82 0.400000
57 83 0.218000
57 84 0.232000
57 85 0.922000
57 86 0.914000
57 87 0.372000
57 88 0.594000
57 89 0.422000
57 90 0.434000
57 91 0.432000
57 92 0.256000
57 93 0.138000
57 94 0.660000
57 95 0.758000
57 96 0.370000
57 97 0.744000
57 98 0.812000
57 99 0.724000
58 59 0.620419
58 60 0.209424
58 61 0.089005
58 62 0.769634
58 63 0.568063
58 64 0.434555
58 65 0.850785
58 66 0.698953
58 67 0.607330
58 68 0.814136
58 69 0.798429
58 70 0.311518
58 71 0.568063
58 72 0.463351
58 73 0.780105
58 74 0.753927
58 75 0.691099
58 76 0.225131
58 77 0.696335
58 78 0.405759
58 79 0.374346
58 80 0.437173
58 81 0.997382
58 82 0.452880
58 83 0.583770
58 84 0.730366
58 85 0.617801
58 86 0.753927
58 87 0.303665
58 88 0.102094
58 89 0.777487
58 90 0.484293
58 91 0.667539
58 92 0.544503
58 93 0.662304
58 94 0.324607
58 95 0.568063
58 96 0.615183
58 97 0.523560
58 98 0.505236
58 99 0.518325
59 60 0.649718
59 61 0.680791
59 62 0.573446
59 63 0.254237
59 64 0.525424
59 65 0.997175
59 66 0.841808
59 67 0.485876
59 68 0.864407
59 69 0.694915
59 70 0.788136
59 71 0.935028
59 72 0.861582
59 73 0.652542
59 74 0.389831
59 75 0.822034
59 76 0.768362
59 77 0.310734
59 78 0.728814
59 79 0.855932
59 80 0.197740
59 81 0.480226
59 82 0.669492
59 83 0.508475
59 84 0.146893
59 85 0.926554
59 86 0.881356
59 87 0.423729
59 88 0.711864
59 89 0.228814
59 90 0.734463
59 91 0.192090
59 92 0.129944
59 93 0.234463
59 94 0.903955
59 95 0.672316
59 96 0.096045
59 97 0.661017
59 98 0.776836
59 99 0.629944
60 61 0.300792
60 62 0.897098
60 63 0.638522
60 64 0.588391
60 65 0.646438
60 66 0.493404
60 67 0.738786
60 68 0.997361
60 69 0.617414
60 70 0.142480
60 71 0.377309
60 72 0.675462
60 73 0.923483
60 74 0.839050
60 75 0.488127
60 76 0.437995
60 77 0.767810
60 78 0.606860
60 79 0.211082
60 80 0.451187
60 81 0.912929
60 82 0.641161
60 83 0.722955
60 84 0.738786
60 85 0.419525
60 86 0.548813
60 87 0.419525
60 88 0.313984
60 89 0.717678
60 90 0.680739
60 91 0.596306
60 92 0.569921
60 93 0.717678
60 94 0.532982
60 95 0.372032
60 96 0.572559
60 97 0.324538
60 98 0.300792
60 99 0.321900
61 62 0.689394
61 63 0.527778
61 64 0.358586
61 65 0.909091
61 66 0.760101
61 67 0.535354
61 68 0.709596
61 69 0.845960
61 70 0.388889
61 71 0.633838
61 72 0.358586
61 73 0.691919
61 74 0.694444
61 75 0.752525
61 76 0.131313
61 77 0.643939
61 78 0.308081
61 79 0.444444
61 80 0.431818
61 81 0.997475
61 82 0.358586
61 83 0.507576
61 84 0.704545
61 85 0.684343
61 86 0.813131
61 87 0.262626
61 88 0.025253
61 89 0.780303
61 90 0.386364
61 91 0.679293
61 92 0.522727
61 93 0.618687
61 94 0.237374
61 95 0.631313
61 96 0.618687
61 97 0.588384
61 98 0.575758
61 99 0.580808
62 63 0.222015
62 64 0.246269
62 65 0.998134
62 66 0.886194
62 67 0.113806
62 68 0.225746
62 69 0.828358
62 70 0.735075
62 71 0.888060
62 72 0.423507
62 73 0.061567
62 74 0.139925
62 75 0.875000
62 76 0.492537
62 77 0.177239
62 78 0.356343
62 79 0.783582
62 80 0.367537
62 81 0.651119
62 82 0.291045
62 83 0.134328
62 84 0.335821
62 85 0.902985
62 86 0.917910
62 87 0.339552
62 88 0.522388
62 89 0.509328
62 90 0.311567
62 91 0.505597
62 92 0.313433
62 93 0.223881
62 94 0.550373
62 95 0.768657
62 96 0.442164
62 97 0.750000
62 98 0.800373
62 99 0.733209
63 64 0.258373
63 65 0.997608
63 66 0.856459
63 67 0.193780
63 68 0.514354
63 69 0.777512
63 70 0.708134
63 71 0.882775
63 72 0.555024
63 73 0.344498
63 74 0.179426
63 75 0.842105
63 76 0.533493
63 77 0.117225
63 78 0.442584
63 79 0.770335
63 80 0.193780
63 81 0.610048
63 82 0.377990
63 83 0.215311
63 84 0.217703
63 85 0.892344
63 86 0.897129
63 87 0.248804
63 88 0.521531
63 89 0.406699
63 90 0.430622
63 91 0.375598
63 92 0.117225
63 93 0.088517
63 94 0.638756
63 95 0.705742
63 96 0.291866
63 97 0.686603
63 98 0.760766
63 99 0.662679
64 65 0.997763
64 66 0.861298
64 67 0.161074
64 68 0.351230
64 69 0.850112
64 70 0.615213
64 71 0.818792
64 72 0.277405
64 73 0.295302
64 74 0.335570
64 75 0.850112
64 76 0.299776
64 77 0.313199
64 78 0.172260
64 79 0.673378
64 80 0.302013
64 81 0.796421
64 82 0.114094
64 83 0.134228
64 84 0.445190
64 85 0.845638
64 86 0.906040
64 87 0.154362
64 88 0.331096
64 89 0.597315
64 90 0.163311
64 91 0.545861
64 92 0.313199
64 93 0.319911
64 94 0.378076
64 95 0.724832
64 96 0.467562
64 97 0.693512
64 98 0.729306
64 99 0.677852
65 66 0.100993
65 67 0.799669
65 68 0.998344
65 69 0.216887
65 70 0.362583
65 71 0.225166
65 72 0.829470
65 73 0.918874
65 74 0.804636
65 75 0.109272
65 76 0.680464
65 77 0.754967
65 78 0.779801
65 79 0.346026
65 80 0.557947
65 81 0.577815
65 82 0.791391
65 83 0.799669
65 84 0.663907
65 85 0.173841
65 86 0.069536
65 87 0.624172
65 88 0.604305
65 89 0.549669
65 90 0.821192
65 91 0.495033
65 92 0.615894
65 93 0.711921
65 94 0.738411
65 95 0.203642
65 96 0.531457
65 97 0.225166
65 98 0.218543
65 99 0.236755
66 67 0.779006
66 68 0.998158
66 69 0.195212
66 70 0.309392
66 71 0.189687
66 72 0.812155
66 73 0.909761
66 74 0.788214
66 75 0.012891
66 76 0.650092
66 77 0.734807
66 78 0.756906
66 79 0.298343
66 80 0.511971
66 81 0.580110
66 82 0.767956
66 83 0.777164
66 84 0.640884
66 85 0.136280
66 86 0.036832
66 87 0.580110
66 88 0.565378
66 89 0.524862
66 90 0.801105
66 91 0.458564
66 92 0.578269
66 93 0.686924
66 94 0.716390
66 95 0.116022
66 96 0.491713
66 97 0.136280
66 98 0.143646
66 99 0.151013
67 68 0.300905
67 69 0.904977
67 70 0.755656
67 71 0.945701
67 72 0.411765
67 73 0.162896
67 74 0.194570
67 75 0.943439
67 76 0.466063
67 77 0.196833
67 78 0.316742
67 79 0.814480
67 80 0.337104
67 81 0.757919
67 82 0.239819
67 83 0.031674
67 84 0.373303
67 85 0.963801
67 86 0.997738
67 87 0.273756
67 88 0.495475
67 89 0.567873
67 90 0.278281
67 91 0.540724
67 92 0.291855
67 93 0.228507
67 94 0.542986
67 95 0.812217
67 96 0.459276
67 97 0.789593
67 98 0.843891
67 99 0.769231
68 69 0.943060
68 70 0.761566
68 71 0.927046
68 72 0.311388
68 73 0.156584
68 74 0.346975
68 75 0.953737
68 76 0.444840
68 77 0.373665
68 78 0.291815
68 79 0.806050
68 80 0.494662
68 81 0.827402
68 82 0.245552
68 83 0.225979
68 84 0.523132
68 85 0.950178
68 86 0.998221
68 87 0.402135
68 88 0.503559
68 89 0.681495
68 90 0.233096
68 91 0.663701
68 92 0.467972
68 93 0.411032
68 94 0.464413
68 95 0.854093
68 96 0.599644
68 97 0.830961
68 98 0.859431
68 99 0.816726
69 70 0.505330
69 71 0.430704
69 72 0.987207
69 73 0.997868
69 74 0.820896
69 75 0.213220
69 76 0.823028
69 77 0.759062
69 78 0.904051
69 79 0.515991
69 80 0.537313
69 81 0.464819
69 82 0.897655
69 83 0.859275
69 84 0.616205
69 85 0.377399
69 86 0.221748
69 87 0.669510
69 88 0.731343
69 89 0.443497
69 90 0.944563
69 91 0.390192
69 92 0.588486
69 93 0.701493
69 94 0.914712
69 95 0.211087
69 96 0.452026
69 97 0.247335
69 98 0.334755
69 99 0.240938
70 71 0.241975
70 72 0.728395
70 73 0.997531
70 74 0.918519
70 75 0.412346
70 76 0.496296
70 77 0.851852
70 78 0.679012
70 79 0.064198
70 80 0.553086
70 81 0.938272
70 82 0.718519
70 83 0.807407
70 84 0.814815
70 85 0.298765
70 86 0.464198
70 87 0.525926
70 88 0.385185
70 89 0.772840
70 90 0.750617
70 91 0.659259
70 92 0.664198
70 93 0.802469
70 94 0.565432
70 95 0.340741
70 96 0.649383
70 97 0.296296
70 98 0.222222
70 99 0.306173
71 72 0.802041
71 73 0.997959
71 74 0.906122
71 75 0.216327
71 76 0.610204
71 77 0.846939
71 78 0.757143
71 79 0.161224
71 80 0.591837
71 81 0.797959
71 82 0.787755
71 83 0.842857
71 84 0.781633
71 85 0.063265
71 86 0.238776
71 87 0.610204
71 88 0.518367
71 89 0.700000
71 90 0.818367
71 91 0.612245
71 92 0.679592
71 93 0.800000
71 94 0.665306
71 95 0.234694
71 96 0.626531
71 97 0.218367
71 98 0.118367
71 99 0.240816
72 73 0.441176
72 74 0.563025
72 75 0.920168
72 76 0.197479
72 77 0.550420
72 78 0.098739
72 79 0.663866
72 80 0.512605
72 81 0.997899
72 82 0.159664
72 83 0.350840
72 84 0.678571
72 85 0.869748
72 86 0.970588
72 87 0.336134
72 88 0.292017
72 89 0.808824
72 90 0.126050
72 91 0.745798
72 92 0.544118
72 93 0.560924
72 94 0.184874
72 95 0.813025
72 96 0.678571
72 97 0.777311
72 98 0.777311
72 99 0.768908
73 74 0.210526
73 75 0.951267
73 76 0.504873
73 77 0.245614
73 78 0.348928
73 79 0.838207
73 80 0.424951
73 81 0.742690
73 82 0.282651
73 83 0.148148
73 84 0.413255
73 85 0.970760
73 86 0.998051
73 87 0.372320
73 88 0.543860
73 89 0.592593
73 90 0.296296
73 91 0.582846
73 92 0.376218
73 93 0.292398
73 94 0.553606
73 95 0.840156
73 96 0.514620
73 97 0.820663
73 98 0.867446
73 99 0.803119
74 75 0.941964
74 76 0.627232
74 77 0.064732
74 78 0.500000
74 79 0.888393
74 80 0.343750
74 81 0.613839
74 82 0.426339
74 83 0.225446
74 84 0.238839
74 85 0.997768
74 86 0.991071
74 87 0.383929
74 88 0.633929
74 89 0.450893
74 90 0.466518
74 91 0.457589
74 92 0.254464
74 93 0.125000
74 94 0.714286
74 95 0.816964
74 96 0.386161
74 97 0.801339
74 98 0.875000
74 99 0.779018
75 76 0.810185
75 77 0.907407
75 78 0.939815
75 79 0.375000
75 80 0.629630
75 81 0.712963
75 82 0.953704
75 83 0.962963
75 84 0.789352
75 85 0.180556
75 86 0.055556
75 87 0.717593
75 88 0.703704
75 89 0.643519
75 90 0.997685
75 91 0.560185
75 92 0.710648
75 93 0.847222
75 94 0.893519
75 95 0.131944
75 96 0.601852
75 97 0.159722
75 98 0.178241
75 99 0.178241
76 77 0.610599
76 78 0.198157
76 79 0.511521
76 80 0.467742
76 81 0.997696
76 82 0.267281
76 83 0.444700
76 84 0.700461
76 85 0.739631
76 86 0.861751
76 87 0.283410
76 88 0.105991
76 89 0.794931
76 90 0.274194
76 91 0.709677
76 92 0.534562
76 93 0.601382
76 94 0.110599
76 95 0.695853
76 96 0.647465
76 97 0.656682
76 98 0.642857
76 99 0.649770
77 78 0.517900
77 79 0.885442
77 80 0.298329
77 81 0.608592
77 82 0.443914
77 83 0.238663
77 84 0.202864
77 85 0.997613
77 86 0.988067
77 87 0.360382
77 88 0.632458
77 89 0.424821
77 90 0.489260
77 91 0.424821
77 92 0.202864
77 93 0.062053
77 94 0.732697
77 95 0.801909
77 96 0.346062
77 97 0.785203
77 98 0.866348
77 99 0.761337
78 79 0.689815
78 80 0.458333
78 81 0.990741
78 82 0.081019
78 83 0.291667
78 84 0.636574
78 85 0.902778
78 86 0.997685
78 87 0.268519
78 88 0.282407
78 89 0.782407
78 90 0.074074
78 91 0.715278
78 92 0.490741
78 93 0.509259
78 94 0.243056
78 95 0.817130
78 96 0.638889
78 97 0.782407
78 98 0.793981
78 99 0.768519
79 80 0.625628
79 81 0.997487
79 82 0.791457
79 83 0.886935
79 84 0.889447
79 85 0.266332
79 86 0.454774
79 87 0.600503
79 88 0.444724
79 89 0.836683
79 90 0.824121
79 91 0.721106
79 92 0.738693
79 93 0.881910
79 94 0.620603
79 95 0.356784
79 96 0.716080
79 97 0.316583
79 98 0.216080
79 99 0.331658
80 81 0.783784
80 82 0.621622
80 83 0.510135
80 84 0.378378
80 85 0.986486
80 86 0.996622
80 87 0.283784
80 88 0.611486
80 89 0.483108
80 90 0.699324
80 91 0.375000
80 92 0.152027
80 93 0.344595
80 94 0.847973
80 95 0.726351
80 96 0.266892
80 97 0.695946
80 98 0.804054
80 99 0.662162
81 82 0.846473
81 83 0.715768
81 84 0.352697
81 85 0.775934
81 86 0.659751
81 87 0.655602
81 88 0.840249
81 89 0.184647
81 90 0.892116
81 91 0.261411
81 92 0.448133
81 93 0.485477
81 94 0.997925
81 95 0.572614
81 96 0.317427
81 97 0.589212
81 98 0.692946
81 99 0.568465
82 83 0.207763
82 84 0.570776
82 85 0.917808
82 86 0.997717
82 87 0.244292
82 88 0.331050
82 89 0.726027
82 90 0.052511
82 91 0.668950
82 92 0.436073
82 93 0.438356
82 94 0.317352
82 95 0.815068
82 96 0.591324
82 97 0.783105
82 98 0.803653
82 99 0.767123
83 84 0.401361
83 85 0.959184
83 86 0.997732
83 87 0.258503
83 88 0.471655
83 89 0.589569
83 90 0.244898
83 91 0.557823
83 92 0.308390
83 93 0.256236
83 94 0.512472
83 95 0.814059
83 96 0.476190
83 97 0.786848
83 98 0.839002
83 99 0.768707
84 85 0.997375
84 86 0.947507
84 87 0.472441
84 88 0.761155
84 89 0.246719
84 90 0.713911
84 91 0.275591
84 92 0.188976
84 93 0.167979
84 94 0.918635
84 95 0.755906
84 96 0.209974
84 97 0.748031
84 98 0.858268
84 99 0.721785
85 86 0.207637
85 87 0.739857
85 88 0.656325
85 89 0.792363
85 90 0.997613
85 91 0.694511
85 92 0.794749
85 93 0.940334
85 94 0.835322
85 95 0.236277
85 96 0.718377
85 97 0.229117
85 98 0.128878
85 99 0.255370
86 87 0.734649
86 88 0.719298
86 89 0.646930
86 90 0.997807
86 91 0.570175
86 92 0.723684
86 93 0.850877
86 94 0.899123
86 95 0.177632
86 96 0.614035
86 97 0.206140
86 98 0.214912
86 99 0.221491
87 88 0.441860
87 89 0.879845
87 90 0.500000
87 91 0.755814
87 92 0.422481
87 93 0.546512
87 94 0.658915
87 95 0.984496
87 96 0.631783
87 97 0.934109
87 98 0.996124
87 99 0.903101
88 89 0.996875
88 90 0.481250
88 91 0.871875
88 92 0.678125
88 93 0.796875
88 94 0.268750
88 95 0.803125
88 96 0.796875
88 97 0.746875
88 98 0.728125
88 99 0.740625
89 90 0.865482
89 91 0.114213
89 92 0.324873
89 93 0.390863
89 94 0.997462
89 95 0.593909
89 96 0.162437
89 97 0.598985
89 98 0.720812
89 99 0.571066
90 91 0.835979
90 92 0.566138
90 93 0.563492
90 94 0.357143
90 95 0.997354
90 96 0.746032
90 97 0.957672
90 98 0.976190
90 99 0.939153
91 92 0.305322
91 93 0.422969
91 94 0.997199
91 95 0.543417
91 96 0.098039
91 97 0.546218
91 98 0.675070
91 99 0.515406
92 93 0.214286
92 94 0.996429
92 95 0.896429
92 96 0.260714
92 97 0.871429
92 98 0.996429
92 99 0.835714
93 94 0.894118
93 95 0.914706
93 96 0.347059
93 97 0.894118
93 98 0.997059
93 99 0.864706
94 95 0.997076
94 96 0.961988
94 97 0.947368
94 98 0.915205
94 99 0.941520
95 96 0.995215
95 97 0.086124
95 98 0.291866
95 99 0.100478
96 97 0.824000
96 98 0.996000
96 99 0.780000
97 98 0.980392
97 99 0.215686
98 99 0.983607
