100 4950
0 1 0.447471
0 2 0.219844
0 3 0.494163
0 4 0.529183
0 5 0.272374
0 6 0.750973
0 7 0.383268
0 8 0.307393
0 9 0.805447
0 10 0.527237
0 11 0.949416
0 12 0.770428
0 13 0.601167
0 14 0.466926
0 15 0.352140
0 16 0.749027
0 17 0.665370
0 18 0.463035
0 19 0.322957
0 20 0.371595
0 21 0.313230
0 22 0.828794
0 23 0.482490
0 24 0.280156
0 25 0.667315
0 26 0.589494
0 27 0.891051
0 28 0.523346
0 29 0.752918
0 30 0.822957
0 31 0.258755
0 32 0.636187
0 33 0.607004
0 34 0.449416
0 35 0.735409
0 36 0.830739
0 37 0.276265
0 38 0.998054
0 39 0.659533
0 40 0.525292
0 41 0.056420
0 42 0.484436
0 43 0.496109
0 44 0.830739
0 45 0.523346
0 46 0.912451
0 47 0.663424
0 48 0.525292
0 49 0.500000
0 50 0.725681
0 51 0.533074
0 52 0.649805
0 53 0.834630
0 54 0.468872
0 55 0.912451
0 56 0.219844
0 57 0.863813
0 58 0.632296
0 59 0.346304
0 60 0.575875
0 61 0.373541
0 62 0.529183
0 63 0.159533
0 64 0.184825
0 65 0.500000
0 66 0.359922
0 67 0.607004
0 68 0.587549
0 69 0.217899
0 70 0.247082
0 71 0.157588
0 72 0.708171
0 73 0.498054
0 74 0.612840
0 75 0.437743
0 76 0.484436
0 77 0.571984
0 78 0.593385
0 79 0.612840
0 80 0.478599
0 81 0.628405
0 82 0.500000
0 83 0.756809
0 84 0.262646
0 85 0.521401
0 86 0.196498
0 87 0.272374
0 88 0.871595
0 89 0.521401
0 90 0.392996
0 91 0.571984
0 92 0.287938
0 93 0.439689
0 94 0.484436
0 95 0.107004
0 96 0.608949
0 97 0.192607
0 98 0.515564
0 99 0.877432
1 2 0.350109
1 3 0.726477
1 4 0.129103
1 5 0.229759
1 6 0.393873
1 7 0.218818
1 8 0.205689
1 9 0.579869
1 10 0.371991
1 11 0.964989
1 12 0.501094
1 13 0.266958
1 14 0.061269
1 15 0.120350
1 16 0.890591
1 17 0.923414
1 18 0.901532
1 19 0.269147
1 20 0.713348
1 21 0.632385
1 22 0.557987
1 23 0.522976
1 24 0.247265
1 25 0.461707
1 26 0.319475
1 27 0.956236
1 28 0.553611
1 29 0.768053
1 30 0.547046
1 31 0.404814
1 32 0.507659
1 33 0.179431
1 34 0.857768
1 35 0.923414
1 36 0.684902
1 37 0.540481
1 38 0.962801
1 39 0.811816
1 40 0.310722
1 41 0.560175
1 42 0.291028
1 43 0.940919
1 44 0.468271
1 45 0.089716
1 46 0.934354
1 47 0.310722
1 48 0.496718
1 49 0.708972
1 50 0.682713
1 51 0.155361
1 52 0.967177
1 53 0.737418
1 54 0.161926
1 55 0.800875
1 56 0.689278
1 57 0.472648
1 58 0.997812
1 59 0.192560
1 60 0.164114
1 61 0.164114
1 62 0.448578
1 63 0.592998
1 64 0.297593
1 65 0.818381
1 66 0.221007
1 67 0.886214
1 68 0.566740
1 69 0.553611
1 70 0.527352
1 71 0.612691
1 72 0.407002
1 73 0.271335
1 74 0.185996
1 75 0.035011
1 76 0.579869
1 77 0.923414
1 78 0.374179
1 79 0.577681
1 80 0.142232
1 81 0.890591
1 82 0.881838
1 83 0.695842
1 84 0.301969
1 85 0.247265
1 86 0.621444
1 87 0.387309
1 88 0.954048
1 89 0.783370
1 90 0.713348
1 91 0.800875
1 92 0.507659
1 93 0.527352
1 94 0.789934
1 95 0.557987
1 96 0.179431
1 97 0.522976
1 98 0.855580
1 99 0.487965
2 3 0.614391
2 4 0.396679
2 5 0.101476
2 6 0.623616
2 7 0.166052
2 8 0.121771
2 9 0.739852
2 10 0.501845
2 11 0.972325
2 12 0.686347
2 13 0.498155
2 14 0.289668
2 15 0.193727
2 16 0.828413
2 17 0.787823
2 18 0.642066
2 19 0.103321
2 20 0.531365
2 21 0.464945
2 22 0.739852
2 23 0.533210
2 24 0.250923
2 25 0.618081
2 26 0.514760
2 27 0.935424
2 28 0.570111
2 29 0.787823
2 30 0.732472
2 31 0.330258
2 32 0.619926
2 33 0.428044
2 34 0.621771
2 35 0.830258
2 36 0.797048
2 37 0.167897
2 38 0.998155
2 39 0.747232
2 40 0.474170
2 41 0.232472
2 42 0.439114
2 43 0.675277
2 44 0.690037
2 45 0.348708
2 46 0.940959
2 47 0.546125
2 48 0.549815
2 49 0.612546
2 50 0.739852
2 51 0.411439
2 52 0.789668
2 53 0.821033
2 54 0.374539
2 55 0.887454
2 56 0.415129
2 57 0.688192
2 58 0.785978
2 59 0.285978
2 60 0.433579
2 61 0.177122
2 62 0.533210
2 63 0.348708
2 64 0.112546
2 65 0.647601
2 66 0.147601
2 67 0.738007
2 68 0.614391
2 69 0.374539
2 70 0.380074
2 71 0.352399
2 72 0.614391
2 73 0.440959
2 74 0.433579
2 75 0.273063
2 76 0.555351
2 77 0.726937
2 78 0.540590
2 79 0.632841
2 80 0.276753
2 81 0.754613
2 82 0.666052
2 83 0.761993
2 84 0.046125
2 85 0.444649
2 86 0.383764
2 87 0.064576
2 88 0.924354
2 89 0.651292
2 90 0.544280
2 91 0.690037
2 92 0.147601
2 93 0.507380
2 94 0.629151
2 95 0.300738
2 96 0.437269
2 97 0.343173
2 98 0.669742
2 99 0.701107
3 4 0.680585
3 5 0.661795
3 6 0.787056
3 7 0.784969
3 8 0.693111
3 9 0.661795
3 10 0.444676
3 11 0.561587
3 12 0.686848
3 13 0.647182
3 14 0.747390
3 15 0.668058
3 16 0.286013
3 17 0.196242
3 18 0.327766
3 19 0.755741
3 20 0.177453
3 21 0.202505
3 22 0.739040
3 23 0.240084
3 24 0.475992
3 25 0.546973
3 26 0.574113
3 27 0.467641
3 28 0.248434
3 29 0.377871
3 30 0.741127
3 31 0.334029
3 32 0.446764
3 33 0.828810
3 34 0.267223
3 35 0.256785
3 36 0.597077
3 37 0.822547
3 38 0.647182
3 39 0.194154
3 40 0.501044
3 41 0.567850
3 42 0.480167
3 43 0.346555
3 44 0.874739
3 45 0.770355
3 46 0.519833
3 47 0.711900
3 48 0.313152
3 49 0.027140
3 50 0.413361
3 51 0.661795
3 52 0.229645
3 53 0.551148
3 54 0.580376
3 55 0.632568
3 56 0.392484
3 57 0.983299
3 58 0.279749
3 59 0.509395
3 60 0.724426
3 61 0.739040
3 62 0.369520
3 63 0.382046
3 64 0.576200
3 65 0.125261
3 66 0.764092
3 67 0.150313
3 68 0.315240
3 69 0.296451
3 70 0.269311
3 71 0.400835
3 72 0.676409
3 73 0.509395
3 74 0.832985
3 75 0.709812
3 76 0.175365
3 77 0.217119
3 78 0.524008
3 79 0.338205
3 80 0.810021
3 81 0.160752
3 82 0.227557
3 83 0.455115
3 84 0.713987
3 85 0.557411
3 86 0.352818
3 87 0.770355
3 88 0.438413
3 89 0.058455
3 90 0.141962
3 91 0.083507
3 92 0.826722
3 93 0.202505
3 94 0.102296
3 95 0.427975
3 96 0.810021
3 97 0.325678
3 98 0.167015
3 99 0.997912
4 5 0.350109
4 6 0.266958
4 7 0.350109
4 8 0.332604
4 9 0.455142
4 10 0.295405
4 11 0.870897
4 12 0.371991
4 13 0.140044
4 14 0.172867
4 15 0.242888
4 16 0.835886
4 17 0.897155
4 18 0.934354
4 19 0.398249
4 20 0.733042
4 21 0.656455
4 22 0.426696
4 23 0.481400
4 24 0.297593
4 25 0.350109
4 26 0.207877
4 27 0.875274
4 28 0.503282
4 29 0.689278
4 30 0.417943
4 31 0.433260
4 32 0.413567
4 33 0.159737
4 34 0.884026
4 35 0.877462
4 36 0.571116
4 37 0.667396
4 38 0.857768
4 39 0.763676
4 40 0.225383
4 41 0.654267
4 42 0.221007
4 43 0.971554
4 44 0.347921
4 45 0.133479
4 46 0.844639
4 47 0.179431
4 48 0.437637
4 49 0.691466
4 50 0.592998
4 51 0.030635
4 52 0.954048
4 53 0.630197
4 54 0.102845
4 55 0.687090
4 56 0.748359
4 57 0.378556
4 58 0.997812
4 59 0.221007
4 60 0.054705
4 61 0.295405
4 62 0.380744
4 63 0.652079
4 64 0.398249
4 65 0.818381
4 66 0.352298
4 67 0.868709
4 68 0.498906
4 69 0.595186
4 70 0.560175
4 71 0.676149
4 72 0.277899
4 73 0.194748
4 74 0.161926
4 75 0.164114
4 76 0.547046
4 77 0.925602
4 78 0.271335
4 79 0.503282
4 80 0.253829
4 81 0.868709
4 82 0.894967
4 83 0.599562
4 84 0.428884
4 85 0.153173
4 86 0.676149
4 87 0.516411
4 88 0.877462
4 89 0.772429
4 90 0.726477
4 91 0.776805
4 92 0.636761
4 93 0.501094
4 94 0.789934
4 95 0.628009
4 96 0.135667
4 97 0.568928
4 98 0.859956
4 99 0.393873
5 6 0.565130
5 7 0.124248
5 8 0.036072
5 9 0.697395
5 10 0.448898
5 11 0.975952
5 12 0.637275
5 13 0.430862
5 14 0.212425
5 15 0.100200
5 16 0.845691
5 17 0.825651
5 18 0.715431
5 19 0.090180
5 20 0.571142
5 21 0.494990
5 22 0.693387
5 23 0.511022
5 24 0.194389
5 25 0.571142
5 26 0.452906
5 27 0.945892
5 28 0.551102
5 29 0.779559
5 30 0.687375
5 31 0.314629
5 32 0.579158
5 33 0.360721
5 34 0.685371
5 35 0.855711
5 36 0.767535
5 37 0.292585
5 38 0.997996
5 39 0.759519
5 40 0.414830
5 41 0.320641
5 42 0.378758
5 43 0.751503
5 44 0.637275
5 45 0.274549
5 46 0.943888
5 47 0.482966
5 48 0.519038
5 49 0.627255
5 50 0.719439
5 51 0.336673
5 52 0.839679
5 53 0.799599
5 54 0.298597
5 55 0.869739
5 56 0.484970
5 57 0.641283
5 58 0.847695
5 59 0.216433
5 60 0.360721
5 61 0.104208
5 62 0.492986
5 63 0.402806
5 64 0.098196
5 65 0.689379
5 66 0.100200
5 67 0.777555
5 68 0.589178
5 69 0.402806
5 70 0.396794
5 71 0.414830
5 72 0.557114
5 73 0.376754
5 74 0.368737
5 75 0.188377
5 76 0.547094
5 77 0.781563
5 78 0.484970
5 79 0.607214
5 80 0.212425
5 81 0.789579
5 82 0.723447
5 83 0.741483
5 84 0.078156
5 85 0.376754
5 86 0.436874
5 87 0.160321
5 88 0.935872
5 89 0.681363
5 90 0.579158
5 91 0.713427
5 92 0.266533
5 93 0.492986
5 94 0.665331
5 95 0.358717
5 96 0.368737
5 97 0.368737
5 98 0.717435
5 99 0.655311
6 7 0.532567
6 8 0.524904
6 9 0.252874
6 10 0.314176
6 11 0.689655
6 12 0.166667
6 13 0.151341
6 14 0.369732
6 15 0.446360
6 16 0.747126
6 17 0.854406
6 18 0.969349
6 19 0.582375
6 20 0.787356
6 21 0.727969
6 22 0.185824
6 23 0.500000
6 24 0.465517
6 25 0.249042
6 26 0.197318
6 27 0.726054
6 28 0.501916
6 29 0.576628
6 30 0.176245
6 31 0.553640
6 32 0.344828
6 33 0.270115
6 34 0.917625
6 35 0.802682
6 36 0.385057
6 37 0.819923
6 38 0.647510
6 39 0.708812
6 40 0.270115
6 41 0.795019
6 42 0.300766
6 43 0.998084
6 44 0.082375
6 45 0.316092
6 46 0.676245
6 47 0.086207
6 48 0.438697
6 49 0.699234
6 50 0.482759
6 51 0.220307
6 52 0.923372
6 53 0.459770
6 54 0.277778
6 55 0.480843
6 56 0.844828
6 57 0.189655
6 58 0.980843
6 59 0.398467
6 60 0.201149
6 61 0.488506
6 62 0.383142
6 63 0.764368
6 64 0.578544
6 65 0.831418
6 66 0.536398
6 67 0.844828
6 68 0.461686
6 69 0.699234
6 70 0.659004
6 71 0.787356
6 72 0.114943
6 73 0.275862
6 74 0.264368
6 75 0.373563
6 76 0.561303
6 77 0.921456
6 78 0.243295
6 79 0.452107
6 80 0.429119
6 81 0.837165
6 82 0.913793
6 83 0.471264
6 84 0.611111
6 85 0.239464
6 86 0.777778
6 87 0.685824
6 88 0.739464
6 89 0.775862
6 90 0.772031
6 91 0.760536
6 92 0.791188
6 93 0.540230
6 94 0.806513
6 95 0.752874
6 96 0.241379
6 97 0.681992
6 98 0.869732
6 99 0.201149
7 8 0.082552
7 9 0.684803
7 10 0.482176
7 11 0.988743
7 12 0.619137
7 13 0.418386
7 14 0.159475
7 15 0.120075
7 16 0.887430
7 17 0.881801
7 18 0.786116
7 19 0.065666
7 20 0.651032
7 21 0.579737
7 22 0.666041
7 23 0.570356
7 24 0.279550
7 25 0.577861
7 26 0.457786
7 27 0.968105
7 28 0.604128
7 29 0.810507
7 30 0.658537
7 31 0.405253
7 32 0.604128
7 33 0.287054
7 34 0.759850
7 35 0.902439
7 36 0.767355
7 37 0.300188
7 38 0.998124
7 39 0.810507
7 40 0.439024
7 41 0.401501
7 42 0.410882
7 43 0.821764
7 44 0.577861
7 45 0.215760
7 46 0.960600
7 47 0.454034
7 48 0.566604
7 49 0.696060
7 50 0.744841
7 51 0.322702
7 52 0.898687
7 53 0.806754
7 54 0.315197
7 55 0.866792
7 56 0.568480
7 57 0.555347
7 58 0.908068
7 59 0.275797
7 60 0.324578
7 61 0.050657
7 62 0.534709
7 63 0.491557
7 64 0.208255
7 65 0.759850
7 66 0.020638
7 67 0.838649
7 68 0.632270
7 69 0.493433
7 70 0.487805
7 71 0.502814
7 72 0.538462
7 73 0.403377
7 74 0.294559
7 75 0.157598
7 76 0.609756
7 77 0.846154
7 78 0.499062
7 79 0.645403
7 80 0.118199
7 81 0.849906
7 82 0.793621
7 83 0.761726
7 84 0.121951
7 85 0.390244
7 86 0.525328
7 87 0.168856
7 88 0.962477
7 89 0.748593
7 90 0.658537
7 91 0.776735
7 92 0.268293
7 93 0.560976
7 94 0.737336
7 95 0.450281
7 96 0.303940
7 97 0.461538
7 98 0.786116
7 99 0.568480
8 9 0.689861
8 10 0.453280
8 11 0.982107
8 12 0.626243
8 13 0.417495
8 14 0.180915
8 15 0.081511
8 16 0.860835
8 17 0.846918
8 18 0.745527
8 19 0.073559
8 20 0.600398
8 21 0.524851
8 22 0.679920
8 23 0.526839
8 24 0.214712
8 25 0.566600
8 26 0.445328
8 27 0.954274
8 28 0.564612
8 29 0.789264
8 30 0.671968
8 31 0.341948
8 32 0.582505
8 33 0.328032
8 34 0.715706
8 35 0.874751
8 36 0.765408
8 37 0.304175
8 38 0.998012
8 39 0.777336
8 40 0.413519
8 41 0.353877
8 42 0.379722
8 43 0.781312
8 44 0.612326
8 45 0.244533
8 46 0.950298
8 47 0.465209
8 48 0.528827
8 49 0.650099
8 50 0.725646
8 51 0.320080
8 52 0.864811
8 53 0.799205
8 54 0.292247
8 55 0.866799
8 56 0.518887
8 57 0.610338
8 58 0.872763
8 59 0.222664
8 60 0.337972
8 61 0.067594
8 62 0.500994
8 63 0.435388
8 64 0.133201
8 65 0.715706
8 66 0.067594
8 67 0.801193
8 68 0.598410
8 69 0.433400
8 70 0.427435
8 71 0.447316
8 72 0.544732
8 73 0.375746
8 74 0.335984
8 75 0.163022
8 76 0.564612
8 77 0.807157
8 78 0.483101
8 79 0.616302
8 80 0.174950
8 81 0.813121
8 82 0.751491
8 83 0.745527
8 84 0.087475
8 85 0.369781
8 86 0.469185
8 87 0.166998
8 88 0.946322
8 89 0.705765
8 90 0.608350
8 91 0.735586
8 92 0.276342
8 93 0.512922
8 94 0.691849
8 95 0.391650
8 96 0.339960
8 97 0.401590
8 98 0.743539
8 99 0.624254
9 10 0.288032
9 11 0.468560
9 12 0.089249
9 13 0.292089
9 14 0.582150
9 15 0.622718
9 16 0.586207
9 17 0.738337
9 18 0.947262
9 19 0.774848
9 20 0.760649
9 21 0.716024
9 22 0.091278
9 23 0.425963
9 24 0.557809
9 25 0.141988
9 26 0.247465
9 27 0.521298
9 28 0.405680
9 29 0.385396
9 30 0.099391
9 31 0.586207
9 32 0.210953
9 33 0.521298
9 34 0.888438
9 35 0.653144
9 36 0.144016
9 37 0.997972
9 38 0.417850
9 39 0.567951
9 40 0.294118
9 41 0.898580
9 42 0.336714
9 43 0.971602
9 44 0.306288
9 45 0.541582
9 46 0.460446
9 47 0.277890
9 48 0.352941
9 49 0.614604
9 50 0.290061
9 51 0.395538
9 52 0.827586
9 53 0.225152
9 54 0.403651
9 55 0.241379
9 56 0.882353
9 57 0.452333
9 58 0.902637
9 59 0.501014
9 60 0.415822
9 61 0.685598
9 62 0.312373
9 63 0.811359
9 64 0.707911
9 65 0.766734
9 66 0.738337
9 67 0.744422
9 68 0.336714
9 69 0.720081
9 70 0.673428
9 71 0.837728
9 72 0.170385
9 73 0.328600
9 74 0.517241
9 75 0.569980
9 76 0.480730
9 77 0.849899
9 78 0.221095
9 79 0.314402
9 80 0.657201
9 81 0.730223
9 82 0.864097
9 83 0.263692
9 84 0.784990
9 85 0.324544
9 86 0.811359
9 87 0.870183
9 88 0.541582
9 89 0.693712
9 90 0.736308
9 91 0.659229
9 92 0.975659
9 93 0.480730
9 94 0.742394
9 95 0.815416
9 96 0.490872
9 97 0.716024
9 98 0.807302
9 99 0.458418
10 11 0.748619
10 12 0.364641
10 13 0.273481
10 14 0.546961
10 15 0.533149
10 16 0.685083
10 17 0.792818
10 18 0.950276
10 19 0.732044
10 20 0.687845
10 21 0.613260
10 22 0.447514
10 23 0.267956
10 24 0.381215
10 25 0.198895
10 26 0.171271
10 27 0.737569
10 28 0.279006
10 29 0.500000
10 30 0.444751
10 31 0.406077
10 32 0.179558
10 33 0.571823
10 34 0.875691
10 35 0.743094
10 36 0.441989
10 37 0.997238
10 38 0.759669
10 39 0.602210
10 40 0.088398
10 41 0.828729
10 42 0.104972
10 43 0.991713
10 44 0.569061
10 45 0.533149
10 46 0.709945
10 47 0.353591
10 48 0.187845
10 49 0.555249
10 50 0.389503
10 51 0.337017
10 52 0.881215
10 53 0.480663
10 54 0.265193
10 55 0.577348
10 56 0.817680
10 57 0.712707
10 58 0.958564
10 59 0.320442
10 60 0.414365
10 61 0.632597
10 62 0.110497
10 63 0.712707
10 64 0.593923
10 65 0.745856
10 66 0.696133
10 67 0.770718
10 68 0.256906
10 69 0.596685
10 70 0.533149
10 71 0.748619
10 72 0.314917
10 73 0.127072
10 74 0.571823
10 75 0.511050
10 76 0.359116
10 77 0.872928
10 78 0.110497
10 79 0.262431
10 80 0.651934
10 81 0.762431
10 82 0.861878
10 83 0.408840
10 84 0.726519
10 85 0.179558
10 86 0.720994
10 87 0.837017
10 88 0.737569
10 89 0.665746
10 90 0.662983
10 91 0.649171
10 92 0.972376
10 93 0.323204
10 94 0.707182
10 95 0.718232
10 96 0.535912
10 97 0.585635
10 98 0.801105
10 99 0.732044
11 12 0.447541
11 13 0.560656
11 14 0.767213
11 15 0.759016
11 16 0.242623
11 17 0.406557
11 18 0.685246
11 19 0.870492
11 20 0.580328
11 21 0.583607
11 22 0.450820
11 23 0.395082
11 24 0.640984
11 25 0.396721
11 26 0.498361
11 27 0.091803
11 28 0.360656
11 29 0.165574
11 30 0.459016
11 31 0.586885
11 32 0.342623
11 33 0.760656
11 34 0.640984
11 35 0.300000
11 36 0.262295
11 37 0.998361
11 38 0.090164
11 39 0.293443
11 40 0.488525
11 41 0.840984
11 42 0.506557
11 43 0.693443
11 44 0.627869
11 45 0.752459
11 46 0.032787
11 47 0.577049
11 48 0.375410
11 49 0.422951
11 50 0.211475
11 51 0.629508
11 52 0.488525
11 53 0.196721
11 54 0.600000
11 55 0.198361
11 56 0.740984
11 57 0.744262
11 58 0.565574
11 59 0.624590
11 60 0.665574
11 61 0.818033
11 62 0.396721
11 63 0.713115
11 64 0.763934
11 65 0.518033
11 66 0.854098
11 67 0.444262
11 68 0.318033
11 69 0.636066
11 70 0.600000
11 71 0.732787
11 72 0.496721
11 73 0.518033
11 74 0.759016
11 75 0.747541
11 76 0.391803
11 77 0.547541
11 78 0.447541
11 79 0.301639
11 80 0.831148
11 81 0.421311
11 82 0.595082
11 83 0.201639
11 84 0.859016
11 85 0.539344
11 86 0.698361
11 87 0.919672
11 88 0.121311
11 89 0.455738
11 90 0.552459
11 91 0.403279
11 92 0.990164
11 93 0.429508
11 94 0.508197
11 95 0.740984
11 96 0.736066
11 97 0.647541
11 98 0.540984
11 99 0.750820
12 13 0.217659
12 14 0.511294
12 15 0.562628
12 16 0.652977
12 17 0.790554
12 18 0.969199
12 19 0.716632
12 20 0.776181
12 21 0.724846
12 22 0.061602
12 23 0.443532
12 24 0.521561
12 25 0.137577
12 26 0.193018
12 27 0.605749
12 28 0.431211
12 29 0.457906
12 30 0.057495
12 31 0.570842
12 32 0.238193
12 33 0.439425
12 34 0.911704
12 35 0.716632
12 36 0.234086
12 37 0.952772
12 38 0.513347
12 39 0.624230
12 40 0.258727
12 41 0.872690
12 42 0.301848
12 43 0.997947
12 44 0.227926
12 45 0.466119
12 46 0.550308
12 47 0.195072
12 48 0.369610
12 49 0.648871
12 50 0.357290
12 51 0.324435
12 52 0.874743
12 53 0.314168
12 54 0.347023
12 55 0.336756
12 56 0.878850
12 57 0.371663
12 58 0.946612
12 59 0.455852
12 60 0.336756
12 61 0.622177
12 62 0.320329
12 63 0.802875
12 64 0.667351
12 65 0.798768
12 66 0.675565
12 67 0.790554
12 68 0.371663
12 69 0.716632
12 70 0.669405
12 71 0.827515
12 72 0.088296
12 73 0.287474
12 74 0.435318
12 75 0.503080
12 76 0.505133
12 77 0.889117
12 78 0.190965
12 79 0.353183
12 80 0.585216
12 81 0.778234
12 82 0.893224
12 83 0.338809
12 84 0.733060
12 85 0.271047
12 86 0.806982
12 87 0.817248
12 88 0.624230
12 89 0.731006
12 90 0.755647
12 91 0.702259
12 92 0.928131
12 93 0.494867
12 94 0.772074
12 95 0.800821
12 96 0.408624
12 97 0.706366
12 98 0.839836
12 99 0.379877
13 14 0.319196
13 15 0.377232
13 16 0.767857
13 17 0.861607
13 18 0.962054
13 19 0.542411
13 20 0.750000
13 21 0.678571
13 22 0.294643
13 23 0.437500
13 24 0.368304
13 25 0.225446
13 26 0.091518
13 27 0.781250
13 28 0.448661
13 29 0.595982
13 30 0.285714
13 31 0.468750
13 32 0.310268
13 33 0.270089
13 34 0.904018
13 35 0.819196
13 36 0.444196
13 37 0.805804
13 38 0.743304
13 39 0.707589
13 40 0.154018
13 41 0.754464
13 42 0.183036
13 43 0.997768
13 44 0.272321
13 45 0.276786
13 46 0.741071
13 47 0.075893
13 48 0.375000
13 49 0.667411
13 50 0.491071
13 51 0.113839
13 52 0.933036
13 53 0.511161
13 54 0.154018
13 55 0.562500
13 56 0.808036
13 57 0.361607
13 58 0.991071
13 59 0.290179
13 60 0.142857
13 61 0.439732
13 62 0.310268
13 63 0.714286
13 64 0.508929
13 65 0.814732
13 66 0.495536
13 67 0.843750
13 68 0.421875
13 69 0.638393
13 70 0.593750
13 71 0.741071
13 72 0.142857
13 73 0.151786
13 74 0.267857
13 75 0.308036
13 76 0.508929
13 77 0.919643
13 78 0.162946
13 79 0.419643
13 80 0.401786
13 81 0.839286
13 82 0.904018
13 83 0.491071
13 84 0.564732
13 85 0.104911
13 86 0.729911
13 87 0.656250
13 88 0.790179
13 89 0.754464
13 90 0.734375
13 91 0.745536
13 92 0.776786
13 93 0.475446
13 94 0.783482
13 95 0.700893
13 96 0.236607
13 97 0.618304
13 98 0.857143
13 99 0.377232
14 15 0.122407
14 16 0.902490
14 17 0.931535
14 18 0.898340
14 19 0.234440
14 20 0.724066
14 21 0.645228
14 22 0.568465
14 23 0.553942
14 24 0.280083
14 25 0.489627
14 26 0.354772
14 27 0.964730
14 28 0.582988
14 29 0.786307
14 30 0.558091
14 31 0.431535
14 32 0.537344
14 33 0.153527
14 34 0.858921
14 35 0.933610
14 36 0.701245
14 37 0.500000
14 38 0.968880
14 39 0.827801
14 40 0.350622
14 41 0.547718
14 42 0.334025
14 43 0.935685
14 44 0.462656
14 45 0.066390
14 46 0.943983
14 47 0.329876
14 48 0.529046
14 49 0.728216
14 50 0.703320
14 51 0.190871
14 52 0.968880
14 53 0.753112
14 54 0.211618
14 55 0.811203
14 56 0.686722
14 57 0.446058
14 58 0.997925
14 59 0.236515
14 60 0.182573
14 61 0.132780
14 62 0.483402
14 63 0.595436
14 64 0.300830
14 65 0.827801
14 66 0.182573
14 67 0.894191
14 68 0.595436
14 69 0.568465
14 70 0.545643
14 71 0.614108
14 72 0.427386
14 73 0.315353
14 74 0.161826
14 75 0.037344
14 76 0.607884
14 77 0.927386
14 78 0.408714
14 79 0.605809
14 80 0.078838
14 81 0.900415
14 82 0.883817
14 83 0.715768
14 84 0.278008
14 85 0.288382
14 86 0.626556
14 87 0.352697
14 88 0.964730
14 89 0.796680
14 90 0.724066
14 91 0.815353
14 92 0.464730
14 93 0.558091
14 94 0.800830
14 95 0.560166
14 96 0.165975
14 97 0.535270
14 98 0.860996
14 99 0.462656
15 16 0.876333
15 17 0.880597
15 18 0.810235
15 19 0.157783
15 20 0.639659
15 21 0.558635
15 22 0.641791
15 23 0.513859
15 24 0.194030
15 25 0.526652
15 26 0.394456
15 27 0.963753
15 28 0.552239
15 29 0.784648
15 30 0.633262
15 31 0.345416
15 32 0.550107
15 33 0.281450
15 34 0.773987
15 35 0.897655
15 36 0.739872
15 37 0.413646
15 38 0.997868
15 39 0.791045
15 40 0.364606
15 41 0.434968
15 42 0.332623
15 43 0.850746
15 44 0.571429
15 45 0.189765
15 46 0.953092
15 47 0.411514
15 48 0.507463
15 49 0.669510
15 50 0.710021
15 51 0.255864
15 52 0.908316
15 53 0.782516
15 54 0.228145
15 55 0.850746
15 56 0.584222
15 57 0.575693
15 58 0.927505
15 59 0.176972
15 60 0.277186
15 61 0.078891
15 62 0.471215
15 63 0.490405
15 64 0.181237
15 65 0.754797
15 66 0.125800
15 67 0.835821
15 68 0.579957
15 69 0.471215
15 70 0.454158
15 71 0.507463
15 72 0.496802
15 73 0.324094
15 74 0.289979
15 75 0.095949
15 76 0.562900
15 77 0.857143
15 78 0.437100
15 79 0.597015
15 80 0.153518
15 81 0.846482
15 82 0.803838
15 83 0.729211
15 84 0.181237
15 85 0.313433
15 86 0.524520
15 87 0.266525
15 88 0.957356
15 89 0.733475
15 90 0.643923
15 91 0.761194
15 92 0.383795
15 93 0.507463
15 94 0.729211
15 95 0.452026
15 96 0.287846
15 97 0.437100
15 98 0.788913
15 99 0.592751
16 17 0.191939
16 18 0.525912
16 19 0.898273
16 20 0.424184
16 21 0.447217
16 22 0.639155
16 23 0.326296
16 24 0.623800
16 25 0.499040
16 26 0.581574
16 27 0.182342
16 28 0.295585
16 29 0.191939
16 30 0.644914
16 31 0.518234
16 32 0.403071
16 33 0.873321
16 34 0.474088
16 35 0.072937
16 36 0.445298
16 37 0.998081
16 38 0.380038
16 39 0.086372
16 40 0.537428
16 41 0.777351
16 42 0.537428
16 43 0.531670
16 44 0.815739
16 45 0.838772
16 46 0.247601
16 47 0.702495
16 48 0.349328
16 49 0.249520
16 50 0.278311
16 51 0.708253
16 52 0.287908
16 53 0.374280
16 54 0.650672
16 55 0.429942
16 56 0.625720
16 57 0.940499
16 58 0.378119
16 59 0.629559
16 60 0.763916
16 61 0.859885
16 62 0.399232
16 63 0.610365
16 64 0.744722
16 65 0.332054
16 66 0.892514
16 67 0.236084
16 68 0.297505
16 69 0.525912
16 70 0.495202
16 71 0.629559
16 72 0.635317
16 73 0.560461
16 74 0.873321
16 75 0.804223
16 76 0.285988
16 77 0.357006
16 78 0.520154
16 79 0.299424
16 80 0.904031
16 81 0.209213
16 82 0.416507
16 83 0.305182
16 84 0.869482
16 85 0.598848
16 86 0.585413
16 87 0.930902
16 88 0.149712
16 89 0.264875
16 90 0.393474
16 91 0.201536
16 92 0.996161
16 93 0.335893
16 94 0.326296
16 95 0.650672
16 96 0.848369
16 97 0.548944
16 98 0.355086
16 99 0.952015
17 18 0.332123
17 19 0.827586
17 20 0.283122
17 21 0.328494
17 22 0.735027
17 23 0.346642
17 24 0.584392
17 25 0.582577
17 26 0.631579
17 27 0.352087
17 28 0.335753
17 29 0.343013
17 30 0.740472
17 31 0.460980
17 32 0.490018
17 33 0.876588
17 34 0.290381
17 35 0.117967
17 36 0.573503
17 37 0.878403
17 38 0.542650
17 39 0.152450
17 40 0.575318
17 41 0.647913
17 42 0.564428
17 43 0.332123
17 44 0.880218
17 45 0.829401
17 46 0.415608
17 47 0.751361
17 48 0.395644
17 49 0.179673
17 50 0.408348
17 51 0.725953
17 52 0.090744
17 53 0.517241
17 54 0.658802
17 55 0.577132
17 56 0.471869
17 57 0.987296
17 58 0.176044
17 59 0.609800
17 60 0.780399
17 61 0.813067
17 62 0.448276
17 63 0.480944
17 64 0.671506
17 65 0.166969
17 66 0.834846
17 67 0.058076
17 68 0.372051
17 69 0.417423
17 70 0.401089
17 71 0.495463
17 72 0.705989
17 73 0.589837
17 74 0.878403
17 75 0.782214
17 76 0.290381
17 77 0.161525
17 78 0.580762
17 79 0.386570
17 80 0.871143
17 81 0.034483
17 82 0.228675
17 83 0.441016
17 84 0.791289
17 85 0.629764
17 86 0.451906
17 87 0.838475
17 88 0.319419
17 89 0.134301
17 90 0.257713
17 91 0.101633
17 92 0.883848
17 93 0.328494
17 94 0.174229
17 95 0.526316
17 96 0.858439
17 97 0.446461
17 98 0.174229
17 99 0.998185
18 19 0.657763
18 20 0.156928
18 21 0.212020
18 22 0.833055
18 23 0.429048
18 24 0.499165
18 25 0.676127
18 26 0.671119
18 27 0.614357
18 28 0.445743
18 29 0.564274
18 30 0.833055
18 31 0.382304
18 32 0.604341
18 33 0.818030
18 34 0.048414
18 35 0.409015
18 36 0.737896
18 37 0.624374
18 38 0.774624
18 39 0.398998
18 40 0.609349
18 41 0.398998
18 42 0.582638
18 43 0.030050
18 44 0.916528
18 45 0.756260
18 46 0.666110
18 47 0.774624
18 48 0.489149
18 49 0.285476
18 50 0.592654
18 51 0.704508
18 52 0.240401
18 53 0.702838
18 54 0.636060
18 55 0.767947
18 56 0.210351
18 57 0.986644
18 58 0.183639
18 59 0.547579
18 60 0.752922
18 61 0.677796
18 62 0.527546
18 63 0.263773
18 64 0.514190
18 65 0.170284
18 66 0.681135
18 67 0.255426
18 68 0.505843
18 69 0.265442
18 70 0.287145
18 71 0.262104
18 72 0.766277
18 73 0.606010
18 74 0.823038
18 75 0.692821
18 76 0.383973
18 77 0.160267
18 78 0.642738
18 79 0.527546
18 80 0.756260
18 81 0.280467
18 82 0.095159
18 83 0.626043
18 84 0.611018
18 85 0.641068
18 86 0.233723
18 87 0.629382
18 88 0.587646
18 89 0.235392
18 90 0.173623
18 91 0.287145
18 92 0.639399
18 93 0.383973
18 94 0.183639
18 95 0.307179
18 96 0.809683
18 97 0.292154
18 98 0.148581
18 99 0.998331
19 20 0.603704
19 21 0.535185
19 22 0.696296
19 23 0.555556
19 24 0.264815
19 25 0.594444
19 26 0.481481
19 27 0.957407
19 28 0.592593
19 29 0.801852
19 30 0.688889
19 31 0.374074
19 32 0.611111
19 33 0.342593
19 34 0.705556
19 35 0.875926
19 36 0.779630
19 37 0.237037
19 38 0.998148
19 39 0.787037
19 40 0.451852
19 41 0.335185
19 42 0.422222
19 43 0.762963
19 44 0.622222
19 45 0.268519
19 46 0.953704
19 47 0.490741
19 48 0.561111
19 49 0.664815
19 50 0.744444
19 51 0.357407
19 52 0.857407
19 53 0.812963
19 54 0.337037
19 55 0.875926
19 56 0.509259
19 57 0.607407
19 58 0.861111
19 59 0.275926
19 60 0.366667
19 61 0.090741
19 62 0.535185
19 63 0.437037
19 64 0.162963
19 65 0.716667
19 66 0.048148
19 67 0.800000
19 68 0.625926
19 69 0.448148
19 70 0.446296
19 71 0.444444
19 72 0.568519
19 73 0.416667
19 74 0.350000
19 75 0.200000
19 76 0.588889
19 77 0.800000
19 78 0.516667
19 79 0.642593
19 80 0.179630
19 81 0.812963
19 82 0.744444
19 83 0.762963
19 84 0.057407
19 85 0.411111
19 86 0.470370
19 87 0.105556
19 88 0.948148
19 89 0.711111
19 90 0.614815
19 91 0.742593
19 92 0.205556
19 93 0.540741
19 94 0.696296
19 95 0.392593
19 96 0.357407
19 97 0.416667
19 98 0.740741
19 99 0.620370
20 21 0.075099
20 22 0.802372
20 23 0.324111
20 24 0.420949
20 25 0.614625
20 26 0.608696
20 27 0.612648
20 28 0.347826
20 29 0.519763
20 30 0.802372
20 31 0.278656
20 32 0.533597
20 33 0.792490
20 34 0.134387
20 35 0.401186
20 36 0.701581
20 37 0.658103
20 38 0.776680
20 39 0.353755
20 40 0.533597
20 41 0.401186
20 42 0.501976
20 43 0.217391
20 44 0.897233
20 45 0.723320
20 46 0.660079
20 47 0.731225
20 48 0.397233
20 49 0.187747
20 50 0.539526
20 51 0.652174
20 52 0.282609
20 53 0.669960
20 54 0.571146
20 55 0.749012
20 56 0.209486
20 57 0.982213
20 58 0.272727
20 59 0.474308
20 60 0.711462
20 61 0.652174
20 62 0.438735
20 63 0.217391
20 64 0.470356
20 65 0.130435
20 66 0.664032
20 67 0.245059
20 68 0.422925
20 69 0.167984
20 70 0.171937
20 71 0.231225
20 72 0.719368
20 73 0.529644
20 74 0.798419
20 75 0.652174
20 76 0.276680
20 77 0.209486
20 78 0.573123
20 79 0.448617
20 80 0.737154
20 81 0.270751
20 82 0.150198
20 83 0.579051
20 84 0.594862
20 85 0.573123
20 86 0.183794
20 87 0.634387
20 88 0.584980
20 89 0.167984
20 90 0.031621
20 91 0.231225
20 92 0.667984
20 93 0.270751
20 94 0.118577
20 95 0.268775
20 96 0.782609
20 97 0.201581
20 98 0.148221
20 99 0.998024
21 22 0.807203
21 23 0.307203
21 24 0.370763
21 25 0.608051
21 26 0.588983
21 27 0.669492
21 28 0.341102
21 29 0.550847
21 30 0.807203
21 31 0.220339
21 32 0.529661
21 33 0.773305
21 34 0.220339
21 35 0.466102
21 36 0.720339
21 37 0.641949
21 38 0.828390
21 39 0.398305
21 40 0.508475
21 41 0.372881
21 42 0.472458
21 43 0.305085
21 44 0.898305
21 45 0.697034
21 46 0.711864
21 47 0.716102
21 48 0.381356
21 49 0.216102
21 50 0.557203
21 51 0.622881
21 52 0.372881
21 53 0.694915
21 54 0.536017
21 55 0.779661
21 56 0.203390
21 57 0.983051
21 58 0.370763
21 59 0.430085
21 60 0.686441
21 61 0.616525
21 62 0.421610
21 63 0.182203
21 64 0.423729
21 65 0.209746
21 66 0.631356
21 67 0.322034
21 68 0.421610
21 69 0.103814
21 70 0.103814
21 71 0.201271
21 72 0.711864
21 73 0.500000
21 74 0.777542
21 75 0.618644
21 76 0.269068
21 77 0.300847
21 78 0.555085
21 79 0.451271
21 80 0.709746
21 81 0.343220
21 82 0.243644
21 83 0.597458
21 84 0.561441
21 85 0.544492
21 86 0.152542
21 87 0.605932
21 88 0.644068
21 89 0.226695
21 90 0.091102
21 91 0.286017
21 92 0.648305
21 93 0.247881
21 94 0.188559
21 95 0.230932
21 96 0.760593
21 97 0.139831
21 98 0.235169
21 99 0.997881
22 23 0.470817
22 24 0.550584
22 25 0.182879
22 26 0.239300
22 27 0.589494
22 28 0.457198
22 29 0.459144
22 30 0.009728
22 31 0.599222
22 32 0.270428
22 33 0.453307
22 34 0.916342
22 35 0.712062
22 36 0.223735
22 37 0.957198
22 38 0.480545
22 39 0.628405
22 40 0.303502
22 41 0.885214
22 42 0.344358
22 43 0.998054
22 44 0.212062
22 45 0.486381
22 46 0.529183
22 47 0.225681
22 48 0.400778
22 49 0.661479
22 50 0.365759
22 51 0.356031
22 52 0.871595
22 53 0.303502
22 54 0.383268
22 55 0.311284
22 56 0.891051
22 57 0.352140
22 58 0.941634
22 59 0.490272
22 60 0.363813
22 61 0.640078
22 62 0.356031
22 63 0.817121
22 64 0.688716
22 65 0.805447
22 66 0.690661
22 67 0.791829
22 68 0.396887
22 69 0.735409
22 70 0.690661
22 71 0.842412
22 72 0.132296
22 73 0.330739
22 74 0.449416
22 75 0.527237
22 76 0.527237
22 77 0.889105
22 78 0.239300
22 79 0.377432
22 80 0.601167
22 81 0.780156
22 82 0.896887
22 83 0.342412
22 84 0.749027
22 85 0.313230
22 86 0.822957
22 87 0.828794
22 88 0.608949
22 89 0.737354
22 90 0.766537
22 91 0.708171
22 92 0.933852
22 93 0.521401
22 94 0.782101
22 95 0.817121
22 96 0.424125
22 97 0.727626
22 98 0.844358
22 99 0.357977
23 24 0.425474
23 25 0.403794
23 26 0.430894
23 27 0.590786
23 28 0.056911
23 29 0.379404
23 30 0.658537
23 31 0.314363
23 32 0.287263
23 33 0.794038
23 34 0.617886
23 35 0.495935
23 36 0.528455
23 37 0.997290
23 38 0.718157
23 39 0.357724
23 40 0.341463
23 41 0.742547
23 42 0.322493
23 43 0.731707
23 44 0.821138
23 45 0.731707
23 46 0.604336
23 47 0.612466
23 48 0.097561
23 49 0.279133
23 50 0.341463
23 51 0.566396
23 52 0.601626
23 53 0.506775
23 54 0.471545
23 55 0.615176
23 56 0.634146
23 57 0.964770
23 58 0.677507
23 59 0.428184
23 60 0.647696
23 61 0.753388
23 62 0.165312
23 63 0.560976
23 64 0.615176
23 65 0.471545
23 66 0.802168
23 67 0.490515
23 68 0.151762
23 69 0.428184
23 70 0.365854
23 71 0.593496
23 72 0.563686
23 73 0.360434
23 74 0.796748
23 75 0.677507
23 76 0.086721
23 77 0.593496
23 78 0.365854
23 79 0.189702
23 80 0.815718
23 81 0.485095
23 82 0.593496
23 83 0.387534
23 84 0.783198
23 85 0.420054
23 86 0.547425
23 87 0.878049
23 88 0.574526
23 89 0.387534
23 90 0.411924
23 91 0.373984
23 92 0.986450
23 93 0.075881
23 94 0.436314
23 95 0.588076
23 96 0.764228
23 97 0.436314
23 98 0.525745
23 99 0.983740
24 25 0.507389
24 26 0.394089
24 27 0.921182
24 28 0.435961
24 29 0.719212
24 30 0.692118
24 31 0.177340
24 32 0.492611
24 33 0.472906
24 34 0.684729
24 35 0.817734
24 36 0.736453
24 37 0.551724
24 38 0.997537
24 39 0.697044
24 40 0.317734
24 41 0.426108
24 42 0.268473
24 43 0.780788
24 44 0.701970
24 45 0.379310
24 46 0.921182
24 47 0.487685
24 48 0.399015
24 49 0.549261
24 50 0.650246
24 51 0.332512
24 52 0.825123
24 53 0.761084
24 54 0.241379
24 55 0.852217
24 56 0.507389
24 57 0.761084
24 58 0.852217
24 59 0.086207
24 60 0.396552
24 61 0.310345
24 62 0.374384
24 63 0.399015
24 64 0.189655
24 65 0.650246
24 66 0.344828
24 67 0.738916
24 68 0.485222
24 69 0.344828
24 70 0.312808
24 71 0.426108
24 72 0.541872
24 73 0.278325
24 74 0.480296
24 75 0.288177
24 76 0.433498
24 77 0.768473
24 78 0.406404
24 79 0.509852
24 80 0.396552
24 81 0.751232
24 82 0.714286
24 83 0.682266
24 84 0.325123
24 85 0.305419
24 86 0.426108
24 87 0.418719
24 88 0.908867
24 89 0.623153
24 90 0.524631
24 91 0.655172
24 92 0.532020
24 93 0.366995
24 94 0.618227
24 95 0.371921
24 96 0.465517
24 97 0.310345
24 98 0.689655
24 99 0.778325
25 26 0.152225
25 27 0.592506
25 28 0.334895
25 29 0.402810
25 30 0.220141
25 31 0.512881
25 32 0.119438
25 33 0.519906
25 34 0.882904
25 35 0.676815
25 36 0.236534
25 37 0.997658
25 38 0.543326
25 39 0.566745
25 40 0.182670
25 41 0.871194
25 42 0.227166
25 43 0.981265
25 44 0.386417
25 45 0.519906
25 46 0.543326
25 47 0.262295
25 48 0.262295
25 49 0.580796
25 50 0.290398
25 51 0.341920
25 52 0.843091
25 53 0.299766
25 54 0.327869
25 55 0.360656
25 56 0.857143
25 57 0.538642
25 58 0.922717
25 59 0.421546
25 60 0.386417
25 61 0.655738
25 62 0.206089
25 63 0.772834
25 64 0.660422
25 65 0.754098
25 66 0.714286
25 67 0.747073
25 68 0.269321
25 69 0.669789
25 70 0.615925
25 71 0.803279
25 72 0.163934
25 73 0.224824
25 74 0.517564
25 75 0.531616
25 76 0.416862
25 77 0.854801
25 78 0.098361
25 79 0.252927
25 80 0.644028
25 81 0.735363
25 82 0.861827
25 83 0.283372
25 84 0.758782
25 85 0.231850
25 86 0.775176
25 87 0.854801
25 88 0.604215
25 89 0.674473
25 90 0.702576
25 91 0.644028
25 92 0.974239
25 93 0.407494
25 94 0.723653
25 95 0.777518
25 96 0.484778
25 97 0.662763
25 98 0.798595
25 99 0.550351
26 27 0.737470
26 28 0.386635
26 29 0.539379
26 30 0.288783
26 31 0.455847
26 32 0.233890
26 33 0.381862
26 34 0.897375
26 35 0.780430
26 36 0.396181
26 37 0.885442
26 38 0.708831
26 39 0.658711
26 40 0.090692
26 41 0.792363
26 42 0.136038
26 43 0.997613
26 44 0.348449
26 45 0.374702
26 46 0.699284
26 47 0.157518
26 48 0.307876
26 49 0.627685
26 50 0.427208
26 51 0.190931
26 52 0.909308
26 53 0.460621
26 54 0.183771
26 55 0.525060
26 56 0.821002
26 57 0.467780
26 58 0.976134
26 59 0.305489
26 60 0.241050
26 61 0.517900
26 62 0.238663
26 63 0.725537
26 64 0.548926
26 65 0.789976
26 66 0.577566
26 67 0.811456
26 68 0.353222
26 69 0.632458
26 70 0.582339
26 71 0.754177
26 72 0.145585
26 73 0.112172
26 74 0.379475
26 75 0.389021
26 76 0.458234
26 77 0.902148
26 78 0.076372
26 79 0.348449
26 80 0.498807
26 81 0.806683
26 82 0.890215
26 83 0.431981
26 84 0.632458
26 85 0.090692
26 86 0.737470
26 87 0.732697
26 88 0.747017
26 89 0.723150
26 90 0.715990
26 91 0.708831
26 92 0.859189
26 93 0.424821
26 94 0.758950
26 95 0.718377
26 96 0.348449
26 97 0.615752
26 98 0.837709
26 99 0.484487
27 28 0.337884
27 29 0.145051
27 30 0.523891
27 31 0.566553
27 32 0.360068
27 33 0.800341
27 34 0.583618
27 35 0.220137
27 36 0.322526
27 37 0.998294
27 38 0.187713
27 39 0.223549
27 40 0.506826
27 41 0.820819
27 42 0.518771
27 43 0.634812
27 44 0.694539
27 45 0.784983
27 46 0.069966
27 47 0.622867
27 48 0.365188
27 49 0.366894
27 50 0.221843
27 51 0.658703
27 52 0.416382
27 53 0.250853
27 54 0.619454
27 55 0.274744
27 56 0.703072
27 57 0.812287
27 58 0.496587
27 59 0.629693
27 60 0.701365
27 61 0.836177
27 62 0.395904
27 63 0.680887
27 64 0.759386
27 65 0.455631
27 66 0.870307
27 67 0.372014
27 68 0.305461
27 69 0.600683
27 70 0.568259
27 71 0.699659
27 72 0.546075
27 73 0.535836
27 74 0.800341
27 75 0.769625
27 76 0.356655
27 77 0.479522
27 78 0.474403
27 79 0.295222
27 80 0.858362
27 81 0.348123
27 82 0.532423
27 83 0.225256
27 84 0.863481
27 85 0.563140
27 86 0.662116
27 87 0.924915
27 88 0.030717
27 89 0.392491
27 90 0.500000
27 91 0.336177
27 92 0.993174
27 93 0.399317
27 94 0.447099
27 95 0.711604
27 96 0.778157
27 97 0.617747
27 98 0.476109
27 99 0.820819
28 29 0.305128
28 30 0.605128
28 31 0.353846
28 32 0.246154
28 33 0.776923
28 34 0.610256
28 35 0.435897
28 36 0.458974
28 37 0.997436
28 38 0.625641
28 39 0.305128
28 40 0.338462
28 41 0.756410
28 42 0.328205
28 43 0.715385
28 44 0.774359
28 45 0.725641
28 46 0.517949
28 47 0.587179
28 48 0.084615
28 49 0.269231
28 50 0.271795
28 51 0.558974
28 52 0.564103
28 53 0.430769
28 54 0.474359
28 55 0.535897
28 56 0.646154
28 57 0.917949
28 58 0.643590
28 59 0.448718
28 60 0.635897
28 61 0.758974
28 62 0.156410
28 63 0.579487
28 64 0.633333
28 65 0.458974
28 66 0.807692
28 67 0.458974
28 68 0.097436
28 69 0.456410
28 70 0.394872
28 71 0.612821
28 72 0.528205
28 73 0.364103
28 74 0.779487
28 75 0.679487
28 76 0.094872
28 77 0.569231
28 78 0.346154
28 79 0.133333
28 80 0.812821
28 81 0.448718
28 82 0.579487
28 83 0.317949
28 84 0.789744
28 85 0.417949
28 86 0.566667
28 87 0.882051
28 88 0.492308
28 89 0.371795
28 90 0.417949
28 91 0.346154
28 92 0.987179
28 93 0.115385
28 94 0.425641
28 95 0.610256
28 96 0.748718
28 97 0.466667
28 98 0.510256
28 99 0.935897
29 30 0.469548
29 31 0.504912
29 32 0.251473
29 33 0.756385
29 34 0.607073
29 35 0.267191
29 36 0.257367
29 37 0.998035
29 38 0.257367
29 39 0.208251
29 40 0.416503
29 41 0.809430
29 42 0.428291
29 43 0.677800
29 44 0.654224
29 45 0.734774
29 46 0.161100
29 47 0.555992
29 48 0.255403
29 49 0.332024
29 50 0.096267
29 51 0.591356
29 52 0.469548
29 53 0.188605
29 54 0.546169
29 55 0.251473
29 56 0.699411
29 57 0.787819
29 58 0.555992
29 59 0.559921
29 60 0.640472
29 61 0.795678
29 62 0.288802
29 63 0.662083
29 64 0.719057
29 65 0.463654
29 66 0.836935
29 67 0.398821
29 68 0.186640
29 69 0.567780
29 70 0.524558
29 71 0.685658
29 72 0.475442
29 73 0.447937
29 74 0.754420
29 75 0.717092
29 76 0.273084
29 77 0.518664
29 78 0.381139
29 79 0.172888
29 80 0.819253
29 81 0.375246
29 82 0.559921
29 83 0.117878
29 84 0.834971
29 85 0.479371
29 86 0.644401
29 87 0.907662
29 88 0.170923
29 89 0.387033
29 90 0.485265
29 91 0.330059
29 92 0.990177
29 93 0.316306
29 94 0.447937
29 95 0.691552
29 96 0.728880
29 97 0.579568
29 98 0.495088
29 99 0.797642
30 31 0.595331
30 32 0.272374
30 33 0.443580
30 34 0.916342
30 35 0.717899
30 36 0.233463
30 37 0.951362
30 38 0.490272
30 39 0.632296
30 40 0.299611
30 41 0.881323
30 42 0.340467
30 43 0.998054
30 44 0.202335
30 45 0.476654
30 46 0.536965
30 47 0.215953
30 48 0.400778
30 49 0.663424
30 50 0.371595
30 51 0.348249
30 52 0.875486
30 53 0.313230
30 54 0.375486
30 55 0.321012
30 56 0.889105
30 57 0.342412
30 58 0.945525
30 59 0.484436
30 60 0.354086
30 61 0.632296
30 62 0.356031
30 63 0.815175
30 64 0.682879
30 65 0.807393
30 66 0.682879
30 67 0.795720
30 68 0.398833
30 69 0.733463
30 70 0.688716
30 71 0.840467
30 72 0.124514
30 73 0.324903
30 74 0.437743
30 75 0.517510
30 76 0.529183
30 77 0.891051
30 78 0.235409
30 79 0.379377
30 80 0.591440
30 81 0.782101
30 82 0.898833
30 83 0.348249
30 84 0.741245
30 85 0.307393
30 86 0.821012
30 87 0.821012
30 88 0.616732
30 89 0.741245
30 90 0.768482
30 91 0.712062
30 92 0.926070
30 93 0.521401
30 94 0.782101
30 95 0.813230
30 96 0.414397
30 97 0.723735
30 98 0.846304
30 99 0.348249
31 32 0.510471
31 33 0.683246
31 34 0.541885
31 35 0.712042
31 36 0.772251
31 37 0.662304
31 38 0.997382
31 39 0.591623
31 40 0.403141
31 41 0.418848
31 42 0.350785
31 43 0.646597
31 44 0.869110
31 45 0.589005
31 46 0.890052
31 47 0.641361
31 48 0.358639
31 49 0.408377
31 50 0.628272
31 51 0.505236
31 52 0.691099
31 53 0.774869
31 54 0.400524
31 55 0.879581
31 56 0.397906
31 57 0.958115
31 58 0.714660
31 59 0.259162
31 60 0.581152
31 61 0.510471
31 62 0.369110
31 63 0.293194
31 64 0.308901
31 65 0.502618
31 66 0.539267
31 67 0.604712
31 68 0.442408
31 69 0.198953
31 70 0.151832
31 71 0.327225
31 72 0.659686
31 73 0.379581
31 74 0.688482
31 75 0.494764
31 76 0.321990
31 77 0.625654
31 78 0.481675
31 79 0.476440
31 80 0.612565
31 81 0.620419
31 82 0.568063
31 83 0.670157
31 84 0.481675
31 85 0.426702
31 86 0.306283
31 87 0.562827
31 88 0.850785
31 89 0.479058
31 90 0.369110
31 91 0.520942
31 92 0.654450
31 93 0.256545
31 94 0.468586
31 95 0.295812
31 96 0.670157
31 97 0.175393
31 98 0.544503
31 99 0.976440
32 33 0.604706
32 34 0.783529
32 35 0.560000
32 36 0.235294
32 37 0.997647
32 38 0.494118
32 39 0.449412
32 40 0.209412
32 41 0.835294
32 42 0.240000
32 43 0.882353
32 44 0.508235
32 45 0.588235
32 46 0.461176
32 47 0.369412
32 48 0.162353
32 49 0.470588
32 50 0.192941
32 51 0.411765
32 52 0.729412
32 53 0.256471
32 54 0.369412
32 55 0.341176
32 56 0.788235
32 57 0.656471
32 58 0.811765
32 59 0.425882
32 60 0.468235
32 61 0.691765
32 62 0.127059
32 63 0.710588
32 64 0.654118
32 65 0.647059
32 66 0.745882
32 67 0.632941
32 68 0.152941
32 69 0.602353
32 70 0.545882
32 71 0.741176
32 72 0.282353
32 73 0.254118
32 74 0.604706
32 75 0.581176
32 76 0.310588
32 77 0.745882
32 78 0.155294
32 79 0.134118
32 80 0.701176
32 81 0.618824
32 82 0.757647
32 83 0.200000
32 84 0.771765
32 85 0.282353
32 86 0.708235
32 87 0.865882
32 88 0.505882
32 89 0.564706
32 90 0.607059
32 91 0.529412
32 92 0.978824
32 93 0.312941
32 94 0.616471
32 95 0.722353
32 96 0.574118
32 97 0.600000
32 98 0.691765
32 99 0.670588
33 34 0.889943
33 35 0.899431
33 36 0.603416
33 37 0.593928
33 38 0.859583
33 39 0.802657
33 40 0.332068
33 41 0.637571
33 42 0.332068
33 43 0.963947
33 44 0.305503
33 45 0.081594
33 46 0.859583
33 47 0.225806
33 48 0.518027
33 49 0.736243
33 50 0.643264
33 51 0.161290
33 52 0.963947
33 53 0.664137
33 54 0.225806
33 55 0.705882
33 56 0.751423
33 57 0.271347
33 58 0.998102
33 59 0.307400
33 60 0.110057
33 61 0.258065
33 62 0.466793
33 63 0.667932
33 64 0.409867
33 65 0.842505
33 66 0.301708
33 67 0.889943
33 68 0.569260
33 69 0.629981
33 70 0.603416
33 71 0.686907
33 72 0.328273
33 73 0.307400
33 74 0.007590
33 75 0.165085
33 76 0.612903
33 77 0.935484
33 78 0.362429
33 79 0.573055
33 80 0.172676
33 81 0.891841
33 82 0.903226
33 83 0.647059
33 84 0.394687
33 85 0.269450
33 86 0.692600
33 87 0.459203
33 88 0.895636
33 89 0.806452
33 90 0.757116
33 91 0.812144
33 92 0.561670
33 93 0.573055
33 94 0.817837
33 95 0.639469
33 96 0.028463
33 97 0.603416
33 98 0.876660
33 99 0.284630
34 35 0.383275
34 36 0.717770
34 37 0.644599
34 38 0.757840
34 39 0.367596
34 40 0.588850
34 41 0.409408
34 42 0.562718
34 43 0.073171
34 44 0.909408
34 45 0.752613
34 46 0.646341
34 47 0.763066
34 48 0.461672
34 49 0.245645
34 50 0.567944
34 51 0.693380
34 52 0.219512
34 53 0.682927
34 54 0.621951
34 55 0.750871
34 56 0.214286
34 57 0.986063
34 58 0.172474
34 59 0.534843
34 60 0.745645
34 61 0.679443
34 62 0.501742
34 63 0.259582
34 64 0.512195
34 65 0.128920
34 66 0.684669
34 67 0.222997
34 68 0.477352
34 69 0.247387
34 70 0.263066
34 71 0.261324
34 72 0.752613
34 73 0.587108
34 74 0.820557
34 75 0.688153
34 76 0.350174
34 77 0.135889
34 78 0.621951
34 79 0.498258
34 80 0.759582
34 81 0.250871
34 82 0.060976
34 83 0.602787
34 84 0.616725
34 85 0.623693
34 86 0.226481
34 87 0.641115
34 88 0.566202
34 89 0.195122
34 90 0.132404
34 91 0.250871
34 92 0.658537
34 93 0.351916
34 94 0.141115
34 95 0.306620
34 96 0.806620
34 97 0.275261
34 98 0.109756
34 99 0.998258
35 36 0.510476
35 37 0.982857
35 38 0.447619
35 39 0.097143
35 40 0.573333
35 41 0.754286
35 42 0.569524
35 43 0.468571
35 44 0.866667
35 45 0.862857
35 46 0.314286
35 47 0.746667
35 48 0.382857
35 49 0.228571
35 50 0.340952
35 51 0.740952
35 52 0.219048
35 53 0.441905
35 54 0.678095
35 55 0.499048
35 56 0.588571
35 57 0.986667
35 58 0.308571
35 59 0.645714
35 60 0.796190
35 61 0.870476
35 62 0.434286
35 63 0.582857
35 64 0.742857
35 65 0.280000
35 66 0.899048
35 67 0.175238
35 68 0.340952
35 69 0.504762
35 70 0.478095
35 71 0.600000
35 72 0.683810
35 73 0.594286
35 74 0.904762
35 75 0.824762
35 76 0.299048
35 77 0.293333
35 78 0.563810
35 79 0.346667
35 80 0.921905
35 81 0.146667
35 82 0.358095
35 83 0.371429
35 84 0.868571
35 85 0.634286
35 86 0.556190
35 87 0.925714
35 88 0.211429
35 89 0.222857
35 90 0.356190
35 91 0.161905
35 92 0.984762
35 93 0.348571
35 94 0.280000
35 95 0.626667
35 96 0.881905
35 97 0.531429
35 98 0.297143
35 99 0.998095
36 37 0.998088
36 38 0.261950
36 39 0.441683
36 40 0.338432
36 41 0.869981
36 42 0.370937
36 43 0.864245
36 44 0.424474
36 45 0.615679
36 46 0.298279
36 47 0.382409
36 48 0.309751
36 49 0.520076
36 50 0.173996
36 51 0.470363
36 52 0.694073
36 53 0.078394
36 54 0.460803
36 55 0.101338
36 56 0.820268
36 57 0.562141
36 58 0.774379
36 59 0.527725
36 60 0.500956
36 61 0.730402
36 62 0.294455
36 63 0.762906
36 64 0.718929
36 65 0.661568
36 66 0.776291
36 67 0.621415
36 68 0.269598
36 69 0.673040
36 70 0.627151
36 71 0.787763
36 72 0.282983
36 73 0.374761
36 74 0.606119
36 75 0.629063
36 76 0.409178
36 77 0.730402
36 78 0.271511
36 79 0.242830
36 80 0.718929
36 81 0.602294
36 82 0.755258
36 83 0.139579
36 84 0.806883
36 85 0.384321
36 86 0.757170
36 87 0.885277
36 88 0.382409
36 89 0.588910
36 90 0.650096
36 91 0.544933
36 92 0.980880
36 93 0.426386
36 94 0.640535
36 95 0.776291
36 96 0.579350
36 97 0.673040
36 98 0.695985
36 99 0.569790
37 38 0.998408
37 39 0.756369
37 40 0.554140
37 41 0.214968
37 42 0.523885
37 43 0.622611
37 44 0.735669
37 45 0.434713
37 46 0.941083
37 47 0.616242
37 48 0.606688
37 49 0.628981
37 50 0.773885
37 51 0.500000
37 52 0.759554
37 53 0.848726
37 54 0.469745
37 55 0.907643
37 56 0.394904
37 57 0.726115
37 58 0.742038
37 59 0.391720
37 60 0.514331
37 61 0.281847
37 62 0.597134
37 63 0.356688
37 64 0.232484
37 65 0.636943
37 66 0.245223
37 67 0.724522
37 68 0.662420
37 69 0.404459
37 70 0.421975
37 71 0.351911
37 72 0.676752
37 73 0.525478
37 74 0.504777
37 75 0.372611
37 76 0.598726
37 77 0.695860
37 78 0.611465
37 79 0.679936
37 80 0.356688
37 81 0.740446
37 82 0.635350
37 83 0.794586
37 84 0.173567
37 85 0.530255
37 86 0.386943
37 87 0.113057
37 88 0.920382
37 89 0.651274
37 90 0.547771
37 91 0.692675
37 92 0.030255
37 93 0.558917
37 94 0.624204
37 95 0.313694
37 96 0.511146
37 97 0.380573
37 98 0.649682
37 99 0.737261
38 39 0.361736
38 40 0.480707
38 41 0.866559
38 42 0.501608
38 43 0.754019
38 44 0.572347
38 45 0.729904
38 46 0.112540
38 47 0.541801
38 48 0.393891
38 49 0.479100
38 50 0.226688
38 51 0.607717
38 52 0.561093
38 53 0.167203
38 54 0.588424
38 55 0.139871
38 56 0.782958
38 57 0.688103
38 58 0.636656
38 59 0.627010
38 60 0.638264
38 61 0.810289
38 62 0.405145
38 63 0.750804
38 64 0.773312
38 65 0.580386
38 66 0.847267
38 67 0.514469
38 68 0.340836
38 69 0.673633
38 70 0.636656
38 71 0.770096
38 72 0.458199
38 73 0.509646
38 74 0.726688
38 75 0.733119
38 76 0.432476
38 77 0.615756
38 78 0.432476
38 79 0.319936
38 80 0.811897
38 81 0.491961
38 82 0.657556
38 83 0.205788
38 84 0.860129
38 85 0.525723
38 86 0.737942
38 87 0.924437
38 88 0.205788
38 89 0.519293
38 90 0.606109
38 91 0.467846
38 92 0.998392
38 93 0.463023
38 94 0.569132
38 95 0.773312
38 96 0.704180
38 97 0.681672
38 98 0.604502
38 99 0.692926
39 40 0.525210
39 41 0.756303
39 42 0.518908
39 43 0.512605
39 44 0.855042
39 45 0.844538
39 46 0.334034
39 47 0.718487
39 48 0.315126
39 49 0.180672
39 50 0.294118
39 51 0.707983
39 52 0.279412
39 53 0.420168
39 54 0.638655
39 55 0.491597
39 56 0.592437
39 57 0.985294
39 58 0.369748
39 59 0.607143
39 60 0.771008
39 61 0.857143
39 62 0.371849
39 63 0.573529
39 64 0.724790
39 65 0.285714
39 66 0.890756
39 67 0.203782
39 68 0.271008
39 69 0.481092
39 70 0.445378
39 71 0.594538
39 72 0.653361
39 73 0.548319
39 74 0.888655
39 75 0.802521
39 76 0.224790
39 77 0.334034
39 78 0.516807
39 79 0.281513
39 80 0.909664
39 81 0.178571
39 82 0.386555
39 83 0.331933
39 84 0.859244
39 85 0.592437
39 86 0.546218
39 87 0.926471
39 88 0.245798
39 89 0.207983
39 90 0.340336
39 91 0.138655
39 92 0.995798
39 93 0.279412
39 94 0.275210
39 95 0.617647
39 96 0.863445
39 97 0.506303
39 98 0.317227
39 99 0.997899
40 41 0.784777
40 42 0.055118
40 43 0.997375
40 44 0.482940
40 45 0.425197
40 46 0.748031
40 47 0.265092
40 48 0.262467
40 49 0.601050
40 50 0.446194
40 51 0.236220
40 52 0.913386
40 53 0.514436
40 54 0.175853
40 55 0.598425
40 56 0.803150
40 57 0.606299
40 58 0.984252
40 59 0.265092
40 60 0.307087
40 61 0.540682
40 62 0.188976
40 63 0.700787
40 64 0.535433
40 65 0.774278
40 66 0.603675
40 67 0.808399
40 68 0.328084
40 69 0.598425
40 70 0.540682
40 71 0.732283
40 72 0.257218
40 73 0.049869
40 74 0.459318
40 75 0.412073
40 76 0.414698
40 77 0.900262
40 78 0.094488
40 79 0.333333
40 80 0.545932
40 81 0.803150
40 82 0.881890
40 83 0.459318
40 84 0.645669
40 85 0.086614
40 86 0.711286
40 87 0.753281
40 88 0.782152
40 89 0.703412
40 90 0.687664
40 91 0.695538
40 92 0.887139
40 93 0.375328
40 94 0.740157
40 95 0.695538
40 96 0.425197
40 97 0.580052
40 98 0.826772
40 99 0.624672
41 42 0.559356
41 43 0.515091
41 44 0.915493
41 45 0.589537
41 46 0.993964
41 47 0.744467
41 48 0.597586
41 49 0.555332
41 50 0.804829
41 51 0.607646
41 52 0.694165
41 53 0.917505
41 54 0.541247
41 55 0.997988
41 56 0.227364
41 57 0.945674
41 58 0.668008
41 59 0.416499
41 60 0.649899
41 61 0.426559
41 62 0.605634
41 63 0.185111
41 64 0.241449
41 65 0.541247
41 66 0.406439
41 67 0.657948
41 68 0.659960
41 69 0.263581
41 70 0.297787
41 71 0.175050
41 72 0.790744
41 73 0.573441
41 74 0.684105
41 75 0.501006
41 76 0.549296
41 77 0.609658
41 78 0.672032
41 79 0.688129
41 80 0.537223
41 81 0.680080
41 82 0.531187
41 83 0.837022
41 84 0.301811
41 85 0.597586
41 86 0.221328
41 87 0.295775
41 88 0.945674
41 89 0.569416
41 90 0.432596
41 91 0.627767
41 92 0.289738
41 93 0.505030
41 94 0.527163
41 95 0.134809
41 96 0.680080
41 97 0.239437
41 98 0.553320
41 99 0.961771
42 43 0.997268
42 44 0.546448
42 45 0.428962
42 46 0.803279
42 47 0.314208
42 48 0.267760
42 49 0.598361
42 50 0.489071
42 51 0.245902
42 52 0.926230
42 53 0.576503
42 54 0.161202
42 55 0.666667
42 56 0.784153
42 57 0.663934
42 58 0.994536
42 59 0.224044
42 60 0.327869
42 61 0.524590
42 62 0.199454
42 63 0.674863
42 64 0.502732
42 65 0.773224
42 66 0.587432
42 67 0.816940
42 68 0.346995
42 69 0.571038
42 70 0.510929
42 71 0.707650
42 72 0.322404
42 73 0.038251
42 74 0.478142
42 75 0.401639
42 76 0.409836
42 77 0.904372
42 78 0.153005
42 79 0.357923
42 80 0.540984
42 81 0.814208
42 82 0.882514
42 83 0.508197
42 84 0.622951
42 85 0.098361
42 86 0.688525
42 87 0.734973
42 88 0.830601
42 89 0.704918
42 90 0.674863
42 91 0.702186
42 92 0.871585
42 93 0.360656
42 94 0.737705
42 95 0.666667
42 96 0.448087
42 97 0.549180
42 98 0.827869
42 99 0.685792
43 44 0.915584
43 45 0.764610
43 46 0.654221
43 47 0.779221
43 48 0.496753
43 49 0.292208
43 50 0.592532
43 51 0.712662
43 52 0.228896
43 53 0.699675
43 54 0.646104
43 55 0.761364
43 56 0.232143
43 57 0.987013
43 58 0.165584
43 59 0.561688
43 60 0.761364
43 61 0.688312
43 62 0.535714
43 63 0.287338
43 64 0.529221
43 65 0.176948
43 66 0.691558
43 67 0.250000
43 68 0.509740
43 69 0.288961
43 70 0.306818
43 71 0.284091
43 72 0.769481
43 73 0.615260
43 74 0.827922
43 75 0.702922
43 76 0.392857
43 77 0.152597
43 78 0.647727
43 79 0.530844
43 80 0.766234
43 81 0.274351
43 82 0.097403
43 83 0.625000
43 84 0.623377
43 85 0.649351
43 86 0.256494
43 87 0.641234
43 88 0.576299
43 89 0.240260
43 90 0.191558
43 91 0.288961
43 92 0.649351
43 93 0.396104
43 94 0.191558
43 95 0.327922
43 96 0.816558
43 97 0.313312
43 98 0.150974
43 99 0.998377
44 45 0.348375
44 46 0.682310
44 47 0.157040
44 48 0.485560
44 49 0.732852
44 50 0.512635
44 51 0.276173
44 52 0.942238
44 53 0.474729
44 54 0.337545
44 55 0.485560
44 56 0.873646
44 57 0.129964
44 58 0.998195
44 59 0.449458
44 60 0.249097
44 61 0.516245
44 62 0.435018
44 63 0.797834
44 64 0.613718
44 65 0.861011
44 66 0.561372
44 67 0.868231
44 68 0.503610
44 69 0.736462
44 70 0.698556
44 71 0.819495
44 72 0.173285
44 73 0.337545
44 74 0.283394
44 75 0.409747
44 76 0.604693
44 77 0.944043
44 78 0.303249
44 79 0.492780
44 80 0.451264
44 81 0.861011
44 82 0.936823
44 83 0.496390
44 84 0.637184
44 85 0.303249
44 86 0.810469
44 87 0.705776
44 88 0.749097
44 89 0.805054
44 90 0.805054
44 91 0.788809
44 92 0.805054
44 93 0.584838
44 94 0.835740
44 95 0.785199
44 96 0.267148
44 97 0.720217
44 98 0.895307
44 99 0.135379
45 46 0.901210
45 47 0.270161
45 48 0.514113
45 49 0.725806
45 50 0.669355
45 51 0.153226
45 52 0.965726
45 53 0.705645
45 54 0.197581
45 55 0.758065
45 56 0.717742
45 57 0.368952
45 58 0.997984
45 59 0.256048
45 60 0.127016
45 61 0.193548
45 62 0.463710
45 63 0.629032
45 64 0.348790
45 65 0.830645
45 66 0.239919
45 67 0.889113
45 68 0.574597
45 69 0.592742
45 70 0.566532
45 71 0.647177
45 72 0.370968
45 73 0.294355
45 74 0.092742
45 75 0.088710
45 76 0.602823
45 77 0.929435
45 78 0.375000
45 79 0.580645
45 80 0.118952
45 81 0.893145
45 82 0.891129
45 83 0.675403
45 84 0.334677
45 85 0.262097
45 86 0.655242
45 87 0.407258
45 88 0.927419
45 89 0.796371
45 90 0.735887
45 91 0.808468
45 92 0.516129
45 93 0.556452
45 94 0.804435
45 95 0.594758
45 96 0.096774
45 97 0.564516
45 98 0.866935
45 99 0.385081
46 47 0.583333
46 48 0.360544
46 49 0.404762
46 50 0.195578
46 51 0.632653
46 52 0.476190
46 53 0.195578
46 54 0.600340
46 55 0.209184
46 56 0.734694
46 57 0.763605
46 58 0.554422
46 59 0.620748
46 60 0.670068
46 61 0.823129
46 62 0.384354
46 63 0.707483
46 64 0.761905
46 65 0.503401
46 66 0.860544
46 67 0.428571
46 68 0.301020
46 69 0.625850
46 70 0.590136
46 71 0.726190
46 72 0.503401
46 73 0.515306
46 74 0.768707
46 75 0.751701
46 76 0.374150
46 77 0.535714
46 78 0.443878
46 79 0.284014
46 80 0.838435
46 81 0.404762
46 82 0.583333
46 83 0.188776
46 84 0.862245
46 85 0.539116
46 86 0.690476
46 87 0.925170
46 88 0.100340
46 89 0.438776
46 90 0.539116
46 91 0.384354
46 92 0.998299
46 93 0.413265
46 94 0.493197
46 95 0.734694
46 96 0.744898
46 97 0.639456
46 98 0.527211
46 99 0.770408
47 48 0.409664
47 49 0.691176
47 50 0.493697
47 51 0.153361
47 52 0.941176
47 53 0.491597
47 54 0.210084
47 55 0.531513
47 56 0.834034
47 57 0.273109
47 58 0.997899
47 59 0.342437
47 60 0.149160
47 61 0.455882
47 62 0.350840
47 63 0.745798
47 64 0.542017
47 65 0.834034
47 66 0.510504
47 67 0.855042
47 68 0.447479
47 69 0.674370
47 70 0.630252
47 71 0.768908
47 72 0.111345
47 73 0.212185
47 74 0.245798
47 75 0.329832
47 76 0.542017
47 77 0.932773
47 78 0.199580
47 79 0.441176
47 80 0.405462
47 81 0.848739
47 82 0.918067
47 83 0.489496
47 84 0.584034
47 85 0.170168
47 86 0.760504
47 87 0.668067
47 88 0.777311
47 89 0.775210
47 90 0.762605
47 91 0.762605
47 92 0.783613
47 93 0.512605
47 94 0.804622
47 95 0.731092
47 96 0.218487
47 97 0.655462
47 98 0.873950
47 99 0.287815
48 49 0.363395
48 50 0.275862
48 51 0.498674
48 52 0.671088
48 53 0.421751
48 54 0.416446
48 55 0.527851
48 56 0.708223
48 57 0.862069
48 58 0.753316
48 59 0.408488
48 60 0.575597
48 61 0.729443
48 62 0.074271
48 63 0.625995
48 64 0.628647
48 65 0.554377
48 66 0.782493
48 67 0.562334
48 68 0.092838
48 69 0.501326
48 70 0.437666
48 71 0.660477
48 72 0.458886
48 73 0.294430
48 74 0.724138
48 75 0.636605
48 76 0.175066
48 77 0.673740
48 78 0.270557
48 79 0.122016
48 80 0.774536
48 81 0.554377
48 82 0.676393
48 83 0.315650
48 84 0.779841
48 85 0.350133
48 86 0.620690
48 87 0.880637
48 88 0.559682
48 89 0.469496
48 90 0.501326
48 91 0.445623
48 92 0.997347
48 93 0.167109
48 94 0.519894
48 95 0.649867
48 96 0.692308
48 97 0.503979
48 98 0.607427
48 99 0.877984
49 50 0.394004
49 51 0.655246
49 52 0.256959
49 53 0.535332
49 54 0.573876
49 55 0.618844
49 56 0.419700
49 57 0.982869
49 58 0.314775
49 59 0.507495
49 60 0.721627
49 61 0.747323
49 62 0.351178
49 63 0.402570
49 64 0.584582
49 65 0.158458
49 66 0.773019
49 67 0.171306
49 68 0.293362
49 69 0.310493
49 70 0.278373
49 71 0.423983
49 72 0.665953
49 73 0.498929
49 74 0.832976
49 75 0.713062
49 76 0.152034
49 77 0.250535
49 78 0.509636
49 79 0.319058
49 80 0.817987
49 81 0.177730
49 82 0.263383
49 83 0.436831
49 84 0.725910
49 85 0.548180
49 86 0.372591
49 87 0.788009
49 88 0.432548
49 89 0.085653
49 90 0.169165
49 91 0.092077
49 92 0.847966
49 93 0.184154
49 94 0.134904
49 95 0.447537
49 96 0.811563
49 97 0.338330
49 98 0.201285
49 99 0.997859
50 51 0.534304
50 52 0.565489
50 53 0.137214
50 54 0.492723
50 55 0.220374
50 56 0.742204
50 57 0.729730
50 58 0.652807
50 59 0.523909
50 60 0.584200
50 61 0.769231
50 62 0.234927
50 63 0.690229
50 64 0.706861
50 65 0.534304
50 66 0.814969
50 67 0.486486
50 68 0.147609
50 69 0.588358
50 70 0.540541
50 71 0.717256
50 72 0.399168
50 73 0.388773
50 74 0.704782
50 75 0.677755
50 76 0.282744
50 77 0.604990
50 78 0.307692
50 79 0.120582
50 80 0.783784
50 81 0.465696
50 82 0.638254
50 83 0.041580
50 84 0.823285
50 85 0.419958
50 86 0.677755
50 87 0.904366
50 88 0.278586
50 89 0.453222
50 90 0.536383
50 91 0.403326
50 92 0.997921
50 93 0.313929
50 94 0.513514
50 95 0.715177
50 96 0.677755
50 97 0.598753
50 98 0.571726
50 99 0.740125
51 52 0.951002
51 53 0.610245
51 54 0.091314
51 55 0.668151
51 56 0.757238
51 57 0.385301
51 58 0.997773
51 59 0.222717
51 60 0.066815
51 61 0.325167
51 62 0.358575
51 63 0.661470
51 64 0.416481
51 65 0.815145
51 66 0.383073
51 67 0.861915
51 68 0.478842
51 69 0.599109
51 70 0.559020
51 71 0.685969
51 72 0.256125
51 73 0.169265
51 74 0.189310
51 75 0.193764
51 76 0.534521
51 77 0.924276
51 78 0.244989
51 79 0.483296
51 80 0.289532
51 81 0.861915
51 82 0.895323
51 83 0.579065
51 84 0.456570
51 85 0.126949
51 86 0.683742
51 87 0.545657
51 88 0.864143
51 89 0.766147
51 90 0.723831
51 91 0.768374
51 92 0.668151
51 93 0.489978
51 94 0.786192
51 95 0.639198
51 96 0.162584
51 97 0.572383
51 98 0.857461
51 99 0.403118
52 53 0.568259
52 54 0.662116
52 55 0.626280
52 56 0.409556
52 57 0.986348
52 58 0.080205
52 59 0.602389
52 60 0.779863
52 61 0.783276
52 62 0.479522
52 63 0.431741
52 64 0.639932
52 65 0.131399
52 66 0.800341
52 67 0.069966
52 68 0.418089
52 69 0.385666
52 70 0.378840
52 71 0.440273
52 72 0.726962
52 73 0.604096
52 74 0.868601
52 75 0.766212
52 76 0.322526
52 77 0.081911
52 78 0.605802
52 79 0.433447
52 80 0.846416
52 81 0.081911
52 82 0.155290
52 83 0.496587
52 84 0.750853
52 85 0.641638
52 86 0.401024
52 87 0.788396
52 88 0.385666
52 89 0.141638
52 90 0.226962
52 91 0.145051
52 92 0.822526
52 93 0.353242
52 94 0.148464
52 95 0.477816
52 96 0.851536
52 97 0.412969
52 98 0.119454
52 99 0.998294
53 54 0.500000
53 55 0.076046
53 56 0.798479
53 57 0.634981
53 58 0.714829
53 59 0.553232
53 60 0.557034
53 61 0.764259
53 62 0.300380
53 63 0.747148
53 64 0.735741
53 65 0.614068
53 66 0.809886
53 67 0.562738
53 68 0.247148
53 69 0.655894
53 70 0.612167
53 71 0.771863
53 72 0.349810
53 73 0.408745
53 74 0.661597
53 75 0.671103
53 76 0.382129
53 77 0.674905
53 78 0.313688
53 79 0.220532
53 80 0.762357
53 81 0.543726
53 82 0.707224
53 83 0.087452
53 84 0.830798
53 85 0.425856
53 86 0.739544
53 87 0.906844
53 88 0.302281
53 89 0.539924
53 90 0.615970
53 91 0.490494
53 92 0.998099
53 93 0.406844
53 94 0.595057
53 95 0.766160
53 96 0.636882
53 97 0.661597
53 98 0.648289
53 99 0.642586
54 55 0.716381
54 56 0.735941
54 57 0.520782
54 58 0.997555
54 59 0.151589
54 60 0.173594
54 61 0.342298
54 62 0.322738
54 63 0.630807
54 64 0.388753
54 65 0.799511
54 66 0.403423
54 67 0.853301
54 68 0.457213
54 69 0.557457
54 70 0.515892
54 71 0.657702
54 72 0.315403
54 73 0.119804
54 74 0.295844
54 75 0.217604
54 76 0.496333
54 77 0.916870
54 78 0.239609
54 79 0.466993
54 80 0.342298
54 81 0.855746
54 82 0.885086
54 83 0.594132
54 84 0.459658
54 85 0.097800
54 86 0.652812
54 87 0.559902
54 88 0.887531
54 89 0.745721
54 90 0.694377
54 91 0.753056
54 92 0.691932
54 93 0.444988
54 94 0.765281
54 95 0.608802
54 96 0.268949
54 97 0.530562
54 98 0.843521
54 99 0.540342
55 56 0.818828
55 57 0.605684
55 58 0.730018
55 59 0.579041
55 60 0.561279
55 61 0.770870
55 62 0.348135
55 63 0.770870
55 64 0.751332
55 65 0.641208
55 66 0.813499
55 67 0.589698
55 68 0.303730
55 69 0.685613
55 70 0.642984
55 71 0.793961
55 72 0.357016
55 73 0.438721
55 74 0.657194
55 75 0.678508
55 76 0.428064
55 77 0.696270
55 78 0.346359
55 79 0.278863
55 80 0.761989
55 81 0.568384
55 82 0.728242
55 83 0.152753
55 84 0.838366
55 85 0.449378
55 86 0.763766
55 87 0.911190
55 88 0.312611
55 89 0.571936
55 90 0.646536
55 91 0.523979
55 92 0.998224
55 93 0.451155
55 94 0.623446
55 95 0.788632
55 96 0.632327
55 97 0.690941
55 98 0.671403
55 99 0.611012
56 57 0.982792
56 58 0.424474
56 59 0.460803
56 60 0.701721
56 61 0.562141
56 62 0.537285
56 63 0.084130
56 64 0.369025
56 65 0.321224
56 66 0.556405
56 67 0.435946
56 68 0.554493
56 69 0.151052
56 70 0.196941
56 71 0.066922
56 72 0.774379
56 73 0.569790
56 74 0.762906
56 75 0.598470
56 76 0.420650
56 77 0.372849
56 78 0.640535
56 79 0.581262
56 80 0.659656
56 81 0.460803
56 82 0.294455
56 83 0.718929
56 84 0.468451
56 85 0.604207
56 86 0.066922
56 87 0.483748
56 88 0.760994
56 89 0.365201
56 90 0.231358
56 91 0.426386
56 92 0.491396
56 93 0.395793
56 94 0.313576
56 95 0.120459
56 96 0.753346
56 97 0.162524
56 98 0.325048
56 99 0.998088
57 58 0.998353
57 59 0.449753
57 60 0.243822
57 61 0.459638
57 62 0.489292
57 63 0.775947
57 64 0.578254
57 65 0.868204
57 66 0.497529
57 67 0.884679
57 68 0.560132
57 69 0.728171
57 70 0.696870
57 71 0.794069
57 72 0.261944
57 73 0.377265
57 74 0.228995
57 75 0.370675
57 76 0.639209
57 77 0.945634
57 78 0.367381
57 79 0.551895
57 80 0.383855
57 81 0.879736
57 82 0.934102
57 83 0.566722
57 84 0.576606
57 85 0.341021
57 86 0.790774
57 87 0.634267
57 88 0.797364
57 89 0.822076
57 90 0.808896
57 91 0.813839
57 92 0.723229
57 93 0.616145
57 94 0.845140
57 95 0.757825
57 96 0.222405
57 97 0.710049
57 98 0.899506
57 99 0.011532
58 59 0.599349
58 60 0.780130
58 61 0.758958
58 62 0.506515
58 63 0.394137
58 64 0.612378
58 65 0.133550
58 66 0.770358
58 67 0.128664
58 68 0.456026
58 69 0.363192
58 70 0.364821
58 71 0.399023
58 72 0.745928
58 73 0.615635
58 74 0.859935
58 75 0.752443
58 76 0.355049
58 77 0.053746
58 78 0.627036
58 79 0.472313
58 80 0.825733
58 81 0.148208
58 82 0.109121
58 83 0.542345
58 84 0.716612
58 85 0.651466
58 86 0.363192
58 87 0.747557
58 88 0.444625
58 89 0.172638
58 90 0.216612
58 91 0.195440
58 92 0.770358
58 93 0.376221
58 94 0.154723
58 95 0.438111
58 96 0.845277
58 97 0.390879
58 98 0.105863
58 99 0.998371
59 60 0.343324
59 61 0.329700
59 62 0.378747
59 63 0.536785
59 64 0.277929
59 65 0.779292
59 66 0.381471
59 67 0.863760
59 68 0.514986
59 69 0.465940
59 70 0.425068
59 71 0.566757
59 72 0.509537
59 73 0.228883
59 74 0.446866
59 75 0.258856
59 76 0.495913
59 77 0.910082
59 78 0.376022
59 79 0.536785
59 80 0.395095
59 81 0.871935
59 82 0.858311
59 83 0.713896
59 84 0.397820
59 85 0.245232
59 86 0.564033
59 87 0.506812
59 88 0.997275
59 89 0.735695
59 90 0.648501
59 91 0.760218
59 92 0.643052
59 93 0.427793
59 94 0.741144
59 95 0.509537
59 96 0.427793
59 97 0.433243
59 98 0.825613
59 99 0.765668
60 61 0.333333
60 62 0.425056
60 63 0.724832
60 64 0.458613
60 65 0.888143
60 66 0.391499
60 67 0.935123
60 68 0.543624
60 69 0.664430
60 70 0.626398
60 71 0.747204
60 72 0.270694
60 73 0.237136
60 74 0.129754
60 75 0.199105
60 76 0.604027
60 77 0.997763
60 78 0.297539
60 79 0.545861
60 80 0.272931
60 81 0.935123
60 82 0.968680
60 83 0.633110
60 84 0.478747
60 85 0.190157
60 86 0.747204
60 87 0.565996
60 88 0.923937
60 89 0.838926
60 90 0.796421
60 91 0.841163
60 92 0.689038
60 93 0.561521
60 94 0.859060
60 95 0.697987
60 96 0.100671
60 97 0.637584
60 98 0.930649
60 99 0.346756
61 62 0.528689
61 63 0.514344
61 64 0.204918
61 65 0.790984
61 66 0.051230
61 67 0.872951
61 68 0.635246
61 69 0.508197
61 70 0.495902
61 71 0.528689
61 72 0.534836
61 73 0.383197
61 74 0.286885
61 75 0.120902
61 76 0.614754
61 77 0.887295
61 78 0.489754
61 79 0.649590
61 80 0.110656
61 81 0.883197
61 82 0.831967
61 83 0.774590
61 84 0.145492
61 85 0.370902
61 86 0.549180
61 87 0.217213
61 88 0.997951
61 89 0.774590
61 90 0.682377
61 91 0.803279
61 92 0.327869
61 93 0.561475
61 94 0.766393
61 95 0.471311
61 96 0.295082
61 97 0.473361
61 98 0.821721
61 99 0.586066
62 63 0.669377
62 64 0.620596
62 65 0.639566
62 66 0.756098
62 67 0.650407
62 68 0.146341
62 69 0.547425
62 70 0.482385
62 71 0.704607
62 72 0.395664
62 73 0.230352
62 74 0.669377
62 75 0.590786
62 76 0.252033
62 77 0.761518
62 78 0.197832
62 79 0.159892
62 80 0.731707
62 81 0.642276
62 82 0.758808
62 83 0.336043
62 84 0.766938
62 85 0.281843
62 86 0.669377
62 87 0.872629
62 88 0.626016
62 89 0.555556
62 90 0.574526
62 91 0.533875
62 92 0.997290
62 93 0.230352
62 94 0.604336
62 95 0.685637
62 96 0.634146
62 97 0.542005
62 98 0.693767
62 99 0.821138
63 64 0.317328
63 65 0.369520
63 66 0.524008
63 67 0.488518
63 68 0.549061
63 69 0.100209
63 70 0.148225
63 71 0.027140
63 72 0.762004
63 73 0.536534
63 74 0.741127
63 75 0.563674
63 76 0.413361
63 77 0.442589
63 78 0.620042
63 79 0.578288
63 80 0.630480
63 81 0.513570
63 82 0.365344
63 83 0.730689
63 84 0.432150
63 85 0.572025
63 86 0.039666
63 87 0.457203
63 88 0.807933
63 89 0.400835
63 90 0.256785
63 91 0.461378
63 92 0.480167
63 93 0.375783
63 94 0.354906
63 95 0.056367
63 96 0.730689
63 97 0.098121
63 98 0.384134
63 99 0.997912
64 65 0.679545
64 66 0.225000
64 67 0.784091
64 68 0.618182
64 69 0.347727
64 70 0.347727
64 71 0.359091
64 72 0.654545
64 73 0.425000
64 74 0.500000
64 75 0.293182
64 76 0.545455
64 77 0.779545
64 78 0.545455
64 79 0.643182
64 80 0.345455
64 81 0.800000
64 82 0.711364
64 83 0.802273
64 84 0.147727
64 85 0.436364
64 86 0.384091
64 87 0.220455
64 88 0.997727
64 89 0.675000
64 90 0.552273
64 91 0.718182
64 92 0.315909
64 93 0.486364
64 94 0.654545
64 95 0.295455
64 96 0.495455
64 97 0.309091
64 98 0.709091
64 99 0.813636
65 66 0.737828
65 67 0.112360
65 68 0.395131
65 69 0.279026
65 70 0.273408
65 71 0.342697
65 72 0.715356
65 73 0.558052
65 74 0.835206
65 75 0.711610
65 76 0.267790
65 77 0.089888
65 78 0.576779
65 79 0.417603
65 80 0.797753
65 81 0.138577
65 82 0.091760
65 83 0.518727
65 84 0.681648
65 85 0.599251
65 86 0.297753
65 87 0.720974
65 88 0.470037
65 89 0.073034
65 90 0.104869
65 91 0.131086
65 92 0.758427
65 93 0.284644
65 94 0.024345
65 95 0.380150
65 96 0.816479
65 97 0.308989
65 98 0.037453
65 99 0.998127
66 67 0.861933
66 68 0.650888
66 69 0.497041
66 70 0.491124
66 71 0.504931
66 72 0.566075
66 73 0.416174
66 74 0.321499
66 75 0.167653
66 76 0.623274
66 77 0.867850
66 78 0.518738
66 79 0.666667
66 80 0.140039
66 81 0.873767
66 82 0.812623
66 83 0.790927
66 84 0.106509
66 85 0.404339
66 86 0.528600
66 87 0.163708
66 88 0.998028
66 89 0.767258
66 90 0.670611
66 91 0.796844
66 92 0.270217
66 93 0.571992
66 94 0.753452
66 95 0.449704
66 96 0.329389
66 97 0.463511
66 98 0.804734
66 99 0.609467
67 68 0.374312
67 69 0.368807
67 70 0.355963
67 71 0.442202
67 72 0.706422
67 73 0.576147
67 74 0.862385
67 75 0.757798
67 76 0.273394
67 77 0.115596
67 78 0.576147
67 79 0.390826
67 80 0.845872
67 81 0.027523
67 82 0.176147
67 83 0.464220
67 84 0.752294
67 85 0.616514
67 86 0.398165
67 87 0.798165
67 88 0.368807
67 89 0.088073
67 90 0.203670
67 91 0.078899
67 92 0.840367
67 93 0.306422
67 94 0.117431
67 95 0.477064
67 96 0.844037
67 97 0.398165
67 98 0.119266
67 99 0.998165
68 69 0.519417
68 70 0.463592
68 71 0.667476
68 72 0.444175
68 73 0.337379
68 74 0.728155
68 75 0.660194
68 76 0.177184
68 77 0.614078
68 78 0.283981
68 79 0.033981
68 80 0.786408
68 81 0.480583
68 82 0.631068
68 83 0.213592
68 84 0.800971
68 85 0.383495
68 86 0.626214
68 87 0.890777
68 88 0.429612
68 89 0.427184
68 90 0.485437
68 91 0.388350
68 92 0.997573
68 93 0.201456
68 94 0.485437
68 95 0.662621
68 96 0.699029
68 97 0.526699
68 98 0.560680
68 99 0.839806
69 70 0.053333
69 71 0.135556
69 72 0.724444
69 73 0.491111
69 74 0.744444
69 75 0.566667
69 76 0.331111
69 77 0.424444
69 78 0.568889
69 79 0.506667
69 80 0.653333
69 81 0.468889
69 82 0.355556
69 83 0.671111
69 84 0.480000
69 85 0.531111
69 86 0.100000
69 87 0.524444
69 88 0.757778
69 89 0.344444
69 90 0.204444
69 91 0.404444
69 92 0.571111
69 93 0.293333
69 94 0.308889
69 95 0.144444
69 96 0.728889
69 97 0.037778
69 98 0.355556
69 99 0.997778
70 71 0.194444
70 72 0.703704
70 73 0.460648
70 74 0.743056
70 75 0.564815
70 76 0.293981
70 77 0.442130
70 78 0.539352
70 79 0.474537
70 80 0.662037
70 81 0.467593
70 82 0.379630
70 83 0.643519
70 84 0.504630
70 85 0.506944
70 86 0.159722
70 87 0.557870
70 88 0.745370
70 89 0.337963
70 90 0.208333
70 91 0.393519
70 92 0.615741
70 93 0.250000
70 94 0.312500
70 95 0.196759
70 96 0.724537
70 97 0.067130
70 98 0.368056
70 99 0.997685
71 72 0.771429
71 73 0.551020
71 74 0.744898
71 75 0.567347
71 76 0.428571
71 77 0.440816
71 78 0.632653
71 79 0.589796
71 80 0.630612
71 81 0.516327
71 82 0.363265
71 83 0.740816
71 84 0.430612
71 85 0.583673
71 86 0.046939
71 87 0.448980
71 88 0.812245
71 89 0.408163
71 90 0.265306
71 91 0.469388
71 92 0.465306
71 93 0.393878
71 94 0.361224
71 95 0.057143
71 96 0.734694
71 97 0.122449
71 98 0.383673
71 99 0.997959
72 73 0.251748
72 74 0.398601
72 75 0.473193
72 76 0.557110
72 77 0.997669
72 78 0.172494
72 79 0.412587
72 80 0.564103
72 81 0.888112
72 82 0.993007
72 83 0.435897
72 84 0.738928
72 85 0.223776
72 86 0.862471
72 87 0.834499
72 88 0.759907
72 89 0.818182
72 90 0.827506
72 91 0.794872
72 92 0.960373
72 93 0.538462
72 94 0.860140
72 95 0.843823
72 96 0.365967
72 97 0.745921
72 98 0.937063
72 99 0.384615
73 74 0.466859
73 75 0.400576
73 76 0.475504
73 77 0.997118
73 78 0.155620
73 79 0.409222
73 80 0.547550
73 81 0.902017
73 82 0.971182
73 83 0.556196
73 84 0.654179
73 85 0.063401
73 86 0.757925
73 87 0.772334
73 88 0.904899
73 89 0.783862
73 90 0.752161
73 91 0.780980
73 92 0.922190
73 93 0.423631
73 94 0.818444
73 95 0.731988
73 96 0.432277
73 97 0.613833
73 98 0.913545
73 99 0.680115
74 75 0.183468
74 76 0.653226
74 77 0.997984
74 78 0.385081
74 79 0.608871
74 80 0.191532
74 81 0.949597
74 82 0.965726
74 83 0.685484
74 84 0.427419
74 85 0.286290
74 86 0.741935
74 87 0.495968
74 88 0.949597
74 89 0.858871
74 90 0.808468
74 91 0.864919
74 92 0.604839
74 93 0.610887
74 94 0.872984
74 95 0.685484
74 96 0.026210
74 97 0.647177
74 98 0.935484
74 99 0.294355
75 76 0.611973
75 77 0.949002
75 78 0.414634
75 79 0.616408
75 80 0.113082
75 81 0.922395
75 82 0.902439
75 83 0.738359
75 84 0.279379
75 85 0.283814
75 86 0.629712
75 87 0.361419
75 88 0.997783
75 89 0.811530
75 90 0.731707
75 91 0.831486
75 92 0.483370
75 93 0.556541
75 94 0.813747
75 95 0.560976
75 96 0.199557
75 97 0.532151
75 98 0.880266
75 99 0.516630
76 77 0.474747
76 78 0.419192
76 79 0.219697
76 80 0.825758
76 81 0.373737
76 82 0.477273
76 83 0.391414
76 84 0.767677
76 85 0.472222
76 86 0.482323
76 87 0.851010
76 88 0.507576
76 89 0.280303
76 90 0.318182
76 91 0.267677
76 92 0.944444
76 93 0.065657
76 94 0.328283
76 95 0.535354
76 96 0.790404
76 97 0.393939
76 98 0.411616
76 99 0.997475
77 78 0.609966
77 79 0.453608
77 80 0.812715
77 81 0.132302
77 82 0.072165
77 83 0.534364
77 84 0.699313
77 85 0.632302
77 86 0.333333
77 87 0.733677
77 88 0.453608
77 89 0.132302
77 90 0.171821
77 91 0.166667
77 92 0.761168
77 93 0.341924
77 94 0.106529
77 95 0.410653
77 96 0.833333
77 97 0.357388
77 98 0.053265
77 99 0.998282
78 79 0.306667
78 80 0.629333
78 81 0.826667
78 82 0.938667
78 83 0.400000
78 84 0.749333
78 85 0.154667
78 86 0.800000
78 87 0.858667
78 88 0.749333
78 89 0.741333
78 90 0.749333
78 91 0.720000
78 92 0.997333
78 93 0.416000
78 94 0.786667
78 95 0.792000
78 96 0.472000
78 97 0.669333
78 98 0.874667
78 99 0.613333
79 80 0.777778
79 81 0.489362
79 82 0.643026
79 83 0.174941
79 84 0.803783
79 85 0.378251
79 86 0.643026
79 87 0.891253
79 88 0.406619
79 89 0.442080
79 90 0.505910
79 91 0.401891
79 92 0.997636
79 93 0.229314
79 94 0.501182
79 95 0.678487
79 96 0.683215
79 97 0.546099
79 98 0.574468
79 99 0.806147
80 81 0.924453
80 82 0.894632
80 83 0.761431
80 84 0.246521
80 85 0.353877
80 86 0.632207
80 87 0.306163
80 88 0.998012
80 89 0.823062
80 90 0.743539
80 91 0.842942
80 92 0.409543
80 93 0.600398
80 94 0.821074
80 95 0.560636
80 96 0.202783
80 97 0.552684
80 98 0.878728
80 99 0.477137
81 82 0.204797
81 83 0.448339
81 84 0.771218
81 85 0.618081
81 86 0.422509
81 87 0.819188
81 88 0.343173
81 89 0.103321
81 90 0.226937
81 91 0.075646
81 92 0.863469
81 93 0.308118
81 94 0.142066
81 95 0.500000
81 96 0.848708
81 97 0.418819
81 98 0.147601
81 99 0.998155
82 83 0.568696
82 84 0.653913
82 85 0.624348
82 86 0.271304
82 87 0.683478
82 88 0.513043
82 89 0.153043
82 90 0.133913
82 91 0.205217
82 92 0.706087
82 93 0.339130
82 94 0.104348
82 95 0.351304
82 96 0.817391
82 97 0.307826
82 98 0.057391
82 99 0.998261
83 84 0.825911
83 85 0.417004
83 86 0.698381
83 87 0.904858
83 88 0.281377
83 89 0.481781
83 90 0.562753
83 91 0.433198
83 92 0.997976
83 93 0.344130
83 94 0.540486
83 95 0.730769
83 96 0.661943
83 97 0.617409
83 98 0.597166
83 99 0.706478
84 85 0.452191
84 86 0.448207
84 87 0.081673
84 88 0.998008
84 89 0.723108
84 90 0.613546
84 91 0.760956
84 92 0.189243
84 93 0.551793
84 94 0.703187
84 95 0.362550
84 96 0.426295
84 97 0.396414
84 98 0.749004
84 99 0.711155
85 86 0.826471
85 87 0.788235
85 88 0.973529
85 89 0.867647
85 90 0.832353
85 91 0.861765
85 92 0.944118
85 93 0.497059
85 94 0.900000
85 95 0.791176
85 96 0.379412
85 97 0.679412
85 98 0.997059
85 99 0.632353
86 87 0.486708
86 88 0.768916
86 89 0.359918
86 90 0.216769
86 91 0.421268
86 92 0.509202
86 93 0.357873
86 94 0.312883
86 95 0.094070
86 96 0.740286
86 97 0.102249
86 98 0.337423
86 99 0.997955
87 88 0.998138
87 89 0.722533
87 90 0.612663
87 91 0.761639
87 92 0.102421
87 93 0.579143
87 94 0.698324
87 95 0.359404
87 96 0.465549
87 97 0.407821
87 98 0.737430
87 99 0.729981
88 89 0.373264
88 90 0.484375
88 91 0.315972
88 92 0.998264
88 93 0.392361
88 94 0.428819
88 95 0.704861
88 96 0.795139
88 97 0.609375
88 98 0.456597
88 99 0.848958
89 90 0.138067
89 91 0.065089
89 92 0.812623
89 93 0.246548
89 94 0.063116
89 95 0.426036
89 96 0.820513
89 97 0.337278
89 98 0.112426
89 99 0.998028
90 91 0.202405
90 92 0.699399
90 93 0.252505
90 94 0.094188
90 95 0.296593
90 96 0.787575
90 97 0.218437
90 98 0.136273
90 99 0.997996
91 92 0.870259
91 93 0.251497
91 94 0.129741
91 95 0.487026
91 96 0.834331
91 97 0.391218
91 98 0.169661
91 99 0.998004
92 93 0.778523
92 94 0.885906
92 95 0.454139
92 96 0.680089
92 97 0.539150
92 98 0.923937
92 99 0.997763
93 94 0.363874
93 95 0.502618
93 96 0.764398
93 97 0.356021
93 98 0.450262
93 99 0.997382
94 95 0.376200
94 96 0.811900
94 97 0.297505
94 98 0.063340
94 99 0.998081
95 96 0.716418
95 97 0.119403
95 98 0.447761
95 99 0.997868
96 97 0.690789
96 98 0.997807
96 99 0.313596
97 98 0.403189
97 99 0.997722
98 99 0.998195
