100 4950
0 1 0.267327
0 2 0.574257
0 3 0.762376
0 4 0.551980
0 5 0.502475
0 6 0.940594
0 7 0.220297
0 8 0.569307
0 9 0.487624
0 10 0.601485
0 11 0.646040
0 12 0.311881
0 13 0.326733
0 14 0.544554
0 15 0.868812
0 16 0.549505
0 17 0.727723
0 18 0.839109
0 19 0.678218
0 20 0.485149
0 21 0.618812
0 22 0.326733
0 23 0.611386
0 24 0.438119
0 25 0.782178
0 26 0.495050
0 27 0.547030
0 28 0.762376
0 29 0.512376
0 30 0.339109
0 31 0.222772
0 32 0.118812
0 33 0.650990
0 34 0.839109
0 35 0.519802
0 36 0.705446
0 37 0.920792
0 38 0.675743
0 39 0.341584
0 40 0.777228
0 41 0.596535
0 42 0.502475
0 43 0.720297
0 44 0.821782
0 45 0.537129
0 46 0.423267
0 47 0.170792
0 48 0.425743
0 49 0.086634
0 50 0.438119
0 51 0.415842
0 52 0.757426
0 53 0.403465
0 54 0.863861
0 55 0.188119
0 56 0.987624
0 57 0.284653
0 58 0.722772
0 59 0.121287
0 60 0.349010
0 61 0.193069
0 62 0.487624
0 63 0.301980
0 64 0.787129
0 65 0.235149
0 66 0.589109
0 67 0.589109
0 68 0.616337
0 69 0.274752
0 70 0.863861
0 71 0.611386
0 72 0.329208
0 73 0.816832
0 74 0.759901
0 75 0.633663
0 76 0.547030
0 77 0.574257
0 78 0.220297
0 79 0.289604
0 80 0.809406
0 81 0.532178
0 82 0.178218
0 83 0.871287
0 84 0.571782
0 85 0.564356
0 86 0.581683
0 87 0.797030
0 88 0.452970
0 89 0.487624
0 90 0.410891
0 91 0.331683
0 92 0.410891
0 93 0.443069
0 94 0.227723
0 95 0.972772
0 96 0.532178
0 97 0.326733
0 98 0.650990
0 99 0.997525
1 2 0.474012
1 3 0.844075
1 4 0.453222
1 5 0.594595
1 6 0.792100
1 7 0.330561
1 8 0.403326
1 9 0.613306
1 10 0.683992
1 11 0.511435
1 12 0.392931
1 13 0.139293
1 14 0.673597
1 15 0.885655
1 16 0.669439
1 17 0.783784
1 18 0.812890
1 19 0.721414
1 20 0.189189
1 21 0.397089
1 22 0.230769
1 23 0.740125
1 24 0.390852
1 25 0.802495
1 26 0.478170
1 27 0.232848
1 28 0.810811
1 29 0.656965
1 30 0.388773
1 31 0.189189
1 32 0.324324
1 33 0.771310
1 34 0.877339
1 35 0.228690
1 36 0.750520
1 37 0.977131
1 38 0.748441
1 39 0.178794
1 40 0.573805
1 41 0.665281
1 42 0.224532
1 43 0.794179
1 44 0.860707
1 45 0.251559
1 46 0.505198
1 47 0.122661
1 48 0.357588
1 49 0.278586
1 50 0.519751
1 51 0.575884
1 52 0.584200
1 53 0.114345
1 54 0.883576
1 55 0.349272
1 56 0.798337
1 57 0.442827
1 58 0.827443
1 59 0.245322
1 60 0.505198
1 61 0.162162
1 62 0.532225
1 63 0.465696
1 64 0.725572
1 65 0.297297
1 66 0.584200
1 67 0.590437
1 68 0.372141
1 69 0.324324
1 70 0.873181
1 71 0.399168
1 72 0.072765
1 73 0.765073
1 74 0.827443
1 75 0.715177
1 76 0.295218
1 77 0.444906
1 78 0.251559
1 79 0.378378
1 80 0.754678
1 81 0.457380
1 82 0.288981
1 83 0.864865
1 84 0.675676
1 85 0.694387
1 86 0.675676
1 87 0.871102
1 88 0.365904
1 89 0.569647
1 90 0.488565
1 91 0.072765
1 92 0.218295
1 93 0.164241
1 94 0.347193
1 95 0.997921
1 96 0.494802
1 97 0.363825
1 98 0.640333
1 99 0.796258
2 3 0.651072
2 4 0.019493
2 5 0.830409
2 6 0.300195
2 7 0.319688
2 8 0.134503
2 9 0.779727
2 10 0.473684
2 11 0.068226
2 12 0.280702
2 13 0.319688
2 14 0.791423
2 15 0.549708
2 16 0.561404
2 17 0.998051
2 18 0.401559
2 19 0.423002
2 20 0.442495
2 21 0.230019
2 22 0.228070
2 23 0.721248
2 24 0.109162
2 25 0.467836
2 26 0.138402
2 27 0.516569
2 28 0.524366
2 29 0.672515
2 30 0.717349
2 31 0.292398
2 32 0.499025
2 33 0.808967
2 34 0.582846
2 35 0.612086
2 36 0.461988
2 37 0.762183
2 38 0.949318
2 39 0.610136
2 40 0.208577
2 41 0.904483
2 42 0.384016
2 43 0.571150
2 44 0.567251
2 45 0.395712
2 46 0.321637
2 47 0.368421
2 48 0.116959
2 49 0.417154
2 50 0.325536
2 51 0.645224
2 52 0.159844
2 53 0.479532
2 54 0.547758
2 55 0.588694
2 56 0.325536
2 57 0.643275
2 58 0.744639
2 59 0.543860
2 60 0.672515
2 61 0.545809
2 62 0.269006
2 63 0.641326
2 64 0.272904
2 65 0.274854
2 66 0.218324
2 67 0.233918
2 68 0.282651
2 69 0.662768
2 70 0.520468
2 71 0.214425
2 72 0.403509
2 73 0.321637
2 74 0.596491
2 75 0.916179
2 76 0.313840
2 77 0.058480
2 78 0.276803
2 79 0.680312
2 80 0.304094
2 81 0.042885
2 82 0.592593
2 83 0.489279
2 84 0.851852
2 85 0.647173
2 86 0.873294
2 87 0.668616
2 88 0.101365
2 89 0.362573
2 90 0.304094
2 91 0.506823
2 92 0.269006
2 93 0.403509
2 94 0.631579
2 95 0.697856
2 96 0.113060
2 97 0.222222
2 98 0.253411
2 99 0.333333
3 4 0.649225
3 5 0.660853
3 6 0.744186
3 7 0.482558
3 8 0.759690
3 9 0.540698
3 10 0.176357
3 11 0.709302
3 12 0.445736
3 13 0.755814
3 14 0.480620
3 15 0.251938
3 16 0.170543
3 17 0.732558
3 18 0.416667
3 19 0.251938
3 20 0.916667
3 21 0.850775
3 22 0.672481
3 23 0.267442
3 24 0.581395
3 25 0.271318
3 26 0.511628
3 27 0.984496
3 28 0.178295
3 29 0.310078
3 30 0.740310
3 31 0.639535
3 32 0.529070
3 33 0.375969
3 34 0.176357
3 35 0.998062
3 36 0.218992
3 37 0.125969
3 38 0.682171
3 39 0.864341
3 40 0.850775
3 41 0.709302
3 42 0.897287
3 43 0.085271
3 44 0.176357
3 45 0.920543
3 46 0.348837
3 47 0.674419
3 48 0.618217
3 49 0.532946
3 50 0.341085
3 51 0.381783
3 52 0.786822
3 53 0.885659
3 54 0.251938
3 55 0.591085
3 56 0.848837
3 57 0.548450
3 58 0.182171
3 59 0.655039
3 60 0.511628
3 61 0.744186
3 62 0.381783
3 63 0.517442
3 64 0.527132
3 65 0.531008
3 66 0.443798
3 67 0.426357
3 68 0.887597
3 69 0.730620
3 70 0.284884
3 71 0.837209
3 72 0.806202
3 73 0.496124
3 74 0.077519
3 75 0.658915
3 76 0.879845
3 77 0.699612
3 78 0.575581
3 79 0.684109
3 80 0.509690
3 81 0.608527
3 82 0.664729
3 83 0.337209
3 84 0.587209
3 85 0.220930
3 86 0.631783
3 87 0.025194
3 88 0.643411
3 89 0.294574
3 90 0.370155
3 91 0.848837
3 92 0.773256
3 93 0.874031
3 94 0.647287
3 95 0.209302
3 96 0.534884
3 97 0.503876
3 98 0.434109
3 99 0.872093
4 5 0.828063
4 6 0.324111
4 7 0.312253
4 8 0.124506
4 9 0.778656
4 10 0.482213
4 11 0.079051
4 12 0.276680
4 13 0.304348
4 14 0.792490
4 15 0.567194
4 16 0.567194
4 17 0.998024
4 18 0.420949
4 19 0.434783
4 20 0.430830
4 21 0.221344
4 22 0.211462
4 23 0.725296
4 24 0.098814
4 25 0.482213
4 26 0.140316
4 27 0.505929
4 28 0.539526
4 29 0.675889
4 30 0.711462
4 31 0.278656
4 32 0.492095
4 33 0.812253
4 34 0.596838
4 35 0.602767
4 36 0.474308
4 37 0.776680
4 38 0.948617
4 39 0.598814
4 40 0.215415
4 41 0.903162
4 42 0.371542
4 43 0.583004
4 44 0.583004
4 45 0.383399
4 46 0.322134
4 47 0.353755
4 48 0.100791
4 49 0.407115
4 50 0.328063
4 51 0.644269
4 52 0.171937
4 53 0.466403
4 54 0.565217
4 55 0.583004
4 56 0.345850
4 57 0.638340
4 58 0.752964
4 59 0.535573
4 60 0.669960
4 61 0.533597
4 62 0.272727
4 63 0.636364
4 64 0.292490
4 65 0.264822
4 66 0.229249
4 67 0.245059
4 68 0.272727
4 69 0.656126
4 70 0.539526
4 71 0.205534
4 72 0.389328
4 73 0.341897
4 74 0.608696
4 75 0.915020
4 76 0.302372
4 77 0.051383
4 78 0.264822
4 79 0.671937
4 80 0.326087
4 81 0.041502
4 82 0.584980
4 83 0.507905
4 84 0.851779
4 85 0.652174
4 86 0.873518
4 87 0.679842
4 88 0.083004
4 89 0.367589
4 90 0.304348
4 91 0.494071
4 92 0.252964
4 93 0.391304
4 94 0.622530
4 95 0.715415
4 96 0.120553
4 97 0.215415
4 98 0.266798
4 99 0.353755
5 6 0.941472
5 7 0.439799
5 8 0.724080
5 9 0.107023
5 10 0.548495
5 11 0.765886
5 12 0.486622
5 13 0.553512
5 14 0.173913
5 15 0.739130
5 16 0.443144
5 17 0.152174
5 18 0.792642
5 19 0.640468
5 20 0.628763
5 21 0.757525
5 22 0.560201
5 23 0.352843
5 24 0.617057
5 25 0.707358
5 26 0.632107
5 27 0.648829
5 28 0.657191
5 29 0.302676
5 30 0.187291
5 31 0.491639
5 32 0.282609
5 33 0.295987
5 34 0.692308
5 35 0.580268
5 36 0.642140
5 37 0.650502
5 38 0.123746
5 39 0.416388
5 40 0.864548
5 41 0.063545
5 42 0.658863
5 43 0.588629
5 44 0.683946
5 45 0.680602
5 46 0.515050
5 47 0.451505
5 48 0.617057
5 49 0.356187
5 50 0.521739
5 51 0.245819
5 52 0.844482
5 53 0.555184
5 54 0.737458
5 55 0.212375
5 56 0.988294
5 57 0.160535
5 58 0.449833
5 59 0.284281
5 60 0.148829
5 61 0.351171
5 62 0.578595
5 63 0.167224
5 64 0.801003
5 65 0.474916
5 66 0.663880
5 67 0.658863
5 68 0.754181
5 69 0.229097
5 70 0.752508
5 71 0.754181
5 72 0.533445
5 73 0.807692
5 74 0.608696
5 75 0.100334
5 76 0.702341
5 77 0.722408
5 78 0.479933
5 79 0.175585
5 80 0.807692
5 81 0.678930
5 82 0.245819
5 83 0.775920
5 84 0.100334
5 85 0.379599
5 86 0.076923
5 87 0.591973
5 88 0.638796
5 89 0.531773
5 90 0.518395
5 91 0.488294
5 92 0.615385
5 93 0.610368
5 94 0.197324
5 95 0.750836
5 96 0.660535
5 97 0.525084
5 98 0.697324
5 99 0.998328
6 7 0.468944
6 8 0.307453
6 9 0.819876
6 10 0.475155
6 11 0.214286
6 12 0.422360
6 13 0.490683
6 14 0.816770
6 15 0.437888
6 16 0.577640
6 17 0.998447
6 18 0.281056
6 19 0.394410
6 20 0.572981
6 21 0.360248
6 22 0.422360
6 23 0.720497
6 24 0.315217
6 25 0.388199
6 26 0.287267
6 27 0.628882
6 28 0.459627
6 29 0.698758
6 30 0.804348
6 31 0.472050
6 32 0.618012
6 33 0.802795
6 34 0.487578
6 35 0.717391
6 36 0.419255
6 37 0.659938
6 38 0.958075
6 39 0.726708
6 40 0.234472
6 41 0.933230
6 42 0.520186
6 43 0.526398
6 44 0.479814
6 45 0.524845
6 46 0.411491
6 47 0.532609
6 48 0.332298
6 49 0.554348
6 50 0.408385
6 51 0.695652
6 52 0.184783
6 53 0.614907
6 54 0.436335
6 55 0.692547
6 56 0.093168
6 57 0.725155
6 58 0.709627
6 59 0.666149
6 60 0.740683
6 61 0.673913
6 62 0.350932
6 63 0.718944
6 64 0.172360
6 65 0.442547
6 66 0.271739
6 67 0.281056
6 68 0.405280
6 69 0.762422
6 70 0.406832
6 71 0.349379
6 72 0.555901
6 73 0.203416
6 74 0.537267
6 75 0.931677
6 76 0.453416
6 77 0.262422
6 78 0.451863
6 79 0.770186
6 80 0.189441
6 81 0.257764
6 82 0.703416
6 83 0.364907
6 84 0.877329
6 85 0.658385
6 86 0.899068
6 87 0.600932
6 88 0.319876
6 89 0.419255
6 90 0.403727
6 91 0.641304
6 92 0.444099
6 93 0.546584
6 94 0.729814
6 95 0.562112
6 96 0.260870
6 97 0.389752
6 98 0.257764
6 99 0.114907
7 8 0.534483
7 9 0.678161
7 10 0.488506
7 11 0.568966
7 12 0.106322
7 13 0.405172
7 14 0.704023
7 15 0.772989
7 16 0.494253
7 17 0.997126
7 18 0.718391
7 19 0.548851
7 20 0.643678
7 21 0.635057
7 22 0.304598
7 23 0.660920
7 24 0.310345
7 25 0.666667
7 26 0.336207
7 27 0.741379
7 28 0.663793
7 29 0.566092
7 30 0.635057
7 31 0.229885
7 32 0.272989
7 33 0.758621
7 34 0.755747
7 35 0.775862
7 36 0.586207
7 37 0.902299
7 38 0.925287
7 39 0.626437
7 40 0.755747
7 41 0.864943
7 42 0.620690
7 43 0.640805
7 44 0.732759
7 45 0.658046
7 46 0.247126
7 47 0.287356
7 48 0.321839
7 49 0.163793
7 50 0.267241
7 51 0.497126
7 52 0.704023
7 53 0.597701
7 54 0.770115
7 55 0.413793
7 56 0.942529
7 57 0.477011
7 58 0.744253
7 59 0.393678
7 60 0.520115
7 61 0.465517
7 62 0.310345
7 63 0.471264
7 64 0.660920
7 65 0.086207
7 66 0.428161
7 67 0.428161
7 68 0.663793
7 69 0.566092
7 70 0.761494
7 71 0.620690
7 72 0.479885
7 73 0.692529
7 74 0.686782
7 75 0.876437
7 76 0.620690
7 77 0.500000
7 78 0.140805
7 79 0.563218
7 80 0.686782
7 81 0.413793
7 82 0.454023
7 83 0.764368
7 84 0.784483
7 85 0.568966
7 86 0.816092
7 87 0.752874
7 88 0.362069
7 89 0.330460
7 90 0.227011
7 91 0.557471
7 92 0.451149
7 93 0.580460
7 94 0.488506
7 95 0.919540
7 96 0.382184
7 97 0.146552
7 98 0.500000
7 99 0.959770
8 9 0.795802
8 10 0.574427
8 11 0.118321
8 12 0.341603
8 13 0.240458
8 14 0.820611
8 15 0.667939
8 16 0.643130
8 17 0.998092
8 18 0.524809
8 19 0.538168
8 20 0.324427
8 21 0.093511
8 22 0.188931
8 23 0.782443
8 24 0.175573
8 25 0.585878
8 26 0.248092
8 27 0.395038
8 28 0.637405
8 29 0.727099
8 30 0.687023
8 31 0.267176
8 32 0.507634
8 33 0.856870
8 34 0.694656
8 35 0.503817
8 36 0.574427
8 37 0.862595
8 38 0.954198
8 39 0.536260
8 40 0.162214
8 41 0.898855
8 42 0.261450
8 43 0.673664
8 44 0.681298
8 45 0.267176
8 46 0.408397
8 47 0.326336
8 48 0.146947
8 49 0.423664
8 50 0.416031
8 51 0.685115
8 52 0.166031
8 53 0.379771
8 54 0.666031
8 55 0.583969
8 56 0.364504
8 57 0.648855
8 58 0.820611
8 59 0.519084
8 60 0.688931
8 61 0.496183
8 62 0.372137
8 63 0.654580
8 64 0.395038
8 65 0.299618
8 66 0.339695
8 67 0.356870
8 68 0.143130
8 69 0.629771
8 70 0.641221
8 71 0.078244
8 72 0.314885
8 73 0.444656
8 74 0.700382
8 75 0.921756
8 76 0.183206
8 77 0.072519
8 78 0.280534
8 79 0.658397
8 80 0.429389
8 81 0.156489
8 82 0.568702
8 83 0.610687
8 84 0.864504
8 85 0.715649
8 86 0.881679
8 87 0.765267
8 88 0.120229
8 89 0.458015
8 90 0.389313
8 91 0.421756
8 92 0.171756
8 93 0.293893
8 94 0.612595
8 95 0.809160
8 96 0.232824
8 97 0.276718
8 98 0.377863
8 99 0.362595
9 10 0.479789
9 11 0.762742
9 12 0.453427
9 13 0.579965
9 14 0.073814
9 15 0.676626
9 16 0.362039
9 17 0.202109
9 18 0.745167
9 19 0.579965
9 20 0.680141
9 21 0.780316
9 22 0.567663
9 23 0.258348
9 24 0.604569
9 25 0.646749
9 26 0.606327
9 27 0.711775
9 28 0.588752
9 29 0.209139
9 30 0.265378
9 31 0.497364
9 32 0.268893
9 33 0.202109
9 34 0.623902
9 35 0.653779
9 36 0.578207
9 37 0.571178
9 38 0.156415
9 39 0.485062
9 40 0.875220
9 41 0.152900
9 42 0.701230
9 43 0.513181
9 44 0.615114
9 45 0.724077
9 46 0.467487
9 47 0.469244
9 48 0.609842
9 49 0.342707
9 50 0.472759
9 51 0.156415
9 52 0.845343
9 53 0.609842
9 54 0.674868
9 55 0.223199
9 56 0.985940
9 57 0.145870
9 58 0.360281
9 59 0.312830
9 60 0.098418
9 61 0.397188
9 62 0.536028
9 63 0.131810
9 64 0.768014
9 65 0.460457
9 66 0.627417
9 67 0.618629
9 68 0.783831
9 69 0.291740
9 70 0.690685
9 71 0.775044
9 72 0.572935
9 73 0.769772
9 74 0.532513
9 75 0.126538
9 76 0.736380
9 77 0.720562
9 78 0.474517
9 79 0.231986
9 80 0.771529
9 81 0.666081
9 82 0.281195
9 83 0.720562
9 84 0.063269
9 85 0.289982
9 86 0.091388
9 87 0.511424
9 88 0.634446
9 89 0.476274
9 90 0.472759
9 91 0.543058
9 92 0.637961
9 93 0.653779
9 94 0.233743
9 95 0.680141
9 96 0.636204
9 97 0.502636
9 98 0.657293
9 99 0.998243
10 11 0.625850
10 12 0.328798
10 13 0.693878
10 14 0.573696
10 15 0.263039
10 16 0.165533
10 17 0.870748
10 18 0.356009
10 19 0.136054
10 20 0.884354
10 21 0.789116
10 22 0.589569
10 23 0.374150
10 24 0.473923
10 25 0.215420
10 26 0.392290
10 27 0.965986
10 28 0.154195
10 29 0.371882
10 30 0.773243
10 31 0.560091
10 32 0.494331
10 33 0.503401
10 34 0.217687
10 35 0.997732
10 36 0.126984
10 37 0.344671
10 38 0.809524
10 39 0.863946
10 40 0.791383
10 41 0.814059
10 42 0.854875
10 43 0.122449
10 44 0.204082
10 45 0.882086
10 46 0.208617
10 47 0.612245
10 48 0.517007
10 49 0.469388
10 50 0.195011
10 51 0.414966
10 52 0.716553
10 53 0.859410
10 54 0.260771
10 55 0.587302
10 56 0.807256
10 57 0.566893
10 58 0.342404
10 59 0.634921
10 60 0.546485
10 61 0.727891
10 62 0.240363
10 63 0.537415
10 64 0.444444
10 65 0.433107
10 66 0.319728
10 67 0.299320
10 68 0.832200
10 69 0.746032
10 70 0.274376
10 71 0.773243
10 72 0.761905
10 73 0.421769
10 74 0.158730
10 75 0.777778
10 76 0.827664
10 77 0.612245
10 78 0.485261
10 79 0.709751
10 80 0.433107
10 81 0.505669
10 82 0.659864
10 83 0.310658
10 84 0.689342
10 85 0.285714
10 86 0.736961
10 87 0.226757
10 88 0.546485
10 89 0.140590
10 90 0.231293
10 91 0.825397
10 92 0.707483
10 93 0.834467
10 94 0.655329
10 95 0.340136
10 96 0.419501
10 97 0.390023
10 98 0.319728
10 99 0.834467
11 12 0.327839
11 13 0.327839
11 14 0.807692
11 15 0.560440
11 16 0.591575
11 17 0.998168
11 18 0.408425
11 19 0.450549
11 20 0.424908
11 21 0.192308
11 22 0.254579
11 23 0.741758
11 24 0.164835
11 25 0.485348
11 26 0.192308
11 27 0.492674
11 28 0.543956
11 29 0.697802
11 30 0.727106
11 31 0.322344
11 32 0.529304
11 33 0.824176
11 34 0.597070
11 35 0.593407
11 36 0.485348
11 37 0.772894
11 38 0.954212
11 39 0.609890
11 40 0.133700
11 41 0.910256
11 42 0.364469
11 43 0.593407
11 44 0.582418
11 45 0.371795
11 46 0.366300
11 47 0.390110
11 48 0.164835
11 49 0.450549
11 50 0.369963
11 51 0.670330
11 52 0.086081
11 53 0.472527
11 54 0.558608
11 55 0.611722
11 56 0.256410
11 57 0.664835
11 58 0.761905
11 59 0.564103
11 60 0.694139
11 61 0.556777
11 62 0.313187
11 63 0.663004
11 64 0.274725
11 65 0.318681
11 66 0.256410
11 67 0.272894
11 68 0.243590
11 69 0.673993
11 70 0.531136
11 71 0.177656
11 72 0.404762
11 73 0.324176
11 74 0.617216
11 75 0.921245
11 76 0.289377
11 77 0.058608
11 78 0.315018
11 79 0.692308
11 80 0.307692
11 81 0.104396
11 82 0.609890
11 83 0.496337
11 84 0.862637
11 85 0.672161
11 86 0.882784
11 87 0.684982
11 88 0.142857
11 89 0.401099
11 90 0.349817
11 91 0.505495
11 92 0.271062
11 93 0.391941
11 94 0.648352
11 95 0.703297
11 96 0.166667
11 97 0.272894
11 98 0.282051
11 99 0.260073
12 13 0.431635
12 14 0.702413
12 15 0.632708
12 16 0.431635
12 17 0.997319
12 18 0.573727
12 19 0.420912
12 20 0.656836
12 21 0.589812
12 22 0.310992
12 23 0.619303
12 24 0.243968
12 25 0.530831
12 26 0.233244
12 27 0.753351
12 28 0.536193
12 29 0.544236
12 30 0.686327
12 31 0.276139
12 32 0.343164
12 33 0.729223
12 34 0.624665
12 35 0.801609
12 36 0.461126
12 37 0.788204
12 38 0.930295
12 39 0.678284
12 40 0.664879
12 41 0.882038
12 42 0.624665
12 43 0.533512
12 44 0.603217
12 45 0.656836
12 46 0.144772
12 47 0.348525
12 48 0.270777
12 49 0.249330
12 50 0.163539
12 51 0.501340
12 52 0.605898
12 53 0.630027
12 54 0.630027
12 55 0.477212
12 56 0.809651
12 57 0.522788
12 58 0.675603
12 59 0.466488
12 60 0.552279
12 61 0.533512
12 62 0.190349
12 63 0.512064
12 64 0.522788
12 65 0.123324
12 66 0.302949
12 67 0.300268
12 68 0.627346
12 69 0.627346
12 70 0.619303
12 71 0.573727
12 72 0.514745
12 73 0.549598
12 74 0.576408
12 75 0.884718
12 76 0.603217
12 77 0.428954
12 78 0.187668
12 79 0.619303
12 80 0.541555
12 81 0.327078
12 82 0.520107
12 83 0.616622
12 84 0.790885
12 85 0.525469
12 86 0.828418
12 87 0.648794
12 88 0.310992
12 89 0.227882
12 90 0.123324
12 91 0.603217
12 92 0.453083
12 93 0.597855
12 94 0.549598
12 95 0.782842
12 96 0.278820
12 97 0.091153
12 98 0.367292
12 99 0.828418
13 14 0.773626
13 15 0.857143
13 16 0.690110
13 17 0.929670
13 18 0.753846
13 19 0.685714
13 20 0.184615
13 21 0.279121
13 22 0.116484
13 23 0.800000
13 24 0.290110
13 25 0.764835
13 26 0.391209
13 27 0.265934
13 28 0.789011
13 29 0.718681
13 30 0.534066
13 31 0.131868
13 32 0.391209
13 33 0.854945
13 34 0.859341
13 35 0.338462
13 36 0.720879
13 37 0.997802
13 38 0.885714
13 39 0.338462
13 40 0.459341
13 41 0.808791
13 42 0.167033
13 43 0.791209
13 44 0.843956
13 45 0.195604
13 46 0.470330
13 47 0.138462
13 48 0.246154
13 49 0.314286
13 50 0.483516
13 51 0.646154
13 52 0.468132
13 53 0.186813
13 54 0.852747
13 55 0.450549
13 56 0.694505
13 57 0.542857
13 58 0.874725
13 59 0.356044
13 60 0.602198
13 61 0.301099
13 62 0.476923
13 63 0.560440
13 64 0.643956
13 65 0.252747
13 66 0.509890
13 67 0.520879
13 68 0.263736
13 69 0.465934
13 70 0.837363
13 71 0.279121
13 72 0.094505
13 73 0.690110
13 74 0.826374
13 75 0.848352
13 76 0.195604
13 77 0.323077
13 78 0.202198
13 79 0.512088
13 80 0.674725
13 81 0.347253
13 82 0.410989
13 83 0.821978
13 84 0.797802
13 85 0.738462
13 86 0.806593
13 87 0.883516
13 88 0.248352
13 89 0.538462
13 90 0.450549
13 91 0.210989
13 92 0.083516
13 93 0.136264
13 94 0.468132
13 95 0.991209
13 96 0.402198
13 97 0.298901
13 98 0.567033
13 99 0.694505
14 15 0.631119
14 16 0.319930
14 17 0.230769
14 18 0.715035
14 19 0.547203
14 20 0.725524
14 21 0.804196
14 22 0.594406
14 23 0.194056
14 24 0.613636
14 25 0.608392
14 26 0.606643
14 27 0.760490
14 28 0.545455
14 29 0.159091
14 30 0.335664
14 31 0.526224
14 32 0.302448
14 33 0.125874
14 34 0.573427
14 35 0.711538
14 36 0.541958
14 37 0.505245
14 38 0.183566
14 39 0.547203
14 40 0.888112
14 41 0.208042
14 42 0.741259
14 43 0.463287
14 44 0.568182
14 45 0.765734
14 46 0.454545
14 47 0.506993
14 48 0.624126
14 49 0.370629
14 50 0.459790
14 51 0.134615
14 52 0.853147
14 53 0.659091
14 54 0.629371
14 55 0.274476
14 56 0.984266
14 57 0.195804
14 58 0.293706
14 59 0.365385
14 60 0.141608
14 61 0.454545
14 62 0.522727
14 63 0.174825
14 64 0.750000
14 65 0.477273
14 66 0.615385
14 67 0.604895
14 68 0.812937
14 69 0.358392
14 70 0.648601
14 71 0.797203
14 72 0.617133
14 73 0.746503
14 74 0.480769
14 75 0.160839
14 76 0.769231
14 77 0.732517
14 78 0.496503
14 79 0.298951
14 80 0.751748
14 81 0.673077
14 82 0.339161
14 83 0.681818
14 84 0.096154
14 85 0.236014
14 86 0.136364
14 87 0.454545
14 88 0.648601
14 89 0.456294
14 90 0.463287
14 91 0.596154
14 92 0.669580
14 93 0.697552
14 94 0.295455
14 95 0.622378
14 96 0.636364
14 97 0.510490
14 98 0.641608
14 99 0.998252
15 16 0.331471
15 17 0.918063
15 18 0.188082
15 19 0.147114
15 20 0.880819
15 21 0.744879
15 22 0.631285
15 23 0.484171
15 24 0.502793
15 25 0.080074
15 26 0.417132
15 27 0.951583
15 28 0.091248
15 29 0.502793
15 30 0.851024
15 31 0.627561
15 32 0.616387
15 33 0.592179
15 34 0.072626
15 35 0.998138
15 36 0.122905
15 37 0.277467
15 38 0.867784
15 39 0.906890
15 40 0.694600
15 41 0.878957
15 42 0.845438
15 43 0.180633
15 44 0.072626
15 45 0.864060
15 46 0.340782
15 47 0.683426
15 48 0.543762
15 49 0.586592
15 50 0.327747
15 51 0.549348
15 52 0.625698
15 53 0.875233
15 54 0.001862
15 55 0.696462
15 56 0.635009
15 57 0.681564
15 58 0.417132
15 59 0.729981
15 60 0.662942
15 61 0.798883
15 62 0.320298
15 63 0.657356
15 64 0.325885
15 65 0.525140
15 66 0.318436
15 67 0.303538
15 68 0.789572
15 69 0.826816
15 70 0.037244
15 71 0.729981
15 72 0.793296
15 73 0.283054
15 74 0.171322
15 75 0.843575
15 76 0.802607
15 77 0.582868
15 78 0.567970
15 79 0.797020
15 80 0.299814
15 81 0.499069
15 82 0.754190
15 83 0.091248
15 84 0.770950
15 85 0.420857
15 86 0.810056
15 87 0.234637
15 88 0.558659
15 89 0.286778
15 90 0.353818
15 91 0.858473
15 92 0.718808
15 93 0.839851
15 94 0.754190
15 95 0.148976
15 96 0.424581
15 97 0.472998
15 98 0.283054
15 99 0.661080
16 17 0.726852
16 18 0.532407
16 19 0.307870
16 20 0.916667
16 21 0.879630
16 22 0.638889
16 23 0.215278
16 24 0.567130
16 25 0.384259
16 26 0.504630
16 27 0.990741
16 28 0.298611
16 29 0.212963
16 30 0.682870
16 31 0.585648
16 32 0.428241
16 33 0.347222
16 34 0.344907
16 35 0.997685
16 36 0.293981
16 37 0.347222
16 38 0.664352
16 39 0.831019
16 40 0.916667
16 41 0.678241
16 42 0.900463
16 43 0.201389
16 44 0.333333
16 45 0.930556
16 46 0.284722
16 47 0.618056
16 48 0.601852
16 49 0.437500
16 50 0.280093
16 51 0.273148
16 52 0.849537
16 53 0.870370
16 54 0.412037
16 55 0.502315
16 56 0.969907
16 57 0.456019
16 58 0.215278
16 59 0.576389
16 60 0.421296
16 61 0.685185
16 62 0.356481
16 63 0.421296
16 64 0.613426
16 65 0.462963
16 66 0.462963
16 67 0.444444
16 68 0.914352
16 69 0.666667
16 70 0.435185
16 71 0.863426
16 72 0.777778
16 73 0.594907
16 74 0.231481
16 75 0.634259
16 76 0.891204
16 77 0.719907
16 78 0.513889
16 79 0.615741
16 80 0.604167
16 81 0.618056
16 82 0.590278
16 83 0.479167
16 84 0.543981
16 85 0.122685
16 86 0.592593
16 87 0.236111
16 88 0.634259
16 89 0.243056
16 90 0.307870
16 91 0.817130
16 92 0.759259
16 93 0.865741
16 94 0.569444
16 95 0.432870
16 96 0.539352
16 97 0.449074
16 98 0.476852
16 99 0.993056
17 18 0.788856
17 19 0.649560
17 20 0.684751
17 21 0.797654
17 22 0.624633
17 23 0.350440
17 24 0.667155
17 25 0.703812
17 26 0.674487
17 27 0.700880
17 28 0.651026
17 29 0.326979
17 30 0.290323
17 31 0.564516
17 32 0.376833
17 33 0.275660
17 34 0.674487
17 35 0.634897
17 36 0.646628
17 37 0.607038
17 38 0.039589
17 39 0.491202
17 40 0.887097
17 41 0.083578
17 42 0.711144
17 43 0.582111
17 44 0.670088
17 45 0.731672
17 46 0.560117
17 47 0.529326
17 48 0.668622
17 49 0.441349
17 50 0.564516
17 51 0.297654
17 52 0.868035
17 53 0.620235
17 54 0.721408
17 55 0.319648
17 56 0.989736
17 57 0.268328
17 58 0.428152
17 59 0.384164
17 60 0.243402
17 61 0.439883
17 62 0.615836
17 63 0.266862
17 64 0.810850
17 65 0.543988
17 66 0.693548
17 67 0.686217
17 68 0.796188
17 69 0.329912
17 70 0.737537
17 71 0.794721
17 72 0.602639
17 73 0.810850
17 74 0.596774
17 75 0.063050
17 76 0.750733
17 77 0.760997
17 78 0.551320
17 79 0.285924
17 80 0.813783
17 81 0.719941
17 82 0.348974
17 83 0.765396
17 84 0.117302
17 85 0.391496
17 86 0.092375
17 87 0.570381
17 88 0.689150
17 89 0.567449
17 90 0.564516
17 91 0.560117
17 92 0.673021
17 93 0.668622
17 94 0.307918
17 95 0.711144
17 96 0.697947
17 97 0.583578
17 98 0.718475
17 99 0.998534
18 19 0.189453
18 20 0.822266
18 21 0.632812
18 22 0.564453
18 23 0.628906
18 24 0.412109
18 25 0.144531
18 26 0.322266
18 27 0.898438
18 28 0.240234
18 29 0.626953
18 30 0.906250
18 31 0.585938
18 32 0.652344
18 33 0.742188
18 34 0.263672
18 35 0.968750
18 36 0.207031
18 37 0.482422
18 38 0.998047
18 39 0.906250
18 40 0.552734
18 41 0.990234
18 42 0.773438
18 43 0.335938
18 44 0.255859
18 45 0.789062
18 46 0.335938
18 47 0.656250
18 48 0.455078
18 49 0.597656
18 50 0.324219
18 51 0.654297
18 52 0.478516
18 53 0.833984
18 54 0.195312
18 55 0.746094
18 56 0.468750
18 57 0.751953
18 58 0.587891
18 59 0.755859
18 60 0.750000
18 61 0.804688
18 62 0.277344
18 63 0.732422
18 64 0.152344
18 65 0.494141
18 66 0.216797
18 67 0.207031
18 68 0.685547
18 69 0.869141
18 70 0.158203
18 71 0.617188
18 72 0.748047
18 73 0.099609
18 74 0.341797
18 75 0.968750
18 76 0.714844
18 77 0.462891
18 78 0.531250
18 79 0.853516
18 80 0.119141
18 81 0.384766
18 82 0.791016
18 83 0.105469
18 84 0.892578
18 85 0.554688
18 86 0.929688
18 87 0.419922
18 88 0.462891
18 89 0.302734
18 90 0.341797
18 91 0.833984
18 92 0.644531
18 93 0.779297
18 94 0.802734
18 95 0.353516
18 96 0.316406
18 97 0.425781
18 98 0.164062
18 99 0.496094
19 20 0.864629
19 21 0.722707
19 22 0.569869
19 23 0.493450
19 24 0.427948
19 25 0.091703
19 26 0.331878
19 27 0.945415
19 28 0.113537
19 29 0.489083
19 30 0.842795
19 31 0.563319
19 32 0.563319
19 33 0.617904
19 34 0.179039
19 35 0.997817
19 36 0.041485
19 37 0.388646
19 38 0.908297
19 39 0.893013
19 40 0.689956
19 41 0.908297
19 42 0.823144
19 43 0.185590
19 44 0.163755
19 45 0.847162
19 46 0.227074
19 47 0.628821
19 48 0.475983
19 49 0.519651
19 50 0.211790
19 51 0.526201
19 52 0.613537
19 53 0.853712
19 54 0.168122
19 55 0.661572
19 56 0.670306
19 57 0.655022
19 58 0.451965
19 59 0.692140
19 60 0.641921
19 61 0.766376
19 62 0.205240
19 63 0.628821
19 64 0.310044
19 65 0.443231
19 66 0.229258
19 67 0.211790
19 68 0.770742
19 69 0.807860
19 70 0.163755
19 71 0.705240
19 72 0.757642
19 73 0.279476
19 74 0.205240
19 75 0.877729
19 76 0.781659
19 77 0.539301
19 78 0.493450
19 79 0.781659
19 80 0.292576
19 81 0.436681
19 82 0.722707
19 83 0.179039
19 84 0.792576
19 85 0.408297
19 86 0.836245
19 87 0.292576
19 88 0.495633
19 89 0.165939
19 90 0.242358
19 91 0.834061
19 92 0.676856
19 93 0.814410
19 94 0.727074
19 95 0.312227
19 96 0.347162
19 97 0.382096
19 98 0.209607
19 99 0.698690
20 21 0.269017
20 22 0.248609
20 23 0.816327
20 24 0.387755
20 25 0.799629
20 26 0.474954
20 27 0.070501
20 28 0.821892
20 29 0.743970
20 30 0.506494
20 31 0.265306
20 32 0.452690
20 33 0.851577
20 34 0.883117
20 35 0.176252
20 36 0.764378
20 37 0.998145
20 38 0.836735
20 39 0.276438
20 40 0.439703
20 41 0.760668
20 42 0.064935
20 43 0.825603
20 44 0.868275
20 45 0.076067
20 46 0.554731
20 47 0.244898
20 48 0.346939
20 49 0.400742
20 50 0.565863
20 51 0.675325
20 52 0.473098
20 53 0.089054
20 54 0.875696
20 55 0.480519
20 56 0.662338
20 57 0.564007
20 58 0.886827
20 59 0.387755
20 60 0.619666
20 61 0.309833
20 62 0.558442
20 63 0.584416
20 64 0.677180
20 65 0.369202
20 66 0.576994
20 67 0.588126
20 68 0.226345
20 69 0.450835
20 70 0.860853
20 71 0.278293
20 72 0.115028
20 73 0.719852
20 74 0.855288
20 75 0.807050
20 76 0.153989
20 77 0.376623
20 78 0.326531
20 79 0.504638
20 80 0.705009
20 81 0.423006
20 82 0.426716
20 83 0.844156
20 84 0.773655
20 85 0.769944
20 86 0.771800
20 87 0.901670
20 88 0.341373
20 89 0.612245
20 90 0.536178
20 91 0.163265
20 92 0.168831
20 93 0.040816
20 94 0.478664
20 95 0.992579
20 96 0.480519
20 97 0.408163
20 98 0.625232
20 99 0.654917
21 22 0.229008
21 23 0.856870
21 24 0.263359
21 25 0.681298
21 26 0.341603
21 27 0.337786
21 28 0.730916
21 29 0.797710
21 30 0.706107
21 31 0.305344
21 32 0.553435
21 33 0.925573
21 34 0.790076
21 35 0.458015
21 36 0.667939
21 37 0.954198
21 38 0.998092
21 39 0.522901
21 40 0.175573
21 41 0.937023
21 42 0.208015
21 43 0.765267
21 44 0.774809
21 45 0.206107
21 46 0.496183
21 47 0.351145
21 48 0.229008
21 49 0.475191
21 50 0.503817
21 51 0.750000
21 52 0.215649
21 53 0.347328
21 54 0.759542
21 55 0.622137
21 56 0.408397
21 57 0.694656
21 58 0.900763
21 59 0.547710
21 60 0.738550
21 61 0.505725
21 62 0.463740
21 63 0.702290
21 64 0.486641
21 65 0.364504
21 66 0.435115
21 67 0.450382
21 68 0.053435
21 69 0.646947
21 70 0.736641
21 71 0.015267
21 72 0.301527
21 73 0.536260
21 74 0.791985
21 75 0.965649
21 76 0.118321
21 77 0.167939
21 78 0.335878
21 79 0.685115
21 80 0.519084
21 81 0.251908
21 82 0.595420
21 83 0.704198
21 84 0.914122
21 85 0.793893
21 86 0.925573
21 87 0.856870
21 88 0.204198
21 89 0.545802
21 90 0.475191
21 91 0.402672
21 92 0.167939
21 93 0.253817
21 94 0.643130
21 95 0.904580
21 96 0.328244
21 97 0.354962
21 98 0.473282
21 99 0.398855
22 23 0.815534
22 24 0.191748
22 25 0.720874
22 26 0.300971
22 27 0.417476
22 28 0.750000
22 29 0.733010
22 30 0.633495
22 31 0.099515
22 32 0.412621
22 33 0.890777
22 34 0.830097
22 35 0.502427
22 36 0.674757
22 37 0.997573
22 38 0.978155
22 39 0.475728
22 40 0.444175
22 41 0.905340
22 42 0.283981
22 43 0.762136
22 44 0.810680
22 45 0.313107
22 46 0.405340
22 47 0.179612
22 48 0.148058
22 49 0.310680
22 50 0.419903
22 51 0.665049
22 52 0.434466
22 53 0.334951
22 54 0.817961
22 55 0.504854
22 56 0.677184
22 57 0.592233
22 58 0.885922
22 59 0.422330
22 60 0.645631
22 61 0.400485
22 62 0.402913
22 63 0.601942
22 64 0.584951
22 65 0.184466
22 66 0.432039
22 67 0.446602
22 68 0.305825
22 69 0.563107
22 70 0.798544
22 71 0.283981
22 72 0.228155
22 73 0.633495
22 74 0.800971
22 75 0.936893
22 76 0.264563
22 77 0.259709
22 78 0.140777
22 79 0.597087
22 80 0.618932
22 81 0.264563
22 82 0.483010
22 83 0.779126
22 84 0.871359
22 85 0.740291
22 86 0.888350
22 87 0.868932
22 88 0.157767
22 89 0.480583
22 90 0.381068
22 91 0.349515
22 92 0.126214
22 93 0.271845
22 94 0.538835
22 95 0.975728
22 96 0.315534
22 97 0.211165
22 98 0.497573
22 99 0.679612
23 24 0.617308
23 25 0.490385
23 26 0.580769
23 27 0.900000
23 28 0.407692
23 29 0.078846
23 30 0.528846
23 31 0.586538
23 32 0.386538
23 33 0.111538
23 34 0.430769
23 35 0.876923
23 36 0.419231
23 37 0.342308
23 38 0.409615
23 39 0.713462
23 40 0.917308
23 41 0.444231
23 42 0.846154
23 43 0.311538
23 44 0.426923
23 45 0.871154
23 46 0.398077
23 47 0.590385
23 48 0.640385
23 49 0.428846
23 50 0.396154
23 51 0.163462
23 52 0.867308
23 53 0.790385
23 54 0.498077
23 55 0.407692
23 56 0.978846
23 57 0.338462
23 58 0.111538
23 59 0.496154
23 60 0.286538
23 61 0.596154
23 62 0.463462
23 63 0.305769
23 64 0.688462
23 65 0.500000
23 66 0.557692
23 67 0.544231
23 68 0.886538
23 69 0.534615
23 70 0.525000
23 71 0.853846
23 72 0.725000
23 73 0.675000
23 74 0.326923
23 75 0.390385
23 76 0.855769
23 77 0.750000
23 78 0.534615
23 79 0.476923
23 80 0.682692
23 81 0.669231
23 82 0.488462
23 83 0.567308
23 84 0.319231
23 85 0.076923
23 86 0.363462
23 87 0.286538
23 88 0.667308
23 89 0.375000
23 90 0.413462
23 91 0.732692
23 92 0.742308
23 93 0.807692
23 94 0.453846
23 95 0.473077
23 96 0.611538
23 97 0.509615
23 98 0.573077
23 99 0.998077
24 25 0.526682
24 26 0.109049
24 27 0.575406
24 28 0.575406
24 29 0.682135
24 30 0.728538
24 31 0.236659
24 32 0.464037
24 33 0.842227
24 34 0.647332
24 35 0.663573
24 36 0.498840
24 37 0.837587
24 38 0.997680
24 39 0.628770
24 40 0.364269
24 41 0.946636
24 42 0.429234
24 43 0.610209
24 44 0.631090
24 45 0.450116
24 46 0.283063
24 47 0.329466
24 48 0.048724
24 49 0.364269
24 50 0.292343
24 51 0.642691
24 52 0.317865
24 53 0.503480
24 54 0.624130
24 55 0.573086
24 56 0.517401
24 57 0.633411
24 58 0.784223
24 59 0.524362
24 60 0.670534
24 61 0.535963
24 62 0.243619
24 63 0.631090
24 64 0.373550
24 65 0.197216
24 66 0.236659
24 67 0.252900
24 68 0.366589
24 69 0.665893
24 70 0.598608
24 71 0.303944
24 72 0.403712
24 73 0.419954
24 74 0.642691
24 75 0.958237
24 76 0.373550
24 77 0.160093
24 78 0.204176
24 79 0.682135
24 80 0.406032
24 81 0.085847
24 82 0.580046
24 83 0.573086
24 84 0.883991
24 85 0.658933
24 86 0.909513
24 87 0.719258
24 88 0.071926
24 89 0.343387
24 90 0.259861
24 91 0.517401
24 92 0.273782
24 93 0.433875
24 94 0.621810
24 95 0.788863
24 96 0.116009
24 97 0.136891
24 98 0.294664
24 99 0.526682
25 26 0.364185
25 27 0.943662
25 28 0.096579
25 29 0.519115
25 30 0.861167
25 31 0.597586
25 32 0.603622
25 33 0.629779
25 34 0.130785
25 35 0.997988
25 36 0.076459
25 37 0.350101
25 38 0.911469
25 39 0.905433
25 40 0.668008
25 41 0.913481
25 42 0.826962
25 43 0.197183
25 44 0.118712
25 45 0.847082
25 46 0.293763
25 47 0.659960
25 48 0.501006
25 49 0.563380
25 50 0.279678
25 51 0.559356
25 52 0.593561
25 53 0.863179
25 54 0.082495
25 55 0.694165
25 56 0.617706
25 57 0.686117
25 58 0.458753
25 59 0.722334
25 60 0.672032
25 61 0.790744
25 62 0.263581
25 63 0.661972
25 64 0.281690
25 65 0.488934
25 66 0.257545
25 67 0.241449
25 68 0.766600
25 69 0.830986
25 70 0.066398
25 71 0.702213
25 72 0.774648
25 73 0.239437
25 74 0.201207
25 75 0.881288
25 76 0.780684
25 77 0.543260
25 78 0.533199
25 79 0.804829
25 80 0.255533
25 81 0.452716
25 82 0.752515
25 83 0.082495
25 84 0.804829
25 85 0.438632
25 86 0.845070
25 87 0.281690
25 88 0.517103
25 89 0.239437
25 90 0.305835
25 91 0.849095
25 92 0.692153
25 93 0.822938
25 94 0.756539
25 95 0.239437
25 96 0.372233
25 97 0.428571
25 98 0.221328
25 99 0.645875
26 27 0.678161
26 28 0.468966
26 29 0.641379
26 30 0.772414
26 31 0.321839
26 32 0.489655
26 33 0.802299
26 34 0.540230
26 35 0.760920
26 36 0.393103
26 37 0.740230
26 38 0.997701
26 39 0.708046
26 40 0.409195
26 41 0.956322
26 42 0.535632
26 43 0.514943
26 44 0.521839
26 45 0.556322
26 46 0.218391
26 47 0.409195
26 48 0.158621
26 49 0.400000
26 50 0.222989
26 51 0.620690
26 52 0.342529
26 53 0.604598
26 54 0.510345
26 55 0.602299
26 56 0.496552
26 57 0.648276
26 58 0.714943
26 59 0.574713
26 60 0.673563
26 61 0.604598
26 62 0.154023
26 63 0.639080
26 64 0.278161
26 65 0.241379
26 66 0.126437
26 67 0.140230
26 68 0.462069
26 69 0.714943
26 70 0.485057
26 71 0.393103
26 72 0.503448
26 73 0.317241
26 74 0.544828
26 75 0.958621
26 76 0.475862
26 77 0.222989
26 78 0.268966
26 79 0.719540
26 80 0.305747
26 81 0.114943
26 82 0.625287
26 83 0.457471
26 84 0.878161
26 85 0.604598
26 86 0.910345
26 87 0.627586
26 88 0.174713
26 89 0.264368
26 90 0.197701
26 91 0.609195
26 92 0.381609
26 93 0.537931
26 94 0.659770
26 95 0.678161
26 96 0.039080
26 97 0.156322
26 98 0.183908
26 99 0.512644
27 28 0.836237
27 29 0.745645
27 30 0.489547
27 31 0.310105
27 32 0.468641
27 33 0.843206
27 34 0.893728
27 35 0.123693
27 36 0.783972
27 37 0.998258
27 38 0.806620
27 39 0.257840
27 40 0.468641
27 41 0.731707
27 42 0.120209
27 43 0.836237
27 44 0.879791
27 45 0.120209
27 46 0.583624
27 47 0.282230
27 48 0.393728
27 49 0.425087
27 50 0.594077
27 51 0.679443
27 52 0.503484
27 53 0.101045
27 54 0.888502
27 55 0.484321
27 56 0.681185
27 57 0.562718
27 58 0.885017
27 59 0.395470
27 60 0.616725
27 61 0.311847
27 62 0.590592
27 63 0.583624
27 64 0.702091
27 65 0.409408
27 66 0.609756
27 67 0.620209
27 68 0.263066
27 69 0.439024
27 70 0.874564
27 71 0.318815
27 72 0.160279
27 73 0.743902
27 74 0.864111
27 75 0.780488
27 76 0.200348
27 77 0.419861
27 78 0.369338
27 79 0.493031
27 80 0.729965
27 81 0.465157
27 82 0.426829
27 83 0.860627
27 84 0.754355
27 85 0.775261
27 86 0.749129
27 87 0.905923
27 88 0.388502
27 89 0.637631
27 90 0.567944
27 91 0.167247
27 92 0.226481
27 93 0.106272
27 94 0.475610
27 95 0.998258
27 96 0.519164
27 97 0.449477
27 98 0.653310
27 99 0.672474
28 29 0.441118
28 30 0.818363
28 31 0.604790
28 32 0.570858
28 33 0.540918
28 34 0.063872
28 35 0.998004
28 36 0.063872
28 37 0.257485
28 38 0.832335
28 39 0.890220
28 40 0.734531
28 41 0.842315
28 42 0.850299
28 43 0.101796
28 44 0.047904
28 45 0.872255
28 46 0.291417
28 47 0.658683
28 48 0.536926
28 49 0.542914
28 50 0.277445
28 51 0.491018
28 52 0.662675
28 53 0.870259
28 54 0.095808
28 55 0.652695
28 56 0.702595
28 57 0.632735
28 58 0.361277
28 59 0.694611
28 60 0.612774
28 61 0.770459
28 62 0.287425
28 63 0.606786
28 64 0.369261
28 65 0.493014
28 66 0.313373
28 67 0.297405
28 68 0.808383
28 69 0.792415
28 70 0.119760
28 71 0.748503
28 72 0.782435
28 73 0.331337
28 74 0.103792
28 75 0.804391
28 76 0.814371
28 77 0.596806
28 78 0.538922
28 79 0.760479
28 80 0.345309
28 81 0.502994
28 82 0.716567
28 83 0.165669
28 84 0.728543
28 85 0.355289
28 86 0.770459
28 87 0.183633
28 88 0.556886
28 89 0.229541
28 90 0.309381
28 91 0.846307
28 92 0.718563
28 93 0.840319
28 94 0.714571
28 95 0.183633
28 96 0.423154
28 97 0.443114
28 98 0.289421
28 99 0.728543
29 30 0.470120
29 31 0.535857
29 32 0.318725
29 33 0.137450
29 34 0.472112
29 35 0.826693
29 36 0.438247
29 37 0.414343
29 38 0.390438
29 39 0.657371
29 40 0.898406
29 41 0.410359
29 42 0.800797
29 43 0.346614
29 44 0.466135
29 45 0.828685
29 46 0.370518
29 47 0.535857
29 48 0.605578
29 49 0.368526
29 50 0.372510
29 51 0.089641
29 52 0.850598
29 53 0.739044
29 54 0.535857
29 55 0.340637
29 56 0.980080
29 57 0.272908
29 58 0.189243
29 59 0.432271
29 60 0.221116
29 61 0.535857
29 62 0.446215
29 63 0.239044
29 64 0.693227
29 65 0.452191
29 66 0.547809
29 67 0.533865
29 68 0.850598
29 69 0.474104
29 70 0.557769
29 71 0.822709
29 72 0.673307
29 73 0.683267
29 74 0.368526
29 75 0.364542
29 76 0.816733
29 77 0.723108
29 78 0.486056
29 79 0.416335
29 80 0.689243
29 81 0.643426
29 82 0.424303
29 83 0.597610
29 84 0.286853
29 85 0.091633
29 86 0.332669
29 87 0.342629
29 88 0.633466
29 89 0.358566
29 90 0.384462
29 91 0.679283
29 92 0.699203
29 93 0.760956
29 94 0.388446
29 95 0.533865
29 96 0.589641
29 97 0.470120
29 98 0.569721
29 99 0.998008
30 31 0.409259
30 32 0.240741
30 33 0.481481
30 34 0.809259
30 35 0.435185
30 36 0.727778
30 37 0.814815
30 38 0.344444
30 39 0.253704
30 40 0.824074
30 41 0.259259
30 42 0.546296
30 43 0.701852
30 44 0.798148
30 45 0.570370
30 46 0.538889
30 47 0.348148
30 48 0.570370
30 49 0.301852
30 50 0.550000
30 51 0.353704
30 52 0.814815
30 53 0.420370
30 54 0.844444
30 55 0.153704
30 56 0.992593
30 57 0.185185
30 58 0.614815
30 59 0.162963
30 60 0.231481
30 61 0.200000
30 62 0.600000
30 63 0.216667
30 64 0.835185
30 65 0.429630
30 66 0.683333
30 67 0.683333
30 68 0.672222
30 69 0.055556
30 70 0.851852
30 71 0.685185
30 72 0.411111
30 73 0.853704
30 74 0.729630
30 75 0.318519
30 76 0.607407
30 77 0.679630
30 78 0.418519
30 79 0.053704
30 80 0.850000
30 81 0.651852
30 82 0.118519
30 83 0.866667
30 84 0.309259
30 85 0.509259
30 86 0.292593
30 87 0.733333
30 88 0.588889
30 89 0.577778
30 90 0.535185
30 91 0.344444
30 92 0.522222
30 93 0.490741
30 94 0.098148
30 95 0.892593
30 96 0.650000
30 97 0.496296
30 98 0.729630
30 99 0.998148
31 32 0.328283
31 33 0.840909
31 34 0.848485
31 35 0.500000
31 36 0.691919
31 37 0.994949
31 38 0.914141
31 39 0.426768
31 40 0.565657
31 41 0.838384
31 42 0.343434
31 43 0.760101
31 44 0.828283
31 45 0.376263
31 46 0.396465
31 47 0.098485
31 48 0.227273
31 49 0.224747
31 50 0.414141
31 51 0.601010
31 52 0.550505
31 53 0.335859
31 54 0.848485
31 55 0.419192
31 56 0.797980
31 57 0.512626
31 58 0.853535
31 59 0.335859
31 60 0.570707
31 61 0.325758
31 62 0.419192
31 63 0.525253
31 64 0.656566
31 65 0.141414
31 66 0.477273
31 67 0.487374
31 68 0.411616
31 69 0.484848
31 70 0.833333
31 71 0.396465
31 72 0.224747
31 73 0.702020
31 74 0.800505
31 75 0.871212
31 76 0.356061
31 77 0.366162
31 78 0.083333
31 79 0.517677
31 80 0.689394
31 81 0.345960
31 82 0.398990
31 83 0.823232
31 84 0.803030
31 85 0.696970
31 86 0.820707
31 87 0.863636
31 88 0.247475
31 89 0.474747
31 90 0.373737
31 91 0.320707
31 92 0.207071
31 93 0.305556
31 94 0.457071
31 95 0.997475
31 96 0.378788
31 97 0.212121
31 98 0.545455
31 99 0.803030
32 33 0.501166
32 34 0.734266
32 35 0.594406
32 36 0.620047
32 37 0.783217
32 38 0.545455
32 39 0.405594
32 40 0.811189
32 41 0.482517
32 42 0.585082
32 43 0.610723
32 44 0.717949
32 45 0.617716
32 46 0.375291
32 47 0.270396
32 48 0.463869
32 49 0.100233
32 50 0.389277
32 51 0.279720
32 52 0.780886
32 53 0.491841
32 54 0.769231
32 55 0.114219
32 56 0.986014
32 57 0.172494
32 58 0.578089
32 59 0.149184
32 60 0.223776
32 61 0.261072
32 62 0.452214
32 63 0.181818
32 64 0.752914
32 65 0.268065
32 66 0.561772
32 67 0.557110
32 68 0.680653
32 69 0.261072
32 70 0.773893
32 71 0.668998
32 72 0.421911
32 73 0.773893
32 74 0.645688
32 75 0.505828
32 76 0.622378
32 77 0.610723
32 78 0.275058
32 79 0.240093
32 80 0.769231
32 81 0.552448
32 82 0.170163
32 83 0.790210
32 84 0.438228
32 85 0.428904
32 86 0.456876
32 87 0.668998
32 88 0.494172
32 89 0.424242
32 90 0.370629
32 91 0.419580
32 92 0.489510
32 93 0.529138
32 94 0.179487
32 95 0.850816
32 96 0.533800
32 97 0.340326
32 98 0.615385
32 99 0.997669
33 34 0.493870
33 35 0.810858
33 36 0.483363
33 37 0.395797
33 38 0.285464
33 39 0.651489
33 40 0.910683
33 41 0.330998
33 42 0.810858
33 43 0.385289
33 44 0.488616
33 45 0.835377
33 46 0.446585
33 47 0.576182
33 48 0.653240
33 49 0.430823
33 50 0.448336
33 51 0.166375
33 52 0.870403
33 53 0.746060
33 54 0.555166
33 55 0.371278
33 56 0.980736
33 57 0.297723
33 58 0.182137
33 59 0.458844
33 60 0.243433
33 61 0.551664
33 62 0.511384
33 63 0.269702
33 64 0.723292
33 65 0.514886
33 66 0.598949
33 67 0.588441
33 68 0.863398
33 69 0.472855
33 70 0.579685
33 71 0.840630
33 72 0.693520
33 73 0.712785
33 74 0.397548
33 75 0.271454
33 76 0.830123
33 77 0.756567
33 78 0.541156
33 79 0.415061
33 80 0.718039
33 81 0.688266
33 82 0.443082
33 83 0.618214
33 84 0.215412
33 85 0.168126
33 86 0.255692
33 87 0.357268
33 88 0.677758
33 89 0.432574
33 90 0.460595
33 91 0.686515
33 92 0.726795
33 93 0.772329
33 94 0.402802
33 95 0.525394
33 96 0.639229
33 97 0.534151
33 98 0.616462
33 99 0.998249
34 35 0.998124
34 36 0.120075
34 37 0.208255
34 38 0.812383
34 39 0.894934
34 40 0.741088
34 41 0.829268
34 42 0.861163
34 43 0.116323
34 44 0.013133
34 45 0.881801
34 46 0.333959
34 47 0.681051
34 48 0.562852
34 49 0.568480
34 50 0.322702
34 51 0.500938
34 52 0.671670
34 53 0.879925
34 54 0.073171
34 55 0.666041
34 56 0.697936
34 57 0.641651
34 58 0.348968
34 59 0.707317
34 60 0.619137
34 61 0.782364
34 62 0.330206
34 63 0.615385
34 64 0.384615
34 65 0.525328
34 66 0.350844
34 67 0.333959
34 68 0.818011
34 69 0.797373
34 70 0.108818
34 71 0.761726
34 72 0.797373
34 73 0.343340
34 74 0.101313
34 75 0.789869
34 76 0.825516
34 77 0.617261
34 78 0.568480
34 79 0.765478
34 80 0.360225
34 81 0.529081
34 82 0.727955
34 83 0.163227
34 84 0.716698
34 85 0.362101
34 86 0.757974
34 87 0.161351
34 88 0.581614
34 89 0.275797
34 90 0.350844
34 91 0.857411
34 92 0.735460
34 93 0.849906
34 94 0.722326
34 95 0.112570
34 96 0.454034
34 97 0.478424
34 98 0.322702
34 99 0.722326
35 36 0.798646
35 37 0.981387
35 38 0.712352
35 39 0.165821
35 40 0.563452
35 41 0.634518
35 42 0.221658
35 43 0.834179
35 44 0.888325
35 45 0.228426
35 46 0.598985
35 47 0.285956
35 48 0.451777
35 49 0.407783
35 50 0.609137
35 51 0.631134
35 52 0.590525
35 53 0.115059
35 54 0.903553
35 55 0.424704
35 56 0.764805
35 57 0.499154
35 58 0.849408
35 59 0.338409
35 60 0.553299
35 61 0.250423
35 62 0.617597
35 63 0.522843
35 64 0.756345
35 65 0.428088
35 66 0.651438
35 67 0.658206
35 68 0.368866
35 69 0.355330
35 70 0.895093
35 71 0.414552
35 72 0.189509
35 73 0.791878
35 74 0.861252
35 75 0.688663
35 76 0.302876
35 77 0.497462
35 78 0.389171
35 79 0.411168
35 80 0.781726
35 81 0.527919
35 82 0.358714
35 83 0.886633
35 84 0.671743
35 85 0.741117
35 86 0.661591
35 87 0.893401
35 88 0.451777
35 89 0.649746
35 90 0.583756
35 91 0.130288
35 92 0.299492
35 93 0.186125
35 94 0.404399
35 95 0.998308
35 96 0.570220
35 97 0.477157
35 98 0.695431
35 99 0.759729
36 37 0.376777
36 38 0.981043
36 39 0.997630
36 40 0.796209
36 41 0.983412
36 42 0.936019
36 43 0.163507
36 44 0.132701
36 45 0.962085
36 46 0.279621
36 47 0.715640
36 48 0.559242
36 49 0.590047
36 50 0.263033
36 51 0.566351
36 52 0.710900
36 53 0.964455
36 54 0.151659
36 55 0.734597
36 56 0.770142
36 57 0.720379
36 58 0.462085
36 59 0.772512
36 60 0.701422
36 61 0.860190
36 62 0.265403
36 63 0.689573
36 64 0.376777
36 65 0.516588
36 66 0.296209
36 67 0.274882
36 68 0.883886
36 69 0.895735
36 70 0.158768
36 71 0.810427
36 72 0.860190
36 73 0.338863
36 74 0.180095
36 75 0.947867
36 76 0.890995
36 77 0.630332
36 78 0.571090
36 79 0.862559
36 80 0.353081
36 81 0.518957
36 82 0.805687
36 83 0.189573
36 84 0.855450
36 85 0.426540
36 86 0.902844
36 87 0.274882
36 88 0.582938
36 89 0.208531
36 90 0.298578
36 91 0.940758
36 92 0.777251
36 93 0.924171
36 94 0.805687
36 95 0.293839
36 96 0.424171
36 97 0.454976
36 98 0.272512
36 99 0.798578
37 38 0.719039
37 39 0.942699
37 40 0.913124
37 41 0.756007
37 42 0.974122
37 43 0.181146
37 44 0.212569
37 45 0.998152
37 46 0.449168
37 47 0.763401
37 48 0.704251
37 49 0.626617
37 50 0.439926
37 51 0.462107
37 52 0.848429
37 53 0.964880
37 54 0.275416
37 55 0.674677
37 56 0.889094
37 57 0.626617
37 58 0.225508
37 59 0.739372
37 60 0.587800
37 61 0.826248
37 62 0.475046
37 63 0.597043
37 64 0.580407
37 65 0.624769
37 66 0.521257
37 67 0.504621
37 68 0.959335
37 69 0.805915
37 70 0.312384
37 71 0.909427
37 72 0.889094
37 73 0.543438
37 74 0.157116
37 75 0.702403
37 76 0.955638
37 77 0.774492
37 78 0.669131
37 79 0.759704
37 80 0.558226
37 81 0.687616
37 82 0.746765
37 83 0.365989
37 84 0.635860
37 85 0.304991
37 86 0.678373
37 87 0.096118
37 88 0.726433
37 89 0.395564
37 90 0.469501
37 91 0.929760
37 92 0.855823
37 93 0.953789
37 94 0.726433
37 95 0.162662
37 96 0.615527
37 97 0.597043
37 98 0.506470
37 99 0.913124
38 39 0.491629
38 40 0.885845
38 41 0.073059
38 42 0.710807
38 43 0.563166
38 44 0.654490
38 45 0.732116
38 46 0.540335
38 47 0.519026
38 48 0.657534
38 49 0.421613
38 50 0.544901
38 51 0.267884
38 52 0.863014
38 53 0.619482
38 54 0.707763
38 55 0.299848
38 56 0.987823
38 57 0.242009
38 58 0.406393
38 59 0.369863
38 60 0.214612
38 61 0.432268
38 62 0.599696
38 63 0.240487
38 64 0.800609
38 65 0.528158
38 66 0.678843
38 67 0.672755
38 68 0.794521
38 69 0.321157
38 70 0.724505
38 71 0.791476
38 72 0.598174
38 73 0.800609
38 74 0.578387
38 75 0.025875
38 76 0.750381
38 77 0.753425
38 78 0.537291
38 79 0.272451
38 80 0.803653
38 81 0.709285
38 82 0.334855
38 83 0.751903
38 84 0.080670
38 85 0.365297
38 86 0.057839
38 87 0.552511
38 88 0.678843
38 89 0.547945
38 90 0.544901
38 91 0.558600
38 92 0.668189
38 93 0.668189
38 94 0.292237
38 95 0.698630
38 96 0.686454
38 97 0.567732
38 98 0.704718
38 99 0.998478
39 40 0.679174
39 41 0.519700
39 42 0.333959
39 43 0.806754
39 44 0.881801
39 45 0.352720
39 46 0.570356
39 47 0.243902
39 48 0.478424
39 49 0.326454
39 50 0.583490
39 51 0.536585
39 52 0.690432
39 53 0.189493
39 54 0.911820
39 55 0.300188
39 56 0.883677
39 57 0.378987
39 58 0.789869
39 59 0.212008
39 60 0.439024
39 61 0.116323
39 62 0.607880
39 63 0.407129
39 64 0.804878
39 65 0.395872
39 66 0.667917
39 67 0.671670
39 68 0.485929
39 69 0.210131
39 70 0.908068
39 71 0.519700
39 72 0.217636
39 73 0.836773
39 74 0.836773
39 75 0.579737
39 76 0.412758
39 77 0.562852
39 78 0.362101
39 79 0.273921
39 80 0.827392
39 81 0.570356
39 82 0.223265
39 83 0.908068
39 84 0.560976
39 85 0.671670
39 86 0.549719
39 87 0.863039
39 88 0.489681
39 89 0.622889
39 90 0.559099
39 91 0.120075
39 92 0.358349
39 93 0.277674
39 94 0.268293
39 95 0.998124
39 96 0.598499
39 97 0.463415
39 98 0.718574
39 99 0.881801
40 41 0.980565
40 42 0.356890
40 43 0.699647
40 44 0.685512
40 45 0.353357
40 46 0.480565
40 47 0.454064
40 48 0.265018
40 49 0.537102
40 50 0.484099
40 51 0.766784
40 52 0.067138
40 53 0.482332
40 54 0.657244
40 55 0.689046
40 56 0.215548
40 57 0.745583
40 58 0.863958
40 59 0.630742
40 60 0.779152
40 61 0.607774
40 62 0.431095
40 63 0.749117
40 64 0.363958
40 65 0.415194
40 66 0.372792
40 67 0.388693
40 68 0.208481
40 69 0.733216
40 70 0.628975
40 71 0.155477
40 72 0.432862
40 73 0.411661
40 74 0.720848
40 75 0.998233
40 76 0.273852
40 77 0.155477
40 78 0.404594
40 79 0.757951
40 80 0.395760
40 81 0.227915
40 82 0.676678
40 83 0.590106
40 84 0.943463
40 85 0.777385
40 86 0.959364
40 87 0.787986
40 88 0.240283
40 89 0.517668
40 90 0.464664
40 91 0.530035
40 92 0.302120
40 93 0.397527
40 94 0.717314
40 95 0.798587
40 96 0.289753
40 97 0.381625
40 98 0.392226
40 99 0.206714
41 42 0.674528
41 43 0.595912
41 44 0.688679
41 45 0.694969
41 46 0.540881
41 47 0.482704
41 48 0.639937
41 49 0.394654
41 50 0.547170
41 51 0.276730
41 52 0.853774
41 53 0.573899
41 54 0.740566
41 55 0.259434
41 56 0.988994
41 57 0.210692
41 58 0.452830
41 59 0.323899
41 60 0.196541
41 61 0.382075
41 62 0.600629
41 63 0.215409
41 64 0.811321
41 65 0.507862
41 66 0.682390
41 67 0.676101
41 68 0.767296
41 69 0.262579
41 70 0.754717
41 71 0.768868
41 72 0.556604
41 73 0.814465
41 74 0.613208
41 75 0.064465
41 76 0.718553
41 77 0.738994
41 78 0.512579
41 79 0.216981
41 80 0.816038
41 81 0.699686
41 82 0.286164
41 83 0.779874
41 84 0.103774
41 85 0.396226
41 86 0.067610
41 87 0.594340
41 88 0.660377
41 89 0.555031
41 90 0.544025
41 91 0.511006
41 92 0.636792
41 93 0.628931
41 94 0.242138
41 95 0.745283
41 96 0.680818
41 97 0.553459
41 98 0.712264
41 99 0.998428
42 43 0.830769
42 44 0.867308
42 45 0.026923
42 46 0.548077
42 47 0.259615
42 48 0.313462
42 49 0.417308
42 50 0.557692
42 51 0.707692
42 52 0.423077
42 53 0.150000
42 54 0.869231
42 55 0.523077
42 56 0.619231
42 57 0.605769
42 58 0.913462
42 59 0.430769
42 60 0.661538
42 61 0.359615
42 62 0.542308
42 63 0.625000
42 64 0.646154
42 65 0.363462
42 66 0.551923
42 67 0.565385
42 68 0.165385
42 69 0.509615
42 70 0.851923
42 71 0.219231
42 72 0.142308
42 73 0.692308
42 74 0.859615
42 75 0.867308
42 76 0.090385
42 77 0.330769
42 78 0.321154
42 79 0.559615
42 80 0.676923
42 81 0.384615
42 82 0.473077
42 83 0.830769
42 84 0.826923
42 85 0.792308
42 86 0.830769
42 87 0.913462
42 88 0.303846
42 89 0.605769
42 90 0.528846
42 91 0.221154
42 92 0.128846
42 93 0.057692
42 94 0.528846
42 95 0.998077
42 96 0.448077
42 97 0.394231
42 98 0.600000
42 99 0.611538
43 44 0.132584
43 45 0.997753
43 46 0.328090
43 47 0.725843
43 48 0.633708
43 49 0.575281
43 50 0.316854
43 51 0.460674
43 52 0.815730
43 53 0.970787
43 54 0.215730
43 55 0.671910
43 56 0.883146
43 57 0.635955
43 58 0.292135
43 59 0.732584
43 60 0.604494
43 61 0.829213
43 62 0.355056
43 63 0.602247
43 64 0.512360
43 65 0.550562
43 66 0.417978
43 67 0.397753
43 68 0.946067
43 69 0.831461
43 70 0.249438
43 71 0.883146
43 72 0.876404
43 73 0.476404
43 74 0.035955
43 75 0.804494
43 76 0.941573
43 77 0.721348
43 78 0.602247
43 79 0.786517
43 80 0.489888
43 81 0.615730
43 82 0.750562
43 83 0.303371
43 84 0.716854
43 85 0.292135
43 86 0.766292
43 87 0.112360
43 88 0.660674
43 89 0.260674
43 90 0.352809
43 91 0.934831
43 92 0.822472
43 93 0.948315
43 94 0.739326
43 95 0.231461
43 96 0.525843
43 97 0.510112
43 98 0.404494
43 99 0.910112
44 45 0.997840
44 46 0.369330
44 47 0.766739
44 48 0.632829
44 49 0.639309
44 50 0.354212
44 51 0.565875
44 52 0.760259
44 53 0.995680
44 54 0.084233
44 55 0.753780
44 56 0.790497
44 57 0.727862
44 58 0.399568
44 59 0.801296
44 60 0.701944
44 61 0.885529
44 62 0.362851
44 63 0.697624
44 64 0.429806
44 65 0.587473
44 66 0.386609
44 67 0.367171
44 68 0.926566
44 69 0.904968
44 70 0.120950
44 71 0.859611
44 72 0.900648
44 73 0.384449
44 74 0.114471
44 75 0.900648
44 76 0.933045
44 77 0.693305
44 78 0.637149
44 79 0.868251
44 80 0.401728
44 81 0.591793
44 82 0.825054
44 83 0.181425
44 84 0.816415
44 85 0.408207
44 86 0.863931
44 87 0.187905
44 88 0.654428
44 89 0.302376
44 90 0.386609
44 91 0.969762
44 92 0.829374
44 93 0.961123
44 94 0.818575
44 95 0.146868
44 96 0.505400
44 97 0.533477
44 98 0.356371
44 99 0.820734
45 46 0.559322
45 47 0.280603
45 48 0.323917
45 49 0.435028
45 50 0.568738
45 51 0.719397
45 52 0.414313
45 53 0.163842
45 54 0.870056
45 55 0.538606
45 56 0.606403
45 57 0.619586
45 58 0.919021
45 59 0.446328
45 60 0.674200
45 61 0.376648
45 62 0.551789
45 63 0.638418
45 64 0.645951
45 65 0.380414
45 66 0.557439
45 67 0.570621
45 68 0.156309
45 69 0.521657
45 70 0.853107
45 71 0.214689
45 72 0.163842
45 73 0.691149
45 74 0.864407
45 75 0.873823
45 76 0.086629
45 77 0.331450
45 78 0.338983
45 79 0.572505
45 80 0.676083
45 81 0.389831
45 82 0.489642
45 83 0.832392
45 84 0.836158
45 85 0.802260
45 86 0.838041
45 87 0.917137
45 88 0.312618
45 89 0.615819
45 90 0.538606
45 91 0.237288
45 92 0.145009
45 93 0.079096
45 94 0.542373
45 95 0.998117
45 96 0.455744
45 97 0.406780
45 98 0.604520
45 99 0.596987
46 47 0.542773
46 48 0.410029
46 49 0.398230
46 50 0.017699
46 51 0.539823
46 52 0.722714
46 53 0.855457
46 54 0.536873
46 55 0.616519
46 56 0.899705
46 57 0.637168
46 58 0.640118
46 59 0.637168
46 60 0.646018
46 61 0.728614
46 62 0.115044
46 63 0.613569
46 64 0.504425
46 65 0.297935
46 66 0.268437
46 67 0.253687
46 68 0.817109
46 69 0.805310
46 70 0.528024
46 71 0.746313
46 72 0.725664
46 73 0.513274
46 74 0.477876
46 75 0.997050
46 76 0.805310
46 77 0.554572
46 78 0.365782
46 79 0.778761
46 80 0.513274
46 81 0.421829
46 82 0.687316
46 83 0.533923
46 84 0.890855
46 85 0.495575
46 86 0.938053
46 87 0.563422
46 88 0.448378
46 89 0.091445
46 90 0.029499
46 91 0.823009
46 92 0.646018
46 93 0.814159
46 94 0.705015
46 95 0.699115
46 96 0.327434
46 97 0.235988
46 98 0.321534
46 99 0.926254
47 48 0.306413
47 49 0.197150
47 50 0.453682
47 51 0.553444
47 52 0.603325
47 53 0.258907
47 54 0.869359
47 55 0.339667
47 56 0.838480
47 57 0.437055
47 58 0.821853
47 59 0.242280
47 60 0.501188
47 61 0.216152
47 62 0.470309
47 63 0.456057
47 64 0.710214
47 65 0.199525
47 66 0.536817
47 67 0.543943
47 68 0.429929
47 69 0.375297
47 70 0.857482
47 71 0.434679
47 72 0.166271
47 73 0.750594
47 74 0.807601
47 75 0.769596
47 76 0.361045
47 77 0.432304
47 78 0.152019
47 79 0.413302
47 80 0.738717
47 81 0.418052
47 82 0.301663
47 83 0.852732
47 84 0.712589
47 85 0.672209
47 86 0.722090
47 87 0.857482
47 88 0.323040
47 89 0.510689
47 90 0.418052
47 91 0.223278
47 92 0.230404
47 93 0.266033
47 94 0.363420
47 95 0.997625
47 96 0.448931
47 97 0.280285
47 98 0.600950
47 99 0.843230
48 49 0.375000
48 50 0.343750
48 51 0.682692
48 52 0.324519
48 53 0.475962
48 54 0.697115
48 55 0.586538
48 56 0.545673
48 57 0.656250
48 58 0.848558
48 59 0.526442
48 60 0.699519
48 61 0.526442
48 62 0.300481
48 63 0.658654
48 64 0.432692
48 65 0.204327
48 66 0.298077
48 67 0.314904
48 68 0.331731
48 69 0.673077
48 70 0.673077
48 71 0.271635
48 72 0.372596
48 73 0.483173
48 74 0.713942
48 75 0.997596
48 76 0.334135
48 77 0.151442
48 78 0.197115
48 79 0.694712
48 80 0.468750
48 81 0.115385
48 82 0.586538
48 83 0.646635
48 84 0.923077
48 85 0.716346
48 86 0.947115
48 87 0.790865
48 88 0.033654
48 89 0.401442
48 90 0.310096
48 91 0.492788
48 92 0.233173
48 93 0.399038
48 94 0.634615
48 95 0.867788
48 96 0.170673
48 97 0.163462
48 98 0.358173
48 99 0.555288
49 50 0.367876
49 51 0.391192
49 52 0.756477
49 53 0.489637
49 54 0.813472
49 55 0.230570
49 56 0.984456
49 57 0.305699
49 58 0.683938
49 59 0.209845
49 60 0.357513
49 61 0.295337
49 62 0.424870
49 63 0.310881
49 64 0.746114
49 65 0.186528
49 66 0.536269
49 67 0.533679
49 68 0.652850
49 69 0.362694
49 70 0.810881
49 71 0.634715
49 72 0.396373
49 73 0.774611
49 74 0.704663
49 75 0.673575
49 76 0.593264
49 77 0.567358
49 78 0.194301
49 79 0.360104
49 80 0.766839
49 81 0.505181
49 82 0.259067
49 83 0.821244
49 84 0.598446
49 85 0.518135
49 86 0.619171
49 87 0.746114
49 88 0.437824
49 89 0.417098
49 90 0.339378
49 91 0.424870
49 92 0.443005
49 93 0.507772
49 94 0.292746
49 95 0.924870
49 96 0.489637
49 97 0.272021
49 98 0.598446
49 99 0.997409
50 51 0.539359
50 52 0.717201
50 53 0.862974
50 54 0.510204
50 55 0.626822
50 56 0.886297
50 57 0.644315
50 58 0.623907
50 59 0.647230
50 60 0.650146
50 61 0.740525
50 62 0.104956
50 63 0.618076
50 64 0.489796
50 65 0.311953
50 66 0.259475
50 67 0.241983
50 68 0.822157
50 69 0.813411
50 70 0.501458
50 71 0.749271
50 72 0.737609
50 73 0.495627
50 74 0.454810
50 75 0.997085
50 76 0.810496
50 77 0.556851
50 78 0.379009
50 79 0.787172
50 80 0.495627
50 81 0.422741
50 82 0.696793
50 83 0.507289
50 84 0.889213
50 85 0.486880
50 86 0.935860
50 87 0.542274
50 88 0.454810
50 89 0.072886
50 90 0.043732
50 91 0.830904
50 92 0.655977
50 93 0.822157
50 94 0.711370
50 95 0.673469
50 96 0.326531
50 97 0.247813
50 98 0.306122
50 99 0.915452
51 52 0.834343
51 53 0.670707
51 54 0.595960
51 55 0.256566
51 56 0.979798
51 57 0.185859
51 58 0.282828
51 59 0.349495
51 60 0.137374
51 61 0.456566
51 62 0.448485
51 63 0.151515
51 64 0.711111
51 65 0.408081
51 66 0.553535
51 67 0.543434
51 68 0.808081
51 69 0.389899
51 70 0.614141
51 71 0.783838
51 72 0.608081
51 73 0.709091
51 74 0.438384
51 75 0.325253
51 76 0.765657
51 77 0.698990
51 78 0.436364
51 79 0.331313
51 80 0.713131
51 81 0.624242
51 82 0.339394
51 83 0.646465
51 84 0.246465
51 85 0.171717
51 86 0.286869
51 87 0.424242
51 88 0.604040
51 89 0.371717
51 90 0.379798
51 91 0.606061
51 92 0.646465
51 93 0.698990
51 94 0.303030
51 95 0.612121
51 96 0.579798
51 97 0.440404
51 98 0.583838
51 99 0.997980
52 53 0.519056
52 54 0.606171
52 55 0.687840
52 56 0.186933
52 57 0.742287
52 58 0.834846
52 59 0.638838
52 60 0.773140
52 61 0.624319
52 62 0.388385
52 63 0.742287
52 64 0.303085
52 65 0.399274
52 66 0.321234
52 67 0.337568
52 68 0.255898
52 69 0.745917
52 70 0.577132
52 71 0.192377
52 72 0.459165
52 73 0.353902
52 74 0.678766
52 75 0.998185
52 76 0.315789
52 77 0.132486
52 78 0.393829
52 79 0.767695
52 80 0.335753
52 81 0.188748
52 82 0.684211
52 83 0.537205
52 84 0.940109
52 85 0.749546
52 86 0.960073
52 87 0.749546
52 88 0.223230
52 89 0.475499
52 90 0.428312
52 91 0.558984
52 92 0.323049
52 93 0.433757
52 94 0.722323
52 95 0.753176
52 96 0.243194
52 97 0.355717
52 98 0.337568
52 99 0.185118
53 54 0.888258
53 55 0.416667
53 56 0.736742
53 57 0.501894
53 58 0.857955
53 59 0.320076
53 60 0.558712
53 61 0.231061
53 62 0.564394
53 63 0.524621
53 64 0.715909
53 65 0.357955
53 66 0.598485
53 67 0.607955
53 68 0.308712
53 69 0.375000
53 70 0.876894
53 71 0.350379
53 72 0.083333
53 73 0.755682
53 74 0.848485
53 75 0.740530
53 76 0.232955
53 77 0.429924
53 78 0.312500
53 79 0.429924
53 80 0.744318
53 81 0.460227
53 82 0.354167
53 83 0.865530
53 84 0.710227
53 85 0.736742
53 86 0.706439
53 87 0.890152
53 88 0.375000
53 89 0.607955
53 90 0.532197
53 91 0.075758
53 92 0.208333
53 93 0.092803
53 94 0.409091
53 95 0.998106
53 96 0.507576
53 97 0.409091
53 98 0.649621
53 99 0.732955
54 55 0.809111
54 56 0.737527
54 57 0.791757
54 58 0.485900
54 59 0.848156
54 60 0.770065
54 61 0.926247
54 62 0.370933
54 63 0.763557
54 64 0.377440
54 65 0.609544
54 66 0.368764
54 67 0.351410
54 68 0.915401
54 69 0.958785
54 70 0.041215
54 71 0.845987
54 72 0.921909
54 73 0.327549
54 74 0.197397
54 75 0.980477
54 76 0.932755
54 77 0.674620
54 78 0.657267
54 79 0.926247
54 80 0.347072
54 81 0.577007
54 82 0.876356
54 83 0.104121
54 84 0.895879
54 85 0.488069
54 86 0.943601
54 87 0.273319
54 88 0.648590
54 89 0.331887
54 90 0.409978
54 91 0.997831
54 92 0.835141
54 93 0.973970
54 94 0.874187
54 95 0.175705
54 96 0.490239
54 97 0.548807
54 98 0.327549
54 99 0.767896
55 56 0.989474
55 57 0.094737
55 58 0.557895
55 59 0.107368
55 60 0.160000
55 61 0.216842
55 62 0.511579
55 63 0.122105
55 64 0.785263
55 65 0.341053
55 66 0.610526
55 67 0.608421
55 68 0.682105
55 69 0.149474
55 70 0.793684
55 71 0.680000
55 72 0.418947
55 73 0.802105
55 74 0.661053
55 75 0.381053
55 76 0.621053
55 77 0.644211
55 78 0.338947
55 79 0.115789
55 80 0.797895
55 81 0.597895
55 82 0.086316
55 83 0.810526
55 84 0.332632
55 85 0.431579
55 86 0.338947
55 87 0.671579
55 88 0.538947
55 89 0.482105
55 90 0.437895
55 91 0.385263
55 92 0.507368
55 93 0.515789
55 94 0.063158
55 95 0.846316
55 96 0.585263
55 97 0.408421
55 98 0.661053
55 99 0.997895
56 57 0.781991
56 58 0.800948
56 59 0.706161
56 60 0.802528
56 61 0.701422
56 62 0.423381
56 63 0.778831
56 64 0.263823
56 65 0.486572
56 66 0.345972
56 67 0.357030
56 68 0.379147
56 69 0.800948
56 70 0.507109
56 71 0.328594
56 72 0.563981
56 73 0.298578
56 74 0.633491
56 75 0.998420
56 76 0.436019
56 77 0.270142
56 78 0.488152
56 79 0.815166
56 80 0.284360
56 81 0.292259
56 82 0.745656
56 83 0.464455
56 84 0.944708
56 85 0.740916
56 86 0.965245
56 87 0.698262
56 88 0.342812
56 89 0.496051
56 90 0.470774
56 91 0.650869
56 92 0.445498
56 93 0.541864
56 94 0.775671
56 95 0.665087
56 96 0.314376
56 97 0.437599
56 98 0.339652
56 99 0.022117
57 58 0.463074
57 59 0.191617
57 60 0.061876
57 61 0.293413
57 62 0.504990
57 63 0.033932
57 64 0.770459
57 65 0.375250
57 66 0.604790
57 67 0.598802
57 68 0.726547
57 69 0.201597
57 70 0.740519
57 71 0.720559
57 72 0.485030
57 73 0.780439
57 74 0.592814
57 75 0.283433
57 76 0.670659
57 77 0.670659
57 78 0.385230
57 79 0.143713
57 80 0.778443
57 81 0.618762
57 82 0.165669
57 83 0.762475
57 84 0.231537
57 85 0.349301
57 86 0.241517
57 87 0.592814
57 88 0.572854
57 89 0.459082
57 90 0.433134
57 91 0.455090
57 92 0.560878
57 93 0.576846
57 94 0.119760
57 95 0.768463
57 96 0.596806
57 97 0.433134
57 98 0.646707
57 99 0.998004
58 59 0.593449
58 60 0.398844
58 61 0.693642
58 62 0.473988
58 63 0.414258
58 64 0.670520
58 65 0.554913
58 66 0.556840
58 67 0.541426
58 68 0.936416
58 69 0.641618
58 70 0.462428
58 71 0.897881
58 72 0.803468
58 73 0.647399
58 74 0.254335
58 75 0.495183
58 76 0.915222
58 77 0.780347
58 78 0.595376
58 79 0.587669
58 80 0.657033
58 81 0.693642
58 82 0.589595
58 83 0.510597
58 84 0.427746
58 85 0.123314
58 86 0.472062
58 87 0.196532
58 88 0.707129
58 89 0.379576
58 90 0.435453
58 91 0.820809
58 92 0.801541
58 93 0.880539
58 94 0.560694
58 95 0.379576
58 96 0.628131
58 97 0.551060
58 98 0.562620
58 99 0.998073
59 60 0.281596
59 61 0.115299
59 62 0.543237
59 63 0.241685
59 64 0.813747
59 65 0.321508
59 66 0.636364
59 67 0.636364
59 68 0.625277
59 69 0.135255
59 70 0.869180
59 71 0.631929
59 72 0.332594
59 73 0.840355
59 74 0.756098
59 75 0.501109
59 76 0.554324
59 77 0.616408
59 78 0.305987
59 79 0.159645
59 80 0.833703
59 81 0.583149
59 82 0.055432
59 83 0.880266
59 84 0.458980
59 85 0.543237
59 86 0.458980
59 87 0.780488
59 88 0.509978
59 89 0.532151
59 90 0.470067
59 91 0.292683
59 92 0.441242
59 93 0.434590
59 94 0.113082
59 95 0.951220
59 96 0.585366
59 97 0.401330
59 98 0.691796
59 99 0.997783
60 61 0.347573
60 62 0.499029
60 63 0.036893
60 64 0.757282
60 65 0.400000
60 66 0.600000
60 67 0.592233
60 68 0.755340
60 69 0.254369
60 70 0.702913
60 71 0.745631
60 72 0.528155
60 73 0.763107
60 74 0.547573
60 75 0.240777
60 76 0.704854
60 77 0.687379
60 78 0.413592
60 79 0.192233
60 80 0.763107
60 81 0.631068
60 82 0.221359
60 83 0.730097
60 84 0.178641
60 85 0.297087
60 86 0.200000
60 87 0.539806
60 88 0.592233
60 89 0.444660
60 90 0.429126
60 91 0.502913
60 92 0.594175
60 93 0.617476
60 94 0.176699
60 95 0.716505
60 96 0.601942
60 97 0.448544
60 98 0.636893
60 99 0.998058
61 62 0.574153
61 63 0.341102
61 64 0.813559
61 65 0.341102
61 66 0.650424
61 67 0.652542
61 68 0.542373
61 69 0.163136
61 70 0.902542
61 71 0.561441
61 72 0.239407
61 73 0.845339
61 74 0.815678
61 75 0.569915
61 76 0.466102
61 77 0.576271
61 78 0.309322
61 79 0.222458
61 80 0.836864
61 81 0.565678
61 82 0.139831
61 83 0.906780
61 84 0.538136
61 85 0.627119
61 86 0.531780
61 87 0.843220
61 88 0.483051
61 89 0.580508
61 90 0.512712
61 91 0.175847
61 92 0.372881
61 93 0.332627
61 94 0.199153
61 95 0.997881
61 96 0.582627
61 97 0.419492
61 98 0.705508
61 99 0.942797
62 63 0.648148
62 64 0.351852
62 65 0.301587
62 66 0.137566
62 67 0.126984
62 68 0.695767
62 69 0.801587
62 70 0.433862
62 71 0.621693
62 72 0.671958
62 73 0.365079
62 74 0.455026
62 75 0.997354
62 76 0.698413
62 77 0.433862
62 78 0.357143
62 79 0.788360
62 80 0.362434
62 81 0.309524
62 82 0.695767
62 83 0.423280
62 84 0.902116
62 85 0.534392
62 86 0.944444
62 87 0.544974
62 88 0.359788
62 89 0.126984
62 90 0.095238
62 91 0.772487
62 92 0.571429
62 93 0.735450
62 94 0.719577
62 95 0.624339
62 96 0.211640
62 97 0.216931
62 98 0.187831
62 99 0.732804
63 64 0.758000
63 65 0.378000
63 66 0.594000
63 67 0.586000
63 68 0.740000
63 69 0.236000
63 70 0.716000
63 71 0.730000
63 72 0.506000
63 73 0.766000
63 74 0.564000
63 75 0.282000
63 76 0.688000
63 77 0.674000
63 78 0.390000
63 79 0.178000
63 80 0.766000
63 81 0.618000
63 82 0.196000
63 83 0.740000
63 84 0.220000
63 85 0.316000
63 86 0.238000
63 87 0.562000
63 88 0.576000
63 89 0.440000
63 90 0.418000
63 91 0.482000
63 92 0.574000
63 93 0.598000
63 94 0.154000
63 95 0.740000
63 96 0.590000
63 97 0.430000
63 98 0.634000
63 99 0.998000
64 65 0.438356
64 66 0.160470
64 67 0.166341
64 68 0.551859
64 69 0.837573
64 70 0.305284
64 71 0.481409
64 72 0.655577
64 73 0.052838
64 74 0.459883
64 75 0.998043
64 76 0.590998
64 77 0.330724
64 78 0.465753
64 79 0.833659
64 80 0.033268
64 81 0.266145
64 82 0.759295
64 83 0.256360
64 84 0.925636
64 85 0.622309
64 86 0.958904
64 87 0.538160
64 88 0.352250
64 89 0.328767
64 90 0.330724
64 91 0.751468
64 92 0.536204
64 93 0.673190
64 94 0.782779
64 95 0.500978
64 96 0.217221
64 97 0.363992
64 98 0.123288
64 99 0.352250
65 66 0.430678
65 67 0.433628
65 68 0.592920
65 69 0.610619
65 70 0.817109
65 71 0.548673
65 72 0.427729
65 73 0.702065
65 74 0.769912
65 75 0.973451
65 76 0.548673
65 77 0.436578
65 78 0.067847
65 79 0.619469
65 80 0.690265
65 81 0.359882
65 82 0.495575
65 83 0.808260
65 84 0.879056
65 85 0.672566
65 86 0.908555
65 87 0.843658
65 88 0.292035
65 89 0.389381
65 90 0.271386
65 91 0.528024
65 92 0.377581
65 93 0.522124
65 94 0.542773
65 95 0.997050
65 96 0.351032
65 97 0.109145
65 98 0.507375
65 99 0.920354
66 67 0.020882
66 68 0.584687
66 69 0.805104
66 70 0.366589
66 71 0.510441
66 72 0.631090
66 73 0.213457
66 74 0.457077
66 75 0.997680
66 76 0.605568
66 77 0.329466
66 78 0.378190
66 79 0.798144
66 80 0.206497
66 81 0.222738
66 82 0.712297
66 83 0.336427
66 84 0.911833
66 85 0.580046
66 86 0.948956
66 87 0.547564
66 88 0.301624
66 89 0.220418
66 90 0.201856
66 91 0.733179
66 92 0.512761
66 93 0.670534
66 94 0.737819
66 95 0.570766
66 96 0.129930
66 97 0.252900
66 98 0.060325
66 99 0.531323
67 68 0.610329
67 69 0.814554
67 70 0.352113
67 71 0.535211
67 72 0.650235
67 73 0.215962
67 74 0.441315
67 75 0.997653
67 76 0.631455
67 77 0.352113
67 78 0.387324
67 79 0.805164
67 80 0.211268
67 81 0.244131
67 82 0.720657
67 83 0.323944
67 84 0.910798
67 85 0.570423
67 86 0.950704
67 87 0.532864
67 88 0.321596
67 89 0.206573
67 90 0.197183
67 91 0.751174
67 92 0.532864
67 93 0.692488
67 94 0.744131
67 95 0.556338
67 96 0.150235
67 97 0.260563
67 98 0.058685
67 99 0.556338
68 69 0.656126
68 70 0.810277
68 71 0.071146
68 72 0.286561
68 73 0.610672
68 74 0.859684
68 75 0.998024
68 76 0.077075
68 77 0.225296
68 78 0.361660
68 79 0.697628
68 80 0.592885
68 81 0.308300
68 82 0.606719
68 83 0.780632
68 84 0.948617
68 85 0.845850
68 86 0.958498
68 87 0.924901
68 88 0.249012
68 89 0.602767
68 90 0.527668
68 91 0.385375
68 92 0.164032
68 93 0.223320
68 94 0.660079
68 95 0.980237
68 96 0.387352
68 97 0.395257
68 98 0.539526
68 99 0.464427
69 70 0.870841
69 71 0.663405
69 72 0.373777
69 73 0.859100
69 74 0.753425
69 75 0.385519
69 76 0.581213
69 77 0.661448
69 78 0.389432
69 79 0.066536
69 80 0.853229
69 81 0.636008
69 82 0.078278
69 83 0.882583
69 84 0.365949
69 85 0.536204
69 86 0.354207
69 87 0.763209
69 88 0.567515
69 89 0.577299
69 90 0.528376
69 91 0.307241
69 92 0.491194
69 93 0.459883
69 94 0.084149
69 95 0.927593
69 96 0.637965
69 97 0.475538
69 98 0.727984
69 99 0.998043
70 71 0.812500
70 72 0.900862
70 73 0.284483
70 74 0.232759
70 75 0.997845
70 76 0.903017
70 77 0.642241
70 78 0.642241
70 79 0.928879
70 80 0.303879
70 81 0.547414
70 82 0.875000
70 83 0.060345
70 84 0.913793
70 85 0.512931
70 86 0.959052
70 87 0.310345
70 88 0.620690
70 89 0.327586
70 90 0.400862
70 91 0.982759
70 92 0.810345
70 93 0.950431
70 94 0.877155
70 95 0.215517
70 96 0.461207
70 97 0.530172
70 98 0.295259
70 99 0.721983
71 72 0.317460
71 73 0.541667
71 74 0.807540
71 75 0.998016
71 76 0.134921
71 77 0.156746
71 78 0.341270
71 79 0.708333
71 80 0.523810
71 81 0.246032
71 82 0.617063
71 83 0.716270
71 84 0.944444
71 85 0.813492
71 86 0.958333
71 87 0.875000
71 88 0.198413
71 89 0.553571
71 90 0.480159
71 91 0.424603
71 92 0.174603
71 93 0.271825
71 94 0.666667
71 95 0.924603
71 96 0.325397
71 97 0.357143
71 98 0.476190
71 99 0.402778
72 73 0.734021
72 74 0.837113
72 75 0.777320
72 76 0.220619
72 77 0.389691
72 78 0.251546
72 79 0.445361
72 80 0.721649
72 81 0.414433
72 82 0.354639
72 83 0.849485
72 84 0.736082
72 85 0.727835
72 86 0.738144
72 87 0.884536
72 88 0.323711
72 89 0.571134
72 90 0.488660
72 91 0.113402
72 92 0.154639
72 93 0.094845
72 94 0.412371
72 95 0.997938
72 96 0.463918
72 97 0.354639
72 98 0.616495
72 99 0.734021
73 74 0.423828
73 75 0.998047
73 76 0.638672
73 77 0.378906
73 78 0.494141
73 79 0.849609
73 80 0.017578
73 81 0.312500
73 82 0.779297
73 83 0.207031
73 84 0.923828
73 85 0.607422
73 86 0.957031
73 87 0.503906
73 88 0.396484
73 89 0.324219
73 90 0.339844
73 91 0.787109
73 92 0.580078
73 93 0.716797
73 94 0.798828
73 95 0.453125
73 96 0.253906
73 97 0.392578
73 98 0.130859
73 99 0.396484
74 75 0.838269
74 76 0.988610
74 77 0.760820
74 78 0.646925
74 79 0.831435
74 80 0.510251
74 81 0.653759
74 82 0.794989
74 83 0.305239
74 84 0.749431
74 85 0.316629
74 86 0.801822
74 87 0.091116
74 88 0.701595
74 89 0.300683
74 90 0.391800
74 91 0.984055
74 92 0.870159
74 93 0.997722
74 94 0.783599
74 95 0.200456
74 96 0.562642
74 97 0.551253
74 98 0.432802
74 99 0.943052
75 76 0.743750
75 77 0.746875
75 78 0.523438
75 79 0.256250
75 80 0.800000
75 81 0.701562
75 82 0.320312
75 83 0.750000
75 84 0.059375
75 85 0.356250
75 86 0.032813
75 87 0.550000
75 88 0.670312
75 89 0.537500
75 90 0.534375
75 91 0.550000
75 92 0.659375
75 93 0.660937
75 94 0.275000
75 95 0.700000
75 96 0.678125
75 97 0.556250
75 98 0.698438
75 99 0.998437
76 77 0.264940
76 78 0.330677
76 79 0.637450
76 80 0.633466
76 81 0.334661
76 82 0.547809
76 83 0.808765
76 84 0.900398
76 85 0.824701
76 86 0.908367
76 87 0.926295
76 88 0.260956
76 89 0.601594
76 90 0.521912
76 91 0.310757
76 92 0.117530
76 93 0.145418
76 94 0.601594
76 95 0.998008
76 96 0.408367
76 97 0.384462
76 98 0.565737
76 99 0.539841
77 78 0.314410
77 79 0.762009
77 80 0.406114
77 81 0.102620
77 82 0.661572
77 83 0.613537
77 84 0.975983
77 85 0.770742
77 86 0.997817
77 87 0.807860
77 88 0.106987
77 89 0.460699
77 90 0.388646
77 91 0.532751
77 92 0.255459
77 93 0.403930
77 94 0.707424
77 95 0.847162
77 96 0.189956
77 97 0.277293
77 98 0.349345
77 99 0.377729
78 79 0.567493
78 80 0.685950
78 81 0.344353
78 82 0.446281
78 83 0.812672
78 84 0.842975
78 85 0.683196
78 86 0.865014
78 87 0.851240
78 88 0.258953
78 89 0.426997
78 90 0.316804
78 91 0.432507
78 92 0.297521
78 93 0.424242
78 94 0.498623
78 95 0.997245
78 96 0.355372
78 97 0.148760
78 98 0.520661
78 99 0.862259
79 80 0.831094
79 81 0.637236
79 82 0.088292
79 83 0.844530
79 84 0.293666
79 85 0.474088
79 86 0.284069
79 87 0.704415
79 88 0.575816
79 89 0.545106
79 90 0.504798
79 91 0.358925
79 92 0.520154
79 93 0.500960
79 94 0.049904
79 95 0.869482
79 96 0.629559
79 97 0.470250
79 98 0.706334
79 99 0.998081
80 81 0.308316
80 82 0.805274
80 83 0.233266
80 84 0.961460
80 85 0.638945
80 86 0.997972
80 87 0.537525
80 88 0.397566
80 89 0.340771
80 90 0.350913
80 91 0.807302
80 92 0.586207
80 93 0.728195
80 94 0.825558
80 95 0.488844
80 96 0.251521
80 97 0.399594
80 98 0.133874
80 99 0.393509
81 82 0.671329
81 83 0.554779
81 84 0.969697
81 85 0.722611
81 86 0.997669
81 87 0.752914
81 88 0.102564
81 89 0.384615
81 90 0.312354
81 91 0.589744
81 92 0.319347
81 93 0.482517
81 94 0.713287
81 95 0.797203
81 96 0.093240
81 97 0.216783
81 98 0.272727
81 99 0.442890
82 83 0.865546
82 84 0.394958
82 85 0.514706
82 86 0.390756
82 87 0.750000
82 88 0.535714
82 89 0.535714
82 90 0.483193
82 91 0.313025
82 92 0.470588
82 93 0.457983
82 94 0.058824
82 95 0.920168
82 96 0.602941
82 97 0.428571
82 98 0.697479
82 99 0.997899
83 84 0.952484
83 85 0.559395
83 86 0.997840
83 87 0.371490
83 88 0.593952
83 89 0.336933
83 90 0.401728
83 91 0.976242
83 92 0.790497
83 93 0.935205
83 94 0.896328
83 95 0.274298
83 96 0.431965
83 97 0.520518
83 98 0.261339
83 99 0.665227
84 85 0.313531
84 86 0.037954
84 87 0.519802
84 88 0.656766
84 89 0.504950
84 90 0.503300
84 91 0.556106
84 92 0.655116
84 93 0.665017
84 94 0.264026
84 95 0.678218
84 96 0.658416
84 97 0.531353
84 98 0.676568
84 99 0.998350
85 86 0.441667
85 87 0.264583
85 88 0.650000
85 89 0.322917
85 90 0.366667
85 91 0.754167
85 92 0.741667
85 93 0.820833
85 94 0.481250
85 95 0.462500
85 96 0.581250
85 97 0.479167
85 98 0.537500
85 99 0.997917
86 87 0.546042
86 88 0.657512
86 89 0.523425
86 90 0.518578
86 91 0.539580
86 92 0.647819
86 93 0.652666
86 94 0.255250
86 95 0.701131
86 96 0.667205
86 97 0.539580
86 98 0.689822
86 99 0.998384
87 88 0.735484
87 89 0.348387
87 90 0.434409
87 91 0.969892
87 92 0.883871
87 93 0.997849
87 94 0.748387
87 95 0.206452
87 96 0.610753
87 97 0.582796
87 98 0.494624
87 99 0.976344
88 89 0.481183
88 90 0.381720
88 91 0.561828
88 92 0.250000
88 93 0.438172
88 94 0.739247
88 95 0.997312
88 96 0.201613
88 97 0.220430
88 98 0.413978
88 99 0.591398
89 90 0.123077
89 91 0.950769
89 92 0.769231
89 93 0.944615
89 94 0.796923
89 95 0.633846
89 96 0.393846
89 97 0.338462
89 98 0.326154
89 99 0.996923
90 91 0.879870
90 92 0.678571
90 93 0.866883
90 94 0.769481
90 95 0.798701
90 96 0.334416
90 97 0.224026
90 98 0.347403
90 99 0.996753
91 92 0.252427
91 93 0.163107
91 94 0.343689
91 95 0.998058
91 96 0.530097
91 97 0.407767
91 98 0.666019
91 99 0.798058
92 93 0.154525
92 94 0.551876
92 95 0.997792
92 96 0.370861
92 97 0.306843
92 98 0.543046
92 99 0.618102
93 94 0.478599
93 95 0.998054
93 96 0.461089
93 97 0.385214
93 98 0.612840
93 99 0.661479
94 95 0.870968
94 96 0.608871
94 97 0.441532
94 98 0.689516
94 99 0.997984
95 96 0.690367
95 97 0.722477
95 98 0.527523
95 99 0.997706
96 97 0.400966
96 98 0.381643
96 99 0.995169
97 98 0.478873
97 99 0.996479
98 99 0.995614
