100 4950
0 1 0.100464
0 2 0.324575
0 3 0.704791
0 4 0.425039
0 5 0.701700
0 6 0.496136
0 7 0.284389
0 8 0.669243
0 9 0.340031
0 10 0.122102
0 11 0.675425
0 12 0.225657
0 13 0.163833
0 14 0.502318
0 15 0.496136
0 16 0.421947
0 17 0.414219
0 18 0.112828
0 19 0.615147
0 20 0.673879
0 21 0.182380
0 22 0.723338
0 23 0.457496
0 24 0.375580
0 25 0.289026
0 26 0.550232
0 27 0.661515
0 28 0.449768
0 29 0.245750
0 30 0.442040
0 31 0.230294
0 32 0.367852
0 33 0.452859
0 34 0.077280
0 35 0.406491
0 36 0.417311
0 37 0.310665
0 38 0.587326
0 39 0.738794
0 40 0.108192
0 41 0.701700
0 42 0.258114
0 43 0.292117
0 44 0.449768
0 45 0.168470
0 46 0.211747
0 47 0.205564
0 48 0.649150
0 49 0.686244
0 50 0.646059
0 51 0.295209
0 52 0.426584
0 53 0.599691
0 54 0.452859
0 55 0.593509
0 56 0.602782
0 57 0.559505
0 58 0.197836
0 59 0.170015
0 60 0.389490
0 61 0.548686
0 62 0.278207
0 63 0.639876
0 64 0.440495
0 65 0.678516
0 66 0.157651
0 67 0.377125
0 68 0.256569
0 69 0.119011
0 70 0.287481
0 71 0.304482
0 72 0.231839
0 73 0.544049
0 74 0.412674
0 75 0.468315
0 76 0.047913
0 77 0.323029
0 78 0.540958
0 79 0.221020
0 80 0.219474
0 81 0.442040
0 82 0.523957
0 83 0.625966
0 84 0.670788
0 85 0.052550
0 86 0.477589
0 87 0.707883
0 88 0.570325
0 89 0.069552
0 90 0.452859
0 91 0.540958
0 92 0.573416
0 93 0.140649
0 94 0.323029
0 95 0.428130
0 96 0.324575
0 97 0.469861
0 98 0.318393
0 99 0.570325
1 2 0.380216
1 3 0.605873
1 4 0.352396
1 5 0.601236
1 6 0.455951
1 7 0.213292
1 8 0.624420
1 9 0.241113
1 10 0.030912
1 11 0.633694
1 12 0.241113
1 13 0.207110
1 14 0.474498
1 15 0.457496
1 16 0.425039
1 17 0.361669
1 18 0.105100
1 19 0.570325
1 20 0.618238
1 21 0.180835
1 22 0.624420
1 23 0.440495
1 24 0.336940
1 25 0.234930
1 26 0.462133
1 27 0.561051
1 28 0.350850
1 29 0.168470
1 30 0.400309
1 31 0.170015
1 32 0.292117
1 33 0.425039
1 34 0.154560
1 35 0.367852
1 36 0.326121
1 37 0.389490
1 38 0.520866
1 39 0.638331
1 40 0.131376
1 41 0.656878
1 42 0.315301
1 43 0.275116
1 44 0.366306
1 45 0.258114
1 46 0.301391
1 47 0.166924
1 48 0.556414
1 49 0.585781
1 50 0.605873
1 51 0.307573
1 52 0.338485
1 53 0.557960
1 54 0.360124
1 55 0.514683
1 56 0.502318
1 57 0.463679
1 58 0.142195
1 59 0.241113
1 60 0.307573
1 61 0.452859
1 62 0.182380
1 63 0.567233
1 64 0.404946
1 65 0.625966
1 66 0.153014
1 67 0.350850
1 68 0.324575
1 69 0.217929
1 70 0.208655
1 71 0.208655
1 72 0.190108
1 73 0.499227
1 74 0.310665
1 75 0.366306
1 76 0.129830
1 77 0.233385
1 78 0.459042
1 79 0.136012
1 80 0.119011
1 81 0.398764
1 82 0.463679
1 83 0.528594
1 84 0.573416
1 85 0.047913
1 86 0.389490
1 87 0.608964
1 88 0.471406
1 89 0.166924
1 90 0.374034
1 91 0.451314
1 92 0.482226
1 93 0.182380
1 94 0.370943
1 95 0.420402
1 96 0.230294
1 97 0.387944
1 98 0.361669
1 99 0.471406
2 3 0.870170
2 4 0.734158
2 5 0.870170
2 6 0.414219
2 7 0.389490
2 8 0.565688
2 9 0.591963
2 10 0.411128
2 11 0.562597
2 12 0.174652
2 13 0.173107
2 14 0.381762
2 15 0.406491
2 16 0.225657
2 17 0.404946
2 18 0.281298
2 19 0.520866
2 20 0.605873
2 21 0.228748
2 22 0.877898
2 23 0.312210
2 24 0.700155
2 25 0.343122
2 26 0.641422
2 27 0.819165
2 28 0.690881
2 29 0.550232
2 30 0.766615
2 31 0.343122
2 32 0.673879
2 33 0.341577
2 34 0.370943
2 35 0.731066
2 36 0.556414
2 37 0.105100
2 38 0.576507
2 39 0.935085
2 40 0.431221
2 41 0.588872
2 42 0.066461
2 43 0.247295
2 44 0.746522
2 45 0.190108
2 46 0.173107
2 47 0.295209
2 48 0.758887
2 49 0.891808
2 50 0.528594
2 51 0.160742
2 52 0.547141
2 53 0.502318
2 54 0.727975
2 55 0.630603
2 56 0.777434
2 57 0.690881
2 58 0.332303
2 59 0.157651
2 60 0.488408
2 61 0.808346
2 62 0.551777
2 63 0.646059
2 64 0.361669
2 65 0.602782
2 66 0.482226
2 67 0.701700
2 68 0.078825
2 69 0.315301
2 70 0.590417
2 71 0.489954
2 72 0.306028
2 73 0.462133
2 74 0.635240
2 75 0.672334
2 76 0.353941
2 77 0.474498
2 78 0.601236
2 79 0.403400
2 80 0.457496
2 81 0.391036
2 82 0.503864
2 83 0.771252
2 84 0.822257
2 85 0.346213
2 86 0.761978
2 87 0.854714
2 88 0.794436
2 89 0.329212
2 90 0.754250
2 91 0.636785
2 92 0.680062
2 93 0.197836
2 94 0.035549
2 95 0.264297
2 96 0.596600
2 97 0.553323
2 98 0.054096
2 99 0.743431
3 4 0.508501
3 5 0.009274
3 6 0.571870
3 7 0.480680
3 8 0.605873
3 9 0.389490
3 10 0.590417
3 11 0.624420
3 12 0.697063
3 13 0.732612
3 14 0.630603
3 15 0.582689
3 16 0.740340
3 17 0.502318
3 18 0.639876
3 19 0.581144
3 20 0.534776
3 21 0.653787
3 22 0.027821
3 23 0.670788
3 24 0.663060
3 25 0.525502
3 26 0.256569
3 27 0.051005
3 28 0.299845
3 29 0.537867
3 30 0.670788
3 31 0.534776
3 32 0.506955
3 33 0.624420
3 34 0.755796
3 35 0.672334
3 36 0.312210
3 37 0.931994
3 38 0.429675
3 39 0.108192
3 40 0.704791
3 41 0.627512
3 42 0.820711
3 43 0.627512
3 44 0.452859
3 45 0.836167
3 46 0.877898
3 47 0.582689
3 48 0.162287
3 49 0.117465
3 50 0.627512
3 51 0.715611
3 52 0.323029
3 53 0.588872
3 54 0.374034
3 55 0.335394
3 56 0.102009
3 57 0.183926
3 58 0.554869
3 59 0.797527
3 60 0.381762
3 61 0.304482
3 62 0.460587
3 63 0.387944
3 64 0.584235
3 65 0.551777
3 66 0.686244
3 67 0.707883
3 68 0.854714
3 69 0.825348
3 70 0.513138
3 71 0.403400
3 72 0.565688
3 73 0.561051
3 74 0.304482
3 75 0.242658
3 76 0.734158
3 77 0.403400
3 78 0.318393
3 79 0.496136
3 80 0.485317
3 81 0.545595
3 82 0.465224
3 83 0.103555
3 84 0.054096
3 85 0.652241
3 86 0.395672
3 87 0.046368
3 88 0.196291
3 89 0.772798
3 90 0.477589
3 91 0.255023
3 92 0.213292
3 93 0.715611
3 94 0.839258
3 95 0.698609
3 96 0.426584
3 97 0.332303
3 98 0.822257
3 99 0.134467
4 5 0.500773
4 6 0.703246
4 7 0.451314
4 8 0.842349
4 9 0.211747
4 10 0.321484
4 11 0.856260
4 12 0.584235
4 13 0.559505
4 14 0.743431
4 15 0.709428
4 16 0.746522
4 17 0.596600
4 18 0.454405
4 19 0.792890
4 20 0.805255
4 21 0.522411
4 22 0.536321
4 23 0.734158
4 24 0.162287
4 25 0.503864
4 26 0.533230
4 27 0.489954
4 28 0.224111
4 29 0.183926
4 30 0.160742
4 31 0.451314
4 32 0.060278
4 33 0.703246
4 34 0.423493
4 35 0.165379
4 36 0.415765
4 37 0.735703
4 38 0.683153
4 39 0.477589
4 40 0.347759
4 41 0.873261
4 42 0.667697
4 43 0.588872
4 44 0.057187
4 45 0.595054
4 46 0.638331
4 47 0.480680
4 48 0.561051
4 49 0.425039
4 50 0.837713
4 51 0.646059
4 52 0.445131
4 53 0.786708
4 54 0.134467
4 55 0.627512
4 56 0.425039
4 57 0.477589
4 58 0.440495
4 59 0.590417
4 60 0.465224
4 61 0.216383
4 62 0.200927
4 63 0.697063
4 64 0.670788
4 65 0.817620
4 66 0.301391
4 67 0.207110
4 68 0.675425
4 69 0.510046
4 70 0.143740
4 71 0.343122
4 72 0.489954
4 73 0.731066
4 74 0.264297
4 75 0.310665
4 76 0.420402
4 77 0.391036
4 78 0.571870
4 79 0.377125
4 80 0.301391
4 81 0.647604
4 82 0.658423
4 83 0.493045
4 84 0.510046
4 85 0.391036
4 86 0.115920
4 87 0.539413
4 88 0.313756
4 89 0.462133
4 90 0.038640
4 91 0.520866
4 92 0.522411
4 93 0.534776
4 94 0.721793
4 95 0.727975
4 96 0.174652
4 97 0.511592
4 98 0.712519
4 99 0.411128
5 6 0.574961
5 7 0.480680
5 8 0.612056
5 9 0.383308
5 10 0.585781
5 11 0.630603
5 12 0.695518
5 13 0.731066
5 14 0.633694
5 15 0.585781
5 16 0.741886
5 17 0.503864
5 18 0.636785
5 19 0.587326
5 20 0.540958
5 21 0.652241
5 22 0.038640
5 23 0.672334
5 24 0.655332
5 25 0.525502
5 26 0.261206
5 27 0.052550
5 28 0.292117
5 29 0.531685
5 30 0.663060
5 31 0.533230
5 32 0.499227
5 33 0.627512
5 34 0.751159
5 35 0.664606
5 36 0.312210
5 37 0.930448
5 38 0.434312
5 39 0.100464
5 40 0.698609
5 41 0.633694
5 42 0.820711
5 43 0.627512
5 44 0.445131
5 45 0.834621
5 46 0.874807
5 47 0.581144
5 48 0.168470
5 49 0.108192
5 50 0.632148
5 51 0.717156
5 52 0.323029
5 53 0.593509
5 54 0.366306
5 55 0.341577
5 56 0.098918
5 57 0.185471
5 58 0.551777
5 59 0.795981
5 60 0.381762
5 61 0.295209
5 62 0.454405
5 63 0.394127
5 64 0.585781
5 65 0.557960
5 66 0.680062
5 67 0.700155
5 68 0.854714
5 69 0.820711
5 70 0.506955
5 71 0.400309
5 72 0.565688
5 73 0.565688
5 74 0.298300
5 75 0.238022
5 76 0.729521
5 77 0.400309
5 78 0.323029
5 79 0.493045
5 80 0.482226
5 81 0.547141
5 82 0.469861
5 83 0.106646
5 84 0.060278
5 85 0.649150
5 86 0.387944
5 87 0.055641
5 88 0.187017
5 89 0.768161
5 90 0.468315
5 91 0.258114
5 92 0.216383
5 93 0.714065
5 94 0.839258
5 95 0.700155
5 96 0.420402
5 97 0.333849
5 98 0.822257
5 99 0.131376
6 7 0.259660
6 8 0.173107
6 9 0.494590
6 10 0.472952
6 11 0.179289
6 12 0.306028
6 13 0.383308
6 14 0.057187
6 15 0.009274
6 16 0.204019
6 17 0.106646
6 18 0.381762
6 19 0.120556
6 20 0.194745
6 21 0.319938
6 22 0.568779
6 23 0.114374
6 24 0.763524
6 25 0.221020
6 26 0.313756
6 27 0.522411
6 28 0.540958
6 29 0.564142
6 30 0.816074
6 31 0.285935
6 32 0.652241
6 33 0.072643
6 34 0.573416
6 35 0.791345
6 36 0.321484
6 37 0.513138
6 38 0.176198
6 39 0.666151
6 40 0.582689
6 41 0.205564
6 42 0.401855
6 43 0.211747
6 44 0.683153
6 45 0.503864
6 46 0.523957
6 47 0.292117
6 48 0.421947
6 49 0.639876
6 50 0.149923
6 51 0.265842
6 52 0.293663
6 53 0.103555
6 54 0.622875
6 55 0.255023
6 56 0.510046
6 57 0.394127
6 58 0.312210
6 59 0.448223
6 60 0.248841
6 61 0.656878
6 62 0.508501
6 63 0.245750
6 64 0.057187
6 65 0.194745
6 66 0.610510
6 67 0.788253
6 68 0.448223
6 69 0.581144
6 70 0.584235
6 71 0.360124
6 72 0.267388
6 73 0.051005
6 74 0.476043
6 75 0.474498
6 76 0.544049
6 77 0.313756
6 78 0.253478
6 79 0.344668
6 80 0.418856
6 81 0.057187
6 82 0.111283
6 83 0.468315
6 84 0.517774
6 85 0.466770
6 86 0.664606
6 87 0.540958
6 88 0.588872
6 89 0.554869
6 90 0.703246
6 91 0.316847
6 92 0.358578
6 93 0.387944
6 94 0.377125
6 95 0.157651
6 96 0.528594
6 97 0.250386
6 98 0.360124
6 99 0.482226
7 8 0.418856
7 9 0.251932
7 10 0.224111
7 11 0.429675
7 12 0.214838
7 13 0.255023
7 14 0.292117
7 15 0.264297
7 16 0.310665
7 17 0.156105
7 18 0.182380
7 19 0.366306
7 20 0.406491
7 21 0.173107
7 22 0.491499
7 23 0.282844
7 24 0.502318
7 25 0.057187
7 26 0.276662
7 27 0.431221
7 28 0.326121
7 29 0.304482
7 30 0.554869
7 31 0.057187
7 32 0.397218
7 33 0.251932
7 34 0.357032
7 35 0.530139
7 36 0.166924
7 37 0.451314
7 38 0.306028
7 39 0.545595
7 40 0.344668
7 41 0.451314
7 42 0.338485
7 43 0.160742
7 44 0.437403
7 45 0.369397
7 46 0.406491
7 47 0.102009
7 48 0.386399
7 49 0.502318
7 50 0.406491
7 51 0.244204
7 52 0.162287
7 53 0.353941
7 54 0.389490
7 55 0.309119
7 56 0.386399
7 57 0.307573
7 58 0.086553
7 59 0.323029
7 60 0.111283
7 61 0.446677
7 62 0.250386
7 63 0.355487
7 64 0.219474
7 65 0.414219
7 66 0.363215
7 67 0.528594
7 68 0.374034
7 69 0.395672
7 70 0.324575
7 71 0.119011
7 72 0.085008
7 73 0.296754
7 74 0.262751
7 75 0.289026
7 76 0.329212
7 77 0.086553
7 78 0.258114
7 79 0.086553
7 80 0.159196
7 81 0.202473
7 82 0.250386
7 83 0.384853
7 84 0.435858
7 85 0.239567
7 86 0.429675
7 87 0.469861
7 88 0.412674
7 89 0.353941
7 90 0.455951
7 91 0.268934
7 92 0.307573
7 93 0.242658
7 94 0.361669
7 95 0.282844
7 96 0.276662
7 97 0.190108
7 98 0.344668
7 99 0.353941
8 9 0.629057
8 10 0.639876
8 11 0.018547
8 12 0.477589
8 13 0.556414
8 14 0.185471
8 15 0.174652
8 16 0.341577
8 17 0.264297
8 18 0.554869
8 19 0.054096
8 20 0.077280
8 21 0.494590
8 22 0.593509
8 23 0.253478
8 24 0.918083
8 25 0.387944
8 26 0.366306
8 27 0.562597
8 28 0.653787
8 29 0.720247
8 30 0.965997
8 31 0.454405
8 32 0.795981
8 33 0.231839
8 34 0.746522
8 35 0.944359
8 36 0.432767
8 37 0.669243
8 38 0.179289
8 39 0.710974
8 40 0.754250
8 41 0.032457
8 42 0.564142
8 43 0.384853
8 44 0.812983
8 45 0.675425
8 46 0.690881
8 47 0.463679
8 48 0.443586
8 49 0.697063
8 50 0.040185
8 51 0.431221
8 52 0.401855
8 53 0.069552
8 54 0.744977
8 55 0.270479
8 56 0.568779
8 57 0.451314
8 58 0.482226
8 59 0.618238
8 60 0.375580
8 61 0.758887
8 62 0.655332
8 63 0.219474
8 64 0.230294
8 65 0.061824
8 66 0.778980
8 67 0.945904
8 68 0.610510
8 69 0.755796
8 70 0.734158
8 71 0.500773
8 72 0.438949
8 73 0.125193
8 74 0.593509
8 75 0.574961
8 76 0.718702
8 77 0.454405
8 78 0.304482
8 79 0.505410
8 80 0.576507
8 81 0.227202
8 82 0.182380
8 83 0.510046
8 84 0.551777
8 85 0.638331
8 86 0.786708
8 87 0.564142
8 88 0.672334
8 89 0.729521
8 90 0.836167
8 91 0.374034
8 92 0.404946
8 93 0.562597
8 94 0.528594
8 95 0.299845
8 96 0.667697
8 97 0.341577
8 98 0.513138
8 99 0.548686
9 10 0.217929
9 11 0.642968
9 12 0.423493
9 13 0.423493
9 14 0.536321
9 15 0.500773
9 16 0.559505
9 17 0.386399
9 18 0.313756
9 19 0.581144
9 20 0.593509
9 21 0.364760
9 22 0.412674
9 23 0.534776
9 24 0.313756
9 25 0.307573
9 26 0.335394
9 27 0.353941
9 28 0.108192
9 29 0.149923
9 30 0.347759
9 31 0.267388
9 32 0.168470
9 33 0.500773
9 34 0.377125
9 35 0.333849
9 36 0.207110
9 37 0.621329
9 38 0.472952
9 39 0.403400
9 40 0.318393
9 41 0.661515
9 42 0.530139
9 43 0.404946
9 44 0.188563
9 45 0.497682
9 46 0.540958
9 47 0.306028
9 48 0.387944
9 49 0.350850
9 50 0.625966
9 51 0.474498
9 52 0.234930
9 53 0.574961
9 54 0.140649
9 55 0.423493
9 56 0.289026
9 57 0.295209
9 58 0.265842
9 59 0.474498
9 60 0.253478
9 61 0.216383
9 62 0.071097
9 63 0.491499
9 64 0.465224
9 65 0.605873
9 66 0.296754
9 67 0.352396
9 68 0.550232
9 69 0.454405
9 70 0.132921
9 71 0.136012
9 72 0.307573
9 73 0.520866
9 74 0.085008
9 75 0.146832
9 76 0.358578
9 77 0.180835
9 78 0.366306
9 79 0.194745
9 80 0.134467
9 81 0.438949
9 82 0.445131
9 83 0.336940
9 84 0.369397
9 85 0.290572
9 86 0.179289
9 87 0.404946
9 88 0.231839
9 89 0.400309
9 90 0.208655
9 91 0.323029
9 92 0.333849
9 93 0.400309
9 94 0.571870
9 95 0.534776
9 96 0.044822
9 97 0.301391
9 98 0.559505
9 99 0.261206
10 11 0.650696
10 12 0.270479
10 13 0.238022
10 14 0.494590
10 15 0.476043
10 16 0.452859
10 17 0.377125
10 18 0.136012
10 19 0.585781
10 20 0.630603
10 21 0.210201
10 22 0.610510
10 23 0.463679
10 24 0.309119
10 25 0.251932
10 26 0.460587
10 27 0.548686
10 28 0.327666
10 29 0.137558
10 30 0.370943
10 31 0.187017
10 32 0.261206
10 33 0.446677
10 34 0.163833
10 35 0.340031
10 36 0.321484
10 37 0.418856
10 38 0.528594
10 39 0.619784
10 40 0.126739
10 41 0.673879
10 42 0.346213
10 43 0.299845
10 44 0.336940
10 45 0.284389
10 46 0.329212
10 47 0.190108
10 48 0.548686
10 49 0.565688
10 50 0.624420
10 51 0.336940
10 52 0.336940
10 53 0.573416
10 54 0.332303
10 55 0.517774
10 56 0.486862
10 57 0.455951
10 58 0.160742
10 59 0.272025
10 60 0.310665
10 61 0.426584
10 62 0.156105
10 63 0.573416
10 64 0.425039
10 65 0.638331
10 66 0.137558
10 67 0.324575
10 68 0.355487
10 69 0.236476
10 70 0.177743
10 71 0.202473
10 72 0.210201
10 73 0.516229
10 74 0.292117
10 75 0.349304
10 76 0.143740
10 77 0.231839
10 78 0.462133
10 79 0.140649
10 80 0.106646
10 81 0.415765
10 82 0.474498
10 83 0.517774
10 84 0.561051
10 85 0.074189
10 86 0.360124
10 87 0.596600
10 88 0.449768
10 89 0.182380
10 90 0.343122
10 91 0.449768
10 92 0.477589
10 93 0.213292
10 94 0.401855
10 95 0.445131
10 96 0.202473
10 97 0.389490
10 98 0.392581
10 99 0.455951
11 12 0.480680
11 13 0.559505
11 14 0.185471
11 15 0.180835
11 16 0.336940
11 17 0.273570
11 18 0.562597
11 19 0.063369
11 20 0.094281
11 21 0.499227
11 22 0.612056
11 23 0.251932
11 24 0.930448
11 25 0.397218
11 26 0.383308
11 27 0.581144
11 28 0.669243
11 29 0.731066
11 30 0.978362
11 31 0.462133
11 32 0.809892
11 33 0.233385
11 34 0.754250
11 35 0.956723
11 36 0.448223
11 37 0.667697
11 38 0.197836
11 39 0.729521
11 40 0.761978
11 41 0.026275
11 42 0.562597
11 43 0.389490
11 44 0.828439
11 45 0.676971
11 46 0.692427
11 47 0.471406
11 48 0.462133
11 49 0.715611
11 50 0.034003
11 51 0.431221
11 52 0.417311
11 53 0.075734
11 54 0.760433
11 55 0.289026
11 56 0.587326
11 57 0.469861
11 58 0.491499
11 59 0.619784
11 60 0.389490
11 61 0.775889
11 62 0.667697
11 63 0.238022
11 64 0.236476
11 65 0.078825
11 66 0.788253
11 67 0.958269
11 68 0.608964
11 69 0.760433
11 70 0.746522
11 71 0.514683
11 72 0.446677
11 73 0.134467
11 74 0.608964
11 75 0.591963
11 76 0.724884
11 77 0.466770
11 78 0.321484
11 79 0.516229
11 80 0.587326
11 81 0.234930
11 82 0.197836
11 83 0.528594
11 84 0.570325
11 85 0.646059
11 86 0.802164
11 87 0.582689
11 88 0.690881
11 89 0.734158
11 90 0.850077
11 91 0.391036
11 92 0.421947
11 93 0.565688
11 94 0.527048
11 95 0.298300
11 96 0.681607
11 97 0.357032
11 98 0.511592
11 99 0.567233
12 13 0.077280
12 14 0.296754
12 15 0.302937
12 16 0.194745
12 17 0.261206
12 18 0.134467
12 19 0.426584
12 20 0.499227
12 21 0.061824
12 22 0.706337
12 23 0.241113
12 24 0.578053
12 25 0.173107
12 26 0.477589
12 27 0.646059
12 28 0.519320
12 29 0.403400
12 30 0.641422
12 31 0.166924
12 32 0.523957
12 33 0.247295
12 34 0.296754
12 35 0.608964
12 36 0.383308
12 37 0.239567
12 38 0.442040
12 39 0.760433
12 40 0.332303
12 41 0.506955
12 42 0.123648
12 43 0.097372
12 44 0.588872
12 45 0.197836
12 46 0.219474
12 47 0.120556
12 48 0.593509
12 49 0.717156
12 50 0.448223
12 51 0.069552
12 52 0.375580
12 53 0.408037
12 54 0.562597
12 55 0.480680
12 56 0.602782
12 57 0.520866
12 58 0.159196
12 59 0.142195
12 60 0.318393
12 61 0.638331
12 62 0.391036
12 63 0.508501
12 64 0.248841
12 65 0.500773
12 66 0.375580
12 67 0.587326
12 68 0.163833
12 69 0.282844
12 70 0.440495
12 71 0.315301
12 72 0.131376
12 73 0.357032
12 74 0.462133
12 75 0.497682
12 76 0.270479
12 77 0.298300
12 78 0.443586
12 79 0.230294
12 80 0.293663
12 81 0.265842
12 82 0.369397
12 83 0.599691
12 84 0.650696
12 85 0.221020
12 86 0.598145
12 87 0.683153
12 88 0.619784
12 89 0.267388
12 90 0.601236
12 91 0.471406
12 92 0.513138
12 93 0.089645
12 94 0.149923
12 95 0.205564
12 96 0.432767
12 97 0.387944
12 98 0.134467
12 99 0.568779
13 14 0.375580
13 15 0.380216
13 16 0.267388
13 17 0.329212
13 18 0.108192
13 19 0.503864
13 20 0.574961
13 21 0.081917
13 22 0.744977
13 23 0.318393
13 24 0.533230
13 25 0.225657
13 26 0.528594
13 27 0.683153
13 28 0.527048
13 29 0.375580
13 30 0.598145
13 31 0.197836
13 32 0.499227
13 33 0.326121
13 34 0.227202
13 35 0.564142
13 36 0.420402
13 37 0.200927
13 38 0.511592
13 39 0.786708
13 40 0.272025
13 41 0.585781
13 42 0.108192
13 43 0.171561
13 44 0.571870
13 45 0.123648
13 46 0.153014
13 47 0.151468
13 48 0.641422
13 49 0.740340
13 50 0.527048
13 51 0.140649
13 52 0.417311
13 53 0.486862
13 54 0.556414
13 55 0.542504
13 56 0.633694
13 57 0.562597
13 58 0.177743
13 59 0.071097
13 60 0.364760
13 61 0.639876
13 62 0.378671
13 63 0.574961
13 64 0.326121
13 65 0.576507
13 66 0.319938
13 67 0.537867
13 68 0.126739
13 69 0.204019
13 70 0.415765
13 71 0.335394
13 72 0.171561
13 73 0.434312
13 74 0.474498
13 75 0.517774
13 76 0.204019
13 77 0.329212
13 78 0.500773
13 79 0.242658
13 80 0.289026
13 81 0.340031
13 82 0.440495
13 83 0.639876
13 84 0.689335
13 85 0.174652
13 86 0.588872
13 87 0.723338
13 88 0.635240
13 89 0.193199
13 90 0.581144
13 91 0.522411
13 92 0.562597
13 93 0.024730
13 94 0.163833
13 95 0.281298
13 96 0.423493
13 97 0.440495
13 98 0.156105
13 99 0.601236
14 15 0.047913
14 16 0.162287
14 17 0.151468
14 18 0.389490
14 19 0.137558
14 20 0.225657
14 21 0.321484
14 22 0.627512
14 23 0.069552
14 24 0.792890
14 25 0.245750
14 26 0.372488
14 27 0.581144
14 28 0.588872
14 29 0.595054
14 30 0.846986
14 31 0.309119
14 32 0.689335
14 33 0.049459
14 34 0.579598
14 35 0.820711
14 36 0.374034
14 37 0.483771
14 38 0.228748
14 39 0.724884
14 40 0.596600
14 41 0.211747
14 42 0.378671
14 43 0.210201
14 44 0.724884
14 45 0.491499
14 46 0.505410
14 47 0.306028
14 48 0.480680
14 49 0.697063
14 50 0.151468
14 51 0.245750
14 52 0.347759
14 53 0.119011
14 54 0.669243
14 55 0.312210
14 56 0.565688
14 57 0.451314
14 58 0.332303
14 59 0.435858
14 60 0.298300
14 61 0.706337
14 62 0.544049
14 63 0.298300
14 64 0.072643
14 65 0.221020
14 66 0.627512
14 67 0.814529
14 68 0.425039
14 69 0.578053
14 70 0.618238
14 71 0.400309
14 72 0.282844
14 73 0.088099
14 74 0.523957
14 75 0.525502
14 76 0.550232
14 77 0.355487
14 78 0.312210
14 79 0.374034
14 80 0.451314
14 81 0.097372
14 82 0.168470
14 83 0.525502
14 84 0.574961
14 85 0.479134
14 86 0.710974
14 87 0.598145
14 88 0.642968
14 89 0.556414
14 90 0.744977
14 91 0.375580
14 92 0.417311
14 93 0.384853
14 94 0.344668
14 95 0.115920
14 96 0.567233
14 97 0.306028
14 98 0.329212
14 99 0.537867
15 16 0.196291
15 17 0.112828
15 18 0.381762
15 19 0.122102
15 20 0.199382
15 21 0.318393
15 22 0.579598
15 23 0.105100
15 24 0.766615
15 25 0.224111
15 26 0.324575
15 27 0.533230
15 28 0.548686
15 29 0.568779
15 30 0.820711
15 31 0.287481
15 32 0.658423
15 33 0.064915
15 34 0.573416
15 35 0.795981
15 36 0.330757
15 37 0.506955
15 38 0.185471
15 39 0.676971
15 40 0.584235
15 41 0.205564
15 42 0.395672
15 43 0.208655
15 44 0.689335
15 45 0.500773
15 46 0.519320
15 47 0.292117
15 48 0.432767
15 49 0.650696
15 50 0.149923
15 51 0.261206
15 52 0.302937
15 53 0.105100
15 54 0.630603
15 55 0.264297
15 56 0.519320
15 57 0.403400
15 58 0.315301
15 59 0.445131
15 60 0.256569
15 61 0.664606
15 62 0.513138
15 63 0.255023
15 64 0.055641
15 65 0.199382
15 66 0.612056
15 67 0.791345
15 68 0.442040
15 69 0.579598
15 70 0.588872
15 71 0.366306
15 72 0.267388
15 73 0.055641
15 74 0.483771
15 75 0.482226
15 76 0.544049
15 77 0.319938
15 78 0.264297
15 79 0.349304
15 80 0.423493
15 81 0.061824
15 82 0.120556
15 83 0.479134
15 84 0.527048
15 85 0.466770
15 86 0.672334
15 87 0.550232
15 88 0.598145
15 89 0.553323
15 90 0.709428
15 91 0.327666
15 92 0.369397
15 93 0.386399
15 94 0.370943
15 95 0.148377
15 96 0.534776
15 97 0.259660
15 98 0.352396
15 99 0.491499
16 17 0.238022
16 18 0.323029
16 19 0.299845
16 20 0.387944
16 21 0.245750
16 22 0.741886
16 23 0.092736
16 24 0.761978
16 25 0.253478
16 26 0.488408
16 27 0.689335
16 28 0.636785
16 29 0.576507
16 30 0.823802
16 31 0.295209
16 32 0.687790
16 33 0.132921
16 34 0.491499
16 35 0.792890
16 36 0.446677
16 37 0.330757
16 38 0.380216
16 39 0.823802
16 40 0.527048
16 41 0.363215
16 42 0.234930
16 43 0.157651
16 44 0.741886
16 45 0.364760
16 46 0.369397
16 47 0.267388
16 48 0.604328
16 49 0.788253
16 50 0.302937
16 51 0.126739
16 52 0.426584
16 53 0.279753
16 54 0.700155
16 55 0.451314
16 56 0.663060
16 57 0.556414
16 58 0.306028
16 59 0.310665
16 60 0.369397
16 61 0.757342
16 62 0.545595
16 63 0.451314
16 64 0.165379
16 65 0.381762
16 66 0.568779
16 67 0.775889
16 68 0.278207
16 69 0.469861
16 70 0.607419
16 71 0.429675
16 72 0.256569
16 73 0.248841
16 74 0.571870
16 75 0.590417
16 76 0.466770
16 77 0.394127
16 78 0.435858
16 79 0.369397
16 80 0.445131
16 81 0.202473
16 82 0.309119
16 83 0.636785
16 84 0.687790
16 85 0.412674
16 86 0.738794
16 87 0.715611
16 88 0.714065
16 89 0.460587
16 90 0.757342
16 91 0.488408
16 92 0.531685
16 93 0.282844
16 94 0.190108
16 95 0.046368
16 96 0.579598
16 97 0.408037
16 98 0.174652
16 99 0.630603
17 18 0.301391
17 19 0.210201
17 20 0.258114
17 21 0.255023
17 22 0.503864
17 23 0.171561
17 24 0.658423
17 25 0.126739
17 26 0.250386
17 27 0.451314
17 28 0.437403
17 29 0.459042
17 30 0.709428
17 31 0.190108
17 32 0.545595
17 33 0.126739
17 34 0.491499
17 35 0.686244
17 36 0.224111
17 37 0.493045
17 38 0.180835
17 39 0.588872
17 40 0.491499
17 41 0.296754
17 42 0.375580
17 43 0.163833
17 44 0.574961
17 45 0.454405
17 46 0.480680
17 47 0.208655
17 48 0.366306
17 49 0.556414
17 50 0.248841
17 51 0.244204
17 52 0.197836
17 53 0.197836
17 54 0.517774
17 55 0.225657
17 56 0.428130
17 57 0.318393
17 58 0.221020
17 59 0.400309
17 60 0.146832
17 61 0.554869
17 62 0.400309
17 63 0.247295
17 64 0.086553
17 65 0.264297
17 66 0.514683
17 67 0.684699
17 68 0.420402
17 69 0.513138
17 70 0.477589
17 71 0.251932
17 72 0.182380
17 73 0.140649
17 74 0.372488
17 75 0.375580
17 76 0.462133
17 77 0.205564
17 78 0.199382
17 79 0.242658
17 80 0.313756
17 81 0.052550
17 82 0.111283
17 83 0.397218
17 84 0.448223
17 85 0.378671
17 86 0.557960
17 87 0.476043
17 88 0.493045
17 89 0.479134
17 90 0.595054
17 91 0.248841
17 92 0.292117
17 93 0.329212
17 94 0.369397
17 95 0.196291
17 96 0.420402
17 97 0.170015
17 98 0.352396
17 99 0.397218
18 19 0.500773
18 20 0.559505
18 21 0.077280
18 22 0.653787
18 23 0.347759
18 24 0.442040
18 25 0.176198
18 26 0.457496
18 27 0.591963
18 28 0.418856
18 29 0.272025
18 30 0.505410
18 31 0.123648
18 32 0.394127
18 33 0.340031
18 34 0.191654
18 35 0.474498
18 36 0.335394
18 37 0.306028
18 38 0.476043
18 39 0.687790
18 40 0.207110
18 41 0.587326
18 42 0.216383
18 43 0.182380
18 44 0.463679
18 45 0.196291
18 46 0.236476
18 47 0.092736
18 48 0.564142
18 49 0.638331
18 50 0.531685
18 51 0.202473
18 52 0.338485
18 53 0.485317
18 54 0.446677
18 55 0.489954
18 56 0.539413
18 57 0.479134
18 58 0.094281
18 59 0.162287
18 60 0.293663
18 61 0.530139
18 62 0.270479
18 63 0.533230
18 64 0.326121
18 65 0.564142
18 66 0.244204
18 67 0.452859
18 68 0.234930
18 69 0.214838
18 70 0.310665
18 71 0.236476
18 72 0.119011
18 73 0.429675
18 74 0.369397
18 75 0.415765
18 76 0.162287
18 77 0.239567
18 78 0.440495
18 79 0.143740
18 80 0.179289
18 81 0.329212
18 82 0.411128
18 83 0.551777
18 84 0.599691
18 85 0.089645
18 86 0.479134
18 87 0.635240
18 88 0.531685
18 89 0.176198
18 90 0.472952
18 91 0.448223
18 92 0.485317
18 93 0.085008
18 94 0.267388
18 95 0.323029
18 96 0.313756
18 97 0.372488
18 98 0.258114
18 99 0.505410
19 20 0.089645
19 21 0.440495
19 22 0.573416
19 23 0.208655
19 24 0.865533
19 25 0.333849
19 26 0.333849
19 27 0.536321
19 28 0.610510
19 29 0.667697
19 30 0.914992
19 31 0.398764
19 32 0.744977
19 33 0.182380
19 34 0.692427
19 35 0.893354
19 36 0.387944
19 37 0.622875
19 38 0.151468
19 39 0.684699
19 40 0.698609
19 41 0.086553
19 42 0.516229
19 43 0.332303
19 44 0.766615
19 45 0.622875
19 46 0.641422
19 47 0.409583
19 48 0.421947
19 49 0.667697
19 50 0.047913
19 51 0.381762
19 52 0.357032
19 53 0.018547
19 54 0.700155
19 55 0.245750
19 56 0.537867
19 57 0.418856
19 58 0.428130
19 59 0.567233
19 60 0.326121
19 61 0.718702
19 62 0.604328
19 63 0.204019
19 64 0.177743
19 65 0.083462
19 66 0.724884
19 67 0.893354
19 68 0.562597
19 69 0.701700
19 70 0.683153
19 71 0.451314
19 72 0.384853
19 73 0.071097
19 74 0.548686
19 75 0.533230
19 76 0.663060
19 77 0.403400
19 78 0.270479
19 79 0.452859
19 80 0.522411
19 81 0.171561
19 82 0.137558
19 83 0.483771
19 84 0.527048
19 85 0.584235
19 86 0.740340
19 87 0.544049
19 88 0.636785
19 89 0.675425
19 90 0.788253
19 91 0.340031
19 92 0.375580
19 93 0.508501
19 94 0.483771
19 95 0.255023
19 96 0.618238
19 97 0.298300
19 98 0.468315
19 99 0.516229
20 21 0.506955
20 22 0.522411
20 23 0.295209
20 24 0.893354
20 25 0.384853
20 26 0.304482
20 27 0.493045
20 28 0.605873
20 29 0.695518
20 30 0.936631
20 31 0.448223
20 32 0.761978
20 33 0.264297
20 34 0.751159
20 35 0.918083
20 36 0.389490
20 37 0.706337
20 38 0.123648
20 39 0.641422
20 40 0.749614
20 41 0.092736
20 42 0.596600
20 43 0.403400
20 44 0.772798
20 45 0.697063
20 46 0.718702
20 47 0.466770
20 48 0.372488
20 49 0.630603
20 50 0.112828
20 51 0.460587
20 52 0.358578
20 53 0.108192
20 54 0.700155
20 55 0.204019
20 56 0.505410
20 57 0.389490
20 58 0.479134
20 59 0.641422
20 60 0.343122
20 61 0.706337
20 62 0.625966
20 63 0.146832
20 64 0.251932
20 65 0.017002
20 66 0.769706
20 67 0.924266
20 68 0.642968
20 69 0.768161
20 70 0.706337
20 71 0.472952
20 72 0.440495
20 73 0.143740
20 74 0.548686
20 75 0.523957
20 76 0.721793
20 77 0.426584
20 78 0.247295
20 79 0.491499
20 80 0.554869
20 81 0.234930
20 82 0.156105
20 83 0.442040
20 84 0.480680
20 85 0.638331
20 86 0.741886
20 87 0.493045
20 88 0.615147
20 89 0.737249
20 90 0.795981
20 91 0.313756
20 92 0.340031
20 93 0.578053
20 94 0.568779
20 95 0.341577
20 96 0.633694
20 97 0.295209
20 98 0.551777
20 99 0.486862
21 22 0.664606
21 23 0.273570
21 24 0.519320
21 25 0.143740
21 26 0.446677
21 27 0.602782
21 28 0.462133
21 29 0.343122
21 30 0.582689
21 31 0.119011
21 32 0.462133
21 33 0.270479
21 34 0.258114
21 35 0.550232
21 36 0.340031
21 37 0.278207
21 38 0.435858
21 39 0.712519
21 40 0.282844
21 41 0.525502
21 42 0.170015
21 43 0.111283
21 44 0.527048
21 45 0.202473
21 46 0.234930
21 47 0.071097
21 48 0.559505
21 49 0.666151
21 50 0.468315
21 51 0.125193
21 52 0.336940
21 53 0.425039
21 54 0.502318
21 55 0.462133
21 56 0.556414
21 57 0.482226
21 58 0.102009
21 59 0.153014
21 60 0.282844
21 61 0.579598
21 62 0.330757
21 63 0.497682
21 64 0.262751
21 65 0.510046
21 66 0.323029
21 67 0.531685
21 68 0.200927
21 69 0.261206
21 70 0.378671
21 71 0.262751
21 72 0.089645
21 73 0.369397
21 74 0.404946
21 75 0.445131
21 76 0.230294
21 77 0.250386
21 78 0.418856
21 79 0.173107
21 80 0.231839
21 81 0.270479
21 82 0.366306
21 83 0.559505
21 84 0.608964
21 85 0.168470
21 86 0.537867
21 87 0.642968
21 88 0.565688
21 89 0.234930
21 90 0.539413
21 91 0.438949
21 92 0.479134
21 93 0.074189
21 94 0.207110
21 95 0.245750
21 96 0.372488
21 97 0.358578
21 98 0.194745
21 99 0.522411
22 23 0.669243
22 24 0.690881
22 25 0.533230
22 26 0.255023
22 27 0.061824
22 28 0.326121
22 29 0.561051
22 30 0.698609
22 31 0.545595
22 32 0.533230
22 33 0.622875
22 34 0.775889
22 35 0.700155
22 36 0.323029
22 37 0.942813
22 38 0.420402
22 39 0.128284
22 40 0.724884
22 41 0.615147
22 42 0.831530
22 43 0.635240
22 44 0.482226
22 45 0.851623
22 46 0.890263
22 47 0.593509
22 48 0.151468
22 49 0.145286
22 50 0.616692
22 51 0.723338
22 52 0.330757
22 53 0.581144
22 54 0.401855
22 55 0.327666
22 56 0.123648
22 57 0.187017
22 58 0.567233
22 59 0.811437
22 60 0.389490
22 61 0.333849
22 62 0.483771
22 63 0.375580
22 64 0.582689
22 65 0.539413
22 66 0.707883
22 67 0.735703
22 68 0.865533
22 69 0.842349
22 70 0.537867
22 71 0.420402
22 72 0.576507
22 73 0.556414
22 74 0.327666
22 75 0.264297
22 76 0.752705
22 77 0.415765
22 78 0.315301
22 79 0.510046
22 80 0.503864
22 81 0.544049
22 82 0.460587
22 83 0.106646
22 84 0.055641
22 85 0.670788
22 86 0.425039
22 87 0.029366
22 88 0.224111
22 89 0.791345
22 90 0.505410
22 91 0.255023
22 92 0.210201
22 93 0.729521
22 94 0.846986
22 95 0.698609
22 96 0.451314
22 97 0.333849
22 98 0.829985
22 99 0.153014
23 24 0.769706
23 25 0.228748
23 26 0.414219
23 27 0.619784
23 28 0.598145
23 29 0.574961
23 30 0.826893
23 31 0.285935
23 32 0.678516
23 33 0.046368
23 34 0.531685
23 35 0.799073
23 36 0.392581
23 37 0.415765
23 38 0.289026
23 39 0.758887
23 40 0.556414
23 41 0.278207
23 42 0.310665
23 43 0.165379
23 44 0.721793
23 45 0.429675
23 46 0.442040
23 47 0.272025
23 48 0.527048
23 49 0.727975
23 50 0.217929
23 51 0.182380
23 52 0.369397
23 53 0.188563
23 54 0.670788
23 55 0.366306
23 56 0.598145
23 57 0.486862
23 58 0.304482
23 59 0.374034
23 60 0.313756
23 61 0.718702
23 62 0.531685
23 63 0.360124
23 64 0.086553
23 65 0.290572
23 66 0.590417
23 67 0.788253
23 68 0.357032
23 69 0.523957
23 70 0.601236
23 71 0.398764
23 72 0.253478
23 73 0.156105
23 74 0.533230
23 75 0.542504
23 76 0.503864
23 77 0.357032
23 78 0.357032
23 79 0.357032
23 80 0.434312
23 81 0.125193
23 82 0.222566
23 83 0.565688
23 84 0.616692
23 85 0.438949
23 86 0.710974
23 87 0.641422
23 88 0.663060
23 89 0.506955
23 90 0.738794
23 91 0.414219
23 92 0.457496
23 93 0.329212
23 94 0.275116
23 95 0.046368
23 96 0.561051
23 97 0.340031
23 98 0.259660
23 99 0.568779
24 25 0.545595
24 26 0.650696
24 27 0.639876
24 28 0.367852
24 29 0.197836
24 30 0.066461
24 31 0.483771
24 32 0.157651
24 33 0.748068
24 34 0.343122
24 35 0.030912
24 36 0.517774
24 37 0.680062
24 38 0.777434
24 39 0.639876
24 40 0.273570
24 41 0.950541
24 42 0.633694
24 43 0.608964
24 44 0.219474
24 45 0.534776
24 46 0.573416
24 47 0.497682
24 48 0.697063
24 49 0.585781
24 50 0.908810
24 51 0.646059
24 52 0.545595
24 53 0.856260
24 54 0.290572
24 55 0.737249
24 56 0.573416
24 57 0.607419
24 58 0.463679
24 59 0.545595
24 60 0.550232
24 61 0.380216
24 62 0.267388
24 63 0.802164
24 64 0.720247
24 65 0.904173
24 66 0.221020
24 67 0.044822
24 68 0.630603
24 69 0.426584
24 70 0.187017
24 71 0.420402
24 72 0.514683
24 73 0.799073
24 74 0.389490
24 75 0.445131
24 76 0.352396
24 77 0.466770
24 78 0.678516
24 79 0.417311
24 80 0.343122
24 81 0.704791
24 82 0.738794
24 83 0.635240
24 84 0.658423
24 85 0.358578
24 86 0.278207
24 87 0.690881
24 88 0.471406
24 89 0.386399
24 90 0.200927
24 91 0.638331
24 92 0.647604
24 93 0.508501
24 94 0.697063
24 95 0.754250
24 96 0.268934
24 97 0.610510
24 98 0.690881
24 99 0.554869
25 26 0.304482
25 27 0.474498
25 28 0.383308
25 29 0.349304
25 30 0.601236
25 31 0.064915
25 32 0.448223
25 33 0.202473
25 34 0.364760
25 35 0.574961
25 36 0.213292
25 37 0.412674
25 38 0.298300
25 39 0.595054
25 40 0.364760
25 41 0.420402
25 42 0.298300
25 43 0.106646
25 44 0.493045
25 45 0.347759
25 46 0.380216
25 47 0.085008
25 48 0.418856
25 49 0.553323
25 50 0.370943
25 51 0.191654
25 52 0.202473
25 53 0.321484
25 54 0.446677
25 55 0.318393
25 56 0.434312
25 57 0.346213
25 58 0.092736
25 59 0.296754
25 60 0.145286
25 61 0.503864
25 62 0.302937
25 63 0.357032
25 64 0.174652
25 65 0.391036
25 66 0.389490
25 67 0.568779
25 68 0.336940
25 69 0.391036
25 70 0.372488
25 71 0.176198
25 72 0.058733
25 73 0.262751
25 74 0.319938
25 75 0.343122
25 76 0.335394
25 77 0.142195
25 78 0.275116
25 79 0.128284
25 80 0.205564
25 81 0.163833
25 82 0.233385
25 83 0.426584
25 84 0.477589
25 85 0.251932
25 86 0.486862
25 87 0.510046
25 88 0.466770
25 89 0.353941
25 90 0.510046
25 91 0.298300
25 92 0.340031
25 93 0.217929
25 94 0.313756
25 95 0.227202
25 96 0.332303
25 97 0.214838
25 98 0.296754
25 99 0.401855
26 27 0.208655
26 28 0.316847
26 29 0.469861
26 30 0.681607
26 31 0.335394
26 32 0.502318
26 33 0.367852
26 34 0.616692
26 35 0.670788
26 36 0.139104
26 37 0.717156
26 38 0.185471
26 39 0.353941
26 40 0.587326
26 41 0.392581
26 42 0.601236
26 43 0.394127
26 44 0.491499
26 45 0.646059
26 46 0.681607
26 47 0.378671
26 48 0.117465
26 49 0.333849
26 50 0.380216
26 51 0.482226
26 52 0.123648
26 53 0.338485
26 54 0.412674
26 55 0.102009
26 56 0.204019
26 57 0.085008
26 58 0.363215
26 59 0.599691
26 60 0.163833
26 61 0.404946
26 62 0.389490
26 63 0.170015
26 64 0.327666
26 65 0.321484
26 66 0.587326
26 67 0.687790
26 68 0.641422
26 69 0.666151
26 70 0.466770
26 71 0.258114
26 72 0.357032
26 73 0.306028
26 74 0.268934
26 75 0.228748
26 76 0.590417
26 77 0.228748
26 78 0.063369
26 79 0.327666
26 80 0.357032
26 81 0.289026
26 82 0.208655
26 83 0.153014
26 84 0.202473
26 85 0.500773
26 86 0.451314
26 87 0.227202
26 88 0.309119
26 89 0.621329
26 90 0.516229
26 91 0.012365
26 92 0.043277
26 93 0.517774
26 94 0.608964
26 95 0.445131
26 96 0.380216
26 97 0.088099
26 98 0.590417
26 99 0.182380
27 28 0.272025
27 29 0.503864
27 30 0.652241
27 31 0.485317
27 32 0.482226
27 33 0.573416
27 34 0.714065
27 35 0.650696
27 36 0.262751
27 37 0.882535
27 38 0.384853
27 39 0.148377
27 40 0.664606
27 41 0.584235
27 42 0.771252
27 43 0.576507
27 44 0.435858
27 45 0.788253
27 46 0.828439
27 47 0.531685
27 48 0.122102
27 49 0.140649
27 50 0.582689
27 51 0.664606
27 52 0.272025
27 53 0.542504
27 54 0.355487
27 55 0.292117
27 56 0.066461
27 57 0.131376
27 58 0.505410
27 59 0.749614
27 60 0.330757
27 61 0.296754
27 62 0.425039
27 63 0.346213
27 64 0.533230
27 65 0.510046
27 66 0.649150
27 67 0.683153
27 68 0.805255
27 69 0.780526
27 70 0.482226
27 71 0.357032
27 72 0.516229
27 73 0.513138
27 74 0.267388
27 75 0.205564
27 76 0.690881
27 77 0.353941
27 78 0.270479
27 79 0.448223
27 80 0.442040
27 81 0.494590
27 82 0.417311
27 83 0.054096
27 84 0.020093
27 85 0.608964
27 86 0.381762
27 87 0.051005
27 88 0.183926
27 89 0.729521
27 90 0.460587
27 91 0.205564
27 92 0.163833
27 93 0.667697
27 94 0.788253
27 95 0.647604
27 96 0.392581
27 97 0.281298
27 98 0.771252
27 99 0.091190
28 29 0.244204
28 30 0.383308
28 31 0.355487
28 32 0.208655
28 33 0.559505
28 34 0.483771
28 35 0.380216
28 36 0.222566
28 37 0.726430
28 38 0.482226
28 39 0.299845
28 40 0.423493
28 41 0.684699
28 42 0.630603
28 43 0.486862
28 44 0.177743
28 45 0.605873
28 46 0.649150
28 47 0.398764
28 48 0.335394
28 49 0.244204
28 50 0.656878
28 51 0.564142
28 52 0.251932
28 53 0.607419
28 54 0.097372
28 55 0.415765
28 56 0.205564
28 57 0.253478
28 58 0.360124
28 59 0.579598
28 60 0.290572
28 61 0.120556
28 62 0.174652
28 63 0.485317
28 64 0.520866
28 65 0.621329
28 66 0.395672
28 67 0.411128
28 68 0.653787
28 69 0.562597
28 70 0.214838
28 71 0.208655
28 72 0.395672
28 73 0.557960
28 74 0.064915
28 75 0.086553
28 76 0.468315
28 77 0.242658
28 78 0.363215
28 79 0.287481
28 80 0.239567
28 81 0.489954
28 82 0.471406
28 83 0.268934
28 84 0.290572
28 85 0.398764
28 86 0.134467
28 87 0.323029
28 88 0.123648
28 89 0.510046
28 90 0.202473
28 91 0.304482
28 92 0.299845
28 93 0.505410
28 94 0.669243
28 95 0.607419
28 96 0.132921
28 97 0.312210
28 98 0.655332
28 99 0.188563
29 30 0.251932
29 31 0.289026
29 32 0.123648
29 33 0.551777
29 34 0.256569
29 35 0.225657
29 36 0.332303
29 37 0.553323
29 38 0.582689
29 39 0.544049
29 40 0.187017
29 41 0.752705
29 42 0.483771
29 43 0.420402
29 44 0.204019
29 45 0.414219
29 46 0.459042
29 47 0.309119
29 48 0.534776
29 49 0.488408
29 50 0.709428
29 51 0.468315
29 52 0.357032
29 53 0.656878
29 54 0.216383
29 55 0.548686
29 56 0.437403
29 57 0.442040
29 58 0.272025
29 59 0.406491
29 60 0.353941
29 61 0.316847
29 62 0.081917
29 63 0.612056
29 64 0.522411
29 65 0.706337
29 66 0.153014
29 67 0.227202
29 68 0.491499
29 69 0.341577
29 70 0.041731
29 71 0.224111
29 72 0.323029
29 73 0.599691
29 74 0.234930
29 75 0.298300
29 76 0.247295
29 77 0.270479
29 78 0.489954
29 79 0.219474
29 80 0.143740
29 81 0.506955
29 82 0.540958
29 83 0.486862
29 84 0.519320
29 85 0.207110
29 86 0.236476
29 87 0.554869
29 88 0.367852
29 89 0.289026
29 90 0.207110
29 91 0.459042
29 92 0.474498
29 93 0.350850
29 94 0.539413
29 95 0.564142
29 96 0.111283
29 97 0.420402
29 98 0.530139
29 99 0.412674
30 31 0.540958
30 32 0.179289
30 33 0.803709
30 34 0.409583
30 35 0.035549
30 36 0.556414
30 37 0.746522
30 38 0.819165
30 39 0.636785
30 40 0.340031
30 41 0.998454
30 42 0.700155
30 43 0.669243
30 44 0.217929
30 45 0.601236
30 46 0.639876
30 47 0.557960
30 48 0.720247
30 49 0.584235
30 50 0.958269
30 51 0.709428
30 52 0.584235
30 53 0.905719
30 54 0.296754
30 55 0.772798
30 56 0.587326
30 57 0.632148
30 58 0.522411
30 59 0.610510
30 60 0.593509
30 61 0.375580
30 62 0.310665
30 63 0.839258
30 64 0.774343
30 65 0.948995
30 66 0.287481
30 67 0.085008
30 68 0.697063
30 69 0.493045
30 70 0.231839
30 71 0.465224
30 72 0.573416
30 73 0.848532
30 74 0.415765
30 75 0.466770
30 76 0.418856
30 77 0.511592
30 78 0.714065
30 79 0.471406
30 80 0.395672
30 81 0.757342
30 82 0.785162
30 83 0.653787
30 84 0.670788
30 85 0.423493
30 86 0.275116
30 87 0.701700
30 88 0.474498
30 89 0.452859
30 90 0.194745
30 91 0.669243
30 92 0.675425
30 93 0.573416
30 94 0.761978
30 95 0.812983
30 96 0.304482
30 97 0.649150
30 98 0.755796
30 99 0.571870
31 32 0.394127
31 33 0.262751
31 34 0.304482
31 35 0.513138
31 36 0.222566
31 37 0.397218
31 38 0.357032
31 39 0.593509
31 40 0.301391
31 41 0.486862
31 42 0.289026
31 43 0.137558
31 44 0.446677
31 45 0.310665
31 46 0.347759
31 47 0.047913
31 48 0.445131
31 49 0.548686
31 50 0.435858
31 51 0.208655
31 52 0.219474
31 53 0.386399
31 54 0.408037
31 55 0.364760
31 56 0.437403
31 57 0.364760
31 58 0.030912
31 59 0.265842
31 60 0.170015
31 61 0.474498
31 62 0.250386
31 63 0.409583
31 64 0.238022
31 65 0.454405
31 66 0.324575
31 67 0.505410
31 68 0.319938
31 69 0.338485
31 70 0.316847
31 71 0.148377
31 72 0.040185
31 73 0.327666
31 74 0.295209
31 75 0.329212
31 76 0.276662
31 77 0.131376
31 78 0.315301
31 79 0.074189
31 80 0.149923
31 81 0.228748
31 82 0.295209
31 83 0.440495
31 84 0.489954
31 85 0.190108
31 86 0.446677
31 87 0.525502
31 88 0.451314
31 89 0.298300
31 90 0.460587
31 91 0.327666
31 92 0.366306
31 93 0.183926
31 94 0.316847
31 95 0.276662
31 96 0.284389
31 97 0.248841
31 98 0.301391
31 99 0.403400
32 33 0.649150
32 34 0.367852
32 35 0.171561
32 36 0.377125
32 37 0.676971
32 38 0.641422
32 39 0.488408
32 40 0.295209
32 41 0.828439
32 42 0.607419
32 43 0.530139
32 44 0.088099
32 45 0.536321
32 46 0.581144
32 47 0.420402
32 48 0.540958
32 49 0.432767
32 50 0.789799
32 51 0.585781
32 52 0.404946
32 53 0.738794
32 54 0.137558
32 55 0.593509
32 56 0.415765
32 57 0.452859
32 58 0.381762
32 59 0.531685
32 60 0.420402
32 61 0.234930
32 62 0.145286
32 63 0.659969
32 64 0.616692
32 65 0.774343
32 66 0.250386
32 67 0.200927
32 68 0.615147
32 69 0.455951
32 70 0.083462
32 71 0.293663
32 72 0.431221
32 73 0.683153
32 74 0.234930
32 75 0.289026
32 76 0.363215
32 77 0.341577
32 78 0.534776
32 79 0.319938
32 80 0.242658
32 81 0.596600
32 82 0.612056
32 83 0.477589
32 84 0.500773
32 85 0.330757
32 86 0.136012
32 87 0.533230
32 88 0.315301
32 89 0.404946
32 90 0.085008
32 91 0.488408
32 92 0.494590
32 93 0.474498
32 94 0.661515
32 95 0.670788
32 96 0.126739
32 97 0.471406
32 98 0.652241
32 99 0.397218
33 34 0.528594
33 35 0.777434
33 36 0.350850
33 37 0.442040
33 38 0.247295
33 39 0.714065
33 40 0.547141
33 41 0.259660
33 42 0.333849
33 43 0.159196
33 44 0.689335
33 45 0.443586
33 46 0.459042
33 47 0.256569
33 48 0.480680
33 49 0.683153
33 50 0.200927
33 51 0.199382
33 52 0.326121
33 53 0.163833
33 54 0.635240
33 55 0.319938
33 56 0.553323
33 57 0.442040
33 58 0.285935
33 59 0.386399
33 60 0.273570
33 61 0.680062
33 62 0.503864
33 63 0.318393
33 64 0.040185
33 65 0.261206
33 66 0.578053
33 67 0.769706
33 68 0.380216
33 69 0.528594
33 70 0.576507
33 71 0.364760
33 72 0.234930
33 73 0.120556
33 74 0.494590
33 75 0.502318
33 76 0.500773
33 77 0.321484
33 78 0.310665
33 79 0.330757
33 80 0.408037
33 81 0.078825
33 82 0.177743
33 83 0.519320
33 84 0.570325
33 85 0.429675
33 86 0.676971
33 87 0.595054
33 88 0.621329
33 89 0.506955
33 90 0.707883
33 91 0.369397
33 92 0.412674
33 93 0.333849
33 94 0.304482
33 95 0.085008
33 96 0.530139
33 97 0.293663
33 98 0.287481
33 99 0.523957
34 35 0.374034
34 36 0.480680
34 37 0.336940
34 38 0.661515
34 39 0.780526
34 40 0.074189
34 41 0.778980
34 42 0.309119
34 43 0.369397
34 44 0.455951
34 45 0.191654
34 46 0.230294
34 47 0.282844
34 48 0.710974
34 49 0.727975
34 50 0.723338
34 51 0.364760
34 52 0.493045
34 53 0.676971
34 54 0.472952
34 55 0.664606
34 56 0.652241
34 57 0.619784
34 58 0.273570
34 59 0.213292
34 60 0.460587
34 61 0.571870
34 62 0.309119
34 63 0.714065
34 64 0.517774
34 65 0.755796
34 66 0.125193
34 67 0.336940
34 68 0.295209
34 69 0.086553
34 70 0.298300
34 71 0.364760
34 72 0.309119
34 73 0.621329
34 74 0.454405
34 75 0.514683
34 76 0.027821
34 77 0.387944
34 78 0.612056
34 79 0.289026
34 80 0.270479
34 81 0.520866
34 82 0.599691
34 83 0.683153
34 84 0.726430
34 85 0.117465
34 86 0.491499
34 87 0.761978
34 88 0.608964
34 89 0.043277
34 90 0.454405
34 91 0.607419
34 92 0.636785
34 93 0.208655
34 94 0.375580
34 95 0.500773
34 96 0.352396
34 97 0.540958
34 98 0.374034
34 99 0.621329
35 36 0.540958
35 37 0.710974
35 38 0.800618
35 39 0.642968
35 40 0.304482
35 41 0.976816
35 42 0.666151
35 43 0.639876
35 44 0.222566
35 45 0.565688
35 46 0.604328
35 47 0.528594
35 48 0.712519
35 49 0.590417
35 50 0.935085
35 51 0.676971
35 52 0.567233
35 53 0.884080
35 54 0.296754
35 55 0.758887
35 56 0.585781
35 57 0.624420
35 58 0.493045
35 59 0.576507
35 60 0.574961
35 61 0.381762
35 62 0.290572
35 63 0.823802
35 64 0.749614
35 65 0.928903
35 66 0.251932
35 67 0.052550
35 68 0.663060
35 69 0.455951
35 70 0.210201
35 71 0.445131
35 72 0.544049
35 73 0.825348
35 74 0.406491
35 75 0.460587
35 76 0.383308
35 77 0.491499
35 78 0.700155
35 79 0.446677
35 80 0.370943
35 81 0.732612
35 82 0.765070
35 83 0.649150
35 84 0.669243
35 85 0.391036
35 86 0.281298
35 87 0.701700
35 88 0.477589
35 89 0.417311
35 90 0.200927
35 91 0.656878
35 92 0.664606
35 93 0.540958
35 94 0.727975
35 95 0.785162
35 96 0.289026
35 97 0.633694
35 98 0.721793
35 99 0.568779
36 37 0.618238
36 38 0.267388
36 39 0.381762
36 40 0.448223
36 41 0.463679
36 42 0.506955
36 43 0.318393
36 44 0.383308
36 45 0.530139
36 46 0.568779
36 47 0.268934
36 48 0.230294
36 49 0.343122
36 50 0.434312
36 51 0.404946
36 52 0.029366
36 53 0.384853
36 54 0.312210
36 55 0.217929
36 56 0.221020
36 57 0.143740
36 58 0.244204
36 59 0.488408
36 60 0.077280
36 61 0.333849
36 62 0.253478
36 63 0.282844
36 64 0.310665
36 65 0.403400
36 66 0.446677
36 67 0.554869
36 68 0.542504
36 69 0.536321
36 70 0.332303
36 71 0.119011
36 72 0.253478
36 73 0.335394
36 74 0.160742
36 75 0.151468
36 76 0.455951
36 77 0.095827
36 78 0.159196
36 79 0.196291
36 80 0.217929
36 81 0.276662
36 82 0.248841
36 83 0.217929
36 84 0.268934
36 85 0.366306
36 86 0.353941
36 87 0.302937
36 88 0.268934
36 89 0.488408
36 90 0.404946
36 91 0.128284
36 92 0.154560
36 93 0.406491
36 94 0.527048
36 95 0.409583
36 96 0.250386
36 97 0.094281
36 98 0.510046
36 99 0.187017
37 38 0.669243
37 39 0.989181
37 40 0.406491
37 41 0.693972
37 42 0.115920
37 43 0.327666
37 44 0.755796
37 45 0.145286
37 46 0.108192
37 47 0.349304
37 48 0.833076
37 49 0.942813
37 50 0.633694
37 51 0.248841
37 52 0.613601
37 53 0.604328
37 54 0.749614
37 55 0.717156
37 56 0.834621
37 57 0.758887
37 58 0.378671
37 59 0.146832
37 60 0.557960
37 61 0.837713
37 62 0.571870
37 63 0.738794
37 64 0.459042
37 65 0.704791
37 66 0.459042
37 67 0.673879
37 68 0.075734
37 69 0.262751
37 70 0.596600
37 71 0.537867
37 72 0.366306
37 73 0.562597
37 74 0.675425
37 75 0.720247
37 76 0.327666
37 77 0.528594
37 78 0.681607
37 79 0.445131
37 80 0.486862
37 81 0.485317
37 82 0.596600
37 83 0.837713
37 84 0.887172
37 85 0.346213
37 86 0.778980
37 87 0.921175
37 88 0.837713
37 89 0.293663
37 90 0.761978
37 91 0.710974
37 92 0.754250
37 93 0.221020
37 94 0.140649
37 95 0.369397
37 96 0.616692
37 97 0.627512
37 98 0.156105
37 99 0.802164
38 39 0.533230
38 40 0.652241
38 41 0.207110
38 42 0.554869
38 43 0.344668
38 44 0.649150
38 45 0.636785
38 46 0.663060
38 47 0.383308
38 48 0.268934
38 49 0.516229
38 50 0.197836
38 51 0.418856
38 52 0.236476
38 53 0.159196
38 54 0.576507
38 55 0.092736
38 56 0.389490
38 57 0.270479
38 58 0.387944
38 59 0.582689
38 60 0.227202
38 61 0.582689
38 62 0.510046
38 63 0.071097
38 64 0.216383
38 65 0.137558
38 66 0.667697
38 67 0.809892
38 68 0.599691
38 69 0.690881
38 70 0.590417
38 71 0.357032
38 72 0.357032
38 73 0.143740
38 74 0.425039
38 75 0.400309
38 76 0.633694
38 77 0.312210
38 78 0.123648
38 79 0.387944
38 80 0.445131
38 81 0.185471
38 82 0.072643
38 83 0.332303
38 84 0.374034
38 85 0.545595
38 86 0.616692
38 87 0.391036
38 88 0.493045
38 89 0.653787
38 90 0.672334
38 91 0.193199
38 92 0.224111
38 93 0.510046
38 94 0.540958
38 95 0.332303
38 96 0.514683
38 97 0.171561
38 98 0.522411
38 99 0.367852
39 40 0.721793
39 41 0.732612
39 42 0.882535
39 43 0.700155
39 44 0.420402
39 45 0.882535
39 46 0.925811
39 47 0.641422
39 48 0.268934
39 49 0.054096
39 50 0.731066
39 51 0.788253
39 52 0.397218
39 53 0.690881
39 54 0.350850
39 55 0.440495
39 56 0.160742
39 57 0.272025
39 58 0.608964
39 59 0.850077
39 60 0.457496
39 61 0.261206
39 62 0.474498
39 63 0.494590
39 64 0.672334
39 65 0.658423
39 66 0.697063
39 67 0.684699
39 68 0.913447
39 69 0.856260
39 70 0.513138
39 71 0.451314
39 72 0.629057
39 73 0.659969
39 74 0.326121
39 75 0.272025
39 76 0.761978
39 77 0.460587
39 78 0.417311
39 79 0.544049
39 80 0.519320
39 81 0.635240
39 82 0.564142
39 83 0.200927
39 84 0.159196
39 85 0.687790
39 86 0.361669
39 87 0.154560
39 88 0.176198
39 89 0.803709
39 90 0.442040
39 91 0.349304
39 92 0.310665
39 93 0.769706
39 94 0.907264
39 95 0.783617
39 96 0.432767
39 97 0.418856
39 98 0.891808
39 99 0.193199
40 41 0.786708
40 42 0.366306
40 43 0.389490
40 44 0.381762
40 45 0.261206
40 46 0.301391
40 47 0.290572
40 48 0.673879
40 49 0.667697
40 50 0.734158
40 51 0.401855
40 52 0.463679
40 53 0.686244
40 54 0.403400
40 55 0.644513
40 56 0.601236
40 57 0.579598
40 58 0.270479
40 59 0.273570
40 60 0.437403
40 61 0.503864
40 62 0.247295
40 63 0.698609
40 64 0.530139
40 65 0.755796
40 66 0.052550
40 67 0.270479
40 68 0.358578
40 69 0.162287
40 70 0.227202
40 71 0.329212
40 72 0.315301
40 73 0.627512
40 74 0.400309
40 75 0.460587
40 76 0.078825
40 77 0.358578
40 78 0.588872
40 79 0.265842
40 80 0.230294
40 81 0.527048
40 82 0.595054
40 83 0.638331
40 84 0.678516
40 85 0.115920
40 86 0.420402
40 87 0.714065
40 88 0.547141
40 89 0.114374
40 90 0.380216
40 91 0.576507
40 92 0.602782
40 93 0.250386
40 94 0.431221
40 95 0.530139
40 96 0.289026
40 97 0.516229
40 98 0.426584
40 99 0.571870
41 42 0.588872
41 43 0.415765
41 44 0.845440
41 45 0.703246
41 46 0.718702
41 47 0.496136
41 48 0.465224
41 49 0.720247
41 50 0.060278
41 51 0.457496
41 52 0.432767
41 53 0.100464
41 54 0.775889
41 55 0.295209
41 56 0.595054
41 57 0.477589
41 58 0.514683
41 59 0.646059
41 60 0.408037
41 61 0.788253
41 62 0.687790
41 63 0.239567
41 64 0.261206
41 65 0.075734
41 66 0.811437
41 67 0.979907
41 68 0.635240
41 69 0.785162
41 70 0.766615
41 71 0.533230
41 72 0.471406
41 73 0.157651
41 74 0.624420
41 75 0.604328
41 76 0.749614
41 77 0.486862
41 78 0.332303
41 79 0.539413
41 80 0.608964
41 81 0.258114
41 82 0.214838
41 83 0.533230
41 84 0.573416
41 85 0.670788
41 86 0.817620
41 87 0.585781
41 88 0.700155
41 89 0.760433
41 90 0.867079
41 91 0.400309
41 92 0.429675
41 93 0.591963
41 94 0.553323
41 95 0.324575
41 96 0.700155
41 97 0.370943
41 98 0.537867
41 99 0.574961
42 43 0.211747
42 44 0.680062
42 45 0.137558
42 46 0.134467
42 47 0.241113
42 48 0.718702
42 49 0.837713
42 50 0.528594
42 51 0.136012
42 52 0.500773
42 53 0.497682
42 54 0.664606
42 55 0.599691
42 56 0.726430
42 57 0.646059
42 58 0.273570
42 59 0.095827
42 60 0.443586
42 61 0.746522
42 62 0.488408
42 63 0.622875
42 64 0.346213
42 65 0.595054
42 66 0.417311
42 67 0.636785
42 68 0.046368
42 69 0.259660
42 70 0.523957
42 71 0.432767
42 72 0.253478
42 73 0.452859
42 74 0.576507
42 75 0.616692
42 76 0.290572
42 77 0.420402
42 78 0.565688
42 79 0.344668
42 80 0.395672
42 81 0.370943
42 82 0.480680
42 83 0.724884
42 84 0.775889
42 85 0.279753
42 86 0.697063
42 87 0.808346
42 88 0.737249
42 89 0.268934
42 90 0.689335
42 91 0.596600
42 92 0.638331
42 93 0.132921
42 94 0.066461
42 95 0.265842
42 96 0.531685
42 97 0.513138
42 98 0.069552
42 99 0.692427
43 44 0.584235
43 45 0.295209
43 46 0.318393
43 47 0.111283
43 48 0.511592
43 49 0.659969
43 50 0.357032
43 51 0.088099
43 52 0.304482
43 53 0.315301
43 54 0.545595
43 55 0.387944
43 56 0.539413
43 57 0.446677
43 58 0.148377
43 59 0.239567
43 60 0.245750
43 61 0.607419
43 62 0.387944
43 63 0.411128
43 64 0.153014
43 65 0.404946
43 66 0.425039
43 67 0.625966
43 68 0.255023
43 69 0.369397
43 70 0.451314
43 71 0.278207
43 72 0.098918
43 73 0.262751
43 74 0.423493
43 75 0.449768
43 76 0.340031
43 77 0.248841
43 78 0.353941
43 79 0.211747
43 80 0.287481
43 81 0.168470
43 82 0.272025
43 83 0.527048
43 84 0.578053
43 85 0.272025
43 86 0.584235
43 87 0.610510
43 88 0.573416
43 89 0.346213
43 90 0.599691
43 91 0.389490
43 92 0.432767
43 93 0.176198
43 94 0.213292
43 95 0.145286
43 96 0.423493
43 97 0.306028
43 98 0.196291
43 99 0.506955
44 45 0.618238
44 46 0.663060
44 47 0.479134
44 48 0.513138
44 49 0.367852
44 50 0.812983
44 51 0.647604
44 52 0.412674
44 53 0.760433
44 54 0.081917
44 55 0.588872
44 56 0.372488
44 57 0.431221
44 58 0.438949
44 59 0.608964
44 60 0.438949
44 61 0.159196
44 62 0.197836
44 63 0.658423
44 64 0.653787
44 65 0.786708
44 66 0.338485
44 67 0.264297
44 68 0.692427
44 69 0.542504
44 70 0.160742
44 71 0.324575
44 72 0.485317
44 73 0.707883
44 74 0.224111
44 75 0.264297
44 76 0.448223
44 77 0.369397
44 78 0.533230
44 79 0.370943
44 80 0.298300
44 81 0.629057
44 82 0.629057
44 83 0.442040
44 84 0.455951
44 85 0.409583
44 86 0.058733
44 87 0.485317
44 88 0.256569
44 89 0.491499
44 90 0.024730
44 91 0.479134
44 92 0.477589
44 93 0.547141
44 94 0.731066
44 95 0.720247
44 96 0.160742
44 97 0.477589
44 98 0.720247
44 99 0.360124
45 46 0.043277
45 47 0.267388
45 48 0.757342
45 49 0.833076
45 50 0.642968
45 51 0.247295
45 52 0.531685
45 53 0.605873
45 54 0.618238
45 55 0.666151
45 56 0.735703
45 57 0.673879
45 58 0.285935
45 59 0.055641
45 60 0.482226
45 61 0.710974
45 62 0.440495
45 63 0.700155
45 64 0.446677
45 65 0.698609
45 66 0.313756
45 67 0.528594
45 68 0.109737
45 69 0.125193
45 70 0.457496
45 71 0.432767
45 72 0.290572
45 73 0.554869
45 74 0.559505
45 75 0.610510
45 76 0.182380
45 77 0.435858
45 78 0.621329
45 79 0.340031
45 80 0.366306
45 81 0.463679
45 82 0.564142
45 83 0.748068
45 84 0.797527
45 85 0.210201
45 86 0.646059
45 87 0.831530
45 88 0.721793
45 89 0.148377
45 90 0.622875
45 91 0.638331
45 92 0.676971
45 93 0.128284
45 94 0.204019
45 95 0.389490
45 96 0.488408
45 97 0.559505
45 98 0.208655
45 99 0.703246
46 47 0.302937
46 48 0.792890
46 49 0.876352
46 50 0.658423
46 51 0.259660
46 52 0.568779
46 53 0.622875
46 54 0.663060
46 55 0.697063
46 56 0.777434
46 57 0.712519
46 58 0.323029
46 59 0.081917
46 60 0.517774
46 61 0.754250
46 62 0.485317
46 63 0.727975
46 64 0.466770
46 65 0.718702
46 66 0.353941
46 67 0.567233
46 68 0.095827
46 69 0.154560
46 70 0.500773
46 71 0.474498
46 72 0.324575
46 73 0.574961
46 74 0.602782
46 75 0.652241
46 76 0.222566
46 77 0.474498
46 78 0.655332
46 79 0.381762
46 80 0.409583
46 81 0.485317
46 82 0.590417
46 83 0.788253
46 84 0.836167
46 85 0.255023
46 86 0.689335
46 87 0.871716
46 88 0.765070
46 89 0.187017
46 90 0.666151
46 91 0.673879
46 92 0.714065
46 93 0.163833
46 94 0.194745
46 95 0.398764
46 96 0.531685
46 97 0.593509
46 98 0.202473
46 99 0.743431
47 48 0.489954
47 49 0.596600
47 50 0.443586
47 51 0.168470
47 52 0.265842
47 53 0.395672
47 54 0.446677
47 55 0.401855
47 56 0.485317
47 57 0.411128
47 58 0.040185
47 59 0.221020
47 60 0.214838
47 61 0.517774
47 62 0.281298
47 63 0.442040
47 64 0.238022
47 65 0.471406
47 66 0.321484
47 67 0.514683
47 68 0.272025
47 69 0.306028
47 70 0.340031
47 71 0.194745
47 72 0.026275
47 73 0.338485
47 74 0.340031
47 75 0.377125
47 76 0.253478
47 77 0.179289
47 78 0.355487
47 79 0.111283
47 80 0.180835
47 81 0.236476
47 82 0.318393
47 83 0.488408
47 84 0.537867
47 85 0.174652
47 86 0.483771
47 87 0.571870
47 88 0.499227
47 89 0.270479
47 90 0.493045
47 91 0.370943
47 92 0.411128
47 93 0.139104
47 94 0.270479
47 95 0.255023
47 96 0.319938
47 97 0.290572
47 98 0.256569
47 99 0.451314
48 49 0.262751
48 50 0.465224
48 51 0.599691
48 52 0.225657
48 53 0.429675
48 54 0.429675
48 55 0.176198
48 56 0.154560
48 57 0.094281
48 58 0.471406
48 59 0.710974
48 60 0.275116
48 61 0.392581
48 62 0.452859
48 63 0.225657
48 64 0.442040
48 65 0.389490
48 66 0.667697
48 67 0.738794
48 68 0.757342
48 69 0.768161
48 70 0.522411
48 71 0.346213
48 72 0.469861
48 73 0.406491
48 74 0.307573
48 75 0.251932
48 76 0.686244
48 77 0.326121
48 78 0.170015
48 79 0.428130
48 80 0.443586
48 81 0.403400
48 82 0.312210
48 83 0.080371
48 84 0.108192
48 85 0.598145
48 86 0.463679
48 87 0.120556
48 88 0.282844
48 89 0.720247
48 90 0.537867
48 91 0.120556
48 92 0.078825
48 93 0.629057
48 94 0.726430
48 95 0.559505
48 96 0.432767
48 97 0.205564
48 98 0.707883
48 99 0.154560
49 50 0.714065
49 51 0.746522
49 52 0.361669
49 53 0.672334
49 54 0.295209
49 55 0.425039
49 56 0.129830
49 57 0.248841
49 58 0.562597
49 59 0.800618
49 60 0.420402
49 61 0.208655
49 62 0.420402
49 63 0.483771
49 64 0.641422
49 65 0.646059
49 66 0.641422
49 67 0.630603
49 68 0.867079
49 69 0.803709
49 70 0.457496
49 71 0.404946
49 72 0.585781
49 73 0.638331
49 74 0.273570
49 75 0.222566
49 76 0.709428
49 77 0.417311
49 78 0.397218
49 79 0.496136
49 80 0.468315
49 81 0.604328
49 82 0.540958
49 83 0.187017
49 84 0.156105
49 85 0.635240
49 86 0.309119
49 87 0.163833
49 88 0.120556
49 89 0.749614
49 90 0.389490
49 91 0.327666
49 92 0.292117
49 93 0.721793
49 94 0.863988
49 95 0.749614
49 96 0.378671
49 97 0.389490
49 98 0.848532
49 99 0.159196
50 51 0.397218
50 52 0.404946
50 53 0.051005
50 54 0.746522
50 55 0.290572
50 56 0.585781
50 57 0.466770
50 58 0.463679
50 59 0.587326
50 60 0.372488
50 61 0.766615
50 62 0.647604
50 63 0.245750
50 64 0.205564
50 65 0.098918
50 66 0.760433
50 67 0.935085
50 68 0.574961
50 69 0.727975
50 70 0.726430
50 71 0.494590
50 72 0.418856
50 73 0.108192
50 74 0.595054
50 75 0.581144
50 76 0.693972
50 77 0.448223
50 78 0.318393
50 79 0.493045
50 80 0.564142
50 81 0.207110
50 82 0.183926
50 83 0.530139
50 84 0.571870
50 85 0.618238
50 86 0.788253
50 87 0.587326
50 88 0.684699
50 89 0.703246
50 90 0.834621
50 91 0.387944
50 92 0.421947
50 93 0.533230
50 94 0.493045
50 95 0.264297
50 96 0.663060
50 97 0.346213
50 98 0.477589
50 99 0.562597
51 52 0.392581
51 53 0.363215
51 54 0.615147
51 55 0.469861
51 56 0.627512
51 57 0.534776
51 58 0.208655
51 59 0.190108
51 60 0.333849
51 61 0.684699
51 62 0.449768
51 63 0.488408
51 64 0.210201
51 65 0.460587
51 66 0.445131
51 67 0.656878
51 68 0.180835
51 69 0.344668
51 70 0.503864
51 71 0.355487
51 72 0.168470
51 73 0.316847
51 74 0.503864
51 75 0.533230
51 76 0.340031
51 77 0.330757
51 78 0.440495
51 79 0.279753
51 80 0.349304
51 81 0.234930
51 82 0.346213
51 83 0.615147
51 84 0.667697
51 85 0.290572
51 86 0.652241
51 87 0.698609
51 88 0.656878
51 89 0.333849
51 90 0.659969
51 91 0.477589
51 92 0.522411
51 93 0.156105
51 94 0.125193
51 95 0.142195
51 96 0.488408
51 97 0.394127
51 98 0.108192
51 99 0.593509
52 53 0.353941
52 54 0.343122
52 55 0.191654
52 56 0.234930
52 57 0.143740
52 58 0.245750
52 59 0.486862
52 60 0.058733
52 61 0.363215
52 62 0.278207
52 63 0.256569
52 64 0.284389
52 65 0.372488
52 66 0.465224
52 67 0.581144
52 68 0.536321
52 69 0.544049
52 70 0.358578
52 71 0.136012
52 72 0.247295
52 73 0.306028
52 74 0.190108
52 75 0.179289
52 76 0.466770
52 77 0.105100
52 78 0.132921
52 79 0.205564
52 80 0.234930
52 81 0.250386
52 82 0.219474
52 83 0.222566
52 84 0.275116
52 85 0.377125
52 86 0.383308
52 87 0.307573
52 88 0.295209
52 89 0.497682
52 90 0.435858
52 91 0.112828
52 92 0.146832
52 93 0.404946
52 94 0.516229
52 95 0.387944
52 96 0.278207
52 97 0.064915
52 98 0.499227
52 99 0.204019
53 54 0.695518
53 55 0.251932
53 56 0.542504
53 57 0.423493
53 58 0.414219
53 59 0.548686
53 60 0.321484
53 61 0.717156
53 62 0.595054
53 63 0.216383
53 64 0.160742
53 65 0.102009
53 66 0.710974
53 67 0.884080
53 68 0.544049
53 69 0.686244
53 70 0.673879
53 71 0.443586
53 72 0.370943
53 73 0.057187
53 74 0.544049
53 75 0.531685
53 76 0.649150
53 77 0.395672
53 78 0.275116
53 79 0.442040
53 80 0.513138
53 81 0.157651
53 82 0.136012
53 83 0.488408
53 84 0.533230
53 85 0.570325
53 86 0.737249
53 87 0.550232
53 88 0.636785
53 89 0.659969
53 90 0.782071
53 91 0.344668
53 92 0.380216
53 93 0.491499
53 94 0.465224
53 95 0.236476
53 96 0.612056
53 97 0.298300
53 98 0.448223
53 99 0.519320
54 55 0.513138
54 56 0.290572
54 57 0.349304
54 58 0.406491
54 59 0.601236
54 60 0.375580
54 61 0.100464
54 62 0.177743
54 63 0.581144
54 64 0.598145
54 65 0.714065
54 66 0.367852
54 67 0.335394
54 68 0.681607
54 69 0.557960
54 70 0.177743
54 71 0.272025
54 72 0.448223
54 73 0.644513
54 74 0.151468
54 75 0.183926
54 76 0.462133
54 77 0.313756
54 78 0.459042
54 79 0.335394
54 80 0.268934
54 81 0.570325
54 82 0.562597
54 83 0.358578
54 84 0.374034
54 85 0.408037
54 86 0.040185
54 87 0.404946
54 88 0.180835
54 89 0.503864
54 90 0.106646
54 91 0.401855
54 92 0.397218
54 93 0.533230
54 94 0.709428
54 95 0.673879
54 96 0.131376
54 97 0.404946
54 98 0.697063
54 99 0.278207
55 56 0.299845
55 57 0.183926
55 58 0.395672
55 59 0.613601
55 60 0.205564
55 61 0.506955
55 62 0.471406
55 63 0.068006
55 64 0.284389
55 65 0.221020
55 66 0.652241
55 67 0.772798
55 68 0.642968
55 69 0.703246
55 70 0.550232
55 71 0.326121
55 72 0.375580
55 73 0.231839
55 74 0.364760
55 75 0.329212
55 76 0.636785
55 77 0.287481
55 78 0.058733
55 79 0.377125
55 80 0.423493
55 81 0.247295
55 82 0.143740
55 83 0.239567
55 84 0.281298
55 85 0.547141
55 86 0.551777
55 87 0.298300
55 88 0.411128
55 89 0.663060
55 90 0.613601
55 91 0.112828
55 92 0.134467
55 93 0.536321
55 94 0.595054
55 95 0.403400
55 96 0.468315
55 97 0.129830
55 98 0.578053
55 99 0.282844
56 57 0.119011
56 58 0.455951
56 59 0.698609
56 60 0.295209
56 61 0.239567
56 62 0.358578
56 63 0.361669
56 64 0.513138
56 65 0.522411
56 66 0.584235
56 67 0.618238
56 68 0.758887
56 69 0.721793
56 70 0.415765
56 71 0.302937
56 72 0.471406
56 73 0.506955
56 74 0.202473
56 75 0.140649
56 76 0.630603
56 77 0.306028
56 78 0.267388
56 79 0.395672
56 80 0.383308
56 81 0.474498
56 82 0.411128
56 83 0.074189
56 84 0.083462
56 85 0.550232
56 86 0.318393
56 87 0.117465
56 88 0.128284
56 89 0.669243
56 90 0.397218
56 91 0.197836
56 92 0.163833
56 93 0.618238
56 94 0.748068
56 95 0.622875
56 96 0.327666
56 97 0.259660
56 98 0.732612
56 99 0.032457
57 58 0.387944
57 59 0.630603
57 60 0.200927
57 61 0.327666
57 62 0.358578
57 63 0.248841
57 64 0.400309
57 65 0.404946
57 66 0.573416
57 67 0.647604
57 68 0.681607
57 69 0.678516
57 70 0.429675
57 71 0.255023
57 72 0.392581
57 73 0.387944
57 74 0.217929
57 75 0.165379
57 76 0.595054
57 77 0.239567
57 78 0.148377
57 79 0.338485
57 80 0.349304
57 81 0.363215
57 82 0.292117
57 83 0.080371
57 84 0.131376
57 85 0.508501
57 86 0.386399
57 87 0.163833
57 88 0.227202
57 89 0.629057
57 90 0.455951
57 91 0.078825
57 92 0.049459
57 93 0.548686
57 94 0.659969
57 95 0.514683
57 96 0.340031
57 97 0.148377
57 98 0.642968
57 99 0.097372
58 59 0.244204
58 60 0.197836
58 61 0.479134
58 62 0.241113
58 63 0.440495
58 64 0.262751
58 65 0.485317
58 66 0.296754
58 67 0.483771
58 68 0.302937
58 69 0.307573
58 70 0.301391
58 71 0.159196
58 72 0.051005
58 73 0.357032
58 74 0.302937
58 75 0.341577
58 76 0.244204
58 77 0.151468
58 78 0.346213
58 79 0.071097
58 80 0.140649
58 81 0.256569
58 82 0.326121
58 83 0.463679
58 84 0.513138
58 85 0.159196
58 86 0.443586
58 87 0.547141
58 88 0.462133
58 89 0.267388
58 90 0.452859
58 91 0.353941
58 92 0.392581
58 93 0.160742
58 94 0.309119
58 95 0.292117
58 96 0.279753
58 97 0.278207
58 98 0.295209
58 99 0.421947
59 60 0.435858
59 61 0.689335
59 62 0.423493
59 63 0.646059
59 64 0.389490
59 65 0.642968
59 66 0.324575
59 67 0.544049
59 68 0.086553
59 69 0.163833
59 70 0.449768
59 71 0.397218
59 72 0.242658
59 73 0.499227
59 74 0.531685
59 75 0.578053
59 76 0.196291
59 77 0.395672
59 78 0.571870
59 79 0.304482
59 80 0.340031
59 81 0.408037
59 82 0.510046
59 83 0.707883
59 84 0.757342
59 85 0.199382
59 86 0.630603
59 87 0.791345
59 88 0.693972
59 89 0.171561
59 90 0.615147
59 91 0.591963
59 92 0.632148
59 93 0.081917
59 94 0.163833
59 95 0.333849
59 96 0.469861
59 97 0.511592
59 98 0.163833
59 99 0.666151
60 61 0.408037
60 62 0.282844
60 63 0.262751
60 64 0.233385
60 65 0.353941
60 66 0.446677
60 67 0.582689
60 68 0.480680
60 69 0.503864
60 70 0.363215
60 71 0.129830
60 72 0.193199
60 73 0.268934
60 74 0.227202
60 75 0.228748
60 76 0.432767
60 77 0.085008
60 78 0.151468
60 79 0.171561
60 80 0.219474
60 81 0.199382
60 82 0.191654
60 83 0.281298
60 84 0.333849
60 85 0.343122
60 86 0.417311
60 87 0.364760
60 88 0.347759
60 89 0.460587
60 90 0.460587
60 91 0.156105
60 92 0.196291
60 93 0.353941
60 94 0.457496
60 95 0.330757
60 96 0.292117
60 97 0.080371
60 98 0.440495
60 99 0.262751
61 62 0.268934
61 63 0.574961
61 64 0.639876
61 65 0.721793
61 66 0.468315
61 67 0.425039
61 68 0.766615
61 69 0.655332
61 70 0.278207
61 71 0.329212
61 72 0.516229
61 73 0.670788
61 74 0.185471
61 75 0.183926
61 76 0.559505
61 77 0.363215
61 78 0.459042
61 79 0.406491
61 80 0.350850
61 81 0.607419
61 82 0.581144
61 83 0.315301
61 84 0.316847
61 85 0.500773
61 86 0.100464
61 87 0.341577
61 88 0.111283
61 89 0.602782
61 90 0.180835
61 91 0.394127
61 92 0.378671
61 93 0.616692
61 94 0.786708
61 95 0.727975
61 96 0.222566
61 97 0.418856
61 98 0.772798
61 99 0.238022
62 63 0.534776
62 64 0.471406
62 65 0.638331
62 66 0.224111
62 67 0.301391
62 68 0.503864
62 69 0.387944
62 70 0.080371
62 71 0.153014
62 72 0.289026
62 73 0.539413
62 74 0.156105
62 75 0.217929
62 76 0.292117
62 77 0.200927
62 78 0.412674
62 79 0.176198
62 80 0.100464
62 81 0.451314
62 82 0.472952
62 83 0.404946
62 84 0.438949
62 85 0.230294
62 86 0.208655
62 87 0.474498
62 88 0.299845
62 89 0.335394
62 90 0.210201
62 91 0.377125
62 92 0.392581
62 93 0.355487
62 94 0.536321
62 95 0.527048
62 96 0.046368
62 97 0.343122
62 98 0.523957
62 99 0.332303
63 64 0.287481
63 65 0.163833
63 66 0.709428
63 67 0.837713
63 68 0.667697
63 69 0.748068
63 70 0.615147
63 71 0.387944
63 72 0.415765
63 73 0.211747
63 74 0.432767
63 75 0.398764
63 76 0.684699
63 77 0.346213
63 78 0.125193
63 79 0.431221
63 80 0.482226
63 81 0.255023
63 82 0.143740
63 83 0.296754
63 84 0.333849
63 85 0.596600
63 86 0.621329
63 87 0.346213
63 88 0.477589
63 89 0.707883
63 90 0.681607
63 91 0.180835
63 92 0.199382
63 93 0.571870
63 94 0.610510
63 95 0.403400
63 96 0.534776
63 97 0.191654
63 98 0.591963
63 99 0.347759
64 65 0.251932
64 66 0.559505
64 67 0.743431
64 68 0.392581
64 69 0.523957
64 70 0.545595
64 71 0.329212
64 72 0.214838
64 73 0.108192
64 74 0.455951
64 75 0.462133
64 76 0.488408
64 77 0.284389
64 78 0.272025
64 79 0.302937
64 80 0.378671
64 81 0.038640
64 82 0.145286
64 83 0.479134
64 84 0.530139
64 85 0.412674
64 86 0.639876
64 87 0.556414
64 88 0.579598
64 89 0.497682
64 90 0.672334
64 91 0.327666
64 92 0.372488
64 93 0.330757
64 94 0.324575
64 95 0.119011
64 96 0.496136
64 97 0.253478
64 98 0.307573
64 99 0.482226
65 66 0.777434
65 67 0.935085
65 68 0.641422
65 69 0.771252
65 70 0.718702
65 71 0.483771
65 72 0.445131
65 73 0.143740
65 74 0.562597
65 75 0.539413
65 76 0.726430
65 77 0.437403
65 78 0.262751
65 79 0.499227
65 80 0.565688
65 81 0.238022
65 82 0.165379
65 83 0.459042
65 84 0.497682
65 85 0.644513
65 86 0.755796
65 87 0.510046
65 88 0.630603
65 89 0.741886
65 90 0.809892
65 91 0.330757
65 92 0.357032
65 93 0.581144
65 94 0.565688
65 95 0.338485
65 96 0.646059
65 97 0.309119
65 98 0.550232
65 99 0.503864
66 67 0.217929
66 68 0.411128
66 69 0.211747
66 70 0.190108
66 71 0.327666
66 72 0.343122
66 73 0.652241
66 74 0.380216
66 75 0.443586
66 76 0.131376
66 77 0.364760
66 78 0.595054
66 79 0.279753
66 80 0.228748
66 81 0.553323
66 82 0.613601
66 83 0.625966
66 84 0.663060
66 85 0.154560
66 86 0.380216
66 87 0.698609
66 88 0.520866
66 89 0.166924
66 90 0.335394
66 91 0.576507
66 92 0.599691
66 93 0.296754
66 94 0.480680
66 95 0.568779
66 96 0.262751
66 97 0.522411
66 98 0.476043
66 99 0.556414
67 68 0.629057
67 69 0.415765
67 70 0.222566
67 71 0.451314
67 72 0.533230
67 73 0.825348
67 74 0.429675
67 75 0.488408
67 76 0.347759
67 77 0.497682
67 78 0.714065
67 79 0.442040
67 80 0.369397
67 81 0.729521
67 82 0.769706
67 83 0.678516
67 84 0.701700
67 85 0.366306
67 86 0.323029
67 87 0.734158
67 88 0.516229
67 89 0.380216
67 90 0.245750
67 91 0.675425
67 92 0.686244
67 93 0.514683
67 94 0.700155
67 95 0.771252
67 96 0.307573
67 97 0.644513
67 98 0.695518
67 99 0.598145
68 69 0.236476
68 70 0.533230
68 71 0.462133
68 72 0.289026
68 73 0.499227
68 74 0.601236
68 75 0.644513
68 76 0.281298
68 77 0.452859
68 78 0.607419
68 79 0.370943
68 80 0.415765
68 81 0.415765
68 82 0.525502
68 83 0.760433
68 84 0.811437
68 85 0.284389
68 86 0.712519
68 87 0.843895
68 88 0.763524
68 89 0.253478
68 90 0.698609
68 91 0.635240
68 92 0.676971
68 93 0.148377
68 94 0.098918
68 95 0.312210
68 96 0.548686
68 97 0.551777
68 98 0.106646
68 99 0.724884
69 70 0.383308
69 71 0.425039
69 72 0.332303
69 73 0.630603
69 74 0.528594
69 75 0.585781
69 76 0.095827
69 77 0.440495
69 78 0.653787
69 79 0.340031
69 80 0.338485
69 81 0.533230
69 82 0.622875
69 83 0.746522
69 84 0.791345
69 85 0.171561
69 86 0.578053
69 87 0.826893
69 88 0.686244
69 89 0.052550
69 90 0.542504
69 91 0.656878
69 92 0.690881
69 93 0.193199
69 94 0.326121
69 95 0.486862
69 96 0.434312
69 97 0.585781
69 98 0.329212
69 99 0.689335
70 71 0.233385
70 72 0.352396
70 73 0.616692
70 74 0.216383
70 75 0.278207
70 76 0.289026
70 77 0.279753
70 78 0.491499
70 79 0.244204
70 80 0.166924
70 81 0.527048
70 82 0.553323
70 83 0.468315
70 84 0.499227
70 85 0.248841
70 86 0.193199
70 87 0.533230
70 88 0.335394
70 89 0.332303
70 90 0.165379
70 91 0.454405
70 92 0.466770
70 93 0.391036
70 94 0.578053
70 95 0.593509
70 96 0.089645
70 97 0.423493
70 98 0.568779
70 99 0.392581
71 72 0.188563
71 73 0.387944
71 74 0.146832
71 75 0.182380
71 76 0.340031
71 77 0.046368
71 78 0.267388
71 79 0.092736
71 80 0.098918
71 81 0.302937
71 82 0.319938
71 83 0.321484
71 84 0.366306
71 85 0.253478
71 86 0.312210
71 87 0.403400
71 88 0.302937
71 89 0.374034
71 90 0.343122
71 91 0.247295
71 92 0.273570
71 93 0.316847
71 94 0.465224
71 95 0.401855
71 96 0.168470
71 97 0.196291
71 98 0.451314
71 99 0.268934
72 73 0.312210
72 74 0.335394
72 75 0.367852
72 76 0.279753
72 77 0.168470
72 78 0.330757
72 79 0.114374
72 80 0.188563
72 81 0.211747
72 82 0.290572
72 83 0.471406
72 84 0.520866
72 85 0.199382
72 86 0.486862
72 87 0.554869
72 88 0.491499
72 89 0.296754
72 90 0.500773
72 91 0.349304
72 92 0.389490
72 93 0.162287
72 94 0.278207
72 95 0.241113
72 96 0.324575
72 97 0.268934
72 98 0.262751
72 99 0.437403
73 74 0.494590
73 75 0.485317
73 76 0.591963
73 77 0.340031
73 78 0.242658
73 79 0.383308
73 80 0.455951
73 81 0.100464
73 82 0.095827
73 83 0.459042
73 84 0.506955
73 85 0.511592
73 86 0.686244
73 87 0.527048
73 88 0.595054
73 89 0.602782
73 90 0.729521
73 91 0.310665
73 92 0.349304
73 93 0.438949
73 94 0.426584
73 95 0.200927
73 96 0.556414
73 97 0.255023
73 98 0.408037
73 99 0.482226
74 75 0.061824
74 76 0.435858
74 77 0.177743
74 78 0.309119
74 79 0.231839
74 80 0.193199
74 81 0.425039
74 82 0.411128
74 83 0.251932
74 84 0.282844
74 85 0.360124
74 86 0.191654
74 87 0.318393
74 88 0.162287
74 89 0.476043
74 90 0.248841
74 91 0.256569
74 92 0.259660
74 93 0.452859
74 94 0.612056
74 95 0.542504
74 96 0.126739
74 97 0.253478
74 98 0.596600
74 99 0.176198
75 76 0.493045
75 77 0.200927
75 78 0.278207
75 79 0.273570
75 80 0.247295
75 81 0.428130
75 82 0.395672
75 83 0.190108
75 84 0.221020
75 85 0.415765
75 86 0.222566
75 87 0.256569
75 88 0.123648
75 89 0.533230
75 90 0.289026
75 91 0.217929
75 92 0.211747
75 93 0.497682
75 94 0.647604
75 95 0.556414
75 96 0.188563
75 97 0.233385
75 98 0.632148
75 99 0.114374
76 77 0.361669
76 78 0.584235
76 79 0.261206
76 80 0.248841
76 81 0.491499
76 82 0.570325
76 83 0.659969
76 84 0.703246
76 85 0.089645
76 86 0.482226
76 87 0.738794
76 88 0.591963
76 89 0.041731
76 90 0.449768
76 91 0.579598
76 92 0.612056
76 93 0.183926
76 94 0.357032
76 95 0.474498
76 96 0.338485
76 97 0.513138
76 98 0.353941
76 99 0.599691
77 78 0.230294
77 79 0.100464
77 80 0.134467
77 81 0.258114
77 82 0.272025
77 83 0.312210
77 84 0.361669
77 85 0.272025
77 86 0.353941
77 87 0.395672
77 88 0.324575
77 89 0.392581
77 90 0.389490
77 91 0.217929
77 92 0.250386
77 93 0.312210
77 94 0.446677
77 95 0.364760
77 96 0.214838
77 97 0.157651
77 98 0.431221
77 99 0.272025
78 79 0.323029
78 80 0.364760
78 81 0.233385
78 82 0.146832
78 83 0.216383
78 84 0.264297
78 85 0.494590
78 86 0.497682
78 87 0.285935
78 88 0.367852
78 89 0.610510
78 90 0.557960
78 91 0.069552
78 92 0.106646
78 93 0.493045
78 94 0.567233
78 95 0.389490
78 96 0.409583
78 97 0.071097
78 98 0.548686
78 99 0.244204
79 80 0.077280
79 81 0.287481
79 82 0.335394
79 83 0.409583
79 84 0.457496
79 85 0.171561
79 86 0.372488
79 87 0.493045
79 88 0.392581
79 89 0.292117
79 90 0.386399
79 91 0.318393
79 92 0.350850
79 93 0.224111
79 94 0.380216
79 95 0.350850
79 96 0.210201
79 97 0.251932
79 98 0.366306
79 99 0.361669
80 81 0.361669
80 82 0.400309
80 83 0.411128
80 84 0.454405
80 85 0.166924
80 86 0.304482
80 87 0.489954
80 88 0.355487
80 89 0.285935
80 90 0.312210
80 91 0.346213
80 92 0.372488
80 93 0.265842
80 94 0.438949
80 95 0.428130
80 96 0.139104
80 97 0.292117
80 98 0.426584
80 99 0.350850
81 82 0.111283
81 83 0.440495
81 84 0.491499
81 85 0.411128
81 86 0.612056
81 87 0.516229
81 88 0.545595
81 89 0.503864
81 90 0.647604
81 91 0.289026
81 92 0.333849
81 93 0.343122
81 94 0.355487
81 95 0.156105
81 96 0.471406
81 97 0.214838
81 98 0.336940
81 99 0.445131
82 83 0.363215
82 84 0.411128
82 85 0.485317
82 86 0.602782
82 87 0.432767
82 88 0.502318
82 89 0.588872
82 90 0.652241
82 91 0.213292
82 92 0.253478
82 93 0.440495
82 94 0.466770
82 95 0.262751
82 96 0.485317
82 97 0.162287
82 98 0.448223
82 99 0.386399
83 84 0.051005
83 85 0.574961
83 86 0.389490
83 87 0.083462
83 88 0.204019
83 89 0.695518
83 90 0.466770
83 91 0.151468
83 92 0.109737
83 93 0.624420
83 94 0.740340
83 95 0.593509
83 96 0.378671
83 97 0.227202
83 98 0.723338
83 99 0.080371
84 85 0.619784
84 86 0.401855
84 87 0.035549
84 88 0.204019
84 89 0.740340
84 90 0.480680
84 91 0.200927
84 92 0.157651
84 93 0.673879
84 94 0.791345
84 95 0.644513
84 96 0.409583
84 97 0.279753
84 98 0.774343
84 99 0.106646
85 86 0.434312
85 87 0.655332
85 88 0.519320
85 89 0.120556
85 90 0.415765
85 91 0.491499
85 92 0.522411
85 93 0.149923
85 94 0.338485
85 95 0.414219
85 96 0.278207
85 97 0.423493
85 98 0.330757
85 99 0.517774
86 87 0.429675
86 88 0.199382
86 89 0.525502
86 90 0.080371
86 91 0.440495
86 92 0.434312
86 93 0.564142
86 94 0.744977
86 95 0.714065
86 96 0.165379
86 97 0.446677
86 98 0.732612
86 99 0.309119
87 88 0.230294
87 89 0.775889
87 90 0.508501
87 91 0.227202
87 92 0.183926
87 93 0.709428
87 94 0.823802
87 95 0.672334
87 96 0.443586
87 97 0.307573
87 98 0.806801
87 99 0.142195
88 89 0.632148
88 90 0.281298
88 91 0.299845
88 92 0.278207
88 93 0.615147
88 94 0.769706
88 95 0.678516
88 96 0.258114
88 97 0.340031
88 98 0.754250
88 99 0.131376
89 90 0.491499
89 91 0.610510
89 92 0.644513
89 93 0.177743
89 94 0.335394
89 95 0.472952
89 96 0.380216
89 97 0.540958
89 98 0.335394
89 99 0.638331
90 91 0.503864
90 92 0.502318
90 93 0.556414
90 94 0.741886
90 95 0.737249
90 96 0.177743
90 97 0.500773
90 98 0.731066
90 99 0.384853
91 92 0.043277
91 93 0.511592
91 94 0.604328
91 95 0.445131
91 96 0.367852
91 97 0.083462
91 98 0.587326
91 99 0.174652
92 93 0.550232
92 94 0.647604
92 95 0.488408
92 96 0.378671
92 97 0.126739
92 98 0.630603
92 99 0.146832
93 94 0.188563
93 95 0.295209
93 96 0.400309
93 97 0.431221
93 98 0.180835
93 99 0.584235
94 95 0.228748
94 96 0.578053
94 97 0.520866
94 98 0.017002
94 99 0.715611
95 96 0.559505
95 97 0.366306
95 98 0.213292
95 99 0.590417
96 97 0.344668
96 98 0.567233
96 99 0.302937
97 98 0.502318
97 99 0.230294
98 99 0.698609
