100 4950
0 1 0.294118
0 2 0.099673
0 3 0.132353
0 4 0.271242
0 5 0.464052
0 6 0.382353
0 7 0.465686
0 8 0.607843
0 9 0.429739
0 10 0.375817
0 11 0.602941
0 12 0.385621
0 13 0.130719
0 14 0.539216
0 15 0.135621
0 16 0.372549
0 17 0.392157
0 18 0.227124
0 19 0.210784
0 20 0.253268
0 21 0.705882
0 22 0.612745
0 23 0.156863
0 24 0.622549
0 25 0.442810
0 26 0.336601
0 27 0.470588
0 28 0.232026
0 29 0.348039
0 30 0.558824
0 31 0.276144
0 32 0.117647
0 33 0.449346
0 34 0.666667
0 35 0.500000
0 36 0.482026
0 37 0.692810
0 38 0.521242
0 39 0.563725
0 40 0.266340
0 41 0.284314
0 42 0.526144
0 43 0.071895
0 44 0.392157
0 45 0.660131
0 46 0.669935
0 47 0.259804
0 48 0.535948
0 49 0.111111
0 50 0.455882
0 51 0.421569
0 52 0.354575
0 53 0.073529
0 54 0.633987
0 55 0.117647
0 56 0.576797
0 57 0.354575
0 58 0.416667
0 59 0.272876
0 60 0.318627
0 61 0.725490
0 62 0.374183
0 63 0.686275
0 64 0.599673
0 65 0.535948
0 66 0.326797
0 67 0.475490
0 68 0.576797
0 69 0.576797
0 70 0.302288
0 71 0.334967
0 72 0.321895
0 73 0.488562
0 74 0.075163
0 75 0.537582
0 76 0.594771
0 77 0.250000
0 78 0.442810
0 79 0.331699
0 80 0.246732
0 81 0.472222
0 82 0.468954
0 83 0.264706
0 84 0.341503
0 85 0.241830
0 86 0.297386
0 87 0.501634
0 88 0.303922
0 89 0.540850
0 90 0.450980
0 91 0.243464
0 92 0.416667
0 93 0.759804
0 94 0.526144
0 95 0.112745
0 96 0.480392
0 97 0.704248
0 98 0.712418
0 99 0.460784
1 2 0.387255
1 3 0.166667
1 4 0.449346
1 5 0.549020
1 6 0.245098
1 7 0.748366
1 8 0.586601
1 9 0.312092
1 10 0.666667
1 11 0.573529
1 12 0.359477
1 13 0.163399
1 14 0.485294
1 15 0.284314
1 16 0.272876
1 17 0.465686
1 18 0.426471
1 19 0.334967
1 20 0.132353
1 21 0.866013
1 22 0.766340
1 23 0.421569
1 24 0.777778
1 25 0.707516
1 26 0.566993
1 27 0.454248
1 28 0.062092
1 29 0.415033
1 30 0.725490
1 31 0.545752
1 32 0.209150
1 33 0.612745
1 34 0.640523
1 35 0.526144
1 36 0.495098
1 37 0.828431
1 38 0.540850
1 39 0.705882
1 40 0.553922
1 41 0.571895
1 42 0.808824
1 43 0.338235
1 44 0.575163
1 45 0.774510
1 46 0.897059
1 47 0.299020
1 48 0.488562
1 49 0.183007
1 50 0.511438
1 51 0.676471
1 52 0.647059
1 53 0.267974
1 54 0.620915
1 55 0.233660
1 56 0.733660
1 57 0.637255
1 58 0.709150
1 59 0.344771
1 60 0.500000
1 61 0.944444
1 62 0.602941
1 63 0.913399
1 64 0.645425
1 65 0.697712
1 66 0.120915
1 67 0.717320
1 68 0.666667
1 69 0.557190
1 70 0.150327
1 71 0.625817
1 72 0.601307
1 73 0.761438
1 74 0.269608
1 75 0.702614
1 76 0.753268
1 77 0.506536
1 78 0.395425
1 79 0.593137
1 80 0.063725
1 81 0.679739
1 82 0.692810
1 83 0.454248
1 84 0.571895
1 85 0.143791
1 86 0.573529
1 87 0.794118
1 88 0.591503
1 89 0.694444
1 90 0.661765
1 91 0.450980
1 92 0.380719
1 93 0.972222
1 94 0.805556
1 95 0.266340
1 96 0.374183
1 97 0.859477
1 98 0.893791
1 99 0.722222
2 3 0.220588
2 4 0.305556
2 5 0.514706
2 6 0.480392
2 7 0.403595
2 8 0.681373
2 9 0.524510
2 10 0.302288
2 11 0.679739
2 12 0.468954
2 13 0.223856
2 14 0.620915
2 15 0.156863
2 16 0.468954
2 17 0.452614
2 18 0.258170
2 19 0.281046
2 20 0.325163
2 21 0.715686
2 22 0.630719
2 23 0.070261
2 24 0.637255
2 25 0.398693
2 26 0.330065
2 27 0.547386
2 28 0.325163
2 29 0.415033
2 30 0.571895
2 31 0.241830
2 32 0.217320
2 33 0.472222
2 34 0.738562
2 35 0.566993
2 36 0.552288
2 37 0.714052
2 38 0.588235
2 39 0.588235
2 40 0.166667
2 41 0.220588
2 42 0.459150
2 43 0.053922
2 44 0.410131
2 45 0.689542
2 46 0.645425
2 47 0.344771
2 48 0.617647
2 49 0.204248
2 50 0.516340
2 51 0.387255
2 52 0.263072
2 53 0.165033
2 54 0.704248
2 55 0.174837
2 56 0.594771
2 57 0.253268
2 58 0.320261
2 59 0.346405
2 60 0.344771
2 61 0.705882
2 62 0.362745
2 63 0.661765
2 64 0.656863
2 65 0.550654
2 66 0.426471
2 67 0.450980
2 68 0.620915
2 69 0.650327
2 70 0.401961
2 71 0.261438
2 72 0.220588
2 73 0.434641
2 74 0.125817
2 75 0.552288
2 76 0.611111
2 77 0.233660
2 78 0.527778
2 79 0.299020
2 80 0.346405
2 81 0.470588
2 82 0.454248
2 83 0.295752
2 84 0.333333
2 85 0.310458
2 86 0.196078
2 87 0.408497
2 88 0.240196
2 89 0.560458
2 90 0.447712
2 91 0.267974
2 92 0.501634
2 93 0.743464
2 94 0.467320
2 95 0.200980
2 96 0.573529
2 97 0.717320
2 98 0.714052
2 99 0.419935
3 4 0.354575
3 5 0.511438
3 6 0.320261
3 7 0.599673
3 8 0.611111
3 9 0.380719
3 10 0.509804
3 11 0.602941
3 12 0.375817
3 13 0.021242
3 14 0.526144
3 15 0.132353
3 16 0.326797
3 17 0.431373
3 18 0.320261
3 19 0.259804
3 20 0.127451
3 21 0.792484
3 22 0.696078
3 23 0.254902
3 24 0.705882
3 25 0.570261
3 26 0.449346
3 27 0.470588
3 28 0.106209
3 29 0.380719
3 30 0.647059
3 31 0.403595
3 32 0.104575
3 33 0.534314
3 34 0.669935
3 35 0.522876
3 36 0.496732
3 37 0.769608
3 38 0.540850
3 39 0.642157
3 40 0.385621
3 41 0.418301
3 42 0.658497
3 43 0.171569
3 44 0.483660
3 45 0.727124
3 46 0.784314
3 47 0.267974
3 48 0.526144
3 49 0.029412
3 50 0.488562
3 51 0.545752
3 52 0.483660
3 53 0.135621
3 54 0.642157
3 55 0.078431
3 56 0.660131
3 57 0.468954
3 58 0.542484
3 59 0.300654
3 60 0.406863
3 61 0.838235
3 62 0.486928
3 63 0.800654
3 64 0.633987
3 65 0.620915
3 66 0.230392
3 67 0.594771
3 68 0.630719
3 69 0.580065
3 70 0.223856
3 71 0.467320
3 72 0.433007
3 73 0.619281
3 74 0.104575
3 75 0.625817
3 76 0.681373
3 77 0.372549
3 78 0.426471
3 79 0.457516
3 80 0.135621
3 81 0.576797
3 82 0.580065
3 83 0.354575
3 84 0.454248
3 85 0.117647
3 86 0.406863
3 87 0.629085
3 88 0.437908
3 89 0.622549
3 90 0.557190
3 91 0.341503
3 92 0.405229
3 93 0.870915
3 94 0.658497
3 95 0.156863
3 96 0.439542
3 97 0.790850
3 98 0.810458
3 99 0.588235
4 5 0.212418
4 6 0.366013
4 7 0.377451
4 8 0.410131
4 9 0.370915
4 10 0.348039
4 11 0.413399
4 12 0.261438
4 13 0.338235
4 14 0.380719
4 15 0.406863
4 16 0.328431
4 17 0.168301
4 18 0.047386
4 19 0.114379
4 20 0.478758
4 21 0.437908
4 22 0.343137
4 23 0.374183
4 24 0.352941
4 25 0.299020
4 26 0.137255
4 27 0.300654
4 28 0.400327
4 29 0.153595
4 30 0.292484
4 31 0.189542
4 32 0.254902
4 33 0.179739
4 34 0.462418
4 35 0.285948
4 36 0.282680
4 37 0.421569
4 38 0.307190
4 39 0.292484
4 40 0.387255
4 41 0.267974
4 42 0.434641
4 43 0.323529
4 44 0.129085
4 45 0.388889
4 46 0.447712
4 47 0.181373
4 48 0.374183
4 49 0.325163
4 50 0.228758
4 51 0.259804
4 52 0.401961
4 53 0.222222
4 54 0.424837
4 55 0.382353
4 56 0.307190
4 57 0.470588
4 58 0.480392
4 59 0.142157
4 60 0.050654
4 61 0.495098
4 62 0.166667
4 63 0.465686
4 64 0.356209
4 65 0.266340
4 66 0.400327
4 67 0.279412
4 68 0.315359
4 69 0.382353
4 70 0.352941
4 71 0.321895
4 72 0.455882
4 73 0.362745
4 74 0.346405
4 75 0.269608
4 76 0.326797
4 77 0.142157
4 78 0.312092
4 79 0.200980
4 80 0.383987
4 81 0.228758
4 82 0.246732
4 83 0.016340
4 84 0.140523
4 85 0.472222
4 86 0.446078
4 87 0.529412
4 88 0.279412
4 89 0.271242
4 90 0.212418
4 91 0.044118
4 92 0.285948
4 93 0.524510
4 94 0.413399
4 95 0.197712
4 96 0.390523
4 97 0.436275
4 98 0.454248
4 99 0.308824
5 6 0.367647
5 7 0.526144
5 8 0.223856
5 9 0.333333
5 10 0.531046
5 11 0.232026
5 12 0.217320
5 13 0.491830
5 14 0.240196
5 15 0.594771
5 16 0.323529
5 17 0.083333
5 18 0.259804
5 19 0.256536
5 20 0.620915
5 21 0.334967
5 22 0.236928
5 23 0.584967
5 24 0.248366
5 25 0.429739
5 26 0.285948
5 27 0.174837
5 28 0.519608
5 29 0.135621
5 30 0.218954
5 31 0.382353
5 32 0.406863
5 33 0.150327
5 34 0.266340
5 35 0.106209
5 36 0.127451
5 37 0.282680
5 38 0.122549
5 39 0.174837
5 40 0.599673
5 41 0.465686
5 42 0.573529
5 43 0.526144
5 44 0.181373
5 45 0.225490
5 46 0.457516
5 47 0.251634
5 48 0.232026
5 49 0.485294
5 50 0.057190
5 51 0.385621
5 52 0.601307
5 53 0.398693
5 54 0.228758
5 55 0.558824
5 56 0.212418
5 57 0.679739
5 58 0.678105
5 59 0.212418
5 60 0.191176
5 61 0.478758
5 62 0.290850
5 63 0.472222
5 64 0.142157
5 65 0.196078
5 66 0.459150
5 67 0.364379
5 68 0.117647
5 69 0.202614
5 70 0.411765
5 71 0.513072
5 72 0.666667
5 73 0.491830
5 74 0.534314
5 75 0.202614
5 76 0.232026
5 77 0.343137
5 78 0.228758
5 79 0.370915
5 80 0.488562
5 81 0.263072
5 82 0.312092
5 83 0.227124
5 84 0.285948
5 85 0.619281
5 86 0.658497
5 87 0.715686
5 88 0.472222
5 89 0.181373
5 90 0.266340
5 91 0.256536
5 92 0.217320
5 93 0.493464
5 94 0.542484
5 95 0.362745
5 96 0.316993
5 97 0.323529
5 98 0.380719
5 99 0.428105
6 7 0.735294
6 8 0.348039
6 9 0.066993
6 10 0.683007
6 11 0.333333
6 12 0.148693
6 13 0.302288
6 14 0.243464
6 15 0.452614
6 16 0.044118
6 17 0.294118
6 18 0.370915
6 19 0.264706
6 20 0.364379
6 21 0.702614
6 22 0.602941
6 23 0.540850
6 24 0.616013
6 25 0.665033
6 26 0.503268
6 27 0.227124
6 28 0.251634
6 29 0.253268
6 30 0.576797
6 31 0.531046
6 32 0.264706
6 33 0.477124
6 34 0.398693
6 35 0.312092
6 36 0.276144
6 37 0.648693
6 38 0.320261
6 39 0.542484
6 40 0.637255
6 41 0.588235
6 42 0.794118
6 43 0.452614
6 44 0.462418
6 45 0.586601
6 46 0.790850
6 47 0.184641
6 48 0.248366
6 49 0.312092
6 50 0.315359
6 51 0.625817
6 52 0.700980
6 53 0.315359
6 54 0.382353
6 55 0.398693
6 56 0.576797
6 57 0.728758
6 58 0.774510
6 59 0.223856
6 60 0.401961
6 61 0.825163
6 62 0.531046
6 63 0.807190
6 64 0.429739
6 65 0.550654
6 66 0.124183
6 67 0.642157
6 68 0.470588
6 69 0.321895
6 70 0.101307
6 71 0.647059
6 72 0.699346
6 73 0.727124
6 74 0.408497
6 75 0.557190
6 76 0.596405
6 77 0.482026
6 78 0.161765
6 79 0.558824
6 80 0.207516
6 81 0.571895
6 82 0.602941
6 83 0.379085
6 84 0.506536
6 85 0.372549
6 86 0.676471
6 87 0.846405
6 88 0.606209
6 89 0.540850
6 90 0.562092
6 91 0.390523
6 92 0.158497
6 93 0.846405
6 94 0.777778
6 95 0.284314
6 96 0.129085
6 97 0.692810
6 98 0.745098
6 99 0.674837
7 8 0.750000
7 9 0.746732
7 10 0.109477
7 11 0.758170
7 12 0.640523
7 13 0.593137
7 14 0.746732
7 15 0.560458
7 16 0.700980
7 17 0.526144
7 18 0.362745
7 19 0.470588
7 20 0.720588
7 21 0.504902
7 22 0.467320
7 23 0.424837
7 24 0.467320
7 25 0.099673
7 26 0.248366
7 27 0.666667
7 28 0.687908
7 29 0.526144
7 30 0.413399
7 31 0.207516
7 32 0.540850
7 33 0.387255
7 34 0.794118
7 35 0.629085
7 36 0.637255
7 37 0.547386
7 38 0.647059
7 39 0.465686
7 40 0.307190
7 41 0.183007
7 42 0.060458
7 43 0.457516
7 44 0.344771
7 45 0.565359
7 46 0.321895
7 47 0.550654
7 48 0.738562
7 49 0.573529
7 50 0.568627
7 51 0.142157
7 52 0.207516
7 53 0.480392
7 54 0.754902
7 55 0.573529
7 56 0.442810
7 57 0.316993
7 58 0.245098
7 59 0.516340
7 60 0.357843
7 61 0.385621
7 62 0.236928
7 63 0.331699
7 64 0.650327
7 65 0.410131
7 66 0.741830
7 67 0.189542
7 68 0.568627
7 69 0.727124
7 70 0.700980
7 71 0.145425
7 72 0.334967
7 73 0.060458
7 74 0.524510
7 75 0.406863
7 76 0.446078
7 77 0.253268
7 78 0.687908
7 79 0.174837
7 80 0.691176
7 81 0.292484
7 82 0.240196
7 83 0.361111
7 84 0.246732
7 85 0.705882
7 86 0.352941
7 87 0.223856
7 88 0.163399
7 89 0.431373
7 90 0.277778
7 91 0.344771
7 92 0.663399
7 93 0.428105
7 94 0.065359
7 95 0.486928
7 96 0.767974
7 97 0.514706
7 98 0.464052
7 99 0.111111
8 9 0.285948
8 10 0.750000
8 11 0.017974
8 12 0.236928
8 13 0.591503
8 14 0.104575
8 15 0.723856
8 16 0.313725
8 17 0.240196
8 18 0.450980
8 19 0.400327
8 20 0.692810
8 21 0.477124
8 22 0.401961
8 23 0.753268
8 24 0.413399
8 25 0.653595
8 26 0.506536
8 27 0.140523
8 28 0.578431
8 29 0.267974
8 30 0.411765
8 31 0.596405
8 32 0.516340
8 33 0.370915
8 34 0.057190
8 35 0.124183
8 36 0.129085
8 37 0.403595
8 38 0.102941
8 39 0.351307
8 40 0.794118
8 41 0.676471
8 42 0.797386
8 43 0.678105
8 44 0.405229
8 45 0.333333
8 46 0.655229
8 47 0.349673
8 48 0.099673
8 49 0.591503
8 50 0.184641
8 51 0.609477
8 52 0.812092
8 53 0.534314
8 54 0.034314
8 55 0.678105
8 56 0.392157
8 57 0.880719
8 58 0.890523
8 59 0.334967
8 60 0.403595
8 61 0.663399
8 62 0.513072
8 63 0.668301
8 64 0.142157
8 65 0.393791
8 66 0.470588
8 67 0.586601
8 68 0.232026
8 69 0.031046
8 70 0.436275
8 71 0.727124
8 72 0.862745
8 73 0.715686
8 74 0.666667
8 75 0.400327
8 76 0.406863
8 77 0.552288
8 78 0.191176
8 79 0.589869
8 80 0.537582
8 81 0.482026
8 82 0.532680
8 83 0.426471
8 84 0.506536
8 85 0.696078
8 86 0.849673
8 87 0.933007
8 88 0.686275
8 89 0.372549
8 90 0.486928
8 91 0.454248
8 92 0.209150
8 93 0.669935
8 94 0.766340
8 95 0.495098
8 96 0.232026
8 97 0.462418
8 98 0.540850
8 99 0.651961
9 10 0.704248
9 11 0.269608
9 12 0.119281
9 13 0.361111
9 14 0.179739
9 15 0.509804
9 16 0.055556
9 17 0.267974
9 18 0.383987
9 19 0.282680
9 20 0.431373
9 21 0.668301
9 22 0.571895
9 23 0.588235
9 24 0.583333
9 25 0.669935
9 26 0.506536
9 27 0.176471
9 28 0.316993
9 29 0.236928
9 30 0.550654
9 31 0.547386
9 32 0.313725
9 33 0.457516
9 34 0.334967
9 35 0.263072
9 36 0.228758
9 37 0.609477
9 38 0.269608
9 39 0.509804
9 40 0.676471
9 41 0.611111
9 42 0.803922
9 43 0.501634
9 44 0.450980
9 45 0.545752
9 46 0.774510
9 47 0.200980
9 48 0.184641
9 49 0.369281
9 50 0.277778
9 51 0.629085
9 52 0.732026
9 53 0.357843
9 54 0.320261
9 55 0.457516
9 56 0.547386
9 57 0.766340
9 58 0.807190
9 59 0.228758
9 60 0.400327
9 61 0.805556
9 62 0.531046
9 63 0.790850
9 64 0.377451
9 65 0.524510
9 66 0.191176
9 67 0.638889
9 68 0.428105
9 69 0.259804
9 70 0.166667
9 71 0.669935
9 72 0.738562
9 73 0.733660
9 74 0.464052
9 75 0.531046
9 76 0.566993
9 77 0.498366
9 78 0.111111
9 79 0.570261
9 80 0.274510
9 81 0.558824
9 82 0.594771
9 83 0.383987
9 84 0.508170
9 85 0.437908
9 86 0.718954
9 87 0.874183
9 88 0.627451
9 89 0.513072
9 90 0.552288
9 91 0.401961
9 92 0.116013
9 93 0.823529
9 94 0.784314
9 95 0.325163
9 96 0.062092
9 97 0.656863
9 98 0.715686
9 99 0.678105
10 11 0.754902
10 12 0.607843
10 13 0.506536
10 14 0.728758
10 15 0.459150
10 16 0.653595
10 17 0.513072
10 18 0.321895
10 19 0.421569
10 20 0.625817
10 21 0.573529
10 22 0.521242
10 23 0.318627
10 24 0.522876
10 25 0.163399
10 26 0.245098
10 27 0.648693
10 28 0.604575
10 29 0.503268
10 30 0.462418
10 31 0.158497
10 32 0.465686
10 33 0.410131
10 34 0.797386
10 35 0.624183
10 36 0.627451
10 37 0.606209
10 38 0.645425
10 39 0.508170
10 40 0.196078
10 41 0.096405
10 42 0.158497
10 43 0.357843
10 44 0.354575
10 45 0.612745
10 46 0.418301
10 47 0.503268
10 48 0.722222
10 49 0.486928
10 50 0.563725
10 51 0.184641
10 52 0.102941
10 53 0.403595
10 54 0.759804
10 55 0.477124
10 56 0.491830
10 57 0.215686
10 58 0.161765
10 59 0.477124
10 60 0.344771
10 61 0.482026
10 62 0.250000
10 63 0.429739
10 64 0.666667
10 65 0.454248
10 66 0.673203
10 67 0.253268
10 68 0.594771
10 69 0.723856
10 70 0.635621
10 71 0.040850
10 72 0.228758
10 73 0.160131
10 74 0.426471
10 75 0.450980
10 76 0.500000
10 77 0.207516
10 78 0.660131
10 79 0.160131
10 80 0.614379
10 81 0.336601
10 82 0.292484
10 83 0.331699
10 84 0.246732
10 85 0.611111
10 86 0.243464
10 87 0.183007
10 88 0.076797
10 89 0.472222
10 90 0.316993
10 91 0.308824
10 92 0.633987
10 93 0.524510
10 94 0.174837
10 95 0.415033
10 96 0.733660
10 97 0.581699
10 98 0.544118
10 99 0.183007
11 12 0.227124
11 13 0.581699
11 14 0.089869
11 15 0.717320
11 16 0.300654
11 17 0.243464
11 18 0.452614
11 19 0.397059
11 20 0.681373
11 21 0.495098
11 22 0.418301
11 23 0.750000
11 24 0.429739
11 25 0.661765
11 26 0.513072
11 27 0.133987
11 28 0.566993
11 29 0.267974
11 30 0.424837
11 31 0.599673
11 32 0.509804
11 33 0.382353
11 34 0.066993
11 35 0.129085
11 36 0.130719
11 37 0.421569
11 38 0.109477
11 39 0.367647
11 40 0.795752
11 41 0.679739
11 42 0.805556
11 43 0.674837
11 44 0.413399
11 45 0.351307
11 46 0.669935
11 47 0.344771
11 48 0.084967
11 49 0.583333
11 50 0.189542
11 51 0.619281
11 52 0.815359
11 53 0.529412
11 54 0.052288
11 55 0.669935
11 56 0.408497
11 57 0.882353
11 58 0.893791
11 59 0.331699
11 60 0.408497
11 61 0.679739
11 62 0.521242
11 63 0.683007
11 64 0.160131
11 65 0.406863
11 66 0.457516
11 67 0.596405
11 68 0.248366
11 69 0.031046
11 70 0.423203
11 71 0.732026
11 72 0.862745
11 73 0.725490
11 74 0.660131
11 75 0.413399
11 76 0.423203
11 77 0.555556
11 78 0.179739
11 79 0.596405
11 80 0.526144
11 81 0.493464
11 82 0.544118
11 83 0.428105
11 84 0.513072
11 85 0.686275
11 86 0.849673
11 87 0.937908
11 88 0.689542
11 89 0.387255
11 90 0.498366
11 91 0.457516
11 92 0.199346
11 93 0.686275
11 94 0.774510
11 95 0.490196
11 96 0.215686
11 97 0.480392
11 98 0.557190
11 99 0.661765
12 13 0.354575
12 14 0.153595
12 15 0.491830
12 16 0.104575
12 17 0.148693
12 18 0.284314
12 19 0.196078
12 20 0.457516
12 21 0.553922
12 22 0.454248
12 23 0.537582
12 24 0.467320
12 25 0.558824
12 26 0.393791
12 27 0.096405
12 28 0.344771
12 29 0.119281
12 30 0.431373
12 31 0.449346
12 32 0.284314
12 33 0.338235
12 34 0.294118
12 35 0.166667
12 36 0.133987
12 37 0.500000
12 38 0.181373
12 39 0.393791
12 40 0.604575
12 41 0.519608
12 42 0.696078
12 43 0.457516
12 44 0.333333
12 45 0.437908
12 46 0.653595
12 47 0.124183
12 48 0.151961
12 49 0.354575
12 50 0.166667
12 51 0.516340
12 52 0.645425
12 53 0.310458
12 54 0.267974
12 55 0.442810
12 56 0.428105
12 57 0.694444
12 58 0.723856
12 59 0.132353
12 60 0.285948
12 61 0.684641
12 62 0.416667
12 63 0.669935
12 64 0.287582
12 65 0.405229
12 66 0.253268
12 67 0.521242
12 68 0.321895
12 69 0.205882
12 70 0.210784
12 71 0.576797
12 72 0.671569
12 73 0.622549
12 74 0.436275
12 75 0.411765
12 76 0.449346
12 77 0.400327
12 78 0.057190
12 79 0.464052
12 80 0.305556
12 81 0.439542
12 82 0.477124
12 83 0.277778
12 84 0.397059
12 85 0.460784
12 86 0.653595
12 87 0.782680
12 88 0.532680
12 89 0.393791
12 90 0.433007
12 91 0.299020
12 92 0.031046
12 93 0.704248
12 94 0.673203
12 95 0.271242
12 96 0.127451
12 97 0.542484
12 98 0.598039
12 99 0.563725
13 14 0.504902
13 15 0.148693
13 16 0.307190
13 17 0.411765
13 18 0.303922
13 19 0.240196
13 20 0.140523
13 21 0.776144
13 22 0.678105
13 23 0.263072
13 24 0.687908
13 25 0.560458
13 26 0.436275
13 27 0.449346
13 28 0.101307
13 29 0.359477
13 30 0.629085
13 31 0.395425
13 32 0.084967
13 33 0.516340
13 34 0.648693
13 35 0.501634
13 36 0.475490
13 37 0.750000
13 38 0.519608
13 39 0.622549
13 40 0.390523
13 41 0.413399
13 42 0.653595
13 43 0.176471
13 44 0.467320
13 45 0.707516
13 46 0.771242
13 47 0.246732
13 48 0.504902
13 49 0.019608
13 50 0.468954
13 51 0.534314
13 52 0.483660
13 53 0.122549
13 54 0.620915
13 55 0.094771
13 56 0.642157
13 57 0.475490
13 58 0.544118
13 59 0.279412
13 60 0.390523
13 61 0.823529
13 62 0.473856
13 63 0.787582
13 64 0.612745
13 65 0.604575
13 66 0.217320
13 67 0.581699
13 68 0.611111
13 69 0.558824
13 70 0.205882
13 71 0.464052
13 72 0.439542
13 73 0.611111
13 74 0.114379
13 75 0.607843
13 76 0.663399
13 77 0.361111
13 78 0.406863
13 79 0.447712
13 80 0.124183
13 81 0.562092
13 82 0.566993
13 83 0.338235
13 84 0.441176
13 85 0.133987
13 86 0.413399
13 87 0.630719
13 88 0.433007
13 89 0.604575
13 90 0.542484
13 91 0.326797
13 92 0.383987
13 93 0.856209
13 94 0.651961
13 95 0.140523
13 96 0.419935
13 97 0.771242
13 98 0.792484
13 99 0.578431
14 15 0.643791
14 16 0.212418
14 17 0.220588
14 18 0.413399
14 19 0.343137
14 20 0.598039
14 21 0.545752
14 22 0.459150
14 23 0.689542
14 24 0.470588
14 25 0.655229
14 26 0.496732
14 27 0.080065
14 28 0.483660
14 29 0.227124
14 30 0.455882
14 31 0.571895
14 32 0.437908
14 33 0.390523
14 34 0.155229
14 35 0.137255
14 36 0.114379
14 37 0.477124
14 38 0.129085
14 39 0.401961
14 40 0.748366
14 41 0.648693
14 42 0.797386
14 43 0.611111
14 44 0.410131
14 45 0.406863
14 46 0.697712
14 47 0.277778
14 48 0.009804
14 49 0.506536
14 50 0.186275
14 51 0.611111
14 52 0.779412
14 53 0.464052
14 54 0.140523
14 55 0.596405
14 56 0.442810
14 57 0.838235
14 58 0.857843
14 59 0.276144
14 60 0.387255
14 61 0.714052
14 62 0.511438
14 63 0.712418
14 64 0.220588
14 65 0.434641
14 66 0.367647
14 67 0.599673
14 68 0.294118
14 69 0.083333
14 70 0.336601
14 71 0.702614
14 72 0.815359
14 73 0.718954
14 74 0.589869
14 75 0.441176
14 76 0.460784
14 77 0.524510
14 78 0.098039
14 79 0.575163
14 80 0.441176
14 81 0.503268
14 82 0.549020
14 83 0.397059
14 84 0.498366
14 85 0.602941
14 86 0.800654
14 87 0.910131
14 88 0.660131
14 89 0.416667
14 90 0.503268
14 91 0.423203
14 92 0.122549
14 93 0.725490
14 94 0.769608
14 95 0.424837
14 96 0.125817
14 97 0.532680
14 98 0.602941
14 99 0.656863
15 16 0.455882
15 17 0.521242
15 18 0.362745
15 19 0.339869
15 20 0.186275
15 21 0.841503
15 22 0.750000
15 23 0.153595
15 24 0.758170
15 25 0.553922
15 26 0.467320
15 27 0.583333
15 28 0.230392
15 29 0.473856
15 30 0.694444
15 31 0.392157
15 32 0.205882
15 33 0.586601
15 34 0.781046
15 35 0.622549
15 36 0.601307
15 37 0.828431
15 38 0.643791
15 39 0.700980
15 40 0.297386
15 41 0.379085
15 42 0.617647
15 43 0.104575
15 44 0.527778
15 45 0.795752
15 46 0.794118
15 47 0.372549
15 48 0.643791
15 49 0.140523
15 50 0.583333
15 51 0.539216
15 52 0.406863
15 53 0.196078
15 54 0.751634
15 55 0.053922
15 56 0.712418
15 57 0.369281
15 58 0.454248
15 59 0.395425
15 60 0.455882
15 61 0.852941
15 62 0.503268
15 63 0.810458
15 64 0.728758
15 65 0.671569
15 66 0.362745
15 67 0.599673
15 68 0.710784
15 69 0.691176
15 70 0.356209
15 71 0.418301
15 72 0.331699
15 73 0.591503
15 74 0.060458
15 75 0.673203
15 76 0.732026
15 77 0.375817
15 78 0.545752
15 79 0.449346
15 80 0.266340
15 81 0.604575
15 82 0.596405
15 83 0.401961
15 84 0.472222
15 85 0.169935
15 86 0.302288
15 87 0.545752
15 88 0.397059
15 89 0.676471
15 90 0.583333
15 91 0.380719
15 92 0.521242
15 93 0.888889
15 94 0.624183
15 95 0.233660
15 96 0.566993
15 97 0.839869
15 98 0.846405
15 99 0.575163
16 17 0.248366
16 18 0.336601
16 19 0.233660
16 20 0.385621
16 21 0.658497
16 22 0.558824
16 23 0.531046
16 24 0.571895
16 25 0.629085
16 26 0.465686
16 27 0.187908
16 28 0.271242
16 29 0.209150
16 30 0.532680
16 31 0.500000
16 32 0.256536
16 33 0.433007
16 34 0.367647
16 35 0.269608
16 36 0.235294
16 37 0.604575
16 38 0.279412
16 39 0.496732
16 40 0.620915
16 41 0.560458
16 42 0.759804
16 43 0.444444
16 44 0.419935
16 45 0.542484
16 46 0.748366
16 47 0.150327
16 48 0.215686
16 49 0.313725
16 50 0.271242
16 51 0.588235
16 52 0.678105
16 53 0.302288
16 54 0.348039
16 55 0.401961
16 56 0.531046
16 57 0.710784
16 58 0.753268
16 59 0.186275
16 60 0.362745
16 61 0.782680
16 62 0.493464
16 63 0.764706
16 64 0.387255
16 65 0.506536
16 66 0.156863
16 67 0.601307
16 68 0.426471
16 69 0.285948
16 70 0.122549
16 71 0.619281
16 72 0.683007
16 73 0.691176
16 74 0.406863
16 75 0.513072
16 76 0.552288
16 77 0.450980
16 78 0.124183
16 79 0.526144
16 80 0.228758
16 81 0.529412
16 82 0.562092
16 83 0.341503
16 84 0.468954
16 85 0.392157
16 86 0.663399
16 87 0.821895
16 88 0.576797
16 89 0.496732
16 90 0.519608
16 91 0.356209
16 92 0.116013
16 93 0.802288
16 94 0.741830
16 95 0.267974
16 96 0.112745
16 97 0.647059
16 98 0.700980
16 99 0.637255
17 18 0.209150
17 19 0.181373
17 20 0.539216
17 21 0.410131
17 22 0.310458
17 23 0.524510
17 24 0.321895
17 25 0.434641
17 26 0.276144
17 27 0.140523
17 28 0.436275
17 29 0.052288
17 30 0.282680
17 31 0.356209
17 32 0.326797
17 33 0.189542
17 34 0.294118
17 35 0.117647
17 36 0.114379
17 37 0.362745
17 38 0.138889
17 39 0.248366
17 40 0.555556
17 41 0.436275
17 42 0.576797
17 43 0.457516
17 44 0.192810
17 45 0.308824
17 46 0.506536
17 47 0.168301
17 48 0.212418
17 49 0.405229
17 50 0.063725
17 51 0.390523
17 52 0.570261
17 53 0.325163
17 54 0.256536
17 55 0.482026
17 56 0.282680
17 57 0.638889
17 58 0.648693
17 59 0.130719
17 60 0.168301
17 61 0.535948
17 62 0.290850
17 63 0.521242
17 64 0.207516
17 65 0.256536
17 66 0.377451
17 67 0.383987
17 68 0.200980
17 69 0.212418
17 70 0.330065
17 71 0.488562
17 72 0.622549
17 73 0.500000
17 74 0.460784
17 75 0.263072
17 76 0.302288
17 77 0.310458
17 78 0.176471
17 79 0.356209
17 80 0.405229
17 81 0.295752
17 82 0.336601
17 83 0.184641
17 84 0.277778
17 85 0.537582
17 86 0.611111
17 87 0.696078
17 88 0.446078
17 89 0.246732
17 90 0.290850
17 91 0.214052
17 92 0.156863
17 93 0.553922
17 94 0.550654
17 95 0.287582
17 96 0.264706
17 97 0.400327
17 98 0.450980
17 99 0.437908
18 19 0.107843
18 20 0.446078
18 21 0.478758
18 22 0.385621
18 23 0.326797
18 24 0.393791
18 25 0.295752
18 26 0.140523
18 27 0.333333
18 28 0.374183
18 29 0.186275
18 30 0.331699
18 31 0.163399
18 32 0.225490
18 33 0.222222
18 34 0.504902
18 35 0.326797
18 36 0.321895
18 37 0.465686
18 38 0.349673
18 39 0.338235
18 40 0.344771
18 41 0.235294
18 42 0.421569
18 43 0.277778
18 44 0.166667
18 45 0.434641
18 46 0.470588
18 47 0.186275
18 48 0.406863
18 49 0.289216
18 50 0.271242
18 51 0.258170
18 52 0.366013
18 53 0.184641
18 54 0.467320
18 55 0.339869
18 56 0.349673
18 57 0.429739
18 58 0.444444
18 59 0.153595
18 60 0.091503
18 61 0.519608
18 62 0.176471
18 63 0.486928
18 64 0.403595
18 65 0.307190
18 66 0.390523
18 67 0.290850
18 68 0.362745
18 69 0.421569
18 70 0.344771
18 71 0.290850
18 72 0.411765
18 73 0.357843
18 74 0.303922
18 75 0.310458
18 76 0.367647
18 77 0.114379
18 78 0.338235
18 79 0.187908
18 80 0.362745
18 81 0.256536
18 82 0.266340
18 83 0.037582
18 84 0.145425
18 85 0.439542
18 86 0.400327
18 87 0.498366
18 88 0.248366
18 89 0.313725
18 90 0.238562
18 91 0.022876
18 92 0.310458
18 93 0.550654
18 94 0.406863
18 95 0.165033
18 96 0.410131
18 97 0.477124
18 98 0.490196
18 99 0.307190
19 20 0.377451
19 21 0.537582
19 22 0.439542
19 23 0.351307
19 24 0.449346
19 25 0.403595
19 26 0.246732
19 27 0.266340
19 28 0.289216
19 29 0.135621
19 30 0.393791
19 31 0.266340
19 32 0.153595
19 33 0.281046
19 34 0.457516
19 35 0.289216
19 36 0.271242
19 37 0.509804
19 38 0.310458
19 39 0.382353
19 40 0.406863
19 41 0.328431
19 42 0.529412
19 43 0.279412
19 44 0.238562
19 45 0.467320
19 46 0.563725
19 47 0.081699
19 48 0.338235
19 49 0.230392
19 50 0.243464
19 51 0.366013
19 52 0.450980
19 53 0.143791
19 54 0.423203
19 55 0.302288
19 56 0.405229
19 57 0.496732
19 58 0.527778
19 59 0.066993
19 60 0.163399
19 61 0.609477
19 62 0.279412
19 63 0.580065
19 64 0.388889
19 65 0.367647
19 66 0.285948
19 67 0.392157
19 68 0.372549
19 69 0.369281
19 70 0.238562
19 71 0.387255
19 72 0.473856
19 73 0.465686
19 74 0.279412
19 75 0.370915
19 76 0.424837
19 77 0.217320
19 78 0.254902
19 79 0.295752
19 80 0.269608
19 81 0.343137
19 82 0.362745
19 83 0.122549
19 84 0.250000
19 85 0.372549
19 86 0.457516
19 87 0.591503
19 88 0.344771
19 89 0.366013
19 90 0.328431
19 91 0.129085
19 92 0.227124
19 93 0.637255
19 94 0.514706
19 95 0.106209
19 96 0.315359
19 97 0.532680
19 98 0.560458
19 99 0.415033
20 21 0.915033
20 22 0.816993
20 23 0.339869
20 24 0.828431
20 25 0.696078
20 26 0.576797
20 27 0.553922
20 28 0.114379
20 29 0.486928
20 30 0.769608
20 31 0.529412
20 32 0.223856
20 33 0.656863
20 34 0.748366
20 35 0.617647
20 36 0.588235
20 37 0.887255
20 38 0.633987
20 39 0.761438
20 40 0.482026
20 41 0.537582
20 42 0.779412
20 43 0.271242
20 44 0.609477
20 45 0.841503
20 46 0.911765
20 47 0.369281
20 48 0.599673
20 49 0.156863
20 50 0.591503
20 51 0.671569
20 52 0.586601
20 53 0.263072
20 54 0.725490
20 55 0.150327
20 56 0.782680
20 57 0.555556
20 58 0.638889
20 59 0.408497
20 60 0.531046
20 61 0.965686
20 62 0.614379
20 63 0.929739
20 64 0.733660
20 65 0.743464
20 66 0.246732
20 67 0.722222
20 68 0.740196
20 69 0.661765
20 70 0.264706
20 71 0.583333
20 72 0.517974
20 73 0.741830
20 74 0.199346
20 75 0.748366
20 76 0.802288
20 77 0.500000
20 78 0.501634
20 79 0.583333
20 80 0.156863
20 81 0.704248
20 82 0.707516
20 83 0.480392
20 84 0.581699
20 85 0.016340
20 86 0.490196
20 87 0.728758
20 88 0.557190
20 89 0.745098
20 90 0.684641
20 91 0.468954
20 92 0.483660
20 93 0.998366
20 94 0.781046
20 95 0.281046
20 96 0.493464
20 97 0.911765
20 98 0.934641
20 99 0.714052
21 22 0.099673
21 23 0.776144
21 24 0.088235
21 25 0.413399
21 26 0.387255
21 27 0.500000
21 28 0.826797
21 29 0.457516
21 30 0.145425
21 31 0.493464
21 32 0.691176
21 33 0.258170
21 34 0.486928
21 35 0.415033
21 36 0.446078
21 37 0.080065
21 38 0.416667
21 39 0.160131
21 40 0.728758
21 41 0.562092
21 42 0.517974
21 43 0.748366
21 44 0.312092
21 45 0.147059
21 46 0.236928
21 47 0.566993
21 48 0.535948
21 49 0.763072
21 50 0.388889
21 51 0.388889
21 52 0.674837
21 53 0.661765
21 54 0.459150
21 55 0.820261
21 56 0.132353
21 57 0.781046
21 58 0.735294
21 59 0.519608
21 60 0.387255
21 61 0.212418
21 62 0.357843
21 63 0.241830
21 64 0.334967
21 65 0.171569
21 66 0.787582
21 67 0.320261
21 68 0.251634
21 69 0.475490
21 70 0.740196
21 71 0.580065
21 72 0.784314
21 73 0.446078
21 74 0.782680
21 75 0.168301
21 76 0.112745
21 77 0.485294
21 78 0.560458
21 79 0.444444
21 80 0.802288
21 81 0.250000
21 82 0.284314
21 83 0.441176
21 84 0.383987
21 85 0.910131
21 86 0.787582
21 87 0.728758
21 88 0.557190
21 89 0.171569
21 90 0.272876
21 91 0.460784
21 92 0.552288
21 93 0.202614
21 94 0.477124
21 95 0.635621
21 96 0.645425
21 97 0.016340
21 98 0.070261
21 99 0.395425
22 23 0.694444
22 24 0.011438
22 25 0.369281
22 26 0.310458
22 27 0.406863
22 28 0.725490
22 29 0.356209
22 30 0.060458
22 31 0.421569
22 32 0.593137
22 33 0.161765
22 34 0.418301
22 35 0.323529
22 36 0.354575
22 37 0.086601
22 38 0.330065
22 39 0.060458
22 40 0.658497
22 41 0.495098
22 42 0.493464
22 43 0.660131
22 44 0.220588
22 45 0.101307
22 46 0.261438
22 47 0.465686
22 48 0.449346
22 49 0.666667
22 50 0.292484
22 51 0.336601
22 52 0.616013
22 53 0.565359
22 54 0.387255
22 55 0.725490
22 56 0.035948
22 57 0.718954
22 58 0.683007
22 59 0.419935
22 60 0.294118
22 61 0.263072
22 62 0.285948
22 63 0.272876
22 64 0.261438
22 65 0.078431
22 66 0.686275
22 67 0.276144
22 68 0.169935
22 69 0.395425
22 70 0.638889
22 71 0.521242
22 72 0.717320
22 73 0.413399
22 74 0.689542
22 75 0.076797
22 76 0.021242
22 77 0.405229
22 78 0.465686
22 79 0.377451
22 80 0.700980
22 81 0.183007
22 82 0.228758
22 83 0.346405
22 84 0.307190
22 85 0.812092
22 86 0.718954
22 87 0.689542
22 88 0.491830
22 89 0.071895
22 90 0.204248
22 91 0.369281
22 92 0.455882
22 93 0.267974
22 94 0.452614
22 95 0.537582
22 96 0.552288
22 97 0.093137
22 98 0.143791
22 99 0.356209
23 24 0.700980
23 25 0.437908
23 26 0.388889
23 27 0.617647
23 28 0.361111
23 29 0.485294
23 30 0.635621
23 31 0.290850
23 32 0.276144
23 33 0.537582
23 34 0.810458
23 35 0.638889
23 36 0.624183
23 37 0.779412
23 38 0.660131
23 39 0.655229
23 40 0.143791
23 41 0.251634
23 42 0.477124
23 43 0.088235
23 44 0.473856
23 45 0.756536
23 46 0.691176
23 47 0.411765
23 48 0.687908
23 49 0.245098
23 50 0.588235
23 51 0.431373
23 52 0.254902
23 53 0.230392
23 54 0.776144
23 55 0.191176
23 56 0.658497
23 57 0.217320
23 58 0.299020
23 59 0.416667
23 60 0.413399
23 61 0.753268
23 62 0.419935
23 63 0.705882
23 64 0.727124
23 65 0.614379
23 66 0.475490
23 67 0.498366
23 68 0.691176
23 69 0.722222
23 70 0.455882
23 71 0.279412
23 72 0.179739
23 73 0.464052
23 74 0.150327
23 75 0.616013
23 76 0.673203
23 77 0.290850
23 78 0.596405
23 79 0.346405
23 80 0.388889
23 81 0.527778
23 82 0.508170
23 83 0.364379
23 84 0.392157
23 85 0.323529
23 86 0.151961
23 87 0.392157
23 88 0.267974
23 89 0.625817
23 90 0.504902
23 91 0.336601
23 92 0.570261
23 93 0.792484
23 94 0.491830
23 95 0.266340
23 96 0.638889
23 97 0.779412
23 98 0.769608
23 99 0.459150
24 25 0.369281
24 26 0.315359
24 27 0.419935
24 28 0.736928
24 29 0.369281
24 30 0.065359
24 31 0.426471
24 32 0.602941
24 33 0.171569
24 34 0.429739
24 35 0.336601
24 36 0.366013
24 37 0.081699
24 38 0.341503
24 39 0.073529
24 40 0.663399
24 41 0.498366
24 42 0.490196
24 43 0.666667
24 44 0.228758
24 45 0.107843
24 46 0.253268
24 47 0.477124
24 48 0.460784
24 49 0.676471
24 50 0.305556
24 51 0.338235
24 52 0.619281
24 53 0.575163
24 54 0.398693
24 55 0.735294
24 56 0.044118
24 57 0.722222
24 58 0.686275
24 59 0.431373
24 60 0.302288
24 61 0.251634
24 62 0.290850
24 63 0.263072
24 64 0.271242
24 65 0.086601
24 66 0.699346
24 67 0.276144
24 68 0.181373
24 69 0.406863
24 70 0.650327
24 71 0.522876
24 72 0.722222
24 73 0.411765
24 74 0.697712
24 75 0.083333
24 76 0.026144
24 77 0.410131
24 78 0.477124
24 79 0.380719
24 80 0.712418
24 81 0.186275
24 82 0.230392
24 83 0.356209
24 84 0.312092
24 85 0.821895
24 86 0.723856
24 87 0.689542
24 88 0.495098
24 89 0.083333
24 90 0.207516
24 91 0.377451
24 92 0.467320
24 93 0.256536
24 94 0.450980
24 95 0.547386
24 96 0.563725
24 97 0.083333
24 98 0.132353
24 99 0.354575
25 26 0.163399
25 27 0.576797
25 28 0.648693
25 29 0.441176
25 30 0.313725
25 31 0.165033
25 32 0.498366
25 33 0.287582
25 34 0.696078
25 35 0.532680
25 36 0.544118
25 37 0.450980
25 38 0.552288
25 39 0.366013
25 40 0.343137
25 41 0.184641
25 42 0.142157
25 43 0.449346
25 44 0.246732
25 45 0.465686
25 46 0.259804
25 47 0.480392
25 48 0.647059
25 49 0.542484
25 50 0.473856
25 51 0.042484
25 52 0.266340
25 53 0.441176
25 54 0.656863
25 55 0.557190
25 56 0.343137
25 57 0.377451
25 58 0.321895
25 59 0.441176
25 60 0.272876
25 61 0.323529
25 62 0.143791
25 63 0.272876
25 64 0.550654
25 65 0.310458
25 66 0.684641
25 67 0.093137
25 68 0.468954
25 69 0.632353
25 70 0.640523
25 71 0.178105
25 72 0.387255
25 73 0.063725
25 74 0.509804
25 75 0.307190
25 76 0.348039
25 77 0.199346
25 78 0.602941
25 79 0.112745
25 80 0.647059
25 81 0.191176
25 82 0.140523
25 83 0.285948
25 84 0.160131
25 85 0.684641
25 86 0.398693
25 87 0.318627
25 88 0.171569
25 89 0.331699
25 90 0.176471
25 91 0.274510
25 92 0.578431
25 93 0.364379
25 94 0.114379
25 95 0.439542
25 96 0.686275
25 97 0.423203
25 98 0.380719
25 99 0.021242
26 27 0.416667
26 28 0.513072
26 29 0.279412
26 30 0.250000
26 31 0.111111
26 32 0.362745
26 33 0.169935
26 34 0.552288
26 35 0.382353
26 36 0.388889
26 37 0.397059
26 38 0.401961
26 39 0.279412
26 40 0.349673
26 41 0.191176
26 42 0.302288
26 43 0.367647
26 44 0.111111
26 45 0.387255
26 46 0.334967
26 47 0.318627
26 48 0.488562
26 49 0.419935
26 50 0.321895
26 51 0.122549
26 52 0.323529
26 53 0.313725
26 54 0.514706
26 55 0.455882
26 56 0.276144
26 57 0.415033
26 58 0.398693
26 59 0.279412
26 60 0.109477
26 61 0.388889
26 62 0.035948
26 63 0.351307
26 64 0.419935
26 65 0.233660
26 66 0.531046
26 67 0.148693
26 68 0.352941
26 69 0.482026
26 70 0.485294
26 71 0.230392
26 72 0.410131
26 73 0.227124
26 74 0.411765
26 75 0.233660
26 76 0.289216
26 77 0.096405
26 78 0.439542
26 79 0.083333
26 80 0.504902
26 81 0.140523
26 82 0.130719
26 83 0.124183
26 84 0.003268
26 85 0.568627
26 86 0.410131
26 87 0.428105
26 88 0.194444
26 89 0.246732
26 90 0.117647
26 91 0.117647
26 92 0.415033
26 93 0.423203
26 94 0.279412
26 95 0.302288
26 96 0.521242
26 97 0.390523
26 98 0.382353
26 99 0.171569
27 28 0.441176
27 29 0.145425
27 30 0.395425
27 31 0.490196
27 32 0.375817
27 33 0.320261
27 34 0.199346
27 35 0.086601
27 36 0.053922
27 37 0.437908
27 38 0.093137
27 39 0.348039
27 40 0.671569
27 41 0.566993
27 42 0.718954
27 43 0.540850
27 44 0.333333
27 45 0.370915
27 46 0.632353
27 47 0.209150
27 48 0.073529
27 49 0.449346
27 50 0.117647
27 51 0.532680
27 52 0.699346
27 53 0.395425
27 54 0.171569
27 55 0.535948
27 56 0.385621
27 57 0.759804
27 58 0.777778
27 59 0.200980
27 60 0.307190
27 61 0.655229
27 62 0.433007
27 63 0.647059
27 64 0.200980
27 65 0.372549
27 66 0.343137
27 67 0.524510
27 68 0.253268
27 69 0.109477
27 70 0.303922
27 71 0.622549
27 72 0.738562
27 73 0.640523
27 74 0.526144
27 75 0.379085
27 76 0.405229
27 77 0.442810
27 78 0.065359
27 79 0.495098
27 80 0.401961
27 81 0.429739
27 82 0.475490
27 83 0.316993
27 84 0.418301
27 85 0.557190
27 86 0.723856
27 87 0.830065
27 88 0.580065
27 89 0.356209
27 90 0.429739
27 91 0.343137
27 92 0.071895
27 93 0.668301
27 94 0.692810
27 95 0.356209
27 96 0.145425
27 97 0.486928
27 98 0.552288
27 99 0.578431
28 29 0.382353
28 30 0.683007
28 31 0.485294
28 32 0.151961
28 33 0.570261
28 34 0.635621
28 35 0.506536
28 36 0.477124
28 37 0.792484
28 38 0.522876
28 39 0.668301
28 40 0.491830
28 41 0.509804
28 42 0.748366
28 43 0.277778
28 44 0.527778
28 45 0.741830
28 46 0.844771
28 47 0.266340
28 48 0.485294
28 49 0.120915
28 50 0.485294
28 51 0.619281
28 52 0.584967
28 53 0.207516
28 54 0.611111
28 55 0.178105
28 56 0.692810
28 57 0.575163
28 58 0.647059
28 59 0.308824
28 60 0.450980
28 61 0.893791
28 62 0.550654
28 63 0.862745
28 64 0.624183
28 65 0.656863
28 66 0.138889
28 67 0.661765
28 68 0.637255
28 69 0.549020
28 70 0.150327
28 71 0.563725
28 72 0.540850
28 73 0.702614
28 74 0.210784
28 75 0.660131
28 76 0.712418
28 77 0.449346
28 78 0.387255
28 79 0.534314
28 80 0.042484
28 81 0.629085
28 82 0.640523
28 83 0.403595
28 84 0.517974
28 85 0.119281
28 86 0.513072
28 87 0.733660
28 88 0.531046
28 89 0.653595
28 90 0.612745
28 91 0.397059
28 92 0.369281
28 93 0.924837
28 94 0.745098
28 95 0.210784
28 96 0.379085
28 97 0.820261
28 98 0.851307
28 99 0.665033
29 30 0.325163
29 31 0.344771
29 32 0.276144
29 33 0.223856
29 34 0.325163
29 35 0.151961
29 36 0.137255
29 37 0.413399
29 38 0.174837
29 39 0.295752
29 40 0.527778
29 41 0.419935
29 42 0.581699
29 43 0.415033
29 44 0.214052
29 45 0.359477
29 46 0.537582
29 47 0.116013
29 48 0.220588
29 49 0.354575
29 50 0.109477
29 51 0.398693
29 52 0.552288
29 53 0.277778
29 54 0.289216
29 55 0.433007
29 56 0.326797
29 57 0.614379
29 58 0.630719
29 59 0.078431
29 60 0.168301
29 61 0.571895
29 62 0.299020
29 63 0.553922
29 64 0.254902
29 65 0.299020
29 66 0.330065
29 67 0.401961
29 68 0.253268
29 69 0.236928
29 70 0.281046
29 71 0.475490
29 72 0.594771
29 73 0.506536
29 74 0.413399
29 75 0.303922
29 76 0.348039
29 77 0.297386
29 78 0.160131
29 79 0.352941
29 80 0.352941
29 81 0.321895
29 82 0.357843
29 83 0.169935
29 84 0.281046
29 85 0.485294
29 86 0.581699
29 87 0.683007
29 88 0.433007
29 89 0.290850
29 90 0.313725
29 91 0.196078
29 92 0.135621
29 93 0.593137
29 94 0.557190
29 95 0.240196
29 96 0.243464
29 97 0.449346
29 98 0.495098
29 99 0.446078
30 31 0.361111
30 32 0.544118
30 33 0.112745
30 34 0.436275
30 35 0.318627
30 36 0.344771
30 37 0.147059
30 38 0.328431
30 39 0.062092
30 40 0.598039
30 41 0.434641
30 42 0.441176
30 43 0.602941
30 44 0.165033
30 45 0.151961
30 46 0.243464
30 47 0.428105
30 48 0.446078
30 49 0.617647
30 50 0.277778
30 51 0.279412
30 52 0.557190
30 53 0.514706
30 54 0.401961
30 55 0.673203
30 56 0.029412
30 57 0.658497
30 58 0.624183
30 59 0.380719
30 60 0.240196
30 61 0.258170
30 62 0.225490
30 63 0.256536
30 64 0.277778
30 65 0.026144
30 66 0.651961
30 67 0.222222
30 68 0.184641
30 69 0.400327
30 70 0.604575
30 71 0.460784
30 72 0.656863
30 73 0.361111
30 74 0.635621
30 75 0.021242
30 76 0.039216
30 77 0.344771
30 78 0.449346
30 79 0.316993
30 80 0.660131
30 81 0.124183
30 82 0.171569
30 83 0.294118
30 84 0.246732
30 85 0.764706
30 86 0.658497
30 87 0.632353
30 88 0.431373
30 89 0.039216
30 90 0.145425
30 91 0.313725
30 92 0.436275
30 93 0.272876
30 94 0.403595
30 95 0.488562
30 96 0.537582
30 97 0.145425
30 98 0.169935
30 99 0.300654
31 32 0.336601
31 33 0.281046
31 34 0.645425
31 35 0.470588
31 36 0.470588
31 37 0.508170
31 38 0.491830
31 39 0.392157
31 40 0.236928
31 41 0.081699
31 42 0.267974
31 43 0.287582
31 44 0.220588
31 45 0.498366
31 46 0.403595
31 47 0.348039
31 48 0.565359
31 49 0.375817
31 50 0.411765
31 51 0.145425
31 52 0.217320
31 53 0.277778
31 54 0.607843
31 55 0.392157
31 56 0.387255
31 57 0.303922
31 58 0.295752
31 59 0.318627
31 60 0.192810
31 61 0.464052
31 62 0.135621
31 63 0.419935
31 64 0.522876
31 65 0.344771
31 66 0.534314
31 67 0.209150
31 68 0.460784
31 69 0.568627
31 70 0.493464
31 71 0.130719
31 72 0.299020
31 73 0.215686
31 74 0.344771
31 75 0.344771
31 76 0.400327
31 77 0.049020
31 78 0.501634
31 79 0.057190
31 80 0.486928
31 81 0.243464
31 82 0.217320
31 83 0.173203
31 84 0.114379
31 85 0.517974
31 86 0.297386
31 87 0.338235
31 88 0.089869
31 89 0.359477
31 90 0.220588
31 91 0.148693
31 92 0.473856
31 93 0.501634
31 94 0.259804
31 95 0.281046
31 96 0.575163
31 97 0.498366
31 98 0.482026
31 99 0.184641
32 33 0.431373
32 34 0.575163
32 35 0.421569
32 36 0.397059
32 37 0.665033
32 38 0.441176
32 39 0.537582
32 40 0.380719
32 41 0.369281
32 42 0.601307
32 43 0.187908
32 44 0.383987
32 45 0.620915
32 46 0.694444
32 47 0.168301
32 48 0.436275
32 49 0.078431
32 50 0.385621
32 51 0.467320
32 52 0.459150
32 53 0.062092
32 54 0.545752
32 55 0.160131
32 56 0.557190
32 57 0.470588
32 58 0.527778
32 59 0.196078
32 60 0.307190
32 61 0.745098
32 62 0.398693
32 63 0.712418
32 64 0.531046
32 65 0.519608
32 66 0.212418
32 67 0.509804
32 68 0.524510
32 69 0.485294
32 70 0.184641
32 71 0.424837
32 72 0.439542
32 73 0.552288
32 74 0.151961
32 75 0.522876
32 76 0.576797
32 77 0.297386
32 78 0.339869
32 79 0.383987
32 80 0.150327
32 81 0.482026
32 82 0.490196
32 83 0.256536
32 84 0.366013
32 85 0.218954
32 86 0.415033
32 87 0.607843
32 88 0.388889
32 89 0.519608
32 90 0.464052
32 91 0.248366
32 92 0.315359
32 93 0.776144
32 94 0.596405
32 95 0.058824
32 96 0.367647
32 97 0.686275
32 98 0.709150
32 99 0.513072
33 34 0.408497
33 35 0.258170
33 36 0.276144
33 37 0.241830
33 38 0.272876
33 39 0.116013
33 40 0.516340
33 41 0.362745
33 42 0.429739
33 43 0.498366
33 44 0.063725
33 45 0.220588
33 46 0.315359
33 47 0.318627
33 48 0.380719
33 49 0.504902
33 50 0.204248
33 51 0.245098
33 52 0.493464
33 53 0.403595
33 54 0.370915
33 55 0.562092
33 56 0.125817
33 57 0.586601
33 58 0.566993
33 59 0.271242
33 60 0.130719
33 61 0.348039
33 62 0.160131
33 63 0.331699
33 64 0.261438
33 65 0.086601
33 66 0.545752
33 67 0.214052
33 68 0.184641
33 69 0.352941
33 70 0.496732
33 71 0.400327
33 72 0.580065
33 73 0.348039
33 74 0.526144
33 75 0.089869
33 76 0.145425
33 77 0.254902
33 78 0.364379
33 79 0.251634
33 80 0.549020
33 81 0.111111
33 82 0.160131
33 83 0.184641
33 84 0.168301
33 85 0.651961
33 86 0.578431
33 87 0.591503
33 88 0.364379
33 89 0.089869
33 90 0.116013
33 91 0.205882
33 92 0.346405
33 93 0.369281
33 94 0.395425
33 95 0.375817
33 96 0.454248
33 97 0.254902
33 98 0.279412
33 99 0.282680
34 35 0.176471
34 36 0.186275
34 37 0.408497
34 38 0.153595
34 39 0.374183
34 40 0.849673
34 41 0.727124
34 42 0.838235
34 43 0.736928
34 44 0.449346
34 45 0.339869
34 46 0.678105
34 47 0.408497
34 48 0.150327
34 49 0.648693
34 50 0.235294
34 51 0.651961
34 52 0.862745
34 53 0.593137
34 54 0.037582
34 55 0.735294
34 56 0.415033
34 57 0.934641
34 58 0.941176
34 59 0.392157
34 60 0.452614
34 61 0.681373
34 62 0.557190
34 63 0.691176
34 64 0.158497
34 65 0.421569
34 66 0.522876
34 67 0.624183
34 68 0.251634
34 69 0.089869
34 70 0.490196
34 71 0.777778
34 72 0.916667
34 73 0.756536
34 74 0.723856
34 75 0.426471
34 76 0.428105
34 77 0.602941
34 78 0.246732
34 79 0.637255
34 80 0.593137
34 81 0.517974
34 82 0.570261
34 83 0.478758
34 84 0.552288
34 85 0.753268
34 86 0.905229
34 87 0.982026
34 88 0.735294
34 89 0.400327
34 90 0.524510
34 91 0.508170
34 92 0.266340
34 93 0.683007
34 94 0.805556
34 95 0.553922
34 96 0.277778
34 97 0.470588
34 98 0.552288
34 99 0.692810
35 36 0.034314
35 37 0.349673
35 38 0.021242
35 39 0.266340
35 40 0.673203
35 41 0.552288
35 42 0.676471
35 43 0.568627
35 44 0.284314
35 45 0.282680
35 46 0.560458
35 47 0.253268
35 48 0.127451
35 49 0.498366
35 50 0.058824
35 51 0.490196
35 52 0.686275
35 53 0.429739
35 54 0.138889
35 55 0.581699
35 56 0.305556
35 57 0.758170
35 58 0.764706
35 59 0.227124
35 60 0.279412
35 61 0.578431
35 62 0.390523
35 63 0.575163
35 64 0.119281
35 65 0.297386
35 66 0.421569
35 67 0.470588
35 68 0.166667
35 69 0.098039
35 70 0.379085
35 71 0.602941
35 72 0.740196
35 73 0.596405
35 74 0.563725
35 75 0.303922
35 76 0.323529
35 77 0.426471
35 78 0.151961
35 79 0.465686
35 80 0.470588
35 81 0.369281
35 82 0.418301
35 83 0.302288
35 84 0.383987
35 85 0.617647
35 86 0.728758
35 87 0.808824
35 88 0.560458
35 89 0.279412
35 90 0.372549
35 91 0.331699
35 92 0.151961
35 93 0.588235
35 94 0.647059
35 95 0.390523
35 96 0.232026
35 97 0.401961
35 98 0.468954
35 99 0.532680
36 37 0.383987
36 38 0.045752
36 39 0.294118
36 40 0.665033
36 41 0.550654
36 42 0.686275
36 43 0.550654
36 44 0.297386
36 45 0.316993
36 46 0.584967
36 47 0.228758
36 48 0.104575
36 49 0.473856
36 50 0.070261
36 51 0.500000
36 52 0.684641
36 53 0.408497
36 54 0.151961
36 55 0.557190
36 56 0.334967
36 57 0.751634
36 58 0.763072
36 59 0.207516
36 60 0.281046
36 61 0.604575
36 62 0.400327
36 63 0.599673
36 64 0.151961
36 65 0.321895
36 66 0.387255
36 67 0.485294
36 68 0.199346
36 69 0.099673
36 70 0.346405
36 71 0.602941
36 72 0.732026
36 73 0.607843
36 74 0.542484
36 75 0.328431
36 76 0.352941
36 77 0.424837
36 78 0.117647
36 79 0.470588
36 80 0.439542
36 81 0.387255
36 82 0.434641
36 83 0.299020
36 84 0.388889
36 85 0.589869
36 86 0.718954
36 87 0.810458
36 88 0.560458
36 89 0.305556
36 90 0.388889
36 91 0.326797
36 92 0.117647
36 93 0.616013
36 94 0.658497
36 95 0.369281
36 96 0.199346
36 97 0.433007
36 98 0.498366
36 99 0.544118
37 38 0.349673
37 39 0.127451
37 40 0.745098
37 41 0.581699
37 42 0.568627
37 43 0.741830
37 44 0.303922
37 45 0.068627
37 46 0.308824
37 47 0.527778
37 48 0.467320
37 49 0.740196
37 50 0.333333
37 51 0.419935
37 52 0.702614
37 53 0.642157
37 54 0.382353
37 55 0.803922
37 56 0.120915
37 57 0.805556
37 58 0.769608
37 59 0.483660
37 60 0.374183
37 61 0.290850
37 62 0.372549
37 63 0.315359
37 64 0.259804
37 65 0.163399
37 66 0.741830
37 67 0.357843
37 68 0.183007
37 69 0.403595
37 70 0.694444
37 71 0.606209
37 72 0.803922
37 73 0.491830
37 74 0.767974
37 75 0.163399
37 76 0.107843
37 77 0.490196
37 78 0.500000
37 79 0.464052
37 80 0.764706
37 81 0.269608
37 82 0.313725
37 83 0.426471
37 84 0.393791
37 85 0.883987
37 86 0.805556
37 87 0.771242
37 88 0.578431
37 89 0.151961
37 90 0.290850
37 91 0.449346
37 92 0.495098
37 93 0.282680
37 94 0.527778
37 95 0.612745
37 96 0.583333
37 97 0.062092
37 98 0.150327
37 99 0.436275
38 39 0.272876
38 40 0.694444
38 41 0.573529
38 42 0.694444
38 43 0.589869
38 44 0.303922
38 45 0.282680
38 46 0.570261
38 47 0.272876
38 48 0.119281
38 49 0.517974
38 50 0.080065
38 51 0.508170
38 52 0.709150
38 53 0.449346
38 54 0.117647
38 55 0.601307
38 56 0.313725
38 57 0.779412
38 58 0.785948
38 59 0.248366
38 60 0.299020
38 61 0.586601
38 62 0.410131
38 63 0.584967
38 64 0.107843
38 65 0.307190
38 66 0.433007
38 67 0.486928
38 68 0.166667
38 69 0.080065
38 70 0.392157
38 71 0.624183
38 72 0.763072
38 73 0.614379
38 74 0.584967
38 75 0.313725
38 76 0.331699
38 77 0.447712
38 78 0.158497
38 79 0.485294
38 80 0.485294
38 81 0.385621
38 82 0.434641
38 83 0.323529
38 84 0.403595
38 85 0.635621
38 86 0.750000
38 87 0.828431
38 88 0.581699
38 89 0.289216
38 90 0.388889
38 91 0.352941
38 92 0.163399
38 93 0.596405
38 94 0.665033
38 95 0.411765
38 96 0.233660
38 97 0.403595
38 98 0.473856
38 99 0.550654
39 40 0.629085
39 41 0.470588
39 42 0.498366
39 43 0.614379
39 44 0.179739
39 45 0.106209
39 46 0.302288
39 47 0.406863
39 48 0.392157
39 49 0.612745
39 50 0.232026
39 51 0.328431
39 52 0.598039
39 53 0.513072
39 54 0.341503
39 55 0.674837
39 56 0.040850
39 57 0.696078
39 58 0.668301
39 59 0.361111
39 60 0.245098
39 61 0.313725
39 62 0.261438
39 63 0.315359
39 64 0.215686
39 65 0.055556
39 66 0.625817
39 67 0.277778
39 68 0.122549
39 69 0.343137
39 70 0.578431
39 71 0.503268
39 72 0.691176
39 73 0.416667
39 74 0.640523
39 75 0.058824
39 76 0.057190
39 77 0.370915
39 78 0.405229
39 79 0.354575
39 80 0.642157
39 81 0.173203
39 82 0.225490
39 83 0.299020
39 84 0.277778
39 85 0.756536
39 86 0.691176
39 87 0.681373
39 88 0.470588
39 89 0.034314
39 90 0.191176
39 91 0.321895
39 92 0.393791
39 93 0.321895
39 94 0.460784
39 95 0.483660
39 96 0.491830
39 97 0.153595
39 98 0.204248
39 99 0.356209
40 41 0.165033
40 42 0.351307
40 43 0.214052
40 44 0.454248
40 45 0.736928
40 46 0.604575
40 47 0.482026
40 48 0.743464
40 49 0.370915
40 50 0.616013
40 51 0.349673
40 52 0.114379
40 53 0.323529
40 54 0.812092
40 55 0.331699
40 56 0.624183
40 57 0.089869
40 58 0.156863
40 59 0.473856
40 60 0.410131
40 61 0.668301
40 62 0.372549
40 63 0.617647
40 64 0.743464
40 65 0.581699
40 66 0.593137
40 67 0.421569
40 68 0.691176
40 69 0.764706
40 70 0.565359
40 71 0.166667
40 72 0.066993
40 73 0.354575
40 74 0.285948
40 75 0.581699
40 76 0.637255
40 77 0.261438
40 78 0.663399
40 79 0.282680
40 80 0.513072
40 81 0.478758
40 82 0.446078
40 83 0.374183
40 84 0.351307
40 85 0.465686
40 86 0.060458
40 87 0.246732
40 88 0.174837
40 89 0.596405
40 90 0.455882
40 91 0.343137
40 92 0.635621
40 93 0.709150
40 94 0.372549
40 95 0.352941
40 96 0.718954
40 97 0.733660
40 98 0.709150
40 99 0.364379
41 42 0.241830
41 43 0.274510
41 44 0.300654
41 45 0.576797
41 46 0.444444
41 47 0.410131
41 48 0.642157
41 49 0.393791
41 50 0.491830
41 51 0.184641
41 52 0.135621
41 53 0.307190
41 54 0.689542
41 55 0.390523
41 56 0.462418
41 57 0.223856
41 58 0.212418
41 59 0.387255
41 60 0.274510
41 61 0.506536
41 62 0.209150
41 63 0.457516
41 64 0.606209
41 65 0.421569
41 66 0.576797
41 67 0.256536
41 68 0.542484
41 69 0.648693
41 70 0.539216
41 71 0.057190
41 72 0.222222
41 73 0.214052
41 74 0.339869
41 75 0.419935
41 76 0.473856
41 77 0.124183
41 78 0.573529
41 79 0.117647
41 80 0.517974
41 81 0.313725
41 82 0.279412
41 83 0.251634
41 84 0.192810
41 85 0.522876
41 86 0.225490
41 87 0.263072
41 88 0.019608
41 89 0.436275
41 90 0.290850
41 91 0.223856
41 92 0.545752
41 93 0.547386
41 94 0.245098
41 95 0.318627
41 96 0.643791
41 97 0.568627
41 98 0.542484
41 99 0.207516
42 43 0.513072
42 44 0.390523
42 45 0.593137
42 46 0.315359
42 47 0.609477
42 48 0.789216
42 49 0.633987
42 50 0.617647
42 51 0.186275
42 52 0.243464
42 53 0.540850
42 54 0.800654
42 55 0.632353
42 56 0.472222
42 57 0.349673
42 58 0.266340
42 59 0.575163
42 60 0.411765
42 61 0.377451
42 62 0.285948
42 63 0.323529
42 64 0.691176
42 65 0.442810
42 66 0.802288
42 67 0.220588
42 68 0.607843
42 69 0.776144
42 70 0.761438
42 71 0.197712
42 72 0.372549
42 73 0.081699
42 74 0.581699
42 75 0.437908
42 76 0.472222
42 77 0.313725
42 78 0.743464
42 79 0.233660
42 80 0.753268
42 81 0.326797
42 82 0.274510
42 83 0.418301
42 84 0.300654
42 85 0.764706
42 86 0.392157
42 87 0.223856
42 88 0.220588
42 89 0.464052
42 90 0.315359
42 91 0.401961
42 92 0.717320
42 93 0.418301
42 94 0.040850
42 95 0.547386
42 96 0.823529
42 97 0.531046
42 98 0.472222
42 99 0.145425
43 44 0.437908
43 45 0.712418
43 46 0.691176
43 47 0.333333
43 48 0.607843
43 49 0.158497
43 50 0.521242
43 51 0.433007
43 52 0.315359
43 53 0.145425
43 54 0.704248
43 55 0.119281
43 56 0.622549
43 57 0.297386
43 58 0.370915
43 59 0.343137
43 60 0.367647
43 61 0.750000
43 62 0.401961
43 63 0.705882
43 64 0.665033
43 65 0.580065
43 66 0.387255
43 67 0.495098
43 68 0.637255
43 69 0.647059
43 70 0.367647
43 71 0.315359
43 72 0.263072
43 73 0.486928
43 74 0.071895
43 75 0.583333
43 76 0.640523
43 77 0.272876
43 78 0.514706
43 79 0.344771
43 80 0.300654
43 81 0.506536
43 82 0.495098
43 83 0.315359
43 84 0.370915
43 85 0.256536
43 86 0.236928
43 87 0.460784
43 88 0.292484
43 89 0.588235
43 90 0.485294
43 91 0.290850
43 92 0.488562
43 93 0.785948
43 94 0.521242
43 95 0.184641
43 96 0.552288
43 97 0.748366
43 98 0.750000
43 99 0.468954
44 45 0.284314
44 46 0.330065
44 47 0.290850
44 48 0.401961
44 49 0.454248
44 50 0.227124
44 51 0.204248
44 52 0.434641
44 53 0.349673
44 54 0.410131
44 55 0.508170
44 56 0.184641
44 57 0.524510
44 58 0.509804
44 59 0.243464
44 60 0.076797
44 61 0.370915
44 62 0.107843
44 63 0.346405
44 64 0.310458
44 65 0.142157
44 66 0.516340
44 67 0.191176
44 68 0.241830
44 69 0.383987
44 70 0.468954
44 71 0.341503
44 72 0.517974
44 73 0.310458
44 74 0.468954
44 75 0.143791
44 76 0.202614
44 77 0.191176
44 78 0.369281
44 79 0.194444
44 80 0.509804
44 81 0.109477
44 82 0.143791
44 83 0.129085
44 84 0.109477
44 85 0.602941
44 86 0.514706
44 87 0.537582
44 88 0.303922
44 89 0.150327
44 90 0.099673
44 91 0.147059
44 92 0.348039
44 93 0.397059
44 94 0.361111
44 95 0.326797
44 96 0.455882
44 97 0.310458
44 98 0.325163
44 99 0.246732
45 46 0.359477
45 47 0.475490
45 48 0.398693
45 49 0.697712
45 50 0.271242
45 51 0.431373
45 52 0.704248
45 53 0.604575
45 54 0.312092
45 55 0.766340
45 56 0.122549
45 57 0.802288
45 58 0.774510
45 59 0.433007
45 60 0.344771
45 61 0.349673
45 62 0.367647
45 63 0.367647
45 64 0.189542
45 65 0.158497
45 66 0.684641
45 67 0.375817
45 68 0.116013
45 69 0.333333
45 70 0.637255
45 71 0.607843
45 72 0.797386
45 73 0.514706
45 74 0.733660
45 75 0.160131
45 76 0.120915
45 77 0.475490
45 78 0.434641
45 79 0.462418
45 80 0.712418
45 81 0.276144
45 82 0.325163
45 83 0.395425
45 84 0.383987
45 85 0.838235
45 86 0.797386
45 87 0.784314
45 88 0.576797
45 89 0.140523
45 90 0.294118
45 91 0.421569
45 92 0.431373
45 93 0.346405
45 94 0.553922
45 95 0.571895
45 96 0.514706
45 97 0.130719
45 98 0.214052
45 99 0.454248
46 47 0.620915
46 48 0.687908
46 49 0.754902
46 50 0.514706
46 51 0.259804
46 52 0.522876
46 53 0.648693
46 54 0.645425
46 55 0.787582
46 56 0.263072
46 57 0.633987
46 58 0.568627
46 59 0.575163
46 60 0.400327
46 61 0.063725
46 62 0.297386
46 63 0.016340
46 64 0.519608
46 65 0.263072
46 66 0.846405
46 67 0.194444
46 68 0.426471
46 69 0.643791
46 70 0.797386
46 71 0.439542
46 72 0.647059
46 73 0.263072
46 74 0.741830
46 75 0.256536
46 76 0.250000
46 77 0.418301
46 78 0.681373
46 79 0.346405
46 80 0.831699
46 81 0.220588
46 82 0.204248
46 83 0.441176
46 84 0.330065
46 85 0.903595
46 86 0.658497
46 87 0.539216
46 88 0.431373
46 89 0.282680
46 90 0.235294
46 91 0.447712
46 92 0.663399
46 93 0.104575
46 94 0.276144
46 95 0.635621
46 96 0.769608
46 97 0.253268
46 98 0.173203
46 99 0.238562
47 48 0.274510
47 49 0.245098
47 50 0.222222
47 51 0.441176
47 52 0.531046
47 53 0.186275
47 54 0.377451
47 55 0.328431
47 56 0.434641
47 57 0.573529
47 58 0.607843
47 59 0.045752
47 60 0.222222
47 61 0.661765
47 62 0.348039
47 63 0.637255
47 64 0.366013
47 65 0.400327
47 66 0.225490
47 67 0.460784
47 68 0.370915
47 69 0.318627
47 70 0.178105
47 71 0.468954
47 72 0.547386
47 73 0.542484
47 74 0.315359
47 75 0.406863
47 76 0.454248
47 77 0.299020
47 78 0.183007
47 79 0.374183
47 80 0.236928
47 81 0.398693
47 82 0.424837
47 83 0.194444
47 84 0.321895
47 85 0.369281
47 86 0.529412
47 87 0.673203
47 88 0.426471
47 89 0.395425
47 90 0.387255
47 91 0.205882
47 92 0.156863
47 93 0.686275
47 94 0.591503
47 95 0.147059
47 96 0.236928
47 97 0.560458
47 98 0.598039
47 99 0.490196
48 49 0.506536
48 50 0.176471
48 51 0.602941
48 52 0.774510
48 53 0.462418
48 54 0.133987
48 55 0.594771
48 56 0.433007
48 57 0.833333
48 58 0.852941
48 59 0.271242
48 60 0.380719
48 61 0.704248
48 62 0.503268
48 63 0.702614
48 64 0.212418
48 65 0.424837
48 66 0.372549
48 67 0.591503
48 68 0.284314
48 69 0.076797
48 70 0.338235
48 71 0.696078
48 72 0.810458
48 73 0.710784
48 74 0.588235
48 75 0.431373
48 76 0.450980
48 77 0.517974
48 78 0.098039
48 79 0.568627
48 80 0.442810
48 81 0.493464
48 82 0.539216
48 83 0.390523
48 84 0.490196
48 85 0.604575
48 86 0.795752
48 87 0.903595
48 88 0.653595
48 89 0.406863
48 90 0.493464
48 91 0.416667
48 92 0.120915
48 93 0.715686
48 94 0.761438
48 95 0.423203
48 96 0.132353
48 97 0.522876
48 98 0.593137
48 99 0.648693
49 50 0.464052
49 51 0.516340
49 52 0.464052
49 53 0.106209
49 54 0.620915
49 55 0.088235
49 56 0.630719
49 57 0.455882
49 58 0.526144
49 59 0.274510
49 60 0.377451
49 61 0.807190
49 62 0.457516
49 63 0.771242
49 64 0.609477
49 65 0.591503
49 66 0.232026
49 67 0.565359
49 68 0.602941
49 69 0.558824
49 70 0.217320
49 71 0.444444
49 72 0.421569
49 73 0.591503
49 74 0.099673
49 75 0.594771
49 76 0.650327
49 77 0.343137
49 78 0.408497
49 79 0.429739
49 80 0.142157
49 81 0.547386
49 82 0.550654
49 83 0.325163
49 84 0.424837
49 85 0.148693
49 86 0.395425
49 87 0.611111
49 88 0.413399
49 89 0.593137
49 90 0.527778
49 91 0.312092
49 92 0.385621
49 93 0.839869
49 94 0.632353
49 95 0.127451
49 96 0.426471
49 97 0.759804
49 98 0.779412
49 99 0.560458
50 51 0.429739
50 52 0.627451
50 53 0.387255
50 54 0.197712
50 55 0.542484
50 56 0.269608
50 57 0.699346
50 58 0.705882
50 59 0.187908
50 60 0.218954
50 61 0.535948
50 62 0.331699
50 63 0.529412
50 64 0.145425
50 65 0.253268
50 66 0.415033
50 67 0.415033
50 68 0.155229
50 69 0.158497
50 70 0.369281
50 71 0.542484
50 72 0.683007
50 73 0.537582
50 74 0.522876
50 75 0.259804
50 76 0.289216
50 77 0.367647
50 78 0.171569
50 79 0.405229
50 80 0.450980
50 81 0.315359
50 82 0.362745
50 83 0.243464
50 84 0.323529
50 85 0.591503
50 86 0.673203
50 87 0.748366
50 88 0.501634
50 89 0.238562
50 90 0.316993
50 91 0.272876
50 92 0.161765
50 93 0.550654
50 94 0.588235
50 95 0.349673
50 96 0.259804
50 97 0.377451
50 98 0.437908
50 99 0.473856
51 52 0.285948
51 53 0.413399
51 54 0.614379
51 55 0.537582
51 56 0.308824
51 57 0.393791
51 58 0.348039
51 59 0.401961
51 60 0.230392
51 61 0.321895
51 62 0.099673
51 63 0.274510
51 64 0.508170
51 65 0.272876
51 66 0.650327
51 67 0.070261
51 68 0.428105
51 69 0.588235
51 70 0.604575
51 71 0.192810
51 72 0.398693
51 73 0.107843
51 74 0.490196
51 75 0.269608
51 76 0.315359
51 77 0.171569
51 78 0.560458
51 79 0.088235
51 80 0.614379
51 81 0.155229
51 82 0.106209
51 83 0.246732
51 84 0.119281
51 85 0.660131
51 86 0.406863
51 87 0.352941
51 88 0.174837
51 89 0.294118
51 90 0.137255
51 91 0.236928
51 92 0.535948
51 93 0.361111
51 94 0.158497
51 95 0.408497
51 96 0.643791
51 97 0.397059
51 98 0.361111
51 99 0.049020
52 53 0.398693
52 54 0.825163
52 55 0.436275
52 56 0.584967
52 57 0.111111
52 58 0.078431
52 59 0.513072
52 60 0.410131
52 61 0.586601
52 62 0.336601
52 63 0.534314
52 64 0.741830
52 65 0.545752
52 66 0.673203
52 67 0.356209
52 68 0.676471
52 69 0.784314
52 70 0.640523
52 71 0.094771
52 72 0.127451
52 73 0.261438
52 74 0.387255
52 75 0.544118
52 76 0.594771
52 77 0.259804
52 78 0.702614
52 79 0.243464
52 80 0.601307
52 81 0.433007
52 82 0.390523
52 83 0.385621
52 84 0.325163
52 85 0.571895
52 86 0.147059
52 87 0.147059
52 88 0.129085
52 89 0.563725
52 90 0.411765
52 91 0.357843
52 92 0.674837
52 93 0.627451
52 94 0.269608
52 95 0.419935
52 96 0.767974
52 97 0.683007
52 98 0.647059
52 99 0.287582
53 54 0.560458
53 55 0.161765
53 56 0.529412
53 57 0.413399
53 58 0.467320
53 59 0.200980
53 60 0.272876
53 61 0.700980
53 62 0.351307
53 63 0.665033
53 64 0.532680
53 65 0.490196
53 66 0.274510
53 67 0.460784
53 68 0.514706
53 69 0.503268
53 70 0.243464
53 71 0.362745
53 72 0.383987
53 73 0.493464
53 74 0.135621
53 75 0.493464
53 76 0.549020
53 77 0.241830
53 78 0.367647
53 79 0.326797
53 80 0.210784
53 81 0.441176
53 82 0.444444
53 83 0.220588
53 84 0.318627
53 85 0.254902
53 86 0.361111
53 87 0.545752
53 88 0.326797
53 89 0.491830
53 90 0.421569
53 91 0.205882
53 92 0.341503
53 93 0.733660
53 94 0.537582
53 95 0.039216
53 96 0.408497
53 97 0.658497
53 98 0.674837
53 99 0.457516
54 55 0.705882
54 56 0.380719
54 57 0.897059
54 58 0.903595
54 59 0.359477
54 60 0.415033
54 61 0.650327
54 62 0.519608
54 63 0.658497
54 64 0.125817
54 65 0.385621
54 66 0.504902
54 67 0.586601
54 68 0.218954
54 69 0.062092
54 70 0.468954
54 71 0.738562
54 72 0.880719
54 73 0.718954
54 74 0.692810
54 75 0.392157
54 76 0.395425
54 77 0.565359
54 78 0.223856
54 79 0.599673
54 80 0.570261
54 81 0.480392
54 82 0.532680
54 83 0.441176
54 84 0.514706
54 85 0.728758
54 86 0.869281
54 87 0.942810
54 88 0.697712
54 89 0.364379
54 90 0.486928
54 91 0.470588
54 92 0.240196
54 93 0.653595
54 94 0.767974
54 95 0.521242
54 96 0.266340
54 97 0.442810
54 98 0.524510
54 99 0.655229
55 56 0.689542
55 57 0.408497
55 58 0.488562
55 59 0.354575
55 60 0.431373
55 61 0.844771
55 62 0.491830
55 63 0.803922
55 64 0.687908
55 65 0.648693
55 66 0.308824
55 67 0.594771
55 68 0.676471
55 69 0.645425
55 70 0.302288
55 71 0.434641
55 72 0.370915
55 73 0.599673
55 74 0.049020
55 75 0.651961
55 76 0.709150
55 77 0.369281
55 78 0.496732
55 79 0.449346
55 80 0.212418
55 81 0.591503
55 82 0.588235
55 83 0.379085
55 84 0.460784
55 85 0.135621
55 86 0.343137
55 87 0.578431
55 88 0.410131
55 89 0.653595
55 90 0.570261
55 91 0.359477
55 92 0.473856
55 93 0.879085
55 94 0.635621
55 95 0.196078
55 96 0.514706
55 97 0.818627
55 98 0.830065
55 99 0.576797
56 57 0.686275
56 58 0.653595
56 59 0.387255
56 60 0.258170
56 61 0.272876
56 62 0.251634
56 63 0.276144
56 64 0.254902
56 65 0.042484
56 66 0.656863
56 67 0.253268
56 68 0.161765
56 69 0.383987
56 70 0.607843
56 71 0.490196
56 72 0.684641
56 73 0.390523
56 74 0.653595
56 75 0.042484
56 76 0.019608
56 77 0.369281
56 78 0.442810
56 79 0.344771
56 80 0.668301
56 81 0.153595
56 82 0.202614
56 83 0.310458
56 84 0.272876
56 85 0.777778
56 86 0.684641
56 87 0.661765
56 88 0.460784
56 89 0.037582
56 90 0.174837
56 91 0.333333
56 92 0.431373
56 93 0.281046
56 94 0.433007
56 95 0.503268
56 96 0.529412
56 97 0.129085
56 98 0.168301
56 99 0.331699
57 58 0.098039
57 59 0.563725
57 60 0.488562
57 61 0.697712
57 62 0.433007
57 63 0.645425
57 64 0.823529
57 65 0.645425
57 66 0.681373
57 67 0.464052
57 68 0.764706
57 69 0.851307
57 70 0.655229
57 71 0.200980
57 72 0.037582
57 73 0.372549
57 74 0.366013
57 75 0.643791
57 76 0.696078
57 77 0.336601
57 78 0.753268
57 79 0.339869
57 80 0.599673
57 81 0.534314
57 82 0.496732
57 83 0.455882
57 84 0.418301
57 85 0.539216
57 86 0.066993
57 87 0.189542
57 88 0.225490
57 89 0.661765
57 90 0.513072
57 91 0.426471
57 92 0.725490
57 93 0.740196
57 94 0.377451
57 95 0.442810
57 96 0.808824
57 97 0.787582
57 98 0.754902
57 99 0.397059
58 59 0.591503
58 60 0.488562
58 61 0.632353
58 62 0.408497
58 63 0.578431
58 64 0.816993
58 65 0.616013
58 66 0.741830
58 67 0.415033
58 68 0.751634
58 69 0.862745
58 70 0.710784
58 71 0.166667
58 72 0.132353
58 73 0.303922
58 74 0.442810
58 75 0.612745
58 76 0.661765
58 77 0.338235
58 78 0.779412
58 79 0.315359
58 80 0.665033
58 81 0.500000
58 82 0.454248
58 83 0.464052
58 84 0.400327
58 85 0.622549
58 86 0.160131
58 87 0.093137
58 88 0.205882
58 89 0.633987
58 90 0.478758
58 91 0.436275
58 92 0.751634
58 93 0.673203
58 94 0.299020
58 95 0.491830
58 96 0.844771
58 97 0.745098
58 98 0.702614
58 99 0.341503
59 60 0.178105
59 61 0.614379
59 62 0.307190
59 63 0.591503
59 64 0.333333
59 65 0.354575
59 66 0.272876
59 67 0.418301
59 68 0.330065
59 69 0.303922
59 70 0.223856
59 71 0.444444
59 72 0.540850
59 73 0.504902
59 74 0.334967
59 75 0.359477
59 76 0.408497
59 77 0.269608
59 78 0.189542
59 79 0.339869
59 80 0.281046
59 81 0.352941
59 82 0.380719
59 83 0.155229
59 84 0.282680
59 85 0.406863
59 86 0.524510
59 87 0.650327
59 88 0.401961
59 89 0.349673
59 90 0.341503
59 91 0.171569
59 92 0.161765
59 93 0.638889
59 94 0.555556
59 95 0.161765
59 96 0.254902
59 97 0.513072
59 98 0.550654
59 99 0.450980
60 61 0.444444
60 62 0.130719
60 63 0.416667
60 64 0.333333
60 65 0.215686
60 66 0.446078
60 67 0.238562
60 68 0.281046
60 69 0.377451
60 70 0.398693
60 71 0.323529
60 72 0.477124
60 73 0.336601
60 74 0.395425
60 75 0.218954
60 76 0.276144
60 77 0.151961
60 78 0.330065
60 79 0.187908
60 80 0.434641
60 81 0.179739
60 82 0.200980
60 83 0.052288
60 84 0.111111
60 85 0.524510
60 86 0.470588
60 87 0.529412
60 88 0.282680
60 89 0.220588
60 90 0.165033
60 91 0.076797
60 92 0.305556
60 93 0.472222
60 94 0.387255
60 95 0.248366
60 96 0.413399
60 97 0.385621
60 98 0.401961
60 99 0.277778
61 62 0.351307
61 63 0.053922
61 64 0.524510
61 65 0.282680
61 66 0.887255
61 67 0.254902
61 68 0.433007
61 69 0.656863
61 70 0.839869
61 71 0.503268
61 72 0.710784
61 73 0.326797
61 74 0.799020
61 75 0.276144
61 76 0.256536
61 77 0.477124
61 78 0.707516
61 79 0.406863
61 80 0.879085
61 81 0.264706
61 82 0.256536
61 83 0.490196
61 84 0.383987
61 85 0.955882
61 86 0.723856
61 87 0.601307
61 88 0.495098
61 89 0.297386
61 90 0.281046
61 91 0.496732
61 92 0.691176
61 93 0.040850
61 94 0.338235
61 95 0.686275
61 96 0.795752
61 97 0.230392
61 98 0.142157
61 99 0.302288
62 63 0.313725
62 64 0.418301
62 65 0.210784
62 66 0.565359
62 67 0.112745
62 68 0.344771
62 69 0.490196
62 70 0.517974
62 71 0.240196
62 72 0.431373
62 73 0.207516
62 74 0.447712
62 75 0.210784
62 76 0.264706
62 77 0.129085
62 78 0.460784
62 79 0.093137
62 80 0.539216
62 81 0.107843
62 82 0.094771
62 83 0.155229
62 84 0.031046
62 85 0.604575
62 86 0.433007
62 87 0.431373
62 88 0.207516
62 89 0.227124
62 90 0.084967
62 91 0.153595
62 92 0.436275
62 93 0.385621
62 94 0.258170
62 95 0.338235
62 96 0.544118
62 97 0.362745
62 98 0.349673
62 99 0.147059
63 64 0.531046
63 65 0.277778
63 66 0.862745
63 67 0.210784
63 68 0.437908
63 69 0.658497
63 70 0.815359
63 71 0.452614
63 72 0.658497
63 73 0.272876
63 74 0.758170
63 75 0.271242
63 76 0.263072
63 77 0.434641
63 78 0.696078
63 79 0.361111
63 80 0.849673
63 81 0.236928
63 82 0.220588
63 83 0.459150
63 84 0.346405
63 85 0.919935
63 86 0.671569
63 87 0.547386
63 88 0.444444
63 89 0.295752
63 90 0.251634
63 91 0.464052
63 92 0.679739
63 93 0.094771
63 94 0.284314
63 95 0.651961
63 96 0.785948
63 97 0.258170
63 98 0.176471
63 99 0.251634
64 65 0.263072
64 66 0.540850
64 67 0.473856
64 68 0.093137
64 69 0.142157
64 70 0.498366
64 71 0.650327
64 72 0.810458
64 73 0.609477
64 74 0.668301
64 75 0.269608
64 76 0.267974
64 77 0.485294
64 78 0.267974
64 79 0.504902
64 80 0.588235
64 81 0.366013
64 82 0.418301
64 83 0.370915
64 84 0.419935
64 85 0.733660
64 86 0.802288
64 87 0.849673
64 88 0.611111
64 89 0.241830
64 90 0.375817
64 91 0.400327
64 92 0.271242
64 93 0.527778
64 94 0.656863
64 95 0.495098
64 96 0.338235
64 97 0.320261
64 98 0.398693
64 99 0.544118
65 66 0.625817
65 67 0.222222
65 68 0.171569
65 69 0.380719
65 70 0.576797
65 71 0.450980
65 72 0.642157
65 73 0.361111
65 74 0.611111
65 75 0.006536
65 76 0.058824
65 77 0.326797
65 78 0.424837
65 79 0.303922
65 80 0.633987
65 81 0.117647
65 82 0.169935
65 83 0.269608
65 84 0.230392
65 85 0.738562
65 86 0.643791
65 87 0.627451
65 88 0.419935
65 89 0.021242
65 90 0.135621
65 91 0.290850
65 92 0.410131
65 93 0.297386
65 94 0.405229
65 95 0.464052
65 96 0.513072
65 97 0.168301
65 98 0.196078
65 99 0.299020
66 67 0.679739
66 68 0.570261
66 69 0.442810
66 70 0.047386
66 71 0.633987
66 72 0.648693
66 73 0.743464
66 74 0.331699
66 75 0.630719
66 76 0.678105
66 77 0.488562
66 78 0.281046
66 79 0.573529
66 80 0.098039
66 81 0.625817
66 82 0.647059
66 83 0.410131
66 84 0.535948
66 85 0.256536
66 86 0.622549
66 87 0.821895
66 88 0.596405
66 89 0.619281
66 90 0.611111
66 91 0.413399
66 92 0.269608
66 93 0.913399
66 94 0.790850
66 95 0.256536
66 96 0.253268
66 97 0.779412
66 98 0.823529
66 99 0.697712
67 68 0.387255
67 69 0.566993
67 70 0.632353
67 71 0.263072
67 72 0.470588
67 73 0.138889
67 74 0.547386
67 75 0.217320
67 76 0.256536
67 77 0.223856
67 78 0.558824
67 79 0.150327
67 80 0.653595
67 81 0.107843
67 82 0.053922
67 83 0.267974
67 84 0.143791
67 85 0.712418
67 86 0.478758
67 87 0.411765
67 88 0.246732
67 89 0.243464
67 90 0.098039
67 91 0.266340
67 92 0.537582
67 93 0.292484
67 94 0.183007
67 95 0.450980
67 96 0.645425
67 97 0.330065
67 98 0.290850
67 99 0.078431
68 69 0.225490
68 70 0.526144
68 71 0.583333
68 72 0.754902
68 73 0.524510
68 74 0.648693
68 75 0.178105
68 76 0.176471
68 77 0.428105
68 78 0.316993
68 79 0.434641
68 80 0.604575
68 81 0.279412
68 82 0.333333
68 83 0.326797
68 84 0.351307
68 85 0.738562
68 86 0.750000
68 87 0.776144
68 88 0.547386
68 89 0.150327
68 90 0.290850
68 91 0.354575
68 92 0.313725
68 93 0.437908
68 94 0.571895
68 95 0.480392
68 96 0.398693
68 97 0.236928
68 98 0.310458
68 99 0.460784
69 70 0.406863
69 71 0.700980
69 72 0.833333
69 73 0.694444
69 74 0.633987
69 75 0.387255
69 76 0.400327
69 77 0.524510
69 78 0.161765
69 79 0.565359
69 80 0.508170
69 81 0.464052
69 82 0.514706
69 83 0.397059
69 84 0.482026
69 85 0.665033
69 86 0.820261
69 87 0.906863
69 88 0.658497
69 89 0.361111
69 90 0.468954
69 91 0.426471
69 92 0.178105
69 93 0.663399
69 94 0.745098
69 95 0.464052
69 96 0.209150
69 97 0.460784
69 98 0.537582
69 99 0.630719
70 71 0.596405
70 72 0.624183
70 73 0.700980
70 74 0.316993
70 75 0.583333
70 76 0.629085
70 77 0.447712
70 78 0.243464
70 79 0.529412
70 80 0.106209
70 81 0.576797
70 82 0.599673
70 83 0.362745
70 84 0.490196
70 85 0.271242
70 86 0.599673
70 87 0.787582
70 88 0.557190
70 89 0.570261
70 90 0.563725
70 91 0.367647
70 92 0.230392
70 93 0.864379
70 94 0.748366
70 95 0.220588
70 96 0.228758
70 97 0.732026
70 98 0.774510
70 99 0.653595
71 72 0.207516
71 73 0.189542
71 74 0.385621
71 75 0.449346
71 76 0.498366
71 77 0.178105
71 78 0.629085
71 79 0.147059
71 80 0.573529
71 81 0.336601
71 82 0.295752
71 83 0.305556
71 84 0.232026
71 85 0.570261
71 86 0.218954
71 87 0.207516
71 88 0.042484
71 89 0.467320
71 90 0.315359
71 91 0.279412
71 92 0.602941
71 93 0.544118
71 94 0.210784
71 95 0.375817
71 96 0.700980
71 97 0.588235
71 98 0.553922
71 99 0.200980
72 73 0.388889
72 74 0.330065
72 75 0.642157
72 76 0.696078
72 77 0.326797
72 78 0.728758
72 79 0.339869
72 80 0.565359
72 81 0.535948
72 82 0.500000
72 83 0.441176
72 84 0.413399
72 85 0.501634
72 86 0.029412
72 87 0.225490
72 88 0.227124
72 89 0.658497
72 90 0.513072
72 91 0.410131
72 92 0.700980
72 93 0.751634
72 94 0.398693
72 95 0.415033
72 96 0.782680
72 97 0.790850
72 98 0.761438
72 99 0.408497
73 74 0.550654
73 75 0.357843
73 76 0.393791
73 77 0.254902
73 78 0.668301
73 79 0.169935
73 80 0.702614
73 81 0.245098
73 82 0.192810
73 83 0.349673
73 84 0.225490
73 85 0.730392
73 86 0.405229
73 87 0.282680
73 88 0.196078
73 89 0.382353
73 90 0.233660
73 91 0.336601
73 92 0.643791
73 93 0.367647
73 94 0.050654
73 95 0.495098
73 96 0.750000
73 97 0.457516
73 98 0.405229
73 99 0.063725
74 75 0.614379
74 76 0.671569
74 77 0.323529
74 78 0.491830
74 79 0.401961
74 80 0.238562
74 81 0.549020
74 82 0.542484
74 83 0.341503
74 84 0.416667
74 85 0.184641
74 86 0.302288
74 87 0.532680
74 88 0.361111
74 89 0.617647
74 90 0.527778
74 91 0.320261
74 92 0.467320
74 93 0.834967
74 94 0.586601
74 95 0.173203
74 96 0.519608
74 97 0.781046
74 98 0.789216
74 99 0.529412
75 76 0.057190
75 77 0.326797
75 78 0.431373
75 79 0.302288
75 80 0.638889
75 81 0.114379
75 82 0.165033
75 83 0.272876
75 84 0.230392
75 85 0.741830
75 86 0.642157
75 87 0.624183
75 88 0.418301
75 89 0.027778
75 90 0.133987
75 91 0.292484
75 92 0.416667
75 93 0.290850
75 94 0.400327
75 95 0.467320
75 96 0.519608
75 97 0.166667
75 98 0.191176
75 99 0.295752
76 77 0.383987
76 78 0.462418
76 79 0.356209
76 80 0.689542
76 81 0.161765
76 82 0.207516
76 83 0.330065
76 84 0.285948
76 85 0.797386
76 86 0.697712
76 87 0.666667
76 88 0.470588
76 89 0.058824
76 90 0.183007
76 91 0.351307
76 92 0.450980
76 93 0.264706
76 94 0.433007
76 95 0.522876
76 96 0.549020
76 97 0.109477
76 98 0.147059
76 99 0.334967
77 78 0.452614
77 79 0.084967
77 80 0.446078
77 81 0.236928
77 82 0.222222
77 83 0.125817
77 84 0.099673
77 85 0.488562
77 86 0.321895
77 87 0.385621
77 88 0.135621
77 89 0.339869
77 90 0.214052
77 91 0.101307
77 92 0.424837
77 93 0.513072
77 94 0.302288
77 95 0.238562
77 96 0.526144
77 97 0.486928
77 98 0.478758
77 99 0.215686
78 79 0.513072
78 80 0.346405
78 81 0.472222
78 82 0.511438
78 83 0.328431
78 84 0.442810
78 85 0.506536
78 86 0.712418
78 87 0.838235
78 88 0.586601
78 89 0.410131
78 90 0.467320
78 91 0.351307
78 92 0.026144
78 93 0.722222
78 94 0.718954
78 95 0.330065
78 96 0.088235
78 97 0.549020
78 98 0.609477
78 99 0.607843
79 80 0.532680
79 81 0.196078
79 82 0.163399
79 83 0.186275
79 84 0.084967
79 85 0.571895
79 86 0.343137
79 87 0.344771
79 88 0.114379
79 89 0.320261
79 90 0.173203
79 91 0.168301
79 92 0.486928
79 93 0.444444
79 94 0.218954
79 95 0.325163
79 96 0.591503
79 97 0.450980
79 98 0.428105
79 99 0.130719
80 81 0.614379
80 82 0.629085
80 83 0.390523
80 84 0.508170
80 85 0.163399
80 86 0.537582
80 87 0.750000
80 88 0.537582
80 89 0.630719
80 90 0.598039
80 91 0.387255
80 92 0.330065
80 93 0.908497
80 94 0.746732
80 95 0.205882
80 96 0.336601
80 97 0.795752
80 98 0.830065
80 99 0.661765
81 82 0.052288
81 83 0.225490
81 84 0.135621
81 85 0.696078
81 86 0.539216
81 87 0.508170
81 88 0.308824
81 89 0.138889
81 90 0.022876
81 91 0.235294
81 92 0.452614
81 93 0.294118
81 94 0.290850
81 95 0.423203
81 96 0.560458
81 97 0.254902
81 98 0.241830
81 99 0.183007
82 83 0.238562
82 84 0.125817
82 85 0.699346
82 86 0.504902
82 87 0.459150
82 88 0.272876
82 89 0.191176
82 90 0.045752
82 91 0.241830
82 92 0.491830
82 93 0.290850
82 94 0.238562
82 95 0.429739
82 96 0.599673
82 97 0.290850
82 98 0.264706
82 99 0.129085
83 84 0.127451
83 85 0.473856
83 86 0.431373
83 87 0.513072
83 88 0.263072
83 89 0.274510
83 90 0.207516
83 91 0.029412
83 92 0.302288
83 93 0.519608
83 94 0.398693
83 95 0.197712
83 96 0.405229
83 97 0.439542
83 98 0.454248
83 99 0.295752
84 85 0.571895
84 86 0.413399
84 87 0.429739
84 88 0.196078
84 89 0.243464
84 90 0.112745
84 91 0.122549
84 92 0.418301
84 93 0.418301
84 94 0.276144
84 95 0.305556
84 96 0.524510
84 97 0.387255
84 98 0.379085
84 99 0.168301
85 86 0.472222
85 87 0.714052
85 88 0.542484
85 89 0.738562
85 90 0.676471
85 91 0.460784
85 92 0.486928
85 93 0.990196
85 94 0.767974
85 95 0.274510
85 96 0.500000
85 97 0.906863
85 98 0.928105
85 99 0.702614
86 87 0.253268
86 88 0.232026
86 89 0.658497
86 90 0.516340
86 91 0.401961
86 92 0.684641
86 93 0.764706
86 94 0.416667
86 95 0.393791
86 96 0.764706
86 97 0.794118
86 98 0.767974
86 99 0.419935
87 88 0.250000
87 89 0.647059
87 90 0.490196
87 91 0.486928
87 92 0.810458
87 93 0.642157
87 94 0.263072
87 95 0.566993
87 96 0.906863
87 97 0.740196
87 98 0.687908
87 99 0.333333
88 89 0.436275
88 90 0.287582
88 91 0.236928
88 92 0.560458
88 93 0.534314
88 94 0.227124
88 95 0.338235
88 96 0.658497
88 97 0.563725
88 98 0.534314
88 99 0.192810
89 90 0.155229
89 91 0.297386
89 92 0.397059
89 93 0.312092
89 94 0.426471
89 95 0.465686
89 96 0.498366
89 97 0.166667
89 98 0.204248
89 99 0.320261
90 91 0.215686
90 92 0.447712
90 93 0.312092
90 94 0.281046
90 95 0.403595
90 96 0.555556
90 97 0.277778
90 98 0.264706
90 99 0.169935
91 92 0.325163
91 93 0.529412
91 94 0.385621
91 95 0.187908
91 96 0.426471
91 97 0.459150
91 98 0.470588
91 99 0.284314
92 93 0.709150
92 94 0.694444
92 95 0.303922
92 96 0.107843
92 97 0.540850
92 98 0.599673
92 99 0.583333
93 94 0.379085
93 95 0.717320
93 96 0.810458
93 97 0.220588
93 98 0.132353
93 99 0.343137
94 95 0.540850
94 96 0.800654
94 97 0.490196
94 98 0.429739
94 99 0.112745
95 96 0.372549
95 97 0.632353
95 98 0.651961
95 99 0.454248
96 97 0.632353
96 98 0.696078
96 99 0.691176
97 98 0.086601
97 99 0.406863
98 99 0.361111
