100 4950
0 1 0.739617
0 2 0.364217
0 3 0.081470
0 4 0.273163
0 5 0.121406
0 6 0.436102
0 7 0.723642
0 8 0.319489
0 9 0.301917
0 10 0.488818
0 11 0.349840
0 12 0.539936
0 13 0.025559
0 14 0.397764
0 15 0.341853
0 16 0.424920
0 17 0.479233
0 18 0.381789
0 19 0.819489
0 20 0.140575
0 21 0.404153
0 22 0.107029
0 23 0.436102
0 24 0.263578
0 25 0.404153
0 26 0.541534
0 27 0.036741
0 28 0.439297
0 29 0.474441
0 30 0.324281
0 31 0.186901
0 32 0.364217
0 33 0.166134
0 34 0.333866
0 35 0.421725
0 36 0.571885
0 37 0.391374
0 38 0.495208
0 39 0.432907
0 40 0.217252
0 41 0.690096
0 42 0.178914
0 43 0.057508
0 44 0.455272
0 45 0.613419
0 46 0.650160
0 47 0.482428
0 48 0.629393
0 49 0.317891
0 50 0.404153
0 51 0.538339
0 52 0.595847
0 53 0.330671
0 54 0.140575
0 55 0.300319
0 56 0.317891
0 57 0.145367
0 58 0.365815
0 59 0.329073
0 60 0.538339
0 61 0.662939
0 62 0.466454
0 63 0.265176
0 64 0.626198
0 65 0.327476
0 66 0.396166
0 67 0.402556
0 68 0.477636
0 69 0.279553
0 70 0.266773
0 71 0.511182
0 72 0.476038
0 73 0.007987
0 74 0.678914
0 75 0.421725
0 76 0.209265
0 77 0.423323
0 78 0.137380
0 79 0.138978
0 80 0.434505
0 81 0.488818
0 82 0.161342
0 83 0.097444
0 84 0.335463
0 85 0.258786
0 86 0.407348
0 87 0.415335
0 88 0.634185
0 89 0.281150
0 90 0.453674
0 91 0.209265
0 92 0.263578
0 93 0.559105
0 94 0.453674
0 95 0.519169
0 96 0.148562
0 97 0.468051
0 98 0.543131
0 99 0.337061
1 2 0.410543
1 3 0.658147
1 4 0.646965
1 5 0.728435
1 6 0.362620
1 7 0.137380
1 8 0.536741
1 9 0.439297
1 10 0.661342
1 11 0.538339
1 12 0.238019
1 13 0.761981
1 14 0.391374
1 15 0.654952
1 16 0.543131
1 17 0.356230
1 18 0.619808
1 19 0.094249
1 20 0.627796
1 21 0.496805
1 22 0.747604
1 23 0.361022
1 24 0.533546
1 25 0.370607
1 26 0.399361
1 27 0.753994
1 28 0.378594
1 29 0.327476
1 30 0.661342
1 31 0.731629
1 32 0.527157
1 33 0.744409
1 34 0.595847
1 35 0.327476
1 36 0.765176
1 37 0.693291
1 38 0.346645
1 39 0.613419
1 40 0.853035
1 41 0.338658
1 42 0.592652
1 43 0.701278
1 44 0.512780
1 45 0.586262
1 46 0.351438
1 47 0.346645
1 48 0.741214
1 49 0.656550
1 50 0.442492
1 51 0.709265
1 52 0.247604
1 53 0.416933
1 54 0.817891
1 55 0.645367
1 56 0.544728
1 57 0.750799
1 58 0.664537
1 59 0.643770
1 60 0.209265
1 61 0.083067
1 62 0.273163
1 63 0.509585
1 64 0.129393
1 65 0.768371
1 66 0.608626
1 67 0.354633
1 68 0.530351
1 69 0.484026
1 70 0.626198
1 71 0.380192
1 72 0.654952
1 73 0.741214
1 74 0.103834
1 75 0.316294
1 76 0.723642
1 77 0.346645
1 78 0.623003
1 79 0.616613
1 80 0.321086
1 81 0.447284
1 82 0.746006
1 83 0.672524
1 84 0.579872
1 85 0.480831
1 86 0.356230
1 87 0.332268
1 88 0.121406
1 89 0.645367
1 90 0.506390
1 91 0.694888
1 92 0.607029
1 93 0.699681
1 94 0.690096
1 95 0.651757
1 96 0.627796
1 97 0.274760
1 98 0.223642
1 99 0.690096
2 3 0.282748
2 4 0.241214
2 5 0.400958
2 6 0.274760
2 7 0.444089
2 8 0.137380
2 9 0.150160
2 10 0.330671
2 11 0.365815
2 12 0.292332
2 13 0.381789
2 14 0.257188
2 15 0.265176
2 16 0.199681
2 17 0.322684
2 18 0.456869
2 19 0.501597
2 20 0.231629
2 21 0.143770
2 22 0.346645
2 23 0.271565
2 24 0.282748
2 25 0.041534
2 26 0.204473
2 27 0.369010
2 28 0.297125
2 29 0.289137
2 30 0.266773
2 31 0.434505
2 32 0.365815
2 33 0.335463
2 34 0.405751
2 35 0.091054
2 36 0.670927
2 37 0.517572
2 38 0.333866
2 39 0.487220
2 40 0.536741
2 41 0.507987
2 42 0.284345
2 43 0.345048
2 44 0.196486
2 45 0.589457
2 46 0.482428
2 47 0.319489
2 48 0.691693
2 49 0.258786
2 50 0.089457
2 51 0.616613
2 52 0.370607
2 53 0.172524
2 54 0.477636
2 55 0.242812
2 56 0.345048
2 57 0.431310
2 58 0.281150
2 59 0.442492
2 60 0.257188
2 61 0.325879
2 62 0.156550
2 63 0.250799
2 64 0.329073
2 65 0.533546
2 66 0.460064
2 67 0.057508
2 68 0.225240
2 69 0.083067
2 70 0.218850
2 71 0.164537
2 72 0.319489
2 73 0.369010
2 74 0.329073
2 75 0.140575
2 76 0.313099
2 77 0.233227
2 78 0.290735
2 79 0.282748
2 80 0.089457
2 81 0.407348
2 82 0.434505
2 83 0.279553
2 84 0.186901
2 85 0.162939
2 86 0.052716
2 87 0.086262
2 88 0.292332
2 89 0.241214
2 90 0.188498
2 91 0.415335
2 92 0.365815
2 93 0.623003
2 94 0.552716
2 95 0.568690
2 96 0.228435
2 97 0.143770
2 98 0.281150
2 99 0.484026
3 4 0.226837
3 5 0.148562
3 6 0.369010
3 7 0.648562
3 8 0.250799
3 9 0.225240
3 10 0.437700
3 11 0.309904
3 12 0.466454
3 13 0.102236
3 14 0.330671
3 15 0.297125
3 16 0.359425
3 17 0.415335
3 18 0.361022
3 19 0.741214
3 20 0.070288
3 21 0.333866
3 22 0.121406
3 23 0.369010
3 24 0.212460
3 25 0.322684
3 26 0.464856
3 27 0.095847
3 28 0.375399
3 29 0.407348
3 30 0.279553
3 31 0.207668
3 32 0.322684
3 33 0.162939
3 34 0.306709
3 35 0.338658
3 36 0.567093
3 37 0.386581
3 38 0.431310
3 39 0.408946
3 40 0.274760
3 41 0.629393
3 42 0.132588
3 43 0.073482
3 44 0.388179
3 45 0.579872
3 46 0.589457
3 47 0.418530
3 48 0.616613
3 49 0.271565
3 50 0.327476
3 51 0.527157
3 52 0.525559
3 53 0.255591
3 54 0.204473
3 55 0.252396
3 56 0.276358
3 57 0.180511
3 58 0.321086
3 59 0.314696
3 60 0.461661
3 61 0.581470
3 62 0.384984
3 63 0.206070
3 64 0.547923
3 65 0.343450
3 66 0.373802
3 67 0.321086
3 68 0.410543
3 69 0.198083
3 70 0.214058
3 71 0.431310
3 72 0.424920
3 73 0.086262
3 74 0.595847
3 75 0.341853
3 76 0.190096
3 77 0.351438
3 78 0.092652
3 79 0.089457
3 80 0.351438
3 81 0.439297
3 82 0.191693
3 83 0.051118
3 84 0.273163
3 85 0.182109
3 86 0.325879
3 87 0.333866
3 88 0.552716
3 89 0.234824
3 90 0.384984
3 91 0.214058
3 92 0.238019
3 93 0.544728
3 94 0.444089
3 95 0.500000
3 96 0.081470
3 97 0.386581
3 98 0.468051
3 99 0.333866
4 5 0.375399
4 6 0.474441
4 7 0.685304
4 8 0.110224
4 9 0.311502
4 10 0.214058
4 11 0.490415
4 12 0.525559
4 13 0.274760
4 14 0.444089
4 15 0.068690
4 16 0.169329
4 17 0.525559
4 18 0.562300
4 19 0.741214
4 20 0.158147
4 21 0.177316
4 22 0.188498
4 23 0.472843
4 24 0.386581
4 25 0.277955
4 26 0.325879
4 27 0.252396
4 28 0.490415
4 29 0.501597
4 30 0.052716
4 31 0.434505
4 32 0.498403
4 33 0.142173
4 34 0.506390
4 35 0.330671
4 36 0.777955
4 37 0.600639
4 38 0.539936
4 39 0.605431
4 40 0.490415
4 41 0.730032
4 42 0.330671
4 43 0.297125
4 44 0.209265
4 45 0.753994
4 46 0.698083
4 47 0.525559
4 48 0.817891
4 49 0.044728
4 50 0.212460
4 51 0.731629
4 52 0.600639
4 53 0.348243
4 54 0.413738
4 55 0.025559
4 56 0.460064
4 57 0.405751
4 58 0.094249
4 59 0.523962
4 60 0.495208
4 61 0.562300
4 62 0.396166
4 63 0.364217
4 64 0.570288
4 65 0.570288
4 66 0.571885
4 67 0.298722
4 68 0.222045
4 69 0.190096
4 70 0.023962
4 71 0.311502
4 72 0.201278
4 73 0.282748
4 74 0.559105
4 75 0.372204
4 76 0.097444
4 77 0.440895
4 78 0.305112
4 79 0.298722
4 80 0.330671
4 81 0.586262
4 82 0.418530
4 83 0.182109
4 84 0.083067
4 85 0.287540
4 86 0.293930
4 87 0.325879
4 88 0.527157
4 89 0.007987
4 90 0.209265
4 91 0.437700
4 92 0.442492
4 93 0.746006
4 94 0.653355
4 95 0.696486
4 96 0.146965
4 97 0.384984
4 98 0.517572
4 99 0.552716
5 6 0.389776
5 7 0.690096
5 8 0.396166
5 9 0.293930
5 10 0.587859
5 11 0.261981
5 12 0.506390
5 13 0.138978
5 14 0.351438
5 15 0.445687
5 16 0.506390
5 17 0.423323
5 18 0.273163
5 19 0.800319
5 20 0.220447
5 21 0.476038
5 22 0.228435
5 23 0.389776
5 24 0.204473
5 25 0.436102
5 26 0.597444
5 27 0.158147
5 28 0.384984
5 29 0.429712
5 30 0.428115
5 31 0.065495
5 32 0.277955
5 33 0.285942
5 34 0.233227
5 35 0.434505
5 36 0.452077
5 37 0.273163
5 38 0.440895
5 39 0.324281
5 40 0.135783
5 41 0.624601
5 42 0.135783
5 43 0.078275
5 44 0.533546
5 45 0.511182
5 46 0.583067
5 47 0.429712
5 48 0.512780
5 49 0.421725
5 50 0.461661
5 51 0.421725
5 52 0.551118
5 53 0.311502
5 54 0.089457
5 55 0.400958
5 56 0.234824
5 57 0.031949
5 58 0.469649
5 59 0.218850
5 60 0.519169
5 61 0.658147
5 62 0.464856
5 63 0.218850
5 64 0.605431
5 65 0.204473
5 66 0.290735
5 67 0.424920
5 68 0.557508
5 69 0.324281
5 70 0.362620
5 71 0.562300
5 72 0.575080
5 73 0.113419
5 74 0.683706
5 75 0.416933
5 76 0.324281
5 77 0.388179
5 78 0.111821
5 79 0.118211
5 80 0.452077
5 81 0.410543
5 82 0.043131
5 83 0.193291
5 84 0.423323
5 85 0.257188
5 86 0.432907
5 87 0.429712
5 88 0.635783
5 89 0.383387
5 90 0.528754
5 91 0.091054
5 92 0.169329
5 93 0.444089
5 94 0.337061
5 95 0.407348
5 96 0.231629
5 97 0.472843
5 98 0.514377
5 99 0.220447
6 7 0.301917
6 8 0.396166
6 9 0.162939
6 10 0.605431
6 11 0.175719
6 12 0.124601
6 13 0.461661
6 14 0.038339
6 15 0.520767
6 16 0.474441
6 17 0.049521
6 18 0.261981
6 19 0.421725
6 20 0.372204
6 21 0.418530
6 22 0.485623
6 23 0.003195
6 24 0.185304
6 25 0.269968
6 26 0.440895
6 27 0.461661
6 28 0.023962
6 29 0.039936
6 30 0.515974
6 31 0.378594
6 32 0.164537
6 33 0.507987
6 34 0.233227
6 35 0.210863
6 36 0.442492
6 37 0.335463
6 38 0.065495
6 39 0.266773
6 40 0.501597
6 41 0.261981
6 42 0.260383
6 43 0.384984
6 44 0.471246
6 45 0.321086
6 46 0.226837
6 47 0.051118
6 48 0.442492
6 49 0.506390
6 50 0.362620
6 51 0.383387
6 52 0.161342
6 53 0.126198
6 54 0.479233
6 55 0.487220
6 56 0.182109
6 57 0.407348
6 58 0.539936
6 59 0.279553
6 60 0.158147
6 61 0.313099
6 62 0.177316
6 63 0.172524
6 64 0.231629
6 65 0.404153
6 66 0.253994
6 67 0.236422
6 68 0.498403
6 69 0.285942
6 70 0.450479
6 71 0.397764
6 72 0.594249
6 73 0.436102
6 74 0.353035
6 75 0.150160
6 76 0.509585
6 77 0.041534
6 78 0.300319
6 79 0.297125
6 80 0.230032
6 81 0.135783
6 82 0.397764
6 83 0.404153
6 84 0.448882
6 85 0.198083
6 86 0.249201
6 87 0.212460
6 88 0.305112
6 89 0.477636
6 90 0.463259
6 91 0.338658
6 92 0.246006
6 93 0.383387
6 94 0.343450
6 95 0.329073
6 96 0.378594
6 97 0.198083
6 98 0.137380
6 99 0.327476
7 8 0.579872
7 9 0.423323
7 10 0.738019
7 11 0.466454
7 12 0.183706
7 13 0.747604
7 14 0.338658
7 15 0.706070
7 16 0.611821
7 17 0.277955
7 18 0.535144
7 19 0.135783
7 20 0.632588
7 21 0.559105
7 22 0.752396
7 23 0.300319
7 24 0.487220
7 25 0.410543
7 26 0.490415
7 27 0.744409
7 28 0.311502
7 29 0.261981
7 30 0.709265
7 31 0.682109
7 32 0.452077
7 33 0.760383
7 34 0.522364
7 35 0.353035
7 36 0.654952
7 37 0.607029
7 38 0.263578
7 39 0.519169
7 40 0.803514
7 41 0.202875
7 42 0.559105
7 43 0.678914
7 44 0.587859
7 45 0.464856
7 46 0.222045
7 47 0.269968
7 48 0.621406
7 49 0.702875
7 50 0.500000
7 51 0.600639
7 52 0.148562
7 53 0.392971
7 54 0.781150
7 55 0.688498
7 56 0.479233
7 57 0.709265
7 58 0.720447
7 59 0.568690
7 60 0.191693
7 61 0.175719
7 62 0.287540
7 63 0.471246
7 64 0.115016
7 65 0.694888
7 66 0.522364
7 67 0.384984
7 68 0.608626
7 69 0.503195
7 70 0.661342
7 71 0.461661
7 72 0.730032
7 73 0.725240
7 74 0.220447
7 75 0.317891
7 76 0.747604
7 77 0.303514
7 78 0.594249
7 79 0.591054
7 80 0.354633
7 81 0.349840
7 82 0.701278
7 83 0.672524
7 84 0.627796
7 85 0.466454
7 86 0.392971
7 87 0.357827
7 88 0.209265
7 89 0.685304
7 90 0.579872
7 91 0.640575
7 92 0.547923
7 93 0.587859
7 94 0.592652
7 95 0.543131
7 96 0.634185
7 97 0.300319
7 98 0.180511
7 99 0.611821
8 9 0.242812
8 10 0.218850
8 11 0.447284
8 12 0.428115
8 13 0.329073
8 14 0.370607
8 15 0.127796
8 16 0.110224
8 17 0.445687
8 18 0.528754
8 19 0.630990
8 20 0.180511
8 21 0.084665
8 22 0.263578
8 23 0.392971
8 24 0.348243
8 25 0.169329
8 26 0.230032
8 27 0.309904
8 28 0.415335
8 29 0.416933
8 30 0.129393
8 31 0.445687
8 32 0.450479
8 33 0.233227
8 34 0.472843
8 35 0.228435
8 36 0.747604
8 37 0.578275
8 38 0.458466
8 39 0.567093
8 40 0.525559
8 41 0.640575
8 42 0.314696
8 43 0.324281
8 44 0.137380
8 45 0.696486
8 46 0.613419
8 47 0.444089
8 48 0.779553
8 49 0.121406
8 50 0.103834
8 51 0.696486
8 52 0.506390
8 53 0.276358
8 54 0.455272
8 55 0.107029
8 56 0.418530
8 57 0.428115
8 58 0.145367
8 59 0.501597
8 60 0.394569
8 61 0.453674
8 62 0.293930
8 63 0.319489
8 64 0.464856
8 65 0.568690
8 66 0.535144
8 67 0.194888
8 68 0.159744
8 69 0.115016
8 70 0.091054
8 71 0.207668
8 72 0.207668
8 73 0.327476
8 74 0.447284
8 75 0.274760
8 76 0.198083
8 77 0.357827
8 78 0.301917
8 79 0.293930
8 80 0.225240
8 81 0.519169
8 82 0.437700
8 83 0.222045
8 84 0.051118
8 85 0.230032
8 86 0.186901
8 87 0.223642
8 88 0.416933
8 89 0.108626
8 90 0.134185
8 91 0.439297
8 92 0.420128
8 93 0.707668
8 94 0.624601
8 95 0.654952
8 96 0.170927
8 97 0.279553
8 98 0.418530
8 99 0.535144
9 10 0.460064
9 11 0.214058
9 12 0.241214
9 13 0.325879
9 14 0.130990
9 15 0.361022
9 16 0.337061
9 17 0.214058
9 18 0.306709
9 19 0.517572
9 20 0.212460
9 21 0.284345
9 22 0.330671
9 23 0.161342
9 24 0.134185
9 25 0.169329
9 26 0.351438
9 27 0.321086
9 28 0.178914
9 29 0.194888
9 30 0.356230
9 31 0.311502
9 32 0.215655
9 33 0.348243
9 34 0.253994
9 35 0.145367
9 36 0.520767
9 37 0.367412
9 38 0.228435
9 39 0.335463
9 40 0.426518
9 41 0.424920
9 42 0.159744
9 43 0.261981
9 44 0.343450
9 45 0.452077
9 46 0.389776
9 47 0.214058
9 48 0.543131
9 49 0.346645
9 50 0.239617
9 51 0.466454
9 52 0.306709
9 53 0.036741
9 54 0.381789
9 55 0.325879
9 56 0.193291
9 57 0.321086
9 58 0.383387
9 59 0.292332
9 60 0.236422
9 61 0.365815
9 62 0.170927
9 63 0.102236
9 64 0.324281
9 65 0.392971
9 66 0.308307
9 67 0.146965
9 68 0.370607
9 69 0.127796
9 70 0.287540
9 71 0.309904
9 72 0.448882
9 73 0.303514
9 74 0.388179
9 75 0.123003
9 76 0.346645
9 77 0.134185
9 78 0.185304
9 79 0.178914
9 80 0.164537
9 81 0.276358
9 82 0.319489
9 83 0.249201
9 84 0.293930
9 85 0.041534
9 86 0.158147
9 87 0.142173
9 88 0.341853
9 89 0.316294
9 90 0.335463
9 91 0.282748
9 92 0.220447
9 93 0.474441
9 94 0.400958
9 95 0.420128
9 96 0.217252
9 97 0.178914
9 98 0.242812
9 99 0.335463
10 11 0.667732
10 12 0.615016
10 13 0.487220
10 14 0.584665
10 15 0.145367
10 16 0.130990
10 17 0.653355
10 18 0.749201
10 19 0.755591
10 20 0.367412
10 21 0.186901
10 22 0.397764
10 23 0.602236
10 24 0.567093
10 25 0.345048
10 26 0.265176
10 27 0.466454
10 28 0.626198
10 29 0.619808
10 30 0.164537
10 31 0.645367
10 32 0.670927
10 33 0.343450
10 34 0.693291
10 35 0.410543
10 36 0.966454
10 37 0.795527
10 38 0.664537
10 39 0.787540
10 40 0.706070
10 41 0.833866
10 42 0.527157
10 43 0.511182
10 44 0.148562
10 45 0.913738
10 46 0.809904
10 47 0.650160
10 48 0.998403
10 49 0.169329
10 50 0.247604
10 51 0.916933
10 52 0.693291
10 53 0.492013
10 54 0.629393
10 55 0.186901
10 56 0.638978
10 57 0.619808
10 58 0.123003
10 59 0.718850
10 60 0.570288
10 61 0.581470
10 62 0.471246
10 63 0.539936
10 64 0.624601
10 65 0.776358
10 66 0.755591
10 67 0.378594
10 68 0.130990
10 69 0.333866
10 70 0.223642
10 71 0.281150
10 72 0.012780
10 73 0.496805
10 74 0.557508
10 75 0.468051
10 76 0.293930
10 77 0.563898
10 78 0.507987
10 79 0.501597
10 80 0.397764
10 81 0.733227
10 82 0.630990
10 83 0.396166
10 84 0.174121
10 85 0.450479
10 86 0.365815
10 87 0.407348
10 88 0.543131
10 89 0.206070
10 90 0.158147
10 91 0.645367
10 92 0.635783
10 93 0.928115
10 94 0.843450
10 95 0.875399
10 96 0.356230
10 97 0.452077
10 98 0.600639
10 99 0.750799
11 12 0.300319
11 13 0.375399
11 14 0.151757
11 15 0.551118
11 16 0.547923
11 17 0.188498
11 18 0.094249
11 19 0.592652
11 20 0.346645
11 21 0.498403
11 22 0.431310
11 23 0.178914
11 24 0.103834
11 25 0.378594
11 26 0.562300
11 27 0.383387
11 28 0.159744
11 29 0.210863
11 30 0.541534
11 31 0.230032
11 32 0.015974
11 33 0.472843
11 34 0.055911
11 35 0.338658
11 36 0.305112
11 37 0.164537
11 38 0.202875
11 39 0.121406
11 40 0.348243
11 41 0.365815
11 42 0.175719
11 43 0.292332
11 44 0.557508
11 45 0.269968
11 46 0.324281
11 47 0.196486
11 48 0.330671
11 49 0.531949
11 50 0.455272
11 51 0.250799
11 52 0.317891
11 53 0.196486
11 54 0.345048
11 55 0.511182
11 56 0.031949
11 57 0.269968
11 58 0.575080
11 59 0.103834
11 60 0.335463
11 61 0.488818
11 62 0.330671
11 63 0.127796
11 64 0.408946
11 65 0.228435
11 66 0.092652
11 67 0.351438
11 68 0.584665
11 69 0.333866
11 70 0.469649
11 71 0.520767
11 72 0.654952
11 73 0.346645
11 74 0.527157
11 75 0.289137
11 76 0.490415
11 77 0.201278
11 78 0.217252
11 79 0.218850
11 80 0.361022
11 81 0.148562
11 82 0.255591
11 83 0.357827
11 84 0.493610
11 85 0.215655
11 86 0.364217
11 87 0.337061
11 88 0.479233
11 89 0.496805
11 90 0.549521
11 91 0.186901
11 92 0.092652
11 93 0.260383
11 94 0.186901
11 95 0.207668
11 96 0.356230
11 97 0.348243
11 98 0.314696
11 99 0.150160
12 13 0.563898
12 14 0.158147
12 15 0.557508
12 16 0.482428
12 17 0.119808
12 18 0.381789
12 19 0.297125
12 20 0.453674
12 21 0.426518
12 22 0.573482
12 23 0.123003
12 24 0.305112
12 25 0.268371
12 26 0.404153
12 27 0.560703
12 28 0.140575
12 29 0.087859
12 30 0.557508
12 31 0.501597
12 32 0.287540
12 33 0.586262
12 34 0.356230
12 35 0.204473
12 36 0.539936
12 37 0.455272
12 38 0.113419
12 39 0.376997
12 40 0.624601
12 41 0.218850
12 42 0.373802
12 43 0.493610
12 44 0.468051
12 45 0.384984
12 46 0.201278
12 47 0.110224
12 48 0.527157
12 49 0.547923
12 50 0.365815
12 51 0.482428
12 52 0.078275
12 53 0.209265
12 54 0.597444
12 55 0.531949
12 56 0.306709
12 57 0.527157
12 58 0.573482
12 59 0.404153
12 60 0.057508
12 61 0.198083
12 62 0.142173
12 63 0.285942
12 64 0.108626
12 65 0.528754
12 66 0.370607
12 67 0.238019
12 68 0.493610
12 69 0.335463
12 70 0.501597
12 71 0.365815
12 72 0.605431
12 73 0.541534
12 74 0.242812
12 75 0.153355
12 76 0.578275
12 77 0.118211
12 78 0.410543
12 79 0.405751
12 80 0.215655
12 81 0.218850
12 82 0.519169
12 83 0.492013
12 84 0.479233
12 85 0.282748
12 86 0.249201
12 87 0.207668
12 88 0.199681
12 89 0.527157
12 90 0.460064
12 91 0.463259
12 92 0.370607
12 93 0.476038
12 94 0.453674
12 95 0.424920
12 96 0.456869
12 97 0.162939
12 98 0.020767
12 99 0.450479
13 14 0.423323
13 15 0.341853
13 16 0.429712
13 17 0.504792
13 18 0.404153
13 19 0.843450
13 20 0.153355
13 21 0.413738
13 22 0.095847
13 23 0.461661
13 24 0.289137
13 25 0.421725
13 26 0.552716
13 27 0.020767
13 28 0.464856
13 29 0.500000
13 30 0.322684
13 31 0.204473
13 32 0.389776
13 33 0.156550
13 34 0.357827
13 35 0.440895
13 36 0.592652
13 37 0.412141
13 38 0.520767
13 39 0.456869
13 40 0.222045
13 41 0.715655
13 42 0.206070
13 43 0.083067
13 44 0.463259
13 45 0.637380
13 46 0.675719
13 47 0.509585
13 48 0.650160
13 49 0.316294
13 50 0.416933
13 51 0.559105
13 52 0.621406
13 53 0.354633
13 54 0.143770
13 55 0.300319
13 56 0.343450
13 57 0.159744
13 58 0.364217
13 59 0.351438
13 60 0.562300
13 61 0.683706
13 62 0.487220
13 63 0.290735
13 64 0.650160
13 65 0.343450
13 66 0.420128
13 67 0.421725
13 68 0.484026
13 69 0.297125
13 70 0.269968
13 71 0.523962
13 72 0.476038
13 73 0.028754
13 74 0.699681
13 75 0.444089
13 76 0.201278
13 77 0.447284
13 78 0.162939
13 79 0.164537
13 80 0.453674
13 81 0.514377
13 82 0.178914
13 83 0.107029
13 84 0.340256
13 85 0.282748
13 86 0.426518
13 87 0.436102
13 88 0.654952
13 89 0.282748
13 90 0.461661
13 91 0.230032
13 92 0.289137
13 93 0.581470
13 94 0.476038
13 95 0.543131
13 96 0.159744
13 97 0.488818
13 98 0.567093
13 99 0.359425
14 15 0.493610
14 16 0.455272
14 17 0.084665
14 18 0.244409
14 19 0.455272
14 20 0.337061
14 21 0.400958
14 22 0.448882
14 23 0.038339
14 24 0.146965
14 25 0.257188
14 26 0.434505
14 27 0.423323
14 28 0.046326
14 29 0.078275
14 30 0.487220
14 31 0.343450
14 32 0.143770
14 33 0.472843
14 34 0.207668
14 35 0.204473
14 36 0.436102
14 37 0.316294
14 38 0.100639
14 39 0.255591
14 40 0.466454
14 41 0.298722
14 42 0.222045
14 43 0.346645
14 44 0.455272
14 45 0.332268
14 46 0.261981
14 47 0.086262
14 48 0.442492
14 49 0.477636
14 50 0.346645
14 51 0.378594
14 52 0.199681
14 53 0.095847
14 54 0.440895
14 55 0.458466
14 56 0.151757
14 57 0.370607
14 58 0.514377
14 59 0.255591
14 60 0.183706
14 61 0.337061
14 62 0.182109
14 63 0.134185
14 64 0.261981
14 65 0.376997
14 66 0.238019
14 67 0.225240
14 68 0.482428
14 69 0.258786
14 70 0.420128
14 71 0.391374
14 72 0.571885
14 73 0.397764
14 74 0.373802
14 75 0.145367
14 76 0.474441
14 77 0.047923
14 78 0.261981
14 79 0.258786
14 80 0.225240
14 81 0.148562
14 82 0.361022
14 83 0.365815
14 84 0.423323
14 85 0.162939
14 86 0.239617
14 87 0.204473
14 88 0.325879
14 89 0.448882
14 90 0.447284
14 91 0.305112
14 92 0.214058
14 93 0.380192
14 94 0.330671
14 95 0.324281
14 96 0.343450
14 97 0.201278
14 98 0.169329
14 99 0.301917
15 16 0.132588
15 17 0.570288
15 18 0.626198
15 19 0.750799
15 20 0.228435
15 21 0.161342
15 22 0.252396
15 23 0.517572
15 24 0.448882
15 25 0.295527
15 26 0.301917
15 27 0.319489
15 28 0.538339
15 29 0.543131
15 30 0.019169
15 31 0.504792
15 32 0.557508
15 33 0.199681
15 34 0.570288
15 35 0.356230
15 36 0.843450
15 37 0.667732
15 38 0.583067
15 39 0.669329
15 40 0.560703
15 41 0.768371
15 42 0.397764
15 43 0.367412
15 44 0.172524
15 45 0.809904
15 46 0.739617
15 47 0.568690
15 48 0.881789
15 49 0.023962
15 50 0.212460
15 51 0.795527
15 52 0.634185
15 53 0.396166
15 54 0.482428
15 55 0.043131
15 56 0.520767
15 57 0.476038
15 58 0.023962
15 59 0.591054
15 60 0.522364
15 61 0.571885
15 62 0.421725
15 63 0.423323
15 64 0.591054
15 65 0.638978
15 66 0.634185
15 67 0.322684
15 68 0.178914
15 69 0.233227
15 70 0.084665
15 71 0.295527
15 72 0.132588
15 73 0.351438
15 74 0.560703
15 75 0.404153
15 76 0.150160
15 77 0.482428
15 78 0.373802
15 79 0.367412
15 80 0.351438
15 81 0.637380
15 82 0.488818
15 83 0.252396
15 84 0.078275
15 85 0.341853
15 86 0.314696
15 87 0.351438
15 88 0.533546
15 89 0.060703
15 90 0.177316
15 91 0.507987
15 92 0.509585
15 93 0.809904
15 94 0.718850
15 95 0.758786
15 96 0.217252
15 97 0.407348
15 98 0.547923
15 99 0.619808
16 17 0.522364
16 18 0.634185
16 19 0.638978
16 20 0.287540
16 21 0.055911
16 22 0.354633
16 23 0.471246
16 24 0.453674
16 25 0.214058
16 26 0.169329
16 27 0.410543
16 28 0.496805
16 29 0.488818
16 30 0.146965
16 31 0.557508
16 32 0.551118
16 33 0.311502
16 34 0.579872
16 35 0.277955
16 36 0.853035
16 37 0.686901
16 38 0.533546
16 39 0.669329
16 40 0.634185
16 41 0.702875
16 42 0.424920
16 43 0.432907
16 44 0.039936
16 45 0.787540
16 46 0.678914
16 47 0.519169
16 48 0.880192
16 49 0.146965
16 50 0.116613
16 51 0.800319
16 52 0.560703
16 53 0.365815
16 54 0.562300
16 55 0.150160
16 56 0.522364
16 57 0.538339
16 58 0.130990
16 59 0.608626
16 60 0.439297
16 61 0.461661
16 62 0.340256
16 63 0.423323
16 64 0.496805
16 65 0.680511
16 66 0.638978
16 67 0.246006
16 68 0.052716
16 69 0.215655
16 70 0.164537
16 71 0.169329
16 72 0.121406
16 73 0.432907
16 74 0.444089
16 75 0.337061
16 76 0.266773
16 77 0.432907
16 78 0.413738
16 79 0.405751
16 80 0.266773
16 81 0.605431
16 82 0.547923
16 83 0.327476
16 84 0.091054
16 85 0.332268
16 86 0.234824
16 87 0.274760
16 88 0.423323
16 89 0.162939
16 90 0.043131
16 91 0.551118
16 92 0.528754
16 93 0.809904
16 94 0.730032
16 95 0.757188
16 96 0.277955
16 97 0.321086
16 98 0.469649
16 99 0.645367
17 18 0.263578
17 19 0.405751
17 20 0.421725
17 21 0.466454
17 22 0.531949
17 23 0.052716
17 24 0.220447
17 25 0.314696
17 26 0.479233
17 27 0.506390
17 28 0.039936
17 29 0.039936
17 30 0.565495
17 31 0.407348
17 32 0.174121
17 33 0.557508
17 34 0.242812
17 35 0.253994
17 36 0.421725
17 37 0.335463
17 38 0.015974
17 39 0.257188
17 40 0.528754
17 41 0.214058
17 42 0.300319
17 43 0.426518
17 44 0.517572
17 45 0.282748
17 46 0.177316
17 47 0.009585
17 48 0.413738
17 49 0.557508
17 50 0.408946
17 51 0.364217
17 52 0.130990
17 53 0.177316
17 54 0.512780
17 55 0.538339
17 56 0.201278
17 57 0.439297
17 58 0.591054
17 59 0.290735
17 60 0.167732
17 61 0.317891
17 62 0.210863
17 63 0.212460
17 64 0.226837
17 65 0.416933
17 66 0.250799
17 67 0.281150
17 68 0.544728
17 69 0.337061
17 70 0.501597
17 71 0.437700
17 72 0.642173
17 73 0.477636
17 74 0.362620
17 75 0.191693
17 76 0.559105
17 77 0.087859
17 78 0.341853
17 79 0.338658
17 80 0.271565
17 81 0.103834
17 82 0.428115
17 83 0.450479
17 84 0.498403
17 85 0.247604
17 86 0.293930
17 87 0.255591
17 88 0.316294
17 89 0.528754
17 90 0.509585
17 91 0.365815
17 92 0.269968
17 93 0.359425
17 94 0.333866
17 95 0.306709
17 96 0.428115
17 97 0.233227
17 98 0.138978
17 99 0.335463
18 19 0.667732
18 20 0.408946
18 21 0.586262
18 22 0.476038
18 23 0.265176
18 24 0.180511
18 25 0.472843
18 26 0.656550
18 27 0.418530
18 28 0.241214
18 29 0.293930
18 30 0.615016
18 31 0.222045
18 32 0.100639
18 33 0.523962
18 34 0.055911
18 35 0.434505
18 36 0.217252
18 37 0.073482
18 38 0.274760
18 39 0.051118
18 40 0.321086
18 41 0.405751
18 42 0.231629
18 43 0.324281
18 44 0.645367
18 45 0.238019
18 46 0.364217
18 47 0.273163
18 48 0.255591
18 49 0.605431
18 50 0.544728
18 51 0.169329
18 52 0.386581
18 53 0.289137
18 54 0.340256
18 55 0.584665
18 56 0.111821
18 57 0.269968
18 58 0.651757
18 59 0.055911
18 60 0.421725
18 61 0.575080
18 62 0.423323
18 63 0.210863
18 64 0.490415
18 65 0.164537
18 66 0.017572
18 67 0.445687
18 68 0.674121
18 69 0.418530
18 70 0.541534
18 71 0.613419
18 72 0.736422
18 73 0.375399
18 74 0.615016
18 75 0.383387
18 76 0.549521
18 77 0.292332
18 78 0.266773
18 79 0.271565
18 80 0.455272
18 81 0.190096
18 82 0.252396
18 83 0.412141
18 84 0.575080
18 85 0.301917
18 86 0.458466
18 87 0.431310
18 88 0.568690
18 89 0.568690
18 90 0.638978
18 91 0.183706
18 92 0.121406
18 93 0.183706
18 94 0.095847
18 95 0.138978
18 96 0.420128
18 97 0.442492
18 98 0.397764
18 99 0.083067
19 20 0.714058
19 21 0.592652
19 22 0.835463
19 23 0.418530
19 24 0.600639
19 25 0.463259
19 26 0.493610
19 27 0.837061
19 28 0.434505
19 29 0.381789
19 30 0.757188
19 31 0.798722
19 32 0.578275
19 33 0.835463
19 34 0.648562
19 35 0.416933
19 36 0.790735
19 37 0.739617
19 38 0.391374
19 39 0.653355
19 40 0.920128
19 41 0.332268
19 42 0.666134
19 43 0.779553
19 44 0.608626
19 45 0.599042
19 46 0.356230
19 47 0.396166
19 48 0.757188
19 49 0.750799
19 50 0.536741
19 51 0.736422
19 52 0.279553
19 53 0.492013
19 54 0.891374
19 55 0.739617
19 56 0.602236
19 57 0.822684
19 58 0.760383
19 59 0.696486
19 60 0.281150
19 61 0.178914
19 62 0.359425
19 63 0.579872
19 64 0.194888
19 65 0.822684
19 66 0.653355
19 67 0.445687
19 68 0.624601
19 69 0.573482
19 70 0.718850
19 71 0.474441
19 72 0.749201
19 73 0.822684
19 74 0.198083
19 75 0.399361
19 76 0.814696
19 77 0.413738
19 78 0.698083
19 79 0.693291
19 80 0.412141
19 81 0.484026
19 82 0.814696
19 83 0.758786
19 84 0.674121
19 85 0.560703
19 86 0.448882
19 87 0.421725
19 88 0.215655
19 89 0.739617
19 90 0.600639
19 91 0.760383
19 92 0.667732
19 93 0.723642
19 94 0.726837
19 95 0.680511
19 96 0.714058
19 97 0.362620
19 98 0.285942
19 99 0.741214
20 21 0.263578
20 22 0.121406
20 23 0.370607
20 24 0.244409
20 25 0.273163
20 26 0.399361
20 27 0.137380
20 28 0.383387
20 29 0.405751
20 30 0.212460
20 31 0.277955
20 32 0.356230
20 33 0.135783
20 34 0.354633
20 35 0.300319
20 36 0.621406
20 37 0.442492
20 38 0.437700
20 39 0.455272
20 40 0.345048
20 41 0.634185
20 42 0.177316
20 43 0.145367
20 44 0.317891
20 45 0.616613
20 46 0.599042
20 47 0.423323
20 48 0.666134
20 49 0.204473
20 50 0.263578
20 51 0.578275
20 52 0.520767
20 53 0.249201
20 54 0.274760
20 55 0.183706
20 56 0.314696
20 57 0.252396
20 58 0.253994
20 59 0.369010
20 60 0.440895
20 61 0.546326
20 62 0.354633
20 63 0.226837
20 64 0.525559
20 65 0.410543
20 66 0.420128
20 67 0.277955
20 68 0.340256
20 69 0.146965
20 70 0.143770
20 71 0.370607
20 72 0.354633
20 73 0.146965
20 74 0.555911
20 75 0.314696
20 76 0.143770
20 77 0.346645
20 78 0.145367
20 79 0.140575
20 80 0.309904
20 81 0.461661
20 82 0.263578
20 83 0.047923
20 84 0.201278
20 85 0.174121
20 86 0.279553
20 87 0.295527
20 88 0.515974
20 89 0.166134
20 90 0.314696
20 91 0.279553
20 92 0.289137
20 93 0.594249
20 94 0.498403
20 95 0.546326
20 96 0.011182
20 97 0.351438
20 98 0.452077
20 99 0.392971
21 22 0.346645
21 23 0.416933
21 24 0.405751
21 25 0.158147
21 26 0.148562
21 27 0.396166
21 28 0.440895
21 29 0.432907
21 30 0.172524
21 31 0.523962
21 32 0.501597
21 33 0.313099
21 34 0.531949
21 35 0.222045
21 36 0.803514
21 37 0.642173
21 38 0.477636
21 39 0.619808
21 40 0.608626
21 41 0.645367
21 42 0.384984
21 43 0.407348
21 44 0.059105
21 45 0.733227
21 46 0.623003
21 47 0.463259
21 48 0.829073
21 49 0.167732
21 50 0.060703
21 51 0.750799
21 52 0.504792
21 53 0.311502
21 54 0.538339
21 55 0.162939
21 56 0.474441
21 57 0.507987
21 58 0.167732
21 59 0.563898
21 60 0.383387
21 61 0.413738
21 62 0.284345
21 63 0.375399
21 64 0.444089
21 65 0.640575
21 66 0.591054
21 67 0.190096
21 68 0.086262
21 69 0.169329
21 70 0.164537
21 71 0.135783
21 72 0.177316
21 73 0.412141
21 74 0.399361
21 75 0.279553
21 76 0.273163
21 77 0.376997
21 78 0.376997
21 79 0.369010
21 80 0.210863
21 81 0.551118
21 82 0.515974
21 83 0.308307
21 84 0.094249
21 85 0.284345
21 86 0.178914
21 87 0.218850
21 88 0.375399
21 89 0.172524
21 90 0.052716
21 91 0.512780
21 92 0.484026
21 93 0.760383
21 94 0.682109
21 95 0.706070
21 96 0.255591
21 97 0.266773
21 98 0.413738
21 99 0.602236
22 23 0.484026
22 24 0.335463
22 25 0.388179
22 26 0.493610
22 27 0.075080
22 28 0.493610
22 29 0.520767
22 30 0.233227
22 31 0.293930
22 32 0.444089
22 33 0.059105
22 34 0.424920
22 35 0.420128
22 36 0.675719
22 37 0.493610
22 38 0.549521
22 39 0.527157
22 40 0.317891
22 41 0.746006
22 42 0.253994
22 43 0.156550
22 44 0.389776
22 45 0.699681
22 46 0.709265
22 47 0.535144
22 48 0.730032
22 49 0.228435
22 50 0.361022
22 51 0.638978
22 52 0.638978
22 53 0.365815
22 54 0.239617
22 55 0.214058
22 56 0.397764
22 57 0.253994
22 58 0.273163
22 59 0.426518
22 60 0.562300
22 61 0.666134
22 62 0.476038
22 63 0.327476
22 64 0.646965
22 65 0.434505
22 66 0.490415
22 67 0.396166
22 68 0.407348
22 69 0.265176
22 70 0.188498
22 71 0.469649
22 72 0.384984
22 73 0.116613
22 74 0.675719
22 75 0.436102
22 76 0.105431
22 77 0.463259
22 78 0.212460
22 79 0.210863
22 80 0.429712
22 81 0.560703
22 82 0.269968
22 83 0.081470
22 84 0.263578
22 85 0.290735
22 86 0.396166
22 87 0.415335
22 88 0.635783
22 89 0.196486
22 90 0.389776
22 91 0.313099
22 92 0.354633
22 93 0.658147
22 94 0.555911
22 95 0.616613
22 96 0.119808
22 97 0.472843
22 98 0.571885
22 99 0.440895
23 24 0.185304
23 25 0.265176
23 26 0.436102
23 27 0.461661
23 28 0.027157
23 29 0.039936
23 30 0.512780
23 31 0.380192
23 32 0.167732
23 33 0.506390
23 34 0.234824
23 35 0.207668
23 36 0.445687
23 37 0.338658
23 38 0.067093
23 39 0.269968
23 40 0.503195
23 41 0.263578
23 42 0.260383
23 43 0.384984
23 44 0.468051
23 45 0.324281
23 46 0.228435
23 47 0.052716
23 48 0.445687
23 49 0.504792
23 50 0.359425
23 51 0.386581
23 52 0.161342
23 53 0.124601
23 54 0.479233
23 55 0.484026
23 56 0.183706
23 57 0.407348
23 58 0.538339
23 59 0.282748
23 60 0.156550
23 61 0.309904
23 62 0.172524
23 63 0.172524
23 64 0.230032
23 65 0.407348
23 66 0.257188
23 67 0.233227
23 68 0.495208
23 69 0.282748
23 70 0.448882
23 71 0.394569
23 72 0.591054
23 73 0.436102
23 74 0.349840
23 75 0.146965
23 76 0.507987
23 77 0.038339
23 78 0.300319
23 79 0.297125
23 80 0.226837
23 81 0.140575
23 82 0.399361
23 83 0.402556
23 84 0.445687
23 85 0.196486
23 86 0.246006
23 87 0.209265
23 88 0.301917
23 89 0.476038
23 90 0.460064
23 91 0.340256
23 92 0.247604
23 93 0.386581
23 94 0.346645
23 95 0.332268
23 96 0.376997
23 97 0.194888
23 98 0.135783
23 99 0.329073
24 25 0.303514
24 26 0.485623
24 27 0.293930
24 28 0.180511
24 29 0.225240
24 30 0.437700
24 31 0.198083
24 32 0.111821
24 33 0.372204
24 34 0.124601
24 35 0.277955
24 36 0.399361
24 37 0.234824
24 38 0.236422
24 39 0.218850
24 40 0.319489
24 41 0.426518
24 42 0.083067
24 43 0.209265
24 44 0.464856
24 45 0.372204
24 46 0.386581
24 47 0.226837
24 48 0.432907
24 49 0.428115
24 50 0.367412
24 51 0.348243
24 52 0.346645
24 53 0.130990
24 54 0.293930
24 55 0.407348
24 56 0.071885
24 57 0.222045
24 58 0.472843
24 59 0.158147
24 60 0.322684
24 61 0.469649
24 62 0.287540
24 63 0.031949
24 64 0.407348
24 65 0.258786
24 66 0.186901
24 67 0.281150
24 68 0.493610
24 69 0.238019
24 70 0.365815
24 71 0.444089
24 72 0.554313
24 73 0.261981
24 74 0.501597
24 75 0.239617
24 76 0.388179
24 77 0.186901
24 78 0.126198
24 79 0.126198
24 80 0.298722
24 81 0.226837
24 82 0.214058
24 83 0.258786
24 84 0.392971
24 85 0.121406
24 86 0.293930
24 87 0.274760
24 88 0.452077
24 89 0.392971
24 90 0.458466
24 91 0.161342
24 92 0.086262
24 93 0.361022
24 94 0.276358
24 95 0.309904
24 96 0.253994
24 97 0.300319
24 98 0.313099
24 99 0.199681
25 26 0.183706
25 27 0.408946
25 28 0.292332
25 29 0.277955
25 30 0.298722
25 31 0.466454
25 32 0.376997
25 33 0.376997
25 34 0.421725
25 35 0.063898
25 36 0.683706
25 37 0.536741
25 38 0.322684
25 39 0.498403
25 40 0.571885
25 41 0.487220
25 42 0.314696
25 43 0.383387
25 44 0.202875
25 45 0.589457
25 46 0.464856
25 47 0.309904
25 48 0.698083
25 49 0.290735
25 50 0.097444
25 51 0.627796
25 52 0.348243
25 53 0.182109
25 54 0.515974
25 55 0.277955
25 56 0.361022
25 57 0.466454
25 58 0.309904
25 59 0.461661
25 60 0.228435
25 61 0.285942
25 62 0.127796
25 63 0.271565
25 64 0.295527
25 65 0.559105
25 66 0.472843
25 67 0.031949
25 68 0.230032
25 69 0.124601
25 70 0.255591
25 71 0.140575
25 72 0.335463
25 73 0.408946
25 74 0.287540
25 75 0.123003
25 76 0.353035
25 77 0.226837
25 78 0.324281
25 79 0.316294
25 80 0.055911
25 81 0.404153
25 82 0.468051
25 83 0.321086
25 84 0.217252
25 85 0.190096
25 86 0.020767
25 87 0.060703
25 88 0.250799
25 89 0.276358
25 90 0.194888
25 91 0.444089
25 92 0.389776
25 93 0.632588
25 94 0.567093
25 95 0.576677
25 96 0.269968
25 97 0.111821
25 98 0.257188
25 99 0.504792
26 27 0.536741
26 28 0.464856
26 29 0.439297
26 30 0.314696
26 31 0.637380
26 32 0.560703
26 33 0.461661
26 34 0.605431
26 35 0.230032
26 36 0.865815
26 37 0.720447
26 38 0.484026
26 39 0.680511
26 40 0.733227
26 41 0.619808
26 42 0.487220
26 43 0.535144
26 44 0.129393
26 45 0.761981
26 46 0.605431
26 47 0.472843
26 48 0.878594
26 49 0.313099
26 50 0.137380
26 51 0.809904
26 52 0.477636
26 53 0.365815
26 54 0.667732
26 55 0.311502
26 56 0.544728
26 57 0.629393
26 58 0.300319
26 59 0.645367
26 60 0.349840
26 61 0.322684
26 62 0.269968
26 63 0.453674
26 64 0.383387
26 65 0.739617
26 66 0.656550
26 67 0.210863
26 68 0.137380
26 69 0.273163
26 70 0.314696
26 71 0.041534
26 72 0.260383
26 73 0.547923
26 74 0.295527
26 75 0.289137
26 76 0.423323
26 77 0.397764
26 78 0.490415
26 79 0.482428
26 80 0.209265
26 81 0.576677
26 82 0.634185
26 83 0.445687
26 84 0.242812
26 85 0.367412
26 86 0.198083
26 87 0.230032
26 88 0.285942
26 89 0.321086
26 90 0.124601
26 91 0.618211
26 92 0.570288
26 93 0.813099
26 94 0.750799
26 95 0.758786
26 96 0.392971
26 97 0.246006
26 98 0.386581
26 99 0.686901
27 28 0.466454
27 29 0.500000
27 30 0.301917
27 31 0.223642
27 32 0.397764
27 33 0.134185
27 34 0.369010
27 35 0.431310
27 36 0.608626
27 37 0.428115
27 38 0.523962
27 39 0.468051
27 40 0.244409
27 41 0.718850
27 42 0.210863
27 43 0.092652
27 44 0.444089
27 45 0.648562
27 46 0.678914
27 47 0.509585
27 48 0.666134
27 49 0.295527
27 50 0.400958
27 51 0.575080
27 52 0.621406
27 53 0.351438
27 54 0.166134
27 55 0.279553
27 56 0.351438
27 57 0.180511
27 58 0.343450
27 59 0.365815
27 60 0.557508
27 61 0.675719
27 62 0.480831
27 63 0.293930
27 64 0.645367
27 65 0.362620
27 66 0.432907
27 67 0.412141
27 68 0.463259
27 69 0.284345
27 70 0.249201
27 71 0.507987
27 72 0.453674
27 73 0.043131
27 74 0.690096
27 75 0.437700
27 76 0.178914
27 77 0.445687
27 78 0.167732
27 79 0.167732
27 80 0.444089
27 81 0.520767
27 82 0.198083
27 83 0.089457
27 84 0.319489
27 85 0.277955
27 86 0.415335
27 87 0.426518
27 88 0.646965
27 89 0.260383
27 90 0.442492
27 91 0.246006
27 92 0.300319
27 93 0.595847
27 94 0.492013
27 95 0.555911
27 96 0.143770
27 97 0.480831
27 98 0.563898
27 99 0.375399
28 29 0.051118
28 30 0.533546
28 31 0.370607
28 32 0.146965
28 33 0.519169
28 34 0.215655
28 35 0.236422
28 36 0.416933
28 37 0.316294
28 38 0.055911
28 39 0.244409
28 40 0.493610
28 41 0.252396
28 42 0.260383
28 43 0.386581
28 44 0.493610
28 45 0.297125
28 46 0.215655
28 47 0.044728
28 48 0.416933
28 49 0.523962
28 50 0.386581
28 51 0.359425
28 52 0.166134
28 53 0.142173
28 54 0.474441
28 55 0.504792
28 56 0.169329
28 57 0.400958
28 58 0.559105
28 59 0.263578
28 60 0.178914
28 61 0.332268
28 62 0.201278
28 63 0.172524
28 64 0.249201
28 65 0.388179
28 66 0.233227
28 67 0.260383
28 68 0.522364
28 69 0.303514
28 70 0.466454
28 71 0.423323
28 72 0.615016
28 73 0.437700
28 74 0.373802
28 75 0.174121
28 76 0.522364
28 77 0.067093
28 78 0.301917
28 79 0.298722
28 80 0.255591
28 81 0.111821
28 82 0.391374
28 83 0.412141
28 84 0.468051
28 85 0.209265
28 86 0.273163
28 87 0.236422
28 88 0.327476
28 89 0.495208
28 90 0.485623
28 91 0.330671
28 92 0.236422
28 93 0.357827
28 94 0.321086
28 95 0.303514
28 96 0.389776
28 97 0.223642
28 98 0.154952
28 99 0.309904
29 30 0.539936
29 31 0.420128
29 32 0.198083
29 33 0.541534
29 34 0.268371
29 35 0.215655
29 36 0.461661
29 37 0.367412
29 38 0.044728
29 39 0.292332
29 40 0.541534
29 41 0.230032
29 42 0.301917
29 43 0.424920
29 44 0.482428
29 45 0.322684
29 46 0.196486
29 47 0.031949
29 48 0.455272
29 49 0.530351
29 50 0.375399
29 51 0.402556
29 52 0.121406
29 53 0.158147
29 54 0.519169
29 55 0.512780
29 56 0.220447
29 57 0.447284
29 58 0.562300
29 59 0.316294
29 60 0.130990
29 61 0.282748
29 62 0.170927
29 63 0.212460
29 64 0.196486
29 65 0.440895
29 66 0.282748
29 67 0.244409
29 68 0.509585
29 69 0.309904
29 70 0.477636
29 71 0.397764
29 72 0.608626
29 73 0.476038
29 74 0.325879
29 75 0.154952
29 76 0.541534
29 77 0.060703
29 78 0.340256
29 79 0.337061
29 80 0.233227
29 81 0.143770
29 82 0.439297
29 83 0.439297
29 84 0.469649
29 85 0.231629
29 86 0.257188
29 87 0.217252
29 88 0.279553
29 89 0.504792
29 90 0.472843
29 91 0.380192
29 92 0.285942
29 93 0.399361
29 94 0.369010
29 95 0.346645
29 96 0.412141
29 97 0.193291
29 98 0.103834
29 99 0.362620
30 31 0.488818
30 32 0.547923
30 33 0.180511
30 34 0.557508
30 35 0.357827
30 36 0.830671
30 37 0.653355
30 38 0.579872
30 39 0.658147
30 40 0.541534
30 41 0.766773
30 42 0.384984
30 43 0.349840
30 44 0.188498
30 45 0.801917
30 46 0.736422
30 47 0.565495
30 48 0.870607
30 49 0.007987
30 50 0.218850
30 51 0.784345
30 52 0.634185
30 53 0.391374
30 54 0.464856
30 55 0.030351
30 56 0.511182
30 57 0.458466
30 58 0.041534
30 59 0.578275
30 60 0.523962
30 61 0.578275
30 62 0.423323
30 63 0.413738
30 64 0.594249
30 65 0.623003
30 66 0.623003
30 67 0.324281
30 68 0.194888
30 69 0.228435
30 70 0.071885
30 71 0.306709
30 72 0.151757
30 73 0.332268
30 74 0.568690
30 75 0.402556
30 76 0.130990
30 77 0.479233
30 78 0.359425
30 79 0.353035
30 80 0.353035
30 81 0.630990
30 82 0.472843
30 83 0.234824
30 84 0.081470
30 85 0.333866
30 86 0.316294
30 87 0.353035
30 88 0.539936
30 89 0.046326
30 90 0.191693
30 91 0.492013
30 92 0.496805
30 93 0.798722
30 94 0.706070
30 95 0.747604
30 96 0.201278
30 97 0.408946
30 98 0.547923
30 99 0.605431
31 32 0.246006
31 33 0.351438
31 34 0.190096
31 35 0.456869
31 36 0.388179
31 37 0.212460
31 38 0.423323
31 39 0.273163
31 40 0.121406
31 41 0.597444
31 42 0.151757
31 43 0.140575
31 44 0.581470
31 45 0.460064
31 46 0.554313
31 47 0.413738
31 48 0.450479
31 49 0.480831
31 50 0.503195
31 51 0.361022
31 52 0.536741
31 53 0.321086
31 54 0.118211
31 55 0.460064
31 56 0.207668
31 57 0.047923
31 58 0.530351
31 59 0.166134
31 60 0.520767
31 61 0.667732
31 62 0.479233
31 63 0.222045
31 64 0.605431
31 65 0.138978
31 66 0.239617
31 67 0.452077
31 68 0.607029
31 69 0.364217
31 70 0.421725
31 71 0.599042
31 72 0.632588
31 73 0.178914
31 74 0.696486
31 75 0.431310
31 76 0.389776
31 77 0.384984
31 78 0.146965
31 79 0.154952
31 80 0.476038
31 81 0.378594
31 82 0.030351
31 83 0.255591
31 84 0.477636
31 85 0.279553
31 86 0.461661
31 87 0.452077
31 88 0.648562
31 89 0.442492
31 90 0.576677
31 91 0.041534
31 92 0.137380
31 93 0.383387
31 94 0.276358
31 95 0.351438
31 96 0.289137
31 97 0.490415
31 98 0.511182
31 99 0.159744
32 33 0.484026
32 34 0.068690
32 35 0.335463
32 36 0.305112
32 37 0.172524
32 38 0.186901
32 39 0.119808
32 40 0.364217
32 41 0.349840
32 42 0.188498
32 43 0.306709
32 44 0.559105
32 45 0.258786
32 46 0.308307
32 47 0.182109
32 48 0.327476
32 49 0.538339
32 50 0.455272
32 51 0.250799
32 52 0.303514
32 53 0.194888
32 54 0.361022
32 55 0.517572
32 56 0.046326
32 57 0.285942
32 58 0.581470
32 59 0.116613
32 60 0.324281
32 61 0.477636
32 62 0.322684
32 63 0.134185
32 64 0.396166
32 65 0.242812
32 66 0.095847
32 67 0.349840
32 68 0.587859
32 69 0.337061
32 70 0.476038
32 71 0.517572
32 72 0.658147
32 73 0.361022
32 74 0.517572
32 75 0.282748
32 76 0.501597
32 77 0.191693
32 78 0.231629
32 79 0.231629
32 80 0.356230
32 81 0.132588
32 82 0.271565
32 83 0.369010
32 84 0.500000
32 85 0.218850
32 86 0.362620
32 87 0.333866
32 88 0.469649
32 89 0.503195
32 90 0.551118
32 91 0.204473
32 92 0.110224
32 93 0.258786
32 94 0.190096
32 95 0.204473
32 96 0.365815
32 97 0.341853
32 98 0.301917
32 99 0.162939
33 34 0.471246
33 35 0.418530
33 36 0.726837
33 37 0.546326
33 38 0.573482
33 39 0.573482
33 40 0.378594
33 41 0.769968
33 42 0.295527
33 43 0.210863
33 44 0.349840
33 45 0.742812
33 46 0.734824
33 47 0.559105
33 48 0.779553
33 49 0.175719
33 50 0.337061
33 51 0.688498
33 52 0.654952
33 53 0.383387
33 54 0.300319
33 55 0.164537
33 56 0.439297
33 57 0.311502
33 58 0.220447
33 59 0.477636
33 60 0.568690
33 61 0.662939
33 62 0.477636
33 63 0.359425
33 64 0.651757
33 65 0.492013
33 66 0.536741
33 67 0.389776
33 68 0.364217
33 69 0.260383
33 70 0.148562
33 71 0.442492
33 72 0.332268
33 73 0.175719
33 74 0.666134
33 75 0.442492
33 76 0.049521
33 77 0.482428
33 78 0.257188
33 79 0.253994
33 80 0.423323
33 81 0.594249
33 82 0.329073
33 83 0.113419
33 84 0.223642
33 85 0.309904
33 86 0.388179
33 87 0.412141
33 88 0.629393
33 89 0.148562
33 90 0.351438
33 91 0.367412
33 92 0.402556
33 93 0.707668
33 94 0.607029
33 95 0.662939
33 96 0.129393
33 97 0.471246
33 98 0.583067
33 99 0.493610
34 35 0.386581
34 36 0.273163
34 37 0.113419
34 38 0.257188
34 39 0.100639
34 40 0.301917
34 41 0.412141
34 42 0.177316
34 43 0.276358
34 44 0.591054
34 45 0.279553
34 46 0.369010
34 47 0.252396
34 48 0.311502
34 49 0.549521
34 50 0.492013
34 51 0.225240
34 52 0.373802
34 53 0.241214
34 54 0.308307
34 55 0.527157
34 56 0.060703
34 57 0.234824
34 58 0.594249
34 59 0.046326
34 60 0.391374
34 61 0.544728
34 62 0.383387
34 63 0.156550
34 64 0.464856
34 65 0.172524
34 66 0.065495
34 67 0.396166
34 68 0.618211
34 69 0.364217
34 70 0.485623
34 71 0.563898
34 72 0.680511
34 73 0.329073
34 74 0.583067
34 75 0.340256
34 76 0.495208
34 77 0.255591
34 78 0.214058
34 79 0.217252
34 80 0.408946
34 81 0.191693
34 82 0.218850
34 83 0.357827
34 84 0.517572
34 85 0.246006
34 86 0.408946
34 87 0.384984
34 88 0.535144
34 89 0.512780
34 90 0.584665
34 91 0.148562
34 92 0.068690
34 93 0.239617
34 94 0.150160
34 95 0.191693
34 96 0.364217
34 97 0.400958
34 98 0.370607
34 99 0.094249
35 36 0.637380
35 37 0.501597
35 38 0.261981
35 39 0.453674
35 40 0.568690
35 41 0.423323
35 42 0.305112
35 43 0.392971
35 44 0.266773
35 45 0.533546
35 46 0.399361
35 47 0.247604
35 48 0.648562
35 49 0.349840
35 50 0.161342
35 51 0.581470
35 52 0.282748
35 53 0.146965
35 54 0.519169
35 55 0.333866
35 56 0.325879
35 57 0.463259
35 58 0.370607
35 59 0.429712
35 60 0.166134
35 61 0.246006
35 62 0.065495
35 63 0.246006
35 64 0.239617
35 65 0.536741
35 66 0.432907
35 67 0.033546
35 68 0.293930
35 69 0.156550
35 70 0.308307
35 71 0.186901
35 72 0.399361
35 73 0.424920
35 74 0.257188
35 75 0.060703
35 76 0.399361
35 77 0.167732
35 78 0.322684
35 79 0.316294
35 80 0.020767
35 81 0.348243
35 82 0.463259
35 83 0.346645
35 84 0.277955
35 85 0.178914
35 86 0.043131
35 87 0.004792
35 88 0.214058
35 89 0.332268
35 90 0.258786
35 91 0.429712
35 92 0.364217
35 93 0.584665
35 94 0.527157
35 95 0.528754
35 96 0.300319
35 97 0.052716
35 98 0.193291
35 99 0.474441
36 37 0.180511
36 38 0.426518
36 39 0.183706
36 40 0.442492
36 41 0.476038
36 42 0.445687
36 43 0.519169
36 44 0.862620
36 45 0.206070
36 46 0.440895
36 47 0.431310
36 48 0.078275
36 49 0.821086
36 50 0.760383
36 51 0.057508
36 52 0.517572
36 53 0.500000
36 54 0.492013
36 55 0.800319
36 56 0.329073
36 57 0.436102
36 58 0.867412
36 59 0.252396
36 60 0.591054
36 61 0.738019
36 62 0.616613
36 63 0.428115
36 64 0.642173
36 65 0.261981
36 66 0.212460
36 67 0.654952
36 68 0.891374
36 69 0.637380
36 70 0.758786
36 71 0.822684
36 72 0.953674
36 73 0.565495
36 74 0.784345
36 75 0.581470
36 76 0.757188
36 77 0.479233
36 78 0.476038
36 79 0.480831
36 80 0.659744
36 81 0.321086
36 82 0.418530
36 83 0.618211
36 84 0.792332
36 85 0.519169
36 86 0.667732
36 87 0.637380
36 88 0.739617
36 89 0.784345
36 90 0.854633
36 91 0.362620
36 92 0.333866
36 93 0.067093
36 94 0.123003
36 95 0.115016
36 96 0.632588
36 97 0.637380
36 98 0.560703
36 99 0.233227
37 38 0.346645
37 39 0.092652
37 40 0.289137
37 41 0.468051
37 42 0.268371
37 43 0.337061
37 44 0.701278
37 45 0.265176
37 46 0.428115
37 47 0.345048
37 48 0.238019
37 49 0.645367
37 50 0.603834
37 51 0.146965
37 52 0.458466
37 53 0.354633
37 54 0.324281
37 55 0.623003
37 56 0.175719
37 57 0.260383
37 58 0.691693
37 59 0.076677
37 60 0.495208
37 61 0.648562
37 62 0.495208
37 63 0.266773
37 64 0.563898
37 65 0.111821
37 66 0.084665
37 67 0.511182
37 68 0.728435
37 69 0.472843
37 70 0.581470
37 71 0.677316
37 72 0.782748
37 73 0.384984
37 74 0.688498
37 75 0.453674
37 76 0.576677
37 77 0.364217
37 78 0.297125
37 79 0.301917
37 80 0.522364
37 81 0.258786
37 82 0.242812
37 83 0.437700
37 84 0.621406
37 85 0.357827
37 86 0.523962
37 87 0.498403
37 88 0.640575
37 89 0.607029
37 90 0.694888
37 91 0.182109
37 92 0.158147
37 93 0.170927
37 94 0.063898
37 95 0.143770
37 96 0.453674
37 97 0.512780
37 98 0.471246
37 99 0.052716
38 39 0.266773
38 40 0.544728
38 41 0.196486
38 42 0.317891
38 43 0.444089
38 44 0.527157
38 45 0.279553
38 46 0.161342
38 47 0.014377
38 48 0.416933
38 49 0.570288
38 50 0.418530
38 51 0.369010
38 52 0.115016
38 53 0.191693
38 54 0.528754
38 55 0.551118
38 56 0.217252
38 57 0.455272
38 58 0.603834
38 59 0.303514
38 60 0.164537
38 61 0.311502
38 62 0.215655
38 63 0.230032
38 64 0.217252
38 65 0.429712
38 66 0.261981
38 67 0.289137
38 68 0.554313
38 69 0.349840
38 70 0.515974
38 71 0.444089
38 72 0.653355
38 73 0.495208
38 74 0.356230
38 75 0.199681
38 76 0.575080
38 77 0.100639
38 78 0.359425
38 79 0.356230
38 80 0.277955
38 81 0.105431
38 82 0.445687
38 83 0.468051
38 84 0.511182
38 85 0.263578
38 86 0.303514
38 87 0.263578
38 88 0.311502
38 89 0.543131
38 90 0.517572
38 91 0.381789
38 92 0.285942
38 93 0.364217
38 94 0.341853
38 95 0.311502
38 96 0.444089
38 97 0.238019
38 98 0.132588
38 99 0.348243
39 40 0.369010
39 41 0.375399
39 42 0.279553
39 43 0.375399
39 44 0.678914
39 45 0.186901
39 46 0.333866
39 47 0.266773
39 48 0.212460
39 49 0.648562
39 50 0.575080
39 51 0.129393
39 52 0.373802
39 53 0.314696
39 54 0.389776
39 55 0.626198
39 56 0.146965
39 57 0.321086
39 58 0.693291
39 59 0.107029
39 60 0.423323
39 61 0.575080
39 62 0.437700
39 63 0.247604
39 64 0.484026
39 65 0.201278
39 66 0.035144
39 67 0.469649
39 68 0.706070
39 69 0.455272
39 70 0.584665
39 71 0.638978
39 72 0.774760
39 73 0.428115
39 74 0.618211
39 75 0.399361
39 76 0.597444
39 77 0.300319
39 78 0.316294
39 79 0.319489
39 80 0.476038
39 81 0.169329
39 82 0.303514
39 83 0.460064
39 84 0.613419
39 85 0.337061
39 86 0.482428
39 87 0.453674
39 88 0.571885
39 89 0.611821
39 90 0.670927
39 91 0.234824
39 92 0.170927
39 93 0.140575
39 94 0.076677
39 95 0.091054
39 96 0.466454
39 97 0.456869
39 98 0.396166
39 99 0.124601
40 41 0.714058
40 42 0.265176
40 43 0.201278
40 44 0.662939
40 45 0.552716
40 46 0.670927
40 47 0.536741
40 48 0.514377
40 49 0.535144
40 50 0.595847
40 51 0.429712
40 52 0.659744
40 53 0.439297
40 54 0.078275
40 55 0.517572
40 56 0.327476
40 57 0.105431
40 58 0.584665
40 59 0.268371
40 60 0.642173
40 61 0.785942
40 62 0.595847
40 63 0.341853
40 64 0.726837
40 65 0.183706
40 66 0.340256
40 67 0.560703
40 68 0.685304
40 69 0.460064
40 70 0.482428
40 71 0.696486
40 72 0.693291
40 73 0.207668
40 74 0.813099
40 75 0.547923
40 76 0.424920
40 77 0.506390
40 78 0.247604
40 79 0.253994
40 80 0.586262
40 81 0.493610
40 82 0.107029
40 83 0.309904
40 84 0.547923
40 85 0.389776
40 86 0.568690
40 87 0.563898
40 88 0.766773
40 89 0.498403
40 90 0.659744
40 91 0.161342
40 92 0.257188
40 93 0.455272
40 94 0.351438
40 95 0.434505
40 96 0.356230
40 97 0.605431
40 98 0.634185
40 99 0.244409
41 42 0.509585
41 43 0.635783
41 44 0.688498
41 45 0.273163
41 46 0.041534
41 47 0.210863
41 48 0.431310
41 49 0.758786
41 50 0.586262
41 51 0.424920
41 52 0.142173
41 53 0.388179
41 54 0.709265
41 55 0.739617
41 56 0.391374
41 57 0.635783
41 58 0.787540
41 59 0.452077
41 60 0.269968
41 61 0.351438
41 62 0.362620
41 63 0.424920
41 64 0.253994
41 65 0.571885
41 66 0.389776
41 67 0.455272
41 68 0.714058
41 69 0.538339
41 70 0.706070
41 71 0.583067
41 72 0.824281
41 73 0.688498
41 74 0.400958
41 75 0.367412
41 76 0.771565
41 77 0.290735
41 78 0.552716
41 79 0.551118
41 80 0.436102
41 81 0.218850
41 82 0.623003
41 83 0.666134
41 84 0.693291
41 85 0.460064
41 86 0.466454
41 87 0.426518
41 88 0.372204
41 89 0.733227
41 90 0.680511
41 91 0.554313
41 92 0.460064
41 93 0.408946
41 94 0.437700
41 95 0.372204
41 96 0.640575
41 97 0.383387
41 98 0.234824
41 99 0.488818
42 43 0.126198
42 44 0.444089
42 45 0.445687
42 46 0.469649
42 47 0.306709
42 48 0.488818
42 49 0.375399
42 50 0.356230
42 51 0.400958
42 52 0.423323
42 53 0.175719
42 54 0.225240
42 55 0.354633
42 56 0.143770
42 57 0.159744
42 58 0.423323
42 59 0.191693
42 60 0.383387
42 61 0.522364
42 62 0.330671
42 63 0.087859
42 64 0.469649
42 65 0.255591
42 66 0.242812
42 67 0.298722
42 68 0.471246
42 69 0.217252
42 70 0.313099
42 71 0.448882
42 72 0.514377
42 73 0.178914
42 74 0.547923
42 75 0.282748
42 76 0.317891
42 77 0.255591
42 78 0.043131
42 79 0.043131
42 80 0.322684
42 81 0.309904
42 82 0.158147
42 83 0.182109
42 84 0.353035
42 85 0.126198
42 86 0.308307
42 87 0.300319
42 88 0.501597
42 89 0.338658
42 90 0.437700
42 91 0.130990
42 92 0.111821
42 93 0.416933
42 94 0.321086
42 95 0.370607
42 96 0.186901
42 97 0.338658
42 98 0.380192
42 99 0.222045
43 44 0.461661
43 45 0.554313
43 46 0.595847
43 47 0.431310
43 48 0.573482
43 49 0.341853
43 50 0.397764
43 51 0.482428
43 52 0.547923
43 53 0.287540
43 54 0.132588
43 55 0.322684
43 56 0.260383
43 57 0.108626
43 58 0.391374
43 59 0.273163
43 60 0.498403
43 61 0.627796
43 62 0.431310
43 63 0.212460
43 64 0.584665
43 65 0.281150
43 66 0.338658
43 67 0.378594
43 68 0.484026
43 69 0.263578
43 70 0.285942
43 71 0.500000
43 72 0.498403
43 73 0.054313
43 74 0.646965
43 75 0.384984
43 76 0.247604
43 77 0.375399
43 78 0.084665
43 79 0.087859
43 80 0.407348
43 81 0.432907
43 82 0.121406
43 83 0.115016
43 84 0.346645
43 85 0.220447
43 86 0.384984
43 87 0.386581
43 88 0.602236
43 89 0.305112
43 90 0.458466
43 91 0.156550
43 92 0.206070
43 93 0.503195
43 94 0.399361
43 95 0.463259
43 96 0.154952
43 97 0.436102
43 98 0.498403
43 99 0.284345
44 45 0.787540
44 46 0.667732
44 47 0.512780
44 48 0.886581
44 49 0.186901
44 50 0.107029
44 51 0.809904
44 52 0.546326
44 53 0.369010
44 54 0.592652
44 55 0.190096
44 56 0.533546
44 57 0.565495
44 58 0.170927
44 59 0.623003
44 60 0.421725
44 61 0.432907
44 62 0.325879
44 63 0.434505
44 64 0.474441
44 65 0.699681
44 66 0.648562
44 67 0.236422
44 68 0.027157
44 69 0.228435
44 70 0.201278
44 71 0.134185
44 72 0.142173
44 73 0.463259
44 74 0.412141
44 75 0.327476
44 76 0.306709
44 77 0.428115
44 78 0.434505
44 79 0.428115
44 80 0.252396
44 81 0.603834
44 82 0.573482
44 83 0.357827
44 84 0.127796
44 85 0.343450
44 86 0.223642
44 87 0.263578
44 88 0.394569
44 89 0.202875
44 90 0.007987
44 91 0.571885
44 92 0.543131
44 93 0.817891
44 94 0.741214
44 95 0.763578
44 96 0.308307
44 97 0.305112
44 98 0.453674
44 99 0.661342
45 46 0.242812
45 47 0.290735
45 48 0.158147
45 49 0.792332
45 50 0.680511
45 51 0.166134
45 52 0.341853
45 53 0.421725
45 54 0.578275
45 55 0.771565
45 56 0.301917
45 57 0.507987
45 58 0.833866
45 59 0.293930
45 60 0.440895
45 61 0.573482
45 62 0.493610
45 63 0.389776
45 64 0.472843
45 65 0.376997
45 66 0.220447
45 67 0.557508
45 68 0.816294
45 69 0.581470
45 70 0.731629
45 71 0.718850
45 72 0.902556
45 73 0.608626
45 74 0.623003
45 75 0.471246
45 76 0.760383
45 77 0.364217
45 78 0.487220
45 79 0.488818
45 80 0.552716
45 81 0.183706
45 82 0.490415
45 83 0.627796
45 84 0.746006
45 85 0.468051
45 86 0.570288
45 87 0.533546
45 88 0.581470
45 89 0.758786
45 90 0.779553
45 91 0.421725
45 92 0.348243
45 93 0.143770
45 94 0.210863
45 95 0.127796
45 96 0.626198
45 97 0.515974
45 98 0.405751
45 99 0.308307
46 47 0.175719
46 48 0.402556
46 49 0.728435
46 50 0.562300
46 51 0.389776
46 52 0.129393
46 53 0.353035
46 54 0.667732
46 55 0.709265
46 56 0.348243
46 57 0.592652
46 58 0.758786
46 59 0.408946
46 60 0.255591
46 61 0.353035
46 62 0.341853
46 63 0.384984
46 64 0.252396
46 65 0.528754
46 66 0.346645
46 67 0.431310
46 68 0.693291
46 69 0.507987
46 70 0.674121
46 71 0.567093
46 72 0.800319
46 73 0.648562
46 74 0.404153
46 75 0.341853
46 76 0.736422
46 77 0.257188
46 78 0.512780
46 79 0.511182
46 80 0.413738
46 81 0.177316
46 82 0.579872
46 83 0.627796
46 84 0.664537
46 85 0.424920
46 86 0.444089
46 87 0.402556
46 88 0.372204
46 89 0.701278
46 90 0.658147
46 91 0.512780
46 92 0.416933
46 93 0.373802
46 94 0.397764
46 95 0.335463
46 96 0.605431
46 97 0.362620
46 98 0.218850
46 99 0.447284
47 48 0.423323
47 49 0.555911
47 50 0.405751
47 51 0.373802
47 52 0.123003
47 53 0.177316
47 54 0.519169
47 55 0.536741
47 56 0.209265
47 57 0.445687
47 58 0.589457
47 59 0.298722
47 60 0.158147
47 61 0.308307
47 62 0.204473
47 63 0.217252
47 64 0.217252
47 65 0.424920
47 66 0.261981
47 67 0.276358
47 68 0.539936
47 69 0.335463
47 70 0.501597
47 71 0.431310
47 72 0.638978
47 73 0.482428
47 74 0.353035
47 75 0.186901
47 76 0.560703
47 77 0.086262
47 78 0.346645
47 79 0.343450
47 80 0.265176
47 81 0.111821
47 82 0.436102
47 83 0.453674
47 84 0.496805
47 85 0.249201
47 86 0.289137
47 87 0.249201
47 88 0.306709
47 89 0.528754
47 90 0.504792
47 91 0.373802
47 92 0.277955
47 93 0.369010
47 94 0.343450
47 95 0.316294
47 96 0.429712
47 97 0.226837
47 98 0.129393
47 99 0.345048
48 49 0.861022
48 50 0.781150
48 51 0.091054
48 52 0.493610
48 53 0.517572
48 54 0.559105
48 55 0.838658
48 56 0.359425
48 57 0.500000
48 58 0.905751
48 59 0.301917
48 60 0.581470
48 61 0.722045
48 62 0.619808
48 63 0.458466
48 64 0.621406
48 65 0.332268
48 66 0.246006
48 67 0.667732
48 68 0.915335
48 69 0.664537
48 70 0.797125
48 71 0.835463
48 72 0.987220
48 73 0.623003
48 74 0.769968
48 75 0.589457
48 76 0.805112
48 77 0.482428
48 78 0.523962
48 79 0.527157
48 80 0.669329
48 81 0.309904
48 82 0.480831
48 83 0.667732
48 84 0.825879
48 85 0.547923
48 86 0.682109
48 87 0.646965
48 88 0.726837
48 89 0.824281
48 90 0.878594
48 91 0.420128
48 92 0.378594
48 93 0.071885
48 94 0.174121
48 95 0.123003
48 96 0.677316
48 97 0.642173
48 98 0.547923
48 99 0.292332
49 50 0.214058
49 51 0.774760
49 52 0.624601
49 53 0.381789
49 54 0.458466
49 55 0.020767
49 56 0.501597
49 57 0.452077
49 58 0.047923
49 59 0.568690
49 60 0.515974
49 61 0.571885
49 62 0.415335
49 63 0.404153
49 64 0.587859
49 65 0.615016
49 66 0.615016
49 67 0.316294
49 68 0.194888
49 69 0.220447
49 70 0.062300
49 71 0.303514
49 72 0.158147
49 73 0.325879
49 74 0.563898
49 75 0.394569
49 76 0.127796
49 77 0.469649
49 78 0.349840
49 79 0.343450
49 80 0.346645
49 81 0.621406
49 82 0.464856
49 83 0.226837
49 84 0.076677
49 85 0.324281
49 86 0.308307
49 87 0.345048
49 88 0.533546
49 89 0.036741
49 90 0.190096
49 91 0.484026
49 92 0.487220
49 93 0.789137
49 94 0.698083
49 95 0.739617
49 96 0.193291
49 97 0.400958
49 98 0.539936
49 99 0.597444
50 51 0.706070
50 52 0.444089
50 53 0.261981
50 54 0.530351
50 55 0.204473
50 56 0.432907
50 57 0.493610
50 58 0.222045
50 59 0.525559
50 60 0.322684
50 61 0.357827
50 62 0.223642
50 63 0.335463
50 64 0.384984
50 65 0.611821
50 66 0.547923
50 67 0.129393
50 68 0.134185
50 69 0.138978
50 70 0.194888
50 71 0.107029
50 72 0.238019
50 73 0.410543
50 74 0.348243
50 75 0.220447
50 76 0.301917
50 77 0.321086
50 78 0.356230
50 79 0.348243
50 80 0.150160
50 81 0.496805
50 82 0.500000
50 83 0.309904
50 84 0.137380
50 85 0.246006
50 86 0.118211
50 87 0.158147
50 88 0.321086
50 89 0.209265
50 90 0.099042
50 91 0.487220
50 92 0.448882
50 93 0.714058
50 94 0.640575
50 95 0.659744
50 96 0.255591
50 97 0.206070
50 98 0.353035
50 99 0.567093
51 52 0.461661
51 53 0.444089
51 54 0.469649
51 55 0.753994
51 56 0.277955
51 57 0.408946
51 58 0.821086
51 59 0.210863
51 60 0.533546
51 61 0.680511
51 62 0.559105
51 63 0.376997
51 64 0.584665
51 65 0.246006
51 66 0.161342
51 67 0.597444
51 68 0.837061
51 69 0.584665
51 70 0.712460
51 71 0.766773
51 72 0.904153
51 73 0.531949
51 74 0.726837
51 75 0.525559
51 76 0.717252
51 77 0.421725
51 78 0.434505
51 79 0.439297
51 80 0.602236
51 81 0.263578
51 82 0.389776
51 83 0.578275
51 84 0.742812
51 85 0.466454
51 86 0.611821
51 87 0.579872
51 88 0.680511
51 89 0.738019
51 90 0.801917
51 91 0.329073
51 92 0.289137
51 93 0.025559
51 94 0.083067
51 95 0.057508
51 96 0.589457
51 97 0.579872
51 98 0.501597
51 99 0.201278
52 53 0.271565
52 54 0.640575
52 55 0.608626
52 56 0.332268
52 57 0.567093
52 58 0.651757
52 59 0.418530
52 60 0.127796
52 61 0.231629
52 62 0.220447
52 63 0.333866
52 64 0.129393
52 65 0.544728
52 66 0.373802
52 67 0.316294
52 68 0.571885
52 69 0.410543
52 70 0.576677
52 71 0.440895
52 72 0.683706
52 73 0.595847
52 74 0.281150
52 75 0.230032
52 76 0.650160
52 77 0.174121
52 78 0.461661
52 79 0.458466
52 80 0.293930
52 81 0.202875
52 82 0.557508
52 83 0.555911
52 84 0.557508
52 85 0.346645
52 86 0.327476
52 87 0.285942
52 88 0.244409
52 89 0.602236
52 90 0.538339
52 91 0.496805
52 92 0.400958
52 93 0.452077
52 94 0.447284
52 95 0.404153
52 96 0.525559
52 97 0.241214
52 98 0.092652
52 99 0.463259
53 54 0.400958
53 55 0.362620
53 56 0.178914
53 57 0.335463
53 58 0.418530
53 59 0.282748
53 60 0.209265
53 61 0.346645
53 62 0.156550
53 63 0.102236
53 64 0.297125
53 65 0.389776
53 66 0.289137
53 67 0.154952
53 68 0.396166
53 69 0.161342
53 70 0.324281
53 71 0.324281
53 72 0.479233
53 73 0.332268
53 74 0.373802
53 75 0.108626
53 76 0.383387
53 77 0.097444
53 78 0.206070
53 79 0.199681
53 80 0.167732
53 81 0.242812
53 82 0.332268
53 83 0.284345
53 84 0.327476
53 85 0.073482
53 86 0.167732
53 87 0.143770
53 88 0.325879
53 89 0.351438
53 90 0.361022
53 91 0.289137
53 92 0.217252
53 93 0.450479
53 94 0.383387
53 95 0.396166
53 96 0.253994
53 97 0.169329
53 98 0.210863
53 99 0.327476
54 55 0.440895
54 56 0.317891
54 57 0.075080
54 58 0.506390
54 59 0.284345
54 60 0.608626
54 61 0.747604
54 62 0.552716
54 63 0.309904
54 64 0.694888
54 65 0.230032
54 66 0.357827
54 67 0.507987
54 68 0.615016
54 69 0.397764
54 70 0.407348
54 71 0.634185
54 72 0.616613
54 73 0.130990
54 74 0.769968
54 75 0.504792
54 76 0.345048
54 77 0.477636
54 78 0.196486
54 79 0.202875
54 80 0.535144
54 81 0.493610
54 82 0.089457
54 83 0.234824
54 84 0.472843
54 85 0.341853
54 86 0.514377
54 87 0.514377
54 88 0.723642
54 89 0.421725
54 90 0.589457
54 91 0.159744
54 92 0.250799
54 93 0.493610
54 94 0.388179
54 95 0.466454
54 96 0.284345
54 97 0.559105
54 98 0.605431
54 99 0.273163
55 56 0.480831
55 57 0.431310
55 58 0.068690
55 59 0.547923
55 60 0.500000
55 61 0.560703
55 62 0.399361
55 63 0.383387
55 64 0.573482
55 65 0.594249
55 66 0.592652
55 67 0.301917
55 68 0.201278
55 69 0.201278
55 70 0.041534
55 71 0.298722
55 72 0.175719
55 73 0.308307
55 74 0.554313
55 75 0.378594
55 76 0.118211
55 77 0.452077
55 78 0.329073
55 79 0.322684
55 80 0.332268
55 81 0.602236
55 82 0.444089
55 83 0.207668
55 84 0.068690
55 85 0.303514
55 86 0.295527
55 87 0.329073
55 88 0.523962
55 89 0.017572
55 90 0.191693
55 91 0.463259
55 92 0.466454
55 93 0.766773
55 94 0.675719
55 95 0.717252
55 96 0.172524
55 97 0.386581
55 98 0.523962
55 99 0.575080
56 57 0.242812
56 58 0.546326
56 59 0.105431
56 60 0.337061
56 61 0.490415
56 62 0.322684
56 63 0.099042
56 64 0.413738
56 65 0.223642
56 66 0.116613
56 67 0.335463
56 68 0.560703
56 69 0.306709
56 70 0.439297
56 71 0.503195
56 72 0.626198
56 73 0.314696
56 74 0.525559
56 75 0.279553
56 76 0.458466
56 77 0.199681
56 78 0.185304
56 79 0.186901
56 80 0.346645
56 81 0.175719
56 82 0.231629
56 83 0.325879
56 84 0.466454
56 85 0.190096
56 86 0.348243
56 87 0.322684
56 88 0.477636
56 89 0.466454
56 90 0.525559
56 91 0.164537
56 92 0.068690
56 93 0.289137
56 94 0.207668
56 95 0.236422
56 96 0.324281
56 97 0.340256
56 98 0.319489
56 99 0.151757
57 58 0.500000
57 59 0.214058
57 60 0.541534
57 61 0.683706
57 62 0.490415
57 63 0.241214
57 64 0.627796
57 65 0.182109
57 66 0.287540
57 67 0.455272
57 68 0.589457
57 69 0.354633
57 70 0.394569
57 71 0.592652
57 72 0.607029
57 73 0.137380
57 74 0.709265
57 75 0.442492
57 76 0.353035
57 77 0.408946
57 78 0.140575
57 79 0.148562
57 80 0.480831
57 81 0.418530
57 82 0.017572
57 83 0.223642
57 84 0.453674
57 85 0.284345
57 86 0.463259
57 87 0.458466
57 88 0.661342
57 89 0.413738
57 90 0.560703
57 91 0.086262
57 92 0.175719
57 93 0.431310
57 94 0.325879
57 95 0.399361
57 96 0.263578
57 97 0.500000
57 98 0.535144
57 99 0.207668
58 59 0.615016
58 60 0.536741
58 61 0.581470
58 62 0.436102
58 63 0.447284
58 64 0.605431
58 65 0.664537
58 66 0.659744
58 67 0.337061
58 68 0.172524
58 69 0.255591
58 70 0.110224
58 71 0.298722
58 72 0.111821
58 73 0.375399
58 74 0.568690
58 75 0.420128
58 76 0.170927
58 77 0.503195
58 78 0.397764
58 79 0.391374
58 80 0.365815
58 81 0.659744
58 82 0.514377
58 83 0.276358
58 84 0.094249
58 85 0.364217
58 86 0.329073
58 87 0.365815
58 88 0.543131
58 89 0.086262
58 90 0.175719
58 91 0.533546
58 92 0.533546
58 93 0.833866
58 94 0.744409
58 95 0.782748
58 96 0.241214
58 97 0.421725
58 98 0.563898
58 99 0.645367
59 60 0.439297
59 61 0.592652
59 62 0.428115
59 63 0.190096
59 64 0.512780
59 65 0.124601
59 66 0.073482
59 67 0.437700
59 68 0.650160
59 69 0.394569
59 70 0.504792
59 71 0.602236
59 72 0.706070
59 73 0.324281
59 74 0.629393
59 75 0.384984
59 76 0.504792
59 77 0.303514
59 78 0.223642
59 79 0.228435
59 80 0.450479
59 81 0.231629
59 82 0.196486
59 83 0.365815
59 84 0.543131
59 85 0.279553
59 86 0.450479
59 87 0.426518
59 88 0.581470
59 89 0.531949
59 90 0.616613
59 91 0.127796
59 92 0.081470
59 93 0.230032
59 94 0.129393
59 95 0.190096
59 96 0.380192
59 97 0.445687
59 98 0.418530
59 99 0.046326
60 61 0.153355
60 62 0.100639
60 63 0.300319
60 64 0.086262
60 65 0.562300
60 66 0.412141
60 67 0.199681
60 68 0.445687
60 69 0.311502
60 70 0.471246
60 71 0.313099
60 72 0.560703
60 73 0.541534
60 74 0.194888
60 75 0.126198
60 76 0.555911
60 77 0.137380
60 78 0.416933
60 79 0.410543
60 80 0.172524
60 81 0.271565
60 82 0.536741
60 83 0.482428
60 84 0.444089
60 85 0.279553
60 86 0.207668
60 87 0.170927
60 88 0.148562
60 89 0.496805
60 90 0.413738
60 91 0.484026
60 92 0.397764
60 93 0.528754
60 94 0.500000
60 95 0.476038
60 96 0.442492
60 97 0.116613
60 98 0.036741
60 99 0.485623
61 62 0.196486
61 63 0.444089
61 64 0.100639
61 65 0.714058
61 66 0.565495
61 67 0.271565
61 68 0.450479
61 69 0.402556
61 70 0.541534
61 71 0.300319
61 72 0.575080
61 73 0.666134
61 74 0.049521
61 75 0.241214
61 76 0.640575
61 77 0.289137
61 78 0.551118
61 79 0.544728
61 80 0.238019
61 81 0.416933
61 82 0.678914
61 83 0.592652
61 84 0.495208
61 85 0.405751
61 86 0.273163
61 87 0.250799
61 88 0.038339
61 89 0.562300
61 90 0.424920
61 91 0.632588
61 92 0.547923
61 93 0.674121
61 94 0.651757
61 95 0.623003
61 96 0.546326
61 97 0.194888
61 98 0.178914
61 99 0.638978
62 63 0.258786
62 64 0.175719
62 65 0.543131
62 66 0.418530
62 67 0.099042
62 68 0.351438
62 69 0.215655
62 70 0.372204
62 71 0.228435
62 72 0.461661
62 73 0.469649
62 74 0.217252
62 75 0.046326
62 76 0.461661
62 77 0.137380
62 78 0.356230
62 79 0.348243
62 80 0.071885
62 81 0.311502
62 82 0.488818
62 83 0.399361
62 84 0.343450
62 85 0.210863
62 86 0.107029
62 87 0.070288
62 88 0.170927
62 89 0.396166
62 90 0.316294
62 91 0.447284
62 92 0.370607
62 93 0.559105
62 94 0.512780
62 95 0.504792
62 96 0.354633
62 97 0.022364
62 98 0.129393
62 99 0.474441
63 64 0.384984
63 65 0.290735
63 66 0.215655
63 67 0.249201
63 68 0.463259
63 69 0.207668
63 70 0.341853
63 71 0.412141
63 72 0.527157
63 73 0.265176
63 74 0.474441
63 75 0.210863
63 76 0.372204
63 77 0.167732
63 78 0.127796
63 79 0.126198
63 80 0.266773
63 81 0.233227
63 82 0.234824
63 83 0.247604
63 84 0.365815
63 85 0.089457
63 86 0.260383
63 87 0.242812
63 88 0.426518
63 89 0.369010
63 90 0.428115
63 91 0.188498
63 92 0.118211
63 93 0.388179
63 94 0.306709
63 95 0.335463
63 96 0.236422
63 97 0.271565
63 98 0.293930
63 99 0.233227
64 65 0.637380
64 66 0.479233
64 67 0.271565
64 68 0.496805
64 69 0.391374
64 70 0.547923
64 71 0.353035
64 72 0.616613
64 73 0.629393
64 74 0.151757
64 75 0.209265
64 76 0.637380
64 77 0.218850
64 78 0.503195
64 79 0.498403
64 80 0.239617
64 81 0.321086
64 82 0.621406
64 83 0.568690
64 84 0.512780
64 85 0.365815
64 86 0.277955
64 87 0.244409
64 88 0.118211
64 89 0.571885
64 90 0.466454
64 91 0.567093
64 92 0.477636
64 93 0.576677
64 94 0.560703
64 95 0.527157
64 96 0.527157
64 97 0.185304
64 98 0.094249
64 99 0.559105
65 66 0.182109
65 67 0.539936
65 68 0.726837
65 69 0.474441
65 70 0.554313
65 71 0.698083
65 72 0.763578
65 73 0.319489
65 74 0.750799
65 75 0.496805
65 76 0.528754
65 77 0.424920
65 78 0.268371
65 79 0.274760
65 80 0.557508
65 81 0.354633
65 82 0.164537
65 83 0.392971
65 84 0.603834
65 85 0.370607
65 86 0.551118
65 87 0.533546
65 88 0.702875
65 89 0.576677
65 90 0.694888
65 91 0.130990
65 92 0.172524
65 93 0.271565
65 94 0.169329
65 95 0.253994
65 96 0.421725
65 97 0.557508
65 98 0.543131
65 99 0.081470
66 67 0.445687
66 68 0.677316
66 69 0.423323
66 70 0.551118
66 71 0.613419
66 72 0.742812
66 73 0.391374
66 74 0.607029
66 75 0.380192
66 76 0.560703
66 77 0.285942
66 78 0.279553
66 79 0.284345
66 80 0.453674
66 81 0.174121
66 82 0.269968
66 83 0.424920
66 84 0.581470
66 85 0.306709
66 86 0.458466
66 87 0.429712
66 88 0.560703
66 89 0.578275
66 90 0.642173
66 91 0.201278
66 92 0.134185
66 93 0.174121
66 94 0.094249
66 95 0.126198
66 96 0.431310
66 97 0.439297
66 98 0.388179
66 99 0.100639
67 68 0.263578
67 69 0.130990
67 70 0.276358
67 71 0.167732
67 72 0.367412
67 73 0.407348
67 74 0.277955
67 75 0.089457
67 76 0.369010
67 77 0.193291
67 78 0.313099
67 79 0.305112
67 80 0.033546
67 81 0.372204
67 82 0.456869
67 83 0.324281
67 84 0.244409
67 85 0.172524
67 86 0.012780
67 87 0.028754
67 88 0.238019
67 89 0.298722
67 90 0.228435
67 91 0.426518
67 92 0.367412
67 93 0.602236
67 94 0.539936
67 95 0.547923
67 96 0.276358
67 97 0.084665
67 98 0.226837
67 99 0.480831
68 69 0.255591
68 70 0.218850
68 71 0.150160
68 72 0.124601
68 73 0.485623
68 74 0.426518
68 75 0.354633
68 76 0.319489
68 77 0.456869
68 78 0.461661
68 79 0.453674
68 80 0.277955
68 81 0.632588
68 82 0.597444
68 83 0.380192
68 84 0.143770
68 85 0.372204
68 86 0.250799
68 87 0.290735
68 88 0.412141
68 89 0.215655
68 90 0.035144
68 91 0.597444
68 92 0.570288
68 93 0.846645
68 94 0.769968
68 95 0.792332
68 96 0.330671
68 97 0.330671
68 98 0.479233
68 99 0.688498
69 70 0.166134
69 71 0.236422
69 72 0.321086
69 73 0.285942
69 74 0.408946
69 75 0.183706
69 76 0.244409
69 77 0.249201
69 78 0.217252
69 79 0.209265
69 80 0.164537
69 81 0.404153
69 82 0.361022
69 83 0.194888
69 84 0.164537
69 85 0.116613
69 86 0.130990
69 87 0.150160
69 88 0.369010
69 89 0.193291
69 90 0.222045
69 91 0.348243
69 92 0.314696
69 93 0.595847
69 94 0.514377
69 95 0.541534
69 96 0.145367
69 97 0.209265
69 98 0.329073
69 99 0.432907
70 71 0.297125
70 72 0.210863
70 73 0.274760
70 74 0.538339
70 75 0.348243
70 76 0.108626
70 77 0.415335
70 78 0.287540
70 79 0.281150
70 80 0.308307
70 81 0.562300
70 82 0.405751
70 83 0.170927
70 84 0.073482
70 85 0.263578
70 86 0.271565
70 87 0.303514
70 88 0.506390
70 89 0.027157
70 90 0.201278
70 91 0.423323
70 92 0.423323
70 93 0.725240
70 94 0.634185
70 95 0.675719
70 96 0.132588
70 97 0.362620
70 98 0.493610
70 99 0.533546
71 72 0.274760
71 73 0.517572
71 74 0.277955
71 75 0.247604
71 76 0.405751
71 77 0.354633
71 78 0.452077
71 79 0.444089
71 80 0.166134
71 81 0.535144
71 82 0.597444
71 83 0.416933
71 84 0.230032
71 85 0.327476
71 86 0.154952
71 87 0.186901
71 88 0.261981
71 89 0.306709
71 90 0.127796
71 91 0.579872
71 92 0.530351
71 93 0.771565
71 94 0.707668
71 95 0.715655
71 96 0.364217
71 97 0.206070
71 98 0.348243
71 99 0.645367
72 73 0.484026
72 74 0.552716
72 75 0.458466
72 76 0.282748
72 77 0.552716
72 78 0.495208
72 79 0.488818
72 80 0.388179
72 81 0.722045
72 82 0.618211
72 83 0.383387
72 84 0.161342
72 85 0.439297
72 86 0.356230
72 87 0.396166
72 88 0.536741
72 89 0.193291
72 90 0.150160
72 91 0.632588
72 92 0.623003
72 93 0.915335
72 94 0.830671
72 95 0.862620
72 96 0.343450
72 97 0.442492
72 98 0.591054
72 99 0.738019
73 74 0.682109
73 75 0.424920
73 76 0.217252
73 77 0.423323
73 78 0.135783
73 79 0.137380
73 80 0.439297
73 81 0.487220
73 82 0.153355
73 83 0.105431
73 84 0.343450
73 85 0.261981
73 86 0.412141
73 87 0.420128
73 88 0.638978
73 89 0.290735
73 90 0.461661
73 91 0.202875
73 92 0.260383
73 93 0.552716
73 94 0.448882
73 95 0.514377
73 96 0.156550
73 97 0.471246
73 98 0.544728
73 99 0.332268
74 75 0.265176
74 76 0.640575
74 77 0.325879
74 78 0.573482
74 79 0.567093
74 80 0.246006
74 81 0.463259
74 82 0.706070
74 83 0.603834
74 84 0.485623
74 85 0.428115
74 86 0.277955
74 87 0.261981
74 88 0.047923
74 89 0.555911
74 90 0.404153
74 91 0.662939
74 92 0.581470
74 93 0.720447
74 94 0.694888
74 95 0.669329
74 96 0.554313
74 97 0.210863
74 98 0.223642
74 99 0.677316
75 76 0.429712
75 77 0.107029
75 78 0.308307
75 79 0.301917
75 80 0.079872
75 81 0.287540
75 82 0.440895
75 83 0.357827
75 84 0.325879
75 85 0.162939
75 86 0.102236
75 87 0.062300
75 88 0.218850
75 89 0.373802
75 90 0.319489
75 91 0.399361
75 92 0.324281
75 93 0.527157
75 94 0.472843
75 95 0.471246
75 96 0.316294
75 97 0.060703
75 98 0.145367
75 99 0.431310
76 77 0.480831
76 78 0.281150
76 79 0.277955
76 80 0.402556
76 81 0.603834
76 82 0.367412
76 83 0.138978
76 84 0.180511
76 85 0.311502
76 86 0.365815
76 87 0.392971
76 88 0.605431
76 89 0.103834
76 90 0.306709
76 91 0.400958
76 92 0.426518
76 93 0.733227
76 94 0.634185
76 95 0.688498
76 96 0.134185
76 97 0.453674
76 98 0.573482
76 99 0.525559
77 78 0.292332
77 79 0.287540
77 80 0.188498
77 81 0.178914
77 82 0.400958
77 83 0.381789
77 84 0.408946
77 85 0.172524
77 86 0.207668
77 87 0.169329
77 88 0.277955
77 89 0.442492
77 90 0.420128
77 91 0.348243
77 92 0.258786
77 93 0.421725
77 94 0.376997
77 95 0.367412
77 96 0.351438
77 97 0.158147
77 98 0.126198
77 99 0.349840
78 79 0.007987
78 80 0.340256
78 81 0.353035
78 82 0.143770
78 83 0.143770
78 84 0.335463
78 85 0.145367
78 86 0.321086
78 87 0.317891
78 88 0.527157
78 89 0.311502
78 90 0.429712
78 91 0.137380
78 92 0.145367
78 93 0.452077
78 94 0.353035
78 95 0.405751
78 96 0.158147
78 97 0.362620
78 98 0.415335
78 99 0.246006
79 80 0.332268
79 81 0.353035
79 82 0.151757
79 83 0.140575
79 84 0.329073
79 85 0.138978
79 86 0.314696
79 87 0.311502
79 88 0.520767
79 89 0.305112
79 90 0.421725
79 91 0.143770
79 92 0.148562
79 93 0.455272
79 94 0.357827
79 95 0.410543
79 96 0.151757
79 97 0.356230
79 98 0.410543
79 99 0.252396
80 81 0.367412
80 82 0.480831
80 83 0.357827
80 84 0.273163
80 85 0.196486
80 86 0.036741
80 87 0.023962
80 88 0.204473
80 89 0.330671
80 90 0.244409
80 91 0.448882
80 92 0.384984
80 93 0.605431
80 94 0.547923
80 95 0.549521
80 96 0.308307
80 97 0.055911
80 98 0.201278
80 99 0.495208
81 82 0.404153
81 83 0.482428
81 84 0.570288
81 85 0.298722
81 86 0.386581
81 87 0.348243
81 88 0.418530
81 89 0.589457
81 90 0.595847
81 91 0.335463
81 92 0.242812
81 93 0.257188
81 94 0.242812
81 95 0.206070
81 96 0.469649
81 97 0.333866
81 98 0.238019
81 99 0.271565
82 83 0.236422
82 84 0.464856
82 85 0.284345
82 86 0.464856
82 87 0.458466
82 88 0.659744
82 89 0.426518
82 90 0.568690
82 91 0.070288
82 92 0.161342
82 93 0.413738
82 94 0.306709
82 95 0.381789
82 96 0.274760
82 97 0.498403
82 98 0.528754
82 99 0.190096
83 84 0.238019
83 85 0.209265
83 86 0.327476
83 87 0.341853
83 88 0.562300
83 89 0.190096
83 90 0.356230
83 91 0.263578
83 92 0.289137
83 93 0.595847
83 94 0.495208
83 95 0.551118
83 96 0.052716
83 97 0.397764
83 98 0.492013
83 99 0.386581
84 85 0.279553
84 86 0.236422
84 87 0.273163
84 88 0.456869
84 89 0.076677
84 90 0.127796
84 91 0.472843
84 92 0.461661
84 93 0.755591
84 94 0.669329
84 95 0.702875
84 96 0.191693
84 97 0.329073
84 98 0.469649
84 99 0.576677
85 86 0.182109
85 87 0.174121
85 88 0.381789
85 89 0.292332
85 90 0.337061
85 91 0.253994
85 92 0.202875
85 93 0.477636
85 94 0.397764
85 95 0.424920
85 96 0.180511
85 97 0.217252
85 98 0.284345
85 99 0.321086
86 87 0.039936
86 88 0.239617
86 89 0.293930
86 90 0.215655
86 91 0.437700
86 92 0.378594
86 93 0.616613
86 94 0.552716
86 95 0.560703
86 96 0.277955
86 97 0.092652
86 98 0.236422
86 99 0.493610
87 88 0.220447
87 89 0.325879
87 90 0.255591
87 91 0.424920
87 92 0.361022
87 93 0.583067
87 94 0.525559
87 95 0.528754
87 96 0.293930
87 97 0.059105
87 98 0.196486
87 99 0.471246
88 89 0.525559
88 90 0.386581
88 91 0.615016
88 92 0.533546
88 93 0.675719
88 94 0.648562
88 95 0.624601
88 96 0.514377
88 97 0.166134
88 98 0.178914
88 99 0.629393
89 90 0.202875
89 91 0.445687
89 92 0.450479
89 93 0.752396
89 94 0.659744
89 95 0.702875
89 96 0.154952
89 97 0.384984
89 98 0.519169
89 99 0.559105
90 91 0.567093
90 92 0.536741
90 93 0.809904
90 94 0.734824
90 95 0.755591
90 96 0.305112
90 97 0.297125
90 98 0.445687
90 99 0.654952
91 92 0.095847
91 93 0.351438
91 94 0.246006
91 95 0.316294
91 96 0.290735
91 97 0.458466
91 98 0.472843
91 99 0.129393
92 93 0.305112
92 94 0.209265
92 95 0.260383
92 96 0.298722
92 97 0.384984
92 98 0.383387
92 99 0.116613
93 94 0.105431
93 95 0.054313
93 96 0.605431
93 97 0.581470
93 98 0.496805
93 99 0.223642
94 95 0.083067
94 96 0.509585
94 97 0.531949
94 98 0.472843
94 99 0.116613
95 96 0.557508
95 97 0.525559
95 98 0.444089
95 99 0.193291
96 97 0.351438
96 98 0.455272
96 99 0.405751
97 98 0.148562
97 99 0.492013
98 99 0.464856
