100 4950
0 1 0.235669
0 2 0.130573
0 3 0.388535
0 4 0.307325
0 5 0.442675
0 6 0.113057
0 7 0.450637
0 8 0.359873
0 9 0.571656
0 10 0.729299
0 11 0.371019
0 12 0.557325
0 13 0.778662
0 14 0.635350
0 15 0.285032
0 16 0.149682
0 17 0.031847
0 18 0.581210
0 19 0.119427
0 20 0.278662
0 21 0.388535
0 22 0.700637
0 23 0.573248
0 24 0.066879
0 25 0.436306
0 26 0.222930
0 27 0.457006
0 28 0.281847
0 29 0.555732
0 30 0.178344
0 31 0.197452
0 32 0.609873
0 33 0.504777
0 34 0.507962
0 35 0.609873
0 36 0.320064
0 37 0.523885
0 38 0.248408
0 39 0.227707
0 40 0.353503
0 41 0.160828
0 42 0.722930
0 43 0.388535
0 44 0.186306
0 45 0.272293
0 46 0.160828
0 47 0.568471
0 48 0.380573
0 49 0.367834
0 50 0.772293
0 51 0.371019
0 52 0.420382
0 53 0.468153
0 54 0.195860
0 55 0.449045
0 56 0.334395
0 57 0.243631
0 58 0.533439
0 59 0.501592
0 60 0.254777
0 61 0.700637
0 62 0.261146
0 63 0.619427
0 64 0.466561
0 65 0.426752
0 66 0.643312
0 67 0.488854
0 68 0.574841
0 69 0.245223
0 70 0.452229
0 71 0.272293
0 72 0.519108
0 73 0.570064
0 74 0.496815
0 75 0.375796
0 76 0.664013
0 77 0.181529
0 78 0.337580
0 79 0.294586
0 80 0.482484
0 81 0.477707
0 82 0.364650
0 83 0.216561
0 84 0.294586
0 85 0.111465
0 86 0.644904
0 87 0.154459
0 88 0.030255
0 89 0.730892
0 90 0.054140
0 91 0.484076
0 92 0.378981
0 93 0.221338
0 94 0.251592
0 95 0.697452
0 96 0.342357
0 97 0.484076
0 98 0.025478
0 99 0.334395
1 2 0.143312
1 3 0.393312
1 4 0.452229
1 5 0.294586
1 6 0.321656
1 7 0.222930
1 8 0.192675
1 9 0.377389
1 10 0.501592
1 11 0.240446
1 12 0.339172
1 13 0.555732
1 14 0.496815
1 15 0.286624
1 16 0.092357
1 17 0.226115
1 18 0.364650
1 19 0.116242
1 20 0.222930
1 21 0.275478
1 22 0.546178
1 23 0.453822
1 24 0.192675
1 25 0.415605
1 26 0.084395
1 27 0.229299
1 28 0.275478
1 29 0.324841
1 30 0.057325
1 31 0.039809
1 32 0.466561
1 33 0.273885
1 34 0.323248
1 35 0.375796
1 36 0.219745
1 37 0.345541
1 38 0.146497
1 39 0.031847
1 40 0.146497
1 41 0.085987
1 42 0.492038
1 43 0.289809
1 44 0.269108
1 45 0.160828
1 46 0.140127
1 47 0.474522
1 48 0.227707
1 49 0.399682
1 50 0.611465
1 51 0.195860
1 52 0.302548
1 53 0.261146
1 54 0.307325
1 55 0.218153
1 56 0.302548
1 57 0.273885
1 58 0.321656
1 59 0.273885
1 60 0.270701
1 61 0.542994
1 62 0.320064
1 63 0.383758
1 64 0.393312
1 65 0.335987
1 66 0.407643
1 67 0.299363
1 68 0.361465
1 69 0.106688
1 70 0.216561
1 71 0.224522
1 72 0.445860
1 73 0.383758
1 74 0.351911
1 75 0.254777
1 76 0.522293
1 77 0.269108
1 78 0.267516
1 79 0.105096
1 80 0.245223
1 81 0.339172
1 82 0.331210
1 83 0.261146
1 84 0.437898
1 85 0.238854
1 86 0.511146
1 87 0.259554
1 88 0.242038
1 89 0.501592
1 90 0.183121
1 91 0.316879
1 92 0.148089
1 93 0.047771
1 94 0.273885
1 95 0.471338
1 96 0.242038
1 97 0.254777
1 98 0.210191
1 99 0.238854
2 3 0.442675
2 4 0.420382
2 5 0.417197
2 6 0.242038
2 7 0.331210
2 8 0.320064
2 9 0.519108
2 10 0.606688
2 11 0.242038
2 12 0.431529
2 13 0.654459
2 14 0.621019
2 15 0.189490
2 16 0.103503
2 17 0.140127
2 18 0.509554
2 19 0.060510
2 20 0.159236
2 21 0.380573
2 22 0.676752
2 23 0.568471
2 24 0.130573
2 25 0.480892
2 26 0.179936
2 27 0.339172
2 28 0.323248
2 29 0.437898
2 30 0.092357
2 31 0.106688
2 32 0.592357
2 33 0.415605
2 34 0.377389
2 35 0.495223
2 36 0.315287
2 37 0.482484
2 38 0.232484
2 39 0.152866
2 40 0.288217
2 41 0.057325
2 42 0.605096
2 43 0.265924
2 44 0.132166
2 45 0.254777
2 46 0.165605
2 47 0.578025
2 48 0.350318
2 49 0.434713
2 50 0.745223
2 51 0.326433
2 52 0.292994
2 53 0.404459
2 54 0.167197
2 55 0.361465
2 56 0.229299
2 57 0.159236
2 58 0.466561
2 59 0.418790
2 60 0.164013
2 61 0.673567
2 62 0.334395
2 63 0.507962
2 64 0.484076
2 65 0.433121
2 66 0.533439
2 67 0.358280
2 68 0.447452
2 69 0.116242
2 70 0.345541
2 71 0.154459
2 72 0.538217
2 73 0.439490
2 74 0.367834
2 75 0.363057
2 76 0.648089
2 77 0.130573
2 78 0.219745
2 79 0.237261
2 80 0.377389
2 81 0.460191
2 82 0.398089
2 83 0.138535
2 84 0.406051
2 85 0.199045
2 86 0.633758
2 87 0.237261
2 88 0.151274
2 89 0.644904
2 90 0.098726
2 91 0.353503
2 92 0.291401
2 93 0.156051
2 94 0.164013
2 95 0.616242
2 96 0.339172
2 97 0.398089
2 98 0.109873
2 99 0.208599
3 4 0.238854
3 5 0.259554
3 6 0.340764
3 7 0.568471
3 8 0.281847
3 9 0.410828
3 10 0.808917
3 11 0.633758
3 12 0.687898
3 13 0.872611
3 14 0.348726
3 15 0.633758
3 16 0.348726
3 17 0.355096
3 18 0.476115
3 19 0.383758
3 20 0.592357
3 21 0.194268
3 22 0.425159
3 23 0.273885
3 24 0.332803
3 25 0.057325
3 26 0.308917
3 27 0.568471
3 28 0.121019
3 29 0.643312
3 30 0.386943
3 31 0.391720
3 32 0.339172
3 33 0.493631
3 34 0.705414
3 35 0.667197
3 36 0.195860
3 37 0.348726
3 38 0.248408
3 39 0.361465
3 40 0.348726
3 41 0.412420
3 42 0.778662
3 43 0.679936
3 44 0.558917
3 45 0.238854
3 46 0.278662
3 47 0.232484
3 48 0.259554
3 49 0.042994
3 50 0.496815
3 51 0.296178
3 52 0.695860
3 53 0.388535
3 54 0.581210
3 55 0.447452
3 56 0.668790
3 57 0.601911
3 58 0.429936
3 59 0.464968
3 60 0.608280
3 61 0.429936
3 62 0.130573
3 63 0.660828
3 64 0.143312
3 65 0.157643
3 66 0.675159
3 67 0.681529
3 68 0.716561
3 69 0.492038
3 70 0.522293
3 71 0.590764
3 72 0.173567
3 73 0.762739
3 74 0.746815
3 75 0.207006
3 76 0.375796
3 77 0.555732
3 78 0.646497
3 79 0.324841
3 80 0.536624
3 81 0.253185
3 82 0.076433
3 83 0.578025
3 84 0.234076
3 85 0.275478
3 86 0.350318
3 87 0.234076
3 88 0.361465
3 89 0.640127
3 90 0.366242
3 91 0.707006
3 92 0.418790
3 93 0.345541
3 94 0.606688
3 95 0.597134
3 96 0.184713
3 97 0.468153
3 98 0.380573
3 99 0.624204
4 5 0.461783
4 6 0.203822
4 7 0.668790
4 8 0.441083
4 9 0.619427
4 10 0.939490
4 11 0.657643
4 12 0.789809
4 13 0.998408
4 14 0.585987
4 15 0.592357
4 16 0.367834
4 17 0.283439
4 18 0.668790
4 19 0.375796
4 20 0.579618
4 21 0.388535
4 22 0.662420
4 23 0.511146
4 24 0.289809
4 25 0.294586
4 26 0.382166
4 27 0.673567
4 28 0.240446
4 29 0.764331
4 30 0.414013
4 31 0.428344
4 32 0.574841
4 33 0.649682
4 34 0.772293
4 35 0.804140
4 36 0.350318
4 37 0.557325
4 38 0.347134
4 39 0.423567
4 40 0.484076
4 41 0.420382
4 42 0.920382
4 43 0.686306
4 44 0.492038
4 45 0.355096
4 46 0.310510
4 47 0.471338
4 48 0.433121
4 49 0.195860
4 50 0.734076
4 51 0.455414
4 52 0.713376
4 53 0.563694
4 54 0.496815
4 55 0.593949
4 56 0.641720
4 57 0.552548
4 58 0.619427
4 59 0.630573
4 60 0.563694
4 61 0.667197
4 62 0.160828
4 63 0.804140
4 64 0.380573
4 65 0.378981
4 66 0.823248
4 67 0.750000
4 68 0.813694
4 69 0.514331
4 70 0.643312
4 71 0.574841
4 72 0.412420
4 73 0.834395
4 74 0.781847
4 75 0.393312
4 76 0.613057
4 77 0.487261
4 78 0.640127
4 79 0.434713
4 80 0.665605
4 81 0.469745
4 82 0.283439
4 83 0.525478
4 84 0.012739
4 85 0.222930
4 86 0.587580
4 87 0.192675
4 88 0.277070
4 89 0.835987
4 90 0.321656
4 91 0.757962
4 92 0.542994
4 93 0.409236
4 94 0.558917
4 95 0.794586
4 96 0.356688
4 97 0.624204
4 98 0.316879
4 99 0.628981
5 6 0.461783
5 7 0.372611
5 8 0.100318
5 9 0.157643
5 10 0.568471
5 11 0.509554
5 12 0.477707
5 13 0.633758
5 14 0.203822
5 15 0.581210
5 16 0.316879
5 17 0.414013
5 18 0.214968
5 19 0.363057
5 20 0.515924
5 21 0.071656
5 22 0.259554
5 23 0.162420
5 24 0.375796
5 25 0.235669
5 26 0.237261
5 27 0.369427
5 28 0.222930
5 29 0.418790
5 30 0.326433
5 31 0.318471
5 32 0.173567
5 33 0.251592
5 34 0.527070
5 35 0.429936
5 36 0.127389
5 37 0.095541
5 38 0.194268
5 39 0.270701
5 40 0.164013
5 41 0.363057
5 42 0.535032
5 43 0.568471
5 44 0.549363
5 45 0.170382
5 46 0.280255
5 47 0.195860
5 48 0.066879
5 49 0.294586
5 50 0.331210
5 51 0.100318
5 52 0.570064
5 53 0.136943
5 54 0.584395
5 55 0.218153
5 56 0.595541
5 57 0.565287
5 58 0.170382
5 59 0.218153
5 60 0.563694
5 61 0.257962
5 62 0.304140
5 63 0.417197
5 64 0.154459
5 65 0.105096
5 66 0.428344
5 67 0.506369
5 68 0.507962
5 69 0.398089
5 70 0.310510
5 71 0.519108
5 72 0.191083
5 73 0.576433
5 74 0.595541
5 75 0.073248
5 76 0.230892
5 77 0.549363
5 78 0.557325
5 79 0.187898
5 80 0.313694
5 81 0.046178
5 82 0.187898
5 83 0.549363
5 84 0.452229
5 85 0.363057
5 86 0.216561
5 87 0.343949
5 88 0.428344
5 89 0.380573
5 90 0.394904
5 91 0.546178
5 92 0.222930
5 93 0.262739
5 94 0.566879
5 95 0.337580
5 96 0.111465
5 97 0.227707
5 98 0.420382
5 99 0.523885
6 7 0.544586
6 8 0.399682
6 9 0.608280
6 10 0.823248
6 11 0.484076
6 12 0.657643
6 13 0.877389
6 14 0.636943
6 15 0.394904
6 16 0.229299
6 17 0.101911
6 18 0.632166
6 19 0.216561
6 20 0.393312
6 21 0.398089
6 22 0.708599
6 23 0.568471
6 24 0.128981
6 25 0.396497
6 26 0.283439
6 27 0.550955
6 28 0.259554
6 29 0.648089
6 30 0.270701
6 31 0.288217
6 32 0.617834
6 33 0.574841
6 34 0.616242
6 35 0.699045
6 36 0.334395
6 37 0.552548
6 38 0.283439
6 39 0.304140
6 40 0.412420
6 41 0.261146
6 42 0.815287
6 43 0.503185
6 44 0.291401
6 45 0.304140
6 46 0.205414
6 47 0.550955
6 48 0.409236
6 49 0.310510
6 50 0.781847
6 51 0.412420
6 52 0.533439
6 53 0.519108
6 54 0.292994
6 55 0.517516
6 56 0.445860
6 57 0.353503
6 58 0.581210
6 59 0.565287
6 60 0.366242
6 61 0.710191
6 62 0.208599
6 63 0.705414
6 64 0.447452
6 65 0.420382
6 66 0.727707
6 67 0.595541
6 68 0.676752
6 69 0.351911
6 70 0.538217
6 71 0.385350
6 72 0.496815
6 73 0.678344
6 74 0.609873
6 75 0.390127
6 76 0.667197
6 77 0.285032
6 78 0.452229
6 79 0.353503
6 80 0.565287
6 81 0.490446
6 82 0.339172
6 83 0.326433
6 84 0.191083
6 85 0.101911
6 86 0.644904
6 87 0.121019
6 88 0.089172
6 89 0.791401
6 90 0.148089
6 91 0.595541
6 92 0.452229
6 93 0.294586
6 94 0.361465
6 95 0.753185
6 96 0.351911
6 97 0.552548
6 98 0.130573
6 99 0.447452
7 8 0.294586
7 9 0.358280
7 10 0.278662
7 11 0.210191
7 12 0.121019
7 13 0.332803
7 14 0.536624
7 15 0.367834
7 16 0.315287
7 17 0.445860
7 18 0.297771
7 19 0.331210
7 20 0.291401
7 21 0.396497
7 22 0.558917
7 23 0.523885
7 24 0.414013
7 25 0.573248
7 26 0.286624
7 27 0.009554
7 28 0.464968
7 29 0.105096
7 30 0.273885
7 31 0.256369
7 32 0.504777
7 33 0.170382
7 34 0.157643
7 35 0.164013
7 36 0.372611
7 37 0.364650
7 38 0.331210
7 39 0.245223
7 40 0.221338
7 41 0.288217
7 42 0.273885
7 43 0.270701
7 44 0.414013
7 45 0.332803
7 46 0.359873
7 47 0.568471
7 48 0.328025
7 49 0.585987
7 50 0.606688
7 51 0.285032
7 52 0.251592
7 53 0.254777
7 54 0.455414
7 55 0.162420
7 56 0.347134
7 57 0.380573
7 58 0.283439
7 59 0.199045
7 60 0.369427
7 61 0.550955
7 62 0.525478
7 63 0.181529
7 64 0.517516
7 65 0.460191
7 66 0.207006
7 67 0.138535
7 68 0.148089
7 69 0.221338
7 70 0.066879
7 71 0.300955
7 72 0.560510
7 73 0.203822
7 74 0.243631
7 75 0.377389
7 76 0.555732
7 77 0.417197
7 78 0.292994
7 79 0.245223
7 80 0.085987
7 81 0.415605
7 82 0.495223
7 83 0.385350
7 84 0.656051
7 85 0.461783
7 86 0.554140
7 87 0.479299
7 88 0.461783
7 89 0.366242
7 90 0.399682
7 91 0.186306
7 92 0.152866
7 93 0.261146
7 94 0.377389
7 95 0.353503
7 96 0.386943
7 97 0.175159
7 98 0.425159
7 99 0.256369
8 9 0.211783
8 10 0.525478
8 11 0.412420
8 12 0.409236
8 13 0.589172
8 14 0.302548
8 15 0.480892
8 16 0.224522
8 17 0.335987
8 18 0.234076
8 19 0.270701
8 20 0.415605
8 21 0.101911
8 22 0.355096
8 23 0.261146
8 24 0.296178
8 25 0.278662
8 26 0.141720
8 27 0.292994
8 28 0.202229
8 29 0.359873
8 30 0.229299
8 31 0.218153
8 32 0.272293
8 33 0.214968
8 34 0.444268
8 35 0.385350
8 36 0.092357
8 37 0.164013
8 38 0.116242
8 39 0.171975
8 40 0.073248
8 41 0.264331
8 42 0.496815
8 43 0.469745
8 44 0.452229
8 45 0.095541
8 46 0.199045
8 47 0.289809
8 48 0.035032
8 49 0.307325
8 50 0.423567
8 51 0.014331
8 52 0.474522
8 53 0.124204
8 54 0.488854
8 55 0.164013
8 56 0.495223
8 57 0.464968
8 58 0.184713
8 59 0.191083
8 60 0.463376
8 61 0.351911
8 62 0.280255
8 63 0.378981
8 64 0.224522
8 65 0.165605
8 66 0.393312
8 67 0.421975
8 68 0.439490
8 69 0.297771
8 70 0.242038
8 71 0.417197
8 72 0.270701
8 73 0.496815
8 74 0.504777
8 75 0.081210
8 76 0.329618
8 77 0.452229
8 78 0.457006
8 79 0.087580
8 80 0.253185
8 81 0.146497
8 82 0.207006
8 83 0.450637
8 84 0.428344
8 85 0.297771
8 86 0.316879
8 87 0.288217
8 88 0.350318
8 89 0.399682
8 90 0.308917
8 91 0.457006
8 92 0.140127
8 93 0.164013
8 94 0.466561
8 95 0.359873
8 96 0.097134
8 97 0.187898
8 98 0.337580
8 99 0.423567
9 10 0.479299
9 11 0.544586
9 12 0.436306
9 13 0.542994
9 14 0.192675
9 15 0.654459
9 16 0.431529
9 17 0.547771
9 18 0.084395
9 19 0.474522
9 20 0.581210
9 21 0.229299
9 22 0.200637
9 23 0.211783
9 24 0.507962
9 25 0.378981
9 26 0.350318
9 27 0.351911
9 28 0.380573
9 29 0.364650
9 30 0.425159
9 31 0.412420
9 32 0.162420
9 33 0.192675
9 34 0.515924
9 35 0.353503
9 36 0.277070
9 37 0.062102
9 38 0.326433
9 39 0.366242
9 40 0.230892
9 41 0.461783
9 42 0.436306
9 43 0.606688
9 44 0.646497
9 45 0.304140
9 46 0.410828
9 47 0.272293
9 48 0.199045
9 49 0.449045
9 50 0.248408
9 51 0.200637
9 52 0.598726
9 53 0.119427
9 54 0.686306
9 55 0.200637
9 56 0.657643
9 57 0.648089
9 58 0.076433
9 59 0.160828
9 60 0.643312
9 61 0.191083
9 62 0.461783
9 63 0.331210
9 64 0.285032
9 65 0.253185
9 66 0.332803
9 67 0.496815
9 68 0.464968
9 69 0.468153
9 70 0.291401
9 71 0.585987
9 72 0.297771
9 73 0.550955
9 74 0.601911
9 75 0.227707
9 76 0.203822
9 77 0.648089
9 78 0.609873
9 79 0.283439
9 80 0.277070
9 81 0.159236
9 82 0.343949
9 83 0.638535
9 84 0.609873
9 85 0.506369
9 86 0.210191
9 87 0.493631
9 88 0.562102
9 89 0.230892
9 90 0.519108
9 91 0.546178
9 92 0.250000
9 93 0.364650
9 94 0.648089
9 95 0.187898
9 96 0.265924
9 97 0.183121
9 98 0.547771
9 99 0.573248
10 11 0.425159
10 12 0.178344
10 13 0.063694
10 14 0.670382
10 15 0.598726
10 16 0.593949
10 17 0.724522
10 18 0.393312
10 19 0.609873
10 20 0.531847
10 21 0.617834
10 22 0.660828
10 23 0.686306
10 24 0.694268
10 25 0.799363
10 26 0.557325
10 27 0.272293
10 28 0.719745
10 29 0.176752
10 30 0.552548
10 31 0.535032
10 32 0.641720
10 33 0.316879
10 34 0.275478
10 35 0.140127
10 36 0.616242
10 37 0.517516
10 38 0.593949
10 39 0.522293
10 40 0.463376
10 41 0.566879
10 42 0.049363
10 43 0.464968
10 44 0.670382
10 45 0.589172
10 46 0.633758
10 47 0.743631
10 48 0.549363
10 49 0.832803
10 50 0.679936
10 51 0.511146
10 52 0.429936
10 53 0.431529
10 54 0.710191
10 55 0.359873
10 56 0.562102
10 57 0.624204
10 58 0.415605
10 59 0.350318
10 60 0.609873
10 61 0.649682
10 62 0.789809
10 63 0.151274
10 64 0.724522
10 65 0.673567
10 66 0.144904
10 67 0.281847
10 68 0.171975
10 69 0.492038
10 70 0.294586
10 71 0.541401
10 72 0.756369
10 73 0.243631
10 74 0.364650
10 75 0.601911
10 76 0.678344
10 77 0.673567
10 78 0.509554
10 79 0.504777
10 80 0.275478
10 81 0.601911
10 82 0.732484
10 83 0.635350
10 84 0.926752
10 85 0.738854
10 86 0.687898
10 87 0.754777
10 88 0.740446
10 89 0.328025
10 90 0.679936
10 91 0.323248
10 92 0.398089
10 93 0.536624
10 94 0.619427
10 95 0.348726
10 96 0.622611
10 97 0.342357
10 98 0.703822
10 99 0.479299
11 12 0.250000
11 13 0.458599
11 14 0.702229
11 15 0.173567
11 16 0.296178
11 17 0.383758
11 18 0.498408
11 19 0.280255
11 20 0.111465
11 21 0.507962
11 22 0.738854
11 23 0.671975
11 24 0.367834
11 25 0.656051
11 26 0.324841
11 27 0.221338
11 28 0.512739
11 29 0.292994
11 30 0.251592
11 31 0.243631
11 32 0.670382
11 33 0.371019
11 34 0.156051
11 35 0.355096
11 36 0.458599
11 37 0.535032
11 38 0.386943
11 39 0.272293
11 40 0.345541
11 41 0.237261
11 42 0.441083
11 43 0.060510
11 44 0.254777
11 45 0.399682
11 46 0.364650
11 47 0.702229
11 48 0.449045
11 49 0.636943
11 50 0.792994
11 51 0.409236
11 52 0.062102
11 53 0.428344
11 54 0.291401
11 55 0.343949
11 56 0.140127
11 57 0.200637
11 58 0.472930
11 59 0.394904
11 60 0.186306
11 61 0.730892
11 62 0.549363
11 63 0.378981
11 64 0.628981
11 65 0.570064
11 66 0.402866
11 67 0.143312
11 68 0.253185
11 69 0.144904
11 70 0.267516
11 71 0.121019
11 72 0.679936
11 73 0.210191
11 74 0.124204
11 75 0.487261
11 76 0.724522
11 77 0.259554
11 78 0.085987
11 79 0.331210
11 80 0.294586
11 81 0.557325
11 82 0.571656
11 83 0.216561
11 84 0.643312
11 85 0.433121
11 86 0.718153
11 87 0.468153
11 88 0.394904
11 89 0.578025
11 90 0.339172
11 91 0.117834
11 92 0.297771
11 93 0.288217
11 94 0.194268
11 95 0.563694
11 96 0.479299
11 97 0.369427
11 98 0.353503
11 99 0.054140
12 13 0.222930
12 14 0.624204
12 15 0.423567
12 16 0.429936
12 17 0.555732
12 18 0.361465
12 19 0.441083
12 20 0.353503
12 21 0.511146
12 22 0.635350
12 23 0.622611
12 24 0.527070
12 25 0.689490
12 26 0.407643
12 27 0.117834
12 28 0.585987
12 29 0.074841
12 30 0.386943
12 31 0.369427
12 32 0.593949
12 33 0.243631
12 34 0.114650
12 35 0.122611
12 36 0.492038
12 37 0.455414
12 38 0.452229
12 39 0.364650
12 40 0.339172
12 41 0.396497
12 42 0.191083
12 43 0.294586
12 44 0.492038
12 45 0.453822
12 46 0.477707
12 47 0.670382
12 48 0.441083
12 49 0.705414
12 50 0.673567
12 51 0.398089
12 52 0.262739
12 53 0.350318
12 54 0.530255
12 55 0.259554
12 56 0.388535
12 57 0.447452
12 58 0.361465
12 59 0.278662
12 60 0.433121
12 61 0.625796
12 62 0.646497
12 63 0.151274
12 64 0.628981
12 65 0.571656
12 66 0.171975
12 67 0.111465
12 68 0.030255
12 69 0.315287
12 70 0.167197
12 71 0.363057
12 72 0.668790
12 73 0.119427
12 74 0.214968
12 75 0.492038
12 76 0.640127
12 77 0.495223
12 78 0.335987
12 79 0.366242
12 80 0.165605
12 81 0.519108
12 82 0.613057
12 83 0.457006
12 84 0.775478
12 85 0.578025
12 86 0.641720
12 87 0.598726
12 88 0.570064
12 89 0.375796
12 90 0.509554
12 91 0.162420
12 92 0.269108
12 93 0.378981
12 94 0.441083
12 95 0.377389
12 96 0.504777
12 97 0.259554
12 98 0.533439
12 99 0.304140
13 14 0.734076
13 15 0.632166
13 16 0.648089
13 17 0.777070
13 18 0.457006
13 19 0.662420
13 20 0.568471
13 21 0.683121
13 22 0.721338
13 23 0.751592
13 24 0.746815
13 25 0.863057
13 26 0.616242
13 27 0.328025
13 28 0.781847
13 29 0.234076
13 30 0.606688
13 31 0.589172
13 32 0.705414
13 33 0.382166
13 34 0.302548
13 35 0.203822
13 36 0.678344
13 37 0.582803
13 38 0.654459
13 39 0.579618
13 40 0.525478
13 41 0.617834
13 42 0.108280
13 43 0.490446
13 44 0.708599
13 45 0.651274
13 46 0.691083
13 47 0.808917
13 48 0.613057
13 49 0.896497
13 50 0.738854
13 51 0.574841
13 52 0.455414
13 53 0.496815
13 54 0.746815
13 55 0.425159
13 56 0.590764
13 57 0.659236
13 58 0.479299
13 59 0.415605
13 60 0.644904
13 61 0.710191
13 62 0.850318
13 63 0.214968
13 64 0.789809
13 65 0.737261
13 66 0.208599
13 67 0.313694
13 68 0.208599
13 69 0.538217
13 70 0.355096
13 71 0.578025
13 72 0.821656
13 73 0.261146
13 74 0.383758
13 75 0.667197
13 76 0.740446
13 77 0.713376
13 78 0.539809
13 79 0.565287
13 80 0.337580
13 81 0.665605
13 82 0.796178
13 83 0.673567
13 84 0.985669
13 85 0.794586
13 86 0.750000
13 87 0.812102
13 88 0.792994
13 89 0.382166
13 90 0.730892
13 91 0.348726
13 92 0.460191
13 93 0.592357
13 94 0.654459
13 95 0.406051
13 96 0.686306
13 97 0.406051
13 98 0.754777
13 99 0.512739
14 15 0.783439
14 16 0.519108
14 17 0.605096
14 18 0.277070
14 19 0.565287
14 20 0.718153
14 21 0.246815
14 22 0.076433
14 23 0.074841
14 24 0.568471
14 25 0.296178
14 26 0.439490
14 27 0.531847
14 28 0.378981
14 29 0.554140
14 30 0.530255
14 31 0.522293
14 32 0.031847
14 33 0.380573
14 34 0.695860
14 35 0.546178
14 36 0.315287
14 37 0.171975
14 38 0.393312
14 39 0.474522
14 40 0.358280
14 41 0.566879
14 42 0.625796
14 43 0.762739
14 44 0.753185
14 45 0.369427
14 46 0.476115
14 47 0.127389
14 48 0.270701
14 49 0.391720
14 50 0.148089
14 51 0.300955
14 52 0.761146
14 53 0.281847
14 54 0.786624
14 55 0.374204
14 56 0.796178
14 57 0.769108
14 58 0.264331
14 59 0.345541
14 60 0.767516
14 61 0.081210
14 62 0.447452
14 63 0.523885
14 64 0.205414
14 65 0.216561
14 66 0.525478
14 67 0.676752
14 68 0.654459
14 69 0.600318
14 70 0.469745
14 71 0.721338
14 72 0.181529
14 73 0.735669
14 74 0.775478
14 75 0.259554
14 76 0.028662
14 77 0.751592
14 78 0.754777
14 79 0.391720
14 80 0.461783
14 81 0.159236
14 82 0.307325
14 83 0.753185
14 84 0.579618
14 85 0.542994
14 86 0.017516
14 87 0.515924
14 88 0.617834
14 89 0.391720
14 90 0.590764
14 91 0.721338
14 92 0.404459
14 93 0.466561
14 94 0.770701
14 95 0.350318
14 96 0.292994
14 97 0.366242
14 98 0.616242
14 99 0.721338
15 16 0.288217
15 17 0.308917
15 18 0.624204
15 19 0.250000
15 20 0.076433
15 21 0.557325
15 22 0.832803
15 23 0.740446
15 24 0.313694
15 25 0.670382
15 26 0.353503
15 27 0.377389
15 28 0.512739
15 29 0.460191
15 30 0.259554
15 31 0.264331
15 32 0.753185
15 33 0.507962
15 34 0.328025
15 35 0.523885
15 36 0.495223
15 37 0.630573
15 38 0.412420
15 39 0.310510
15 40 0.429936
15 41 0.227707
15 42 0.614650
15 43 0.146497
15 44 0.109873
15 45 0.433121
15 46 0.355096
15 47 0.756369
15 48 0.514331
15 49 0.624204
15 50 0.896497
15 51 0.482484
15 52 0.184713
15 53 0.535032
15 54 0.132166
15 55 0.466561
15 56 0.054140
15 57 0.042994
15 58 0.589172
15 59 0.522293
15 60 0.028662
15 61 0.828025
15 62 0.523885
15 63 0.544586
15 64 0.667197
15 65 0.614650
15 66 0.570064
15 67 0.318471
15 68 0.426752
15 69 0.186306
15 70 0.412420
15 71 0.068471
15 72 0.721338
15 73 0.377389
15 74 0.267516
15 75 0.538217
15 76 0.810510
15 77 0.116242
15 78 0.090764
15 79 0.391720
15 80 0.442675
15 81 0.627389
15 82 0.587580
15 83 0.070064
15 84 0.579618
15 85 0.382166
15 86 0.799363
15 87 0.423567
15 88 0.313694
15 89 0.729299
15 90 0.278662
15 91 0.285032
15 92 0.406051
15 93 0.320064
15 94 0.035032
15 95 0.708599
15 96 0.519108
15 97 0.498408
15 98 0.277070
15 99 0.119427
16 17 0.135350
16 18 0.433121
16 19 0.046178
16 20 0.243631
16 21 0.277070
16 22 0.578025
16 23 0.464968
16 24 0.100318
16 25 0.380573
16 26 0.081210
16 27 0.321656
16 28 0.226115
16 29 0.418790
16 30 0.046178
16 31 0.060510
16 32 0.492038
16 33 0.355096
16 34 0.402866
16 35 0.468153
16 36 0.211783
16 37 0.388535
16 38 0.127389
16 39 0.078025
16 40 0.205414
16 41 0.063694
16 42 0.584395
16 43 0.334395
16 44 0.234076
16 45 0.151274
16 46 0.070064
16 47 0.474522
16 48 0.250000
16 49 0.345541
16 50 0.646497
16 51 0.232484
16 52 0.355096
16 53 0.321656
16 54 0.267516
16 55 0.297771
16 56 0.320064
16 57 0.262739
16 58 0.386943
16 59 0.351911
16 60 0.264331
16 61 0.574841
16 62 0.253185
16 63 0.476115
16 64 0.380573
16 65 0.329618
16 66 0.500000
16 67 0.380573
16 68 0.452229
16 69 0.151274
16 70 0.307325
16 71 0.242038
16 72 0.434713
16 73 0.464968
16 74 0.418790
16 75 0.261146
16 76 0.547771
16 77 0.234076
16 78 0.299363
16 79 0.148089
16 80 0.337580
16 81 0.358280
16 82 0.297771
16 83 0.242038
16 84 0.353503
16 85 0.148089
16 86 0.531847
16 87 0.175159
16 88 0.151274
16 89 0.581210
16 90 0.095541
16 91 0.390127
16 92 0.229299
16 93 0.071656
16 94 0.265924
16 95 0.547771
16 96 0.235669
16 97 0.334395
16 98 0.124204
16 99 0.278662
17 18 0.560510
17 19 0.114650
17 20 0.296178
17 21 0.358280
17 22 0.671975
17 23 0.541401
17 24 0.039809
17 25 0.402866
17 26 0.203822
17 27 0.452229
17 28 0.248408
17 29 0.550955
17 30 0.171975
17 31 0.189490
17 32 0.581210
17 33 0.490446
17 34 0.514331
17 35 0.603503
17 36 0.289809
17 37 0.496815
17 38 0.221338
17 39 0.213376
17 40 0.334395
17 41 0.159236
17 42 0.718153
17 43 0.404459
17 44 0.214968
17 45 0.245223
17 46 0.135350
17 47 0.536624
17 48 0.353503
17 49 0.335987
17 50 0.743631
17 51 0.347134
17 52 0.434713
17 53 0.447452
17 54 0.227707
17 55 0.433121
17 56 0.356688
17 57 0.270701
17 58 0.511146
17 59 0.484076
17 60 0.280255
17 61 0.670382
17 62 0.229299
17 63 0.611465
17 64 0.434713
17 65 0.394904
17 66 0.635350
17 67 0.493631
17 68 0.574841
17 69 0.250000
17 70 0.442675
17 71 0.291401
17 72 0.487261
17 73 0.576433
17 74 0.509554
17 75 0.345541
17 76 0.633758
17 77 0.210191
17 78 0.356688
17 79 0.275478
17 80 0.472930
17 81 0.449045
17 82 0.331210
17 83 0.243631
17 84 0.270701
17 85 0.079618
17 86 0.614650
17 87 0.122611
17 88 0.015924
17 89 0.713376
17 90 0.046178
17 91 0.493631
17 92 0.364650
17 93 0.205414
17 94 0.277070
17 95 0.678344
17 96 0.312102
17 97 0.468153
17 98 0.031847
17 99 0.348726
18 19 0.474522
18 20 0.549363
18 21 0.285032
18 22 0.275478
18 23 0.296178
18 24 0.520701
18 25 0.449045
18 26 0.356688
18 27 0.289809
18 28 0.426752
18 29 0.286624
18 30 0.418790
18 31 0.402866
18 32 0.248408
18 33 0.127389
18 34 0.449045
18 35 0.270701
18 36 0.316879
18 37 0.135350
18 38 0.348726
18 39 0.359873
18 40 0.227707
18 41 0.452229
18 42 0.350318
18 43 0.560510
18 44 0.632166
18 45 0.329618
18 46 0.428344
18 47 0.356688
18 48 0.235669
18 49 0.511146
18 50 0.312102
18 51 0.221338
18 52 0.547771
18 53 0.113057
18 54 0.671975
18 55 0.157643
18 56 0.621019
18 57 0.624204
18 58 0.049363
18 59 0.103503
18 60 0.617834
18 61 0.264331
18 62 0.507962
18 63 0.248408
18 64 0.359873
18 65 0.320064
18 66 0.248408
18 67 0.433121
18 68 0.390127
18 69 0.441083
18 70 0.232484
18 71 0.555732
18 72 0.378981
18 73 0.479299
18 74 0.541401
18 75 0.277070
18 76 0.286624
18 77 0.632166
18 78 0.570064
18 79 0.285032
18 80 0.211783
18 81 0.230892
18 82 0.402866
18 83 0.617834
18 84 0.657643
18 85 0.530255
18 86 0.292994
18 87 0.523885
18 88 0.576433
18 89 0.167197
18 90 0.527070
18 91 0.484076
18 92 0.221338
18 93 0.363057
18 94 0.622611
18 95 0.124204
18 96 0.312102
18 97 0.127389
18 98 0.555732
18 99 0.531847
19 20 0.213376
19 21 0.323248
19 22 0.624204
19 23 0.511146
19 24 0.089172
19 25 0.420382
19 26 0.127389
19 27 0.337580
19 28 0.262739
19 29 0.436306
19 30 0.058917
19 31 0.078025
19 32 0.538217
19 33 0.390127
19 34 0.401274
19 35 0.490446
19 36 0.256369
19 37 0.433121
19 38 0.173567
19 39 0.113057
19 40 0.246815
19 41 0.046178
19 42 0.603503
19 43 0.312102
19 44 0.189490
19 45 0.197452
19 46 0.105096
19 47 0.519108
19 48 0.296178
19 49 0.375796
19 50 0.694268
19 51 0.277070
19 52 0.335987
19 53 0.364650
19 54 0.221338
19 55 0.334395
19 56 0.286624
19 57 0.219745
19 58 0.428344
19 59 0.388535
19 60 0.224522
19 61 0.622611
19 62 0.278662
19 63 0.500000
19 64 0.425159
19 65 0.374204
19 66 0.523885
19 67 0.380573
19 68 0.460191
19 69 0.138535
19 70 0.332803
19 71 0.210191
19 72 0.479299
19 73 0.464968
19 74 0.406051
19 75 0.307325
19 76 0.593949
19 77 0.187898
19 78 0.270701
19 79 0.191083
19 80 0.363057
19 81 0.404459
19 82 0.337580
19 83 0.199045
19 84 0.361465
19 85 0.152866
19 86 0.578025
19 87 0.187898
19 88 0.128981
19 89 0.617834
19 90 0.068471
19 91 0.383758
19 92 0.264331
19 93 0.111465
19 94 0.224522
19 95 0.585987
19 96 0.280255
19 97 0.371019
19 98 0.093949
19 99 0.254777
20 21 0.498408
20 22 0.762739
20 23 0.676752
20 24 0.289809
20 25 0.624204
20 26 0.296178
20 27 0.300955
20 28 0.469745
20 29 0.386943
20 30 0.207006
20 31 0.207006
20 32 0.686306
20 33 0.431529
20 34 0.267516
20 35 0.449045
20 36 0.439490
20 37 0.558917
20 38 0.358280
20 39 0.250000
20 40 0.359873
20 41 0.179936
20 42 0.542994
20 43 0.109873
20 44 0.143312
20 45 0.377389
20 46 0.313694
20 47 0.697452
20 48 0.450637
20 49 0.587580
20 50 0.824841
20 51 0.415605
20 52 0.143312
20 53 0.461783
20 54 0.178344
20 55 0.391720
20 56 0.079618
20 57 0.092357
20 58 0.515924
20 59 0.445860
20 60 0.079618
20 61 0.757962
20 62 0.492038
20 63 0.469745
20 64 0.613057
20 65 0.557325
20 66 0.495223
20 67 0.254777
20 68 0.359873
20 69 0.116242
20 70 0.334395
20 71 0.009554
20 72 0.665605
20 73 0.323248
20 74 0.226115
20 75 0.477707
20 76 0.742038
20 77 0.148089
20 78 0.058917
20 79 0.326433
20 80 0.364650
20 81 0.562102
20 82 0.539809
20 83 0.105096
20 84 0.565287
20 85 0.359873
20 86 0.732484
20 87 0.398089
20 88 0.305732
20 89 0.652866
20 90 0.257962
20 91 0.229299
20 92 0.331210
20 93 0.261146
20 94 0.087580
20 95 0.632166
20 96 0.461783
20 97 0.421975
20 98 0.264331
20 99 0.058917
21 22 0.313694
21 23 0.187898
21 24 0.321656
21 25 0.179936
21 26 0.203822
21 27 0.396497
21 28 0.151274
21 29 0.458599
21 30 0.296178
21 31 0.291401
21 32 0.221338
21 33 0.300955
21 34 0.546178
21 35 0.477707
21 36 0.068471
21 37 0.167197
21 38 0.149682
21 39 0.248408
21 40 0.175159
21 41 0.331210
21 42 0.587580
21 43 0.562102
21 44 0.512739
21 45 0.125796
21 46 0.229299
21 47 0.199045
21 48 0.070064
21 49 0.226115
21 50 0.385350
21 51 0.111465
21 52 0.570064
21 53 0.192675
21 54 0.544586
21 55 0.257962
21 56 0.578025
21 57 0.536624
21 58 0.237261
21 59 0.272293
21 60 0.536624
21 61 0.313694
21 62 0.230892
21 63 0.468153
21 64 0.122611
21 65 0.063694
21 66 0.480892
21 67 0.523885
21 68 0.541401
21 69 0.382166
21 70 0.342357
21 71 0.498408
21 72 0.171975
21 73 0.598726
21 74 0.605096
21 75 0.020701
21 76 0.275478
21 77 0.512739
21 78 0.544586
21 79 0.176752
21 80 0.351911
21 81 0.090764
21 82 0.119427
21 83 0.519108
21 84 0.378981
21 85 0.299363
21 86 0.256369
21 87 0.277070
21 88 0.371019
21 89 0.450637
21 90 0.343949
21 91 0.558917
21 92 0.243631
21 93 0.235669
21 94 0.538217
21 95 0.407643
21 96 0.046178
21 97 0.275478
21 98 0.369427
21 99 0.512739
22 23 0.151274
22 24 0.633758
22 25 0.372611
22 26 0.496815
22 27 0.552548
22 28 0.452229
22 29 0.562102
22 30 0.584395
22 31 0.574841
22 32 0.090764
22 33 0.393312
22 34 0.716561
22 35 0.544586
22 36 0.380573
22 37 0.203822
22 38 0.455414
22 39 0.527070
22 40 0.402866
22 41 0.621019
22 42 0.613057
22 43 0.799363
22 44 0.808917
22 45 0.429936
22 46 0.539809
22 47 0.200637
22 48 0.326433
22 49 0.468153
22 50 0.073248
22 51 0.350318
22 52 0.794586
22 53 0.310510
22 54 0.845541
22 55 0.398089
22 56 0.840764
22 57 0.820064
22 58 0.277070
22 59 0.361465
22 60 0.818471
22 61 0.011146
22 62 0.520701
22 63 0.520701
22 64 0.281847
22 65 0.289809
22 66 0.519108
22 67 0.697452
22 68 0.664013
22 69 0.646497
22 70 0.492038
22 71 0.767516
22 72 0.256369
22 73 0.751592
22 74 0.802548
22 75 0.324841
22 76 0.050955
22 77 0.808917
22 78 0.797771
22 79 0.442675
22 80 0.479299
22 81 0.221338
22 82 0.382166
22 83 0.807325
22 84 0.656051
22 85 0.613057
22 86 0.076433
22 87 0.587580
22 88 0.684713
22 89 0.359873
22 90 0.654459
22 91 0.746815
22 92 0.439490
22 93 0.520701
22 94 0.821656
22 95 0.323248
22 96 0.359873
22 97 0.383758
22 98 0.679936
22 99 0.761146
23 24 0.506369
23 25 0.221338
23 26 0.388535
23 27 0.519108
23 28 0.308917
23 29 0.555732
23 30 0.482484
23 31 0.474522
23 32 0.070064
23 33 0.380573
23 34 0.681529
23 35 0.555732
23 36 0.254777
23 37 0.168790
23 38 0.337580
23 39 0.428344
23 40 0.326433
23 41 0.517516
23 42 0.644904
23 43 0.730892
23 44 0.700637
23 45 0.313694
23 46 0.417197
23 47 0.063694
23 48 0.226115
23 49 0.316879
23 50 0.222930
23 51 0.262739
23 52 0.732484
23 53 0.272293
23 54 0.734076
23 55 0.363057
23 56 0.756369
23 57 0.721338
23 58 0.270701
23 59 0.345541
23 60 0.721338
23 61 0.156051
23 62 0.374204
23 63 0.536624
23 64 0.130573
23 65 0.148089
23 66 0.541401
23 67 0.660828
23 68 0.652866
23 69 0.558917
23 70 0.460191
23 71 0.678344
23 72 0.108280
23 73 0.726115
23 74 0.754777
23 75 0.203822
23 76 0.101911
23 77 0.699045
23 78 0.718153
23 79 0.348726
23 80 0.457006
23 81 0.114650
23 82 0.234076
23 83 0.705414
23 84 0.504777
23 85 0.477707
23 86 0.078025
23 87 0.447452
23 88 0.554140
23 89 0.433121
23 90 0.531847
23 91 0.703822
23 92 0.380573
23 93 0.418790
23 94 0.724522
23 95 0.390127
23 96 0.232484
23 97 0.363057
23 98 0.555732
23 99 0.686306
24 25 0.377389
24 26 0.164013
24 27 0.420382
24 28 0.219745
24 29 0.517516
24 30 0.140127
24 31 0.157643
24 32 0.542994
24 33 0.452229
24 34 0.492038
24 35 0.568471
24 36 0.253185
24 37 0.458599
24 38 0.181529
24 39 0.176752
24 40 0.294586
24 41 0.135350
24 42 0.684713
24 43 0.394904
24 44 0.227707
24 45 0.205414
24 46 0.095541
24 47 0.503185
24 48 0.313694
24 49 0.316879
24 50 0.705414
24 51 0.307325
24 52 0.421975
24 53 0.407643
24 54 0.246815
24 55 0.393312
24 56 0.356688
24 57 0.277070
24 58 0.471338
24 59 0.444268
24 60 0.285032
24 61 0.633758
24 62 0.211783
24 63 0.576433
24 64 0.402866
24 65 0.359873
24 66 0.600318
24 67 0.469745
24 68 0.547771
24 69 0.227707
24 70 0.407643
24 71 0.285032
24 72 0.455414
24 73 0.554140
24 74 0.493631
24 75 0.308917
24 76 0.597134
24 77 0.224522
24 78 0.350318
24 79 0.235669
24 80 0.437898
24 81 0.410828
24 82 0.302548
24 83 0.250000
24 84 0.275478
24 85 0.068471
24 86 0.579618
24 87 0.109873
24 88 0.055732
24 89 0.673567
24 90 0.035032
24 91 0.472930
24 92 0.326433
24 93 0.167197
24 94 0.281847
24 95 0.638535
24 96 0.275478
24 97 0.429936
24 98 0.049363
24 99 0.339172
25 26 0.331210
25 27 0.571656
25 28 0.157643
25 29 0.638535
25 30 0.417197
25 31 0.418790
25 32 0.289809
25 33 0.480892
25 34 0.714968
25 35 0.659236
25 36 0.202229
25 37 0.316879
25 38 0.269108
25 39 0.383758
25 40 0.350318
25 41 0.444268
25 42 0.767516
25 43 0.705414
25 44 0.601911
25 45 0.256369
25 46 0.313694
25 47 0.176752
25 48 0.250000
25 49 0.098726
25 50 0.442675
25 51 0.291401
25 52 0.718153
25 53 0.371019
25 54 0.624204
25 55 0.439490
25 56 0.702229
25 57 0.640127
25 58 0.406051
25 59 0.450637
25 60 0.644904
25 61 0.377389
25 62 0.186306
25 63 0.649682
25 64 0.095541
25 65 0.128981
25 66 0.660828
25 67 0.692675
25 68 0.718153
25 69 0.517516
25 70 0.522293
25 71 0.622611
25 72 0.117834
25 73 0.770701
25 74 0.764331
25 75 0.197452
25 76 0.321656
25 77 0.598726
25 78 0.676752
25 79 0.334395
25 80 0.531847
25 81 0.219745
25 82 0.084395
25 83 0.617834
25 84 0.291401
25 85 0.326433
25 86 0.296178
25 87 0.285032
25 88 0.410828
25 89 0.609873
25 90 0.410828
25 91 0.722930
25 92 0.418790
25 93 0.367834
25 94 0.644904
25 95 0.565287
25 96 0.184713
25 97 0.457006
25 98 0.426752
25 99 0.651274
26 27 0.289809
26 28 0.191083
26 29 0.382166
26 30 0.092357
26 31 0.089172
26 32 0.410828
26 33 0.291401
26 34 0.402866
26 35 0.425159
26 36 0.141720
26 37 0.305732
26 38 0.062102
26 39 0.052548
26 40 0.130573
26 41 0.127389
26 42 0.541401
26 43 0.372611
26 44 0.312102
26 45 0.079618
26 46 0.078025
26 47 0.402866
26 48 0.170382
26 49 0.315287
26 50 0.565287
26 51 0.149682
26 52 0.386943
26 53 0.243631
26 54 0.347134
26 55 0.232484
26 56 0.375796
26 57 0.332803
26 58 0.308917
26 59 0.281847
26 60 0.332803
26 61 0.493631
26 62 0.242038
26 63 0.428344
26 64 0.315287
26 65 0.261146
26 66 0.449045
26 67 0.378981
26 68 0.431529
26 69 0.186306
26 70 0.262739
26 71 0.297771
26 72 0.369427
26 73 0.463376
26 74 0.436306
26 75 0.184713
26 76 0.468153
26 77 0.312102
26 78 0.347134
26 79 0.071656
26 80 0.288217
26 81 0.280255
26 82 0.246815
26 83 0.315287
26 84 0.369427
26 85 0.186306
26 86 0.453822
26 87 0.195860
26 88 0.219745
26 89 0.509554
26 90 0.170382
26 91 0.399682
26 92 0.168790
26 93 0.036624
26 94 0.334395
26 95 0.474522
26 96 0.165605
26 97 0.267516
26 98 0.199045
26 99 0.320064
27 28 0.466561
27 29 0.097134
27 30 0.280255
27 31 0.262739
27 32 0.500000
27 33 0.162420
27 34 0.164013
27 35 0.154459
27 36 0.372611
27 37 0.359873
27 38 0.334395
27 39 0.251592
27 40 0.221338
27 41 0.296178
27 42 0.265924
27 43 0.280255
27 44 0.423567
27 45 0.334395
27 46 0.364650
27 47 0.565287
27 48 0.326433
27 49 0.585987
27 50 0.598726
27 51 0.283439
27 52 0.261146
27 53 0.250000
27 54 0.464968
27 55 0.157643
27 56 0.356688
27 57 0.391720
27 58 0.275478
27 59 0.191083
27 60 0.380573
27 61 0.544586
27 62 0.528662
27 63 0.171975
27 64 0.515924
27 65 0.458599
27 66 0.197452
27 67 0.144904
27 68 0.146497
27 69 0.229299
27 70 0.060510
27 71 0.310510
27 72 0.558917
27 73 0.207006
27 74 0.250000
27 75 0.375796
27 76 0.549363
27 77 0.426752
27 78 0.302548
27 79 0.246815
27 80 0.078025
27 81 0.412420
27 82 0.495223
27 83 0.394904
27 84 0.659236
27 85 0.466561
27 86 0.549363
27 87 0.484076
27 88 0.468153
27 89 0.356688
27 90 0.407643
27 91 0.194268
27 92 0.152866
27 93 0.264331
27 94 0.386943
27 95 0.343949
27 96 0.386943
27 97 0.168790
27 98 0.431529
27 99 0.265924
28 29 0.547771
28 30 0.265924
28 31 0.270701
28 32 0.359873
28 33 0.415605
28 34 0.592357
28 35 0.579618
28 36 0.109873
28 37 0.320064
28 38 0.133758
28 39 0.243631
28 40 0.254777
28 41 0.289809
28 42 0.695860
28 43 0.558917
28 44 0.442675
28 45 0.132166
28 46 0.157643
28 47 0.291401
28 48 0.192675
28 49 0.124204
28 50 0.525478
28 51 0.216561
28 52 0.574841
28 53 0.323248
28 54 0.466561
28 55 0.363057
28 56 0.547771
28 57 0.482484
28 58 0.377389
28 59 0.393312
28 60 0.487261
28 61 0.453822
28 62 0.079618
28 63 0.576433
28 64 0.187898
28 65 0.160828
28 66 0.593949
28 67 0.568471
28 68 0.613057
28 69 0.371019
28 70 0.426752
28 71 0.468153
28 72 0.238854
28 73 0.651274
28 74 0.628981
28 75 0.152866
28 76 0.407643
28 77 0.439490
28 78 0.525478
28 79 0.218153
28 80 0.444268
28 81 0.240446
28 82 0.082803
28 83 0.458599
28 84 0.229299
28 85 0.173567
28 86 0.385350
28 87 0.140127
28 88 0.256369
28 89 0.593949
28 90 0.251592
28 91 0.592357
28 92 0.321656
28 93 0.226115
28 94 0.487261
28 95 0.552548
28 96 0.116242
28 97 0.390127
28 98 0.269108
28 99 0.503185
29 30 0.378981
29 31 0.359873
29 32 0.523885
29 33 0.175159
29 34 0.181529
29 35 0.062102
29 36 0.447452
29 37 0.388535
29 38 0.418790
29 39 0.345541
29 40 0.292994
29 41 0.394904
29 42 0.167197
29 43 0.345541
29 44 0.515924
29 45 0.415605
29 46 0.457006
29 47 0.608280
29 48 0.388535
29 49 0.664013
29 50 0.598726
29 51 0.347134
29 52 0.318471
29 53 0.285032
29 54 0.555732
29 55 0.200637
29 56 0.433121
29 57 0.479299
29 58 0.289809
29 59 0.210191
29 60 0.466561
29 61 0.552548
29 62 0.614650
29 63 0.085987
29 64 0.573248
29 65 0.517516
29 66 0.109873
29 67 0.171975
29 68 0.101911
29 69 0.326433
29 70 0.121019
29 71 0.396497
29 72 0.609873
29 73 0.194268
29 74 0.281847
29 75 0.441083
29 76 0.568471
29 77 0.519108
29 78 0.378981
29 79 0.331210
29 80 0.106688
29 81 0.457006
29 82 0.566879
29 83 0.485669
29 84 0.750000
29 85 0.562102
29 86 0.573248
29 87 0.578025
29 88 0.566879
29 89 0.304140
29 90 0.504777
29 91 0.226115
29 92 0.226115
29 93 0.359873
29 94 0.474522
29 95 0.302548
29 96 0.457006
29 97 0.192675
29 98 0.530255
29 99 0.343949
30 31 0.017516
30 32 0.501592
30 33 0.331210
30 34 0.356688
30 35 0.431529
30 36 0.234076
30 37 0.388535
30 38 0.151274
30 39 0.058917
30 40 0.194268
30 41 0.035032
30 42 0.546178
30 43 0.292994
30 44 0.222930
30 45 0.171975
30 46 0.113057
30 47 0.496815
30 48 0.259554
30 49 0.386943
30 50 0.652866
30 51 0.234076
30 52 0.310510
30 53 0.312102
30 54 0.259554
30 55 0.275478
30 56 0.285032
30 57 0.238854
30 58 0.374204
30 59 0.329618
30 60 0.238854
30 61 0.581210
30 62 0.297771
30 63 0.441083
30 64 0.407643
30 65 0.353503
30 66 0.463376
30 67 0.334395
30 68 0.407643
30 69 0.105096
30 70 0.272293
30 71 0.205414
30 72 0.461783
30 73 0.418790
30 74 0.372611
30 75 0.278662
30 76 0.557325
30 77 0.222930
30 78 0.259554
30 79 0.143312
30 80 0.302548
30 81 0.371019
30 82 0.331210
30 83 0.222930
30 84 0.399682
30 85 0.194268
30 86 0.544586
30 87 0.221338
30 88 0.187898
30 89 0.558917
30 90 0.127389
30 91 0.343949
30 92 0.205414
30 93 0.063694
30 94 0.242038
30 95 0.527070
30 96 0.257962
30 97 0.312102
30 98 0.152866
30 99 0.237261
31 32 0.492038
31 33 0.313694
31 34 0.342357
31 35 0.412420
31 36 0.230892
31 37 0.377389
31 38 0.149682
31 39 0.046178
31 40 0.181529
31 41 0.049363
31 42 0.527070
31 43 0.288217
31 44 0.235669
31 45 0.168790
31 46 0.121019
31 47 0.492038
31 48 0.250000
31 49 0.391720
31 50 0.641720
31 51 0.222930
31 52 0.304140
31 53 0.297771
31 54 0.272293
31 55 0.257962
31 56 0.286624
31 57 0.246815
31 58 0.359873
31 59 0.313694
31 60 0.245223
31 61 0.571656
31 62 0.305732
31 63 0.421975
31 64 0.404459
31 65 0.350318
31 66 0.445860
31 67 0.320064
31 68 0.391720
31 69 0.100318
31 70 0.254777
31 71 0.207006
31 72 0.458599
31 73 0.404459
31 74 0.363057
31 75 0.272293
31 76 0.549363
31 77 0.235669
31 78 0.257962
31 79 0.132166
31 80 0.285032
31 81 0.363057
31 82 0.332803
31 83 0.230892
31 84 0.414013
31 85 0.208599
31 86 0.536624
31 87 0.234076
31 88 0.205414
31 89 0.541401
31 90 0.144904
31 91 0.332803
31 92 0.187898
31 93 0.055732
31 94 0.248408
31 95 0.511146
31 96 0.254777
31 97 0.294586
31 98 0.171975
31 99 0.232484
32 33 0.350318
32 34 0.664013
32 35 0.515924
32 36 0.289809
32 37 0.140127
32 38 0.366242
32 39 0.445860
32 40 0.328025
32 41 0.538217
32 42 0.598726
32 43 0.730892
32 44 0.724522
32 45 0.342357
32 46 0.450637
32 47 0.132166
32 48 0.242038
32 49 0.382166
32 50 0.164013
32 51 0.270701
32 52 0.727707
32 53 0.250000
32 54 0.759554
32 55 0.342357
32 56 0.765924
32 57 0.738854
32 58 0.234076
32 59 0.315287
32 60 0.737261
32 61 0.092357
32 62 0.431529
32 63 0.495223
32 64 0.195860
32 65 0.199045
32 66 0.496815
32 67 0.643312
32 68 0.624204
32 69 0.568471
32 70 0.437898
32 71 0.689490
32 72 0.179936
32 73 0.703822
32 74 0.743631
32 75 0.234076
32 76 0.055732
32 77 0.724522
32 78 0.724522
32 79 0.361465
32 80 0.429936
32 81 0.132166
32 82 0.292994
32 83 0.724522
32 84 0.568471
32 85 0.522293
32 86 0.049363
32 87 0.495223
32 88 0.593949
32 89 0.371019
32 90 0.565287
32 91 0.689490
32 92 0.372611
32 93 0.437898
32 94 0.740446
32 95 0.329618
32 96 0.269108
32 97 0.334395
32 98 0.590764
32 99 0.689490
33 34 0.323248
33 35 0.178344
33 36 0.307325
33 37 0.213376
33 38 0.305732
33 39 0.277070
33 40 0.167197
33 41 0.359873
33 42 0.285032
33 43 0.433121
33 44 0.527070
33 45 0.294586
33 46 0.369427
33 47 0.433121
33 48 0.234076
33 49 0.520701
33 50 0.437898
33 51 0.199045
33 52 0.418790
33 53 0.113057
33 54 0.568471
33 55 0.057325
33 56 0.498408
33 57 0.511146
33 58 0.116242
33 59 0.035032
33 60 0.503185
33 61 0.385350
33 62 0.492038
33 63 0.167197
33 64 0.406051
33 65 0.355096
33 66 0.179936
33 67 0.305732
33 68 0.273885
33 69 0.331210
33 70 0.103503
33 71 0.437898
33 72 0.439490
33 73 0.356688
33 74 0.414013
33 75 0.286624
33 76 0.396497
33 77 0.528662
33 78 0.447452
33 79 0.222930
33 80 0.084395
33 81 0.285032
33 82 0.417197
33 83 0.507962
33 84 0.638535
33 85 0.477707
33 86 0.398089
33 87 0.480892
33 88 0.506369
33 89 0.229299
33 90 0.450637
33 91 0.356688
33 92 0.125796
33 93 0.285032
33 94 0.509554
33 95 0.202229
33 96 0.310510
33 97 0.025478
33 98 0.479299
33 99 0.409236
34 35 0.235669
34 36 0.512739
34 37 0.523885
34 38 0.458599
34 39 0.353503
34 40 0.371019
34 41 0.355096
34 42 0.297771
34 43 0.189490
34 44 0.410828
34 45 0.464968
34 46 0.463376
34 47 0.724522
34 48 0.479299
34 49 0.716561
34 50 0.761146
34 51 0.436306
34 52 0.154459
34 53 0.414013
34 54 0.447452
34 55 0.321656
34 56 0.286624
34 57 0.358280
34 58 0.439490
34 59 0.355096
34 60 0.342357
34 61 0.707006
34 62 0.643312
34 63 0.264331
34 64 0.668790
34 65 0.609873
34 66 0.286624
34 67 0.022293
34 68 0.105096
34 69 0.264331
34 70 0.224522
34 71 0.277070
34 72 0.714968
34 73 0.062102
34 74 0.101911
34 75 0.525478
34 76 0.713376
34 77 0.415605
34 78 0.237261
34 79 0.380573
34 80 0.237261
34 81 0.571656
34 82 0.633758
34 83 0.372611
34 84 0.757962
34 85 0.550955
34 86 0.713376
34 87 0.578025
34 88 0.527070
34 89 0.485669
34 90 0.468153
34 91 0.049363
34 92 0.305732
34 93 0.369427
34 94 0.351911
34 95 0.482484
34 96 0.530255
34 97 0.331210
34 98 0.487261
34 99 0.210191
35 36 0.476115
35 37 0.385350
35 38 0.457006
35 39 0.393312
35 40 0.324841
35 41 0.449045
35 42 0.116242
35 43 0.406051
35 44 0.576433
35 45 0.450637
35 46 0.503185
35 47 0.609873
35 48 0.409236
35 49 0.692675
35 50 0.573248
35 51 0.371019
35 52 0.378981
35 53 0.292994
35 54 0.617834
35 55 0.219745
35 56 0.495223
35 57 0.541401
35 58 0.283439
35 59 0.211783
35 60 0.528662
35 61 0.535032
35 62 0.651274
35 63 0.028662
35 64 0.585987
35 65 0.533439
35 66 0.049363
35 67 0.229299
35 68 0.141720
35 69 0.385350
35 70 0.160828
35 71 0.458599
35 72 0.619427
35 73 0.238854
35 74 0.337580
35 75 0.461783
35 76 0.557325
35 77 0.579618
35 78 0.441083
35 79 0.367834
35 80 0.136943
35 81 0.464968
35 82 0.590764
35 83 0.547771
35 84 0.791401
35 85 0.609873
35 86 0.563694
35 87 0.622611
35 88 0.617834
35 89 0.256369
35 90 0.558917
35 91 0.283439
35 92 0.261146
35 93 0.406051
35 94 0.536624
35 95 0.261146
35 96 0.482484
35 97 0.202229
35 98 0.584395
35 99 0.406051
36 37 0.219745
36 38 0.082803
36 39 0.189490
36 40 0.152866
36 41 0.267516
36 42 0.589172
36 43 0.511146
36 44 0.447452
36 45 0.060510
36 46 0.160828
36 47 0.262739
36 48 0.081210
36 49 0.216561
36 50 0.452229
36 51 0.106688
36 52 0.520701
36 53 0.211783
36 54 0.477707
36 55 0.254777
36 56 0.519108
36 57 0.472930
36 58 0.267516
36 59 0.281847
36 60 0.474522
36 61 0.380573
36 62 0.189490
36 63 0.469745
36 64 0.173567
36 65 0.117834
36 66 0.485669
36 67 0.490446
36 68 0.520701
36 69 0.326433
36 70 0.326433
36 71 0.439490
36 72 0.226115
36 73 0.570064
36 74 0.563694
36 75 0.055732
36 76 0.343949
36 77 0.445860
36 78 0.487261
36 79 0.132166
36 80 0.340764
36 81 0.157643
36 82 0.121019
36 83 0.453822
36 84 0.340764
36 85 0.235669
36 86 0.324841
36 87 0.216561
36 88 0.304140
36 89 0.484076
36 90 0.275478
36 91 0.520701
36 92 0.221338
36 93 0.176752
36 94 0.474522
36 95 0.442675
36 96 0.023885
36 97 0.280255
36 98 0.300955
36 99 0.458599
37 38 0.275478
37 39 0.329618
37 40 0.199045
37 41 0.425159
37 42 0.477707
37 43 0.595541
37 44 0.613057
37 45 0.253185
37 46 0.361465
37 47 0.224522
37 48 0.143312
37 49 0.385350
37 50 0.265924
37 51 0.154459
37 52 0.590764
37 53 0.109873
37 54 0.649682
37 55 0.202229
37 56 0.636943
37 57 0.619427
37 58 0.101911
37 59 0.178344
37 60 0.616242
37 61 0.197452
37 62 0.399682
37 63 0.367834
37 64 0.224522
37 65 0.189490
37 66 0.372611
37 67 0.503185
37 68 0.485669
37 69 0.442675
37 70 0.297771
37 71 0.563694
37 72 0.243631
37 73 0.563694
37 74 0.603503
37 75 0.167197
37 76 0.191083
37 77 0.613057
37 78 0.592357
37 79 0.243631
37 80 0.291401
37 81 0.097134
37 82 0.280255
37 83 0.606688
37 84 0.547771
37 85 0.452229
37 86 0.189490
37 87 0.436306
37 88 0.512739
37 89 0.292994
37 90 0.472930
37 91 0.549363
37 92 0.235669
37 93 0.324841
37 94 0.619427
37 95 0.248408
37 96 0.205414
37 97 0.195860
37 98 0.500000
37 99 0.557325
38 39 0.114650
38 40 0.136943
38 41 0.184713
38 42 0.573248
38 43 0.434713
38 44 0.363057
38 45 0.023885
38 46 0.085987
38 47 0.345541
38 48 0.132166
38 49 0.257962
38 50 0.525478
38 51 0.128981
38 52 0.449045
38 53 0.235669
38 54 0.394904
38 55 0.248408
38 56 0.437898
38 57 0.388535
38 58 0.297771
38 59 0.289809
38 60 0.390127
38 61 0.453822
38 62 0.194268
38 63 0.457006
38 64 0.254777
38 65 0.202229
38 66 0.476115
38 67 0.434713
38 68 0.479299
38 69 0.248408
38 70 0.297771
38 71 0.358280
38 72 0.308917
38 73 0.517516
38 74 0.496815
38 75 0.132166
38 76 0.421975
38 77 0.361465
38 78 0.409236
38 79 0.087580
38 80 0.318471
38 81 0.232484
38 82 0.184713
38 83 0.369427
38 84 0.334395
38 85 0.181529
38 86 0.404459
38 87 0.176752
38 88 0.235669
38 89 0.509554
38 90 0.199045
38 91 0.458599
38 92 0.195860
38 93 0.098726
38 94 0.391720
38 95 0.471338
38 96 0.106688
38 97 0.280255
38 98 0.226115
38 99 0.382166
39 40 0.135350
39 41 0.095541
39 42 0.509554
39 43 0.321656
39 44 0.281847
39 45 0.128981
39 46 0.113057
39 47 0.447452
39 48 0.203822
39 49 0.367834
39 50 0.593949
39 51 0.175159
39 52 0.334395
39 53 0.253185
39 54 0.320064
39 55 0.221338
39 56 0.329618
39 57 0.292994
39 58 0.315287
39 59 0.275478
39 60 0.291401
39 61 0.523885
39 62 0.289809
39 63 0.399682
39 64 0.363057
39 65 0.307325
39 66 0.421975
39 67 0.329618
39 68 0.388535
39 69 0.135350
39 70 0.232484
39 71 0.250000
39 72 0.417197
39 73 0.414013
39 74 0.383758
39 75 0.227707
39 76 0.501592
39 77 0.281847
39 78 0.296178
39 79 0.084395
39 80 0.259554
39 81 0.316879
39 82 0.299363
39 83 0.278662
39 84 0.410828
39 85 0.216561
39 86 0.488854
39 87 0.234076
39 88 0.229299
39 89 0.504777
39 90 0.173567
39 91 0.348726
39 92 0.151274
39 93 0.015924
39 94 0.294586
39 95 0.471338
39 96 0.213376
39 97 0.257962
39 98 0.200637
39 99 0.269108
40 41 0.229299
40 42 0.439490
40 43 0.404459
40 44 0.415605
40 45 0.127389
40 46 0.205414
40 47 0.359873
40 48 0.108280
40 49 0.369427
40 50 0.464968
40 51 0.065287
40 52 0.406051
40 53 0.116242
40 54 0.453822
40 55 0.109873
40 56 0.437898
40 57 0.418790
40 58 0.179936
40 59 0.152866
40 60 0.415605
40 61 0.398089
40 62 0.328025
40 63 0.321656
40 64 0.297771
40 65 0.238854
40 66 0.339172
40 67 0.348726
40 68 0.367834
40 69 0.242038
40 70 0.173567
40 71 0.363057
40 72 0.343949
40 73 0.423567
40 74 0.433121
40 75 0.154459
40 76 0.383758
40 77 0.415605
40 78 0.396497
40 79 0.058917
40 80 0.187898
40 81 0.210191
40 82 0.273885
40 83 0.407643
40 84 0.471338
40 85 0.312102
40 86 0.374204
40 87 0.313694
40 88 0.350318
40 89 0.378981
40 90 0.299363
40 91 0.383758
40 92 0.068471
40 93 0.135350
40 94 0.420382
40 95 0.343949
40 96 0.164013
40 97 0.141720
40 98 0.328025
40 99 0.361465
41 42 0.562102
41 43 0.272293
41 44 0.187898
41 45 0.205414
41 46 0.133758
41 47 0.530255
41 48 0.296178
41 49 0.409236
41 50 0.689490
41 51 0.270701
41 52 0.294586
41 53 0.347134
41 54 0.224522
41 55 0.305732
41 56 0.256369
41 57 0.203822
41 58 0.409236
41 59 0.361465
41 60 0.205414
41 61 0.617834
41 62 0.315287
41 63 0.460191
41 64 0.439490
41 65 0.386943
41 66 0.485669
41 67 0.334395
41 68 0.415605
41 69 0.093949
41 70 0.294586
41 71 0.176752
41 72 0.493631
41 73 0.418790
41 74 0.361465
41 75 0.313694
41 76 0.593949
41 77 0.186306
41 78 0.235669
41 79 0.179936
41 80 0.326433
41 81 0.407643
41 82 0.359873
41 83 0.186306
41 84 0.406051
41 85 0.197452
41 86 0.579618
41 87 0.229299
41 88 0.175159
41 89 0.589172
41 90 0.113057
41 91 0.337580
41 92 0.235669
41 93 0.100318
41 94 0.207006
41 95 0.558917
41 96 0.291401
41 97 0.342357
41 98 0.136943
41 99 0.214968
42 43 0.484076
42 44 0.678344
42 45 0.566879
42 46 0.619427
42 47 0.703822
42 48 0.519108
42 49 0.805732
42 50 0.630573
42 51 0.482484
42 52 0.452229
42 53 0.396497
42 54 0.718153
42 55 0.332803
42 56 0.579618
42 57 0.636943
42 58 0.375796
42 59 0.315287
42 60 0.622611
42 61 0.601911
42 62 0.767516
42 63 0.117834
42 64 0.689490
42 65 0.640127
42 66 0.105096
42 67 0.300955
42 68 0.192675
42 69 0.492038
42 70 0.278662
42 71 0.554140
42 72 0.718153
42 73 0.275478
42 74 0.393312
42 75 0.571656
42 76 0.632166
42 77 0.681529
42 78 0.527070
42 79 0.484076
42 80 0.253185
42 81 0.563694
42 82 0.702229
42 83 0.644904
42 84 0.907643
42 85 0.726115
42 86 0.643312
42 87 0.738854
42 88 0.734076
42 89 0.277070
42 90 0.673567
42 91 0.347134
42 92 0.377389
42 93 0.522293
42 94 0.630573
42 95 0.299363
42 96 0.593949
42 97 0.310510
42 98 0.699045
42 99 0.495223
43 44 0.245223
43 45 0.450637
43 46 0.404459
43 47 0.759554
43 48 0.506369
43 49 0.679936
43 50 0.855096
43 51 0.468153
43 52 0.038217
43 53 0.490446
43 54 0.275478
43 55 0.406051
43 56 0.098726
43 57 0.183121
43 58 0.535032
43 59 0.457006
43 60 0.167197
43 61 0.792994
43 62 0.587580
43 63 0.431529
43 64 0.683121
43 65 0.624204
43 66 0.457006
43 67 0.183121
43 68 0.292994
43 69 0.187898
43 70 0.329618
43 71 0.117834
43 72 0.734076
43 73 0.232484
43 74 0.121019
43 75 0.541401
43 76 0.785032
43 77 0.251592
43 78 0.055732
43 79 0.385350
43 80 0.355096
43 81 0.614650
43 82 0.621019
43 83 0.203822
43 84 0.671975
43 85 0.463376
43 86 0.778662
43 87 0.500000
43 88 0.414013
43 89 0.636943
43 90 0.364650
43 91 0.141720
43 92 0.359873
43 93 0.335987
43 94 0.175159
43 95 0.624204
43 96 0.531847
43 97 0.431529
43 98 0.372611
43 99 0.055732
44 45 0.386943
44 46 0.291401
44 47 0.708599
44 48 0.482484
44 49 0.544586
44 50 0.877389
44 51 0.458599
44 52 0.283439
44 53 0.530255
44 54 0.041401
44 55 0.477707
44 56 0.165605
44 57 0.066879
44 58 0.590764
44 59 0.535032
44 60 0.081210
44 61 0.805732
44 62 0.439490
44 63 0.595541
44 64 0.613057
44 65 0.563694
44 66 0.621019
44 67 0.396497
44 68 0.500000
44 69 0.197452
44 70 0.442675
44 71 0.133758
44 72 0.667197
44 73 0.466561
44 74 0.366242
44 75 0.495223
44 76 0.780255
44 77 0.004777
44 78 0.189490
44 79 0.367834
44 80 0.474522
44 81 0.592357
44 82 0.522293
44 83 0.041401
44 84 0.479299
44 85 0.291401
44 86 0.765924
44 87 0.334395
44 88 0.216561
44 89 0.756369
44 90 0.192675
44 91 0.372611
44 92 0.409236
44 93 0.288217
44 94 0.074841
44 95 0.729299
44 96 0.471338
44 97 0.512739
44 98 0.183121
44 99 0.202229
45 46 0.109873
45 47 0.323248
45 48 0.108280
45 49 0.253185
45 50 0.501592
45 51 0.108280
45 52 0.461783
45 53 0.218153
45 54 0.418790
45 55 0.237261
45 56 0.457006
45 57 0.410828
45 58 0.278662
45 59 0.275478
45 60 0.412420
45 61 0.428344
45 62 0.199045
45 63 0.449045
45 64 0.235669
45 65 0.179936
45 66 0.466561
45 67 0.441083
45 68 0.480892
45 69 0.265924
45 70 0.294586
45 71 0.377389
45 72 0.288217
45 73 0.522293
45 74 0.507962
45 75 0.108280
45 76 0.396497
45 77 0.385350
45 78 0.426752
45 79 0.085987
45 80 0.313694
45 81 0.208599
45 82 0.171975
45 83 0.391720
45 84 0.343949
45 85 0.202229
45 86 0.380573
45 87 0.192675
45 88 0.259554
45 89 0.492038
45 90 0.222930
45 91 0.468153
45 92 0.189490
45 93 0.114650
45 94 0.414013
45 95 0.453822
45 96 0.084395
45 97 0.269108
45 98 0.250000
45 99 0.398089
46 47 0.418790
46 48 0.218153
46 49 0.275478
46 50 0.611465
46 51 0.211783
46 52 0.425159
46 53 0.315287
46 54 0.320064
46 55 0.310510
46 56 0.388535
46 57 0.326433
46 58 0.378981
46 59 0.358280
46 60 0.331210
46 61 0.538217
46 62 0.184713
46 63 0.506369
46 64 0.321656
46 65 0.273885
46 66 0.528662
46 67 0.441083
46 68 0.501592
46 69 0.218153
46 70 0.340764
46 71 0.310510
46 72 0.375796
46 73 0.523885
46 74 0.484076
46 75 0.214968
46 76 0.504777
46 77 0.289809
46 78 0.369427
46 79 0.146497
46 80 0.366242
46 81 0.316879
46 82 0.232484
46 83 0.304140
46 84 0.296178
46 85 0.108280
46 86 0.487261
46 87 0.119427
46 88 0.149682
46 89 0.584395
46 90 0.114650
46 91 0.453822
46 92 0.248408
46 93 0.098726
46 94 0.329618
46 95 0.547771
46 96 0.183121
46 97 0.345541
46 98 0.140127
46 99 0.348726
47 48 0.253185
47 49 0.275478
47 50 0.267516
47 51 0.294586
47 52 0.764331
47 53 0.321656
47 54 0.738854
47 55 0.410828
47 56 0.778662
47 57 0.735669
47 58 0.328025
47 59 0.399682
47 60 0.737261
47 61 0.208599
47 62 0.347134
47 63 0.593949
47 64 0.101911
47 65 0.144904
47 66 0.598726
47 67 0.703822
47 68 0.700637
47 69 0.582803
47 70 0.506369
47 71 0.699045
47 72 0.058917
47 73 0.772293
47 74 0.792994
47 75 0.219745
47 76 0.149682
47 77 0.707006
47 78 0.743631
47 79 0.372611
47 80 0.504777
47 81 0.152866
47 82 0.210191
47 83 0.716561
47 84 0.468153
47 85 0.466561
47 86 0.122611
47 87 0.431529
47 88 0.546178
47 89 0.496815
47 90 0.530255
47 91 0.742038
47 92 0.420382
47 93 0.436306
47 94 0.738854
47 95 0.453822
47 96 0.238854
47 97 0.414013
47 98 0.552548
47 99 0.711783
48 49 0.288217
48 50 0.396497
48 51 0.042994
48 52 0.509554
48 53 0.132166
48 54 0.517516
48 55 0.189490
48 56 0.530255
48 57 0.498408
48 58 0.184713
48 59 0.207006
48 60 0.496815
48 61 0.324841
48 62 0.272293
48 63 0.401274
48 64 0.189490
48 65 0.130573
48 66 0.414013
48 67 0.457006
48 68 0.469745
48 69 0.332803
48 70 0.272293
48 71 0.452229
48 72 0.235669
48 73 0.530255
48 74 0.541401
48 75 0.052548
48 76 0.297771
48 77 0.482484
48 78 0.492038
48 79 0.122611
48 80 0.281847
48 81 0.111465
48 82 0.183121
48 83 0.482484
48 84 0.421975
48 85 0.307325
48 86 0.285032
48 87 0.294586
48 88 0.367834
48 89 0.401274
48 90 0.331210
48 91 0.492038
48 92 0.173567
48 93 0.195860
48 94 0.500000
48 95 0.359873
48 96 0.078025
48 97 0.208599
48 98 0.358280
48 99 0.460191
49 50 0.539809
49 51 0.321656
49 52 0.697452
49 53 0.418790
49 54 0.563694
49 55 0.472930
49 56 0.662420
49 57 0.590764
49 58 0.463376
49 59 0.495223
49 60 0.598726
49 61 0.472930
49 62 0.106688
49 63 0.686306
49 64 0.186306
49 65 0.197452
49 66 0.702229
49 67 0.692675
49 68 0.734076
49 69 0.492038
49 70 0.542994
49 71 0.585987
49 72 0.216561
49 73 0.775478
49 74 0.751592
49 75 0.237261
49 76 0.418790
49 77 0.541401
49 78 0.644904
49 79 0.339172
49 80 0.558917
49 81 0.291401
49 82 0.106688
49 83 0.566879
49 84 0.191083
49 85 0.256369
49 86 0.393312
49 87 0.213376
49 88 0.339172
49 89 0.676752
49 90 0.351911
49 91 0.716561
49 92 0.437898
49 93 0.350318
49 94 0.597134
49 95 0.633758
49 96 0.210191
49 97 0.495223
49 98 0.363057
49 99 0.624204
50 51 0.417197
50 52 0.847134
50 53 0.364650
50 54 0.912420
50 55 0.449045
50 56 0.901274
50 57 0.885350
50 58 0.323248
50 59 0.406051
50 60 0.882166
50 61 0.071656
50 62 0.595541
50 63 0.547771
50 64 0.353503
50 65 0.364650
50 66 0.541401
50 67 0.743631
50 68 0.700637
50 69 0.708599
50 70 0.538217
50 71 0.829618
50 72 0.324841
50 73 0.791401
50 74 0.850318
50 75 0.396497
50 76 0.121019
50 77 0.875796
50 78 0.856688
50 79 0.507962
50 80 0.522293
50 81 0.294586
50 82 0.455414
50 83 0.872611
50 84 0.727707
50 85 0.686306
50 86 0.146497
50 87 0.660828
50 88 0.756369
50 89 0.363057
50 90 0.726115
50 91 0.792994
50 92 0.496815
50 93 0.587580
50 94 0.885350
50 95 0.332803
50 96 0.431529
50 97 0.429936
50 98 0.751592
50 99 0.820064
51 52 0.469745
51 53 0.109873
51 54 0.495223
51 55 0.149682
51 56 0.495223
51 57 0.468153
51 58 0.170382
51 59 0.175159
51 60 0.466561
51 61 0.347134
51 62 0.294586
51 63 0.364650
51 64 0.232484
51 65 0.173567
51 66 0.378981
51 67 0.414013
51 68 0.428344
51 69 0.297771
51 70 0.230892
51 71 0.418790
51 72 0.278662
51 73 0.487261
51 74 0.498408
51 75 0.092357
51 76 0.326433
51 77 0.458599
51 78 0.455414
51 79 0.090764
51 80 0.240446
51 81 0.148089
51 82 0.219745
51 83 0.455414
51 84 0.444268
51 85 0.310510
51 86 0.315287
51 87 0.302548
51 88 0.361465
51 89 0.385350
51 90 0.318471
51 91 0.450637
51 92 0.130573
51 93 0.170382
51 94 0.469745
51 95 0.345541
51 96 0.111465
51 97 0.173567
51 98 0.347134
51 99 0.421975
52 53 0.484076
52 54 0.313694
52 55 0.398089
52 56 0.136943
52 57 0.221338
52 58 0.525478
52 59 0.444268
52 60 0.205414
52 61 0.786624
52 62 0.608280
52 63 0.404459
52 64 0.691083
52 65 0.632166
52 66 0.429936
52 67 0.151274
52 68 0.259554
52 69 0.205414
52 70 0.315287
52 71 0.152866
52 72 0.742038
52 73 0.195860
52 74 0.082803
52 75 0.549363
52 76 0.781847
52 77 0.288217
52 78 0.093949
52 79 0.393312
52 80 0.339172
52 81 0.617834
52 82 0.633758
52 83 0.242038
52 84 0.699045
52 85 0.488854
52 86 0.777070
52 87 0.523885
52 88 0.444268
52 89 0.616242
52 90 0.391720
52 91 0.106688
52 92 0.355096
52 93 0.350318
52 94 0.213376
52 95 0.605096
52 96 0.541401
52 97 0.420382
52 98 0.402866
52 99 0.085987
53 54 0.570064
53 55 0.092357
53 56 0.538217
53 57 0.528662
53 58 0.063694
53 59 0.079618
53 60 0.523885
53 61 0.302548
53 62 0.402866
53 63 0.280255
53 64 0.292994
53 65 0.242038
53 66 0.289809
53 67 0.393312
53 68 0.380573
53 69 0.348726
53 70 0.187898
53 71 0.466561
53 72 0.324841
53 73 0.455414
53 74 0.493631
53 75 0.179936
53 76 0.300955
53 77 0.531847
53 78 0.490446
53 79 0.173567
53 80 0.184713
53 81 0.171975
53 82 0.312102
53 83 0.520701
53 84 0.552548
53 85 0.417197
53 86 0.299363
53 87 0.412420
53 88 0.463376
53 89 0.273885
53 90 0.415605
53 91 0.439490
53 92 0.130573
53 93 0.253185
53 94 0.528662
53 95 0.235669
53 96 0.210191
53 97 0.092357
53 98 0.444268
53 99 0.453822
54 55 0.519108
54 56 0.187898
54 57 0.092357
54 58 0.630573
54 59 0.576433
54 60 0.108280
54 61 0.842357
54 62 0.457006
54 63 0.636943
54 64 0.641720
54 65 0.593949
54 66 0.662420
54 67 0.433121
54 68 0.539809
54 69 0.238854
54 70 0.485669
54 71 0.168790
54 72 0.695860
54 73 0.501592
54 74 0.398089
54 75 0.528662
54 76 0.815287
54 77 0.038217
54 78 0.219745
54 79 0.404459
54 80 0.517516
54 81 0.627389
54 82 0.547771
54 83 0.073248
54 84 0.484076
54 85 0.307325
54 86 0.799363
54 87 0.350318
54 88 0.226115
54 89 0.797771
54 90 0.213376
54 91 0.407643
54 92 0.450637
54 93 0.324841
54 94 0.100318
54 95 0.770701
54 96 0.501592
54 97 0.554140
54 98 0.200637
54 99 0.237261
55 56 0.463376
55 57 0.466561
55 58 0.127389
55 59 0.055732
55 60 0.460191
55 61 0.391720
55 62 0.437898
55 63 0.213376
55 64 0.371019
55 65 0.315287
55 66 0.229299
55 67 0.300955
55 68 0.289809
55 69 0.285032
55 70 0.095541
55 71 0.398089
55 72 0.409236
55 73 0.363057
55 74 0.402866
55 75 0.242038
55 76 0.393312
55 77 0.479299
55 78 0.414013
55 79 0.164013
55 80 0.095541
55 81 0.257962
55 82 0.371019
55 83 0.461783
55 84 0.581210
55 85 0.418790
55 86 0.391720
55 87 0.423567
55 88 0.449045
55 89 0.283439
55 90 0.393312
55 91 0.347134
55 92 0.070064
55 93 0.227707
55 94 0.464968
55 95 0.253185
55 96 0.261146
55 97 0.036624
55 98 0.421975
55 99 0.375796
56 57 0.097134
56 58 0.589172
56 59 0.517516
56 60 0.082803
56 61 0.835987
56 62 0.563694
56 63 0.519108
56 64 0.692675
56 65 0.636943
56 66 0.544586
56 67 0.280255
56 68 0.390127
56 69 0.197452
56 70 0.398089
56 71 0.078025
56 72 0.746815
56 73 0.332803
56 74 0.218153
56 75 0.558917
56 76 0.821656
56 77 0.170382
56 78 0.054140
56 79 0.407643
56 80 0.426752
56 81 0.641720
56 82 0.617834
56 83 0.124204
56 84 0.627389
56 85 0.425159
56 86 0.812102
56 87 0.466561
56 88 0.363057
56 89 0.713376
56 90 0.321656
56 91 0.240446
56 92 0.406051
56 93 0.342357
56 94 0.089172
56 95 0.697452
56 96 0.542994
56 97 0.492038
56 98 0.324841
56 99 0.090764
57 58 0.585987
57 59 0.523885
57 60 0.015924
57 61 0.816879
57 62 0.488854
57 63 0.562102
57 64 0.643312
57 65 0.590764
57 66 0.587580
57 67 0.345541
57 68 0.452229
57 69 0.181529
57 70 0.420382
57 71 0.082803
57 72 0.697452
57 73 0.410828
57 74 0.304140
57 75 0.517516
57 76 0.796178
57 77 0.071656
57 78 0.125796
57 79 0.377389
57 80 0.450637
57 81 0.609873
57 82 0.558917
57 83 0.027070
57 84 0.539809
57 85 0.343949
57 86 0.783439
57 87 0.386943
57 88 0.273885
57 89 0.737261
57 90 0.240446
57 91 0.316879
57 92 0.402866
57 93 0.302548
57 94 0.007962
57 95 0.713376
57 96 0.496815
57 97 0.500000
57 98 0.238854
57 99 0.146497
58 59 0.084395
58 60 0.581210
58 61 0.267516
58 62 0.458599
58 63 0.264331
58 64 0.320064
58 65 0.277070
58 66 0.270701
58 67 0.420382
58 68 0.390127
58 69 0.404459
58 70 0.214968
58 71 0.520701
58 72 0.343949
58 73 0.474522
58 74 0.527070
58 75 0.227707
58 76 0.278662
58 77 0.592357
58 78 0.539809
58 79 0.237261
58 80 0.200637
58 81 0.191083
58 82 0.356688
58 83 0.578025
58 84 0.608280
58 85 0.480892
58 86 0.281847
58 87 0.472930
58 88 0.527070
58 89 0.216561
58 90 0.479299
58 91 0.469745
58 92 0.183121
58 93 0.315287
58 94 0.585987
58 95 0.175159
58 96 0.262739
58 97 0.106688
58 98 0.507962
58 99 0.503185
59 60 0.515924
59 61 0.351911
59 62 0.469745
59 63 0.199045
59 64 0.374204
59 65 0.323248
59 66 0.210191
59 67 0.335987
59 68 0.307325
59 69 0.340764
59 70 0.132166
59 71 0.453822
59 72 0.406051
59 73 0.390127
59 74 0.442675
59 75 0.257962
59 76 0.361465
59 77 0.536624
59 78 0.466561
59 79 0.210191
59 80 0.116242
59 81 0.251592
59 82 0.390127
59 83 0.519108
59 84 0.617834
59 85 0.466561
59 86 0.363057
59 87 0.466561
59 88 0.500000
59 89 0.229299
59 90 0.447452
59 91 0.385350
59 92 0.125796
59 93 0.280255
59 94 0.522293
59 95 0.197452
59 96 0.283439
59 97 0.023885
59 98 0.476115
59 99 0.428344
60 61 0.813694
60 62 0.495223
60 63 0.549363
60 64 0.646497
60 65 0.592357
60 66 0.574841
60 67 0.331210
60 68 0.439490
60 69 0.175159
60 70 0.410828
60 71 0.070064
60 72 0.700637
60 73 0.394904
60 74 0.289809
60 75 0.517516
60 76 0.794586
60 77 0.087580
60 78 0.109873
60 79 0.375796
60 80 0.441083
60 81 0.609873
60 82 0.562102
60 83 0.039809
60 84 0.549363
60 85 0.353503
60 86 0.781847
60 87 0.394904
60 88 0.285032
60 89 0.727707
60 90 0.250000
60 91 0.300955
60 92 0.396497
60 93 0.302548
60 94 0.007962
60 95 0.705414
60 96 0.496815
60 97 0.492038
60 98 0.248408
60 99 0.132166
61 62 0.523885
61 63 0.511146
61 64 0.286624
61 65 0.292994
61 66 0.507962
61 67 0.689490
61 68 0.654459
61 69 0.641720
61 70 0.482484
61 71 0.762739
61 72 0.262739
61 73 0.742038
61 74 0.794586
61 75 0.324841
61 76 0.058917
61 77 0.805732
61 78 0.791401
61 79 0.437898
61 80 0.469745
61 81 0.221338
61 82 0.386943
61 83 0.802548
61 84 0.660828
61 85 0.613057
61 86 0.084395
61 87 0.589172
61 88 0.684713
61 89 0.347134
61 90 0.652866
61 91 0.738854
61 92 0.433121
61 93 0.517516
61 94 0.816879
61 95 0.310510
61 96 0.359873
61 97 0.375796
61 98 0.679936
61 99 0.754777
62 63 0.649682
62 64 0.246815
62 65 0.230892
62 66 0.667197
62 67 0.621019
62 68 0.673567
62 69 0.402866
62 70 0.493631
62 71 0.488854
62 72 0.289809
62 73 0.703822
62 74 0.668790
62 75 0.232484
62 76 0.476115
62 77 0.436306
62 78 0.549363
62 79 0.283439
62 80 0.514331
62 81 0.316879
62 82 0.138535
62 83 0.463376
62 84 0.149682
62 85 0.149682
62 86 0.452229
62 87 0.106688
62 88 0.232484
62 89 0.675159
62 90 0.246815
62 91 0.638535
62 92 0.390127
62 93 0.273885
62 94 0.493631
62 95 0.633758
62 96 0.195860
62 97 0.466561
62 98 0.256369
62 99 0.531847
63 64 0.573248
63 65 0.522293
63 66 0.025478
63 67 0.257962
63 68 0.170382
63 69 0.401274
63 70 0.167197
63 71 0.479299
63 72 0.605096
63 73 0.267516
63 74 0.366242
63 75 0.453822
63 76 0.535032
63 77 0.598726
63 78 0.464968
63 79 0.367834
63 80 0.140127
63 81 0.450637
63 82 0.584395
63 83 0.566879
63 84 0.791401
63 85 0.614650
63 86 0.541401
63 87 0.625796
63 88 0.627389
63 89 0.226115
63 90 0.568471
63 91 0.310510
63 92 0.261146
63 93 0.410828
63 94 0.557325
63 95 0.232484
63 96 0.476115
63 97 0.191083
63 98 0.593949
63 99 0.428344
64 65 0.058917
64 66 0.582803
64 67 0.646497
64 68 0.659236
64 69 0.500000
64 70 0.460191
64 71 0.613057
64 72 0.054140
64 73 0.719745
64 74 0.727707
64 75 0.143312
64 76 0.232484
64 77 0.611465
64 78 0.660828
64 79 0.297771
64 80 0.466561
64 81 0.127389
64 82 0.108280
64 83 0.624204
64 84 0.374204
64 85 0.363057
64 86 0.207006
64 87 0.329618
64 88 0.444268
64 89 0.517516
64 90 0.431529
64 91 0.681529
64 92 0.364650
64 93 0.350318
64 94 0.646497
64 95 0.472930
64 96 0.149682
64 97 0.383758
64 98 0.452229
64 99 0.632166
65 66 0.533439
65 67 0.587580
65 68 0.601911
65 69 0.442675
65 70 0.402866
65 71 0.557325
65 72 0.108280
65 73 0.662420
65 74 0.668790
65 75 0.084395
65 76 0.246815
65 77 0.562102
65 78 0.605096
65 79 0.238854
65 80 0.410828
65 81 0.093949
65 82 0.095541
65 83 0.571656
65 84 0.371019
65 85 0.328025
65 86 0.224522
65 87 0.299363
65 88 0.406051
65 89 0.482484
65 90 0.386943
65 91 0.622611
65 92 0.305732
65 93 0.294586
65 94 0.593949
65 95 0.439490
65 96 0.093949
65 97 0.329618
65 98 0.409236
65 99 0.574841
66 67 0.280255
66 68 0.189490
66 69 0.426752
66 70 0.191083
66 71 0.504777
66 72 0.613057
66 73 0.286624
66 74 0.388535
66 75 0.466561
66 76 0.533439
66 77 0.624204
66 78 0.490446
66 79 0.388535
66 80 0.162420
66 81 0.458599
66 82 0.598726
66 83 0.592357
66 84 0.810510
66 85 0.635350
66 86 0.542994
66 87 0.644904
66 88 0.651274
66 89 0.210191
66 90 0.590764
66 91 0.332803
66 92 0.280255
66 93 0.433121
66 94 0.582803
66 95 0.219745
66 96 0.490446
66 97 0.205414
66 98 0.617834
66 99 0.453822
67 68 0.109873
67 69 0.243631
67 70 0.205414
67 71 0.264331
67 72 0.692675
67 73 0.084395
67 74 0.111465
67 75 0.503185
67 76 0.694268
67 77 0.401274
67 78 0.227707
67 79 0.358280
67 80 0.219745
67 81 0.550955
67 82 0.611465
67 83 0.359873
67 84 0.735669
67 85 0.528662
67 86 0.692675
67 87 0.555732
67 88 0.506369
67 89 0.476115
67 90 0.447452
67 91 0.054140
67 92 0.283439
67 93 0.345541
67 94 0.339172
67 95 0.471338
67 96 0.506369
67 97 0.313694
67 98 0.466561
67 99 0.199045
68 69 0.331210
68 70 0.197452
68 71 0.371019
68 72 0.699045
68 73 0.095541
68 74 0.203822
68 75 0.522293
68 76 0.668790
68 77 0.504777
68 78 0.337580
68 79 0.393312
68 80 0.195860
68 81 0.549363
68 82 0.641720
68 83 0.464968
68 84 0.799363
68 85 0.600318
68 86 0.671975
68 87 0.622611
68 88 0.590764
68 89 0.398089
68 90 0.528662
68 91 0.154459
68 92 0.297771
68 93 0.404459
68 94 0.447452
68 95 0.401274
68 96 0.533439
68 97 0.289809
68 98 0.550955
68 99 0.307325
69 70 0.245223
69 71 0.119427
69 72 0.552548
69 73 0.326433
69 74 0.267516
69 75 0.361465
69 76 0.625796
69 77 0.199045
69 78 0.160828
69 79 0.210191
69 80 0.277070
69 81 0.444268
69 82 0.433121
69 83 0.176752
69 84 0.500000
69 85 0.291401
69 86 0.614650
69 87 0.323248
69 88 0.262739
69 89 0.558917
69 90 0.203822
69 91 0.243631
69 92 0.219745
69 93 0.149682
69 94 0.179936
69 95 0.533439
69 96 0.348726
69 97 0.318471
69 98 0.222930
69 99 0.133758
70 71 0.342357
70 72 0.501592
70 73 0.265924
70 74 0.310510
70 75 0.323248
70 76 0.488854
70 77 0.445860
70 78 0.345541
70 79 0.208599
70 80 0.031847
70 81 0.353503
70 82 0.447452
70 83 0.420382
70 84 0.630573
70 85 0.447452
70 86 0.487261
70 87 0.460191
70 88 0.458599
70 89 0.316879
70 90 0.399682
70 91 0.254777
70 92 0.105096
70 93 0.243631
70 94 0.417197
70 95 0.297771
70 96 0.337580
70 97 0.108280
70 98 0.426752
70 99 0.307325
71 72 0.667197
71 73 0.332803
71 74 0.234076
71 75 0.479299
71 76 0.745223
71 77 0.138535
71 78 0.065287
71 79 0.329618
71 80 0.372611
71 81 0.565287
71 82 0.538217
71 83 0.093949
71 84 0.560510
71 85 0.355096
71 86 0.735669
71 87 0.393312
71 88 0.299363
71 89 0.660828
71 90 0.251592
71 91 0.238854
71 92 0.335987
71 93 0.262739
71 94 0.078025
71 95 0.640127
71 96 0.463376
71 97 0.429936
71 98 0.257962
71 99 0.068471
72 73 0.764331
72 74 0.775478
72 75 0.192675
72 76 0.205414
72 77 0.665605
72 78 0.714968
72 79 0.348726
72 80 0.504777
72 81 0.154459
72 82 0.156051
72 83 0.678344
72 84 0.407643
72 85 0.414013
72 86 0.179936
72 87 0.378981
72 88 0.496815
72 89 0.528662
72 90 0.484076
72 91 0.729299
72 92 0.409236
72 93 0.404459
72 94 0.700637
72 95 0.485669
72 96 0.203822
72 97 0.417197
72 98 0.504777
72 99 0.684713
73 74 0.122611
73 75 0.579618
73 76 0.751592
73 77 0.471338
73 78 0.285032
73 79 0.437898
73 80 0.272293
73 81 0.619427
73 82 0.691083
73 83 0.426752
73 84 0.820064
73 85 0.613057
73 86 0.753185
73 87 0.640127
73 88 0.589172
73 89 0.495223
73 90 0.530255
73 91 0.092357
73 92 0.355096
73 93 0.429936
73 94 0.404459
73 95 0.496815
73 96 0.584395
73 97 0.369427
73 98 0.549363
73 99 0.264331
74 75 0.584395
74 76 0.796178
74 77 0.372611
74 78 0.178344
74 79 0.431529
74 80 0.328025
74 81 0.641720
74 82 0.679936
74 83 0.324841
74 84 0.767516
74 85 0.558917
74 86 0.792994
74 87 0.590764
74 88 0.520701
74 89 0.587580
74 90 0.464968
74 91 0.057325
74 92 0.374204
74 93 0.401274
74 94 0.297771
74 95 0.582803
74 96 0.582803
74 97 0.418790
74 98 0.477707
74 99 0.165605
75 76 0.288217
75 77 0.495223
75 78 0.523885
75 79 0.154459
75 80 0.334395
75 81 0.101911
75 82 0.130573
75 83 0.500000
75 84 0.382166
75 85 0.291401
75 86 0.272293
75 87 0.270701
75 88 0.359873
75 89 0.444268
75 90 0.329618
75 91 0.538217
75 92 0.222930
75 93 0.216561
75 94 0.520701
75 95 0.401274
75 96 0.038217
75 97 0.261146
75 98 0.355096
75 99 0.492038
76 77 0.780255
76 78 0.780255
76 79 0.417197
76 80 0.479299
76 81 0.187898
76 82 0.335987
76 83 0.780255
76 84 0.606688
76 85 0.573248
76 86 0.025478
76 87 0.546178
76 88 0.646497
76 89 0.390127
76 90 0.619427
76 91 0.740446
76 92 0.426752
76 93 0.493631
76 94 0.796178
76 95 0.350318
76 96 0.321656
76 97 0.382166
76 98 0.644904
76 99 0.745223
77 78 0.194268
77 79 0.367834
77 80 0.477707
77 81 0.592357
77 82 0.519108
77 83 0.046178
77 84 0.474522
77 85 0.288217
77 86 0.765924
77 87 0.331210
77 88 0.211783
77 89 0.757962
77 90 0.189490
77 91 0.378981
77 92 0.410828
77 93 0.288217
77 94 0.079618
77 95 0.732484
77 96 0.469745
77 97 0.514331
77 98 0.179936
77 99 0.208599
78 79 0.369427
78 80 0.374204
78 81 0.603503
78 82 0.592357
78 83 0.148089
78 84 0.625796
78 85 0.418790
78 86 0.770701
78 87 0.457006
78 88 0.364650
78 89 0.660828
78 90 0.316879
78 91 0.192675
78 92 0.358280
78 93 0.310510
78 94 0.119427
78 95 0.643312
78 96 0.509554
78 97 0.441083
78 98 0.324841
78 99 0.036624
79 80 0.230892
79 81 0.234076
79 82 0.253185
79 83 0.363057
79 84 0.421975
79 85 0.254777
79 86 0.406051
79 87 0.257962
79 88 0.291401
79 89 0.437898
79 90 0.240446
79 91 0.386943
79 92 0.106688
79 93 0.079618
79 94 0.378981
79 95 0.402866
79 96 0.151274
79 97 0.199045
79 98 0.269108
79 99 0.337580
80 81 0.353503
80 82 0.460191
80 83 0.450637
80 84 0.652866
80 85 0.474522
80 86 0.479299
80 87 0.485669
80 88 0.488854
80 89 0.286624
80 90 0.429936
80 91 0.270701
80 92 0.122611
80 93 0.270701
80 94 0.447452
80 95 0.269108
80 96 0.350318
80 97 0.095541
80 98 0.457006
80 99 0.335987
81 82 0.187898
81 83 0.593949
81 84 0.461783
81 85 0.391720
81 86 0.171975
81 87 0.369427
81 88 0.461783
81 89 0.390127
81 90 0.431529
81 91 0.590764
81 92 0.267516
81 93 0.307325
81 94 0.611465
81 95 0.345541
81 96 0.136943
81 97 0.264331
81 98 0.457006
81 99 0.570064
82 83 0.536624
82 84 0.275478
82 85 0.257962
82 86 0.312102
82 87 0.221338
82 88 0.340764
82 89 0.570064
82 90 0.332803
82 91 0.638535
82 92 0.343949
82 93 0.283439
82 94 0.562102
82 95 0.525478
82 96 0.108280
82 97 0.391720
82 98 0.351911
82 99 0.566879
83 84 0.511146
83 85 0.316879
83 86 0.767516
83 87 0.359873
83 88 0.246815
83 89 0.735669
83 90 0.214968
83 91 0.334395
83 92 0.394904
83 93 0.286624
83 94 0.035032
83 95 0.711783
83 96 0.477707
83 97 0.495223
83 98 0.211783
83 99 0.162420
84 85 0.208599
84 86 0.582803
84 87 0.178344
84 88 0.264331
84 89 0.824841
84 90 0.307325
84 91 0.745223
84 92 0.530255
84 93 0.394904
84 94 0.546178
84 95 0.783439
84 96 0.345541
84 97 0.613057
84 98 0.302548
84 99 0.614650
85 86 0.552548
85 87 0.042994
85 88 0.084395
85 89 0.691083
85 90 0.103503
85 91 0.536624
85 92 0.356688
85 93 0.202229
85 94 0.350318
85 95 0.652866
85 96 0.254777
85 97 0.453822
85 98 0.106688
85 99 0.406051
86 87 0.523885
86 88 0.627389
86 89 0.406051
86 90 0.601911
86 91 0.738854
86 92 0.421975
86 93 0.480892
86 94 0.785032
86 95 0.366242
86 96 0.302548
86 97 0.383758
86 98 0.627389
86 99 0.737261
87 88 0.125796
87 89 0.686306
87 90 0.144904
87 91 0.565287
87 92 0.364650
87 93 0.218153
87 94 0.391720
87 95 0.648089
87 96 0.232484
87 97 0.457006
87 98 0.151274
87 99 0.442675
88 89 0.729299
88 90 0.060510
88 91 0.504777
88 92 0.380573
88 93 0.221338
88 94 0.280255
88 95 0.694268
88 96 0.324841
88 97 0.485669
88 98 0.041401
88 99 0.358280
89 90 0.676752
89 91 0.530255
89 92 0.353503
89 93 0.509554
89 94 0.734076
89 95 0.042994
89 96 0.479299
89 97 0.246815
89 98 0.705414
89 99 0.622611
90 91 0.447452
90 92 0.324841
90 93 0.167197
90 94 0.246815
90 95 0.643312
90 96 0.299363
90 97 0.429936
90 98 0.028662
90 99 0.307325
91 92 0.323248
91 93 0.364650
91 94 0.310510
91 95 0.525478
91 96 0.538217
91 97 0.363057
91 98 0.463376
91 99 0.170382
92 93 0.159236
92 94 0.401274
92 95 0.323248
92 96 0.234076
92 97 0.106688
92 98 0.353503
92 99 0.321656
93 94 0.304140
93 95 0.476115
93 96 0.199045
93 97 0.262739
93 98 0.195860
93 99 0.283439
94 95 0.711783
94 96 0.498408
94 97 0.498408
94 98 0.245223
94 99 0.140127
95 96 0.436306
95 97 0.216561
95 98 0.671975
95 99 0.605096
96 97 0.285032
96 98 0.323248
96 99 0.480892
97 98 0.458599
97 99 0.404459
98 99 0.316879
