100 4950
0 1 0.262726
0 2 0.701149
0 3 0.422003
0 4 0.661741
0 5 0.101806
0 6 0.681445
0 7 0.435140
0 8 0.215107
0 9 0.476190
0 10 0.348112
0 11 0.605911
0 12 0.620690
0 13 0.605911
0 14 0.464696
0 15 0.609195
0 16 0.390805
0 17 0.536946
0 18 0.740558
0 19 0.709360
0 20 0.221675
0 21 0.551724
0 22 0.551724
0 23 0.348112
0 24 0.389163
0 25 0.454844
0 26 0.756979
0 27 0.697865
0 28 0.620690
0 29 0.579639
0 30 0.779967
0 31 0.548440
0 32 0.822660
0 33 0.238095
0 34 0.413793
0 35 0.446634
0 36 0.134647
0 37 0.188834
0 38 0.413793
0 39 0.298851
0 40 0.605911
0 41 0.829228
0 42 0.175698
0 43 0.131363
0 44 0.661741
0 45 0.541872
0 46 0.656814
0 47 0.490969
0 48 0.587849
0 49 0.272578
0 50 0.579639
0 51 0.709360
0 52 0.303777
0 53 0.775041
0 54 0.105090
0 55 0.394089
0 56 0.584565
0 57 0.390805
0 58 0.279146
0 59 0.727422
0 60 0.272578
0 61 0.548440
0 62 0.372742
0 63 0.669951
0 64 0.357964
0 65 0.359606
0 66 0.459770
0 67 0.298851
0 68 0.773399
0 69 0.338259
0 70 0.471264
0 71 0.210181
0 72 0.272578
0 73 0.272578
0 74 0.075534
0 75 0.660099
0 76 0.274220
0 77 0.783251
0 78 0.793103
0 79 0.684729
0 80 0.142857
0 81 0.413793
0 82 0.724138
0 83 0.197044
0 84 0.300493
0 85 0.170772
0 86 0.520525
0 87 0.044335
0 88 0.267652
0 89 0.443350
0 90 0.287356
0 91 0.374384
0 92 0.129721
0 93 0.671593
0 94 0.476190
0 95 0.280788
0 96 0.190476
0 97 0.085386
0 98 0.827586
0 99 0.558292
1 2 0.482759
1 3 0.170772
1 4 0.648604
1 5 0.318555
1 6 0.435140
1 7 0.584565
1 8 0.349754
1 9 0.495895
1 10 0.553366
1 11 0.415435
1 12 0.476190
1 13 0.569787
1 14 0.244663
1 15 0.494253
1 16 0.338259
1 17 0.272578
1 18 0.563218
1 19 0.607553
1 20 0.354680
1 21 0.287356
1 22 0.499179
1 23 0.433498
1 24 0.545156
1 25 0.413793
1 26 0.597701
1 27 0.518883
1 28 0.479475
1 29 0.392447
1 30 0.541872
1 31 0.321839
1 32 0.594417
1 33 0.441708
1 34 0.507389
1 35 0.195402
1 36 0.174056
1 37 0.426929
1 38 0.285714
1 39 0.174056
1 40 0.487685
1 41 0.817734
1 42 0.422003
1 43 0.206897
1 44 0.536946
1 45 0.596059
1 46 0.500821
1 47 0.563218
1 48 0.566502
1 49 0.311987
1 50 0.579639
1 51 0.617406
1 52 0.185550
1 53 0.765189
1 54 0.336617
1 55 0.586207
1 56 0.596059
1 57 0.129721
1 58 0.139573
1 59 0.594417
1 60 0.100164
1 61 0.321839
1 62 0.584565
1 63 0.438424
1 64 0.287356
1 65 0.459770
1 66 0.205255
1 67 0.047619
1 68 0.740558
1 69 0.509031
1 70 0.453202
1 71 0.113300
1 72 0.009852
1 73 0.272578
1 74 0.295567
1 75 0.469622
1 76 0.039409
1 77 0.563218
1 78 0.612479
1 79 0.517241
1 80 0.162562
1 81 0.548440
1 82 0.640394
1 83 0.300493
1 84 0.459770
1 85 0.172414
1 86 0.541872
1 87 0.234811
1 88 0.481117
1 89 0.190476
1 90 0.078818
1 91 0.577997
1 92 0.134647
1 93 0.426929
1 94 0.216749
1 95 0.041051
1 96 0.318555
1 97 0.333333
1 98 0.610837
1 99 0.362890
2 3 0.318555
2 4 0.559934
2 5 0.702791
2 6 0.121511
2 7 0.786535
2 8 0.643678
2 9 0.546798
2 10 0.844007
2 11 0.124795
2 12 0.228243
2 13 0.479475
2 14 0.239737
2 15 0.297209
2 16 0.418719
2 17 0.315271
2 18 0.160920
2 19 0.359606
2 20 0.643678
2 21 0.320197
2 22 0.425287
2 23 0.617406
2 24 0.768473
2 25 0.433498
2 26 0.226601
2 27 0.137931
2 28 0.234811
2 29 0.147783
2 30 0.111658
2 31 0.159278
2 32 0.123153
2 33 0.765189
2 34 0.661741
2 35 0.454844
2 36 0.653530
2 37 0.796388
2 38 0.323481
2 39 0.408867
2 40 0.290640
2 41 0.668309
2 42 0.802956
2 43 0.582923
2 44 0.287356
2 45 0.646962
2 46 0.198686
2 47 0.655172
2 48 0.504105
2 49 0.538588
2 50 0.550082
2 51 0.389163
2 52 0.403941
2 53 0.635468
2 54 0.724138
2 55 0.848933
2 56 0.576355
2 57 0.425287
2 58 0.423645
2 59 0.288998
2 60 0.561576
2 61 0.160920
2 62 0.876847
2 63 0.060755
2 64 0.407225
2 65 0.650246
2 66 0.292282
2 67 0.435140
2 68 0.576355
2 69 0.765189
2 70 0.476190
2 71 0.490969
2 72 0.479475
2 73 0.499179
2 74 0.692939
2 75 0.103448
2 76 0.504105
2 77 0.080460
2 78 0.185550
2 79 0.175698
2 80 0.558292
2 81 0.740558
2 82 0.418719
2 83 0.602627
2 84 0.720854
2 85 0.536946
2 86 0.568144
2 87 0.660099
2 88 0.804598
2 89 0.303777
2 90 0.528736
2 91 0.858785
2 92 0.599343
2 93 0.121511
2 94 0.307061
2 95 0.446634
2 96 0.628900
2 97 0.738916
2 98 0.128079
2 99 0.152709
3 4 0.612479
3 5 0.454844
3 6 0.264368
3 7 0.656814
3 8 0.446634
3 9 0.499179
3 10 0.660099
3 11 0.274220
3 12 0.364532
3 13 0.525452
3 14 0.100164
3 15 0.402299
3 16 0.328407
3 17 0.136289
3 18 0.422003
3 19 0.513957
3 20 0.448276
3 21 0.154351
3 22 0.453202
3 23 0.487685
3 24 0.625616
3 25 0.392447
3 26 0.466338
3 27 0.377668
3 28 0.369458
3 29 0.256158
3 30 0.371100
3 31 0.160920
3 32 0.425287
3 33 0.558292
3 34 0.556650
3 35 0.175698
3 36 0.344828
3 37 0.561576
3 38 0.229885
3 39 0.193760
3 40 0.394089
3 41 0.770115
3 42 0.561576
3 43 0.331691
3 44 0.435140
3 45 0.609195
3 46 0.377668
3 47 0.589491
3 48 0.533662
3 49 0.371100
3 50 0.559934
3 51 0.530378
3 52 0.200328
3 53 0.722496
3 54 0.476190
3 55 0.683087
3 56 0.581281
3 57 0.116585
3 58 0.180624
3 59 0.481117
3 60 0.243021
3 61 0.159278
3 62 0.694581
3 63 0.269294
3 64 0.282430
3 65 0.518883
3 66 0.036125
3 67 0.126437
3 68 0.684729
3 69 0.599343
3 70 0.440066
3 71 0.221675
3 72 0.165846
3 73 0.323481
3 74 0.438424
3 75 0.323481
3 76 0.187192
3 77 0.397373
3 78 0.467980
3 79 0.385878
3 80 0.293924
3 81 0.615764
3 82 0.558292
3 83 0.395731
3 84 0.550082
3 85 0.284072
3 86 0.540230
3 87 0.387521
3 88 0.599343
3 89 0.021346
3 90 0.210181
3 91 0.683087
3 92 0.300493
3 93 0.256158
3 94 0.065681
3 95 0.142857
3 96 0.420361
3 97 0.481117
3 98 0.446634
3 99 0.223317
4 5 0.584565
4 6 0.655172
4 7 0.397373
4 8 0.461412
4 9 0.187192
4 10 0.530378
4 11 0.449918
4 12 0.331691
4 13 0.087028
4 14 0.528736
4 15 0.262726
4 16 0.308703
4 17 0.725780
4 18 0.438424
4 19 0.228243
4 20 0.454844
4 21 0.742200
4 22 0.159278
4 23 0.331691
4 24 0.415435
4 25 0.233169
4 26 0.389163
4 27 0.433498
4 28 0.325123
4 29 0.440066
4 30 0.669951
4 31 0.545156
4 32 0.646962
4 33 0.532020
4 34 0.300493
4 35 0.783251
4 36 0.722496
4 37 0.607553
4 38 0.382594
4 39 0.472906
4 40 0.270936
4 41 0.170772
4 42 0.627258
4 43 0.545156
4 44 0.277504
4 45 0.178982
4 46 0.362890
4 47 0.228243
4 48 0.082102
4 49 0.389163
4 50 0.082102
4 51 0.201970
4 52 0.463054
4 53 0.116585
4 54 0.597701
4 55 0.500821
4 56 0.087028
4 57 0.711002
4 58 0.507389
4 59 0.308703
4 60 0.747126
4 61 0.548440
4 62 0.553366
4 63 0.592775
4 64 0.361248
4 65 0.338259
4 66 0.625616
4 67 0.620690
4 68 0.116585
4 69 0.451560
4 70 0.198686
4 71 0.553366
4 72 0.655172
4 73 0.402299
4 74 0.597701
4 75 0.456486
4 76 0.689655
4 77 0.591133
4 78 0.466338
4 79 0.392447
4 80 0.564860
4 81 0.367816
4 82 0.183908
4 83 0.464696
4 84 0.441708
4 85 0.532020
4 86 0.146141
4 87 0.622332
4 88 0.551724
4 89 0.620690
4 90 0.727422
4 91 0.528736
4 92 0.658456
4 93 0.650246
4 94 0.665025
4 95 0.612479
4 96 0.476190
4 97 0.630542
4 98 0.605911
4 99 0.461412
5 6 0.699507
5 7 0.333333
5 8 0.124795
5 9 0.397373
5 10 0.251232
5 11 0.596059
5 12 0.589491
5 13 0.536946
5 14 0.476190
5 15 0.566502
5 16 0.343186
5 17 0.581281
5 18 0.719212
5 19 0.660099
5 20 0.131363
5 21 0.599343
5 22 0.490969
5 23 0.259442
5 24 0.287356
5 25 0.397373
5 26 0.725780
5 27 0.679803
5 28 0.587849
5 29 0.568144
5 30 0.791461
5 31 0.558292
5 32 0.825944
5 33 0.137931
5 34 0.320197
5 35 0.512315
5 36 0.228243
5 37 0.108374
5 38 0.392447
5 39 0.293924
5 40 0.564860
5 41 0.748768
5 42 0.106732
5 43 0.123153
5 44 0.620690
5 45 0.451560
5 46 0.630542
5 47 0.399015
5 48 0.515599
5 49 0.210181
5 50 0.500821
5 51 0.656814
5 52 0.297209
5 53 0.694581
5 54 0.021346
5 55 0.293924
5 56 0.504105
5 57 0.449918
5 58 0.285714
5 59 0.686371
5 60 0.351396
5 61 0.559934
5 62 0.279146
5 63 0.678161
5 64 0.320197
5 65 0.266010
5 66 0.492611
5 67 0.343186
5 68 0.699507
5 69 0.236453
5 70 0.403941
5 71 0.233169
5 72 0.328407
5 73 0.224959
5 74 0.026273
5 75 0.646962
5 76 0.339901
5 77 0.781609
5 78 0.770115
5 79 0.660099
5 80 0.162562
5 81 0.311987
5 82 0.666667
5 83 0.126437
5 84 0.198686
5 85 0.172414
5 86 0.440066
5 87 0.093596
5 88 0.172414
5 89 0.477833
5 90 0.361248
5 91 0.277504
5 92 0.201970
5 93 0.691297
5 94 0.515599
5 95 0.323481
5 96 0.108374
5 97 0.045977
5 98 0.824302
5 99 0.551724
6 7 0.832512
6 8 0.661741
6 9 0.614122
6 10 0.871921
6 11 0.205255
6 12 0.326765
6 13 0.571429
6 14 0.223317
6 15 0.394089
6 16 0.464696
6 17 0.215107
6 18 0.284072
6 19 0.471264
6 20 0.663383
6 21 0.215107
6 22 0.509031
6 23 0.660099
6 24 0.811166
6 25 0.495895
6 26 0.348112
6 27 0.256158
6 28 0.333333
6 29 0.216749
6 30 0.110016
6 31 0.146141
6 32 0.175698
6 33 0.781609
6 34 0.714286
6 35 0.364532
6 36 0.610837
6 37 0.801314
6 38 0.356322
6 39 0.408867
6 40 0.385878
6 41 0.776683
6 42 0.804598
6 43 0.576355
6 44 0.394089
6 45 0.720854
6 46 0.305419
6 47 0.720854
6 48 0.592775
6 49 0.564860
6 50 0.633826
6 51 0.499179
6 52 0.407225
6 53 0.740558
6 54 0.720854
6 55 0.883415
6 56 0.658456
6 57 0.349754
6 58 0.412151
6 59 0.405583
6 60 0.499179
6 61 0.144499
6 62 0.906404
6 63 0.065681
6 64 0.440066
6 65 0.692939
6 66 0.229885
6 67 0.390805
6 68 0.684729
6 69 0.799672
6 70 0.543514
6 71 0.472906
6 72 0.430213
6 73 0.520525
6 74 0.686371
6 75 0.210181
6 76 0.448276
6 77 0.172414
6 78 0.307061
6 79 0.288998
6 80 0.543514
6 81 0.788177
6 82 0.528736
6 83 0.615764
6 84 0.752053
6 85 0.527094
6 86 0.642036
6 87 0.643678
6 88 0.822660
6 89 0.244663
6 90 0.466338
6 91 0.889984
6 92 0.564860
6 93 0.008210
6 94 0.229885
6 95 0.405583
6 96 0.642036
6 97 0.730706
6 98 0.215107
6 99 0.200328
7 8 0.239737
7 9 0.259442
7 10 0.146141
7 11 0.660099
7 12 0.591133
7 13 0.402299
7 14 0.625616
7 15 0.535304
7 16 0.367816
7 17 0.794745
7 18 0.729064
7 19 0.577997
7 20 0.233169
7 21 0.812808
7 22 0.405583
7 23 0.172414
7 24 0.045977
7 25 0.356322
7 26 0.706076
7 27 0.702791
7 28 0.586207
7 29 0.637110
7 30 0.894910
7 31 0.688013
7 32 0.901478
7 33 0.208539
7 34 0.124795
7 35 0.776683
7 36 0.553366
7 37 0.287356
7 38 0.476190
7 39 0.461412
7 40 0.538588
7 41 0.522167
7 42 0.308703
7 43 0.387521
7 44 0.579639
7 45 0.218391
7 46 0.635468
7 47 0.170772
7 48 0.369458
7 49 0.285714
7 50 0.328407
7 51 0.558292
7 52 0.456486
7 53 0.474548
7 54 0.333333
7 55 0.106732
7 56 0.313629
7 57 0.702791
7 58 0.479475
7 59 0.638752
7 60 0.651888
7 61 0.691297
7 62 0.160920
7 63 0.788177
7 64 0.394089
7 65 0.139573
7 66 0.688013
7 67 0.587849
7 68 0.509031
7 69 0.098522
7 70 0.321839
7 71 0.471264
7 72 0.594417
7 73 0.333333
7 74 0.357964
7 75 0.696223
7 76 0.619048
7 77 0.847291
7 78 0.773399
7 79 0.669951
7 80 0.430213
7 81 0.044335
7 82 0.555008
7 83 0.285714
7 84 0.134647
7 85 0.413793
7 86 0.269294
7 87 0.417077
7 88 0.201970
7 89 0.676519
7 90 0.650246
7 91 0.136289
7 92 0.510673
7 93 0.824302
7 94 0.722496
7 95 0.569787
7 96 0.270936
7 97 0.362890
7 98 0.878489
7 99 0.638752
8 9 0.272578
8 10 0.213465
8 11 0.527094
8 12 0.500821
8 13 0.417077
8 14 0.440066
8 15 0.467980
8 16 0.246305
8 17 0.581281
8 18 0.635468
8 19 0.551724
8 20 0.006568
8 21 0.599343
8 22 0.377668
8 23 0.134647
8 24 0.197044
8 25 0.287356
8 26 0.633826
8 27 0.599343
8 28 0.497537
8 29 0.500821
8 30 0.742200
8 31 0.515599
8 32 0.766831
8 33 0.119869
8 34 0.198686
8 35 0.543514
8 36 0.316913
8 37 0.164204
8 38 0.321839
8 39 0.257800
8 40 0.466338
8 41 0.623974
8 42 0.178982
8 43 0.146141
8 44 0.520525
8 45 0.326765
8 46 0.543514
8 47 0.275862
8 48 0.394089
8 49 0.108374
8 50 0.377668
8 51 0.545156
8 52 0.256158
8 53 0.569787
8 54 0.136289
8 55 0.238095
8 56 0.379310
8 57 0.472906
8 58 0.264368
8 59 0.586207
8 60 0.412151
8 61 0.517241
8 62 0.247947
8 63 0.630542
8 64 0.238095
8 65 0.144499
8 66 0.481117
8 67 0.357964
8 68 0.576355
8 69 0.159278
8 70 0.287356
8 71 0.238095
8 72 0.359606
8 73 0.144499
8 74 0.141215
8 75 0.574713
8 76 0.380952
8 77 0.717570
8 78 0.686371
8 79 0.574713
8 80 0.188834
8 81 0.208539
8 82 0.553366
8 83 0.050903
8 84 0.110016
8 85 0.177340
8 86 0.315271
8 87 0.185550
8 88 0.160920
8 89 0.466338
8 90 0.410509
8 91 0.234811
8 92 0.270936
8 93 0.653530
8 94 0.510673
8 95 0.338259
8 96 0.031199
8 97 0.169130
8 98 0.758621
8 99 0.490969
9 10 0.369458
9 11 0.422003
9 12 0.336617
9 13 0.152709
9 14 0.436782
9 15 0.275862
9 16 0.170772
9 17 0.627258
9 18 0.472906
9 19 0.318555
9 20 0.267652
9 21 0.645320
9 22 0.144499
9 23 0.147783
9 24 0.261084
9 25 0.118227
9 26 0.446634
9 27 0.449918
9 28 0.331691
9 29 0.403941
9 30 0.658456
9 31 0.479475
9 32 0.656814
9 33 0.351396
9 34 0.137931
9 35 0.655172
9 36 0.546798
9 37 0.423645
9 38 0.275862
9 39 0.326765
9 40 0.280788
9 41 0.353038
9 42 0.443350
9 43 0.364532
9 44 0.320197
9 45 0.110016
9 46 0.379310
9 47 0.108374
9 48 0.124795
9 49 0.206897
9 50 0.103448
9 51 0.303777
9 52 0.316913
9 53 0.298851
9 54 0.410509
9 55 0.351396
9 56 0.108374
9 57 0.579639
9 58 0.357964
9 59 0.377668
9 60 0.587849
9 61 0.481117
9 62 0.397373
9 63 0.559934
9 64 0.218391
9 65 0.160920
9 66 0.520525
9 67 0.476190
9 68 0.302135
9 69 0.285714
9 70 0.070608
9 71 0.389163
9 72 0.502463
9 73 0.229885
9 74 0.410509
9 75 0.451560
9 76 0.535304
9 77 0.600985
9 78 0.515599
9 79 0.413793
9 80 0.389163
9 81 0.220033
9 82 0.302135
9 83 0.277504
9 84 0.264368
9 85 0.357964
9 86 0.047619
9 87 0.438424
9 88 0.374384
9 89 0.512315
9 90 0.573071
9 91 0.372742
9 92 0.484401
9 93 0.605911
9 94 0.559934
9 95 0.464696
9 96 0.288998
9 97 0.441708
9 98 0.628900
9 99 0.412151
10 11 0.720854
10 12 0.673235
10 13 0.520525
10 14 0.651888
10 15 0.625616
10 16 0.426929
10 17 0.794745
10 18 0.812808
10 19 0.686371
10 20 0.210181
10 21 0.812808
10 22 0.509031
10 23 0.236453
10 24 0.116585
10 25 0.438424
10 26 0.799672
10 27 0.781609
10 28 0.669951
10 29 0.696223
10 30 0.945813
10 31 0.724138
10 32 0.963875
10 33 0.113300
10 34 0.233169
10 35 0.750411
10 36 0.479475
10 37 0.167488
10 38 0.520525
10 39 0.471264
10 40 0.627258
10 41 0.665025
10 42 0.188834
10 43 0.344828
10 44 0.676519
10 45 0.356322
10 46 0.717570
10 47 0.302135
10 48 0.489327
10 49 0.305419
10 50 0.454844
10 51 0.673235
10 52 0.467980
10 53 0.617406
10 54 0.241379
10 55 0.050903
10 56 0.443350
10 57 0.679803
10 58 0.477833
10 59 0.738916
10 60 0.600985
10 61 0.725780
10 62 0.034483
10 63 0.835796
10 64 0.435140
10 65 0.211823
10 66 0.694581
10 67 0.566502
10 68 0.645320
10 69 0.083744
10 70 0.417077
10 71 0.448276
10 72 0.563218
10 73 0.349754
10 74 0.277504
10 75 0.765189
10 76 0.579639
10 77 0.912972
10 78 0.860427
10 79 0.752053
10 80 0.389163
10 81 0.164204
10 82 0.671593
10 83 0.264368
10 84 0.121511
10 85 0.384236
10 86 0.390805
10 87 0.343186
10 88 0.080460
10 89 0.681445
10 90 0.605911
10 91 0.026273
10 92 0.451560
10 93 0.862069
10 94 0.725780
10 95 0.546798
10 96 0.239737
10 97 0.264368
10 98 0.949097
10 99 0.691297
11 12 0.123153
11 13 0.366174
11 14 0.175698
11 15 0.188834
11 16 0.295567
11 17 0.325123
11 18 0.147783
11 19 0.275862
11 20 0.527094
11 21 0.336617
11 22 0.305419
11 23 0.492611
11 24 0.645320
11 25 0.307061
11 26 0.193760
11 27 0.103448
11 28 0.129721
11 29 0.026273
11 30 0.234811
11 31 0.126437
11 32 0.243021
11 33 0.646962
11 34 0.536946
11 35 0.440066
11 36 0.576355
11 37 0.684729
11 38 0.205255
11 39 0.307061
11 40 0.180624
11 41 0.574713
11 42 0.692939
11 43 0.481117
11 44 0.195402
11 45 0.523810
11 46 0.113300
11 47 0.530378
11 48 0.387521
11 49 0.420361
11 50 0.431856
11 51 0.300493
11 52 0.302135
11 53 0.535304
11 54 0.617406
11 55 0.725780
11 56 0.456486
11 57 0.390805
11 58 0.328407
11 59 0.221675
11 60 0.507389
11 61 0.129721
11 62 0.755337
11 63 0.142857
11 64 0.288998
11 65 0.525452
11 66 0.261084
11 67 0.367816
11 68 0.481117
11 69 0.642036
11 70 0.351396
11 71 0.399015
11 72 0.415435
11 73 0.382594
11 74 0.587849
11 75 0.054187
11 76 0.444992
11 77 0.190476
11 78 0.197044
11 79 0.113300
11 80 0.461412
11 81 0.615764
11 82 0.330049
11 83 0.487685
11 84 0.599343
11 85 0.435140
11 86 0.444992
11 87 0.563218
11 88 0.686371
11 89 0.266010
11 90 0.474548
11 91 0.735632
11 92 0.515599
11 93 0.198686
11 94 0.288998
11 95 0.376026
11 96 0.513957
11 97 0.635468
11 98 0.229885
11 99 0.052545
12 13 0.251232
12 14 0.264368
12 15 0.068966
12 16 0.252874
12 17 0.440066
12 18 0.139573
12 19 0.154351
12 20 0.497537
12 21 0.453202
12 22 0.201970
12 23 0.436782
12 24 0.582923
12 25 0.234811
12 26 0.134647
12 27 0.113300
12 28 0.006568
12 29 0.123153
12 30 0.338259
12 31 0.241379
12 32 0.323481
12 33 0.615764
12 34 0.464696
12 35 0.540230
12 36 0.617406
12 37 0.665025
12 38 0.208539
12 39 0.331691
12 40 0.060755
12 41 0.449918
12 42 0.676519
12 43 0.490969
12 44 0.072250
12 45 0.426929
12 46 0.042693
12 47 0.443350
12 48 0.277504
12 49 0.390805
12 50 0.323481
12 51 0.177340
12 52 0.323481
12 53 0.412151
12 54 0.610837
12 55 0.668309
12 56 0.349754
12 57 0.481117
12 58 0.361248
12 59 0.118227
12 60 0.574713
12 61 0.244663
12 62 0.706076
12 63 0.262726
12 64 0.269294
12 65 0.464696
12 66 0.361248
12 67 0.433498
12 68 0.357964
12 69 0.589491
12 70 0.269294
12 71 0.430213
12 72 0.477833
12 73 0.364532
12 74 0.589491
12 75 0.124795
12 76 0.512315
12 77 0.267652
12 78 0.187192
12 79 0.078818
12 80 0.482759
12 81 0.546798
12 82 0.206897
12 83 0.469622
12 84 0.553366
12 85 0.451560
12 86 0.348112
12 87 0.576355
12 88 0.651888
12 89 0.362890
12 90 0.546798
12 91 0.683087
12 92 0.553366
12 93 0.321839
12 94 0.395731
12 95 0.435140
12 96 0.494253
12 97 0.633826
12 98 0.292282
12 99 0.154351
13 14 0.441708
13 15 0.180624
13 16 0.233169
13 17 0.637110
13 18 0.369458
13 19 0.177340
13 20 0.412151
13 21 0.653530
13 22 0.072250
13 23 0.298851
13 24 0.410509
13 25 0.157635
13 26 0.328407
13 27 0.357964
13 28 0.244663
13 29 0.354680
13 30 0.589491
13 31 0.456486
13 32 0.573071
13 33 0.502463
13 34 0.287356
13 35 0.697865
13 36 0.655172
13 37 0.574713
13 38 0.297209
13 39 0.394089
13 40 0.188834
13 41 0.247947
13 42 0.592775
13 43 0.482759
13 44 0.206897
13 45 0.197044
13 46 0.287356
13 47 0.233169
13 48 0.032841
13 49 0.331691
13 50 0.080460
13 51 0.157635
13 52 0.384236
13 53 0.197044
13 54 0.553366
13 55 0.499179
13 56 0.105090
13 57 0.627258
13 58 0.428571
13 59 0.249589
13 60 0.668309
13 61 0.461412
13 62 0.546798
13 63 0.509031
13 64 0.282430
13 65 0.315271
13 66 0.536946
13 67 0.540230
13 68 0.172414
13 69 0.438424
13 70 0.133005
13 71 0.479475
13 72 0.574713
13 73 0.336617
13 74 0.546798
13 75 0.376026
13 76 0.609195
13 77 0.517241
13 78 0.402299
13 79 0.318555
13 80 0.497537
13 81 0.366174
13 82 0.151067
13 83 0.412151
13 84 0.418719
13 85 0.464696
13 86 0.133005
13 87 0.564860
13 88 0.528736
13 89 0.533662
13 90 0.648604
13 91 0.523810
13 92 0.589491
13 93 0.564860
13 94 0.576355
13 95 0.532020
13 96 0.428571
13 97 0.582923
13 98 0.535304
13 99 0.374384
14 15 0.303777
14 16 0.269294
14 17 0.195402
14 18 0.323481
14 19 0.413793
14 20 0.441708
14 21 0.211823
14 22 0.369458
14 23 0.451560
14 24 0.599343
14 25 0.321839
14 26 0.366174
14 27 0.279146
14 28 0.267652
14 29 0.154351
14 30 0.315271
14 31 0.083744
14 32 0.357964
14 33 0.558292
14 34 0.513957
14 35 0.275862
14 36 0.412151
14 37 0.577997
14 38 0.160920
14 39 0.183908
14 40 0.295567
14 41 0.681445
14 42 0.581281
14 43 0.353038
14 44 0.334975
14 45 0.546798
14 46 0.275862
14 47 0.535304
14 48 0.451560
14 49 0.348112
14 50 0.484401
14 51 0.431856
14 52 0.183908
14 53 0.633826
14 54 0.497537
14 55 0.666667
14 56 0.507389
14 57 0.218391
14 58 0.190476
14 59 0.379310
14 60 0.331691
14 61 0.083744
14 62 0.686371
14 63 0.203612
14 64 0.233169
14 65 0.486043
14 66 0.098522
14 67 0.197044
14 68 0.592775
14 69 0.582923
14 70 0.371100
14 71 0.252874
14 72 0.243021
14 73 0.300493
14 74 0.463054
14 75 0.226601
14 76 0.270936
14 77 0.321839
14 78 0.371100
14 79 0.285714
14 80 0.323481
14 81 0.581281
14 82 0.459770
14 83 0.392447
14 84 0.533662
14 85 0.305419
14 86 0.472906
14 87 0.423645
14 88 0.600985
14 89 0.098522
14 90 0.300493
14 91 0.671593
14 92 0.357964
14 93 0.213465
14 94 0.136289
14 95 0.206897
14 96 0.418719
14 97 0.509031
14 98 0.369458
14 99 0.123153
15 16 0.223317
15 17 0.490969
15 18 0.197044
15 19 0.113300
15 20 0.464696
15 21 0.505747
15 22 0.136289
15 23 0.389163
15 24 0.530378
15 25 0.187192
15 26 0.172414
15 27 0.178982
15 28 0.062397
15 29 0.182266
15 30 0.408867
15 31 0.297209
15 32 0.392447
15 33 0.577997
15 34 0.408867
15 35 0.577997
15 36 0.620690
15 37 0.633826
15 38 0.210181
15 39 0.333333
15 40 0.008210
15 41 0.387521
15 42 0.646962
15 43 0.477833
15 44 0.052545
15 45 0.361248
15 46 0.106732
15 47 0.380952
15 48 0.208539
15 49 0.359606
15 50 0.254516
15 51 0.128079
15 52 0.323481
15 53 0.346470
15 54 0.586207
15 55 0.617406
15 56 0.280788
15 57 0.515599
15 58 0.366174
15 59 0.119869
15 60 0.594417
15 61 0.300493
15 62 0.656814
15 63 0.330049
15 64 0.251232
15 65 0.415435
15 66 0.403941
15 67 0.453202
15 68 0.295567
15 69 0.541872
15 70 0.211823
15 71 0.431856
15 72 0.495895
15 73 0.341544
15 74 0.568144
15 75 0.193760
15 76 0.530378
15 77 0.336617
15 78 0.238095
15 79 0.139573
15 80 0.474548
15 81 0.492611
15 82 0.154351
15 83 0.443350
15 84 0.509031
15 85 0.443350
15 86 0.284072
15 87 0.564860
15 88 0.610837
15 89 0.403941
15 90 0.566502
15 91 0.635468
15 92 0.553366
15 93 0.389163
15 94 0.440066
15 95 0.451560
15 96 0.466338
15 97 0.610837
15 98 0.357964
15 99 0.210181
16 17 0.458128
16 18 0.390805
16 19 0.318555
16 20 0.244663
16 21 0.474548
16 22 0.167488
16 23 0.197044
16 24 0.349754
16 25 0.075534
16 26 0.387521
16 27 0.354680
16 28 0.251232
16 29 0.270936
16 30 0.525452
16 31 0.321839
16 32 0.538588
16 33 0.361248
16 34 0.249589
16 35 0.486043
16 36 0.423645
16 37 0.412151
16 38 0.110016
16 39 0.164204
16 40 0.221675
16 41 0.479475
16 42 0.425287
16 43 0.261084
16 44 0.275862
16 45 0.280788
16 46 0.295567
16 47 0.266010
16 48 0.226601
16 49 0.137931
16 50 0.241379
16 51 0.318555
16 52 0.154351
16 53 0.425287
16 54 0.362890
16 55 0.428571
16 56 0.259442
16 57 0.412151
16 58 0.198686
16 59 0.343186
16 60 0.436782
16 61 0.325123
16 62 0.459770
16 63 0.418719
16 64 0.050903
16 65 0.229885
16 66 0.349754
16 67 0.313629
16 68 0.405583
16 69 0.346470
16 70 0.114943
16 71 0.244663
16 72 0.344828
16 73 0.119869
16 74 0.346470
16 75 0.336617
16 76 0.379310
16 77 0.486043
16 78 0.440066
16 79 0.328407
16 80 0.269294
16 81 0.323481
16 82 0.333333
16 83 0.218391
16 84 0.305419
16 85 0.234811
16 86 0.211823
16 87 0.348112
16 88 0.399015
16 89 0.341544
16 90 0.418719
16 91 0.440066
16 92 0.357964
16 93 0.456486
16 94 0.389163
16 95 0.303777
16 96 0.243021
16 97 0.389163
16 98 0.522167
16 99 0.269294
17 18 0.456486
17 19 0.594417
17 20 0.584565
17 21 0.018062
17 22 0.566502
17 23 0.623974
17 24 0.761905
17 25 0.515599
17 26 0.513957
17 27 0.417077
17 28 0.444992
17 29 0.316913
17 30 0.325123
17 31 0.198686
17 32 0.392447
17 33 0.691297
17 34 0.691297
17 35 0.149425
17 36 0.438424
17 37 0.689655
17 38 0.353038
17 39 0.331691
17 40 0.482759
17 41 0.875205
17 42 0.688013
17 43 0.459770
17 44 0.513957
17 45 0.738916
17 46 0.440066
17 47 0.722496
17 48 0.648604
17 49 0.507389
17 50 0.681445
17 51 0.615764
17 52 0.336617
17 53 0.829228
17 54 0.600985
17 55 0.819376
17 56 0.702791
17 57 0.154351
17 58 0.316913
17 59 0.546798
17 60 0.307061
17 61 0.195402
17 62 0.829228
17 63 0.254516
17 64 0.415435
17 65 0.656814
17 66 0.108374
17 67 0.238095
17 68 0.784893
17 69 0.737274
17 70 0.564860
17 71 0.351396
17 72 0.264368
17 73 0.461412
17 74 0.561576
17 75 0.361248
17 76 0.269294
17 77 0.382594
17 78 0.494253
17 79 0.436782
17 80 0.418719
17 81 0.752053
17 82 0.645320
17 83 0.530378
17 84 0.686371
17 85 0.415435
17 86 0.666667
17 87 0.505747
17 88 0.732348
17 89 0.118227
17 90 0.275862
17 91 0.817734
17 92 0.408867
17 93 0.210181
17 94 0.070608
17 95 0.257800
17 96 0.555008
17 97 0.602627
17 98 0.428571
17 99 0.285714
18 19 0.216749
18 20 0.633826
18 21 0.464696
18 22 0.333333
18 23 0.576355
18 24 0.722496
18 25 0.374384
18 26 0.065681
18 27 0.044335
18 28 0.142857
18 29 0.170772
18 30 0.249589
18 31 0.266010
18 32 0.211823
18 33 0.752053
18 34 0.604269
18 35 0.582923
18 36 0.720854
18 37 0.799672
18 38 0.326765
18 39 0.443350
18 40 0.192118
18 41 0.523810
18 42 0.809524
18 43 0.612479
18 44 0.162562
18 45 0.558292
18 46 0.095238
18 47 0.579639
18 48 0.399015
18 49 0.527094
18 50 0.448276
18 51 0.246305
18 52 0.436782
18 53 0.495895
18 54 0.740558
18 55 0.807882
18 56 0.472906
18 57 0.536946
18 58 0.467980
18 59 0.137931
18 60 0.655172
18 61 0.269294
18 62 0.845649
18 63 0.218391
18 64 0.399015
18 65 0.604269
18 66 0.405583
18 67 0.517241
18 68 0.433498
18 69 0.729064
18 70 0.407225
18 71 0.538588
18 72 0.563218
18 73 0.495895
18 74 0.715928
18 75 0.096880
18 76 0.592775
18 77 0.159278
18 78 0.050903
18 79 0.060755
18 80 0.597701
18 81 0.686371
18 82 0.274220
18 83 0.602627
18 84 0.692939
18 85 0.569787
18 86 0.481117
18 87 0.696223
18 88 0.789819
18 89 0.412151
18 90 0.623974
18 91 0.824302
18 92 0.658456
18 93 0.282430
18 94 0.430213
18 95 0.523810
18 96 0.628900
18 97 0.760263
18 98 0.167488
18 99 0.200328
19 20 0.546798
19 21 0.607553
19 22 0.178982
19 23 0.453202
19 24 0.581281
19 25 0.264368
19 26 0.160920
19 27 0.221675
19 28 0.147783
19 29 0.277504
19 30 0.461412
19 31 0.395731
19 32 0.428571
19 33 0.653530
19 34 0.458128
19 35 0.689655
19 36 0.730706
19 37 0.715928
19 38 0.321839
19 39 0.444992
19 40 0.119869
19 41 0.308703
19 42 0.732348
19 43 0.579639
19 44 0.080460
19 45 0.376026
19 46 0.164204
19 47 0.410509
19 48 0.211823
19 49 0.449918
19 50 0.259442
19 51 0.029557
19 52 0.435140
19 53 0.279146
19 54 0.678161
19 55 0.669951
19 56 0.282430
19 57 0.627258
19 58 0.477833
19 59 0.080460
19 60 0.707718
19 61 0.399015
19 62 0.715928
19 63 0.405583
19 64 0.354680
19 65 0.474548
19 66 0.512315
19 67 0.568144
19 68 0.216749
19 69 0.602627
19 70 0.270936
19 71 0.541872
19 72 0.610837
19 73 0.438424
19 74 0.665025
19 75 0.261084
19 76 0.645320
19 77 0.376026
19 78 0.238095
19 79 0.183908
19 80 0.581281
19 81 0.538588
19 82 0.057471
19 83 0.533662
19 84 0.576355
19 85 0.548440
19 86 0.308703
19 87 0.666667
19 88 0.683087
19 89 0.513957
19 90 0.681445
19 91 0.691297
19 92 0.663383
19 93 0.467980
19 94 0.548440
19 95 0.566502
19 96 0.555008
19 97 0.706076
19 98 0.382594
19 99 0.308703
20 21 0.602627
20 22 0.372742
20 23 0.128079
20 24 0.192118
20 25 0.282430
20 26 0.632184
20 27 0.597701
20 28 0.495895
20 29 0.500821
20 30 0.742200
20 31 0.517241
20 32 0.766831
20 33 0.119869
20 34 0.192118
20 35 0.548440
20 36 0.323481
20 37 0.169130
20 38 0.320197
20 39 0.259442
20 40 0.463054
20 41 0.617406
20 42 0.183908
20 43 0.152709
20 44 0.517241
20 45 0.320197
20 46 0.540230
20 47 0.269294
20 48 0.387521
20 49 0.106732
20 50 0.371100
20 51 0.540230
20 52 0.257800
20 53 0.563218
20 54 0.142857
20 55 0.234811
20 56 0.372742
20 57 0.476190
20 58 0.267652
20 59 0.582923
20 60 0.417077
20 61 0.518883
20 62 0.244663
20 63 0.630542
20 64 0.238095
20 65 0.137931
20 66 0.482759
20 67 0.361248
20 68 0.569787
20 69 0.154351
20 70 0.282430
20 71 0.243021
20 72 0.364532
20 73 0.144499
20 74 0.147783
20 75 0.573071
20 76 0.385878
20 77 0.717570
20 78 0.684729
20 79 0.573071
20 80 0.195402
20 81 0.201970
20 82 0.548440
20 83 0.054187
20 84 0.105090
20 85 0.182266
20 86 0.308703
20 87 0.193760
20 88 0.160920
20 89 0.469622
20 90 0.417077
20 91 0.233169
20 92 0.277504
20 93 0.653530
20 94 0.513957
20 95 0.343186
20 96 0.037767
20 97 0.174056
20 98 0.756979
20 99 0.490969
21 22 0.581281
21 23 0.642036
21 24 0.779967
21 25 0.533662
21 26 0.522167
21 27 0.426929
21 28 0.458128
21 29 0.328407
21 30 0.321839
21 31 0.210181
21 32 0.392447
21 33 0.709360
21 34 0.709360
21 35 0.154351
21 36 0.453202
21 37 0.707718
21 38 0.369458
21 39 0.349754
21 40 0.495895
21 41 0.889984
21 42 0.704433
21 43 0.477833
21 44 0.525452
21 45 0.755337
21 46 0.449918
21 47 0.740558
21 48 0.665025
21 49 0.527094
21 50 0.697865
21 51 0.628900
21 52 0.354680
21 53 0.844007
21 54 0.617406
21 55 0.839080
21 56 0.719212
21 57 0.167488
21 58 0.334975
21 59 0.558292
21 60 0.318555
21 61 0.206897
21 62 0.847291
21 63 0.257800
21 64 0.433498
21 65 0.674877
21 66 0.126437
21 67 0.256158
21 68 0.799672
21 69 0.755337
21 70 0.581281
21 71 0.367816
21 72 0.279146
21 73 0.479475
21 74 0.579639
21 75 0.371100
21 76 0.284072
21 77 0.384236
21 78 0.499179
21 79 0.448276
21 80 0.436782
21 81 0.770115
21 82 0.658456
21 83 0.548440
21 84 0.704433
21 85 0.431856
21 86 0.684729
21 87 0.522167
21 88 0.750411
21 89 0.136289
21 90 0.287356
21 91 0.835796
21 92 0.423645
21 93 0.210181
21 94 0.088670
21 95 0.275862
21 96 0.573071
21 97 0.619048
21 98 0.430213
21 99 0.297209
22 23 0.274220
22 24 0.403941
22 25 0.096880
22 26 0.302135
22 27 0.313629
22 28 0.195402
22 29 0.292282
22 30 0.536946
22 31 0.389163
22 32 0.527094
22 33 0.474548
22 34 0.282430
22 35 0.625616
22 36 0.592775
22 37 0.540230
22 38 0.224959
22 39 0.325123
22 40 0.141215
22 41 0.320197
22 42 0.556650
22 43 0.425287
22 44 0.175698
22 45 0.224959
22 46 0.243021
22 47 0.246305
22 48 0.083744
22 49 0.282430
22 50 0.124795
22 51 0.167488
22 52 0.313629
22 53 0.269294
22 54 0.509031
22 55 0.494253
22 56 0.149425
22 57 0.553366
22 58 0.359606
22 59 0.233169
22 60 0.599343
22 61 0.392447
22 62 0.536946
22 63 0.448276
22 64 0.215107
22 65 0.295567
22 66 0.464696
22 67 0.467980
22 68 0.239737
22 69 0.423645
22 70 0.091954
22 71 0.412151
22 72 0.504105
22 73 0.279146
22 74 0.499179
22 75 0.323481
22 76 0.540230
22 77 0.469622
22 78 0.372742
22 79 0.275862
22 80 0.436782
22 81 0.364532
22 82 0.175698
22 83 0.364532
22 84 0.395731
22 85 0.402299
22 86 0.147783
22 87 0.509031
22 88 0.504105
22 89 0.461412
22 90 0.577997
22 91 0.513957
22 92 0.527094
22 93 0.502463
22 94 0.504105
22 95 0.461412
22 96 0.384236
22 97 0.536946
22 98 0.494253
22 99 0.310345
23 24 0.151067
23 25 0.201970
23 26 0.561576
23 27 0.545156
23 28 0.431856
23 29 0.469622
23 30 0.724138
23 31 0.513957
23 32 0.735632
23 33 0.203612
23 34 0.073892
23 35 0.617406
23 36 0.440066
23 37 0.275862
23 38 0.302135
23 39 0.293924
23 40 0.389163
23 41 0.490969
23 42 0.295567
23 43 0.257800
23 44 0.438424
23 45 0.192118
23 46 0.479475
23 47 0.142857
23 48 0.272578
23 49 0.119869
23 50 0.247947
23 51 0.441708
23 52 0.287356
23 53 0.436782
23 54 0.270936
23 55 0.233169
23 56 0.246305
23 57 0.541872
23 58 0.315271
23 59 0.502463
23 60 0.512315
23 61 0.517241
23 62 0.269294
23 63 0.615764
23 64 0.220033
23 65 0.032841
23 66 0.515599
23 67 0.428571
23 68 0.448276
23 69 0.152709
23 70 0.182266
23 71 0.318555
23 72 0.441708
23 73 0.165846
23 74 0.275862
23 75 0.533662
23 76 0.469622
23 77 0.683087
23 78 0.623974
23 79 0.513957
23 80 0.293924
23 81 0.129721
23 82 0.444992
23 83 0.155993
23 84 0.121511
23 85 0.269294
23 86 0.183908
23 87 0.316913
23 88 0.229885
23 89 0.505747
23 90 0.505747
23 91 0.246305
23 92 0.384236
23 93 0.651888
23 94 0.551724
23 95 0.412151
23 96 0.157635
23 97 0.302135
23 98 0.717570
23 99 0.467980
24 25 0.346470
24 26 0.702791
24 27 0.692939
24 28 0.577997
24 29 0.620690
24 30 0.875205
24 31 0.665025
24 32 0.886700
24 33 0.162562
24 34 0.123153
24 35 0.738916
24 36 0.509031
24 37 0.243021
24 38 0.453202
24 39 0.430213
24 40 0.532020
24 41 0.548440
24 42 0.264368
24 43 0.344828
24 44 0.577997
24 45 0.239737
24 46 0.627258
24 47 0.185550
24 48 0.377668
24 49 0.252874
24 50 0.341544
24 51 0.564860
24 52 0.425287
24 53 0.500821
24 54 0.287356
24 55 0.088670
24 56 0.328407
24 57 0.665025
24 58 0.444992
24 59 0.638752
24 60 0.609195
24 61 0.666667
24 62 0.137931
24 63 0.768473
24 64 0.369458
24 65 0.118227
24 66 0.656814
24 67 0.550082
24 68 0.528736
24 69 0.054187
24 70 0.316913
24 71 0.433498
24 72 0.555008
24 73 0.300493
24 74 0.311987
24 75 0.683087
24 76 0.577997
24 77 0.834154
24 78 0.768473
24 79 0.661741
24 80 0.387521
24 81 0.047619
24 82 0.563218
24 83 0.244663
24 84 0.090312
24 85 0.372742
24 86 0.277504
24 87 0.372742
24 88 0.159278
24 89 0.643678
24 90 0.609195
24 91 0.113300
24 92 0.466338
24 93 0.801314
24 94 0.691297
24 95 0.532020
24 96 0.229885
24 97 0.316913
24 98 0.866995
24 99 0.620690
25 26 0.359606
25 27 0.346470
25 28 0.231527
25 29 0.287356
25 30 0.543514
25 31 0.361248
25 32 0.546798
25 33 0.392447
25 34 0.231527
25 35 0.555008
25 36 0.497537
25 37 0.451560
25 38 0.162562
25 39 0.239737
25 40 0.187192
25 41 0.403941
25 42 0.466338
25 43 0.328407
25 44 0.238095
25 45 0.226601
25 46 0.279146
25 47 0.223317
25 48 0.151067
25 49 0.187192
25 50 0.169130
25 51 0.259442
25 52 0.228243
25 53 0.349754
25 54 0.415435
25 55 0.433498
25 56 0.188834
25 57 0.481117
25 58 0.274220
25 59 0.302135
25 60 0.512315
25 61 0.364532
25 62 0.471264
25 63 0.443350
25 64 0.126437
25 65 0.229885
25 66 0.410509
25 67 0.387521
25 68 0.330049
25 69 0.354680
25 70 0.049261
25 71 0.320197
25 72 0.420361
25 73 0.182266
25 74 0.402299
25 75 0.339901
25 76 0.454844
25 77 0.490969
25 78 0.422003
25 79 0.313629
25 80 0.339901
25 81 0.311987
25 82 0.269294
25 83 0.270936
25 84 0.321839
25 85 0.307061
25 86 0.151067
25 87 0.412151
25 88 0.425287
25 89 0.403941
25 90 0.492611
25 91 0.448276
25 92 0.431856
25 93 0.487685
25 94 0.449918
25 95 0.377668
25 96 0.290640
25 97 0.443350
25 98 0.522167
25 99 0.295567
26 27 0.095238
26 28 0.136289
26 29 0.210181
26 30 0.315271
26 31 0.318555
26 32 0.272578
26 33 0.747126
26 34 0.582923
26 35 0.633826
26 36 0.747126
26 37 0.799672
26 38 0.341544
26 39 0.464696
26 40 0.170772
26 41 0.463054
26 42 0.812808
26 43 0.625616
26 44 0.126437
26 45 0.522167
26 46 0.100164
26 47 0.548440
26 48 0.359606
26 49 0.525452
26 50 0.408867
26 51 0.190476
26 52 0.456486
26 53 0.438424
26 54 0.747126
26 55 0.791461
26 56 0.433498
26 57 0.584565
26 58 0.492611
26 59 0.080460
26 60 0.692939
26 61 0.321839
26 62 0.830870
26 63 0.282430
26 64 0.405583
26 65 0.587849
26 66 0.454844
26 67 0.553366
26 68 0.372742
26 69 0.715928
26 70 0.385878
26 71 0.563218
26 72 0.599343
26 73 0.500821
26 74 0.725780
26 75 0.151067
26 76 0.630542
26 77 0.221675
26 78 0.075534
26 79 0.080460
26 80 0.615764
26 81 0.665025
26 82 0.216749
26 83 0.605911
26 84 0.681445
26 85 0.586207
26 86 0.448276
26 87 0.712644
26 88 0.783251
26 89 0.459770
26 90 0.663383
26 91 0.807882
26 92 0.684729
26 93 0.346470
26 94 0.482759
26 95 0.556650
26 96 0.630542
26 97 0.770115
26 98 0.223317
26 99 0.243021
27 28 0.118227
27 29 0.126437
27 30 0.239737
27 31 0.223317
27 32 0.213465
27 33 0.717570
27 34 0.577997
27 35 0.540230
27 36 0.676519
27 37 0.761905
27 38 0.285714
27 39 0.400657
27 40 0.172414
27 41 0.532020
27 42 0.771757
27 43 0.569787
27 44 0.154351
27 45 0.540230
27 46 0.070608
27 47 0.558292
27 48 0.385878
27 49 0.489327
27 50 0.435140
27 51 0.251232
27 52 0.394089
27 53 0.500821
27 54 0.699507
27 55 0.778325
27 56 0.459770
27 57 0.494253
27 58 0.423645
27 59 0.149425
27 60 0.610837
27 61 0.226601
27 62 0.814450
27 63 0.188834
27 64 0.361248
27 65 0.574713
27 66 0.362890
27 67 0.472906
27 68 0.440066
27 69 0.699507
27 70 0.382594
27 71 0.495895
27 72 0.518883
27 73 0.458128
27 74 0.674877
27 75 0.055829
27 76 0.548440
27 77 0.157635
27 78 0.095238
27 79 0.039409
27 80 0.555008
27 81 0.660099
27 82 0.280788
27 83 0.564860
27 84 0.660099
27 85 0.527094
27 86 0.461412
27 87 0.653530
27 88 0.755337
27 89 0.369458
27 90 0.579639
27 91 0.793103
27 92 0.614122
27 93 0.252874
27 94 0.389163
27 95 0.477833
27 96 0.591133
27 97 0.720854
27 98 0.178982
27 99 0.155993
28 29 0.129721
28 30 0.344828
28 31 0.246305
28 32 0.330049
28 33 0.612479
28 34 0.459770
28 35 0.543514
28 36 0.619048
28 37 0.663383
28 38 0.208539
28 39 0.331691
28 40 0.054187
28 41 0.443350
28 42 0.674877
28 43 0.489327
28 44 0.067323
28 45 0.422003
28 46 0.047619
28 47 0.438424
28 48 0.270936
28 49 0.389163
28 50 0.316913
28 51 0.170772
28 52 0.323481
28 53 0.405583
28 54 0.609195
28 55 0.665025
28 56 0.343186
28 57 0.484401
28 58 0.362890
28 59 0.114943
28 60 0.577997
28 61 0.251232
28 62 0.701149
28 63 0.269294
28 64 0.267652
28 65 0.461412
28 66 0.364532
28 67 0.435140
28 68 0.351396
28 69 0.586207
28 70 0.264368
28 71 0.431856
28 72 0.481117
28 73 0.362890
28 74 0.587849
28 75 0.131363
28 76 0.513957
28 77 0.274220
28 78 0.190476
28 79 0.082102
28 80 0.482759
28 81 0.541872
28 82 0.200328
28 83 0.467980
28 84 0.550082
28 85 0.451560
28 86 0.343186
28 87 0.576355
28 88 0.648604
28 89 0.367816
28 90 0.548440
28 91 0.679803
28 92 0.553366
28 93 0.328407
28 94 0.399015
28 95 0.436782
28 96 0.492611
28 97 0.632184
28 98 0.297209
28 99 0.159278
29 30 0.256158
29 31 0.118227
29 32 0.267652
29 33 0.620690
29 34 0.513957
29 35 0.425287
29 36 0.550082
29 37 0.656814
29 38 0.178982
29 39 0.280788
29 40 0.174056
29 41 0.571429
29 42 0.665025
29 43 0.454844
29 44 0.197044
29 45 0.505747
29 46 0.123153
29 47 0.510673
29 48 0.376026
29 49 0.394089
29 50 0.417077
29 51 0.302135
29 52 0.274220
29 53 0.530378
29 54 0.589491
29 55 0.701149
29 56 0.441708
29 57 0.372742
29 58 0.302135
29 59 0.229885
29 60 0.484401
29 61 0.121511
29 62 0.730706
29 63 0.157635
29 64 0.262726
29 65 0.500821
29 66 0.244663
29 67 0.344828
29 68 0.479475
29 69 0.617406
29 70 0.331691
29 71 0.372742
29 72 0.390805
29 73 0.356322
29 74 0.561576
29 75 0.080460
29 76 0.422003
29 77 0.216749
29 78 0.221675
29 79 0.129721
29 80 0.435140
29 81 0.592775
29 82 0.330049
29 83 0.461412
29 84 0.574713
29 85 0.408867
29 86 0.426929
29 87 0.535304
29 88 0.660099
29 89 0.249589
29 90 0.453202
29 91 0.711002
29 92 0.489327
29 93 0.210181
29 94 0.275862
29 95 0.351396
29 96 0.487685
29 97 0.607553
29 98 0.256158
29 99 0.032841
30 31 0.233169
30 32 0.072250
30 33 0.863711
30 34 0.771757
30 35 0.474548
30 36 0.715928
30 37 0.889984
30 38 0.425287
30 39 0.495895
30 40 0.400657
30 41 0.770115
30 42 0.894910
30 43 0.669951
30 44 0.394089
30 45 0.758621
30 46 0.305419
30 47 0.766831
30 48 0.615764
30 49 0.640394
30 50 0.661741
30 51 0.490969
30 52 0.494253
30 53 0.740558
30 54 0.812808
30 55 0.954023
30 56 0.686371
30 57 0.461412
30 58 0.505747
30 59 0.385878
30 60 0.609195
30 61 0.231527
30 62 0.980296
30 63 0.111658
30 64 0.510673
30 65 0.756979
30 66 0.338259
30 67 0.495895
30 68 0.679803
30 69 0.870279
30 70 0.587849
30 71 0.569787
30 72 0.536946
30 73 0.597701
30 74 0.779967
30 75 0.213465
30 76 0.556650
30 77 0.096880
30 78 0.254516
30 79 0.279146
30 80 0.640394
30 81 0.848933
30 82 0.518883
30 83 0.697865
30 84 0.824302
30 85 0.620690
30 86 0.679803
30 87 0.740558
30 88 0.904762
30 89 0.351396
30 90 0.576355
30 91 0.962233
30 92 0.668309
30 93 0.116585
30 94 0.339901
30 95 0.510673
30 96 0.724138
30 97 0.825944
30 98 0.123153
30 99 0.254516
31 32 0.274220
31 33 0.635468
31 34 0.571429
31 35 0.315271
31 36 0.494253
31 37 0.658456
31 38 0.211823
31 39 0.264368
31 40 0.287356
31 41 0.684729
31 42 0.661741
31 43 0.436782
31 44 0.313629
31 45 0.587849
31 46 0.239737
31 47 0.582923
31 48 0.472906
31 49 0.417077
31 50 0.512315
31 51 0.418719
31 52 0.262726
31 53 0.640394
31 54 0.579639
31 55 0.737274
31 56 0.535304
31 57 0.272578
31 58 0.272578
31 59 0.348112
31 60 0.403941
31 61 0.003284
31 62 0.758621
31 63 0.119869
31 64 0.293924
31 65 0.548440
31 66 0.139573
31 67 0.274220
31 68 0.592775
31 69 0.651888
31 70 0.408867
31 71 0.336617
31 72 0.318555
31 73 0.372742
31 74 0.546798
31 75 0.167488
31 76 0.344828
31 77 0.241379
31 78 0.308703
31 79 0.239737
31 80 0.407225
31 81 0.643678
31 82 0.448276
31 83 0.469622
31 84 0.604269
31 85 0.387521
31 86 0.510673
31 87 0.507389
31 88 0.676519
31 89 0.147783
31 90 0.371100
31 91 0.742200
31 92 0.440066
31 93 0.137931
31 94 0.164204
31 95 0.285714
31 96 0.495895
31 97 0.592775
31 98 0.287356
31 99 0.087028
32 33 0.888342
32 34 0.776683
32 35 0.540230
32 36 0.768473
32 37 0.919540
32 38 0.444992
32 39 0.530378
32 40 0.385878
32 41 0.735632
32 42 0.926108
32 43 0.706076
32 44 0.367816
32 45 0.752053
32 46 0.285714
32 47 0.765189
32 48 0.600985
32 49 0.661741
32 50 0.648604
32 51 0.458128
32 52 0.527094
32 53 0.707718
32 54 0.847291
32 55 0.968801
32 56 0.673235
32 57 0.522167
32 58 0.545156
32 59 0.349754
32 60 0.666667
32 61 0.275862
32 62 0.998358
32 63 0.155993
32 64 0.530378
32 65 0.768473
32 66 0.395731
32 67 0.546798
32 68 0.645320
32 69 0.885057
32 70 0.586207
32 71 0.610837
32 72 0.591133
32 73 0.622332
32 74 0.816092
32 75 0.205255
32 76 0.612479
32 77 0.055829
32 78 0.203612
32 79 0.252874
32 80 0.679803
32 81 0.857143
32 82 0.486043
32 83 0.725780
32 84 0.842365
32 85 0.658456
32 86 0.673235
32 87 0.781609
32 88 0.927750
32 89 0.407225
32 90 0.633826
32 91 0.978654
32 92 0.715928
32 93 0.182266
32 94 0.402299
32 95 0.559934
32 96 0.752053
32 97 0.862069
32 98 0.055829
32 99 0.275862
33 34 0.236453
33 35 0.638752
33 36 0.366174
33 37 0.080460
33 38 0.441708
33 39 0.374384
33 40 0.577997
33 41 0.683087
33 42 0.103448
33 43 0.234811
33 44 0.630542
33 45 0.372742
33 46 0.658456
33 47 0.316913
33 48 0.476190
33 49 0.226601
33 50 0.449918
33 51 0.643678
33 52 0.374384
33 53 0.630542
33 54 0.131363
33 55 0.155993
33 56 0.444992
33 57 0.571429
33 58 0.377668
33 59 0.694581
33 60 0.487685
33 61 0.637110
33 62 0.142857
33 63 0.750411
33 64 0.357964
33 65 0.192118
33 66 0.592775
33 67 0.458128
33 68 0.648604
33 69 0.108374
33 70 0.380952
33 71 0.341544
33 72 0.451560
33 73 0.266010
33 74 0.164204
33 75 0.694581
33 76 0.467980
33 77 0.839080
33 78 0.802956
33 79 0.691297
33 80 0.279146
33 81 0.200328
33 82 0.648604
33 83 0.165846
33 84 0.091954
33 85 0.275862
33 86 0.384236
33 87 0.231527
33 88 0.041051
33 89 0.579639
33 90 0.492611
33 91 0.139573
33 92 0.338259
33 93 0.773399
33 94 0.622332
33 95 0.438424
33 96 0.139573
33 97 0.157635
33 98 0.878489
33 99 0.612479
34 35 0.689655
34 36 0.512315
34 37 0.315271
34 38 0.357964
34 39 0.364532
34 40 0.412151
34 41 0.446634
34 42 0.336617
34 43 0.331691
34 44 0.456486
34 45 0.136289
34 46 0.509031
34 47 0.080460
34 48 0.256158
34 49 0.195402
34 50 0.221675
34 51 0.441708
34 52 0.357964
34 53 0.395731
34 54 0.326765
34 55 0.211823
34 56 0.213465
34 57 0.614122
34 58 0.387521
34 59 0.515599
34 60 0.587849
34 61 0.574713
34 62 0.259442
34 63 0.666667
34 64 0.280788
34 65 0.054187
34 66 0.584565
34 67 0.502463
34 68 0.417077
34 69 0.151067
34 70 0.197044
34 71 0.394089
34 72 0.517241
34 73 0.238095
34 74 0.339901
34 75 0.571429
34 76 0.545156
34 77 0.722496
34 78 0.648604
34 79 0.543514
34 80 0.367816
34 81 0.082102
34 82 0.440066
34 83 0.228243
34 84 0.142857
34 85 0.344828
34 86 0.157635
34 87 0.385878
34 88 0.251232
34 89 0.573071
34 90 0.579639
34 91 0.234811
34 92 0.458128
34 93 0.706076
34 94 0.620690
34 95 0.486043
34 96 0.226601
34 97 0.359606
34 98 0.753695
34 99 0.517241
35 36 0.328407
35 37 0.620690
35 38 0.399015
35 39 0.330049
35 40 0.569787
35 41 0.944171
35 42 0.614122
35 43 0.403941
35 44 0.610837
35 45 0.761905
35 46 0.548440
35 47 0.735632
35 48 0.702791
35 49 0.495895
35 50 0.725780
35 51 0.707718
35 52 0.338259
35 53 0.894910
35 54 0.528736
35 55 0.781609
35 56 0.745484
35 57 0.075534
35 58 0.302135
35 59 0.655172
35 60 0.183908
35 61 0.311987
35 62 0.781609
35 63 0.395731
35 64 0.436782
35 65 0.646962
35 66 0.178982
35 67 0.188834
35 68 0.858785
35 69 0.702791
35 70 0.600985
35 71 0.305419
35 72 0.185550
35 73 0.451560
35 74 0.489327
35 75 0.484401
35 76 0.172414
35 77 0.527094
35 78 0.623974
35 79 0.553366
35 80 0.359606
35 81 0.737274
35 82 0.733990
35 83 0.494253
35 84 0.653530
35 85 0.366174
35 86 0.699507
35 87 0.425287
35 88 0.678161
35 89 0.175698
35 90 0.159278
35 91 0.775041
35 92 0.316913
35 93 0.357964
35 94 0.151067
35 95 0.206897
35 96 0.513957
35 97 0.523810
35 98 0.574713
35 99 0.392447
36 37 0.323481
36 38 0.412151
36 39 0.285714
36 40 0.615764
36 41 0.894910
36 42 0.310345
36 43 0.182266
36 44 0.669951
36 45 0.627258
36 46 0.646962
36 47 0.582923
36 48 0.643678
36 49 0.338259
36 50 0.645320
36 51 0.735632
36 52 0.295567
36 53 0.839080
36 54 0.236453
36 55 0.522167
36 56 0.655172
36 57 0.285714
36 58 0.256158
36 59 0.732348
36 60 0.146141
36 61 0.492611
36 62 0.505747
36 63 0.610837
36 64 0.379310
36 65 0.458128
36 66 0.380952
36 67 0.220033
36 68 0.827586
36 69 0.459770
36 70 0.525452
36 71 0.187192
36 72 0.180624
36 73 0.318555
36 74 0.201970
36 75 0.630542
36 76 0.167488
36 77 0.733990
36 78 0.771757
36 79 0.669951
36 80 0.157635
36 81 0.527094
36 82 0.753695
36 83 0.284072
36 84 0.417077
36 85 0.190476
36 86 0.592775
36 87 0.136289
36 88 0.399015
36 89 0.366174
36 90 0.169130
36 91 0.505747
36 92 0.065681
36 93 0.602627
36 94 0.389163
36 95 0.206897
36 96 0.287356
36 97 0.220033
36 98 0.781609
36 99 0.523810
37 38 0.477833
37 39 0.392447
37 40 0.632184
37 41 0.761905
37 42 0.021346
37 43 0.229885
37 44 0.686371
37 45 0.451560
37 46 0.706076
37 47 0.397373
37 48 0.548440
37 49 0.272578
37 50 0.525452
37 51 0.707718
37 52 0.394089
37 53 0.709360
37 54 0.090312
37 55 0.218391
37 56 0.522167
37 57 0.558292
37 58 0.389163
37 59 0.752053
37 60 0.456486
37 61 0.658456
37 62 0.188834
37 63 0.776683
37 64 0.399015
37 65 0.269294
37 66 0.599343
37 67 0.451560
37 68 0.724138
37 69 0.188834
37 70 0.448276
37 71 0.339901
37 72 0.436782
37 73 0.302135
37 74 0.131363
37 75 0.733990
37 76 0.446634
37 77 0.873563
37 78 0.850575
37 79 0.738916
37 80 0.269294
37 81 0.280788
37 82 0.714286
37 83 0.195402
37 84 0.172414
37 85 0.277504
37 86 0.459770
37 87 0.195402
37 88 0.088670
37 89 0.584565
37 90 0.466338
37 91 0.195402
37 92 0.307061
37 93 0.791461
37 94 0.623974
37 95 0.431856
37 96 0.170772
37 97 0.103448
37 98 0.914614
37 99 0.643678
38 39 0.124795
38 40 0.203612
38 41 0.545156
38 42 0.487685
38 43 0.284072
38 44 0.257800
38 45 0.385878
38 46 0.243021
38 47 0.374384
38 48 0.302135
38 49 0.215107
38 50 0.330049
38 51 0.331691
38 52 0.114943
38 53 0.494253
38 54 0.413793
38 55 0.528736
38 56 0.351396
38 57 0.328407
38 58 0.155993
38 59 0.320197
38 60 0.385878
38 61 0.215107
38 62 0.555008
38 63 0.315271
38 64 0.085386
38 65 0.334975
38 66 0.246305
38 67 0.249589
38 68 0.461412
38 69 0.444992
38 70 0.211823
38 71 0.223317
38 72 0.288998
38 73 0.175698
38 74 0.387521
38 75 0.254516
38 76 0.325123
38 77 0.395731
38 78 0.379310
38 79 0.269294
38 80 0.274220
38 81 0.431856
38 82 0.354680
38 83 0.280788
38 84 0.399015
38 85 0.243021
38 86 0.313629
38 87 0.369458
38 88 0.481117
38 89 0.241379
38 90 0.361248
38 91 0.536946
38 92 0.346470
38 93 0.348112
38 94 0.285714
38 95 0.244663
38 96 0.308703
38 97 0.433498
38 98 0.436782
38 99 0.170772
39 40 0.328407
39 41 0.642036
39 42 0.397373
39 43 0.174056
39 44 0.382594
39 45 0.431856
39 46 0.364532
39 47 0.405583
39 48 0.390805
39 49 0.175698
39 50 0.407225
39 51 0.453202
39 52 0.009852
39 53 0.589491
39 54 0.315271
39 55 0.490969
39 56 0.423645
39 57 0.254516
39 58 0.034483
39 59 0.444992
39 60 0.274220
39 61 0.266010
39 62 0.505747
39 63 0.384236
39 64 0.113300
39 65 0.325123
39 66 0.226601
39 67 0.149425
39 68 0.564860
39 69 0.405583
39 70 0.279146
39 71 0.098522
39 72 0.180624
39 73 0.128079
39 74 0.284072
39 75 0.361248
39 76 0.215107
39 77 0.487685
39 78 0.495895
39 79 0.387521
39 80 0.154351
39 81 0.420361
39 82 0.472906
39 83 0.208539
39 84 0.356322
39 85 0.128079
39 86 0.372742
39 87 0.254516
39 88 0.417077
39 89 0.213465
39 90 0.252874
39 91 0.490969
39 92 0.221675
39 93 0.399015
39 94 0.259442
39 95 0.139573
39 96 0.234811
39 97 0.330049
39 98 0.532020
39 99 0.261084
40 41 0.395731
40 42 0.645320
40 43 0.474548
40 44 0.055829
40 45 0.367816
40 46 0.100164
40 47 0.385878
40 48 0.215107
40 49 0.359606
40 50 0.262726
40 51 0.136289
40 52 0.318555
40 53 0.354680
40 54 0.584565
40 55 0.620690
40 56 0.287356
40 57 0.507389
40 58 0.361248
40 59 0.121511
40 60 0.587849
40 61 0.292282
40 62 0.658456
40 63 0.321839
40 64 0.247947
40 65 0.417077
40 66 0.395731
40 67 0.446634
40 68 0.303777
40 69 0.543514
40 70 0.215107
40 71 0.426929
40 72 0.489327
40 73 0.338259
40 74 0.566502
40 75 0.187192
40 76 0.523810
40 77 0.330049
40 78 0.234811
40 79 0.134647
40 80 0.471264
40 81 0.495895
40 82 0.162562
40 83 0.441708
40 84 0.509031
40 85 0.438424
40 86 0.288998
40 87 0.561576
40 88 0.612479
40 89 0.395731
40 90 0.559934
40 91 0.637110
40 92 0.548440
40 93 0.379310
40 94 0.431856
40 95 0.444992
40 96 0.464696
40 97 0.609195
40 98 0.351396
40 99 0.200328
41 42 0.783251
41 43 0.715928
41 44 0.382594
41 45 0.311987
41 46 0.471264
41 47 0.366174
41 48 0.251232
41 49 0.558292
41 50 0.249589
41 51 0.279146
41 52 0.632184
41 53 0.054187
41 54 0.761905
41 55 0.628900
41 56 0.244663
41 57 0.873563
41 58 0.676519
41 59 0.385878
41 60 0.916256
41 61 0.688013
41 62 0.683087
41 63 0.711002
41 64 0.530378
41 65 0.492611
41 66 0.779967
41 67 0.788177
41 68 0.091954
41 69 0.592775
41 70 0.369458
41 71 0.724138
41 72 0.824302
41 73 0.574713
41 74 0.763547
41 75 0.568144
41 76 0.858785
41 77 0.683087
41 78 0.535304
41 79 0.492611
41 80 0.735632
41 81 0.500821
41 82 0.249589
41 83 0.632184
41 84 0.591133
41 85 0.702791
41 86 0.308703
41 87 0.791461
41 88 0.697865
41 89 0.776683
41 90 0.896552
41 91 0.658456
41 92 0.829228
41 93 0.771757
41 94 0.817734
41 95 0.781609
41 96 0.642036
41 97 0.793103
41 98 0.686371
41 99 0.597701
42 43 0.229885
42 44 0.699507
42 45 0.472906
42 46 0.719212
42 47 0.418719
42 48 0.566502
42 49 0.285714
42 50 0.545156
42 51 0.724138
42 52 0.399015
42 53 0.730706
42 54 0.087028
42 55 0.239737
42 56 0.541872
42 57 0.553366
42 58 0.392447
42 59 0.766831
42 60 0.446634
42 61 0.663383
42 62 0.206897
42 63 0.781609
42 64 0.410509
42 65 0.288998
42 66 0.599343
42 67 0.448276
42 68 0.743842
42 69 0.210181
42 70 0.464696
42 71 0.339901
42 72 0.431856
42 73 0.313629
42 74 0.124795
42 75 0.743842
42 76 0.440066
42 77 0.880131
42 78 0.862069
42 79 0.750411
42 80 0.267652
42 81 0.303777
42 82 0.732348
42 83 0.206897
42 84 0.193760
42 85 0.279146
42 86 0.479475
42 87 0.188834
42 88 0.110016
42 89 0.584565
42 90 0.459770
42 91 0.215107
42 92 0.298851
42 93 0.796388
42 94 0.622332
42 95 0.428571
42 96 0.182266
42 97 0.091954
42 98 0.922824
42 99 0.651888
43 44 0.530378
43 45 0.444992
43 46 0.527094
43 47 0.400657
43 48 0.467980
43 49 0.155993
43 50 0.464696
43 51 0.579639
43 52 0.178982
43 53 0.660099
43 54 0.144499
43 55 0.379310
43 56 0.472906
43 57 0.334975
43 58 0.162562
43 59 0.596059
43 60 0.264368
43 61 0.436782
43 62 0.377668
43 63 0.556650
43 64 0.226601
43 65 0.279146
43 66 0.367816
43 67 0.224959
43 68 0.653530
43 69 0.303777
43 70 0.349754
43 71 0.108374
43 72 0.216749
43 73 0.144499
43 74 0.110016
43 75 0.533662
43 76 0.236453
43 77 0.663383
43 78 0.665025
43 79 0.555008
43 80 0.044335
43 81 0.354680
43 82 0.596059
43 83 0.103448
43 84 0.256158
43 85 0.047619
43 86 0.412151
43 87 0.087028
43 88 0.275862
43 89 0.353038
43 90 0.264368
43 91 0.369458
43 92 0.126437
43 93 0.566502
43 94 0.394089
43 95 0.205255
43 96 0.114943
43 97 0.155993
43 98 0.707718
43 99 0.435140
44 45 0.397373
44 46 0.088670
44 47 0.422003
44 48 0.236453
44 49 0.413793
44 50 0.285714
44 51 0.105090
44 52 0.372742
44 53 0.346470
44 54 0.640394
44 55 0.666667
44 56 0.310345
44 57 0.550082
44 58 0.413793
44 59 0.065681
44 60 0.637110
44 61 0.318555
44 62 0.707718
44 63 0.328407
44 64 0.303777
44 65 0.464696
44 66 0.431856
44 67 0.495895
44 68 0.288998
44 69 0.592775
44 70 0.259442
44 71 0.481117
44 72 0.540230
44 73 0.394089
44 74 0.622332
44 75 0.185550
44 76 0.573071
44 77 0.313629
44 78 0.197044
44 79 0.114943
44 80 0.527094
44 81 0.538588
44 82 0.134647
44 83 0.495895
44 84 0.559934
44 85 0.494253
44 86 0.321839
44 87 0.617406
44 88 0.663383
44 89 0.433498
44 90 0.609195
44 91 0.684729
44 92 0.604269
44 93 0.389163
44 94 0.467980
44 95 0.495895
44 96 0.518883
44 97 0.665025
44 98 0.328407
44 99 0.226601
45 46 0.467980
45 47 0.054187
45 48 0.164204
45 49 0.290640
45 50 0.116585
45 51 0.354680
45 52 0.423645
45 53 0.261084
45 54 0.461412
45 55 0.323481
45 56 0.096880
45 57 0.686371
45 58 0.461412
45 59 0.446634
45 60 0.684729
45 61 0.591133
45 62 0.376026
45 63 0.665025
45 64 0.326765
45 65 0.185550
45 66 0.630542
45 67 0.579639
45 68 0.288998
45 69 0.280788
45 70 0.177340
45 71 0.486043
45 72 0.604269
45 73 0.323481
45 74 0.469622
45 75 0.548440
45 76 0.635468
45 77 0.696223
45 78 0.596059
45 79 0.502463
45 80 0.474548
45 81 0.192118
45 82 0.344828
45 83 0.346470
45 84 0.279146
45 85 0.446634
45 86 0.078818
45 87 0.509031
45 88 0.385878
45 89 0.622332
45 90 0.671593
45 91 0.351396
45 92 0.569787
45 93 0.712644
45 94 0.669951
45 95 0.566502
45 96 0.351396
45 97 0.492611
45 98 0.719212
45 99 0.518883
46 47 0.486043
46 48 0.315271
46 49 0.433498
46 50 0.362890
46 51 0.192118
46 52 0.356322
46 53 0.436782
46 54 0.650246
46 55 0.712644
46 56 0.387521
46 57 0.494253
46 58 0.392447
46 59 0.106732
46 60 0.597701
46 61 0.243021
46 62 0.748768
46 63 0.239737
46 64 0.308703
46 65 0.509031
46 66 0.367816
46 67 0.456486
46 68 0.377668
46 69 0.633826
46 70 0.311987
46 71 0.463054
46 72 0.500821
46 73 0.405583
46 74 0.627258
46 75 0.096880
46 76 0.533662
46 77 0.229885
46 78 0.142857
46 79 0.034483
46 80 0.517241
46 81 0.591133
46 82 0.221675
46 83 0.510673
46 84 0.596059
46 85 0.486043
46 86 0.390805
46 87 0.612479
46 88 0.694581
46 89 0.372742
46 90 0.566502
46 91 0.727422
46 92 0.584565
46 93 0.302135
46 94 0.400657
46 95 0.459770
46 96 0.536946
46 97 0.673235
46 98 0.249589
46 99 0.155993
47 48 0.200328
47 49 0.251232
47 50 0.157635
47 51 0.390805
47 52 0.397373
47 53 0.315271
47 54 0.408867
47 55 0.272578
47 56 0.142857
47 57 0.660099
47 58 0.433498
47 59 0.476190
47 60 0.646962
47 61 0.586207
47 62 0.323481
47 63 0.668309
47 64 0.307061
47 65 0.133005
47 66 0.614122
47 67 0.550082
47 68 0.341544
47 69 0.226601
47 70 0.178982
47 71 0.449918
47 72 0.571429
47 73 0.288998
47 74 0.418719
47 75 0.559934
47 76 0.600985
47 77 0.709360
47 78 0.619048
47 79 0.520525
47 80 0.433498
47 81 0.139573
47 82 0.384236
47 83 0.300493
47 84 0.224959
47 85 0.407225
47 86 0.100164
47 87 0.459770
47 88 0.330049
47 89 0.604269
47 90 0.637110
47 91 0.298851
47 92 0.527094
47 93 0.712644
47 94 0.651888
47 95 0.536946
47 96 0.302135
47 97 0.440066
47 98 0.737274
47 99 0.520525
48 49 0.313629
48 50 0.047619
48 51 0.190476
48 52 0.380952
48 53 0.197044
48 54 0.530378
48 55 0.467980
48 56 0.072250
48 57 0.630542
48 58 0.425287
48 59 0.282430
48 60 0.665025
48 61 0.477833
48 62 0.515599
48 63 0.530378
48 64 0.277504
48 65 0.285714
48 66 0.546798
48 67 0.538588
48 68 0.185550
48 69 0.407225
48 70 0.118227
48 71 0.471264
48 72 0.573071
48 73 0.323481
48 74 0.527094
48 75 0.402299
48 76 0.607553
48 77 0.545156
48 78 0.433498
48 79 0.348112
48 80 0.484401
48 81 0.333333
48 82 0.183908
48 83 0.392447
48 84 0.389163
48 85 0.453202
48 86 0.100164
48 87 0.546798
48 88 0.499179
48 89 0.541872
48 90 0.645320
48 91 0.490969
48 92 0.577997
48 93 0.586207
48 94 0.586207
48 95 0.530378
48 96 0.407225
48 97 0.561576
48 98 0.564860
48 99 0.394089
49 50 0.308703
49 51 0.446634
49 52 0.170772
49 53 0.504105
49 54 0.228243
49 55 0.318555
49 56 0.316913
49 57 0.420361
49 58 0.195402
49 59 0.481117
49 60 0.395731
49 61 0.420361
49 62 0.339901
49 63 0.528736
49 64 0.131363
49 65 0.151067
49 66 0.402299
49 67 0.307061
49 68 0.499179
49 69 0.234811
49 70 0.197044
49 71 0.198686
49 72 0.321839
49 73 0.045977
49 74 0.216749
49 75 0.466338
49 76 0.349754
49 77 0.610837
49 78 0.576355
49 79 0.464696
49 80 0.182266
49 81 0.244663
49 82 0.456486
49 83 0.083744
49 84 0.185550
49 85 0.154351
49 86 0.254516
49 87 0.233169
49 88 0.266010
49 89 0.389163
49 90 0.385878
49 91 0.323481
49 92 0.277504
49 93 0.555008
49 94 0.436782
49 95 0.290640
49 96 0.105090
49 97 0.256158
49 98 0.650246
49 99 0.385878
50 51 0.236453
50 52 0.395731
50 53 0.195402
50 54 0.515599
50 55 0.428571
50 56 0.024631
50 57 0.651888
50 58 0.440066
50 59 0.331691
50 60 0.676519
50 61 0.515599
50 62 0.479475
50 63 0.574713
50 64 0.293924
50 65 0.257800
50 66 0.576355
50 67 0.556650
50 68 0.198686
50 69 0.374384
50 70 0.126437
50 71 0.479475
50 72 0.587849
50 73 0.325123
50 74 0.515599
50 75 0.448276
50 76 0.620690
50 77 0.592775
50 78 0.482759
50 79 0.395731
50 80 0.486043
50 81 0.293924
50 82 0.228243
50 83 0.382594
50 84 0.361248
50 85 0.454844
50 86 0.065681
50 87 0.541872
50 88 0.471264
50 89 0.571429
50 90 0.658456
50 91 0.454844
50 92 0.581281
50 93 0.627258
50 94 0.615764
50 95 0.546798
50 96 0.394089
50 97 0.546798
50 98 0.612479
50 99 0.435140
51 52 0.441708
51 53 0.249589
51 54 0.674877
51 55 0.653530
51 56 0.257800
51 57 0.643678
51 58 0.486043
51 59 0.110016
51 60 0.719212
51 61 0.422003
51 62 0.701149
51 63 0.431856
51 64 0.356322
51 65 0.461412
51 66 0.532020
51 67 0.579639
51 68 0.187192
51 69 0.587849
51 70 0.261084
51 71 0.548440
51 72 0.622332
51 73 0.436782
51 74 0.661741
51 75 0.288998
51 76 0.656814
51 77 0.405583
51 78 0.267652
51 79 0.213465
51 80 0.584565
51 81 0.522167
51 82 0.029557
51 83 0.530378
51 84 0.563218
51 85 0.551724
51 86 0.290640
51 87 0.666667
51 88 0.671593
51 89 0.532020
51 90 0.692939
51 91 0.676519
51 92 0.668309
51 93 0.494253
51 94 0.568144
51 95 0.577997
51 96 0.550082
51 97 0.702791
51 98 0.412151
51 99 0.331691
52 53 0.577997
52 54 0.318555
52 55 0.487685
52 56 0.413793
52 57 0.262726
52 58 0.044335
52 59 0.435140
52 60 0.284072
52 61 0.264368
52 62 0.502463
52 63 0.380952
52 64 0.101806
52 65 0.318555
52 66 0.229885
52 67 0.159278
52 68 0.555008
52 69 0.402299
52 70 0.269294
52 71 0.108374
52 72 0.190476
52 73 0.123153
52 74 0.287356
52 75 0.354680
52 76 0.224959
52 77 0.482759
52 78 0.487685
52 79 0.380952
52 80 0.160920
52 81 0.415435
52 82 0.463054
52 83 0.206897
52 84 0.353038
52 85 0.133005
52 86 0.362890
52 87 0.261084
52 88 0.415435
52 89 0.218391
52 90 0.264368
52 91 0.489327
52 92 0.229885
52 93 0.399015
52 94 0.264368
52 95 0.149425
52 96 0.233169
52 97 0.334975
52 98 0.527094
52 99 0.256158
53 54 0.707718
53 55 0.581281
53 56 0.190476
53 57 0.822660
53 58 0.623974
53 59 0.357964
53 60 0.863711
53 61 0.645320
53 62 0.635468
53 63 0.674877
53 64 0.476190
53 65 0.440066
53 66 0.732348
53 67 0.735632
53 68 0.067323
53 69 0.543514
53 70 0.315271
53 71 0.669951
53 72 0.770115
53 73 0.518883
53 74 0.709360
53 75 0.533662
53 76 0.804598
53 77 0.655172
53 78 0.513957
53 79 0.461412
53 80 0.681445
53 81 0.453202
53 82 0.221675
53 83 0.576355
53 84 0.538588
53 85 0.648604
53 86 0.254516
53 87 0.737274
53 88 0.646962
53 89 0.729064
53 90 0.844007
53 91 0.610837
53 92 0.775041
53 93 0.733990
53 94 0.770115
53 95 0.727422
53 96 0.587849
53 97 0.738916
53 98 0.661741
53 99 0.555008
54 55 0.287356
54 56 0.517241
54 57 0.466338
54 58 0.307061
54 59 0.706076
54 60 0.366174
54 61 0.581281
54 62 0.267652
54 63 0.699507
54 64 0.341544
54 65 0.274220
54 66 0.512315
54 67 0.361248
54 68 0.714286
54 69 0.234811
54 70 0.420361
54 71 0.252874
54 72 0.346470
54 73 0.244663
54 74 0.039409
54 75 0.668309
54 76 0.356322
54 77 0.802956
54 78 0.791461
54 79 0.679803
54 80 0.182266
54 81 0.315271
54 82 0.684729
54 83 0.144499
54 84 0.200328
54 85 0.193760
54 86 0.453202
54 87 0.105090
54 88 0.160920
54 89 0.497537
54 90 0.376026
54 91 0.269294
54 92 0.216749
54 93 0.711002
54 94 0.535304
54 95 0.341544
54 96 0.124795
54 97 0.031199
54 98 0.845649
54 99 0.573071
55 56 0.415435
55 57 0.711002
55 58 0.502463
55 59 0.727422
55 60 0.638752
55 61 0.738916
55 62 0.054187
55 63 0.844007
55 64 0.443350
55 65 0.201970
55 66 0.717570
55 67 0.596059
55 68 0.614122
55 69 0.083744
55 70 0.405583
55 71 0.477833
55 72 0.596059
55 73 0.366174
55 74 0.320197
55 75 0.766831
55 76 0.615764
55 77 0.916256
55 78 0.855501
55 79 0.747126
55 80 0.423645
55 81 0.133005
55 82 0.651888
55 83 0.288998
55 84 0.133005
55 85 0.415435
55 86 0.367816
55 87 0.385878
55 88 0.129721
55 89 0.704433
55 90 0.643678
55 91 0.031199
55 92 0.490969
55 93 0.875205
55 94 0.748768
55 95 0.577997
55 96 0.267652
55 97 0.311987
55 98 0.950739
55 99 0.697865
56 57 0.671593
56 58 0.456486
56 59 0.354680
56 60 0.691297
56 61 0.538588
56 62 0.466338
56 63 0.599343
56 64 0.310345
56 65 0.252874
56 66 0.597701
56 67 0.573071
56 68 0.203612
56 69 0.364532
56 70 0.142857
56 71 0.494253
56 72 0.602627
56 73 0.336617
56 74 0.518883
56 75 0.472906
56 76 0.637110
56 77 0.617406
56 78 0.507389
56 79 0.420361
56 80 0.497537
56 81 0.282430
56 82 0.247947
56 83 0.387521
56 84 0.354680
56 85 0.466338
56 86 0.064039
56 87 0.546798
56 88 0.464696
56 89 0.592775
56 90 0.674877
56 91 0.441708
56 92 0.591133
56 93 0.651888
56 94 0.637110
56 95 0.563218
56 96 0.397373
56 97 0.548440
56 98 0.637110
56 99 0.459770
57 58 0.226601
57 59 0.597701
57 60 0.152709
57 61 0.270936
57 62 0.712644
57 63 0.371100
57 64 0.361248
57 65 0.571429
57 66 0.133005
57 67 0.114943
57 68 0.789819
57 69 0.630542
57 70 0.527094
57 71 0.233169
57 72 0.119869
57 73 0.376026
57 74 0.426929
57 75 0.440066
57 76 0.118227
57 77 0.502463
57 78 0.582923
57 79 0.502463
57 80 0.290640
57 81 0.663383
57 82 0.669951
57 83 0.422003
57 84 0.581281
57 85 0.295567
57 86 0.623974
57 87 0.366174
57 88 0.610837
57 89 0.124795
57 90 0.119869
57 91 0.704433
57 92 0.261084
57 93 0.343186
57 94 0.119869
57 95 0.133005
57 96 0.441708
57 97 0.464696
57 98 0.550082
57 99 0.339901
58 59 0.476190
58 60 0.239737
58 61 0.272578
58 62 0.512315
58 63 0.394089
58 64 0.146141
58 65 0.346470
58 66 0.215107
58 67 0.118227
58 68 0.600985
58 69 0.418719
58 70 0.313629
58 71 0.070608
58 72 0.146141
58 73 0.149425
58 74 0.272578
58 75 0.382594
58 76 0.180624
58 77 0.504105
58 78 0.520525
58 79 0.415435
58 80 0.134647
58 81 0.440066
58 82 0.507389
58 83 0.213465
58 84 0.367816
58 85 0.114943
58 86 0.403941
58 87 0.236453
58 88 0.420361
58 89 0.201970
58 90 0.218391
58 91 0.500821
58 92 0.192118
58 93 0.403941
58 94 0.246305
58 95 0.105090
58 96 0.238095
58 97 0.318555
58 98 0.548440
58 99 0.279146
59 60 0.692939
59 61 0.351396
59 62 0.768473
59 63 0.338259
59 64 0.369458
59 65 0.527094
59 66 0.474548
59 67 0.551724
59 68 0.295567
59 69 0.655172
59 70 0.321839
59 71 0.543514
59 72 0.596059
59 73 0.461412
59 74 0.688013
59 75 0.195402
59 76 0.630542
59 77 0.297209
59 78 0.155993
59 79 0.114943
59 80 0.591133
59 81 0.597701
59 82 0.136289
59 83 0.563218
59 84 0.623974
59 85 0.559934
59 86 0.376026
59 87 0.683087
59 88 0.729064
59 89 0.477833
59 90 0.665025
59 91 0.747126
59 92 0.666667
59 93 0.402299
59 94 0.507389
59 95 0.553366
59 96 0.586207
59 97 0.732348
59 98 0.302135
59 99 0.262726
60 61 0.402299
60 62 0.630542
60 63 0.512315
60 64 0.385878
60 65 0.536946
60 66 0.270936
60 67 0.141215
60 68 0.840722
60 69 0.566502
60 70 0.550082
60 71 0.198686
60 72 0.096880
60 73 0.361248
60 74 0.326765
60 75 0.559934
60 76 0.062397
60 77 0.642036
60 78 0.704433
60 79 0.612479
60 80 0.221675
60 81 0.619048
60 82 0.742200
60 83 0.366174
60 84 0.520525
60 85 0.243021
60 86 0.635468
60 87 0.259442
60 88 0.523810
60 89 0.259442
60 90 0.032841
60 91 0.627258
60 92 0.149425
60 93 0.490969
60 94 0.267652
60 95 0.141215
60 96 0.379310
60 97 0.354680
60 98 0.689655
60 99 0.453202
61 62 0.760263
61 63 0.119869
61 64 0.297209
61 65 0.550082
61 66 0.136289
61 67 0.274220
61 68 0.596059
61 69 0.653530
61 70 0.412151
61 71 0.336617
61 72 0.318555
61 73 0.374384
61 74 0.546798
61 75 0.170772
61 76 0.343186
61 77 0.241379
61 78 0.311987
61 79 0.243021
61 80 0.407225
61 81 0.646962
61 82 0.451560
61 83 0.471264
61 84 0.605911
61 85 0.387521
61 86 0.513957
61 87 0.507389
61 88 0.678161
61 89 0.146141
61 90 0.369458
61 91 0.743842
61 92 0.440066
61 93 0.134647
61 94 0.160920
61 95 0.285714
61 96 0.497537
61 97 0.592775
61 98 0.288998
61 99 0.090312
62 63 0.870279
62 64 0.469622
62 65 0.241379
62 66 0.729064
62 67 0.600985
62 68 0.666667
62 69 0.114943
62 70 0.446634
62 71 0.481117
62 72 0.594417
62 73 0.384236
62 74 0.305419
62 75 0.798030
62 76 0.612479
62 77 0.947455
62 78 0.893268
62 79 0.783251
62 80 0.422003
62 81 0.183908
62 82 0.699507
62 83 0.298851
62 84 0.154351
62 85 0.417077
62 86 0.415435
62 87 0.372742
62 88 0.106732
62 89 0.715928
62 90 0.637110
62 91 0.024631
62 92 0.481117
62 93 0.896552
62 94 0.758621
62 95 0.581281
62 96 0.274220
62 97 0.288998
62 98 0.983580
62 99 0.725780
63 64 0.400657
63 65 0.648604
63 66 0.239737
63 67 0.390805
63 68 0.617406
63 69 0.760263
63 70 0.489327
63 71 0.458128
63 72 0.433498
63 73 0.486043
63 74 0.666667
63 75 0.142857
63 76 0.456486
63 77 0.131363
63 78 0.246305
63 79 0.221675
63 80 0.528736
63 81 0.743842
63 82 0.461412
63 83 0.586207
63 84 0.714286
63 85 0.509031
63 86 0.584565
63 87 0.628900
63 88 0.791461
63 89 0.252874
63 90 0.477833
63 91 0.852217
63 92 0.559934
63 93 0.062397
63 94 0.251232
63 95 0.403941
63 96 0.612479
63 97 0.712644
63 98 0.178982
63 99 0.147783
64 65 0.252874
64 66 0.307061
64 67 0.262726
64 68 0.454844
64 69 0.359606
64 70 0.167488
64 71 0.197044
64 72 0.293924
64 73 0.096880
64 74 0.320197
64 75 0.334975
64 76 0.328407
64 77 0.479475
64 78 0.451560
64 79 0.339901
64 80 0.226601
64 81 0.349754
64 82 0.374384
64 83 0.201970
64 84 0.313629
64 85 0.193760
64 86 0.262726
64 87 0.313629
64 88 0.397373
64 89 0.297209
64 90 0.366174
64 91 0.451560
64 92 0.313629
64 93 0.431856
64 94 0.344828
64 95 0.252874
64 96 0.228243
64 97 0.364532
64 98 0.518883
64 99 0.254516
65 66 0.548440
65 67 0.456486
65 68 0.456486
65 69 0.126437
65 70 0.205255
65 71 0.346470
65 72 0.469622
65 73 0.197044
65 74 0.285714
65 75 0.563218
65 76 0.497537
65 77 0.714286
65 78 0.651888
65 79 0.543514
65 80 0.315271
65 81 0.095238
65 82 0.463054
65 83 0.174056
65 84 0.103448
65 85 0.293924
65 86 0.192118
65 87 0.330049
65 88 0.213465
65 89 0.536946
65 90 0.530378
65 91 0.218391
65 92 0.405583
65 93 0.684729
65 94 0.584565
65 95 0.440066
65 96 0.170772
65 97 0.307061
65 98 0.748768
65 99 0.500821
66 67 0.162562
66 68 0.691297
66 69 0.632184
66 70 0.458128
66 71 0.259442
66 72 0.200328
66 73 0.354680
66 74 0.474548
66 75 0.307061
66 76 0.218391
66 77 0.371100
66 78 0.449918
66 79 0.374384
66 80 0.330049
66 81 0.645320
66 82 0.559934
66 83 0.430213
66 84 0.582923
66 85 0.320197
66 86 0.559934
66 87 0.423645
66 88 0.635468
66 89 0.014778
66 90 0.238095
66 91 0.715928
66 92 0.338259
66 93 0.221675
66 94 0.039409
66 95 0.178982
66 96 0.454844
66 97 0.517241
66 98 0.418719
66 99 0.211823
67 68 0.709360
67 69 0.517241
67 70 0.430213
67 71 0.118227
67 72 0.045977
67 73 0.262726
67 74 0.323481
67 75 0.422003
67 76 0.077176
67 77 0.515599
67 78 0.566502
67 79 0.471264
67 80 0.180624
67 81 0.548440
67 82 0.602627
67 83 0.307061
67 84 0.466338
67 85 0.182266
67 86 0.522167
67 87 0.266010
67 88 0.499179
67 89 0.146141
67 90 0.113300
67 91 0.591133
67 92 0.175698
67 93 0.382594
67 94 0.177340
67 95 0.019704
67 96 0.328407
67 97 0.362890
67 98 0.563218
67 99 0.315271
68 69 0.568144
68 70 0.303777
68 71 0.651888
68 72 0.745484
68 73 0.509031
68 74 0.711002
68 75 0.474548
68 76 0.779967
68 77 0.592775
68 78 0.448276
68 79 0.400657
68 80 0.669951
68 81 0.481117
68 82 0.159278
68 83 0.577997
68 84 0.558292
68 85 0.637110
68 86 0.264368
68 87 0.733990
68 88 0.668309
68 89 0.689655
68 90 0.819376
68 91 0.642036
68 92 0.761905
68 93 0.679803
68 94 0.729064
68 95 0.702791
68 96 0.591133
68 97 0.745484
68 98 0.597701
68 99 0.505747
69 70 0.333333
69 71 0.397373
69 72 0.518883
69 73 0.280788
69 74 0.261084
69 75 0.684729
69 76 0.540230
69 77 0.834154
69 78 0.776683
69 79 0.668309
69 80 0.348112
69 81 0.093596
69 82 0.587849
69 83 0.208539
69 84 0.049261
69 85 0.336617
69 86 0.308703
69 87 0.323481
69 88 0.106732
69 89 0.619048
69 90 0.568144
69 91 0.093596
69 92 0.422003
69 93 0.789819
69 94 0.665025
69 95 0.497537
69 96 0.190476
69 97 0.262726
69 98 0.868637
69 99 0.614122
70 71 0.354680
70 72 0.459770
70 73 0.205255
70 74 0.413793
70 75 0.380952
70 76 0.494253
70 77 0.532020
70 78 0.451560
70 79 0.348112
70 80 0.366174
70 81 0.279146
70 82 0.266010
70 83 0.279146
70 84 0.303777
70 85 0.333333
70 86 0.101806
70 87 0.430213
70 88 0.410509
70 89 0.451560
70 90 0.532020
70 91 0.423645
70 92 0.459770
70 93 0.535304
70 94 0.497537
70 95 0.418719
70 96 0.295567
70 97 0.449918
70 98 0.559934
70 99 0.341544
71 72 0.123153
71 73 0.160920
71 74 0.215107
71 75 0.453202
71 76 0.151067
71 77 0.571429
71 78 0.591133
71 79 0.486043
71 80 0.070608
71 81 0.433498
71 82 0.568144
71 83 0.188834
71 84 0.348112
71 85 0.064039
71 86 0.436782
71 87 0.170772
71 88 0.382594
71 89 0.244663
71 90 0.187192
71 91 0.472906
71 92 0.121511
71 93 0.463054
71 94 0.284072
71 95 0.098522
71 96 0.208539
71 97 0.259442
71 98 0.617406
71 99 0.349754
72 73 0.280788
72 74 0.305419
72 75 0.467980
72 76 0.034483
72 77 0.559934
72 78 0.612479
72 79 0.517241
72 80 0.172414
72 81 0.558292
72 82 0.643678
72 83 0.310345
72 84 0.469622
72 85 0.182266
72 86 0.550082
72 87 0.244663
72 88 0.492611
72 89 0.185550
72 90 0.072250
72 91 0.587849
72 92 0.142857
72 93 0.422003
72 94 0.208539
72 95 0.042693
72 96 0.328407
72 97 0.343186
72 98 0.607553
72 99 0.361248
73 74 0.226601
73 75 0.430213
73 76 0.311987
73 77 0.573071
73 78 0.548440
73 79 0.436782
73 80 0.160920
73 81 0.290640
73 82 0.451560
73 83 0.105090
73 84 0.231527
73 85 0.129721
73 86 0.277504
73 87 0.229885
73 88 0.305419
73 89 0.343186
73 90 0.348112
73 91 0.369458
73 92 0.256158
73 93 0.510673
73 94 0.389163
73 95 0.247947
73 96 0.131363
73 97 0.269294
73 98 0.612479
73 99 0.346470
74 75 0.640394
74 76 0.315271
74 77 0.771757
74 78 0.766831
74 79 0.656814
74 80 0.142857
74 81 0.336617
74 82 0.673235
74 83 0.134647
74 84 0.223317
74 85 0.157635
74 86 0.454844
74 87 0.067323
74 88 0.198686
74 89 0.459770
74 90 0.336617
74 91 0.303777
74 92 0.177340
74 93 0.676519
74 94 0.497537
74 95 0.303777
74 96 0.119869
74 97 0.045977
74 98 0.816092
74 99 0.543514
75 76 0.497537
75 77 0.151067
75 78 0.144499
75 79 0.078818
75 80 0.515599
75 81 0.651888
75 82 0.318555
75 83 0.536946
75 84 0.642036
75 85 0.489327
75 86 0.467980
75 87 0.615764
75 88 0.733990
75 89 0.313629
75 90 0.527094
75 91 0.778325
75 92 0.569787
75 93 0.206897
75 94 0.333333
75 95 0.430213
75 96 0.563218
75 97 0.686371
75 98 0.183908
75 99 0.106732
76 77 0.584565
76 78 0.642036
76 79 0.550082
76 80 0.192118
76 81 0.582923
76 82 0.679803
76 83 0.333333
76 84 0.490969
76 85 0.205255
76 86 0.582923
76 87 0.251232
76 88 0.507389
76 89 0.205255
76 90 0.037767
76 91 0.605911
76 92 0.144499
76 93 0.440066
76 94 0.221675
76 95 0.078818
76 96 0.349754
76 97 0.349754
76 98 0.632184
76 99 0.392447
77 78 0.157635
77 79 0.198686
77 80 0.638752
77 81 0.802956
77 82 0.433498
77 83 0.678161
77 84 0.791461
77 85 0.615764
77 86 0.617406
77 87 0.740558
77 88 0.878489
77 89 0.382594
77 90 0.607553
77 91 0.927750
77 92 0.681445
77 93 0.175698
77 94 0.382594
77 95 0.527094
77 96 0.704433
77 97 0.819376
77 98 0.047619
77 99 0.228243
78 79 0.111658
78 80 0.650246
78 81 0.730706
78 82 0.292282
78 83 0.653530
78 84 0.740558
78 85 0.622332
78 86 0.520525
78 87 0.748768
78 88 0.839080
78 89 0.458128
78 90 0.671593
78 91 0.870279
78 92 0.711002
78 93 0.307061
78 94 0.472906
78 95 0.573071
78 96 0.679803
78 97 0.812808
78 98 0.151067
78 99 0.249589
79 80 0.541872
79 81 0.625616
79 82 0.241379
79 83 0.541872
79 84 0.630542
79 85 0.513957
79 86 0.425287
79 87 0.640394
79 88 0.727422
79 89 0.379310
79 90 0.581281
79 91 0.761905
79 92 0.607553
79 93 0.285714
79 94 0.403941
79 95 0.476190
79 96 0.568144
79 97 0.702791
79 98 0.216749
79 99 0.162562
80 81 0.395731
80 82 0.600985
80 83 0.144499
80 84 0.298851
80 85 0.032841
80 86 0.436782
80 87 0.100164
80 88 0.318555
80 89 0.315271
80 90 0.220033
80 91 0.415435
80 92 0.095238
80 93 0.535304
80 94 0.353038
80 95 0.160920
80 96 0.157635
80 97 0.187192
80 98 0.684729
80 99 0.413793
81 82 0.517241
81 83 0.251232
81 84 0.114943
81 85 0.377668
81 86 0.233169
81 87 0.392447
81 88 0.201970
81 89 0.633826
81 90 0.615764
81 91 0.159278
81 92 0.479475
81 93 0.779967
81 94 0.681445
81 95 0.530378
81 96 0.239737
81 97 0.346470
81 98 0.835796
81 99 0.594417
82 83 0.540230
82 84 0.566502
82 85 0.568144
82 86 0.284072
82 87 0.681445
82 88 0.674877
82 89 0.559934
82 90 0.715928
82 91 0.674877
82 92 0.688013
82 93 0.523810
82 94 0.596059
82 95 0.600985
82 96 0.559934
82 97 0.712644
82 98 0.438424
82 99 0.359606
83 84 0.159278
83 85 0.128079
83 86 0.323481
83 87 0.160920
83 88 0.206897
83 89 0.417077
83 90 0.364532
83 91 0.285714
83 92 0.229885
83 93 0.605911
83 94 0.461412
83 95 0.287356
83 96 0.026273
83 97 0.172414
83 98 0.717570
83 99 0.449918
84 85 0.287356
84 86 0.295567
84 87 0.280788
84 88 0.110016
84 89 0.569787
84 90 0.520525
84 91 0.137931
84 92 0.376026
84 93 0.742200
84 94 0.615764
84 95 0.448276
84 96 0.141215
84 97 0.231527
84 98 0.827586
84 99 0.569787
85 86 0.405583
85 87 0.126437
85 88 0.318555
85 89 0.305419
85 90 0.238095
85 91 0.408867
85 92 0.126437
85 93 0.517241
85 94 0.346470
85 95 0.162562
85 96 0.146141
85 97 0.203612
85 98 0.660099
85 99 0.389163
86 87 0.484401
86 88 0.405583
86 89 0.553366
86 90 0.620690
86 91 0.390805
86 92 0.532020
86 93 0.633826
86 94 0.599343
86 95 0.510673
86 96 0.333333
86 97 0.484401
86 98 0.642036
86 99 0.440066
87 88 0.266010
87 89 0.408867
87 90 0.270936
87 91 0.371100
87 92 0.110016
87 93 0.633826
87 94 0.443350
87 95 0.247947
87 96 0.157635
87 97 0.096880
87 98 0.784893
87 99 0.515599
88 89 0.620690
88 90 0.532020
88 91 0.106732
88 92 0.374384
88 93 0.814450
88 94 0.663383
88 95 0.479475
88 96 0.180624
88 97 0.183908
88 98 0.916256
88 99 0.651888
89 90 0.224959
89 91 0.702791
89 92 0.321839
89 93 0.236453
89 94 0.047619
89 95 0.164204
89 96 0.440066
89 97 0.502463
89 98 0.430213
89 99 0.216749
90 91 0.632184
90 92 0.159278
90 93 0.458128
90 94 0.234811
90 95 0.116585
90 96 0.379310
90 97 0.367816
90 98 0.656814
90 99 0.422003
91 92 0.477833
91 93 0.880131
91 94 0.747126
91 95 0.571429
91 96 0.262726
91 97 0.292282
91 98 0.962233
91 99 0.707718
92 93 0.556650
92 94 0.351396
92 95 0.157635
92 96 0.238095
92 97 0.206897
92 98 0.727422
92 99 0.464696
93 94 0.223317
93 95 0.397373
93 96 0.632184
93 97 0.722496
93 98 0.218391
93 99 0.193760
94 95 0.195402
94 96 0.484401
94 97 0.538588
94 98 0.430213
94 99 0.243021
95 96 0.308703
95 97 0.343186
95 98 0.574713
95 99 0.323481
96 97 0.154351
96 98 0.745484
96 99 0.476190
97 98 0.862069
97 99 0.591133
98 99 0.270936
