100 4950
0 1 0.960000
0 2 0.179104
0 3 0.094488
0 4 0.106195
0 5 0.095238
0 6 0.169014
0 7 0.081911
0 8 0.152866
0 9 0.127660
0 10 0.218182
0 11 0.200000
0 12 0.103448
0 13 0.128342
0 14 0.096774
0 15 0.136364
0 16 0.090226
0 17 0.108597
0 18 0.089552
0 19 0.101266
0 20 0.066298
0 21 0.226415
0 22 0.187500
0 23 0.083624
0 24 0.083916
0 25 0.152866
0 26 0.079470
0 27 0.258065
0 28 0.155844
0 29 0.087912
0 30 0.406780
0 31 0.076433
0 32 0.237624
0 33 0.111628
0 34 0.130435
0 35 0.212389
0 36 0.083333
0 37 0.338028
0 38 0.705882
0 39 0.155844
0 40 0.115942
0 41 0.088889
0 42 0.100000
0 43 0.082759
0 44 0.090909
0 45 0.086331
0 46 0.071006
0 47 0.147239
0 48 0.071429
0 49 0.157895
0 50 0.067989
0 51 0.214286
0 52 0.066482
0 53 0.086022
0 54 0.244898
0 55 0.237624
0 56 0.091255
0 57 0.214286
0 58 0.082759
0 59 0.126316
0 60 0.125000
0 61 0.069164
0 62 0.303797
0 63 0.142012
0 64 0.110599
0 65 0.076190
0 66 0.195122
0 67 0.193548
0 68 0.176471
0 69 0.109091
0 70 0.128342
0 71 0.118812
0 72 0.129730
0 73 0.393443
0 74 0.105263
0 75 0.093750
0 76 0.099585
0 77 0.078176
0 78 0.126316
0 79 0.342857
0 80 0.128342
0 81 0.099174
0 82 0.139535
0 83 0.328767
0 84 0.124352
0 85 0.166667
0 86 0.533333
0 87 0.080808
0 88 0.212389
0 89 0.099174
0 90 0.240000
0 91 0.060000
0 92 0.131868
0 93 0.098765
0 94 0.058824
0 95 0.078176
0 96 0.130435
0 97 0.155844
0 98 0.107143
0 99 0.136364
1 2 0.270440
1 3 0.173387
1 4 0.172000
1 5 0.155235
1 6 0.259036
1 7 0.136076
1 8 0.282895
1 9 0.201878
1 10 0.477778
1 11 0.421569
1 12 0.186957
1 13 0.204762
1 14 0.158088
1 15 0.229947
1 16 0.157509
1 17 0.181435
1 18 0.165385
1 19 0.196347
1 20 0.111111
1 21 0.417476
1 22 0.282895
1 23 0.161049
1 24 0.141914
1 25 0.242938
1 26 0.153025
1 27 0.430000
1 28 0.252941
1 29 0.162264
1 30 0.877551
1 31 0.145763
1 32 0.530864
1 33 0.202830
1 34 0.220513
1 35 0.380531
1 36 0.138264
1 37 0.934783
1 38 0.728814
1 39 0.241573
1 40 0.185345
1 41 0.145763
1 42 0.172000
1 43 0.136943
1 44 0.149306
1 45 0.162264
1 46 0.127976
1 47 0.247126
1 48 0.124277
1 49 0.296552
1 50 0.114058
1 51 0.488636
1 52 0.115903
1 53 0.142384
1 54 0.430000
1 55 0.537500
1 56 0.162879
1 57 0.462366
1 58 0.150350
1 59 0.250000
1 60 0.199074
1 61 0.115903
1 62 0.530864
1 63 0.265432
1 64 0.179167
1 65 0.126844
1 66 0.313869
1 67 0.383929
1 68 0.273885
1 69 0.207729
1 70 0.252941
1 71 0.190265
1 72 0.211823
1 73 0.597222
1 74 0.202830
1 75 0.153571
1 76 0.183761
1 77 0.135220
1 78 0.213930
1 79 0.661538
1 80 0.203791
1 81 0.185345
1 82 0.221649
1 83 0.682540
1 84 0.218274
1 85 0.257485
1 86 0.977273
1 87 0.133540
1 88 0.467391
1 89 0.182979
1 90 0.537500
1 91 0.105392
1 92 0.208738
1 93 0.162879
1 94 0.103365
1 95 0.136508
1 96 0.213930
1 97 0.257485
1 98 0.198157
1 99 0.215000
2 3 0.025806
2 4 0.083333
2 5 0.067227
2 6 0.888889
2 7 0.049383
2 8 0.032922
2 9 0.142857
2 10 0.033898
2 11 0.034188
2 12 0.029091
2 13 0.083333
2 14 0.068966
2 15 0.050314
2 16 0.031373
2 17 0.049383
2 18 0.024242
2 19 0.023188
2 20 0.034934
2 21 0.043956
2 22 0.242424
2 23 0.020202
2 24 0.038462
2 25 0.090909
2 26 0.019185
2 27 0.055944
2 28 0.070175
2 29 0.023881
2 30 0.044444
2 31 0.019002
2 32 0.035714
2 33 0.030418
2 34 0.048485
2 35 0.045198
2 36 0.049383
2 37 0.039216
2 38 0.078431
2 39 0.400000
2 40 0.108108
2 41 0.058394
2 42 0.037037
2 43 0.050314
2 44 0.058394
2 45 0.022284
2 46 0.022039
2 47 0.043956
2 48 0.026578
2 49 0.035398
2 50 0.036364
2 51 0.032653
2 52 0.024922
2 53 0.052980
2 54 0.045198
2 55 0.034632
2 56 0.027778
2 57 0.034335
2 58 0.023739
2 59 0.026667
2 60 0.123077
2 61 0.037209
2 62 0.048193
2 63 0.030888
2 64 0.067797
2 65 0.044199
2 66 0.068376
2 67 0.036199
2 68 0.129032
2 69 0.026316
2 70 0.027491
2 71 0.087912
2 72 0.068376
2 73 0.062992
2 74 0.024316
2 75 0.062016
2 76 0.026490
2 77 0.029520
2 78 0.046784
2 79 0.047904
2 80 0.125000
2 81 0.025237
2 82 0.087912
2 83 0.042781
2 84 0.034043
2 85 0.126984
2 86 0.050633
2 87 0.047904
2 88 0.034043
2 89 0.026230
2 90 0.035242
2 91 0.021978
2 92 0.160000
2 93 0.055944
2 94 0.021333
2 95 0.027875
2 96 0.062500
2 97 0.049689
2 98 0.027586
2 99 0.125000
3 4 0.043228
3 5 0.038071
3 6 0.048077
3 7 0.038168
3 8 0.038168
3 9 0.044776
3 10 0.049342
3 11 0.089820
3 12 0.375000
3 13 0.037406
3 14 0.040650
3 15 0.089286
3 16 0.107143
3 17 0.067873
3 18 0.652174
3 19 0.104895
3 20 0.032120
3 21 0.100671
3 22 0.045593
3 23 0.087209
3 24 0.055970
3 25 0.061983
3 26 0.073171
3 27 0.085227
3 28 0.071770
3 29 0.517241
3 30 0.051370
3 31 0.083799
3 32 0.077320
3 33 0.312500
3 34 0.089286
3 35 0.103448
3 36 0.040107
3 37 0.060729
3 38 0.055762
3 39 0.046729
3 40 0.041322
3 41 0.037783
3 42 0.092025
3 43 0.037783
3 44 0.041322
3 45 0.194805
3 46 0.144231
3 47 0.036058
3 48 0.071770
3 49 0.145631
3 50 0.032823
3 51 0.054745
3 52 0.065217
3 53 0.040107
3 54 0.043103
3 55 0.052265
3 56 0.214286
3 57 0.081967
3 58 0.375000
3 59 0.106383
3 60 0.046584
3 61 0.033708
3 62 0.045732
3 63 0.037500
3 64 0.035211
3 65 0.033408
3 66 0.077320
3 67 0.107143
3 68 0.058824
3 69 0.211268
3 70 0.119048
3 71 0.037500
3 72 0.063830
3 73 0.073529
3 74 0.127119
3 75 0.041783
3 76 0.937500
3 77 0.075758
3 78 0.090361
3 79 0.081081
3 80 0.040431
3 81 0.326087
3 82 0.038363
3 83 0.049020
3 84 0.033784
3 85 0.041783
3 86 0.051546
3 87 0.032967
3 88 0.079787
3 89 0.833333
3 90 0.050505
3 91 0.060484
3 92 0.042614
3 93 0.051370
3 94 0.060729
3 95 0.089820
3 96 0.068182
3 97 0.037037
3 98 0.441176
3 99 0.040214
4 5 0.489796
4 6 0.272727
4 7 0.358209
4 8 0.071642
4 9 0.571429
4 10 0.072508
4 11 0.077170
4 12 0.077922
4 13 0.172662
4 14 0.960000
4 15 0.133333
4 16 0.094118
4 17 0.165517
4 18 0.065041
4 19 0.058111
4 20 0.172662
4 21 0.096774
4 22 0.201681
4 23 0.051836
4 24 0.150943
4 25 0.224299
4 26 0.049281
4 27 0.115942
4 28 0.172662
4 29 0.064000
4 30 0.087591
4 31 0.049485
4 32 0.078176
4 33 0.079734
4 34 0.132597
4 35 0.100418
4 36 0.358209
4 37 0.081356
4 38 0.123077
4 39 0.307692
4 40 0.521739
4 41 0.461538
4 42 0.112676
4 43 0.369231
4 44 0.571429
4 45 0.058680
4 46 0.064000
4 47 0.091255
4 48 0.087273
4 49 0.084806
4 50 0.186047
4 51 0.071217
4 52 0.082759
4 53 0.428571
4 54 0.088561
4 55 0.073846
4 56 0.078176
4 57 0.076677
4 58 0.065574
4 59 0.064865
4 60 0.685714
4 61 0.196721
4 62 0.091954
4 63 0.068182
4 64 0.170213
4 65 0.230769
4 66 0.146341
4 67 0.082759
4 68 0.228571
4 69 0.066852
4 70 0.066852
4 71 0.212389
4 72 0.210526
4 73 0.118227
4 74 0.061069
4 75 0.705882
4 76 0.069767
4 77 0.096774
4 78 0.129730
4 79 0.098361
4 80 0.275862
4 81 0.065574
4 82 0.163265
4 83 0.084806
4 84 0.075235
4 85 0.176471
4 86 0.094862
4 87 0.218182
4 88 0.075949
4 89 0.069164
4 90 0.074766
4 91 0.072289
4 92 0.363636
4 93 0.279070
4 94 0.069565
4 95 0.087273
4 96 0.184615
4 97 0.099585
4 98 0.071429
4 99 0.228571
5 6 0.225225
5 7 0.384615
5 8 0.072886
5 9 0.373134
5 10 0.071023
5 11 0.071839
5 12 0.070225
5 13 0.201613
5 14 0.735294
5 15 0.109649
5 16 0.082508
5 17 0.129534
5 18 0.059952
5 19 0.055066
5 20 0.219298
5 21 0.086806
5 22 0.189394
5 23 0.049505
5 24 0.123762
5 25 0.163399
5 26 0.047438
5 27 0.100806
5 28 0.134409
5 29 0.059242
5 30 0.084746
5 31 0.047438
5 32 0.073314
5 33 0.071839
5 34 0.109170
5 35 0.088968
5 36 0.312500
5 37 0.077399
5 38 0.113636
5 39 0.252525
5 40 0.543478
5 41 0.961538
5 42 0.095420
5 43 0.438596
5 44 0.403226
5 45 0.055066
5 46 0.058962
5 47 0.096525
5 48 0.077882
5 49 0.076453
5 50 0.235849
5 51 0.069061
5 52 0.074850
5 53 0.373134
5 54 0.088652
5 55 0.071839
5 56 0.070225
5 57 0.071839
5 58 0.060386
5 59 0.060976
5 60 0.337838
5 61 0.238095
5 62 0.091241
5 63 0.069444
5 64 0.215517
5 65 0.396825
5 66 0.120192
5 67 0.075758
5 68 0.170068
5 69 0.062035
5 70 0.062500
5 71 0.265957
5 72 0.153374
5 73 0.104603
5 74 0.057471
5 75 0.431034
5 76 0.064103
5 77 0.084746
5 78 0.106838
5 79 0.088968
5 80 0.312500
5 81 0.060827
5 82 0.182482
5 83 0.083056
5 84 0.079365
5 85 0.182482
5 86 0.091575
5 87 0.403226
5 88 0.071225
5 89 0.063452
5 90 0.073099
5 91 0.066489
5 92 0.342466
5 93 0.190840
5 94 0.064267
5 95 0.077399
5 96 0.140449
5 97 0.105042
5 98 0.065445
5 99 0.252525
6 7 0.077922
6 8 0.048000
6 9 0.250000
6 10 0.049180
6 11 0.050000
6 12 0.043321
6 13 0.125000
6 14 0.111111
6 15 0.075472
6 16 0.047244
6 17 0.075472
6 18 0.036036
6 19 0.034188
6 20 0.054299
6 21 0.064171
6 22 0.307692
6 23 0.029851
6 24 0.059113
6 25 0.139535
6 26 0.028369
6 27 0.081633
6 28 0.105263
6 29 0.035503
6 30 0.063830
6 31 0.028169
6 32 0.051948
6 33 0.045283
6 34 0.073171
6 35 0.065934
6 36 0.077922
6 37 0.056604
6 38 0.109091
6 39 0.923077
6 40 0.179104
6 41 0.093023
6 42 0.056075
6 43 0.079470
6 44 0.093023
6 45 0.033058
6 46 0.033058
6 47 0.063830
6 48 0.040268
6 49 0.052174
6 50 0.056604
6 51 0.047431
6 52 0.037736
6 53 0.083916
6 54 0.064865
6 55 0.050209
6 56 0.041522
6 57 0.050209
6 58 0.035398
6 59 0.039344
6 60 0.210526
6 61 0.057971
6 62 0.068966
6 63 0.044944
6 64 0.102564
6 65 0.068966
6 66 0.100840
6 67 0.053097
6 68 0.193548
6 69 0.038961
6 70 0.040404
6 71 0.134831
6 72 0.105263
6 73 0.090226
6 74 0.035821
6 75 0.099174
6 76 0.039344
6 77 0.044776
6 78 0.070175
6 79 0.069364
6 80 0.200000
6 81 0.037383
6 82 0.129032
6 83 0.061224
6 84 0.049587
6 85 0.179104
6 86 0.072289
6 87 0.075000
6 88 0.049793
6 89 0.038961
6 90 0.051064
6 91 0.033333
6 92 0.272727
6 93 0.088235
6 94 0.032258
6 95 0.042105
6 96 0.095238
6 97 0.071856
6 98 0.040956
6 99 0.190476
7 8 0.022556
7 9 0.084112
7 10 0.022670
7 11 0.024064
7 12 0.025424
7 13 0.047872
7 14 0.187500
7 15 0.039823
7 16 0.031690
7 17 0.051136
7 18 0.021635
7 19 0.019108
7 20 0.118421
7 21 0.029221
7 22 0.048913
7 23 0.017274
7 24 0.054878
7 25 0.055215
7 26 0.016484
7 27 0.033582
7 28 0.046875
7 29 0.021378
7 30 0.026393
7 31 0.016636
7 32 0.024259
7 33 0.025862
7 34 0.040000
7 35 0.030201
7 36 0.360000
7 37 0.024862
7 38 0.034351
7 39 0.062937
7 40 0.090000
7 41 0.225000
7 42 0.036885
7 43 0.900000
7 44 0.281250
7 45 0.019565
7 46 0.022113
7 47 0.028037
7 48 0.031469
7 49 0.026471
7 50 0.136364
7 51 0.022277
7 52 0.030405
7 53 0.473684
7 54 0.026786
7 55 0.022959
7 56 0.026087
7 57 0.023873
7 58 0.022113
7 59 0.020930
7 60 0.089109
7 61 0.157895
7 62 0.027607
7 63 0.021635
7 64 0.050000
7 65 0.132353
7 66 0.040541
7 67 0.025641
7 68 0.053571
7 69 0.021792
7 70 0.021531
7 71 0.056962
7 72 0.056250
7 73 0.033582
7 74 0.019956
7 75 0.236842
7 76 0.022959
7 77 0.034221
7 78 0.039474
7 79 0.029221
7 80 0.064286
7 81 0.021583
7 82 0.045226
7 83 0.025788
7 84 0.023936
7 85 0.046154
7 86 0.028213
7 87 0.090000
7 88 0.023684
7 89 0.022727
7 90 0.023196
7 91 0.026866
7 92 0.071429
7 93 0.085714
7 94 0.025788
7 95 0.030508
7 96 0.051429
7 97 0.030100
7 98 0.023316
7 99 0.056604
8 9 0.057823
8 10 0.170000
8 11 0.073593
8 12 0.044855
8 13 0.073913
8 14 0.048295
8 15 0.051205
8 16 0.040189
8 17 0.045699
8 18 0.042184
8 19 0.051515
8 20 0.037281
8 21 0.066929
8 22 0.078341
8 23 0.045946
8 24 0.039261
8 25 0.056667
8 26 0.045822
8 27 0.068273
8 28 0.055738
8 29 0.041769
8 30 0.163462
8 31 0.042714
8 32 0.083333
8 33 0.047091
8 34 0.050000
8 35 0.064394
8 36 0.042289
8 37 0.114865
8 38 0.102410
8 39 0.065637
8 40 0.056478
8 41 0.046322
8 42 0.042929
8 43 0.043147
8 44 0.045093
8 45 0.042821
8 46 0.034979
8 47 0.161905
8 48 0.034553
8 49 0.058219
8 50 0.037946
8 51 0.125926
8 52 0.032882
8 53 0.043590
8 54 0.253731
8 55 0.147826
8 56 0.040964
8 57 0.078704
8 58 0.039352
8 59 0.058824
8 60 0.055375
8 61 0.038031
8 62 0.204819
8 63 0.944444
8 64 0.066667
8 65 0.042821
8 66 0.061372
8 67 0.066929
8 68 0.062044
8 69 0.049563
8 70 0.057823
8 71 0.065637
8 72 0.051360
8 73 0.077982
8 74 0.051205
8 75 0.046070
8 76 0.044855
8 77 0.036638
8 78 0.049133
8 79 0.079070
8 80 0.064394
8 81 0.045822
8 82 0.079439
8 83 0.191011
8 84 0.217949
8 85 0.082126
8 86 0.150442
8 87 0.046575
8 88 0.079812
8 89 0.044855
8 90 0.166667
8 91 0.030576
8 92 0.062044
8 93 0.044855
8 94 0.030142
8 95 0.036638
8 96 0.050898
8 97 0.141667
8 98 0.047091
8 99 0.069388
9 10 0.068729
9 11 0.071174
9 12 0.067114
9 13 0.186916
9 14 0.327869
9 15 0.116279
9 16 0.077519
9 17 0.131579
9 18 0.056022
9 19 0.051546
9 20 0.114943
9 21 0.090090
9 22 0.256410
9 23 0.045558
9 24 0.109890
9 25 0.212766
9 26 0.043384
9 27 0.109890
9 28 0.157480
9 29 0.055249
9 30 0.085106
9 31 0.043290
9 32 0.072993
9 33 0.069444
9 34 0.114286
9 35 0.093023
9 36 0.185185
9 37 0.077519
9 38 0.127389
9 39 0.540541
9 40 0.689655
9 41 0.243902
9 42 0.092593
9 43 0.194175
9 44 0.240964
9 45 0.051020
9 46 0.053476
9 47 0.089286
9 48 0.069204
9 49 0.076336
9 50 0.121212
9 51 0.066890
9 52 0.065147
9 53 0.206186
9 54 0.086957
9 55 0.069930
9 56 0.066007
9 57 0.071174
9 58 0.055866
9 59 0.058140
9 60 0.952381
9 61 0.125000
9 62 0.090909
9 63 0.064309
9 64 0.172414
9 65 0.153846
9 66 0.137931
9 67 0.075758
9 68 0.243902
9 69 0.058997
9 70 0.059880
9 71 0.232558
9 72 0.176991
9 73 0.115607
9 74 0.054054
9 75 0.266667
9 76 0.060606
9 77 0.076628
9 78 0.111111
9 79 0.093458
9 80 0.363636
9 81 0.057307
9 82 0.178571
9 83 0.082305
9 84 0.071685
9 85 0.208333
9 86 0.093897
9 87 0.162602
9 88 0.070423
9 89 0.060060
9 90 0.070922
9 91 0.057143
9 92 0.666667
9 93 0.183486
9 94 0.055249
9 95 0.070671
9 96 0.156250
9 97 0.099010
9 98 0.062500
9 99 0.281690
10 11 0.072993
10 12 0.033898
10 13 0.038168
10 14 0.028409
10 15 0.036496
10 16 0.028169
10 17 0.030581
10 18 0.032154
10 19 0.043290
10 20 0.021552
10 21 0.056497
10 22 0.045249
10 23 0.036900
10 24 0.025445
10 25 0.037594
10 26 0.036630
10 27 0.054054
10 28 0.038462
10 29 0.031746
10 30 0.175439
10 31 0.033445
10 32 0.090909
10 33 0.036101
10 34 0.035461
10 35 0.052910
10 36 0.025381
10 37 0.166667
10 38 0.072993
10 39 0.039216
10 40 0.032680
10 41 0.026882
10 42 0.029851
10 43 0.025381
10 44 0.027027
10 45 0.033333
10 46 0.024938
10 47 0.057143
10 48 0.023256
10 49 0.048309
10 50 0.021978
10 51 0.277778
10 52 0.021978
10 53 0.025974
10 54 0.105263
10 55 0.588235
10 56 0.029940
10 57 0.081967
10 58 0.029155
10 59 0.052356
10 60 0.033557
10 61 0.022173
10 62 0.113636
10 63 0.099010
10 64 0.034247
10 65 0.024272
10 66 0.044248
10 67 0.060606
10 68 0.040816
10 69 0.040323
10 70 0.050761
10 71 0.034965
10 72 0.034130
10 73 0.062500
10 74 0.042735
10 75 0.027624
10 76 0.034602
10 77 0.024814
10 78 0.034722
10 79 0.070922
10 80 0.035842
10 81 0.036101
10 82 0.040816
10 83 0.188679
10 84 0.058480
10 85 0.044248
10 86 0.126582
10 87 0.025707
10 88 0.084746
10 89 0.034722
10 90 0.909091
10 91 0.020367
10 92 0.035842
10 93 0.028409
10 94 0.020080
10 95 0.025253
10 96 0.034364
10 97 0.055866
10 98 0.036900
10 99 0.038023
11 12 0.092025
11 13 0.049505
11 14 0.044776
11 15 0.081522
11 16 0.062500
11 17 0.060484
11 18 0.086207
11 19 0.127119
11 20 0.033408
11 21 0.205479
11 22 0.063025
11 23 0.089286
11 24 0.047771
11 25 0.070093
11 26 0.081081
11 27 0.138889
11 28 0.078125
11 29 0.084270
11 30 0.110294
11 31 0.076923
11 32 0.535714
11 33 0.102740
11 34 0.078534
11 35 0.174419
11 36 0.041322
11 37 0.178571
11 38 0.100671
11 39 0.059524
11 40 0.049180
11 41 0.041551
11 42 0.064655
11 43 0.040107
11 44 0.043732
11 45 0.089286
11 46 0.056180
11 47 0.054745
11 48 0.047022
11 49 0.192308
11 50 0.034169
11 51 0.138889
11 52 0.043605
11 53 0.042017
11 54 0.076923
11 55 0.123967
11 56 0.073171
11 57 0.937500
11 58 0.072464
11 59 0.211268
11 60 0.053957
11 61 0.034884
11 62 0.084270
11 63 0.063830
11 64 0.045045
11 65 0.036585
11 66 0.095541
11 67 0.416667
11 68 0.072464
11 69 0.132743
11 70 0.217391
11 71 0.047619
11 72 0.065217
11 73 0.137615
11 74 0.136364
11 75 0.044643
11 76 0.098684
11 77 0.050676
11 78 0.076923
11 79 0.220588
11 80 0.051020
11 81 0.106383
11 82 0.051903
11 83 0.101351
11 84 0.051724
11 85 0.057915
11 86 0.105634
11 87 0.037500
11 88 0.714286
11 89 0.099338
11 90 0.113636
11 91 0.040000
11 92 0.052817
11 93 0.050505
11 94 0.039474
11 95 0.053381
11 96 0.067873
11 97 0.055970
11 98 0.111940
11 99 0.052265
12 13 0.046196
12 14 0.051360
12 15 0.131783
12 16 0.161905
12 17 0.093923
12 18 0.269841
12 19 0.101796
12 20 0.039813
12 21 0.132812
12 22 0.057239
12 23 0.084158
12 24 0.074236
12 25 0.083333
12 26 0.072340
12 27 0.115646
12 28 0.098837
12 29 0.250000
12 30 0.061594
12 31 0.079812
12 32 0.090909
12 33 0.944444
12 34 0.131783
12 35 0.141667
12 36 0.050898
12 37 0.072034
12 38 0.069672
12 39 0.059441
12 40 0.052147
12 41 0.047486
12 42 0.137097
12 43 0.047486
12 44 0.052469
12 45 0.149123
12 46 0.157407
12 47 0.043257
12 48 0.094444
12 49 0.193182
12 50 0.040767
12 51 0.063197
12 52 0.083744
12 53 0.050746
12 54 0.051672
12 55 0.060932
12 56 0.377778
12 57 0.095506
12 58 0.269841
12 59 0.111111
12 60 0.059859
12 61 0.041975
12 62 0.055016
12 63 0.043928
12 64 0.043367
12 65 0.041463
12 66 0.106918
12 67 0.129771
12 68 0.077982
12 69 0.186813
12 70 0.123188
12 71 0.046448
12 72 0.086735
12 73 0.095506
12 74 0.120567
12 75 0.053125
12 76 0.395349
12 77 0.103030
12 78 0.134921
12 79 0.102410
12 80 0.050595
12 81 0.223684
12 82 0.047222
12 83 0.058419
12 84 0.040000
12 85 0.051829
12 86 0.062500
12 87 0.040767
12 88 0.092896
12 89 0.354167
12 90 0.059028
12 91 0.075556
12 92 0.053968
12 93 0.067460
12 94 0.074890
12 95 0.123188
12 96 0.094444
12 97 0.044619
12 98 0.354167
12 99 0.050147
13 14 0.116438
13 15 0.066667
13 16 0.048571
13 17 0.067460
13 18 0.040476
13 19 0.040476
13 20 0.073593
13 21 0.064394
13 22 0.236111
13 23 0.036170
13 24 0.059028
13 25 0.093923
13 26 0.034908
13 27 0.074561
13 28 0.081340
13 29 0.040000
13 30 0.081340
13 31 0.034274
13 32 0.059233
13 33 0.047887
13 34 0.065385
13 35 0.064885
13 36 0.085427
13 37 0.067729
13 38 0.109677
13 39 0.184783
13 40 0.180851
13 41 0.113333
13 42 0.055016
13 43 0.093923
13 44 0.097143
13 45 0.038202
13 46 0.037118
13 47 0.123188
13 48 0.043478
13 49 0.054662
13 50 0.075556
13 51 0.060284
13 52 0.041463
13 53 0.091398
13 54 0.096045
13 55 0.064639
13 56 0.044503
13 57 0.057047
13 58 0.039535
13 59 0.045576
13 60 0.133858
13 61 0.075221
13 62 0.096591
13 63 0.068826
13 64 0.548387
13 65 0.099415
13 66 0.080569
13 67 0.057047
13 68 0.108280
13 69 0.043814
13 70 0.046322
13 71 0.531250
13 72 0.081731
13 73 0.082927
13 74 0.041769
13 75 0.100592
13 76 0.043367
13 77 0.047091
13 78 0.063910
13 79 0.070539
13 80 0.314815
13 81 0.042079
13 82 0.944444
13 83 0.080952
13 84 0.088083
13 85 0.386364
13 86 0.090426
13 87 0.125000
13 88 0.057047
13 89 0.043038
13 90 0.066667
13 91 0.037528
13 92 0.220779
13 93 0.078704
13 94 0.036559
13 95 0.044737
13 96 0.076923
13 97 0.145299
13 98 0.044855
13 99 0.459459
14 15 0.123762
14 16 0.091575
14 17 0.153374
14 18 0.063776
14 19 0.057208
14 20 0.217391
14 21 0.091912
14 22 0.182482
14 23 0.051335
14 24 0.147929
14 25 0.190840
14 26 0.048924
14 27 0.108225
14 28 0.154321
14 29 0.062972
14 30 0.084746
14 31 0.049116
14 32 0.075758
14 33 0.077399
14 34 0.123762
14 35 0.095057
14 36 0.462963
14 37 0.078864
14 38 0.115207
14 39 0.257732
14 40 0.462963
14 41 0.892857
14 42 0.108225
14 43 0.581395
14 44 0.806452
14 45 0.057870
14 46 0.063452
14 47 0.090580
14 48 0.086806
14 49 0.081433
14 50 0.235849
14 51 0.069638
14 52 0.083056
14 53 0.609756
14 54 0.086505
14 55 0.072254
14 56 0.076220
14 57 0.074405
14 58 0.064599
14 59 0.063452
14 60 0.431034
14 61 0.250000
14 62 0.089606
14 63 0.067751
14 64 0.176056
14 65 0.312500
14 66 0.132979
14 67 0.079365
14 68 0.192308
14 69 0.065274
14 70 0.065274
14 71 0.215517
14 72 0.185185
14 73 0.110132
14 74 0.059952
14 75 0.961538
14 76 0.068306
14 77 0.095420
14 78 0.121359
14 79 0.093284
14 80 0.263158
14 81 0.064267
14 82 0.161290
14 83 0.082508
14 84 0.075529
14 85 0.167785
14 86 0.091575
14 87 0.271739
14 88 0.073746
14 89 0.067568
14 90 0.073099
14 91 0.072886
14 92 0.316456
14 93 0.255102
14 94 0.070225
14 95 0.085911
14 96 0.165563
14 97 0.098814
14 98 0.069638
14 99 0.219298
15 16 0.080808
15 17 0.121212
15 18 0.041885
15 19 0.031250
15 20 0.026578
15 21 0.070796
15 22 0.042781
15 23 0.026403
15 24 0.061069
15 25 0.102564
15 26 0.024169
15 27 0.088889
15 28 0.170213
15 29 0.040816
15 30 0.034335
15 31 0.024922
15 32 0.041026
15 33 0.065041
15 34 0.888889
15 35 0.080808
15 36 0.038462
15 37 0.036866
15 38 0.047337
15 39 0.048193
15 40 0.040000
15 41 0.034934
15 42 0.121212
15 43 0.034783
15 44 0.040816
15 45 0.034188
15 46 0.039024
15 47 0.025559
15 48 0.049383
15 49 0.064000
15 50 0.027491
15 51 0.030651
15 52 0.043011
15 53 0.038462
15 54 0.029740
15 55 0.030651
15 56 0.061069
15 57 0.041237
15 58 0.042781
15 59 0.036199
15 60 0.051282
15 61 0.028674
15 62 0.032000
15 63 0.023256
15 64 0.029091
15 65 0.028470
15 66 0.142857
15 67 0.052632
15 68 0.081633
15 69 0.042105
15 70 0.038647
15 71 0.032389
15 72 0.119403
15 73 0.068966
15 74 0.034483
15 75 0.041667
15 76 0.048193
15 77 0.060150
15 78 0.533333
15 79 0.058394
15 80 0.037037
15 81 0.041885
15 82 0.032129
15 83 0.032389
15 84 0.022472
15 85 0.036530
15 86 0.036530
15 87 0.027682
15 88 0.040201
15 89 0.047059
15 90 0.030189
15 91 0.035398
15 92 0.041451
15 93 0.062016
15 94 0.034043
15 95 0.058824
15 96 0.153846
15 97 0.027027
15 98 0.050000
15 99 0.036199
16 17 0.369369
16 18 0.256250
16 19 0.151852
16 20 0.116477
16 21 0.227778
16 22 0.144366
16 23 0.133550
16 24 0.301471
16 25 0.242604
16 26 0.120944
16 27 0.234286
16 28 0.288732
16 29 0.250000
16 30 0.127726
16 31 0.129338
16 32 0.158301
16 33 0.362832
16 34 0.440860
16 35 0.246988
16 36 0.156489
16 37 0.138983
16 38 0.154717
16 39 0.158301
16 40 0.143860
16 41 0.137584
16 42 0.953488
16 43 0.141379
16 44 0.158915
16 45 0.189815
16 46 0.333333
16 47 0.099757
16 48 0.512500
16 49 0.250000
16 50 0.119534
16 51 0.122024
16 52 0.390476
16 53 0.154135
16 54 0.112948
16 55 0.120588
16 56 0.561644
16 57 0.162055
16 58 0.301471
16 59 0.163347
16 60 0.170833
16 61 0.124620
16 62 0.119186
16 63 0.094470
16 64 0.111413
16 65 0.118156
16 66 0.267974
16 67 0.200980
16 68 0.211340
16 69 0.211340
16 70 0.174468
16 71 0.120944
16 72 0.280822
16 73 0.199029
16 74 0.168033
16 75 0.160156
16 76 0.278912
16 77 0.672131
16 78 0.476744
16 79 0.191589
16 80 0.133550
16 81 0.227778
16 82 0.118497
16 83 0.122024
16 84 0.090508
16 85 0.129747
16 86 0.132258
16 87 0.112637
16 88 0.158301
16 89 0.271523
16 90 0.118497
16 91 0.299270
16 92 0.144876
16 93 0.227778
16 94 0.284722
16 95 0.976190
16 96 0.312977
16 97 0.104061
16 98 0.269737
16 99 0.130159
17 18 0.155738
17 19 0.118750
17 20 0.153226
17 21 0.215909
17 22 0.195876
17 23 0.103825
17 24 0.558824
17 25 0.493506
17 26 0.096203
17 27 0.256757
17 28 0.558824
17 29 0.152610
17 30 0.135714
17 31 0.099217
17 32 0.147860
17 33 0.212291
17 34 0.622951
17 35 0.234568
17 36 0.245161
17 37 0.139194
17 38 0.184466
17 39 0.237500
17 40 0.214689
17 41 0.202128
17 42 0.550725
17 43 0.208791
17 44 0.255034
17 45 0.130137
17 46 0.163090
17 47 0.113095
17 48 0.271429
17 49 0.200000
17 50 0.159664
17 51 0.119497
17 52 0.237500
17 53 0.240506
17 54 0.124183
17 55 0.120635
17 56 0.223529
17 57 0.147860
17 58 0.163793
17 59 0.132404
17 60 0.285714
17 61 0.168889
17 62 0.131488
17 63 0.098446
17 64 0.142857
17 65 0.159664
17 66 0.372549
17 67 0.175926
17 68 0.361905
17 69 0.150794
17 70 0.139706
17 71 0.161017
17 72 0.826087
17 73 0.227545
17 74 0.128378
17 75 0.260274
17 76 0.171171
17 77 0.345455
17 78 0.633333
17 79 0.193878
17 80 0.186275
17 81 0.152000
17 82 0.151394
17 83 0.129252
17 84 0.098701
17 85 0.168889
17 86 0.144487
17 87 0.149606
17 88 0.145594
17 89 0.168142
17 90 0.119874
17 91 0.188119
17 92 0.212291
17 93 0.520548
17 94 0.177570
17 95 0.287879
17 96 0.974359
17 97 0.119874
17 98 0.173516
17 99 0.176744
18 19 0.037594
18 20 0.010204
18 21 0.030488
18 22 0.014327
18 23 0.031847
18 24 0.017241
18 25 0.018939
18 26 0.026316
18 27 0.025773
18 28 0.021645
18 29 0.833333
18 30 0.016502
18 31 0.030864
18 32 0.024752
18 33 0.072464
18 34 0.026178
18 35 0.030864
18 36 0.012594
18 37 0.019531
18 38 0.017483
18 39 0.014620
18 40 0.012987
18 41 0.011933
18 42 0.027027
18 43 0.011905
18 44 0.012953
18 45 0.087719
18 46 0.046296
18 47 0.011601
18 48 0.022026
18 49 0.042735
18 50 0.010417
18 51 0.017794
18 52 0.020243
18 53 0.012594
18 54 0.013889
18 55 0.016949
18 56 0.056180
18 57 0.026316
18 58 0.119048
18 59 0.036232
18 60 0.014535
18 61 0.010707
18 62 0.014663
18 63 0.012225
18 64 0.011211
18 65 0.010616
18 66 0.023256
18 67 0.033113
18 68 0.018116
18 69 0.073529
18 70 0.040000
18 71 0.011876
18 72 0.019380
18 73 0.022523
18 74 0.045455
18 75 0.013089
18 76 0.172414
18 77 0.022936
18 78 0.026596
18 79 0.025126
18 80 0.012755
18 81 0.128205
18 82 0.012165
18 83 0.015773
18 84 0.010941
18 85 0.013228
18 86 0.016502
18 87 0.010482
18 88 0.025773
18 89 0.185185
18 90 0.016393
18 91 0.019084
18 92 0.013405
18 93 0.015873
18 94 0.019157
18 95 0.027027
18 96 0.020661
18 97 0.011876
18 98 0.113636
18 99 0.012723
19 20 0.047532
19 21 0.156627
19 22 0.073654
19 23 0.500000
19 24 0.068421
19 25 0.084142
19 26 0.342105
19 27 0.125604
19 28 0.092527
19 29 0.195489
19 30 0.105691
19 31 0.337662
19 32 0.187050
19 33 0.165605
19 34 0.100000
19 35 0.149425
19 36 0.056893
19 37 0.135417
19 38 0.097744
19 39 0.071823
19 40 0.062802
19 41 0.056034
19 42 0.092857
19 43 0.054968
19 44 0.059091
19 45 0.288889
19 46 0.107884
19 47 0.067183
19 48 0.075145
19 49 0.195489
19 50 0.048417
19 51 0.132653
19 52 0.070461
19 53 0.057395
19 54 0.084967
19 55 0.120370
19 56 0.124402
19 57 0.204724
19 58 0.149425
19 59 0.541667
19 60 0.068241
19 61 0.049336
19 62 0.089655
19 63 0.078550
19 64 0.057906
19 65 0.050485
19 66 0.104000
19 67 0.208000
19 68 0.084416
19 69 0.337662
19 70 0.472727
19 71 0.060465
19 72 0.082278
19 73 0.118721
19 74 0.962963
19 75 0.059908
19 76 0.200000
19 77 0.078550
19 78 0.099617
19 79 0.144444
19 80 0.063882
19 81 0.265306
19 82 0.064039
19 83 0.101167
19 84 0.065327
19 85 0.069149
19 86 0.101562
19 87 0.051081
19 88 0.203125
19 89 0.206349
19 90 0.113537
19 91 0.066838
19 92 0.065990
19 93 0.068063
19 94 0.066667
19 95 0.085526
19 96 0.085809
19 97 0.067885
19 98 0.216667
19 99 0.064677
20 21 0.023499
20 22 0.036735
20 23 0.015075
20 24 0.040359
20 25 0.037657
20 26 0.014469
20 27 0.026163
20 28 0.033582
20 29 0.018182
20 30 0.022059
20 31 0.014587
20 32 0.020225
20 33 0.021277
20 34 0.030000
20 35 0.024064
20 36 0.095745
20 37 0.020833
20 38 0.027273
20 39 0.042857
20 40 0.056604
20 41 0.096774
20 42 0.028662
20 43 0.120000
20 44 0.084112
20 45 0.016822
20 46 0.018947
20 47 0.024457
20 48 0.026239
20 49 0.021635
20 50 0.900000
20 51 0.019027
20 52 0.025788
20 53 0.094737
20 54 0.022785
20 55 0.019565
20 56 0.021583
20 57 0.019956
20 58 0.018789
20 59 0.017787
20 60 0.052023
20 61 0.375000
20 62 0.023196
20 63 0.019027
20 64 0.041860
20 65 0.142857
20 66 0.030201
20 67 0.021077
20 68 0.037037
20 69 0.018405
20 70 0.018219
20 71 0.045000
20 72 0.038298
20 73 0.026393
20 74 0.017110
20 75 0.078947
20 76 0.019313
20 77 0.027778
20 78 0.029801
20 79 0.023560
20 80 0.046875
20 81 0.018293
20 82 0.036585
20 83 0.021739
20 84 0.021277
20 85 0.036145
20 86 0.023377
20 87 0.085714
20 88 0.019824
20 89 0.019149
20 90 0.019780
20 91 0.023377
20 92 0.048387
20 93 0.051136
20 94 0.022556
20 95 0.025070
20 96 0.036000
20 97 0.025937
20 98 0.019523
20 99 0.042654
21 22 0.072539
21 23 0.064516
21 24 0.057851
21 25 0.095890
21 26 0.058333
21 27 0.341463
21 28 0.115702
21 29 0.082840
21 30 0.093333
21 31 0.058333
21 32 0.168675
21 33 0.127273
21 34 0.116667
21 35 0.933333
21 36 0.047458
21 37 0.119658
21 38 0.114754
21 39 0.070707
21 40 0.056452
21 41 0.046980
21 42 0.084848
21 43 0.045307
21 44 0.050542
21 45 0.076923
21 46 0.059829
21 47 0.052239
21 48 0.054475
21 49 0.285714
21 50 0.037433
21 51 0.089172
21 52 0.049645
21 53 0.048276
21 54 0.069307
21 55 0.086957
21 56 0.086420
21 57 0.170732
21 58 0.075676
21 59 0.113821
21 60 0.065116
21 61 0.038462
21 62 0.076923
21 63 0.053435
21 64 0.047945
21 65 0.040115
21 66 0.160920
21 67 0.318182
21 68 0.097902
21 69 0.112903
21 70 0.125000
21 71 0.052045
21 72 0.088050
21 73 0.233333
21 74 0.093960
21 75 0.051852
21 76 0.102190
21 77 0.060606
21 78 0.112903
21 79 0.358974
21 80 0.057143
21 81 0.098592
21 82 0.055556
21 83 0.084848
21 84 0.046980
21 85 0.063636
21 86 0.096552
21 87 0.040698
21 88 0.160920
21 89 0.101449
21 90 0.083333
21 91 0.044304
21 92 0.060870
21 93 0.061674
21 94 0.043478
21 95 0.063348
21 96 0.093960
21 97 0.054475
21 98 0.115702
21 99 0.058091
22 23 0.079404
22 24 0.133333
22 25 0.268908
22 26 0.075829
22 27 0.203822
22 28 0.223776
22 29 0.090395
22 30 0.195122
22 31 0.074592
22 32 0.142222
22 33 0.113074
22 34 0.165803
22 35 0.167539
22 36 0.172043
22 37 0.162437
22 38 0.340426
22 39 0.727273
22 40 0.367816
22 41 0.209150
22 42 0.130612
22 43 0.178771
22 44 0.198758
22 45 0.085561
22 46 0.082474
22 47 0.213333
22 48 0.096386
22 49 0.133333
22 50 0.135021
22 51 0.136752
22 52 0.090652
22 53 0.183908
22 54 0.209150
22 55 0.146789
22 56 0.102564
22 57 0.136752
22 58 0.089136
22 59 0.104575
22 60 0.347826
22 61 0.137339
22 62 0.222222
22 63 0.137339
22 64 0.323232
22 65 0.166667
22 66 0.228571
22 67 0.139738
22 68 0.347826
22 69 0.100946
22 70 0.107023
22 71 0.410256
22 72 0.214765
22 73 0.237037
22 74 0.094395
22 75 0.209150
22 76 0.099688
22 77 0.105960
22 78 0.160804
22 79 0.184971
22 80 0.533333
22 81 0.096096
22 82 0.500000
22 83 0.188235
22 84 0.156863
22 85 0.969697
22 86 0.225352
22 87 0.187135
22 88 0.135593
22 89 0.099071
22 90 0.150943
22 91 0.081013
22 92 0.533333
22 93 0.183908
22 94 0.078624
22 95 0.100946
22 96 0.201258
22 97 0.248062
22 98 0.104235
22 99 0.640000
23 24 0.066038
23 25 0.078212
23 26 0.823529
23 27 0.108949
23 28 0.084848
23 29 0.180645
23 30 0.095890
23 31 0.965517
23 32 0.149733
23 33 0.142857
23 34 0.091503
23 35 0.124444
23 36 0.055336
23 37 0.117647
23 38 0.088608
23 39 0.067797
23 40 0.060215
23 41 0.054475
23 42 0.086957
23 43 0.053537
23 44 0.057143
23 45 0.274510
23 46 0.108108
23 47 0.064665
23 48 0.073684
23 49 0.154696
23 50 0.047700
23 51 0.118644
23 52 0.069825
23 53 0.055666
23 54 0.079772
23 55 0.108949
23 56 0.116183
23 57 0.160000
23 58 0.142857
23 59 0.285714
23 60 0.064815
23 61 0.048611
23 62 0.083333
23 63 0.075881
23 64 0.056000
23 65 0.049558
23 66 0.093333
23 67 0.159091
23 68 0.077994
23 69 0.241379
23 70 0.264151
23 71 0.058212
23 72 0.076923
23 73 0.103704
23 74 0.394366
23 75 0.057851
23 76 0.172840
23 77 0.076294
23 78 0.091503
23 79 0.121212
23 80 0.061135
23 81 0.218750
23 82 0.061404
23 83 0.093023
23 84 0.063636
23 85 0.065728
23 86 0.092409
23 87 0.050000
23 88 0.159091
23 89 0.178344
23 90 0.103704
23 91 0.066986
23 92 0.062921
23 93 0.065116
23 94 0.067146
23 95 0.082840
23 96 0.079772
23 97 0.065116
23 98 0.180645
23 99 0.061810
24 25 0.548872
24 26 0.160793
24 27 0.339535
24 28 0.548872
24 29 0.248299
24 30 0.211594
24 31 0.166667
24 32 0.225309
24 33 0.317391
24 34 0.588710
24 35 0.318777
24 36 0.521429
24 37 0.214706
24 38 0.272388
24 39 0.363184
24 40 0.363184
24 41 0.388298
24 42 0.695238
24 43 0.424419
24 44 0.503448
24 45 0.213450
24 46 0.286275
24 47 0.187661
24 48 0.593496
24 49 0.288538
24 50 0.339535
24 51 0.189610
24 52 0.544776
24 53 0.493243
24 54 0.198910
24 55 0.191601
24 56 0.354369
24 57 0.226006
24 58 0.270370
24 59 0.209169
24 60 0.453416
24 61 0.365000
24 62 0.208571
24 63 0.162946
24 64 0.246622
24 65 0.316017
24 66 0.434524
24 67 0.258865
24 68 0.456250
24 69 0.236246
24 70 0.218563
24 71 0.274436
24 72 0.715686
24 73 0.311966
24 74 0.205634
24 75 0.500000
24 76 0.269373
24 77 0.722772
24 78 0.598361
24 79 0.277567
24 80 0.309322
24 81 0.241722
24 82 0.250859
24 83 0.203911
24 84 0.165909
24 85 0.271375
24 86 0.223242
24 87 0.284047
24 88 0.222561
24 89 0.264493
24 90 0.190601
24 91 0.419540
24 92 0.345972
24 93 0.986486
24 94 0.388298
24 95 0.536765
24 96 0.715686
24 97 0.198370
24 98 0.269373
24 99 0.290837
25 26 0.072917
25 27 0.261682
25 28 0.848485
25 29 0.103704
25 30 0.130233
25 31 0.073684
25 32 0.130233
25 33 0.143590
25 34 0.341463
25 35 0.205882
25 36 0.186667
25 37 0.128440
25 38 0.205882
25 39 0.311111
25 40 0.227642
25 41 0.177215
25 42 0.217054
25 43 0.169697
25 44 0.212121
25 45 0.092715
25 46 0.099291
25 47 0.107692
25 48 0.130841
25 49 0.157303
25 50 0.122271
25 51 0.106464
25 52 0.119149
25 53 0.193103
25 54 0.119658
25 55 0.109375
25 56 0.133971
25 57 0.127854
25 58 0.106061
25 59 0.104478
25 60 0.350000
25 61 0.127854
25 62 0.128440
25 63 0.088889
25 64 0.140000
25 65 0.133333
25 66 0.466667
25 67 0.148148
25 68 0.965517
25 69 0.110672
25 70 0.109375
25 71 0.164706
25 72 0.848485
25 73 0.247788
25 74 0.097222
25 75 0.222222
25 76 0.117647
25 77 0.152174
25 78 0.318182
25 79 0.185430
25 80 0.201439
25 81 0.108108
25 82 0.157303
25 83 0.123348
25 84 0.090615
25 85 0.186667
25 86 0.142857
25 87 0.131455
25 88 0.125561
25 89 0.115702
25 90 0.109375
25 91 0.100719
25 92 0.241379
25 93 0.318182
25 94 0.096886
25 95 0.140000
25 96 0.682927
25 97 0.116667
25 98 0.122271
25 99 0.191781
26 27 0.145907
26 28 0.115169
26 29 0.218085
26 30 0.136213
26 31 0.976190
26 32 0.203980
26 33 0.179825
26 34 0.122388
26 35 0.164659
26 36 0.077068
26 37 0.165992
26 38 0.123494
26 39 0.094470
26 40 0.084189
26 41 0.076208
26 42 0.116147
26 43 0.074818
26 44 0.079612
26 45 0.303704
26 46 0.140411
26 47 0.092971
26 48 0.099274
26 49 0.197115
26 50 0.066993
26 51 0.171548
26 52 0.094470
26 53 0.077505
26 54 0.114525
26 55 0.157692
26 56 0.150183
26 57 0.215789
26 58 0.179039
26 59 0.347458
26 60 0.090110
26 61 0.068106
26 62 0.118841
26 63 0.111111
26 64 0.079304
26 65 0.069610
26 66 0.126154
26 67 0.207071
26 68 0.107330
26 69 0.278912
26 70 0.317829
26 71 0.082164
26 72 0.104859
26 73 0.140893
26 74 0.414141
26 75 0.080550
26 76 0.211340
26 77 0.102500
26 78 0.122024
26 79 0.164000
26 80 0.085774
26 81 0.254658
26 82 0.086864
26 83 0.132686
26 84 0.092342
26 85 0.092551
26 86 0.130573
26 87 0.070447
26 88 0.216931
26 89 0.215789
26 90 0.150183
26 91 0.090909
26 92 0.087983
26 93 0.089520
26 94 0.091111
26 95 0.110811
26 96 0.108179
26 97 0.093182
26 98 0.218085
26 99 0.087049
27 28 0.372093
27 29 0.160804
27 30 0.217687
27 31 0.113879
27 32 0.288288
27 33 0.242424
27 34 0.326531
27 35 0.914286
27 36 0.125000
27 37 0.250000
27 38 0.326531
27 39 0.202532
27 40 0.153846
27 41 0.124031
27 42 0.211921
27 43 0.118959
27 44 0.135021
27 45 0.147465
27 46 0.128514
27 47 0.129032
27 48 0.129555
27 49 0.380952
27 50 0.095808
27 51 0.186047
27 52 0.117647
27 53 0.127490
27 54 0.168421
27 55 0.187135
27 56 0.183908
27 57 0.283186
27 58 0.153110
27 59 0.196319
27 60 0.182857
27 61 0.098765
27 62 0.187135
27 63 0.123077
27 64 0.125490
27 65 0.103560
27 66 0.640000
27 67 0.380952
27 68 0.313725
27 69 0.197531
27 70 0.209150
27 71 0.137931
27 72 0.258065
27 73 0.969697
27 74 0.169312
27 75 0.138528
27 76 0.192771
27 77 0.146119
27 78 0.307692
27 79 0.653061
27 80 0.155340
27 81 0.181818
27 82 0.146789
27 83 0.197531
27 84 0.113074
27 85 0.172043
27 86 0.235294
27 87 0.105263
27 88 0.273504
27 89 0.190476
27 90 0.182857
27 91 0.103560
27 92 0.168421
27 93 0.167539
27 94 0.100946
27 95 0.148148
27 96 0.275862
27 97 0.136752
27 98 0.210526
27 99 0.156863
28 29 0.130802
28 30 0.146226
28 31 0.088571
28 32 0.157360
28 33 0.190184
28 34 0.607843
28 35 0.281818
28 36 0.175141
28 37 0.149758
28 38 0.223022
28 39 0.258333
28 40 0.200000
28 41 0.163158
28 42 0.298077
28 43 0.159794
28 44 0.192547
28 45 0.114815
28 46 0.123506
28 47 0.112727
28 48 0.158974
28 49 0.208054
28 50 0.120155
28 51 0.123016
28 52 0.142202
28 53 0.178161
28 54 0.129167
28 55 0.125000
28 56 0.175141
28 57 0.155779
28 58 0.134199
28 59 0.128631
28 60 0.274336
28 61 0.125506
28 62 0.139640
28 63 0.097179
28 64 0.135371
28 65 0.128099
28 66 0.837838
28 67 0.187879
28 68 0.596154
28 69 0.139640
28 70 0.135371
28 71 0.154229
28 72 0.815789
28 73 0.306931
28 74 0.119691
28 75 0.198718
28 76 0.151220
28 77 0.187879
28 78 0.534483
28 79 0.233083
28 80 0.182353
28 81 0.136564
28 82 0.151220
28 83 0.137168
28 84 0.096273
28 85 0.177143
28 86 0.158163
28 87 0.126016
28 88 0.152709
28 89 0.148325
28 90 0.124000
28 91 0.119231
28 92 0.210884
28 93 0.292453
28 94 0.114815
28 95 0.176136
28 96 0.968750
28 97 0.120623
28 98 0.157360
28 99 0.177143
29 30 0.100977
29 31 0.194969
29 32 0.151220
29 33 0.413333
29 34 0.158163
29 35 0.185629
29 36 0.077114
29 37 0.119231
29 38 0.106897
29 39 0.089337
29 40 0.079487
29 41 0.072941
29 42 0.163158
29 43 0.072941
29 44 0.079284
29 45 0.574074
29 46 0.287037
29 47 0.071101
29 48 0.134783
29 49 0.254098
29 50 0.063918
29 51 0.109155
29 52 0.124000
29 53 0.077114
29 54 0.085165
29 55 0.104027
29 56 0.333333
29 57 0.160622
29 58 0.738095
29 59 0.221429
29 60 0.088825
29 61 0.065539
29 62 0.089855
29 63 0.075243
29 64 0.068736
29 65 0.064990
29 66 0.140909
29 67 0.200000
29 68 0.110320
29 69 0.442857
29 70 0.244094
29 71 0.072770
29 72 0.117871
29 73 0.136564
29 74 0.281818
29 75 0.080103
29 76 0.911765
29 77 0.139640
29 78 0.159794
29 79 0.151961
29 80 0.077889
29 81 0.775000
29 82 0.074519
29 83 0.096573
29 84 0.067245
29 85 0.080729
29 86 0.100649
29 87 0.064315
29 88 0.157360
29 89 0.968750
29 90 0.100324
29 91 0.117424
29 92 0.082011
29 93 0.096875
29 94 0.117871
29 95 0.164021
29 96 0.125000
29 97 0.072941
29 98 0.632653
29 99 0.077889
30 31 0.043750
30 32 0.127273
30 33 0.054264
30 34 0.058091
30 35 0.087500
30 36 0.041298
30 37 0.254545
30 38 0.170732
30 39 0.070352
30 40 0.056000
30 41 0.044444
30 42 0.047138
30 43 0.041420
30 44 0.044586
30 45 0.046205
30 46 0.036554
30 47 0.098592
30 48 0.035623
30 49 0.073684
30 50 0.035088
30 51 0.189189
30 52 0.033493
30 53 0.042553
30 54 0.229508
30 55 0.254545
30 56 0.045016
30 57 0.113821
30 58 0.042296
30 59 0.069307
30 60 0.057851
30 61 0.035533
30 62 0.311111
30 63 0.122807
30 64 0.058577
30 65 0.039326
30 66 0.077348
30 67 0.091503
30 68 0.072917
30 69 0.056680
30 70 0.068966
30 71 0.060606
30 72 0.057377
30 73 0.118644
30 74 0.057377
30 75 0.045752
30 76 0.050360
30 77 0.038356
30 78 0.056452
30 79 0.125000
30 80 0.063063
30 81 0.051282
30 82 0.072917
30 83 0.933333
30 84 0.090323
30 85 0.081871
30 86 0.608696
30 87 0.042042
30 88 0.115702
30 89 0.050360
30 90 0.291667
30 91 0.030702
30 92 0.062780
30 93 0.046667
30 94 0.030172
30 95 0.038674
30 96 0.057613
30 97 0.100000
30 98 0.053846
30 99 0.067308
31 32 0.423256
31 33 0.435407
31 34 0.280864
31 35 0.368421
31 36 0.173004
31 37 0.342105
31 38 0.265306
31 39 0.208238
31 40 0.186475
31 41 0.169776
31 42 0.271642
31 43 0.167279
31 44 0.178431
31 45 0.866667
31 46 0.351351
31 47 0.197397
31 48 0.234536
31 49 0.450495
31 50 0.149918
31 51 0.344697
31 52 0.223039
31 53 0.173996
31 54 0.240106
31 55 0.319298
31 56 0.366935
31 57 0.448276
31 58 0.459596
31 59 0.733871
31 60 0.200441
31 61 0.152685
31 62 0.250000
31 63 0.229798
31 64 0.173004
31 65 0.154762
31 66 0.283489
31 67 0.452736
31 68 0.238845
31 69 0.694656
31 70 0.700000
31 71 0.179842
31 72 0.236979
31 73 0.308475
31 74 0.989130
31 75 0.180198
31 76 0.532164
31 77 0.241379
31 78 0.281734
31 79 0.355469
31 80 0.188406
31 81 0.659420
31 82 0.188797
31 83 0.276596
31 84 0.194444
31 85 0.201327
31 86 0.274924
31 87 0.155822
31 88 0.448276
31 89 0.544910
31 90 0.305369
31 91 0.215640
31 92 0.194030
31 93 0.202673
31 94 0.216667
31 95 0.263006
31 96 0.245946
31 97 0.198690
31 98 0.541667
31 99 0.190377
32 33 0.064706
32 34 0.054455
32 35 0.112245
32 36 0.030387
32 37 0.192982
32 38 0.082707
32 39 0.045267
32 40 0.037037
32 41 0.030986
32 42 0.044534
32 43 0.029650
32 44 0.032258
32 45 0.056410
32 46 0.037543
32 47 0.044177
32 48 0.032641
32 49 0.108911
32 50 0.025287
32 51 0.134146
32 52 0.030387
32 53 0.030986
32 54 0.064706
32 55 0.117021
32 56 0.048035
32 57 0.785714
32 58 0.047009
32 59 0.118280
32 60 0.040293
32 61 0.025761
32 62 0.071895
32 63 0.052885
32 64 0.034700
32 65 0.027295
32 66 0.068323
32 67 0.189655
32 68 0.053922
32 69 0.078571
32 70 0.117021
32 71 0.036545
32 72 0.047009
32 73 0.105769
32 74 0.081481
32 75 0.032934
32 76 0.061453
32 77 0.035144
32 78 0.053398
32 79 0.169231
32 80 0.038869
32 81 0.065476
32 82 0.040441
32 83 0.090164
32 84 0.041667
32 85 0.045082
32 86 0.094017
32 87 0.028133
32 88 0.916667
32 89 0.061798
32 90 0.105769
32 91 0.027848
32 92 0.040146
32 93 0.036545
32 94 0.027500
32 95 0.036667
32 96 0.048458
32 97 0.044898
32 98 0.068323
32 99 0.040146
33 34 0.333333
33 35 0.398058
33 36 0.124242
33 37 0.188073
33 38 0.179825
33 39 0.149635
33 40 0.129747
33 41 0.116809
33 42 0.322835
33 43 0.116477
33 44 0.128931
33 45 0.359649
33 46 0.328000
33 47 0.108753
33 48 0.214660
33 49 0.577465
33 50 0.099274
33 51 0.163347
33 52 0.191589
33 53 0.124620
33 54 0.131833
33 55 0.157088
33 56 0.683333
33 57 0.254658
33 58 0.532468
33 59 0.292857
33 60 0.149091
33 61 0.102500
33 62 0.140411
33 63 0.111111
33 64 0.107895
33 65 0.101737
33 66 0.278912
33 67 0.362832
33 68 0.197115
33 69 0.500000
33 70 0.330645
33 71 0.116147
33 72 0.216931
33 73 0.253086
33 74 0.312977
33 75 0.130573
33 76 0.931818
33 77 0.235632
33 78 0.338843
33 79 0.277027
33 80 0.126154
33 81 0.569444
33 82 0.118497
33 83 0.150183
33 84 0.100490
33 85 0.130573
33 86 0.160784
33 87 0.100490
33 88 0.246988
33 89 0.854167
33 90 0.151852
33 91 0.171548
33 92 0.134868
33 93 0.165323
33 94 0.170124
33 95 0.275168
33 96 0.235632
33 97 0.112637
33 98 0.976190
33 99 0.125767
34 35 0.066038
34 36 0.033816
34 37 0.031111
34 38 0.039548
34 39 0.041176
34 40 0.034483
34 41 0.030435
34 42 0.120690
34 43 0.030568
34 44 0.035714
34 45 0.029661
34 46 0.034826
34 47 0.021875
34 48 0.045455
34 49 0.053846
34 50 0.024138
34 51 0.026022
34 52 0.039326
34 53 0.033816
34 54 0.025271
34 55 0.026022
34 56 0.054688
34 57 0.034826
34 58 0.037634
34 59 0.030973
34 60 0.044025
34 61 0.025180
34 62 0.027132
34 63 0.019886
34 64 0.025000
34 65 0.024911
34 66 0.111111
34 67 0.044304
34 68 0.067961
34 69 0.036269
34 70 0.033019
34 71 0.027888
34 72 0.102941
34 73 0.056452
34 74 0.029661
34 75 0.036649
34 76 0.041916
34 77 0.056000
34 78 0.875000
34 79 0.048276
34 80 0.031818
34 81 0.036269
34 82 0.027451
34 83 0.027344
34 84 0.019231
34 85 0.031111
34 86 0.030837
34 87 0.024138
34 88 0.033981
34 89 0.040936
34 90 0.025641
34 91 0.032110
34 92 0.035533
34 93 0.055556
34 94 0.030837
34 95 0.054264
34 96 0.134615
34 97 0.023102
34 98 0.043210
34 99 0.030973
35 36 0.168421
35 37 0.369231
35 38 0.384000
35 39 0.250000
35 40 0.198347
35 41 0.165517
35 42 0.317881
35 43 0.160535
35 44 0.179775
35 45 0.262295
35 46 0.213333
35 47 0.175182
35 48 0.197531
35 49 0.979592
35 50 0.131868
35 51 0.282353
35 52 0.179104
35 53 0.171429
35 54 0.228571
35 55 0.275862
35 56 0.315789
35 57 0.500000
35 58 0.268156
35 59 0.360902
35 60 0.231884
35 61 0.135593
35 62 0.252632
35 63 0.175824
35 64 0.165517
35 65 0.140762
35 66 0.631579
35 67 0.857143
35 68 0.358209
35 69 0.377953
35 70 0.396694
35 71 0.180451
35 72 0.326531
35 73 0.786885
35 74 0.309677
35 75 0.183908
35 76 0.358209
35 77 0.221198
35 78 0.436364
35 79 0.979592
35 80 0.200000
35 81 0.338028
35 82 0.191235
35 83 0.274286
35 84 0.156863
35 85 0.219178
35 86 0.311688
35 87 0.142433
35 88 0.475248
35 89 0.352941
35 90 0.266667
35 91 0.158416
35 92 0.214286
35 93 0.224299
35 94 0.155340
35 95 0.230769
35 96 0.350365
35 97 0.183206
35 98 0.403361
35 99 0.201681
36 37 0.036517
36 38 0.050388
36 39 0.090278
36 40 0.121495
36 41 0.224138
36 42 0.058296
36 43 0.393939
36 44 0.500000
36 45 0.029412
36 46 0.033766
36 47 0.039634
36 48 0.049618
36 49 0.040000
36 50 0.154762
36 51 0.032581
36 52 0.047794
36 53 0.928571
36 54 0.038576
36 55 0.033505
36 56 0.040123
36 57 0.035519
36 58 0.033592
36 59 0.031175
36 60 0.132653
36 61 0.183099
36 62 0.039755
36 63 0.031026
36 64 0.066667
36 65 0.141304
36 66 0.062201
36 67 0.038348
36 68 0.082278
36 69 0.032828
36 70 0.032099
36 71 0.076471
36 72 0.090909
36 73 0.050388
36 74 0.029885
36 75 0.382353
36 76 0.034853
36 77 0.054167
36 78 0.062201
36 79 0.043624
36 80 0.087838
36 81 0.032581
36 82 0.062201
36 83 0.037356
36 84 0.033854
36 85 0.064677
36 86 0.041009
36 87 0.105691
36 88 0.035135
36 89 0.034483
36 90 0.033766
36 91 0.041801
36 92 0.099237
36 93 0.156627
36 94 0.040000
36 95 0.047794
36 96 0.082803
36 97 0.042484
36 98 0.035326
36 99 0.077381
37 38 0.423077
37 39 0.196429
37 40 0.158845
37 41 0.129412
37 42 0.158845
37 43 0.122222
37 44 0.132132
37 45 0.175299
37 46 0.128280
37 47 0.224490
37 48 0.118598
37 49 0.297297
37 50 0.104019
37 51 0.956522
37 52 0.111111
37 53 0.126801
37 54 0.382609
37 55 0.977778
37 56 0.160000
37 57 0.628571
37 58 0.153310
37 59 0.297297
37 60 0.168582
37 61 0.105516
37 62 0.444444
37 63 0.287582
37 64 0.156028
37 65 0.114286
37 66 0.255814
37 67 0.407407
37 68 0.220000
37 69 0.224490
37 70 0.293333
37 71 0.162963
37 72 0.181070
37 73 0.411215
37 74 0.231579
37 75 0.135385
37 76 0.189655
37 77 0.127536
37 78 0.190476
37 79 0.536585
37 80 0.171875
37 81 0.196429
37 82 0.187234
37 83 0.666667
37 84 0.211538
37 85 0.209524
37 86 0.647059
37 87 0.119891
37 88 0.656716
37 89 0.189655
37 90 0.846154
37 91 0.101852
37 92 0.174603
37 93 0.144262
37 94 0.100457
37 95 0.130564
37 96 0.184100
37 97 0.226804
37 98 0.205607
37 99 0.180328
38 39 0.491803
38 40 0.344828
38 41 0.252101
38 42 0.256410
38 43 0.231660
38 44 0.256410
38 45 0.200000
38 46 0.173410
38 47 0.397351
38 48 0.181818
38 49 0.352941
38 50 0.186335
38 51 0.419580
38 52 0.169972
38 53 0.240964
38 54 0.594059
38 55 0.461538
38 56 0.221402
38 57 0.419580
38 58 0.197368
38 59 0.273973
38 60 0.370370
38 61 0.189873
38 62 0.714286
38 63 0.333333
38 64 0.324324
38 65 0.212766
38 66 0.526316
38 67 0.405405
38 68 0.535714
38 69 0.247934
38 70 0.280374
38 71 0.355030
38 72 0.359281
38 73 0.909091
38 74 0.235294
38 75 0.265487
38 76 0.232558
38 77 0.200000
38 78 0.326087
38 79 0.659341
38 80 0.392157
38 81 0.228137
38 82 0.425532
38 83 0.652174
38 84 0.317460
38 85 0.540541
38 86 0.983607
38 87 0.227273
38 88 0.416667
38 89 0.231660
38 90 0.472441
38 91 0.152284
38 92 0.402685
38 93 0.273973
38 94 0.148883
38 95 0.197368
38 96 0.357143
38 97 0.437956
38 98 0.247934
38 99 0.419580
39 40 0.574074
39 41 0.264957
39 42 0.142202
39 43 0.221429
39 44 0.260504
39 45 0.083110
39 46 0.083784
39 47 0.160622
39 48 0.103679
39 49 0.128631
39 50 0.154229
39 51 0.117424
39 52 0.097179
39 53 0.233083
39 54 0.159794
39 55 0.123506
39 56 0.104730
39 57 0.123506
39 58 0.089337
39 59 0.097792
39 60 0.632653
39 61 0.158163
39 62 0.168478
39 63 0.112319
39 64 0.281818
39 65 0.191358
39 66 0.242188
39 67 0.130252
39 68 0.449275
39 69 0.097484
39 70 0.100649
39 71 0.378049
39 72 0.267241
39 73 0.215278
39 74 0.089595
39 75 0.279279
39 76 0.098413
39 77 0.114815
39 78 0.176136
39 79 0.167568
39 80 0.607843
39 81 0.093656
39 82 0.336957
39 83 0.150485
39 84 0.125506
39 85 0.455882
39 86 0.175141
39 87 0.209459
39 88 0.122047
39 89 0.097484
39 90 0.126016
39 91 0.085635
39 92 0.968750
39 93 0.234848
39 94 0.082888
39 95 0.107639
39 96 0.240310
39 97 0.180233
39 98 0.102310
39 99 0.543860
40 41 0.402985
40 42 0.111111
40 43 0.287234
40 44 0.329268
40 45 0.064286
40 46 0.067164
40 47 0.121622
40 48 0.086262
40 49 0.093426
40 50 0.180000
40 51 0.085174
40 52 0.082067
40 53 0.287234
40 54 0.113445
40 55 0.089404
40 56 0.081818
40 57 0.088525
40 58 0.069948
40 59 0.073171
40 60 0.586957
40 61 0.183673
40 62 0.117391
40 63 0.084906
40 64 0.278351
40 65 0.250000
40 66 0.156977
40 67 0.093426
40 68 0.245455
40 69 0.073569
40 70 0.075000
40 71 0.397059
40 72 0.192857
40 73 0.137056
40 74 0.068182
40 75 0.360000
40 76 0.075419
40 77 0.094737
40 78 0.129808
40 79 0.113445
40 80 0.642857
40 81 0.071618
40 82 0.262136
40 83 0.105469
40 84 0.097122
40 85 0.281250
40 86 0.118421
40 87 0.281250
40 88 0.087948
40 89 0.074792
40 90 0.090909
40 91 0.072581
40 92 0.964286
40 93 0.210938
40 94 0.070312
40 95 0.087379
40 96 0.174194
40 97 0.135000
40 98 0.077586
40 99 0.442623
41 42 0.116732
41 43 0.967742
41 44 0.681818
41 45 0.065217
41 46 0.071429
41 47 0.105263
41 48 0.097087
41 49 0.089552
41 50 0.357143
41 51 0.078740
41 52 0.093458
41 53 0.666667
41 54 0.098361
41 55 0.081744
41 56 0.084746
41 57 0.082873
41 58 0.072464
41 59 0.071259
41 60 0.357143
41 61 0.370370
41 62 0.101351
41 63 0.078125
41 64 0.212766
41 65 0.566038
41 66 0.139535
41 67 0.087977
41 68 0.192308
41 69 0.073171
41 70 0.073171
41 71 0.252101
41 72 0.185185
41 73 0.118577
41 74 0.067568
41 75 0.681818
41 76 0.076142
41 77 0.105263
41 78 0.128755
41 79 0.102041
41 80 0.288462
41 81 0.072115
41 82 0.185185
41 83 0.093168
41 84 0.088235
41 85 0.186335
41 86 0.102389
41 87 0.434783
41 88 0.082192
41 89 0.075377
41 90 0.082873
41 91 0.082873
41 92 0.319149
41 93 0.247934
41 94 0.079787
41 95 0.095541
41 96 0.168539
41 97 0.114068
41 98 0.077720
41 99 0.241935
42 43 0.200000
42 44 0.230415
42 45 0.210970
42 46 0.304878
42 47 0.132626
42 48 0.515464
42 49 0.310559
42 50 0.163934
42 51 0.156740
42 52 0.413223
42 53 0.221239
42 54 0.149701
42 55 0.155763
42 56 0.480769
42 57 0.205761
42 58 0.299401
42 59 0.196850
42 60 0.252525
42 61 0.171821
42 62 0.158730
42 63 0.122549
42 64 0.152905
42 65 0.162866
42 66 0.413223
42 67 0.253807
42 68 0.324675
42 69 0.241546
42 70 0.210084
42 71 0.168350
42 72 0.480769
42 73 0.279330
42 74 0.196078
42 75 0.232558
42 76 0.299401
42 77 0.724638
42 78 0.980392
42 79 0.256410
42 80 0.187970
42 81 0.252525
42 82 0.163399
42 83 0.160772
42 84 0.118765
42 85 0.180505
42 86 0.176056
42 87 0.155280
42 88 0.200803
42 89 0.292398
42 90 0.153374
42 91 0.310559
42 92 0.207469
42 93 0.357143
42 94 0.294118
42 95 0.684932
42 96 0.555556
42 97 0.139276
42 98 0.297619
42 99 0.182482
43 44 0.705882
43 45 0.051836
43 46 0.058111
43 47 0.076433
43 48 0.081633
43 49 0.070175
43 50 0.369231
43 51 0.059701
43 52 0.078947
43 53 0.960000
43 54 0.072508
43 55 0.061697
43 56 0.068571
43 57 0.063830
43 58 0.058252
43 59 0.055684
43 60 0.242424
43 61 0.413793
43 62 0.074534
43 63 0.058394
43 64 0.139535
43 65 0.400000
43 66 0.107143
43 67 0.068182
43 68 0.142857
43 69 0.057692
43 70 0.057143
43 71 0.160000
43 72 0.147239
43 73 0.089888
43 74 0.053097
43 75 0.615385
43 76 0.060759
43 77 0.088561
43 78 0.103448
43 79 0.077922
43 80 0.180451
43 81 0.057143
43 82 0.125000
43 83 0.069364
43 84 0.064865
43 85 0.126984
43 86 0.075949
43 87 0.263736
43 88 0.063158
43 89 0.060150
43 90 0.062338
43 91 0.069971
43 92 0.198347
43 93 0.216216
43 94 0.067227
43 95 0.079208
43 96 0.134831
43 97 0.082192
43 98 0.061697
43 99 0.156863
44 45 0.018648
44 46 0.020997
44 47 0.026403
44 48 0.030075
44 49 0.025890
44 50 0.081633
44 51 0.021333
44 52 0.028777
44 53 0.533333
44 54 0.025641
44 55 0.021978
44 56 0.025237
44 57 0.023121
44 58 0.021164
44 59 0.020050
44 60 0.109589
44 61 0.090909
44 62 0.026490
44 63 0.020356
44 64 0.046243
44 65 0.088889
44 66 0.041885
44 67 0.025000
44 68 0.058394
44 69 0.020942
44 70 0.020672
44 71 0.054422
44 72 0.062016
44 73 0.033755
44 74 0.019093
44 75 0.888889
44 76 0.022099
44 77 0.033058
44 78 0.040201
44 79 0.028881
44 80 0.064516
44 81 0.020725
44 82 0.043243
44 83 0.024768
44 84 0.022284
44 85 0.045455
44 86 0.027304
44 87 0.070796
44 88 0.022923
44 89 0.021858
44 90 0.022161
44 91 0.025157
44 92 0.075472
44 93 0.101266
44 94 0.024096
44 95 0.029412
44 96 0.055556
44 97 0.028470
44 98 0.022535
44 99 0.055944
45 46 0.272152
45 47 0.098174
45 48 0.151408
45 49 0.320896
45 50 0.081905
45 51 0.161049
45 52 0.141447
45 53 0.097506
45 54 0.118785
45 55 0.151408
45 56 0.296552
45 57 0.236264
45 58 0.452632
45 59 0.383929
45 60 0.112861
45 61 0.083821
45 62 0.125000
45 63 0.107500
45 64 0.091102
45 65 0.083984
45 66 0.173387
45 67 0.277419
45 68 0.138710
45 69 0.728814
45 70 0.413462
45 71 0.095768
45 72 0.143333
45 73 0.178423
45 74 0.597222
45 75 0.101415
45 76 0.605634
45 77 0.156934
45 78 0.183761
45 79 0.204762
45 80 0.101896
45 81 0.977273
45 82 0.099307
45 83 0.136508
45 84 0.093886
45 85 0.107232
45 86 0.140065
45 87 0.083658
45 88 0.232432
45 89 0.641791
45 90 0.145270
45 91 0.135220
45 92 0.106173
45 93 0.119114
45 94 0.136076
45 95 0.177686
45 96 0.150350
45 97 0.099768
45 98 0.581081
45 99 0.102381
46 47 0.132797
46 48 0.425806
46 49 0.338462
46 50 0.141935
46 51 0.176471
46 52 0.392857
46 53 0.169666
46 54 0.151724
46 55 0.171429
46 56 0.857143
46 57 0.233216
46 58 0.985075
46 59 0.271605
46 60 0.184874
46 61 0.146341
46 62 0.159036
46 63 0.133603
46 64 0.137787
46 65 0.140426
46 66 0.265060
46 67 0.278481
46 68 0.218543
46 69 0.381503
46 70 0.288210
46 71 0.146341
46 72 0.250951
46 73 0.234875
46 74 0.304147
46 75 0.174603
46 76 0.554622
46 77 0.412500
46 78 0.338462
46 79 0.242647
46 80 0.157143
46 81 0.455172
46 82 0.146341
46 83 0.165829
46 84 0.124528
46 85 0.157143
46 86 0.174603
46 87 0.136082
46 88 0.229167
46 89 0.545455
46 90 0.167513
46 91 0.388235
46 92 0.166247
46 93 0.217822
46 94 0.400000
46 95 0.540984
46 96 0.266129
46 97 0.136646
46 98 0.485294
46 99 0.155294
47 48 0.046809
47 49 0.069841
47 50 0.060773
47 51 0.106796
47 52 0.044625
47 53 0.069620
47 54 0.265060
47 55 0.119565
47 56 0.052257
47 57 0.083969
47 58 0.048565
47 59 0.064327
47 60 0.091286
47 61 0.060606
47 62 0.224490
47 63 0.183333
47 64 0.139241
47 65 0.071429
47 66 0.085271
47 67 0.077193
47 68 0.094828
47 69 0.057743
47 70 0.064327
47 71 0.130178
47 72 0.075342
47 73 0.101852
47 74 0.057441
47 75 0.074324
47 76 0.054455
47 77 0.050000
47 78 0.067278
47 79 0.094421
47 80 0.120879
47 81 0.054321
47 82 0.178862
47 83 0.165414
47 84 0.392857
47 85 0.171875
47 86 0.165414
47 87 0.080882
47 88 0.084615
47 89 0.054321
47 90 0.127907
47 91 0.041199
47 92 0.111111
47 93 0.067901
47 94 0.040367
47 95 0.048998
47 96 0.073579
47 97 0.956522
47 98 0.056848
47 99 0.135802
48 49 0.102459
48 50 0.074627
48 51 0.060533
48 52 0.961538
48 53 0.092593
48 54 0.058140
48 55 0.060096
48 56 0.178571
48 57 0.075301
48 58 0.128866
48 59 0.075988
48 60 0.092937
48 61 0.078125
48 62 0.060827
48 63 0.049505
48 64 0.061881
48 65 0.070822
48 66 0.115741
48 67 0.088028
48 68 0.103306
48 69 0.092593
48 70 0.079872
48 71 0.066845
48 72 0.135870
48 73 0.090580
48 74 0.078125
48 75 0.093985
48 76 0.114155
48 77 0.806452
48 78 0.170068
48 79 0.086505
48 80 0.073099
48 81 0.098814
48 82 0.064103
48 83 0.061425
48 84 0.048450
48 85 0.068871
48 86 0.065789
48 87 0.066138
48 88 0.073964
48 89 0.112108
48 90 0.059382
48 91 0.384615
48 92 0.078864
48 93 0.131579
48 94 0.333333
48 95 0.581395
48 96 0.143678
48 97 0.055432
48 98 0.110132
48 99 0.070621
49 50 0.105911
49 51 0.237569
49 52 0.160448
49 53 0.133540
49 54 0.175510
49 55 0.225131
49 56 0.333333
49 57 0.467391
49 58 0.304965
49 59 0.443299
49 60 0.169960
49 61 0.108861
49 62 0.190265
49 63 0.143333
49 64 0.127219
49 65 0.111399
49 66 0.358333
49 67 0.977273
49 68 0.237569
49 69 0.551282
49 70 0.524390
49 71 0.136508
49 72 0.233696
49 73 0.401869
49 74 0.387387
49 75 0.141914
49 76 0.477778
49 77 0.193694
49 78 0.325758
49 79 0.518072
49 80 0.148789
49 81 0.457447
49 82 0.143333
49 83 0.209756
49 84 0.125731
49 85 0.160448
49 86 0.228723
49 87 0.111979
49 88 0.438776
49 89 0.472527
49 90 0.215000
49 91 0.143813
49 92 0.158088
49 93 0.172000
49 94 0.141914
49 95 0.210784
49 96 0.251462
49 97 0.141447
49 98 0.589041
49 99 0.149826
50 51 0.032328
50 52 0.043860
50 53 0.176471
50 54 0.038760
50 55 0.033259
50 56 0.036855
50 57 0.034014
50 58 0.031915
50 59 0.030242
50 60 0.092025
50 61 0.937500
50 62 0.039474
50 63 0.032258
50 64 0.071770
50 65 0.258621
50 66 0.052083
50 67 0.035971
50 68 0.064378
50 69 0.031315
50 70 0.030992
50 71 0.077320
50 72 0.066667
50 73 0.045181
50 74 0.029070
50 75 0.144231
50 76 0.032895
50 77 0.047468
50 78 0.051370
50 79 0.040214
50 80 0.081081
50 81 0.031120
50 82 0.062762
50 83 0.036946
50 84 0.035971
50 85 0.061983
50 86 0.039788
50 87 0.148515
50 88 0.033784
50 89 0.032609
50 90 0.033632
50 91 0.039683
50 92 0.084270
50 93 0.090361
50 94 0.038265
50 95 0.042857
50 96 0.062500
50 97 0.044118
50 98 0.033259
50 99 0.073529
51 52 0.050228
51 53 0.056410
51 54 0.177419
51 55 0.956522
51 56 0.071197
51 57 0.239130
51 58 0.070064
51 59 0.140127
51 60 0.072607
51 61 0.048035
51 62 0.192982
51 63 0.162963
51 64 0.070513
51 65 0.051887
51 66 0.101382
51 67 0.158273
51 68 0.090164
51 69 0.101852
51 70 0.134969
51 71 0.072607
51 72 0.076389
51 73 0.144737
51 74 0.110000
51 75 0.059783
51 76 0.084942
51 77 0.056848
51 78 0.080000
51 79 0.176000
51 80 0.075085
51 81 0.089796
51 82 0.083019
51 83 0.289474
51 84 0.106796
51 85 0.090535
51 86 0.234043
51 87 0.054455
51 88 0.252874
51 89 0.085271
51 90 0.628571
51 91 0.046610
51 92 0.075601
51 93 0.062857
51 94 0.046025
51 95 0.058355
51 96 0.077465
51 97 0.105263
51 98 0.091286
51 99 0.078853
52 53 0.150000
52 54 0.092511
52 55 0.095238
52 56 0.260870
52 57 0.117647
52 58 0.198113
52 59 0.118980
52 60 0.146853
52 61 0.128440
52 62 0.096552
52 63 0.079395
52 64 0.099526
52 65 0.115702
52 66 0.175000
52 67 0.135922
52 68 0.159696
52 69 0.143345
52 70 0.124629
52 71 0.107143
52 72 0.205882
52 73 0.140000
52 74 0.122449
52 75 0.150538
52 76 0.174274
52 77 0.777778
52 78 0.245614
52 79 0.133758
52 80 0.116667
52 81 0.153285
52 82 0.102439
52 83 0.097222
52 84 0.077922
52 85 0.109375
52 86 0.103704
52 87 0.107692
52 88 0.115702
52 89 0.171429
52 90 0.094170
52 91 0.976744
52 92 0.125373
52 93 0.205882
52 94 0.750000
52 95 0.636364
52 96 0.215385
52 97 0.088608
52 98 0.168000
52 99 0.112601
53 54 0.067485
53 55 0.058201
53 56 0.067278
53 57 0.061111
53 58 0.056701
53 59 0.053269
53 60 0.250000
53 61 0.297297
53 62 0.069620
53 63 0.054054
53 64 0.121547
53 65 0.261905
53 66 0.107317
53 67 0.065868
53 68 0.144737
53 69 0.055696
53 70 0.054863
53 71 0.141026
53 72 0.156028
53 73 0.087649
53 74 0.050926
53 75 0.956522
53 76 0.058981
53 77 0.089431
53 78 0.105263
53 79 0.075342
53 80 0.162963
53 81 0.055276
53 82 0.112245
53 83 0.065282
53 84 0.059299
53 85 0.117021
53 86 0.071661
53 87 0.196429
53 88 0.060440
53 89 0.058355
53 90 0.058667
53 91 0.068750
53 92 0.184874
53 93 0.255814
53 94 0.065868
53 95 0.079137
53 96 0.141026
53 97 0.075085
53 98 0.059946
53 99 0.141935
54 55 0.186275
54 56 0.052632
54 57 0.103825
54 58 0.049351
54 59 0.072519
54 60 0.078838
54 61 0.049351
54 62 0.950000
54 63 0.228916
54 64 0.092683
54 65 0.056047
54 66 0.088785
54 67 0.090047
54 68 0.091787
54 69 0.062295
54 70 0.072243
54 71 0.093137
54 72 0.071698
54 73 0.120253
54 74 0.062500
54 75 0.062500
54 76 0.056886
54 77 0.047382
54 78 0.066901
54 79 0.115854
54 80 0.093137
54 81 0.057402
54 82 0.118750
54 83 0.372549
54 84 0.195876
54 85 0.129252
54 86 0.327586
54 87 0.061290
54 88 0.104972
54 89 0.056716
54 90 0.211111
54 91 0.038462
54 92 0.090047
54 93 0.060897
54 94 0.037773
54 95 0.047146
54 96 0.070896
54 97 0.223529
54 98 0.059937
54 99 0.102151
55 56 0.040881
55 57 0.123810
55 58 0.039755
55 59 0.074286
55 60 0.044674
55 61 0.029148
55 62 0.139785
55 63 0.111111
55 64 0.044369
55 65 0.031785
55 66 0.060748
55 67 0.087248
55 68 0.055085
55 69 0.056034
55 70 0.072222
55 71 0.045614
55 72 0.046099
55 73 0.087838
55 74 0.059633
55 75 0.036517
55 76 0.047794
55 77 0.033419
55 78 0.047273
55 79 0.102362
55 80 0.047101
55 81 0.050000
55 82 0.052846
55 83 0.236364
55 84 0.070652
55 85 0.057778
55 86 0.168831
55 87 0.033592
55 88 0.128713
55 89 0.047970
55 90 0.928571
55 91 0.027311
55 92 0.047101
55 93 0.037901
55 94 0.026915
55 95 0.034121
55 96 0.046595
55 97 0.069519
55 98 0.051181
55 99 0.049618
56 57 0.286364
56 58 0.984375
56 59 0.319797
56 60 0.220280
56 61 0.160305
56 62 0.184751
56 63 0.148585
56 64 0.155556
56 65 0.155556
56 66 0.364162
56 67 0.366279
56 68 0.276316
56 69 0.473684
56 70 0.346154
56 71 0.167109
56 72 0.324742
56 73 0.305825
56 74 0.344262
56 75 0.200637
56 76 0.787500
56 77 0.484615
56 78 0.512195
56 79 0.315000
56 80 0.182081
56 81 0.557522
56 82 0.167553
56 83 0.193252
56 84 0.138158
56 85 0.183140
56 86 0.206557
56 87 0.151079
56 88 0.280000
56 89 0.750000
56 90 0.193252
56 91 0.346154
56 92 0.195046
56 93 0.260331
56 94 0.344262
56 95 0.642857
56 96 0.353933
56 97 0.154791
56 98 0.700000
56 99 0.179487
57 58 0.022422
57 59 0.062500
57 60 0.017921
57 61 0.011547
57 62 0.030120
57 63 0.022727
57 64 0.015244
57 65 0.012195
57 66 0.030675
57 67 0.100000
57 68 0.023923
57 69 0.039062
57 70 0.061728
57 71 0.016077
57 72 0.021186
57 73 0.045455
57 74 0.040984
57 75 0.014749
57 76 0.029762
57 77 0.016234
57 78 0.024390
57 79 0.072464
57 80 0.017123
57 81 0.032051
57 82 0.017668
57 83 0.037037
57 84 0.018051
57 85 0.019685
57 86 0.038462
57 87 0.012531
57 88 0.833333
57 89 0.029940
57 90 0.043103
57 91 0.012853
57 92 0.017730
57 93 0.016502
57 94 0.012690
57 95 0.017007
57 96 0.021930
57 97 0.019455
57 98 0.033333
57 99 0.017668
58 59 0.308989
58 60 0.160350
58 61 0.120614
58 62 0.150273
58 63 0.125285
58 64 0.121145
58 65 0.118026
58 66 0.250000
58 67 0.305556
58 68 0.197133
58 69 0.514019
58 70 0.335366
58 71 0.128806
58 72 0.217391
58 73 0.230126
58 74 0.364238
58 75 0.146667
58 76 0.982143
58 77 0.291005
58 78 0.303867
58 79 0.247748
58 80 0.138539
58 81 0.696203
58 82 0.130332
58 83 0.159420
58 84 0.114108
58 85 0.141026
58 86 0.167683
58 87 0.115789
58 88 0.242291
58 89 0.964912
58 90 0.163205
58 91 0.245536
58 92 0.146277
58 93 0.180921
58 94 0.247748
58 95 0.357143
58 96 0.232068
58 97 0.124717
58 98 0.743243
58 99 0.137500
59 60 0.047337
59 61 0.032922
59 62 0.065306
59 63 0.054983
59 64 0.039801
59 65 0.033970
59 66 0.076555
59 67 0.200000
59 68 0.060377
59 69 0.225352
59 70 0.941176
59 71 0.041775
59 72 0.057554
59 73 0.092486
59 74 0.372093
59 75 0.040712
59 76 0.128000
59 77 0.051447
59 78 0.070175
59 79 0.119403
59 80 0.044321
59 81 0.160000
59 82 0.044568
59 83 0.075117
59 84 0.045198
59 85 0.048632
59 86 0.076190
59 87 0.034409
59 88 0.195122
59 89 0.130081
59 90 0.085106
59 91 0.042328
59 92 0.045845
59 93 0.046377
59 94 0.042105
59 95 0.055556
59 96 0.060150
59 97 0.047478
59 98 0.145455
59 99 0.045070
60 61 0.320513
60 62 0.217391
60 63 0.154799
60 64 0.367647
60 65 0.373134
60 66 0.373134
60 67 0.193798
60 68 0.684932
60 69 0.151976
60 70 0.152905
60 71 0.471698
60 72 0.526316
60 73 0.294118
60 74 0.138122
60 75 0.769231
60 76 0.157729
60 77 0.207469
60 78 0.304878
60 79 0.236967
60 80 0.666667
60 81 0.147929
60 82 0.381679
60 83 0.200000
60 84 0.169492
60 85 0.438596
60 86 0.227273
60 87 0.373134
60 88 0.177305
60 89 0.155763
60 90 0.173611
60 91 0.151976
60 92 0.980392
60 93 0.561798
60 94 0.146199
60 95 0.189394
60 96 0.454545
60 97 0.228311
60 98 0.162338
60 99 0.549451
61 62 0.169761
61 63 0.137931
61 64 0.301887
61 65 0.984615
61 66 0.230216
61 67 0.157248
61 68 0.285714
61 69 0.137045
61 70 0.135021
61 71 0.328205
61 72 0.300469
61 73 0.197531
61 74 0.126482
61 75 0.680851
61 76 0.144144
61 77 0.212625
61 78 0.228571
61 79 0.175824
61 80 0.347826
61 81 0.136170
61 82 0.266667
61 83 0.159204
61 84 0.153110
61 85 0.265560
61 86 0.172043
61 87 0.592593
61 88 0.146789
61 89 0.142857
61 90 0.145125
61 91 0.176309
61 92 0.367816
61 93 0.418301
61 94 0.169761
61 95 0.191045
61 96 0.280702
61 97 0.187683
61 98 0.145786
61 99 0.315271
62 63 0.377551
62 64 0.180488
62 65 0.111111
62 66 0.188776
62 67 0.192708
62 68 0.192708
62 69 0.128920
62 70 0.150407
62 71 0.184080
62 72 0.148594
62 73 0.266187
62 74 0.128920
62 75 0.125850
62 76 0.117460
62 77 0.096859
62 78 0.139623
62 79 0.256944
62 80 0.186869
62 81 0.118590
62 82 0.232704
62 83 0.973684
62 84 0.316239
62 85 0.260563
62 86 0.973684
62 87 0.120915
62 88 0.225610
62 89 0.117089
62 90 0.451220
62 91 0.077895
62 92 0.182266
62 93 0.124161
62 94 0.076446
62 95 0.096354
62 96 0.147410
62 97 0.385417
62 98 0.124161
62 99 0.204420
63 64 0.319853
63 65 0.210145
63 66 0.300000
63 67 0.334615
63 68 0.301038
63 69 0.250720
63 70 0.292929
63 71 0.314079
63 72 0.251445
63 73 0.378261
63 74 0.260479
63 75 0.225974
63 76 0.225974
63 77 0.182773
63 78 0.242340
63 79 0.388393
63 80 0.309609
63 81 0.231383
63 82 0.376623
63 83 0.878788
63 84 0.988636
63 85 0.388393
63 86 0.696000
63 87 0.227154
63 88 0.400922
63 89 0.225974
63 90 0.828571
63 91 0.153169
63 92 0.298969
63 93 0.220253
63 94 0.151042
63 95 0.183158
63 96 0.250000
63 97 0.639706
63 98 0.237057
63 99 0.332061
64 65 0.196078
64 66 0.128205
64 67 0.091743
64 68 0.168539
64 69 0.072289
64 70 0.075758
64 71 0.967742
64 72 0.133929
64 73 0.128755
64 74 0.068807
64 75 0.179641
64 76 0.071770
64 77 0.079787
64 78 0.104895
64 79 0.111111
64 80 0.483871
64 81 0.069606
64 82 0.638298
64 83 0.125000
64 84 0.141509
64 85 0.405405
64 86 0.137615
64 87 0.260870
64 88 0.091185
64 89 0.071259
64 90 0.105634
64 91 0.064516
64 92 0.344828
64 93 0.134529
64 94 0.062893
64 95 0.075758
64 96 0.126050
64 97 0.217391
64 98 0.074074
64 99 0.545455
65 66 0.161049
65 67 0.109694
65 68 0.207729
65 69 0.093074
65 70 0.093275
65 71 0.307143
65 72 0.200935
65 73 0.142384
65 74 0.086694
65 75 0.467391
65 76 0.096413
65 77 0.130303
65 78 0.150877
65 79 0.125364
65 80 0.316176
65 81 0.091880
65 82 0.231183
65 83 0.119114
65 84 0.118785
65 85 0.223958
65 86 0.128743
65 87 0.977273
65 88 0.104116
65 89 0.095556
65 90 0.106700
65 91 0.106965
65 92 0.320896
65 93 0.255952
65 94 0.103365
65 95 0.119114
65 96 0.186957
65 97 0.149826
65 98 0.098174
65 99 0.281046
66 67 0.473282
66 68 0.984127
66 69 0.316327
66 70 0.314721
66 71 0.298077
66 72 0.837838
66 73 0.939394
66 74 0.269565
66 75 0.335135
66 76 0.331551
66 77 0.331551
66 78 0.873239
66 79 0.639175
66 80 0.348315
66 81 0.302439
66 82 0.305419
66 83 0.317949
66 84 0.205980
66 85 0.360465
66 86 0.373494
66 87 0.232210
66 88 0.371257
66 89 0.326316
66 90 0.287037
66 91 0.220641
66 92 0.389937
66 93 0.439716
66 94 0.213793
66 95 0.324607
66 96 0.911765
66 97 0.257261
66 98 0.352273
66 99 0.344444
67 68 0.291892
67 69 0.556701
67 70 0.760563
67 71 0.176471
67 72 0.267327
67 73 0.568421
67 74 0.490909
67 75 0.171975
67 76 0.428571
67 77 0.207692
67 78 0.335404
67 79 0.931034
67 80 0.190813
67 81 0.446281
67 82 0.189474
67 83 0.323353
67 84 0.175896
67 85 0.212598
67 86 0.350649
67 87 0.140260
67 88 0.981818
67 89 0.428571
67 90 0.341772
67 91 0.158824
67 92 0.200000
67 93 0.200000
67 94 0.156522
67 95 0.220408
67 96 0.281250
67 97 0.194946
67 98 0.500000
67 99 0.194245
68 69 0.233463
68 70 0.236220
68 71 0.400000
68 72 0.983607
68 73 0.600000
68 74 0.207612
68 75 0.461538
68 76 0.240964
68 77 0.283019
68 78 0.545455
68 79 0.425532
68 80 0.504202
68 81 0.224719
68 82 0.392157
68 83 0.295567
68 84 0.213523
68 85 0.483871
68 86 0.348837
68 87 0.292683
68 88 0.281690
68 89 0.238095
68 90 0.255319
68 91 0.196721
68 92 0.612245
68 93 0.555556
68 94 0.189873
68 95 0.265487
68 96 0.869565
68 97 0.283019
68 98 0.252101
68 99 0.483871
69 70 0.500000
69 71 0.073791
69 72 0.114173
69 73 0.158470
69 74 0.568627
69 75 0.076923
69 76 0.517857
69 77 0.113725
69 78 0.150259
69 79 0.190789
69 80 0.079019
69 81 0.966667
69 82 0.077128
69 83 0.111538
69 84 0.072319
69 85 0.084302
69 86 0.116000
69 87 0.062771
69 88 0.221374
69 89 0.547170
69 90 0.119342
69 91 0.092357
69 92 0.082857
69 93 0.091195
69 94 0.092063
69 95 0.127193
69 96 0.120833
69 97 0.077748
69 98 0.659091
69 99 0.079670
70 71 0.109043
70 72 0.154717
70 73 0.248485
70 74 0.976190
70 75 0.107612
70 76 0.369369
70 77 0.138983
70 78 0.192488
70 79 0.322835
70 80 0.116147
70 81 0.465909
70 82 0.116147
70 83 0.190698
70 84 0.114846
70 85 0.126935
70 86 0.195238
70 87 0.090110
70 88 0.493976
70 89 0.379630
70 90 0.212435
70 91 0.113260
70 92 0.120588
70 93 0.123494
70 94 0.112637
70 95 0.150735
70 96 0.162055
70 97 0.122024
70 98 0.431579
70 99 0.117816
71 72 0.144330
71 73 0.132075
71 74 0.067308
71 75 0.200000
71 76 0.071247
71 77 0.080925
71 78 0.108949
71 79 0.112000
71 80 0.848485
71 81 0.068796
71 82 0.595745
71 83 0.120172
71 84 0.125000
71 85 0.459016
71 86 0.133971
71 87 0.261682
71 88 0.089744
71 89 0.070707
71 90 0.101083
71 91 0.064368
71 92 0.491228
71 93 0.144330
71 94 0.062640
71 95 0.076503
71 96 0.134615
71 97 0.189189
71 98 0.073491
71 99 0.965517
72 73 0.109489
72 74 0.051020
72 75 0.120000
72 76 0.064378
72 77 0.097403
72 78 0.208333
72 79 0.087719
72 80 0.092593
72 81 0.058366
72 82 0.072464
72 83 0.058594
72 84 0.043988
72 85 0.083333
72 86 0.066667
72 87 0.066964
72 88 0.062241
72 89 0.063291
72 90 0.053004
72 91 0.060729
72 92 0.108696
72 93 0.220588
72 94 0.057915
72 95 0.086705
72 96 0.937500
72 97 0.055147
72 98 0.066079
72 99 0.087209
73 74 0.200980
73 75 0.178261
73 76 0.211340
73 77 0.165992
73 78 0.312977
73 79 0.976190
73 80 0.216931
73 81 0.203980
73 82 0.212435
73 83 0.310606
73 84 0.163347
73 85 0.253086
73 86 0.390476
73 87 0.140411
73 88 0.362832
73 89 0.209184
73 90 0.273333
73 91 0.120944
73 92 0.232955
73 93 0.205000
73 94 0.118156
73 95 0.166667
73 96 0.310606
73 97 0.201970
73 98 0.229050
73 99 0.222826
74 75 0.173913
74 76 0.692308
74 77 0.236066
74 78 0.303797
74 79 0.431138
74 80 0.183673
74 81 0.986301
74 82 0.182741
74 83 0.282353
74 84 0.181360
74 85 0.198347
74 86 0.286853
74 87 0.146341
74 88 0.580645
74 89 0.712871
74 90 0.311688
74 91 0.197802
74 92 0.190476
74 93 0.200000
74 94 0.197802
74 95 0.258993
74 96 0.256228
74 97 0.190476
74 98 0.765957
74 99 0.186047
75 76 0.215686
75 77 0.318182
75 78 0.394872
75 79 0.285185
75 80 0.658120
75 81 0.202100
75 82 0.432584
75 83 0.244444
75 84 0.219373
75 85 0.458333
75 86 0.270175
75 87 0.687500
75 88 0.225146
75 89 0.213296
75 90 0.218130
75 91 0.240625
75 92 0.777778
75 93 0.987179
75 94 0.231231
75 95 0.284133
75 96 0.550000
75 97 0.281022
75 98 0.219373
75 99 0.566176
76 77 0.019324
76 78 0.024242
76 79 0.023256
76 80 0.010959
76 81 0.117647
76 82 0.010471
76 83 0.013699
76 84 0.009281
76 85 0.011429
76 86 0.014440
76 87 0.008869
76 88 0.023256
76 89 0.800000
76 90 0.014184
76 91 0.015385
76 92 0.011594
76 93 0.013699
76 94 0.015385
76 95 0.022599
76 96 0.018349
76 97 0.010178
76 98 0.210526
76 99 0.010959
77 78 0.313559
77 79 0.140684
77 80 0.117834
77 81 0.154167
77 82 0.102493
77 83 0.097625
77 84 0.076132
77 85 0.110778
77 86 0.105413
77 87 0.104816
77 88 0.117834
77 89 0.175355
77 90 0.093909
77 91 0.389474
77 92 0.128028
77 93 0.224242
77 94 0.352381
77 95 0.973684
77 96 0.256944
77 97 0.087886
77 98 0.173709
77 99 0.113846
78 79 0.366667
78 80 0.243363
78 81 0.287958
78 82 0.209924
78 83 0.209924
78 84 0.148248
78 85 0.237069
78 86 0.235043
78 87 0.186441
78 88 0.261905
78 89 0.325444
78 90 0.197133
78 91 0.260664
78 92 0.270936
78 93 0.429688
78 94 0.250000
78 95 0.450820
78 96 0.982143
78 97 0.177419
78 98 0.343750
78 99 0.237069
79 80 0.315789
79 81 0.413793
79 82 0.315789
79 83 0.566929
79 84 0.276923
79 85 0.365482
79 86 0.672897
79 87 0.216216
79 88 0.986301
79 89 0.416185
79 90 0.545455
79 91 0.205128
79 92 0.331797
79 93 0.303797
79 94 0.201681
79 95 0.281250
79 96 0.439024
79 97 0.322870
79 98 0.464516
79 99 0.324324
80 81 0.050000
80 82 0.311475
80 83 0.083700
80 84 0.080169
80 85 0.327586
80 86 0.095000
80 87 0.171171
80 88 0.064626
80 89 0.051630
80 90 0.070370
80 91 0.047146
80 92 0.730769
80 93 0.115854
80 94 0.045673
80 95 0.056886
80 96 0.107955
80 97 0.118750
80 98 0.053824
80 99 0.950000
81 82 0.073791
81 83 0.101399
81 84 0.067916
81 85 0.080332
81 86 0.105455
81 87 0.061571
81 88 0.181250
81 89 0.966667
81 90 0.106618
81 91 0.098976
81 92 0.080110
81 93 0.090909
81 94 0.099315
81 95 0.138095
81 96 0.119835
81 97 0.073232
81 98 0.906250
81 99 0.076517
82 83 0.165803
82 84 0.178771
82 85 0.969697
82 86 0.186047
82 87 0.210526
82 88 0.112676
82 89 0.083117
82 90 0.134454
82 91 0.070640
82 92 0.390244
82 93 0.145455
82 94 0.068966
82 95 0.084656
82 96 0.146789
82 97 0.313725
82 98 0.086721
82 99 0.761905
83 84 0.216783
83 85 0.178161
83 86 0.968750
83 87 0.091988
83 88 0.234848
83 89 0.106164
83 90 0.688889
83 91 0.065817
83 92 0.135371
83 93 0.099678
83 94 0.064854
83 95 0.082228
83 96 0.121094
83 97 0.233083
83 98 0.113139
83 99 0.146226
84 85 0.418478
84 86 0.500000
84 87 0.236196
84 88 0.281022
84 89 0.178241
84 90 0.450292
84 91 0.132759
84 92 0.304348
84 93 0.204244
84 94 0.130508
84 95 0.156504
84 96 0.221902
84 97 0.987179
84 98 0.185990
84 99 0.353211
85 86 0.261745
85 87 0.237805
85 88 0.152941
85 89 0.110482
85 90 0.179724
85 91 0.091335
85 92 0.557143
85 93 0.195000
85 94 0.089041
85 95 0.111748
85 96 0.204188
85 97 0.367925
85 98 0.115727
85 99 0.975000
86 87 0.221865
86 88 0.534884
86 89 0.248201
86 90 0.985714
86 91 0.155405
86 92 0.343284
86 93 0.246429
86 94 0.152655
86 95 0.196581
86 96 0.305310
86 97 0.539062
86 98 0.265385
86 99 0.370968
87 88 0.289277
87 89 0.255507
87 90 0.305263
87 91 0.269767
87 92 0.991453
87 93 0.613757
87 94 0.261261
87 95 0.303665
87 96 0.483333
87 97 0.462151
87 98 0.263039
87 99 0.920635
88 89 0.645349
88 90 0.991071
88 91 0.281013
88 92 0.390845
88 93 0.360390
88 94 0.278195
88 95 0.370000
88 96 0.476395
88 97 0.433594
88 98 0.720779
88 99 0.389474
89 90 0.063830
89 91 0.068182
89 92 0.051724
89 93 0.060811
89 94 0.068182
89 95 0.099448
89 96 0.081081
89 97 0.045570
89 98 0.947368
89 99 0.048913
90 91 0.360996
90 92 0.644444
90 93 0.508772
90 94 0.355828
90 95 0.449612
90 96 0.619217
90 97 0.994286
90 98 0.659091
90 99 0.682353
91 92 0.037037
91 93 0.056911
91 94 0.933333
91 95 0.145833
91 96 0.059072
91 97 0.027132
91 98 0.051661
91 99 0.033654
92 93 0.287770
92 94 0.102302
92 95 0.129032
92 96 0.263158
92 97 0.227273
92 98 0.119760
92 99 0.975610
93 94 0.303846
93 95 0.407216
93 96 0.987500
93 97 0.260726
93 98 0.274306
93 99 0.441341
94 95 0.990196
94 96 0.407258
94 97 0.192015
94 98 0.371324
94 99 0.235981
95 96 0.993750
95 97 0.368910
95 98 0.859459
95 99 0.462209
96 97 0.657143
96 98 0.867925
96 99 0.994595
97 98 0.368700
97 99 0.992857
98 99 0.997167
