100 4950
0 1 0.012146
0 2 0.012346
0 3 0.013333
0 4 0.044776
0 5 0.011429
0 6 0.013453
0 7 0.020202
0 8 0.026087
0 9 0.011952
0 10 0.012739
0 11 0.033149
0 12 0.031915
0 13 0.012474
0 14 0.014634
0 15 0.025532
0 16 0.014286
0 17 0.013363
0 18 0.109091
0 19 0.019417
0 20 0.021352
0 21 0.857143
0 22 0.021352
0 23 0.040816
0 24 0.037975
0 25 0.187500
0 26 0.020548
0 27 0.014458
0 28 0.022556
0 29 0.036810
0 30 0.013333
0 31 0.014184
0 32 0.025974
0 33 0.012685
0 34 0.026316
0 35 0.034682
0 36 0.045113
0 37 0.013953
0 38 0.021661
0 39 0.022305
0 40 0.089552
0 41 0.012712
0 42 0.045455
0 43 0.025641
0 44 0.107143
0 45 0.014634
0 46 0.017391
0 47 0.012270
0 48 0.040000
0 49 0.082192
0 50 0.014815
0 51 0.018462
0 52 0.013245
0 53 0.017241
0 54 0.021818
0 55 0.029557
0 56 0.051282
0 57 0.026432
0 58 0.013129
0 59 0.016393
0 60 0.013667
0 61 0.029703
0 62 0.014354
0 63 0.027149
0 64 0.015873
0 65 0.077922
0 66 0.019048
0 67 0.010989
0 68 0.027397
0 69 0.013187
0 70 0.029851
0 71 0.022222
0 72 0.101695
0 73 0.018072
0 74 0.017442
0 75 0.018237
0 76 0.034682
0 77 0.014963
0 78 0.012170
0 79 0.022556
0 80 0.012346
0 81 0.018462
0 82 0.012422
0 83 0.017857
0 84 0.011928
0 85 0.013986
0 86 0.015957
0 87 0.027523
0 88 0.020833
0 89 0.018462
0 90 0.020478
0 91 0.039216
0 92 0.013953
0 93 0.033708
0 94 0.016173
0 95 0.013575
0 96 0.067416
0 97 0.050000
0 98 0.013333
0 99 0.012903
1 2 0.089701
1 3 0.146739
1 4 0.073370
1 5 0.329268
1 6 0.140625
1 7 0.053571
1 8 0.095070
1 9 0.123288
1 10 0.121622
1 11 0.055670
1 12 0.078035
1 13 0.128571
1 14 0.313953
1 15 0.076056
1 16 0.139175
1 17 0.225000
1 18 0.060268
1 19 0.077810
1 20 0.060268
1 21 0.054326
1 22 0.059735
1 23 0.077586
1 24 0.063084
1 25 0.058315
1 26 0.074380
1 27 0.333333
1 28 0.088525
1 29 0.068528
1 30 0.450000
1 31 0.238938
1 32 0.081081
1 33 0.329268
1 34 0.078035
1 35 0.082317
1 36 0.055328
1 37 0.161677
1 38 0.057325
1 39 0.090000
1 40 0.058568
1 41 0.154286
1 42 0.072776
1 43 0.103448
1 44 0.058696
1 45 0.159763
1 46 0.128571
1 47 0.115385
1 48 0.057816
1 49 0.060403
1 50 0.300000
1 51 0.097122
1 52 0.145161
1 53 0.094406
1 54 0.060000
1 55 0.059081
1 56 0.071053
1 57 0.075630
1 58 0.540000
1 59 0.127358
1 60 0.293478
1 61 0.092150
1 62 0.126168
1 63 0.071053
1 64 0.137056
1 65 0.056842
1 66 0.142105
1 67 0.169811
1 68 0.092466
1 69 0.247706
1 70 0.081081
1 71 0.111570
1 72 0.055441
1 73 0.080119
1 74 0.161677
1 75 0.161677
1 76 0.069231
1 77 0.082067
1 78 0.180000
1 79 0.117904
1 80 0.275510
1 81 0.142857
1 82 0.964286
1 83 0.166667
1 84 0.562500
1 85 0.130435
1 86 0.091837
1 87 0.084639
1 88 0.056485
1 89 0.110656
1 90 0.054990
1 91 0.071429
1 92 0.090909
1 93 0.079412
1 94 0.168750
1 95 0.465517
1 96 0.066502
1 97 0.051724
1 98 0.600000
1 99 0.278351
2 3 0.466667
2 4 0.154696
2 5 0.146214
2 6 0.122538
2 7 0.086022
2 8 0.141772
2 9 0.608696
2 10 0.113131
2 11 0.096718
2 12 0.187291
2 13 0.602151
2 14 0.187291
2 15 0.221344
2 16 0.125561
2 17 0.302703
2 18 0.119914
2 19 0.106061
2 20 0.093178
2 21 0.114053
2 22 0.092715
2 23 0.150943
2 24 0.108317
2 25 0.120690
2 26 0.104869
2 27 0.187919
2 28 0.252252
2 29 0.115464
2 30 0.171254
2 31 0.273171
2 32 0.218750
2 33 0.151762
2 34 0.117155
2 35 0.141772
2 36 0.100719
2 37 0.131455
2 38 0.090762
2 39 0.122807
2 40 0.113590
2 41 0.123348
2 42 0.154270
2 43 0.172840
2 44 0.129330
2 45 0.363636
2 46 0.312849
2 47 0.788732
2 48 0.149733
2 49 0.116424
2 50 0.197183
2 51 0.343558
2 52 0.123077
2 53 0.402878
2 54 0.093489
2 55 0.098418
2 56 0.145833
2 57 0.114519
2 58 0.214559
2 59 0.366013
2 60 0.157746
2 61 0.167665
2 62 0.120690
2 63 0.205128
2 64 0.132701
2 65 0.109162
2 66 0.163265
2 67 0.122271
2 68 0.194444
2 69 0.287179
2 70 0.195122
2 71 0.149733
2 72 0.108949
2 73 0.345679
2 74 0.160000
2 75 0.201439
2 76 0.177215
2 77 0.583333
2 78 0.127563
2 79 0.187291
2 80 0.271845
2 81 0.242424
2 82 0.174455
2 83 0.177215
2 84 0.160920
2 85 0.120950
2 86 0.504505
2 87 0.206642
2 88 0.089314
2 89 0.316384
2 90 0.087500
2 91 0.122807
2 92 0.982456
2 93 0.178344
2 94 0.280000
2 95 0.210526
2 96 0.133017
2 97 0.126984
2 98 0.193772
2 99 0.273171
3 4 0.119874
3 5 0.143396
3 6 0.111437
3 7 0.067138
3 8 0.122581
3 9 0.633333
3 10 0.100796
3 11 0.074803
3 12 0.142857
3 13 0.974359
3 14 0.208791
3 15 0.157025
3 16 0.114804
3 17 0.575758
3 18 0.090476
3 19 0.088372
3 20 0.074219
3 21 0.083516
3 22 0.073643
3 23 0.120635
3 24 0.085202
3 25 0.089623
3 26 0.086560
3 27 0.209945
3 28 0.194872
3 29 0.092233
3 30 0.182692
3 31 0.436782
3 32 0.163793
3 33 0.152000
3 34 0.097187
3 35 0.117284
3 36 0.076923
3 37 0.122977
3 38 0.071563
3 39 0.105263
3 40 0.085973
3 41 0.113433
3 42 0.119122
3 43 0.153846
3 44 0.094527
3 45 0.791667
3 46 0.358491
3 47 0.622951
3 48 0.102703
3 49 0.088785
3 50 0.226190
3 51 0.267606
3 52 0.112426
3 53 0.281481
3 54 0.074219
3 55 0.077236
3 56 0.112760
3 57 0.094293
3 58 0.267606
3 59 0.447059
3 60 0.161017
3 61 0.142322
3 62 0.108883
3 63 0.141791
3 64 0.122186
3 65 0.082609
3 66 0.157676
3 67 0.111765
3 68 0.163090
3 69 0.500000
3 70 0.150794
3 71 0.135231
3 72 0.081720
3 73 0.206522
3 74 0.157025
3 75 0.214689
3 76 0.127517
3 77 0.248366
3 78 0.118750
3 79 0.175926
3 80 0.408602
3 81 0.265734
3 82 0.188119
3 83 0.180095
3 84 0.165217
3 85 0.109510
3 86 0.294574
3 87 0.161702
3 88 0.070240
3 89 0.296875
3 90 0.068592
3 91 0.098446
3 92 0.330435
3 93 0.139194
3 94 0.383838
3 95 0.258503
3 96 0.102151
3 97 0.087356
3 98 0.223529
3 99 0.431818
4 5 0.004890
4 6 0.005650
4 7 0.006098
4 8 0.014085
4 9 0.005391
4 10 0.005195
4 11 0.008696
4 12 0.029851
4 13 0.005731
4 14 0.006969
4 15 0.015625
4 16 0.006098
4 17 0.006329
4 18 0.018868
4 19 0.007380
4 20 0.006873
4 21 0.014493
4 22 0.006826
4 23 0.055556
4 24 0.011364
4 25 0.018692
4 26 0.007634
4 27 0.006849
4 28 0.014085
4 29 0.013072
4 30 0.006061
4 31 0.006897
4 32 0.017857
4 33 0.005587
4 34 0.010638
4 35 0.022727
4 36 0.010101
4 37 0.006042
4 38 0.006711
4 39 0.009709
4 40 0.015267
4 41 0.005333
4 42 0.666667
4 43 0.017857
4 44 0.021505
4 45 0.007246
4 46 0.009434
4 47 0.005571
4 48 0.015385
4 49 0.016667
4 50 0.007143
4 51 0.010000
4 52 0.005571
4 53 0.008889
4 54 0.006969
4 55 0.008621
4 56 0.086957
4 57 0.010309
4 58 0.006098
4 59 0.008547
4 60 0.006173
4 61 0.025316
4 62 0.006024
4 63 0.015873
4 64 0.007018
4 65 0.013158
4 66 0.009852
4 67 0.004535
4 68 0.023256
4 69 0.006211
4 70 0.025974
4 71 0.011765
4 72 0.013158
4 73 0.009091
4 74 0.008584
4 75 0.009901
4 76 0.023810
4 77 0.006993
4 78 0.005128
4 79 0.014286
4 80 0.005666
4 81 0.010417
4 82 0.005556
4 83 0.009217
4 84 0.005236
4 85 0.005865
4 86 0.007874
4 87 0.021739
4 88 0.006452
4 89 0.010309
4 90 0.006270
4 91 0.016129
4 92 0.006494
4 93 0.040816
4 94 0.008403
4 95 0.006369
4 96 0.033898
4 97 0.012195
4 98 0.006173
4 99 0.006024
5 6 0.248276
5 7 0.073770
5 8 0.119601
5 9 0.120000
5 10 0.218182
5 11 0.073770
5 12 0.090680
5 13 0.123711
5 14 0.283465
5 15 0.086538
5 16 0.227848
5 17 0.179104
5 18 0.075630
5 19 0.109422
5 20 0.083141
5 21 0.068311
5 22 0.082380
5 23 0.093995
5 24 0.082380
5 25 0.072874
5 26 0.103448
5 27 0.290323
5 28 0.097826
5 29 0.088889
5 30 0.439024
5 31 0.189474
5 32 0.091837
5 33 0.666667
5 34 0.103448
5 35 0.101695
5 36 0.072144
5 37 0.274809
5 38 0.078775
5 39 0.120805
5 40 0.074380
5 41 0.302521
5 42 0.087379
5 43 0.120805
5 44 0.072144
5 45 0.145749
5 46 0.128571
5 47 0.114286
5 48 0.069364
5 49 0.076433
5 50 0.258993
5 51 0.103152
5 52 0.262774
5 53 0.100000
5 54 0.082569
5 55 0.078775
5 56 0.086331
5 57 0.100559
5 58 0.285714
5 59 0.125874
5 60 0.413793
5 61 0.109091
5 62 0.205714
5 63 0.081818
5 64 0.202247
5 65 0.072727
5 66 0.170616
5 67 0.455696
5 68 0.105572
5 69 0.189474
5 70 0.093264
5 71 0.138996
5 72 0.070588
5 73 0.087805
5 74 0.197802
5 75 0.169014
5 76 0.081081
5 77 0.088452
5 78 0.413793
5 79 0.133333
5 80 0.201117
5 81 0.145161
5 82 0.545455
5 83 0.187500
5 84 0.972973
5 85 0.218182
5 86 0.097035
5 87 0.096257
5 88 0.077922
5 89 0.115016
5 90 0.075789
5 91 0.091371
5 92 0.095491
5 93 0.092784
5 94 0.156522
5 95 0.281250
5 96 0.082192
5 97 0.063269
5 98 0.339623
5 99 0.202247
6 7 0.025641
6 8 0.041284
6 9 0.023077
6 10 0.230769
6 11 0.024390
6 12 0.024523
6 13 0.024000
6 14 0.056604
6 15 0.022222
6 16 0.333333
6 17 0.032258
6 18 0.022959
6 19 0.046154
6 20 0.030100
6 21 0.020134
6 22 0.029703
6 23 0.028037
6 24 0.027523
6 25 0.021635
6 26 0.041667
6 27 0.056250
6 28 0.024590
6 29 0.029900
6 30 0.064286
6 31 0.035433
6 32 0.023810
6 33 0.081081
6 34 0.038298
6 35 0.032491
6 36 0.023077
6 37 0.272727
6 38 0.027864
6 39 0.048649
6 40 0.022901
6 41 0.281250
6 42 0.025210
6 43 0.036000
6 44 0.020785
6 45 0.029508
6 46 0.029316
6 47 0.022556
6 48 0.018750
6 49 0.023622
6 50 0.052023
6 51 0.024259
6 52 0.900000
6 53 0.023077
6 54 0.029703
6 55 0.026866
6 56 0.025352
6 57 0.037037
6 58 0.043062
6 59 0.027692
6 60 0.084112
6 61 0.032258
6 62 0.257143
6 63 0.021176
6 64 0.128571
6 65 0.022556
6 66 0.055901
6 67 0.078947
6 68 0.028939
6 69 0.033088
6 70 0.025070
6 71 0.048649
6 72 0.021531
6 73 0.020833
6 74 0.067164
6 75 0.043902
6 76 0.021845
6 77 0.019868
6 78 0.140625
6 79 0.037815
6 80 0.032609
6 81 0.035019
6 82 0.054545
6 83 0.054217
6 84 0.058065
6 85 0.391304
6 86 0.021898
6 87 0.025496
6 88 0.027607
6 89 0.026946
6 90 0.026549
6 91 0.030201
6 92 0.020690
6 93 0.025714
6 94 0.033835
6 95 0.045455
6 96 0.024725
6 97 0.017442
6 98 0.050279
6 99 0.033835
7 8 0.050388
7 9 0.020767
7 10 0.036932
7 11 0.111111
7 12 0.033248
7 13 0.021488
7 14 0.030374
7 15 0.028698
7 16 0.039039
7 17 0.024575
7 18 0.050000
7 19 0.081250
7 20 0.232143
7 21 0.044521
7 22 0.250000
7 23 0.043046
7 24 0.084416
7 25 0.045614
7 26 0.091549
7 27 0.030023
7 28 0.028761
7 29 0.073864
7 30 0.029213
7 31 0.026157
7 32 0.030023
7 33 0.029545
7 34 0.074286
7 35 0.049618
7 36 0.078313
7 37 0.036313
7 38 0.371429
7 39 0.061905
7 40 0.055319
7 41 0.034031
7 42 0.039514
7 43 0.039634
7 44 0.039275
7 45 0.025048
7 46 0.027426
7 47 0.020867
7 48 0.030303
7 49 0.055085
7 50 0.029954
7 51 0.026052
7 52 0.036111
7 53 0.024715
7 54 0.236364
7 55 0.131313
7 56 0.042071
7 57 0.079268
7 58 0.026369
7 59 0.025948
7 60 0.031250
7 61 0.040373
7 62 0.040881
7 63 0.028698
7 64 0.041667
7 65 0.058824
7 66 0.039039
7 67 0.028078
7 68 0.034853
7 69 0.024575
7 70 0.032828
7 71 0.045296
7 72 0.054393
7 73 0.024209
7 74 0.037791
7 75 0.033248
7 76 0.031707
7 77 0.021849
7 78 0.031325
7 79 0.036723
7 80 0.023593
7 81 0.030516
7 82 0.027027
7 83 0.035616
7 84 0.026804
7 85 0.039514
7 86 0.023381
7 87 0.032020
7 88 0.481481
7 89 0.027311
7 90 0.928571
7 91 0.062802
7 92 0.021523
7 93 0.035230
7 94 0.027837
7 95 0.027311
7 96 0.046099
7 97 0.031250
7 98 0.027719
7 99 0.024436
8 9 0.113821
8 10 0.170732
8 11 0.203883
8 12 0.238636
8 13 0.120690
8 14 0.211055
8 15 0.181818
8 16 0.218750
8 17 0.150538
8 18 0.235955
8 19 0.287671
8 20 0.203883
8 21 0.181818
8 22 0.200000
8 23 0.392523
8 24 0.285714
8 25 0.211055
8 26 0.289655
8 27 0.205882
8 28 0.198113
8 29 0.375000
8 30 0.181818
8 31 0.170040
8 32 0.204878
8 33 0.170040
8 34 0.506024
8 35 0.700000
8 36 0.204878
8 37 0.210000
8 38 0.188341
8 39 0.583333
8 40 0.228261
8 41 0.172840
8 42 0.289655
8 43 0.560000
8 44 0.195349
8 45 0.159696
8 46 0.193548
8 47 0.114754
8 48 0.154412
8 49 0.245614
8 50 0.212121
8 51 0.168675
8 52 0.187500
8 53 0.152174
8 54 0.204878
8 55 0.227027
8 56 0.302158
8 57 0.442105
8 58 0.162791
8 59 0.172840
8 60 0.195349
8 61 0.500000
8 62 0.217617
8 63 0.173554
8 64 0.281879
8 65 0.215385
8 66 0.442105
8 67 0.132911
8 68 0.313433
8 69 0.150000
8 70 0.241379
8 71 0.976744
8 72 0.200000
8 73 0.141892
8 74 0.350000
8 75 0.304348
8 76 0.195349
8 77 0.121387
8 78 0.159696
8 79 0.432990
8 80 0.137255
8 81 0.250000
8 82 0.157303
8 83 0.338710
8 84 0.148936
8 85 0.206897
8 86 0.137705
8 87 0.238636
8 88 0.180258
8 89 0.189189
8 90 0.170732
8 91 0.442105
8 92 0.120000
8 93 0.272727
8 94 0.199052
8 95 0.174274
8 96 0.285714
8 97 0.139535
8 98 0.174274
8 99 0.147368
9 10 0.049296
9 11 0.037037
9 12 0.066456
9 13 0.954545
9 14 0.090129
9 15 0.073684
9 16 0.054830
9 17 0.187500
9 18 0.044211
9 19 0.042945
9 20 0.036713
9 21 0.041420
9 22 0.036458
9 23 0.056604
9 24 0.041584
9 25 0.044025
9 26 0.042169
9 27 0.090909
9 28 0.087137
9 29 0.044586
9 30 0.083004
9 31 0.150000
9 32 0.075540
9 33 0.071918
9 34 0.046563
9 35 0.054830
9 36 0.038043
9 37 0.058496
9 38 0.035533
9 39 0.049881
9 40 0.042254
9 41 0.054974
9 42 0.056452
9 43 0.068627
9 44 0.046358
9 45 0.196262
9 46 0.129630
9 47 0.913043
9 48 0.050971
9 49 0.043388
9 50 0.095023
9 51 0.114130
9 52 0.054404
9 53 0.124260
9 54 0.036713
9 55 0.038043
9 56 0.053708
9 57 0.045455
9 58 0.114130
9 59 0.152174
9 60 0.073944
9 61 0.064815
9 62 0.052239
9 63 0.067961
9 64 0.057534
9 65 0.040698
9 66 0.070234
9 67 0.055703
9 68 0.072917
9 69 0.176471
9 70 0.069536
9 71 0.061765
9 72 0.040307
9 73 0.099526
9 74 0.070234
9 75 0.088608
9 76 0.061047
9 77 0.129630
9 78 0.057851
9 79 0.076364
9 80 0.172131
9 81 0.103960
9 82 0.087137
9 83 0.078067
9 84 0.078947
9 85 0.052632
9 86 0.138158
9 87 0.073684
9 88 0.035000
9 89 0.117978
9 90 0.034258
9 91 0.047297
9 92 0.179487
9 93 0.064615
9 94 0.132075
9 95 0.108808
9 96 0.049296
9 97 0.043841
9 98 0.098131
9 99 0.166667
10 11 0.102362
10 12 0.097257
10 13 0.094891
10 14 0.198980
10 15 0.088435
10 16 0.661017
10 17 0.123810
10 18 0.093525
10 19 0.195000
10 20 0.129139
10 21 0.082803
10 22 0.127869
10 23 0.111111
10 24 0.113372
10 25 0.088435
10 26 0.175676
10 27 0.197970
10 28 0.096774
10 29 0.121875
10 30 0.224138
10 31 0.134483
10 32 0.094203
10 33 0.278571
10 34 0.154150
10 35 0.127869
10 36 0.096059
10 37 0.549296
10 38 0.120000
10 39 0.190244
10 40 0.093976
10 41 0.812500
10 42 0.100515
10 43 0.137324
10 44 0.084599
10 45 0.114035
10 46 0.113043
10 47 0.089655
10 48 0.076172
10 49 0.096535
10 50 0.184834
10 51 0.095355
10 52 0.975000
10 53 0.091121
10 54 0.127451
10 55 0.112717
10 56 0.101562
10 57 0.150579
10 58 0.159836
10 59 0.107438
10 60 0.274648
10 61 0.125000
10 62 0.722222
10 63 0.084783
10 64 0.386139
10 65 0.092857
10 66 0.198980
10 67 0.339130
10 68 0.112717
10 69 0.127036
10 70 0.098985
10 71 0.180556
10 72 0.088838
10 73 0.082979
10 74 0.229412
10 75 0.160494
10 76 0.087444
10 77 0.079430
10 78 0.493671
10 79 0.142857
10 80 0.125806
10 81 0.132203
10 82 0.200000
10 83 0.192118
10 84 0.215470
10 85 0.866667
10 86 0.086860
10 87 0.100515
10 88 0.118902
10 89 0.105121
10 90 0.114706
10 91 0.121495
10 92 0.082627
10 93 0.101562
10 94 0.128289
10 95 0.166667
10 96 0.099490
10 97 0.071429
10 98 0.183099
10 99 0.129568
11 12 0.121622
11 13 0.066055
11 14 0.089552
11 15 0.100559
11 16 0.104348
11 17 0.074534
11 18 0.244898
11 19 0.195652
11 20 0.321429
11 21 0.204545
11 22 0.324324
11 23 0.170616
11 24 0.580645
11 25 0.210526
11 26 0.222222
11 27 0.088670
11 28 0.098361
11 29 0.371134
11 30 0.083916
11 31 0.079646
11 32 0.105572
11 33 0.082569
11 34 0.255319
11 35 0.193548
11 36 0.734694
11 37 0.098361
11 38 0.352941
11 39 0.188482
11 40 0.300000
11 41 0.090000
11 42 0.155844
11 43 0.137405
11 44 0.165138
11 45 0.077922
11 46 0.088235
11 47 0.064171
11 48 0.113565
11 49 0.290323
11 50 0.089330
11 51 0.085919
11 52 0.095238
11 53 0.080899
11 54 0.339623
11 55 0.972973
11 56 0.172249
11 57 0.274809
11 58 0.077754
11 59 0.082949
11 60 0.088670
11 61 0.146341
11 62 0.107143
11 63 0.101695
11 64 0.115016
11 65 0.342857
11 66 0.121212
11 67 0.074689
11 68 0.123288
11 69 0.074227
11 70 0.118421
11 71 0.146939
11 72 0.292683
11 73 0.080357
11 74 0.113208
11 75 0.104651
11 76 0.116883
11 77 0.070450
11 78 0.083916
11 79 0.122867
11 80 0.070312
11 81 0.098093
11 82 0.077419
11 83 0.109756
11 84 0.075630
11 85 0.103448
11 86 0.075630
11 87 0.113565
11 88 0.324324
11 89 0.089330
11 90 0.315789
11 91 0.290323
11 92 0.068311
11 93 0.130435
11 94 0.087379
11 95 0.080717
11 96 0.203390
11 97 0.120000
11 98 0.081081
11 99 0.073320
12 13 0.047458
12 14 0.051661
12 15 0.222222
12 16 0.040936
12 17 0.051095
12 18 0.082353
12 19 0.044164
12 20 0.040000
12 21 0.072165
12 22 0.039773
12 23 0.155556
12 24 0.058333
12 25 0.084337
12 26 0.045016
12 27 0.050909
12 28 0.179487
12 29 0.065116
12 30 0.044304
12 31 0.055118
12 32 0.304348
12 33 0.040000
12 34 0.058824
12 35 0.102941
12 36 0.052830
12 37 0.041176
12 38 0.038889
12 39 0.056911
12 40 0.071066
12 41 0.036458
12 42 0.208955
12 43 0.119658
12 44 0.101449
12 45 0.061135
12 46 0.085890
12 47 0.046358
12 48 0.113821
12 49 0.075269
12 50 0.053640
12 51 0.101449
12 52 0.037838
12 53 0.086957
12 54 0.040346
12 55 0.047297
12 56 0.157303
12 57 0.056911
12 58 0.046512
12 59 0.076923
12 60 0.044164
12 61 0.148936
12 62 0.040000
12 63 0.205882
12 64 0.046667
12 65 0.064516
12 66 0.067633
12 67 0.031818
12 68 0.241379
12 69 0.049645
12 70 0.933333
12 71 0.073684
12 72 0.064815
12 73 0.091503
12 74 0.059322
12 75 0.075676
12 76 0.297872
12 77 0.063636
12 78 0.035623
12 79 0.106061
12 80 0.044586
12 81 0.088050
12 82 0.040936
12 83 0.066038
12 84 0.038147
12 85 0.039216
12 86 0.073684
12 87 0.437500
12 88 0.037736
12 89 0.100719
12 90 0.036745
12 91 0.076087
12 92 0.057377
12 93 0.608696
12 94 0.070707
12 95 0.048443
12 96 0.112000
12 97 0.078212
12 98 0.046205
12 99 0.047619
13 14 0.110092
13 15 0.090566
13 16 0.065395
13 17 0.247423
13 18 0.052980
13 19 0.051173
13 20 0.043557
13 21 0.049383
13 22 0.043243
13 23 0.068768
13 24 0.049689
13 25 0.052747
13 26 0.050209
13 27 0.111111
13 28 0.108597
13 29 0.053333
13 30 0.100000
13 31 0.195122
13 32 0.093023
13 33 0.085714
13 34 0.055814
13 35 0.066482
13 36 0.045283
13 37 0.069767
13 38 0.042105
13 39 0.060000
13 40 0.050420
13 41 0.065041
13 42 0.068376
13 43 0.084507
13 44 0.055556
13 45 0.279070
13 46 0.171429
13 47 0.960000
13 48 0.061069
13 49 0.051948
13 50 0.117647
13 51 0.146341
13 52 0.064516
13 53 0.160000
13 54 0.043557
13 55 0.045283
13 56 0.065041
13 57 0.054422
13 58 0.139535
13 59 0.206897
13 60 0.088889
13 61 0.079470
13 62 0.062176
13 63 0.082759
13 64 0.068966
13 65 0.048485
13 66 0.085714
13 67 0.065217
13 68 0.090226
13 69 0.226415
13 70 0.085409
13 71 0.075235
13 72 0.048096
13 73 0.123077
13 74 0.085409
13 75 0.111111
13 76 0.074074
13 77 0.158940
13 78 0.068376
13 79 0.094862
13 80 0.210526
13 81 0.133333
13 82 0.103896
13 83 0.096000
13 84 0.093385
13 85 0.062663
13 86 0.176471
13 87 0.090909
13 88 0.041451
13 89 0.153846
13 90 0.040541
13 91 0.056872
13 92 0.224299
13 93 0.079208
13 94 0.173913
13 95 0.134078
13 96 0.059259
13 97 0.052288
13 98 0.119403
13 99 0.208696
14 15 0.017241
14 16 0.033333
14 17 0.040984
14 18 0.013736
14 19 0.018116
14 20 0.013405
14 21 0.012107
14 22 0.013263
14 23 0.018868
14 24 0.014535
14 25 0.013193
14 26 0.017241
14 27 0.833333
14 28 0.020576
14 29 0.016129
14 30 0.108696
14 31 0.052632
14 32 0.018797
14 33 0.058824
14 34 0.018868
14 35 0.020576
14 36 0.012407
14 37 0.039062
14 38 0.012658
14 39 0.022624
14 40 0.013298
14 41 0.031847
14 42 0.017241
14 43 0.028090
14 44 0.013193
14 45 0.034014
14 46 0.031056
14 47 0.020747
14 48 0.012723
14 49 0.013812
14 50 0.312500
14 51 0.021739
14 52 0.031847
14 53 0.020408
14 54 0.013369
14 55 0.013298
14 56 0.016779
14 57 0.018116
14 58 0.076923
14 59 0.028902
14 60 0.083333
14 61 0.023810
14 62 0.029586
14 63 0.015924
14 64 0.037037
14 65 0.012821
14 66 0.047619
14 67 0.027473
14 68 0.023256
14 69 0.043103
14 70 0.019231
14 71 0.031847
14 72 0.012438
14 73 0.017123
14 74 0.058140
14 75 0.057471
14 76 0.015773
14 77 0.016611
14 78 0.034014
14 79 0.034014
14 80 0.038760
14 81 0.040650
14 82 0.068493
14 83 0.064935
14 84 0.051546
14 85 0.030120
14 86 0.019157
14 87 0.020161
14 88 0.012438
14 89 0.025907
14 90 0.012019
14 91 0.017065
14 92 0.017921
14 93 0.019011
14 94 0.043860
14 95 0.102041
14 96 0.015528
14 97 0.011236
14 98 0.116279
14 99 0.044248
15 16 0.068063
15 17 0.097744
15 18 0.115044
15 19 0.069519
15 20 0.063107
15 21 0.107884
15 22 0.062802
15 23 0.171053
15 24 0.086093
15 25 0.119816
15 26 0.070270
15 27 0.088737
15 28 0.509804
15 29 0.093863
15 30 0.077612
15 31 0.103586
15 32 0.962963
15 33 0.069705
15 34 0.087248
15 35 0.132653
15 36 0.080247
15 37 0.069149
15 38 0.061611
15 39 0.086093
15 40 0.102362
15 41 0.062053
15 42 0.204724
15 43 0.158537
15 44 0.143646
15 45 0.121495
15 46 0.172185
15 47 0.097015
15 48 0.203125
15 49 0.106557
15 50 0.093863
15 51 0.254902
15 52 0.063882
15 53 0.220339
15 54 0.063570
15 55 0.072626
15 56 0.174497
15 57 0.084691
15 58 0.084691
15 59 0.160494
15 60 0.076023
15 61 0.175676
15 62 0.066327
15 63 0.962963
15 64 0.076023
15 65 0.094891
15 66 0.106122
15 67 0.055675
15 68 0.262626
15 69 0.094545
15 70 0.440678
15 71 0.109244
15 72 0.095941
15 73 0.268041
15 74 0.095588
15 75 0.124402
15 76 0.412698
15 77 0.155689
15 78 0.061321
15 79 0.154762
15 80 0.084691
15 81 0.154762
15 82 0.073034
15 83 0.107438
15 84 0.067885
15 85 0.065327
15 86 0.181818
15 87 0.464286
15 88 0.060046
15 89 0.216667
15 90 0.058691
15 91 0.105263
15 92 0.131980
15 93 0.305882
15 94 0.131980
15 95 0.087542
15 96 0.142077
15 97 0.133333
15 98 0.082540
15 99 0.089965
16 17 0.062500
16 18 0.046448
16 19 0.097701
16 20 0.060932
16 21 0.040476
16 22 0.060071
16 23 0.057627
16 24 0.056291
16 25 0.043702
16 26 0.087179
16 27 0.111842
16 28 0.049275
16 29 0.061818
16 30 0.123188
16 31 0.069672
16 32 0.047887
16 33 0.146552
16 34 0.080952
16 35 0.067729
16 36 0.046575
16 37 0.586207
16 38 0.056106
16 39 0.106250
16 40 0.046322
16 41 0.309091
16 42 0.051360
16 43 0.075221
16 44 0.041769
16 45 0.058020
16 46 0.058419
16 47 0.043478
16 48 0.037363
16 49 0.047887
16 50 0.104294
16 51 0.048295
16 52 0.500000
16 53 0.045576
16 54 0.060071
16 55 0.054487
16 56 0.051672
16 57 0.077982
16 58 0.082524
16 59 0.055016
16 60 0.161905
16 61 0.066929
16 62 0.850000
16 63 0.042394
16 64 0.386364
16 65 0.045576
16 66 0.123188
16 67 0.124088
16 68 0.059233
16 69 0.064151
16 70 0.050746
16 71 0.106918
16 72 0.043367
16 73 0.041162
16 74 0.151786
16 75 0.091398
16 76 0.043814
16 77 0.038902
16 78 0.200000
16 79 0.079070
16 80 0.062271
16 81 0.071130
16 82 0.101190
16 83 0.116438
16 84 0.104938
16 85 0.944444
16 86 0.043038
16 87 0.051515
16 88 0.055375
16 89 0.053968
16 90 0.053125
16 91 0.062500
16 92 0.040380
16 93 0.052147
16 94 0.067729
16 95 0.088083
16 96 0.050296
16 97 0.034694
16 98 0.097143
16 99 0.065385
17 18 0.026699
17 19 0.028571
17 20 0.023158
17 21 0.024283
17 22 0.023013
17 23 0.035948
17 24 0.026066
17 25 0.026190
17 26 0.027778
17 27 0.091667
17 28 0.051163
17 29 0.028424
17 30 0.076389
17 31 0.333333
17 32 0.044177
17 33 0.059459
17 34 0.030812
17 35 0.036184
17 36 0.023158
17 37 0.044355
17 38 0.022222
17 39 0.034268
17 40 0.025522
17 41 0.040441
17 42 0.034591
17 43 0.048458
17 44 0.027160
17 45 0.200000
17 46 0.095652
17 47 0.090909
17 48 0.028278
17 49 0.026379
17 50 0.100000
17 51 0.063218
17 52 0.039855
17 53 0.062500
17 54 0.023158
17 55 0.023758
17 56 0.033033
17 57 0.029810
17 58 0.142857
17 59 0.103774
17 60 0.063584
17 61 0.043478
17 62 0.037931
17 63 0.037671
17 64 0.043137
17 65 0.024554
17 66 0.055556
17 67 0.040000
17 68 0.047619
17 69 0.916667
17 70 0.042146
17 71 0.045082
17 72 0.024123
17 73 0.048458
17 74 0.056995
17 75 0.078014
17 76 0.035032
17 77 0.052133
17 78 0.042969
17 79 0.056995
17 80 0.261905
17 81 0.088000
17 82 0.080292
17 83 0.066265
17 84 0.066667
17 85 0.038194
17 86 0.061453
17 87 0.045082
17 88 0.021825
17 89 0.074830
17 90 0.021277
17 91 0.030220
17 92 0.062147
17 93 0.039855
17 94 0.139241
17 95 0.132530
17 96 0.030137
17 97 0.024390
17 98 0.104762
17 99 0.423077
18 19 0.093750
18 20 0.101266
18 21 0.436364
18 22 0.101266
18 23 0.226415
18 24 0.214286
18 25 0.857143
18 26 0.100000
18 27 0.065041
18 28 0.097561
18 29 0.216216
18 30 0.059701
18 31 0.062500
18 32 0.111628
18 33 0.056738
18 34 0.137931
18 35 0.195122
18 36 0.228571
18 37 0.063660
18 38 0.101266
18 39 0.111628
18 40 0.827586
18 41 0.057279
18 42 0.228571
18 43 0.126316
18 44 0.333333
18 45 0.063660
18 46 0.076433
18 47 0.051836
18 48 0.141176
18 49 0.960000
18 50 0.066852
18 51 0.078689
18 52 0.060150
18 53 0.072948
18 54 0.103896
18 55 0.147239
18 56 0.285714
18 57 0.137931
18 58 0.057971
18 59 0.071217
18 60 0.061697
18 61 0.149068
18 62 0.065934
18 63 0.110599
18 64 0.073846
18 65 0.480000
18 66 0.090566
18 67 0.048682
18 68 0.128342
18 69 0.057554
18 70 0.132597
18 71 0.110092
18 72 0.510638
18 73 0.074766
18 74 0.081633
18 75 0.084211
18 76 0.142012
18 77 0.061697
18 78 0.054545
18 79 0.107143
18 80 0.053691
18 81 0.083624
18 82 0.055046
18 83 0.083333
18 84 0.052863
18 85 0.064000
18 86 0.066852
18 87 0.121827
18 88 0.096774
18 89 0.080268
18 90 0.094488
18 91 0.244898
18 92 0.058111
18 93 0.155844
18 94 0.071856
18 95 0.060302
18 96 0.489796
18 97 0.150000
18 98 0.059406
18 99 0.056338
19 20 0.209524
19 21 0.071661
19 22 0.200000
19 23 0.093220
19 24 0.138365
19 25 0.077465
19 26 0.956522
19 27 0.078571
19 28 0.061625
19 29 0.150685
19 30 0.076389
19 31 0.062323
19 32 0.063037
19 33 0.078292
19 34 0.255814
19 35 0.119565
19 36 0.101852
19 37 0.110553
19 38 0.170543
19 39 0.293333
19 40 0.089796
19 41 0.097345
19 42 0.080586
19 43 0.100457
19 44 0.069182
19 45 0.057292
19 46 0.062678
19 47 0.044990
19 48 0.055416
19 49 0.092827
19 50 0.077739
19 51 0.056266
19 52 0.107843
19 53 0.052758
19 54 0.201835
19 55 0.148649
19 56 0.084615
19 57 0.261905
19 58 0.064706
19 59 0.058511
19 60 0.085271
19 61 0.096491
19 62 0.136646
19 63 0.057292
19 64 0.143791
19 65 0.090164
19 66 0.115789
19 67 0.071429
19 68 0.078853
19 69 0.057441
19 70 0.069620
19 71 0.141935
19 72 0.083333
19 73 0.049887
19 74 0.113402
19 75 0.086614
19 76 0.062678
19 77 0.045082
19 78 0.085271
19 79 0.094017
19 80 0.054726
19 81 0.073826
19 82 0.068111
19 83 0.100000
19 84 0.067485
19 85 0.127168
19 86 0.049327
19 87 0.068750
19 88 0.164179
19 89 0.060773
19 90 0.149660
19 91 0.135802
19 92 0.045082
19 93 0.074576
19 94 0.066066
19 95 0.067901
19 96 0.088000
19 97 0.053790
19 98 0.070064
19 99 0.057292
20 21 0.014440
20 22 0.800000
20 23 0.015326
20 24 0.031746
20 25 0.015152
20 26 0.046512
20 27 0.010610
20 28 0.009828
20 29 0.028777
20 30 0.010283
20 31 0.009050
20 32 0.010256
20 33 0.010390
20 34 0.032520
20 35 0.018349
20 36 0.025316
20 37 0.013158
20 38 0.160000
20 39 0.025974
20 40 0.018605
20 41 0.012121
20 42 0.013699
20 43 0.014388
20 44 0.013029
20 45 0.008584
20 46 0.009456
20 47 0.007018
20 48 0.009975
20 49 0.018779
20 50 0.010582
20 51 0.008869
20 52 0.012987
20 53 0.008368
20 54 0.571429
20 55 0.050000
20 56 0.014652
20 57 0.035398
20 58 0.009153
20 59 0.008909
20 60 0.011080
20 61 0.014545
20 62 0.015094
20 63 0.009639
20 64 0.015564
20 65 0.019512
20 66 0.014440
20 67 0.009709
20 68 0.012232
20 69 0.008439
20 70 0.011299
20 71 0.017241
20 72 0.017699
20 73 0.008130
20 74 0.013889
20 75 0.011905
20 76 0.010695
20 77 0.007313
20 78 0.011050
20 79 0.013245
20 80 0.008081
20 81 0.010724
20 82 0.009412
20 83 0.012945
20 84 0.009324
20 85 0.014440
20 86 0.007874
20 87 0.011050
20 88 0.133333
20 89 0.009368
20 90 0.093023
20 91 0.023952
20 92 0.007207
20 93 0.012195
20 94 0.009662
20 95 0.009501
20 96 0.016000
20 97 0.010101
20 98 0.009685
20 99 0.008403
21 22 0.119134
21 23 0.220000
21 24 0.212903
21 25 0.970588
21 26 0.113793
21 27 0.078947
21 28 0.121771
21 29 0.204969
21 30 0.073009
21 31 0.077283
21 32 0.139831
21 33 0.069474
21 34 0.145374
21 35 0.188571
21 36 0.257812
21 37 0.076566
21 38 0.120879
21 39 0.122677
21 40 0.515625
21 41 0.069767
21 42 0.242647
21 43 0.139241
21 44 0.532258
21 45 0.079710
21 46 0.094556
21 47 0.066802
21 48 0.211538
21 49 0.464789
21 50 0.081081
21 51 0.099698
21 52 0.072848
21 53 0.093220
21 54 0.121771
21 55 0.165829
21 56 0.272727
21 57 0.146667
21 58 0.071739
21 59 0.088949
21 60 0.074830
21 61 0.160194
21 62 0.078759
21 63 0.145374
21 64 0.087071
21 65 0.452055
21 66 0.104101
21 67 0.060329
21 68 0.147982
21 69 0.071895
21 70 0.159420
21 71 0.121771
21 72 0.611111
21 73 0.097633
21 74 0.095376
21 75 0.099398
21 76 0.184358
21 77 0.081081
21 78 0.066802
21 79 0.122677
21 80 0.067347
21 81 0.100304
21 82 0.068041
21 83 0.097633
21 84 0.065347
21 85 0.076923
21 86 0.086614
21 87 0.147321
21 88 0.116608
21 89 0.100000
21 90 0.114583
21 91 0.217105
21 92 0.075688
21 93 0.180328
21 94 0.088000
21 95 0.074157
21 96 0.358696
21 97 0.261905
21 98 0.073009
21 99 0.070362
22 23 0.022814
22 24 0.047244
22 25 0.022727
22 26 0.066667
22 27 0.015748
22 28 0.014670
22 29 0.042857
22 30 0.015267
22 31 0.013453
22 32 0.015267
22 33 0.015424
22 34 0.047244
22 35 0.027273
22 36 0.038217
22 37 0.019481
22 38 0.285714
22 39 0.037975
22 40 0.027778
22 41 0.017964
22 42 0.020408
22 43 0.021352
22 44 0.019481
22 45 0.012793
22 46 0.014085
22 47 0.010471
22 48 0.014925
22 49 0.028037
22 50 0.015707
22 51 0.013216
22 52 0.019231
22 53 0.012474
22 54 0.857143
22 55 0.075949
22 56 0.021818
22 57 0.051724
22 58 0.013605
22 59 0.013274
22 60 0.016438
22 61 0.021583
22 62 0.022305
22 63 0.014388
22 64 0.022989
22 65 0.029268
22 66 0.021352
22 67 0.014423
22 68 0.018182
22 69 0.012552
22 70 0.016854
22 71 0.025424
22 72 0.026549
22 73 0.012121
22 74 0.020548
22 75 0.017647
22 76 0.015957
22 77 0.010909
22 78 0.016393
22 79 0.019608
22 80 0.012024
22 81 0.015915
22 82 0.013986
22 83 0.019169
22 84 0.013825
22 85 0.021352
22 86 0.011742
22 87 0.016438
22 88 0.230769
22 89 0.013953
22 90 0.153846
22 91 0.035503
22 92 0.010753
22 93 0.018182
22 94 0.014354
22 95 0.014118
22 96 0.023810
22 97 0.015152
22 98 0.014388
22 99 0.012500
23 24 0.223684
23 25 0.293103
23 26 0.149123
23 27 0.125926
23 28 0.219355
23 29 0.269841
23 30 0.111111
23 31 0.121864
23 32 0.257576
23 33 0.102410
23 34 0.220779
23 35 0.641509
23 36 0.183784
23 37 0.113333
23 38 0.125926
23 39 0.200000
23 40 0.267717
23 41 0.098837
23 42 0.871795
23 43 0.386364
23 44 0.293103
23 45 0.125000
23 46 0.161905
23 47 0.094183
23 48 0.204819
23 49 0.298246
23 50 0.131274
23 51 0.161905
23 52 0.103976
23 53 0.144068
23 54 0.131783
23 55 0.163462
23 56 0.971429
23 57 0.212500
23 58 0.109325
23 59 0.145299
23 60 0.114094
23 61 0.607143
23 62 0.114094
23 63 0.220779
23 64 0.134921
23 65 0.232877
23 66 0.195402
23 67 0.082725
23 68 0.400000
23 69 0.109325
23 70 0.357895
23 71 0.248175
23 72 0.225166
23 73 0.142857
23 74 0.165854
23 75 0.185792
23 76 0.290598
23 77 0.112957
23 78 0.094444
23 79 0.283333
23 80 0.099415
23 81 0.186813
23 82 0.100592
23 83 0.177083
23 84 0.094708
23 85 0.110749
23 86 0.127820
23 87 0.317757
23 88 0.120567
23 89 0.171717
23 90 0.116438
23 91 0.357895
23 92 0.106583
23 93 0.500000
23 94 0.149123
23 95 0.114865
23 96 0.566667
23 97 0.173469
23 98 0.111842
23 99 0.105919
24 25 0.244604
24 26 0.244604
24 27 0.097421
24 28 0.110749
24 29 0.971429
24 30 0.090909
24 31 0.086957
24 32 0.119718
24 33 0.088542
24 34 0.365591
24 35 0.274194
24 36 0.531250
24 37 0.106250
24 38 0.267717
24 39 0.237762
24 40 0.369565
24 41 0.095238
24 42 0.192090
24 43 0.170000
24 44 0.186813
24 45 0.085000
24 46 0.098266
24 47 0.068136
24 48 0.122744
24 49 0.386364
24 50 0.098837
24 51 0.094972
24 52 0.101493
24 53 0.088312
24 54 0.280992
24 55 0.596491
24 56 0.217949
24 57 0.395349
24 58 0.084158
24 59 0.091398
24 60 0.096317
24 61 0.184783
24 62 0.115254
24 63 0.112957
24 64 0.127820
24 65 0.395349
24 66 0.141667
24 67 0.077803
24 68 0.147186
24 69 0.080189
24 70 0.137652
24 71 0.181818
24 72 0.314815
24 73 0.087179
24 74 0.129771
24 75 0.120141
24 76 0.132296
24 77 0.075221
24 78 0.088542
24 79 0.146552
24 80 0.075388
24 81 0.111475
24 82 0.082927
24 83 0.125926
24 84 0.080378
24 85 0.110749
24 86 0.081731
24 87 0.131783
24 88 0.244604
24 89 0.099707
24 90 0.231293
24 91 0.548387
24 92 0.072805
24 93 0.155251
24 94 0.096866
24 95 0.087855
24 96 0.265625
24 97 0.125461
24 98 0.087855
24 99 0.078886
25 26 0.175373
25 27 0.122396
25 28 0.193416
25 29 0.338129
25 30 0.112172
25 31 0.119289
25 32 0.224880
25 33 0.106576
25 34 0.233831
25 35 0.330986
25 36 0.373016
25 37 0.117794
25 38 0.178707
25 39 0.195833
25 40 0.921569
25 41 0.106335
25 42 0.447619
25 43 0.231527
25 44 0.979167
25 45 0.123037
25 46 0.147799
25 47 0.101075
25 48 0.317568
25 49 0.921569
25 50 0.125668
25 51 0.155116
25 52 0.111374
25 53 0.144172
25 54 0.182171
25 55 0.248677
25 56 0.534091
25 57 0.233831
25 58 0.110070
25 59 0.138235
25 60 0.115196
25 61 0.273256
25 62 0.121134
25 63 0.229268
25 64 0.135447
25 65 0.691176
25 66 0.166078
25 67 0.091262
25 68 0.246073
25 69 0.110329
25 70 0.264045
25 71 0.197479
25 72 0.824561
25 73 0.150160
25 74 0.150160
25 75 0.157718
25 76 0.299363
25 77 0.122715
25 78 0.101732
25 79 0.199153
25 80 0.102845
25 81 0.158784
25 82 0.104213
25 83 0.154098
25 84 0.099788
25 85 0.117794
25 86 0.132394
25 87 0.241026
25 88 0.171533
25 89 0.156667
25 90 0.167857
25 91 0.376000
25 92 0.114914
25 93 0.307190
25 94 0.137427
25 95 0.114078
25 96 0.810345
25 97 0.353383
25 98 0.112172
25 99 0.107798
26 27 0.234694
26 28 0.193820
26 29 0.530769
26 30 0.226974
26 31 0.189560
26 32 0.199422
26 33 0.230000
26 34 0.920000
26 35 0.389831
26 36 0.353846
26 37 0.315068
26 38 0.627273
26 39 0.873418
26 40 0.303965
26 41 0.279352
26 42 0.261364
26 43 0.315068
26 44 0.226974
26 45 0.176020
26 46 0.193820
26 47 0.138833
26 48 0.178756
26 49 0.313636
26 50 0.233108
26 51 0.175573
26 52 0.306667
26 53 0.164678
26 54 0.775281
26 55 0.547619
26 56 0.277108
26 57 0.985714
26 58 0.194915
26 59 0.180628
26 60 0.250909
26 61 0.306667
26 62 0.379121
26 63 0.182540
26 64 0.403509
26 65 0.306667
26 66 0.346734
26 67 0.209726
26 68 0.249097
26 69 0.174684
26 70 0.221154
26 71 0.431250
26 72 0.280488
26 73 0.156818
26 74 0.334951
26 75 0.263359
26 76 0.200581
26 77 0.140816
26 78 0.247312
26 79 0.291139
26 80 0.166667
26 81 0.226974
26 82 0.202941
26 83 0.298701
26 84 0.200581
26 85 0.355670
26 86 0.154018
26 87 0.217666
26 88 0.600000
26 89 0.189041
26 90 0.534884
26 91 0.466216
26 92 0.140244
26 93 0.238754
26 94 0.202346
26 95 0.204142
26 96 0.291139
26 97 0.174684
26 98 0.209726
26 99 0.174242
27 28 0.065041
27 29 0.050794
27 30 0.380952
27 31 0.170213
27 32 0.059480
27 33 0.192771
27 34 0.059259
27 35 0.064516
27 36 0.039216
27 37 0.124031
27 38 0.040100
27 39 0.071111
27 40 0.041995
27 41 0.101911
27 42 0.054422
27 43 0.087912
27 44 0.041775
27 45 0.108844
27 46 0.098160
27 47 0.066667
27 48 0.040302
27 49 0.043597
27 50 0.941176
27 51 0.069264
27 52 0.101911
27 53 0.065041
27 54 0.042328
27 55 0.041995
27 56 0.052805
27 57 0.056940
27 58 0.262295
27 59 0.091954
27 60 0.271186
27 61 0.074419
27 62 0.093567
27 63 0.050473
27 64 0.115942
27 65 0.040506
27 66 0.145455
27 67 0.088889
27 68 0.073059
27 69 0.140351
27 70 0.060606
27 71 0.098765
27 72 0.039312
27 73 0.054422
27 74 0.175824
27 75 0.175824
27 76 0.049844
27 77 0.052980
27 78 0.109589
27 79 0.105263
27 80 0.128000
27 81 0.126984
27 82 0.231884
27 83 0.195122
27 84 0.172043
27 85 0.095238
27 86 0.061069
27 87 0.063492
27 88 0.039312
27 89 0.082051
27 90 0.038095
27 91 0.053691
27 92 0.057348
27 93 0.059925
27 94 0.139130
27 95 0.355556
27 96 0.048930
27 97 0.035635
27 98 0.421053
27 99 0.145455
28 29 0.133094
28 30 0.128920
28 31 0.185000
28 32 0.973684
28 33 0.113497
28 34 0.128472
28 35 0.194737
28 36 0.109467
28 37 0.110119
28 38 0.088305
28 39 0.130742
28 40 0.135531
28 41 0.097884
28 42 0.260563
28 43 0.266187
28 44 0.172897
28 45 0.225610
28 46 0.366337
28 47 0.163717
28 48 0.210227
28 49 0.141762
28 50 0.161572
28 51 0.616667
28 52 0.100543
28 53 0.440476
28 54 0.091584
28 55 0.102493
28 56 0.225610
28 57 0.124579
28 58 0.143969
28 59 0.327434
28 60 0.124579
28 61 0.278195
28 62 0.103933
28 63 0.480519
28 64 0.120915
28 65 0.126280
28 66 0.177033
28 67 0.087678
28 68 0.462500
28 69 0.164444
28 70 0.560606
28 71 0.175355
28 72 0.126280
28 73 0.430233
28 74 0.158798
28 75 0.224242
28 76 0.355769
28 77 0.253425
28 78 0.097368
28 79 0.276119
28 80 0.144531
28 81 0.308333
28 82 0.120521
28 83 0.184080
28 84 0.110778
28 85 0.102493
28 86 0.327434
28 87 0.725490
28 88 0.086047
28 89 0.528571
28 90 0.083900
28 91 0.149798
28 92 0.221557
28 93 0.397849
28 94 0.253425
28 95 0.149194
28 96 0.185000
28 97 0.153527
28 98 0.139098
28 99 0.155462
29 30 0.087977
29 31 0.084270
29 32 0.116732
29 33 0.085227
29 34 0.441176
29 35 0.329670
29 36 0.315789
29 37 0.103093
29 38 0.205479
29 39 0.258621
29 40 0.300000
29 41 0.090909
29 42 0.193548
29 43 0.180723
29 44 0.170455
29 45 0.081967
29 46 0.095847
29 47 0.064516
29 48 0.113208
29 49 0.329670
29 50 0.096774
29 51 0.091463
29 52 0.097087
29 53 0.084507
29 54 0.223881
29 55 0.357143
29 56 0.222222
29 57 0.461538
29 58 0.081301
29 59 0.088496
29 60 0.093458
29 61 0.197368
29 62 0.111111
29 63 0.107914
29 64 0.126582
29 65 0.297030
29 66 0.145631
29 67 0.073350
29 68 0.149254
29 69 0.076923
29 70 0.136364
29 71 0.196078
29 72 0.247934
29 73 0.082873
29 74 0.131004
29 75 0.120968
29 76 0.127119
29 77 0.071090
29 78 0.084270
29 79 0.152284
29 80 0.072115
29 81 0.111111
29 82 0.079576
29 83 0.127660
29 84 0.076923
29 85 0.106762
29 86 0.077922
29 87 0.129870
29 88 0.191083
29 89 0.097087
29 90 0.179641
29 91 0.967742
29 92 0.068966
29 93 0.155440
29 94 0.094937
29 95 0.084986
29 96 0.263158
29 97 0.111940
29 98 0.084986
29 99 0.075758
30 31 0.266129
30 32 0.106109
30 33 0.767442
30 34 0.114187
30 35 0.117857
30 36 0.075862
30 37 0.294643
30 38 0.080097
30 39 0.136364
30 40 0.080097
30 41 0.255814
30 42 0.099398
30 43 0.150685
30 44 0.078571
30 45 0.183333
30 46 0.162562
30 47 0.125000
30 48 0.075342
30 49 0.082707
30 50 0.559322
30 51 0.121324
30 52 0.244444
30 53 0.115385
30 54 0.084399
30 55 0.082500
30 56 0.097345
30 57 0.110000
30 58 0.471429
30 59 0.154930
30 60 0.970588
30 61 0.130952
30 62 0.208861
30 63 0.091922
30 64 0.240876
30 65 0.077647
30 66 0.239130
30 67 0.235714
30 68 0.126923
30 69 0.244444
30 70 0.108197
30 71 0.174603
30 72 0.075171
30 73 0.098802
30 74 0.292035
30 75 0.251908
30 76 0.091160
30 77 0.097633
30 78 0.292035
30 79 0.173684
30 80 0.240876
30 81 0.196429
30 82 0.891892
30 83 0.286957
30 84 0.622642
30 85 0.215686
30 86 0.110000
30 87 0.112628
30 88 0.078759
30 89 0.140426
30 90 0.076389
30 91 0.101227
30 92 0.105769
30 93 0.107492
30 94 0.214286
30 95 0.532258
30 96 0.091160
30 97 0.067485
30 98 0.825000
30 99 0.257812
31 32 0.141631
31 33 0.198795
31 34 0.101538
31 35 0.120000
31 36 0.074324
31 37 0.148649
31 38 0.071274
31 39 0.114187
31 40 0.082090
31 41 0.132530
31 42 0.112628
31 43 0.166667
31 44 0.086614
31 45 0.568966
31 46 0.326733
31 47 0.224490
31 48 0.088949
31 49 0.085052
31 50 0.407407
31 51 0.197605
31 52 0.131474
31 53 0.189655
31 54 0.074492
31 55 0.076389
31 56 0.107492
31 57 0.097923
31 58 0.515625
31 59 0.330000
31 60 0.220000
31 61 0.147321
31 62 0.125475
31 63 0.119134
31 64 0.146018
31 65 0.078759
31 66 0.198795
31 67 0.126923
31 68 0.159420
31 69 0.970588
31 70 0.137500
31 71 0.155660
31 72 0.077103
31 73 0.146667
31 74 0.204969
31 75 0.302752
31 76 0.111864
31 77 0.151376
31 78 0.139831
31 79 0.202454
31 80 0.515625
31 81 0.333333
31 82 0.264000
31 83 0.246269
31 84 0.214286
31 85 0.126437
31 86 0.181319
31 87 0.147321
31 88 0.070064
31 89 0.244444
31 90 0.068041
31 91 0.099099
31 92 0.173684
31 93 0.130435
31 94 0.589286
31 95 0.515625
31 96 0.097633
31 97 0.076389
31 98 0.379310
31 99 0.767442
32 33 0.083333
32 34 0.105455
32 35 0.166667
32 36 0.093548
32 37 0.082857
32 38 0.072319
32 39 0.105072
32 40 0.119835
32 41 0.073980
32 42 0.258929
32 43 0.211679
32 44 0.162921
32 45 0.145000
32 46 0.214815
32 47 0.110266
32 48 0.207143
32 49 0.125541
32 50 0.114173
32 51 0.302083
32 52 0.076115
32 53 0.245763
32 54 0.074935
32 55 0.085546
32 56 0.216418
32 57 0.102473
32 58 0.101399
32 59 0.194631
32 60 0.091483
32 61 0.237705
32 62 0.079452
32 63 0.591837
32 64 0.092063
32 65 0.110687
32 66 0.133028
32 67 0.065611
32 68 0.397260
32 69 0.112403
32 70 0.783784
32 71 0.137441
32 72 0.111111
32 73 0.268519
32 74 0.118367
32 75 0.158470
32 76 0.432836
32 77 0.165714
32 78 0.072864
32 79 0.205674
32 80 0.100000
32 81 0.200000
32 82 0.087087
32 83 0.134259
32 84 0.080556
32 85 0.078167
32 86 0.198630
32 87 0.966667
32 88 0.070388
32 89 0.273585
32 90 0.068558
32 91 0.127753
32 92 0.145000
32 93 0.439394
32 94 0.162921
32 95 0.105072
32 96 0.170588
32 97 0.142157
32 98 0.099315
32 99 0.107011
33 34 0.114865
33 35 0.112957
33 36 0.076233
33 37 0.386364
33 38 0.083130
33 39 0.138211
33 40 0.078886
33 41 0.361702
33 42 0.094183
33 43 0.137652
33 44 0.076063
33 45 0.152466
33 46 0.138776
33 47 0.111475
33 48 0.072187
33 49 0.081535
33 50 0.343434
33 51 0.108280
33 52 0.326923
33 53 0.103659
33 54 0.087629
33 55 0.083951
33 56 0.092896
33 57 0.111111
33 58 0.311927
33 59 0.133333
33 60 0.971429
33 61 0.121864
33 62 0.250000
33 63 0.085642
33 64 0.263566
33 65 0.076923
33 66 0.213836
33 67 0.350515
33 68 0.116041
33 69 0.194286
33 70 0.100295
33 71 0.165049
33 72 0.074398
33 73 0.090426
33 74 0.263566
33 75 0.204819
33 76 0.085642
33 77 0.089239
33 78 0.472222
33 79 0.153846
33 80 0.196532
33 81 0.164251
33 82 0.607143
33 83 0.239437
33 84 0.739130
33 85 0.265625
33 86 0.099415
33 87 0.103343
33 88 0.082126
33 89 0.122744
33 90 0.079625
33 91 0.100000
33 92 0.095775
33 93 0.100000
33 94 0.173469
33 95 0.326923
33 96 0.088312
33 97 0.065385
33 98 0.419753
33 99 0.203593
34 35 0.106796
34 36 0.070968
34 37 0.048246
34 38 0.078014
34 39 0.215686
34 40 0.065868
34 41 0.041509
34 42 0.057895
34 43 0.070513
34 44 0.047210
34 45 0.031977
34 46 0.036667
34 47 0.024554
34 48 0.035256
34 49 0.070064
34 50 0.041199
34 51 0.033435
34 52 0.045267
34 53 0.030899
34 54 0.090164
34 55 0.098214
34 56 0.062857
34 57 0.916667
34 58 0.033537
34 59 0.033742
34 60 0.041353
34 61 0.070968
34 62 0.054187
34 63 0.036066
34 64 0.062857
34 65 0.065089
34 66 0.067485
34 67 0.031884
34 68 0.052885
34 69 0.030812
34 70 0.045833
34 71 0.097345
34 72 0.058201
34 73 0.029491
34 74 0.061111
34 75 0.050691
34 76 0.040741
34 77 0.025822
34 78 0.037671
34 79 0.061111
34 80 0.028871
34 81 0.043825
34 82 0.033742
34 83 0.056410
34 84 0.032738
34 85 0.051163
34 86 0.028497
34 87 0.044715
34 88 0.073333
34 89 0.036184
34 90 0.067485
34 91 0.141026
34 92 0.025463
34 93 0.050926
34 94 0.037543
34 95 0.035370
34 96 0.066667
34 97 0.033846
34 98 0.035831
34 99 0.030471
35 36 0.350877
35 37 0.231660
35 38 0.262009
35 39 0.508475
35 40 0.451128
35 41 0.198675
35 42 0.659341
35 43 0.769231
35 44 0.384615
35 45 0.215827
35 46 0.269058
35 47 0.159574
35 48 0.276498
35 49 0.504202
35 50 0.250000
35 51 0.252101
35 52 0.211268
35 53 0.226415
35 54 0.279070
35 55 0.344828
35 56 0.731707
35 57 0.540541
35 58 0.202020
35 59 0.240964
35 60 0.224719
35 61 0.983607
35 62 0.238095
35 63 0.297030
35 64 0.288462
35 65 0.405405
35 66 0.419580
35 67 0.160428
35 68 0.540541
35 69 0.194805
35 70 0.434783
35 71 0.618557
35 72 0.375000
35 73 0.218182
35 74 0.348837
35 75 0.355030
35 76 0.357143
35 77 0.180180
35 78 0.186916
35 79 0.535714
35 80 0.178571
35 81 0.327869
35 82 0.191083
35 83 0.359281
35 84 0.180180
35 85 0.229008
35 86 0.203390
35 87 0.413793
35 88 0.248963
35 89 0.273973
35 90 0.238095
35 91 0.967742
35 92 0.173913
35 93 0.530973
35 94 0.260870
35 95 0.213523
35 96 0.681818
35 97 0.247934
35 98 0.211268
35 99 0.190476
36 37 0.148825
36 38 0.380000
36 39 0.276699
36 40 0.750000
36 41 0.135714
36 42 0.286432
36 43 0.228916
36 44 0.329480
36 45 0.127232
36 46 0.146154
36 47 0.104972
36 48 0.208791
36 49 0.686747
36 50 0.141439
36 51 0.144670
36 52 0.143216
36 53 0.135714
36 54 0.375000
36 55 0.721519
36 56 0.322034
36 57 0.385135
36 58 0.123377
36 59 0.137019
36 60 0.137349
36 61 0.250000
36 62 0.159218
36 63 0.179245
36 64 0.173252
36 65 0.982759
36 66 0.190635
36 67 0.114000
36 68 0.212687
36 69 0.119247
36 70 0.208029
36 71 0.230769
36 72 0.760000
36 73 0.136364
36 74 0.176471
36 75 0.168639
36 76 0.210332
36 77 0.118012
36 78 0.127517
36 79 0.202128
36 80 0.112648
36 81 0.161017
36 82 0.121019
36 83 0.173780
36 84 0.117769
36 85 0.154054
36 86 0.126667
36 87 0.197917
36 88 0.358491
36 89 0.149606
36 90 0.351852
36 91 0.508929
36 92 0.113320
36 93 0.231707
36 94 0.142145
36 95 0.128090
36 96 0.401408
36 97 0.226190
36 98 0.127803
36 99 0.117526
37 38 0.094512
37 39 0.175141
37 40 0.081579
37 41 0.704545
37 42 0.092814
37 43 0.137778
37 44 0.075061
37 45 0.113553
37 46 0.112727
37 47 0.084239
37 48 0.067982
37 49 0.084469
37 50 0.218310
37 51 0.091445
37 52 0.968750
37 53 0.086351
37 54 0.100977
37 55 0.093093
37 56 0.092814
37 57 0.130802
37 58 0.172222
37 59 0.105802
37 60 0.397436
37 61 0.121569
37 62 0.645833
37 63 0.078086
37 64 0.574074
37 65 0.079897
37 66 0.231343
37 67 0.262712
37 68 0.109155
37 69 0.128631
37 70 0.093373
37 71 0.189024
37 72 0.076543
37 73 0.077307
37 74 0.295238
37 75 0.178161
37 76 0.080311
37 77 0.073634
37 78 0.476923
37 79 0.147619
37 80 0.125506
37 81 0.137168
37 82 0.221429
37 83 0.227941
37 84 0.231343
37 85 0.756098
37 86 0.081794
37 87 0.095385
37 88 0.093373
37 89 0.102649
37 90 0.089855
37 91 0.108392
37 92 0.076923
37 93 0.095385
37 94 0.132479
37 95 0.184524
37 96 0.089595
37 97 0.062626
37 98 0.208054
37 99 0.131356
38 39 0.062857
38 40 0.051643
38 41 0.031073
38 42 0.036667
38 43 0.037415
38 44 0.035714
38 45 0.022727
38 46 0.025000
38 47 0.018707
38 48 0.027295
38 49 0.051643
38 50 0.027569
38 51 0.023656
38 52 0.033133
38 53 0.022358
38 54 0.523810
38 55 0.146667
38 56 0.039286
38 57 0.085271
38 58 0.023965
38 59 0.023605
38 60 0.028646
38 61 0.038194
38 62 0.038062
38 63 0.026005
38 64 0.039146
38 65 0.054726
38 66 0.036913
38 67 0.025229
38 68 0.032353
38 69 0.022267
38 70 0.030220
38 71 0.043651
38 72 0.049774
38 73 0.021825
38 74 0.035484
38 75 0.030899
38 76 0.028871
38 77 0.019608
38 78 0.028497
38 79 0.034483
38 80 0.021318
38 81 0.028133
38 82 0.024554
38 83 0.033333
38 84 0.024283
38 85 0.036545
38 86 0.021073
38 87 0.029491
38 88 0.916667
38 89 0.024887
38 90 0.478261
38 91 0.062500
38 92 0.019298
38 93 0.032641
38 94 0.025404
38 95 0.024887
38 96 0.043137
38 97 0.027919
38 98 0.025287
38 99 0.022133
39 40 0.284360
39 41 0.280374
39 42 0.287081
39 43 0.416667
39 44 0.225564
39 45 0.190476
39 46 0.215827
39 47 0.142857
39 48 0.179104
39 49 0.300000
39 50 0.266667
39 51 0.189873
39 52 0.310881
39 53 0.174927
39 54 0.387097
39 55 0.375000
39 56 0.301508
39 57 0.983607
39 58 0.210526
39 59 0.198020
39 60 0.276498
39 61 0.387097
39 62 0.389610
39 63 0.191693
39 64 0.483871
39 65 0.277778
39 66 0.483871
39 67 0.203390
39 68 0.292683
39 69 0.187500
39 70 0.244898
39 71 0.731707
39 72 0.255319
39 73 0.163934
39 74 0.444444
39 75 0.326087
39 76 0.212014
39 77 0.145278
39 78 0.248963
39 79 0.375000
39 80 0.175439
39 81 0.266667
39 82 0.215827
39 83 0.384615
39 84 0.209059
39 85 0.361446
39 86 0.161725
39 87 0.242915
39 88 0.327869
39 89 0.209059
39 90 0.304569
39 91 0.512821
39 92 0.144928
39 93 0.267857
39 94 0.228137
39 95 0.223881
39 96 0.306122
39 97 0.168539
39 98 0.229008
39 99 0.185759
40 41 0.033254
40 42 0.106870
40 43 0.067961
40 44 0.142857
40 45 0.035176
40 46 0.041667
40 47 0.028747
40 48 0.070707
40 49 0.933333
40 50 0.037534
40 51 0.042424
40 52 0.035000
40 53 0.039326
40 54 0.066667
40 55 0.100719
40 56 0.127273
40 57 0.085366
40 58 0.032634
40 59 0.038889
40 60 0.035176
40 61 0.078212
40 62 0.038462
40 63 0.057143
40 64 0.042813
40 65 0.666667
40 66 0.050909
40 67 0.028169
40 68 0.066667
40 69 0.032184
40 70 0.067633
40 71 0.061947
40 72 0.518519
40 73 0.040115
40 74 0.046358
40 75 0.046512
40 76 0.071066
40 77 0.033654
40 78 0.031532
40 79 0.058333
40 80 0.030108
40 81 0.045603
40 82 0.031320
40 83 0.046667
40 84 0.030172
40 85 0.037333
40 86 0.036364
40 87 0.062780
40 88 0.062500
40 89 0.043344
40 90 0.060870
40 91 0.147368
40 92 0.031891
40 93 0.077778
40 94 0.039548
40 95 0.033898
40 96 0.191781
40 97 0.076923
40 98 0.033573
40 99 0.031532
41 42 0.058201
41 43 0.081784
41 44 0.048140
41 45 0.072607
41 46 0.070513
41 47 0.055980
41 48 0.044000
41 49 0.053922
41 50 0.127907
41 51 0.058355
41 52 0.956522
41 53 0.055556
41 54 0.065868
41 55 0.060109
41 56 0.058201
41 57 0.080586
41 58 0.110553
41 59 0.067278
41 60 0.222222
41 61 0.073579
41 62 0.333333
41 63 0.050000
41 64 0.231579
41 65 0.051402
41 66 0.124294
41 67 0.265060
41 68 0.067278
41 69 0.083333
41 70 0.058667
41 71 0.106280
41 72 0.049327
41 73 0.050114
41 74 0.148649
41 75 0.102804
41 76 0.051163
41 77 0.048352
41 78 0.628571
41 79 0.086957
41 80 0.083019
41 81 0.083019
41 82 0.147651
41 83 0.124294
41 84 0.164179
41 85 0.407407
41 86 0.053140
41 87 0.059783
41 88 0.061625
41 89 0.064706
41 90 0.059459
41 91 0.067485
41 92 0.050575
41 93 0.059621
41 94 0.082397
41 95 0.115789
41 96 0.056555
41 97 0.040816
41 98 0.130178
41 99 0.085603
42 43 0.182609
42 44 0.233333
42 45 0.075540
42 46 0.098592
42 47 0.058333
42 48 0.164062
42 49 0.175000
42 50 0.074468
42 51 0.104478
42 52 0.058011
42 53 0.093333
42 54 0.072917
42 55 0.090129
42 56 0.954545
42 57 0.107143
42 58 0.063444
42 59 0.088983
42 60 0.064220
42 61 0.256098
42 62 0.062687
42 63 0.169355
42 64 0.072917
42 65 0.139073
42 66 0.101942
42 67 0.047404
42 68 0.238636
42 69 0.064815
42 70 0.272727
42 71 0.122093
42 72 0.139073
42 73 0.095455
42 74 0.088983
42 75 0.102439
42 76 0.256098
42 77 0.073427
42 78 0.053435
42 79 0.146853
42 80 0.059155
42 81 0.108247
42 82 0.057851
42 83 0.095455
42 84 0.054545
42 85 0.061047
42 86 0.082353
42 87 0.228261
42 88 0.067524
42 89 0.107143
42 90 0.065421
42 91 0.168000
42 92 0.067961
42 93 0.420000
42 94 0.087500
42 95 0.066246
42 96 0.362069
42 97 0.130435
42 98 0.064220
42 99 0.062687
43 44 0.158416
43 45 0.159204
43 46 0.216216
43 47 0.106667
43 48 0.138528
43 49 0.166667
43 50 0.187135
43 51 0.183908
43 52 0.125490
43 53 0.159204
43 54 0.115523
43 55 0.129555
43 56 0.264463
43 57 0.192771
43 58 0.142222
43 59 0.183908
43 60 0.150235
43 61 0.969697
43 62 0.137339
43 63 0.177778
43 64 0.174863
43 65 0.144144
43 66 0.344086
43 67 0.096677
43 68 0.492308
43 69 0.138528
43 70 0.288288
43 71 0.432432
43 72 0.137931
43 73 0.144144
43 74 0.258065
43 75 0.333333
43 76 0.197531
43 77 0.117647
43 78 0.113879
43 79 0.914286
43 80 0.123077
43 81 0.301887
43 82 0.128000
43 83 0.301887
43 84 0.117647
43 85 0.133333
43 86 0.138528
43 87 0.293578
43 88 0.105263
43 89 0.214765
43 90 0.101266
43 91 0.230216
43 92 0.115523
43 93 0.320000
43 94 0.210526
43 95 0.153110
43 96 0.219178
43 97 0.116788
43 98 0.148148
43 99 0.133891
44 45 0.192308
44 46 0.234899
44 47 0.159453
44 48 0.693069
44 49 0.729167
44 50 0.188679
44 51 0.256410
44 52 0.159453
44 53 0.237288
44 54 0.231788
44 55 0.299145
44 56 0.853659
44 57 0.297872
44 58 0.166271
44 59 0.220126
44 60 0.169492
44 61 0.414201
44 62 0.171569
44 63 0.421687
44 64 0.192308
44 65 0.608696
44 66 0.241379
44 67 0.133080
44 68 0.400000
44 69 0.169903
44 70 0.463576
44 71 0.280000
44 72 0.679612
44 73 0.252708
44 74 0.218750
44 75 0.238095
44 76 0.588235
44 77 0.201729
44 78 0.147368
44 79 0.301724
44 80 0.157658
44 81 0.247350
44 82 0.155211
44 83 0.228013
44 84 0.147992
44 85 0.167464
44 86 0.216718
44 87 0.416667
44 88 0.219436
44 89 0.253623
44 90 0.215385
44 91 0.445860
44 92 0.185676
44 93 0.534351
44 94 0.213415
44 95 0.172414
44 96 0.985915
44 97 0.760870
44 98 0.168269
44 99 0.165485
45 46 0.761194
45 47 0.481132
45 48 0.150000
45 49 0.132468
45 50 0.386364
45 51 0.425000
45 52 0.168317
45 53 0.421488
45 54 0.109677
45 55 0.114607
45 56 0.172881
45 57 0.143258
45 58 0.421488
45 59 0.962264
45 60 0.248780
45 61 0.229730
45 62 0.163987
45 63 0.212500
45 64 0.189591
45 65 0.122596
45 66 0.261538
45 67 0.160883
45 68 0.267016
45 69 0.772727
45 70 0.237209
45 71 0.217949
45 72 0.120853
45 73 0.294798
45 74 0.256281
45 75 0.389313
45 76 0.192453
45 77 0.316770
45 78 0.175258
45 79 0.301775
45 80 0.536842
45 81 0.531250
45 82 0.280220
45 83 0.307229
45 84 0.241706
45 85 0.164516
45 86 0.404762
45 87 0.257576
45 88 0.103239
45 89 0.536842
45 90 0.100592
45 91 0.150442
45 92 0.383459
45 93 0.217949
45 94 0.980769
45 95 0.421488
45 96 0.155015
45 97 0.126551
45 98 0.354167
45 99 0.637500
46 47 0.169935
46 48 0.094545
46 49 0.080495
46 50 0.178082
46 51 0.376812
46 52 0.084691
46 53 0.309524
46 54 0.061611
46 55 0.065823
46 56 0.112554
46 57 0.083601
46 58 0.161491
46 59 0.962963
46 60 0.118182
46 61 0.159509
46 62 0.084967
46 63 0.146067
46 64 0.100386
46 65 0.073239
46 66 0.152941
46 67 0.076023
46 68 0.204724
46 69 0.209677
46 70 0.174497
46 71 0.131980
46 72 0.072222
46 73 0.198473
46 74 0.142077
46 75 0.242991
46 76 0.130000
46 77 0.176871
46 78 0.084691
46 79 0.214876
46 80 0.166667
46 81 0.472727
46 82 0.120370
46 83 0.175676
46 84 0.106122
46 85 0.084416
46 86 0.247619
46 87 0.196970
46 88 0.057778
46 89 0.764706
46 90 0.056277
46 91 0.091228
46 92 0.188406
46 93 0.154762
46 94 0.509804
46 95 0.167742
46 96 0.097744
46 97 0.076923
46 98 0.148571
46 99 0.188406
47 48 0.237975
47 49 0.198312
47 50 0.412281
47 51 0.562874
47 52 0.237374
47 53 0.622517
47 54 0.165202
47 55 0.172161
47 56 0.247368
47 57 0.204793
47 58 0.479592
47 59 0.734375
47 60 0.319728
47 61 0.297468
47 62 0.229829
47 63 0.321918
47 64 0.253369
47 65 0.185771
47 66 0.313333
47 67 0.239796
47 68 0.339350
47 69 0.723077
47 70 0.326389
47 71 0.277286
47 72 0.184314
47 73 0.492147
47 74 0.310231
47 75 0.398305
47 76 0.286585
47 77 0.671429
47 78 0.250000
47 79 0.348148
47 80 0.686131
47 81 0.474747
47 82 0.368627
47 83 0.346863
47 84 0.334520
47 85 0.230958
47 86 0.712121
47 87 0.346863
47 88 0.157191
47 89 0.569697
47 90 0.153846
47 91 0.215103
47 92 0.989474
47 93 0.301282
47 94 0.598726
47 95 0.463054
47 96 0.226506
47 97 0.203463
47 98 0.417778
47 99 0.676259
48 49 0.345361
48 50 0.174935
48 51 0.292576
48 52 0.138144
48 53 0.273469
48 54 0.169192
48 55 0.202417
48 56 0.485507
48 57 0.212025
48 58 0.158768
48 59 0.232639
48 60 0.152968
48 61 0.333333
48 62 0.145652
48 63 0.644231
48 64 0.162621
48 65 0.310185
48 66 0.206790
48 67 0.119643
48 68 0.374302
48 69 0.168342
48 70 0.496296
48 71 0.225589
48 72 0.330049
48 73 0.316038
48 74 0.189266
48 75 0.218241
48 76 0.870130
48 77 0.238434
48 78 0.131115
48 79 0.265873
48 80 0.155814
48 81 0.240143
48 82 0.144397
48 83 0.201807
48 84 0.137014
48 85 0.143162
48 86 0.251880
48 87 0.449664
48 88 0.161446
48 89 0.273469
48 90 0.158768
48 91 0.279167
48 92 0.210692
48 93 0.503759
48 94 0.212025
48 95 0.163415
48 96 0.440789
48 97 0.985294
48 98 0.157647
48 99 0.163017
49 50 0.089136
49 51 0.100313
49 52 0.082474
49 53 0.093023
49 54 0.153846
49 55 0.230216
49 56 0.326531
49 57 0.206452
49 58 0.077108
49 59 0.092219
49 60 0.083333
49 61 0.193939
49 62 0.090909
49 63 0.135593
49 64 0.101911
49 65 0.969697
49 66 0.122605
49 67 0.065979
49 68 0.162437
49 69 0.076010
49 70 0.163265
49 71 0.150943
49 72 0.780488
49 73 0.094675
49 74 0.110727
49 75 0.111498
49 76 0.169312
49 77 0.079012
49 78 0.074246
49 79 0.141593
49 80 0.070953
49 81 0.109215
49 82 0.073903
49 83 0.111888
49 84 0.070953
49 85 0.088154
49 86 0.085561
49 87 0.151659
49 88 0.142857
49 89 0.103226
49 90 0.139130
49 91 0.380952
49 92 0.074941
49 93 0.190476
49 94 0.094118
49 95 0.080201
49 96 0.516129
49 97 0.174863
49 98 0.079404
49 99 0.074419
50 51 0.200000
50 52 0.251462
50 53 0.186957
50 54 0.113456
50 55 0.113757
50 56 0.147766
50 57 0.154122
50 58 0.704918
50 59 0.272152
50 60 0.573333
50 61 0.211823
50 62 0.236264
50 63 0.142384
50 64 0.294521
50 65 0.111111
50 66 0.405660
50 67 0.219388
50 68 0.209756
50 69 0.409524
50 70 0.172691
50 71 0.272152
50 72 0.107769
50 73 0.155235
50 74 0.472527
50 75 0.551282
50 76 0.140065
50 77 0.150350
50 78 0.265432
50 79 0.307143
50 80 0.358333
50 81 0.390909
50 82 0.524390
50 83 0.573333
50 84 0.401869
50 85 0.238889
50 86 0.174797
50 87 0.181435
50 88 0.105651
50 89 0.241573
50 90 0.102138
50 91 0.147766
50 92 0.162879
50 93 0.169291
50 94 0.438776
50 95 0.977273
50 96 0.136076
50 97 0.098624
50 98 0.955556
50 99 0.417476
51 52 0.072776
51 53 0.964286
51 54 0.060134
51 55 0.065693
51 56 0.122172
51 57 0.079646
51 58 0.117904
51 59 0.397059
51 60 0.094077
51 61 0.152542
51 62 0.073770
51 63 0.212598
51 64 0.084906
51 65 0.076923
51 66 0.121076
51 67 0.065693
51 68 0.210938
51 69 0.145946
51 70 0.216000
51 71 0.113445
51 72 0.076923
51 73 0.428571
51 74 0.111570
51 75 0.162651
51 76 0.167702
51 77 0.275510
51 78 0.072000
51 79 0.170886
51 80 0.125581
51 81 0.236842
51 82 0.094737
51 83 0.130435
51 84 0.085987
51 85 0.073171
51 86 0.465517
51 87 0.247706
51 88 0.056723
51 89 0.710526
51 90 0.055441
51 91 0.090604
51 92 0.245455
51 93 0.178808
51 94 0.225000
51 95 0.121076
51 96 0.104651
51 97 0.091216
51 98 0.110656
51 99 0.135678
52 53 0.079487
52 54 0.099359
52 55 0.090116
52 56 0.086111
52 57 0.123506
52 58 0.151220
52 59 0.095679
52 60 0.300971
52 61 0.109155
52 62 0.704545
52 63 0.072430
52 64 0.407895
52 65 0.076167
52 66 0.189024
52 67 0.295238
52 68 0.098726
52 69 0.115672
52 70 0.085635
52 71 0.163158
52 72 0.072941
52 73 0.071594
52 74 0.227941
52 75 0.150485
52 76 0.074519
52 77 0.068584
52 78 0.563636
52 79 0.128631
52 80 0.113971
52 81 0.120155
52 82 0.194969
52 83 0.185629
52 84 0.209459
52 85 0.968750
52 86 0.075610
52 87 0.087079
52 88 0.092262
52 89 0.092814
52 90 0.089080
52 91 0.101307
52 92 0.071594
52 93 0.087571
52 94 0.116981
52 95 0.159794
52 96 0.083558
52 97 0.059387
52 98 0.178161
52 99 0.118321
53 54 0.063025
53 55 0.068493
53 56 0.121457
53 57 0.081967
53 58 0.126582
53 59 0.405405
53 60 0.099010
53 61 0.146341
53 62 0.077320
53 63 0.211268
53 64 0.088235
53 65 0.079787
53 66 0.121951
53 67 0.070588
53 68 0.193548
53 69 0.160428
53 70 0.201342
53 71 0.113636
53 72 0.079787
53 73 0.576923
53 74 0.113636
53 75 0.159574
53 76 0.166667
53 77 0.422535
53 78 0.076726
53 79 0.163043
53 80 0.139535
53 81 0.222222
53 82 0.101695
53 83 0.131004
53 84 0.092593
53 85 0.076923
53 86 0.967742
53 87 0.225564
53 88 0.059642
53 89 0.508475
53 90 0.058252
53 91 0.092308
53 92 0.357143
53 93 0.170455
53 94 0.227273
53 95 0.128755
53 96 0.106007
53 97 0.096154
53 98 0.117647
53 99 0.149254
54 55 0.378378
54 56 0.104089
54 57 0.252252
54 58 0.063927
54 59 0.062500
54 60 0.077135
54 61 0.102564
54 62 0.104089
54 63 0.068127
54 64 0.107692
54 65 0.140704
54 66 0.100719
54 67 0.067308
54 68 0.086154
54 69 0.059072
54 70 0.079772
54 71 0.120690
54 72 0.127273
54 73 0.057260
54 74 0.096886
54 75 0.083333
54 76 0.075676
54 77 0.051376
54 78 0.076503
54 79 0.093023
54 80 0.056452
54 81 0.075269
54 82 0.065574
54 83 0.090323
54 84 0.064815
54 85 0.099644
54 86 0.055336
54 87 0.077994
54 88 0.965517
54 89 0.065882
54 90 0.666667
54 91 0.170732
54 92 0.050633
54 93 0.086420
54 94 0.067633
54 95 0.066351
54 96 0.113821
54 97 0.071795
54 98 0.067470
54 99 0.058700
55 56 0.400943
55 57 0.841584
55 58 0.194064
55 59 0.201900
55 60 0.226064
55 61 0.361702
55 62 0.282392
55 63 0.238095
55 64 0.302491
55 65 0.669291
55 66 0.311355
55 67 0.189732
55 68 0.299296
55 69 0.183190
55 70 0.281457
55 71 0.382883
55 72 0.578231
55 73 0.191011
55 74 0.292096
55 75 0.263158
55 76 0.271565
55 77 0.167984
55 78 0.214646
55 79 0.306859
55 80 0.173469
55 81 0.242857
55 82 0.194508
55 83 0.279605
55 84 0.190157
55 85 0.270701
55 86 0.181237
55 87 0.271565
55 88 0.988372
55 89 0.216837
55 90 0.923913
55 91 0.745614
55 92 0.163776
55 93 0.309091
55 94 0.215190
55 95 0.201900
55 96 0.461957
55 97 0.265625
55 98 0.203349
55 99 0.180851
56 57 0.200000
56 58 0.105263
56 59 0.141732
56 60 0.108434
56 61 0.409091
56 62 0.108761
56 63 0.248276
56 64 0.125874
56 65 0.276923
56 66 0.172249
56 67 0.080717
56 68 0.346154
56 69 0.106195
56 70 0.363636
56 71 0.210526
56 72 0.274809
56 73 0.148760
56 74 0.150628
56 75 0.168224
56 76 0.356436
56 77 0.116883
56 78 0.091371
56 79 0.236842
56 80 0.097297
56 81 0.172249
56 82 0.097035
56 83 0.159292
56 84 0.091837
56 85 0.105572
56 86 0.130435
56 87 0.315789
56 88 0.123711
56 89 0.167442
56 90 0.119601
56 91 0.336449
56 92 0.109091
56 93 0.507042
56 94 0.141176
56 95 0.110092
56 96 0.972973
56 97 0.222222
56 98 0.107143
56 99 0.103152
57 58 0.230088
57 59 0.231454
57 60 0.282609
57 61 0.472727
57 62 0.371429
57 63 0.249201
57 64 0.423913
57 65 0.472727
57 66 0.448276
57 67 0.220339
57 68 0.359447
57 69 0.211382
57 70 0.314516
57 71 0.624000
57 72 0.421622
57 73 0.204188
57 74 0.408377
57 75 0.340611
57 76 0.282609
57 77 0.178899
57 78 0.259136
57 79 0.408377
57 80 0.198473
57 81 0.297710
57 82 0.231454
57 83 0.378641
57 84 0.224784
57 85 0.351351
57 86 0.196970
57 87 0.305882
57 88 0.561151
57 89 0.247619
57 90 0.513158
57 91 0.987342
57 92 0.176072
57 93 0.349776
57 94 0.256579
57 95 0.242236
57 96 0.467066
57 97 0.239264
57 98 0.245283
57 99 0.209115
58 59 0.098160
58 60 0.156863
58 61 0.062745
58 62 0.071111
58 63 0.048048
58 64 0.081218
58 65 0.036036
58 66 0.096386
58 67 0.080402
58 68 0.064257
58 69 0.238806
58 70 0.055556
58 71 0.073394
58 72 0.035165
58 73 0.055556
58 74 0.106667
58 75 0.124031
58 76 0.046377
58 77 0.056738
58 78 0.088889
58 79 0.083770
58 80 0.235294
58 81 0.111888
58 82 0.258065
58 83 0.118519
58 84 0.177778
58 85 0.072398
58 86 0.065041
58 87 0.058394
58 88 0.034261
58 89 0.082051
58 90 0.033333
58 91 0.045714
58 92 0.063745
58 93 0.053872
58 94 0.142857
58 95 0.941176
58 96 0.043243
58 97 0.033403
58 98 0.516129
58 99 0.275862
59 60 0.185345
59 61 0.227513
59 62 0.132308
59 63 0.228723
59 64 0.154122
59 65 0.113456
59 66 0.222798
59 67 0.122159
59 68 0.284768
59 69 0.367521
59 70 0.255952
59 71 0.193694
59 72 0.112272
59 73 0.344000
59 74 0.210784
59 75 0.333333
59 76 0.200000
59 77 0.333333
59 78 0.134375
59 79 0.292517
59 80 0.292517
59 81 0.544304
59 82 0.193694
59 83 0.254438
59 84 0.171315
59 85 0.131902
59 86 0.488636
59 87 0.284768
59 88 0.090336
59 89 0.977273
59 90 0.087935
59 91 0.138264
59 92 0.377193
59 93 0.227513
59 94 0.716667
59 95 0.270440
59 96 0.148789
59 97 0.121813
59 98 0.237569
59 99 0.328244
60 61 0.265306
60 62 0.520000
60 63 0.178082
60 64 0.613208
60 65 0.158924
60 66 0.520000
60 67 0.515873
60 68 0.250000
60 69 0.393939
60 70 0.211726
60 71 0.377907
60 72 0.153302
60 73 0.185714
60 74 0.677083
60 75 0.485075
60 76 0.178571
60 77 0.180556
60 78 0.738636
60 79 0.347594
60 80 0.382353
60 81 0.365169
60 82 0.984848
60 83 0.601852
60 84 0.915493
60 85 0.546218
60 86 0.203125
60 87 0.218855
60 88 0.166667
60 89 0.260000
60 90 0.161290
60 91 0.211039
60 92 0.192878
60 93 0.212418
60 94 0.375723
60 95 0.706522
60 96 0.185185
60 97 0.133745
60 98 0.902778
60 99 0.408805
61 62 0.200000
61 63 0.327044
61 64 0.246445
61 65 0.265306
61 66 0.419355
61 67 0.143646
61 68 0.981132
61 69 0.202335
61 70 0.571429
61 71 0.530612
61 72 0.254902
61 73 0.238532
61 74 0.335484
61 75 0.409449
61 76 0.382353
61 77 0.190476
61 78 0.166667
61 79 0.812500
61 80 0.181185
61 81 0.403101
61 82 0.183746
61 83 0.376812
61 84 0.171053
61 85 0.194030
61 86 0.221277
61 87 0.559140
61 88 0.173913
61 89 0.329114
61 90 0.167203
61 91 0.422764
61 92 0.183099
61 93 0.702703
61 94 0.295455
61 95 0.216667
61 96 0.452174
61 97 0.214876
61 98 0.209677
61 99 0.195489
62 63 0.029268
62 64 0.235294
62 65 0.032520
62 66 0.081081
62 67 0.081081
62 68 0.040541
62 69 0.042254
62 70 0.034985
62 71 0.073620
62 72 0.030928
62 73 0.028169
62 74 0.096000
62 75 0.059701
62 76 0.030380
62 77 0.026549
62 78 0.122449
62 79 0.053571
62 80 0.041096
62 81 0.047244
62 82 0.064171
62 83 0.075000
62 84 0.066298
62 85 0.923077
62 86 0.029268
62 87 0.035398
62 88 0.040956
62 89 0.036364
62 90 0.039344
62 91 0.044610
62 92 0.027460
62 93 0.036145
62 94 0.044776
62 95 0.056604
62 96 0.035398
62 97 0.024341
62 98 0.061538
62 99 0.042857
63 64 0.133333
63 65 0.180451
63 66 0.181132
63 67 0.097959
63 68 0.417391
63 69 0.158940
63 70 0.695652
63 71 0.189723
63 72 0.184615
63 73 0.424779
63 74 0.164384
63 75 0.206897
63 76 0.979592
63 77 0.260870
63 78 0.107623
63 79 0.256684
63 80 0.144144
63 81 0.248705
63 82 0.125984
63 83 0.181818
63 84 0.117647
63 85 0.115108
63 86 0.290909
63 87 0.666667
63 88 0.110599
63 89 0.328767
63 90 0.108108
63 91 0.193548
63 92 0.221198
63 93 0.533333
63 94 0.215247
63 95 0.148607
63 96 0.271186
63 97 0.280702
63 98 0.141176
63 99 0.152381
64 65 0.167665
64 66 0.571429
64 67 0.325581
64 68 0.227642
64 69 0.224000
64 70 0.191126
64 71 0.482759
64 72 0.159091
64 73 0.148541
64 74 0.727273
64 75 0.366013
64 76 0.162319
64 77 0.138272
64 78 0.470588
64 79 0.321839
64 80 0.212928
64 81 0.271845
64 82 0.327485
64 83 0.500000
64 84 0.323699
64 85 0.982456
64 86 0.154270
64 87 0.193772
64 88 0.195804
64 89 0.198582
64 90 0.187291
64 91 0.241379
64 92 0.142494
64 93 0.197880
64 94 0.250000
64 95 0.307692
64 96 0.189831
64 97 0.125280
64 98 0.333333
64 99 0.225806
65 66 0.073171
65 67 0.041584
65 68 0.091703
65 69 0.046460
65 70 0.092105
65 71 0.088608
65 72 0.954545
65 73 0.056911
65 74 0.066879
65 75 0.066456
65 76 0.096330
65 77 0.048055
65 78 0.046460
65 79 0.082031
65 80 0.043568
65 81 0.064815
65 82 0.045652
65 83 0.067093
65 84 0.044118
65 85 0.055118
65 86 0.051852
65 87 0.086420
65 88 0.099057
65 89 0.061404
65 90 0.097222
65 91 0.203883
65 92 0.045752
65 93 0.105000
65 94 0.056604
65 95 0.049065
65 96 0.225806
65 97 0.107143
65 98 0.048724
65 99 0.045553
66 67 0.126050
66 68 0.198675
66 69 0.152284
66 70 0.150754
66 71 0.566038
66 72 0.099668
66 73 0.106383
66 74 0.967742
66 75 0.461538
66 76 0.118577
66 77 0.095541
66 78 0.158730
66 79 0.384615
66 80 0.136986
66 81 0.260870
66 82 0.173410
66 83 0.909091
66 84 0.157895
66 85 0.196078
66 86 0.110294
66 87 0.155440
66 88 0.098039
66 89 0.159574
66 90 0.093750
66 91 0.158730
66 92 0.097720
66 93 0.156250
66 94 0.208333
66 95 0.201342
66 96 0.132159
66 97 0.081967
66 98 0.204082
66 99 0.150000
67 68 0.138381
67 69 0.200758
67 70 0.123256
67 71 0.191336
67 72 0.101338
67 73 0.112051
67 74 0.254808
67 75 0.204633
67 76 0.108830
67 77 0.111111
67 78 0.981481
67 79 0.171521
67 80 0.207031
67 81 0.174917
67 82 0.384058
67 83 0.231441
67 84 0.473214
67 85 0.389706
67 86 0.120729
67 87 0.125891
67 88 0.120729
67 89 0.141711
67 90 0.117517
67 91 0.131514
67 92 0.118040
67 93 0.123832
67 94 0.180887
67 95 0.269036
67 96 0.114967
67 97 0.087748
67 98 0.304598
67 99 0.208661
68 69 0.181435
68 70 0.877551
68 71 0.309353
68 72 0.184549
68 73 0.259036
68 74 0.238889
68 75 0.333333
68 76 0.409524
68 77 0.192825
68 78 0.127976
68 79 0.573333
68 80 0.159851
68 81 0.394495
68 82 0.149826
68 83 0.279221
68 84 0.138264
68 85 0.142384
68 86 0.232432
68 87 0.977273
68 88 0.122507
68 89 0.377193
68 90 0.118785
68 91 0.252941
68 92 0.182203
68 93 0.877551
68 94 0.281046
68 95 0.182203
68 96 0.309353
68 97 0.186147
68 98 0.173387
68 99 0.173387
69 70 0.052045
69 71 0.057377
69 72 0.030369
69 73 0.058577
69 74 0.073684
69 75 0.098592
69 76 0.043478
69 77 0.063063
69 78 0.056911
69 79 0.071066
69 80 0.424242
69 81 0.106870
69 82 0.110236
69 83 0.084848
69 84 0.090909
69 85 0.049822
69 86 0.073298
69 87 0.055336
69 88 0.027833
69 89 0.089172
69 90 0.027132
69 91 0.038251
69 92 0.074074
69 93 0.049470
69 94 0.164706
69 95 0.189189
69 96 0.037838
69 97 0.030435
69 98 0.145833
69 99 0.933333
70 71 0.091892
70 72 0.074890
70 73 0.118056
70 74 0.074561
70 75 0.097701
70 76 0.293103
70 77 0.080952
70 78 0.044271
70 79 0.138211
70 80 0.056478
70 81 0.117241
70 82 0.051515
70 83 0.084158
70 84 0.047753
70 85 0.048571
70 86 0.095506
70 87 0.944444
70 88 0.045333
70 89 0.136000
70 90 0.044041
70 91 0.089474
70 92 0.073276
70 93 0.586207
70 94 0.091892
70 95 0.061594
70 96 0.125926
70 97 0.088542
70 98 0.058621
70 99 0.060498
71 72 0.305556
71 73 0.264605
71 74 0.987179
71 75 0.733333
71 76 0.330472
71 77 0.230539
71 78 0.342222
71 79 0.950617
71 80 0.286245
71 81 0.534722
71 82 0.342222
71 83 0.927711
71 84 0.320833
71 85 0.447674
71 86 0.263699
71 87 0.420765
71 88 0.295019
71 89 0.371981
71 90 0.281022
71 91 0.562044
71 92 0.231231
71 93 0.450292
71 94 0.423077
71 95 0.383085
71 96 0.418478
71 97 0.231928
71 98 0.385000
71 99 0.309237
72 73 0.256831
72 74 0.285714
72 75 0.287462
72 76 0.443396
72 77 0.216092
72 78 0.200426
72 79 0.353383
72 80 0.191446
72 81 0.283133
72 82 0.198732
72 83 0.288344
72 84 0.191446
72 85 0.235589
72 86 0.232099
72 87 0.386831
72 88 0.406926
72 89 0.272464
72 90 0.400000
72 91 0.783333
72 92 0.204793
72 93 0.470000
72 94 0.248021
72 95 0.214123
72 96 0.989474
72 97 0.528090
72 98 0.212190
72 99 0.200426
73 74 0.192053
73 75 0.255507
73 76 0.364780
73 77 0.816901
73 78 0.132723
73 79 0.273585
73 80 0.217228
73 81 0.331429
73 82 0.168116
73 83 0.216418
73 84 0.155080
73 85 0.134884
73 86 0.983051
73 87 0.439394
73 88 0.112621
73 89 0.580000
73 90 0.110266
73 91 0.174699
73 92 0.542056
73 93 0.335260
73 94 0.320442
73 95 0.204947
73 96 0.209386
73 97 0.207885
73 98 0.190164
73 99 0.229249
74 75 0.454545
74 76 0.123675
74 77 0.106383
74 78 0.221519
74 79 0.333333
74 80 0.167464
74 81 0.269231
74 82 0.234899
74 83 0.972222
74 84 0.214724
74 85 0.271318
74 86 0.121951
74 87 0.158371
74 88 0.110410
74 89 0.169903
74 90 0.105740
74 91 0.163551
74 92 0.110063
74 93 0.157658
74 94 0.231788
74 95 0.263158
74 96 0.136187
74 97 0.088161
74 98 0.273438
74 99 0.183246
75 76 0.176724
75 77 0.162055
75 78 0.189815
75 79 0.650794
75 80 0.242604
75 81 0.759259
75 82 0.257862
75 83 0.976190
75 84 0.224044
75 85 0.201970
75 86 0.194313
75 87 0.251534
75 88 0.112329
75 89 0.315385
75 90 0.108466
75 91 0.181416
75 92 0.168724
75 93 0.231638
75 94 0.512500
75 95 0.359649
75 96 0.170124
75 97 0.114206
75 98 0.336066
75 99 0.277027
76 77 0.270742
76 78 0.140909
76 79 0.346369
76 80 0.175141
76 81 0.306931
76 82 0.159794
76 83 0.240310
76 84 0.150121
76 85 0.154229
76 86 0.300971
76 87 0.861111
76 88 0.158163
76 89 0.360465
76 90 0.154229
76 91 0.299517
76 92 0.238462
76 93 0.984127
76 94 0.258333
76 95 0.186186
76 96 0.473282
76 97 0.449275
76 98 0.178161
76 99 0.185075
77 78 0.093750
77 79 0.165354
77 80 0.171429
77 81 0.210000
77 82 0.122807
77 83 0.142857
77 84 0.113208
77 85 0.092511
77 86 0.976744
77 87 0.214286
77 88 0.073427
77 89 0.330709
77 90 0.071918
77 91 0.107143
77 92 0.913043
77 93 0.176471
77 94 0.223404
77 95 0.149466
77 96 0.122093
77 97 0.120690
77 98 0.138158
77 99 0.177966
78 79 0.324427
78 80 0.348361
78 81 0.321970
78 82 0.680000
78 83 0.464481
78 84 0.801887
78 85 0.988372
78 86 0.208333
78 87 0.226667
78 88 0.217949
78 89 0.252226
78 90 0.210918
78 91 0.242857
78 92 0.200472
78 93 0.223684
78 94 0.326923
78 95 0.488506
78 96 0.208333
78 97 0.153430
78 98 0.562914
78 99 0.357143
79 80 0.323009
79 81 0.986486
79 82 0.331818
79 83 0.912500
79 84 0.300412
79 85 0.317391
79 86 0.344340
79 87 0.629310
79 88 0.221884
79 89 0.570312
79 90 0.213450
79 91 0.424419
79 92 0.286275
79 93 0.613445
79 94 0.608333
79 95 0.414773
79 96 0.407821
79 97 0.244147
79 98 0.394595
79 99 0.356098
80 81 0.129630
80 82 0.175000
80 83 0.112299
80 84 0.144828
80 85 0.072917
80 86 0.097222
80 87 0.073684
80 88 0.040000
80 89 0.111702
80 90 0.039033
80 91 0.053299
80 92 0.100962
80 93 0.066667
80 94 0.179487
80 95 0.259259
80 96 0.052369
80 97 0.042683
80 98 0.212121
80 99 0.954545
81 82 0.250000
81 83 0.494737
81 84 0.218605
81 85 0.183594
81 86 0.297468
81 87 0.358779
81 88 0.117207
81 89 0.610390
81 90 0.113527
81 91 0.192623
81 92 0.244792
81 93 0.301282
81 94 0.979167
81 95 0.356061
81 96 0.195833
81 97 0.139466
81 98 0.317568
81 99 0.333333
82 83 0.195946
82 84 0.966667
82 85 0.161111
82 86 0.094771
82 87 0.091483
82 88 0.063877
82 89 0.116000
82 90 0.061966
82 91 0.080332
82 92 0.092652
82 93 0.086567
82 94 0.174699
82 95 0.460317
82 96 0.073604
82 97 0.056093
82 98 0.690476
82 99 0.247863
83 84 0.690476
83 85 0.711656
83 86 0.460317
83 87 0.601036
83 88 0.342183
83 89 0.678363
83 90 0.329545
83 91 0.534562
83 92 0.409894
83 93 0.582915
83 94 0.991453
83 95 0.983051
83 96 0.469636
83 97 0.306878
83 98 0.974790
83 99 0.690476
84 85 0.398844
84 86 0.205970
84 87 0.201166
84 88 0.150327
84 89 0.248201
84 90 0.146186
84 91 0.183511
84 92 0.202346
84 93 0.192201
84 94 0.353846
84 95 0.750000
84 96 0.166667
84 97 0.127542
84 98 0.985714
84 99 0.482517
85 86 0.458738
85 87 0.547826
85 88 0.621711
85 89 0.569277
85 90 0.596215
85 91 0.675000
85 92 0.431507
85 93 0.555882
85 94 0.705224
85 95 0.908654
85 96 0.541547
85 97 0.376494
85 98 0.994737
85 99 0.684783
86 87 0.331288
86 88 0.101313
86 89 0.635294
86 90 0.099083
86 91 0.152113
86 92 0.981818
86 93 0.262136
86 94 0.364865
86 95 0.221311
86 96 0.172524
86 97 0.161677
86 98 0.202247
86 99 0.263415
87 88 0.109091
87 89 0.388889
87 90 0.106061
87 91 0.210000
87 92 0.193548
87 93 0.976744
87 94 0.248521
87 95 0.160305
87 96 0.280000
87 97 0.201923
87 98 0.151625
87 99 0.158491
88 89 0.028698
88 90 0.928571
88 91 0.069519
88 92 0.022375
88 93 0.037249
88 94 0.029412
88 95 0.028889
88 96 0.048872
88 97 0.032099
88 98 0.029345
88 99 0.025692
89 90 0.178495
89 91 0.296429
89 92 0.643411
89 93 0.560811
89 94 0.988095
89 95 0.441489
89 96 0.330677
89 97 0.268608
89 98 0.399038
89 99 0.488235
90 91 0.994924
90 92 0.330523
90 93 0.545961
90 94 0.430769
90 95 0.423326
90 96 0.715328
90 97 0.476886
90 98 0.429825
90 99 0.377649
91 92 0.219212
91 93 0.549383
91 94 0.305842
91 95 0.267267
91 96 0.988889
91 97 0.358871
91 98 0.265672
91 99 0.238606
92 93 0.652510
92 94 0.994118
92 95 0.667984
92 96 0.461749
92 97 0.438961
92 98 0.612319
92 99 0.840796
93 94 0.532663
93 95 0.373239
93 96 0.990654
93 97 0.579235
93 98 0.356902
93 99 0.359322
94 95 0.923077
94 96 0.334495
94 97 0.255319
94 98 0.768000
94 99 0.989691
95 96 0.064972
95 97 0.049356
95 98 0.958333
95 99 0.338235
96 97 0.993789
96 98 0.443213
96 99 0.421053
97 98 0.983299
97 99 0.997881
98 99 0.988636
