100 4950
0 1 0.633333
0 2 0.102981
0 3 0.187192
0 4 0.209945
0 5 0.168142
0 6 0.142322
0 7 0.730769
0 8 0.188119
0 9 0.163090
0 10 0.140221
0 11 0.527778
0 12 0.275362
0 13 0.567164
0 14 0.206522
0 15 0.314050
0 16 0.158996
0 17 0.311475
0 18 0.974359
0 19 0.149606
0 20 0.162393
0 21 0.475000
0 22 0.361905
0 23 0.153846
0 24 0.168142
0 25 0.161702
0 26 0.141791
0 27 0.180095
0 28 0.188119
0 29 0.135231
0 30 0.218391
0 31 0.243590
0 32 0.267606
0 33 0.285714
0 34 0.319328
0 35 0.175926
0 36 0.138686
0 37 0.290076
0 38 0.118380
0 39 0.093827
0 40 0.153846
0 41 0.147860
0 42 0.187192
0 43 0.168889
0 44 0.223529
0 45 0.285714
0 46 0.145038
0 47 0.299213
0 48 0.202128
0 49 0.703704
0 50 0.248366
0 51 0.104972
0 52 0.258503
0 53 0.141264
0 54 0.137681
0 55 0.217143
0 56 0.417582
0 57 0.187192
0 58 0.121019
0 59 0.358491
0 60 0.267606
0 61 0.192893
0 62 0.194872
0 63 0.178404
0 64 0.177570
0 65 0.184466
0 66 0.114114
0 67 0.178404
0 68 0.220930
0 69 0.165939
0 70 0.185366
0 71 0.279412
0 72 0.246753
0 73 0.281481
0 74 0.138686
0 75 0.413043
0 76 0.117284
0 77 0.290076
0 78 0.203209
0 79 0.126246
0 80 0.149606
0 81 0.110787
0 82 0.222222
0 83 0.204301
0 84 0.218391
0 85 0.185366
0 86 0.214689
0 87 0.826087
0 88 0.158996
0 89 0.246753
0 90 0.122977
0 91 0.121795
0 92 0.103825
0 93 0.092010
0 94 0.142322
0 95 0.129693
0 96 0.487179
0 97 0.400000
0 98 0.161702
0 99 0.213483
1 2 0.022039
1 3 0.032653
1 4 0.033333
1 5 0.047059
1 6 0.030303
1 7 0.190476
1 8 0.048780
1 9 0.029091
1 10 0.024845
1 11 0.064000
1 12 0.067797
1 13 0.888889
1 14 0.062016
1 15 0.047904
1 16 0.033333
1 17 0.050314
1 18 0.148148
1 19 0.041026
1 20 0.035398
1 21 0.057554
1 22 0.067797
1 23 0.041885
1 24 0.028070
1 25 0.045455
1 26 0.026490
1 27 0.034335
1 28 0.033898
1 29 0.025237
1 30 0.069565
1 31 0.037209
1 32 0.085106
1 33 0.097561
1 34 0.133333
1 35 0.032000
1 36 0.035874
1 37 0.046512
1 38 0.027027
1 39 0.020460
1 40 0.027778
1 41 0.034632
1 42 0.052288
1 43 0.030769
1 44 0.041885
1 45 0.108108
1 46 0.036199
1 47 0.106667
1 48 0.054422
1 49 0.320000
1 50 0.039216
1 51 0.019465
1 52 0.090909
1 53 0.033058
1 54 0.029304
1 55 0.044693
1 56 0.068966
1 57 0.033473
1 58 0.027778
1 59 0.048485
1 60 0.045198
1 61 0.054054
1 62 0.035398
1 63 0.032520
1 64 0.029520
1 65 0.052980
1 66 0.025559
1 67 0.040816
1 68 0.068376
1 69 0.027778
1 70 0.052980
1 71 0.045714
1 72 0.038462
1 73 0.098765
1 74 0.025723
1 75 0.117647
1 76 0.023256
1 77 0.042553
1 78 0.033473
1 79 0.022923
1 80 0.036199
1 81 0.024922
1 82 0.034934
1 83 0.032922
1 84 0.068376
1 85 0.045198
1 86 0.051613
1 87 0.100000
1 88 0.028470
1 89 0.052632
1 90 0.025559
1 91 0.025723
1 92 0.022727
1 93 0.020101
1 94 0.025397
1 95 0.029091
1 96 0.066667
1 97 0.163265
1 98 0.043011
1 99 0.065041
2 3 0.177936
2 4 0.110132
2 5 0.110132
2 6 0.490196
2 7 0.151976
2 8 0.208333
2 9 0.085911
2 10 0.140845
2 11 0.117647
2 12 0.203252
2 13 0.139665
2 14 0.151515
2 15 0.105042
2 16 0.378788
2 17 0.102881
2 18 0.125000
2 19 0.134409
2 20 0.362319
2 21 0.132626
2 22 0.187970
2 23 0.106838
2 24 0.110865
2 25 0.125000
2 26 0.206612
2 27 0.086356
2 28 0.202429
2 29 0.194553
2 30 0.136612
2 31 0.113636
2 32 0.166667
2 33 0.119332
2 34 0.136240
2 35 0.086655
2 36 0.169492
2 37 0.102041
2 38 0.387597
2 39 0.819672
2 40 0.179856
2 41 0.306748
2 42 0.105932
2 43 0.199203
2 44 0.225225
2 45 0.137363
2 46 0.218341
2 47 0.156250
2 48 0.102249
2 49 0.129870
2 50 0.151515
2 51 0.128866
2 52 0.140845
2 53 0.316456
2 54 0.531915
2 55 0.092764
2 56 0.108932
2 57 0.193798
2 58 0.373134
2 59 0.124378
2 60 0.185185
2 61 0.106383
2 62 0.089286
2 63 0.207469
2 64 0.121951
2 65 0.111359
2 66 0.510204
2 67 0.290698
2 68 0.152905
2 69 0.105042
2 70 0.158228
2 71 0.100604
2 72 0.141243
2 73 0.121951
2 74 0.190114
2 75 0.169492
2 76 0.312500
2 77 0.112613
2 78 0.096899
2 79 0.143678
2 80 0.260417
2 81 0.476190
2 82 0.107527
2 83 0.126904
2 84 0.120482
2 85 0.242718
2 86 0.097087
2 87 0.153374
2 88 0.176056
2 89 0.231481
2 90 0.632911
2 91 0.806452
2 92 0.980392
2 93 0.694444
2 94 0.149701
2 95 0.476190
2 96 0.158228
2 97 0.124069
2 98 0.177936
2 99 0.153846
3 4 0.129032
3 5 0.058537
3 6 0.118812
3 7 0.116505
3 8 0.086957
3 9 0.071217
3 10 0.252632
3 11 0.111628
3 12 0.118227
3 13 0.097166
3 14 0.074534
3 15 0.094862
3 16 0.138728
3 17 0.087591
3 18 0.099585
3 19 0.060606
3 20 0.119403
3 21 0.157895
3 22 0.167832
3 23 0.055814
3 24 0.140351
3 25 0.060759
3 26 0.328767
3 27 0.065041
3 28 0.666667
3 29 0.296296
3 30 0.072072
3 31 0.134078
3 32 0.090226
3 33 0.073394
3 34 0.082192
3 35 0.069164
3 36 0.064690
3 37 0.088889
3 38 0.076677
3 39 0.071217
3 40 0.545455
3 41 0.088561
3 42 0.060453
3 43 0.685714
3 44 0.260870
3 45 0.079470
3 46 0.074303
3 47 0.089219
3 48 0.061697
3 49 0.095238
3 50 0.358209
3 51 0.137931
3 52 0.078176
3 53 0.085714
3 54 0.116505
3 55 0.066298
3 56 0.087912
3 57 0.960000
3 58 0.077670
3 59 0.150000
3 60 0.338028
3 61 0.061224
3 62 0.070796
3 63 0.585366
3 64 0.186047
3 65 0.061069
3 66 0.078947
3 67 0.109589
3 68 0.077170
3 69 0.121212
3 70 0.072948
3 71 0.086331
3 72 0.275862
3 73 0.074074
3 74 0.328767
3 75 0.114833
3 76 0.150000
3 77 0.121827
3 78 0.090909
3 79 0.214286
3 80 0.082474
3 81 0.075472
3 82 0.118812
3 83 0.205128
3 84 0.067416
3 85 0.096386
3 86 0.063325
3 87 0.144578
3 88 0.648649
3 89 0.148148
3 90 0.118227
3 91 0.108108
3 92 0.078176
3 93 0.068966
3 94 0.300000
3 95 0.090566
3 96 0.188976
3 97 0.082474
3 98 0.072072
3 99 0.076433
4 5 0.060150
4 6 0.066482
4 7 0.106667
4 8 0.066116
4 9 0.148148
4 10 0.133333
4 11 0.190476
4 12 0.083916
4 13 0.097166
4 14 0.065934
4 15 0.195122
4 16 0.072727
4 17 0.160000
4 18 0.120603
4 19 0.055300
4 20 0.069767
4 21 0.222222
4 22 0.108108
4 23 0.057143
4 24 0.400000
4 25 0.057831
4 26 0.094862
4 27 0.107143
4 28 0.112676
4 29 0.094488
4 30 0.067797
4 31 0.923077
4 32 0.075949
4 33 0.078947
4 34 0.080268
4 35 0.129730
4 36 0.053691
4 37 0.175182
4 38 0.053097
4 39 0.047525
4 40 0.112150
4 41 0.060606
4 42 0.065395
4 43 0.109091
4 44 0.102564
4 45 0.076433
4 46 0.056872
4 47 0.078947
4 48 0.070588
4 49 0.104803
4 50 0.190476
4 51 0.092664
4 52 0.073394
4 53 0.058968
4 54 0.065217
4 55 0.096000
4 56 0.132597
4 57 0.117073
4 58 0.053812
4 59 0.311688
4 60 0.128342
4 61 0.066482
4 62 0.127660
4 63 0.107623
4 64 0.296296
4 65 0.063660
4 66 0.052863
4 67 0.069971
4 68 0.068376
4 69 0.480000
4 70 0.062827
4 71 0.166667
4 72 0.235294
4 73 0.077922
4 74 0.097959
4 75 0.093385
4 76 0.069565
4 77 0.406780
4 78 0.272727
4 79 0.112150
4 80 0.059553
4 81 0.051392
4 82 0.960000
4 83 0.324324
4 84 0.068768
4 85 0.067989
4 86 0.079734
4 87 0.129032
4 88 0.117073
4 89 0.087912
4 90 0.063325
4 91 0.061069
4 92 0.051064
4 93 0.046602
4 94 0.125654
4 95 0.058252
4 96 0.147239
4 97 0.089888
4 98 0.058968
4 99 0.067227
5 6 0.056757
5 7 0.102439
5 8 0.097674
5 9 0.054830
5 10 0.042770
5 11 0.076642
5 12 0.090129
5 13 0.126506
5 14 0.168000
5 15 0.070470
5 16 0.058824
5 17 0.075540
5 18 0.104478
5 19 0.189189
5 20 0.063830
5 21 0.068852
5 22 0.077491
5 23 0.954545
5 24 0.046771
5 25 0.304348
5 26 0.045652
5 27 0.069307
5 28 0.053030
5 29 0.044025
5 30 0.233333
5 31 0.056150
5 32 0.128049
5 33 0.221053
5 34 0.177966
5 35 0.060870
5 36 0.108247
5 37 0.071429
5 38 0.060519
5 39 0.045553
5 40 0.046563
5 41 0.071672
5 42 0.428571
5 43 0.049881
5 44 0.061404
5 45 0.192661
5 46 0.087137
5 47 0.140000
5 48 0.230769
5 49 0.120690
5 50 0.056300
5 51 0.036207
5 52 0.192661
5 53 0.070000
5 54 0.055409
5 55 0.092511
5 56 0.090909
5 57 0.052369
5 58 0.061947
5 59 0.064024
5 60 0.061947
5 61 0.396226
5 62 0.066246
5 63 0.051980
5 64 0.047836
5 65 0.954545
5 66 0.056000
5 67 0.072917
5 68 0.164062
5 69 0.046875
5 70 0.148936
5 71 0.071672
5 72 0.055556
5 73 0.228261
5 74 0.044492
5 75 0.102941
5 76 0.043478
5 77 0.061404
5 78 0.056150
5 79 0.040619
5 80 0.078652
5 81 0.055703
5 82 0.054830
5 83 0.050971
5 84 0.381818
5 85 0.084000
5 86 0.138158
5 87 0.084677
5 88 0.047191
5 89 0.074468
5 90 0.049065
5 91 0.050481
5 92 0.049296
5 93 0.045161
5 94 0.043478
5 95 0.059829
5 96 0.072664
5 97 0.157895
5 98 0.114130
5 99 0.161538
6 7 0.039474
6 8 0.055556
6 9 0.018672
6 10 0.031142
6 11 0.027778
6 12 0.060403
6 13 0.034749
6 14 0.036290
6 15 0.024000
6 16 0.281250
6 17 0.023438
6 18 0.030201
6 19 0.029703
6 20 0.214286
6 21 0.032491
6 22 0.054878
6 23 0.023316
6 24 0.024658
6 25 0.027778
6 26 0.048649
6 27 0.018868
6 28 0.053892
6 29 0.044118
6 30 0.032028
6 31 0.026087
6 32 0.042857
6 33 0.027692
6 34 0.032967
6 35 0.018908
6 36 0.037500
6 37 0.023136
6 38 0.076923
6 39 0.062069
6 40 0.042453
6 41 0.087379
6 42 0.023499
6 43 0.050562
6 44 0.070312
6 45 0.032967
6 46 0.051429
6 47 0.039474
6 48 0.022727
6 49 0.031579
6 50 0.037500
6 51 0.026393
6 52 0.033835
6 53 0.084906
6 54 0.900000
6 55 0.020595
6 56 0.025140
6 57 0.050562
6 58 0.077586
6 59 0.029605
6 60 0.051429
6 61 0.023684
6 62 0.019651
6 63 0.055215
6 64 0.027607
6 65 0.024793
6 66 0.086538
6 67 0.108434
6 68 0.037037
6 69 0.023196
6 70 0.037657
6 71 0.022727
6 72 0.034091
6 73 0.028391
6 74 0.043689
6 75 0.045918
6 76 0.064286
6 77 0.026012
6 78 0.021531
6 79 0.030928
6 80 0.067164
6 81 0.076271
6 82 0.024324
6 83 0.029412
6 84 0.027523
6 85 0.072581
6 86 0.021583
6 87 0.040179
6 88 0.041860
6 89 0.078261
6 90 0.152542
6 91 0.187500
6 92 0.082569
6 93 0.058442
6 94 0.033457
6 95 0.132353
6 96 0.041667
6 97 0.029412
6 98 0.042056
6 99 0.037190
7 8 0.258278
7 9 0.137324
7 10 0.136364
7 11 0.314516
7 12 0.438202
7 13 0.928571
7 14 0.278571
7 15 0.225434
7 16 0.193069
7 17 0.226744
7 18 0.534247
7 19 0.183099
7 20 0.203125
7 21 0.330508
7 22 0.506494
7 23 0.172566
7 24 0.147727
7 25 0.194030
7 26 0.149425
7 27 0.152344
7 28 0.200000
7 29 0.140794
7 30 0.284672
7 31 0.195000
7 32 0.419355
7 33 0.317073
7 34 0.438202
7 35 0.146617
7 36 0.173333
7 37 0.215470
7 38 0.143382
7 39 0.108033
7 40 0.157258
7 41 0.188406
7 42 0.202073
7 43 0.177273
7 44 0.260000
7 45 0.386139
7 46 0.184834
7 47 0.481481
7 48 0.206349
7 49 0.661017
7 50 0.229412
7 51 0.104000
7 52 0.354545
7 53 0.178082
7 54 0.164557
7 55 0.185714
7 56 0.286765
7 57 0.195980
7 58 0.147727
7 59 0.263514
7 60 0.286765
7 61 0.207447
7 62 0.159836
7 63 0.190244
7 64 0.159184
7 65 0.207447
7 66 0.136364
7 67 0.234940
7 68 0.304688
7 69 0.144444
7 70 0.246835
7 71 0.209677
7 72 0.220339
7 73 0.327731
7 74 0.143911
7 75 0.975000
7 76 0.128713
7 77 0.217877
7 78 0.163866
7 79 0.125000
7 80 0.192118
7 81 0.132203
7 82 0.178899
7 83 0.179724
7 84 0.258278
7 85 0.251613
7 86 0.200000
7 87 0.866667
7 88 0.161157
7 89 0.342105
7 90 0.141818
7 91 0.142336
7 92 0.121118
7 93 0.105978
7 94 0.140288
7 95 0.158537
7 96 0.458824
7 97 0.433333
7 98 0.210811
7 99 0.293233
8 9 0.085253
8 10 0.100000
8 11 0.135036
8 12 0.468354
8 13 0.237179
8 14 0.406593
8 15 0.114551
8 16 0.235669
8 17 0.115625
8 18 0.172093
8 19 0.260563
8 20 0.300813
8 21 0.143969
8 22 0.251701
8 23 0.161572
8 24 0.094388
8 25 0.226994
8 26 0.123746
8 27 0.093434
8 28 0.149194
8 29 0.116352
8 30 0.289062
8 31 0.108824
8 32 0.500000
8 33 0.192708
8 34 0.262411
8 35 0.089588
8 36 0.385417
8 37 0.111782
8 38 0.262411
8 39 0.148000
8 40 0.120521
8 41 0.462500
8 42 0.156780
8 43 0.137037
8 44 0.198925
8 45 0.276119
8 46 0.606557
8 47 0.385417
8 48 0.143411
8 49 0.196809
8 50 0.135036
8 51 0.082960
8 52 0.305785
8 53 0.415730
8 54 0.217647
8 55 0.109467
8 56 0.132616
8 57 0.143969
8 58 0.280303
8 59 0.128028
8 60 0.174528
8 61 0.158120
8 62 0.095116
8 63 0.146825
8 64 0.101928
8 65 0.175355
8 66 0.225610
8 67 0.456790
8 68 0.415730
8 69 0.091358
8 70 0.474359
8 71 0.110448
8 72 0.127148
8 73 0.203297
8 74 0.117089
8 75 0.330357
8 76 0.127148
8 77 0.114198
8 78 0.095361
8 79 0.095855
8 80 0.616667
8 81 0.218935
8 82 0.102493
8 83 0.110119
8 84 0.206704
8 85 0.973684
8 86 0.125424
8 87 0.205556
8 88 0.121711
8 89 0.321739
8 90 0.168182
8 91 0.180488
8 92 0.173709
8 93 0.145669
8 94 0.104225
8 95 0.270073
8 96 0.182266
8 97 0.196809
8 98 0.627119
8 99 0.430233
9 10 0.131965
9 11 0.276074
9 12 0.121951
9 13 0.159011
9 14 0.112782
9 15 0.401786
9 16 0.099778
9 17 0.387931
9 18 0.203620
9 19 0.098684
9 20 0.098901
9 21 0.218447
9 22 0.139752
9 23 0.112500
9 24 0.213270
9 25 0.106132
9 26 0.110294
9 27 0.445545
9 28 0.125348
9 29 0.109489
9 30 0.120000
9 31 0.281250
9 32 0.122283
9 33 0.150000
9 34 0.139752
9 35 0.978261
9 36 0.090543
9 37 0.432692
9 38 0.081670
9 39 0.072000
9 40 0.121294
9 41 0.092213
9 42 0.132743
9 43 0.121294
9 44 0.124309
9 45 0.133531
9 46 0.091278
9 47 0.128940
9 48 0.150000
9 49 0.177866
9 50 0.165441
9 51 0.107914
9 52 0.127119
9 53 0.090000
9 54 0.091837
9 55 0.269461
9 56 0.277778
9 57 0.127841
9 58 0.082721
9 59 0.245902
9 60 0.142405
9 61 0.135135
9 62 0.633803
9 63 0.121951
9 64 0.186722
9 65 0.124654
9 66 0.080214
9 67 0.102041
9 68 0.115979
9 69 0.243243
9 70 0.106383
9 71 0.450000
9 72 0.180000
9 73 0.146104
9 74 0.111940
9 75 0.138889
9 76 0.091093
9 77 0.316901
9 78 0.600000
9 79 0.120000
9 80 0.092593
9 81 0.078671
9 82 0.323741
9 83 0.193133
9 84 0.129310
9 85 0.102975
9 86 0.185950
9 87 0.169811
9 88 0.124654
9 89 0.120000
9 90 0.087891
9 91 0.086372
9 92 0.076531
9 93 0.070978
9 94 0.127841
9 95 0.086705
9 96 0.169173
9 97 0.164835
9 98 0.097826
9 99 0.113924
10 11 0.080769
10 12 0.070946
10 13 0.064615
10 14 0.050971
10 15 0.073944
10 16 0.080153
10 17 0.067961
10 18 0.068627
10 19 0.043210
10 20 0.071918
10 21 0.103960
10 22 0.090129
10 23 0.041016
10 24 0.152174
10 25 0.043478
10 26 0.184211
10 27 0.052897
10 28 0.165354
10 29 0.205882
10 30 0.050000
10 31 0.112299
10 32 0.058989
10 33 0.052109
10 34 0.056000
10 35 0.057851
10 36 0.045064
10 37 0.069767
10 38 0.052109
10 39 0.050725
10 40 0.269231
10 41 0.057534
10 42 0.044397
10 43 0.187500
10 44 0.112903
10 45 0.054404
10 46 0.050239
10 47 0.058989
10 48 0.045752
10 49 0.064815
10 50 0.176471
10 51 0.230769
10 52 0.053435
10 53 0.056300
10 54 0.072165
10 55 0.051597
10 56 0.065217
10 57 0.179487
10 58 0.052632
10 59 0.107692
10 60 0.130435
10 61 0.044872
10 62 0.057851
10 63 0.164062
10 64 0.207921
10 65 0.044397
10 66 0.053571
10 67 0.067093
10 68 0.052500
10 69 0.125749
10 70 0.049881
10 71 0.067961
10 72 0.173554
10 73 0.052239
10 74 0.221053
10 75 0.070707
10 76 0.100962
10 77 0.096774
10 78 0.078358
10 79 0.600000
10 80 0.054545
10 81 0.051724
10 82 0.102941
10 83 0.187500
10 84 0.048055
10 85 0.061047
10 86 0.047945
10 87 0.086420
10 88 0.280000
10 89 0.082031
10 90 0.075812
10 91 0.070000
10 92 0.054264
10 93 0.049412
10 94 0.954545
10 95 0.059322
10 96 0.103960
10 97 0.057534
10 98 0.049180
10 99 0.051980
11 12 0.246377
11 13 0.383459
11 14 0.201581
11 15 0.980769
11 16 0.173469
11 17 0.809524
11 18 0.671053
11 19 0.159875
11 20 0.172881
11 21 0.796875
11 22 0.316770
11 23 0.173469
11 24 0.283333
11 25 0.172881
11 26 0.178322
11 27 0.318750
11 28 0.226667
11 29 0.172881
11 30 0.215190
11 31 0.500000
11 32 0.239437
11 33 0.283333
11 34 0.281768
11 35 0.335526
11 36 0.147826
11 37 0.784615
11 38 0.131105
11 39 0.109442
11 40 0.198444
11 41 0.156442
11 42 0.211618
11 43 0.209016
11 44 0.241706
11 45 0.260204
11 46 0.152695
11 47 0.258883
11 48 0.237209
11 49 0.472222
11 50 0.335526
11 51 0.145714
11 52 0.241706
11 53 0.151335
11 54 0.153614
11 55 0.342282
11 56 0.809524
11 57 0.229730
11 58 0.133508
11 59 0.772727
11 60 0.298246
11 61 0.217021
11 62 0.375000
11 63 0.216102
11 64 0.281768
11 65 0.202381
11 66 0.128141
11 67 0.182796
11 68 0.211618
11 69 0.289773
11 70 0.186131
11 71 0.708333
11 72 0.361702
11 73 0.277174
11 74 0.177700
11 75 0.312883
11 76 0.142458
11 77 0.739130
11 78 0.439655
11 79 0.174658
11 80 0.157407
11 81 0.124390
11 82 0.463636
11 83 0.326923
11 84 0.225664
11 85 0.185455
11 86 0.278689
11 87 0.495146
11 88 0.205645
11 89 0.238318
11 90 0.142061
11 91 0.139344
11 92 0.119159
11 93 0.107595
11 94 0.195402
11 95 0.142857
11 96 0.459459
11 97 0.356643
11 98 0.166667
11 99 0.206478
12 13 0.433628
12 14 0.395161
12 15 0.190661
12 16 0.379845
12 17 0.189189
12 18 0.304348
12 19 0.251282
12 20 0.449541
12 21 0.269231
12 22 0.710145
12 23 0.195219
12 24 0.156550
12 25 0.243781
12 26 0.206751
12 27 0.142442
12 28 0.273743
12 29 0.191406
12 30 0.337931
12 31 0.185606
12 32 0.690141
12 33 0.276836
12 34 0.385827
12 35 0.138810
12 36 0.284884
12 37 0.182836
12 38 0.266304
12 39 0.178832
12 40 0.205882
12 41 0.408333
12 42 0.205882
12 43 0.241379
12 44 0.411765
12 45 0.382812
12 46 0.357664
12 47 0.583333
12 48 0.197581
12 49 0.347518
12 50 0.250000
12 51 0.130319
12 52 0.395161
12 53 0.374046
12 54 0.310127
12 55 0.165541
12 56 0.218750
12 57 0.262032
12 58 0.276836
12 59 0.230047
12 60 0.360294
12 61 0.208511
12 62 0.147590
12 63 0.264865
12 64 0.172535
12 65 0.220721
12 66 0.248731
12 67 0.628205
12 68 0.429825
12 69 0.149847
12 70 0.385827
12 71 0.179487
12 72 0.231132
12 73 0.288235
12 74 0.194444
12 75 0.960784
12 76 0.196000
12 77 0.195219
12 78 0.154574
12 79 0.155556
12 80 0.411765
12 81 0.236715
12 82 0.171930
12 83 0.189922
12 84 0.266304
12 85 0.700000
12 86 0.182156
12 87 0.457944
12 88 0.208511
12 89 0.980000
12 90 0.242574
12 91 0.250000
12 92 0.208511
12 93 0.174377
12 94 0.173145
12 95 0.310127
12 96 0.392000
12 97 0.310127
12 98 0.371212
12 99 0.422414
13 14 0.256198
13 15 0.177143
13 16 0.131356
13 17 0.184524
13 18 0.500000
13 19 0.164894
13 20 0.140271
13 21 0.213793
13 22 0.264957
13 23 0.165775
13 24 0.106164
13 25 0.183432
13 26 0.102310
13 27 0.129167
13 28 0.130802
13 29 0.097484
13 30 0.289720
13 31 0.139640
13 32 0.360465
13 33 0.382716
13 34 0.584906
13 35 0.119691
13 36 0.144186
13 37 0.172222
13 38 0.107266
13 39 0.080519
13 40 0.107266
13 41 0.138393
13 42 0.205298
13 43 0.118774
13 44 0.162304
13 45 0.462687
13 46 0.144860
13 47 0.462687
13 48 0.209459
13 49 0.968750
13 50 0.149038
13 51 0.074699
13 52 0.382716
13 53 0.131915
13 54 0.115672
13 55 0.167568
13 56 0.250000
13 57 0.129167
13 58 0.110320
13 59 0.180233
13 60 0.174157
13 61 0.212329
13 62 0.132479
13 63 0.125506
13 64 0.111913
13 65 0.209459
13 66 0.101307
13 67 0.163158
13 68 0.284404
13 69 0.105085
13 70 0.216783
13 71 0.169399
13 72 0.145540
13 73 0.397436
13 74 0.099042
13 75 0.492063
13 76 0.090643
13 77 0.158163
13 78 0.125506
13 79 0.088068
13 80 0.144860
13 81 0.098413
13 82 0.130802
13 83 0.124498
13 84 0.276786
13 85 0.182353
13 86 0.196203
13 87 0.373494
13 88 0.109541
13 89 0.209459
13 90 0.100324
13 91 0.100977
13 92 0.089595
13 93 0.079082
13 94 0.097484
13 95 0.115242
13 96 0.250000
13 97 0.620000
13 98 0.174157
13 99 0.269565
14 15 0.023810
14 16 0.029412
14 17 0.024648
14 18 0.038674
14 19 0.093333
14 20 0.033654
14 21 0.027132
14 22 0.038889
14 23 0.050360
14 24 0.017370
14 25 0.088608
14 26 0.019444
14 27 0.020349
14 28 0.023333
14 29 0.018519
14 30 0.175000
14 31 0.020649
14 32 0.125000
14 33 0.059322
14 34 0.089744
14 35 0.018868
14 36 0.070000
14 37 0.023569
14 38 0.030973
14 39 0.020710
14 40 0.019499
14 41 0.041420
14 42 0.047297
14 43 0.021538
14 44 0.029046
14 45 0.107692
14 46 0.056452
14 47 0.116667
14 48 0.039773
14 49 0.047297
14 50 0.023256
14 51 0.014141
14 52 0.148936
14 53 0.039548
14 54 0.027237
14 55 0.025271
14 56 0.029536
14 57 0.022801
14 58 0.032110
14 59 0.024390
14 60 0.027888
14 61 0.047619
14 62 0.020349
14 63 0.022801
14 64 0.018277
14 65 0.057377
14 66 0.027778
14 67 0.042169
14 68 0.538462
14 69 0.017073
14 70 0.269231
14 71 0.023333
14 72 0.022364
14 73 0.064815
14 74 0.018667
14 75 0.060345
14 76 0.018970
14 77 0.022222
14 78 0.019074
14 79 0.016166
14 80 0.048276
14 81 0.027451
14 82 0.019718
14 83 0.019774
14 84 0.076087
14 85 0.055556
14 86 0.031674
14 87 0.038251
14 88 0.019718
14 89 0.040462
14 90 0.022876
14 91 0.023810
14 92 0.023179
14 93 0.020468
14 94 0.017500
14 95 0.030837
14 96 0.032110
14 97 0.054264
14 98 0.098592
14 99 0.875000
15 16 0.049275
15 17 0.629630
15 18 0.149123
15 19 0.047753
15 20 0.049133
15 21 0.160377
15 22 0.079812
15 23 0.053628
15 24 0.093407
15 25 0.051829
15 26 0.052308
15 27 0.145299
15 28 0.063433
15 29 0.051205
15 30 0.062044
15 31 0.163462
15 32 0.065637
15 33 0.082524
15 34 0.077626
15 35 0.168317
15 36 0.043702
15 37 0.944444
15 38 0.038636
15 39 0.032882
15 40 0.058020
15 41 0.045093
15 42 0.065637
15 43 0.059649
15 44 0.065385
15 45 0.072650
15 46 0.044503
15 47 0.070539
15 48 0.074890
15 49 0.116438
15 50 0.090426
15 51 0.045822
15 52 0.068000
15 53 0.043814
15 54 0.044386
15 55 0.132812
15 56 0.253731
15 57 0.064394
15 58 0.039261
15 59 0.180851
15 60 0.077982
15 61 0.067194
15 62 0.193182
15 63 0.060932
15 64 0.087629
15 65 0.061594
15 66 0.037778
15 67 0.051515
15 68 0.060284
15 69 0.100592
15 70 0.053628
15 71 0.653846
15 72 0.098837
15 73 0.079812
15 74 0.052469
15 75 0.080189
15 76 0.042184
15 77 0.246377
15 78 0.220779
15 79 0.053459
15 80 0.045333
15 81 0.036876
15 82 0.170000
15 83 0.097701
15 84 0.066667
15 85 0.052147
15 86 0.093407
15 87 0.109677
15 88 0.059859
15 89 0.063910
15 90 0.041565
15 91 0.040767
15 92 0.035491
15 93 0.032319
15 94 0.058824
15 95 0.041565
15 96 0.105590
15 97 0.097701
15 98 0.048295
15 99 0.058824
16 17 0.101695
16 18 0.132841
16 19 0.120805
16 20 0.972973
16 21 0.146341
16 22 0.266667
16 23 0.096257
16 24 0.107784
16 25 0.113924
16 26 0.219512
16 27 0.080357
16 28 0.260870
16 29 0.196721
16 30 0.134328
16 31 0.115016
16 32 0.185567
16 33 0.118033
16 34 0.141176
16 35 0.080899
16 36 0.148148
16 37 0.100279
16 38 0.255319
16 39 0.203390
16 40 0.193548
16 41 0.318584
16 42 0.098361
16 43 0.238411
16 44 0.375000
16 45 0.140625
16 46 0.200000
16 47 0.170616
16 48 0.095745
16 49 0.138462
16 50 0.173077
16 51 0.112500
16 52 0.144000
16 53 0.302521
16 54 0.923077
16 55 0.087591
16 56 0.109422
16 57 0.241611
16 58 0.260870
16 59 0.132353
16 60 0.251748
16 61 0.099174
16 62 0.084112
16 63 0.264706
16 64 0.122034
16 65 0.103448
16 66 0.272727
16 67 0.467532
16 68 0.155172
16 69 0.101124
16 70 0.155172
16 71 0.098361
16 72 0.155172
16 73 0.120805
16 74 0.195652
16 75 0.208092
16 76 0.266667
16 77 0.114286
16 78 0.093023
16 79 0.135338
16 80 0.255319
16 81 0.246575
16 82 0.106509
16 83 0.130909
16 84 0.115756
16 85 0.302521
16 86 0.091371
16 87 0.184615
16 88 0.191489
16 89 0.409091
16 90 0.486486
16 91 0.493151
16 92 0.255319
16 93 0.193548
16 94 0.148148
16 95 0.387097
16 96 0.194595
16 97 0.126761
16 98 0.169014
16 99 0.155172
17 18 0.150943
17 19 0.046784
17 20 0.045326
17 21 0.129032
17 22 0.072727
17 23 0.053872
17 24 0.076555
17 25 0.051118
17 26 0.046243
17 27 0.163265
17 28 0.055944
17 29 0.045326
17 30 0.061303
17 31 0.122137
17 32 0.063241
17 33 0.084656
17 34 0.077295
17 35 0.168421
17 36 0.041995
17 37 0.941176
17 38 0.036117
17 39 0.030476
17 40 0.050955
17 41 0.042328
17 42 0.067227
17 43 0.052632
17 44 0.058608
17 45 0.072072
17 46 0.042216
17 47 0.068376
17 48 0.078431
17 49 0.116788
17 50 0.076555
17 51 0.040302
17 52 0.066946
17 53 0.041026
17 54 0.040712
17 55 0.158416
17 56 0.326531
17 57 0.056537
17 58 0.036782
17 59 0.136752
17 60 0.068670
17 61 0.068966
17 62 0.213333
17 63 0.053872
17 64 0.072727
17 65 0.062500
17 66 0.035242
17 67 0.047904
17 68 0.058608
17 69 0.082051
17 70 0.051948
17 71 0.941176
17 72 0.082051
17 73 0.081218
17 74 0.046377
17 75 0.075472
17 76 0.038095
17 77 0.166667
17 78 0.163265
17 79 0.046647
17 80 0.042781
17 81 0.034409
17 82 0.125984
17 83 0.080000
17 84 0.067227
17 85 0.049080
17 86 0.102564
17 87 0.099379
17 88 0.052459
17 89 0.058824
17 90 0.038005
17 91 0.037471
17 92 0.032922
17 93 0.030019
17 94 0.051118
17 95 0.038647
17 96 0.092486
17 97 0.100000
17 98 0.046377
17 99 0.057348
18 19 0.135246
18 20 0.125475
18 21 0.305556
18 22 0.237410
18 23 0.148649
18 24 0.132530
18 25 0.150000
18 26 0.107843
18 27 0.179348
18 28 0.137500
18 29 0.103448
18 30 0.203704
18 31 0.189655
18 32 0.222973
18 33 0.308411
18 34 0.308411
18 35 0.166667
18 36 0.119565
18 37 0.279661
18 38 0.096210
18 39 0.076212
18 40 0.115789
18 41 0.118705
18 42 0.191860
18 43 0.125475
18 44 0.159420
18 45 0.270492
18 46 0.120438
18 47 0.257812
18 48 0.215686
18 49 0.970588
18 50 0.174603
18 51 0.083123
18 52 0.239130
18 53 0.114187
18 54 0.107492
18 55 0.235714
18 56 0.507692
18 57 0.136929
18 58 0.098507
18 59 0.257812
18 60 0.183333
18 61 0.197605
18 62 0.189655
18 63 0.131474
18 64 0.136364
18 65 0.183333
18 66 0.092437
18 67 0.138655
18 68 0.195266
18 69 0.133065
18 70 0.161765
18 71 0.270492
18 72 0.176471
18 73 0.300000
18 74 0.105769
18 75 0.297297
18 76 0.091413
18 77 0.230769
18 78 0.175532
18 79 0.098214
18 80 0.121771
18 81 0.089918
18 82 0.178378
18 83 0.153488
18 84 0.218543
18 85 0.146667
18 86 0.237410
18 87 0.397590
18 88 0.119134
18 89 0.179348
18 90 0.096210
18 91 0.095930
18 92 0.083756
18 93 0.075000
18 94 0.108911
18 95 0.103774
18 96 0.284483
18 97 0.478261
18 98 0.137500
18 99 0.188571
19 20 0.158491
19 21 0.127273
19 22 0.165354
19 23 0.368421
19 24 0.088235
19 25 0.976744
19 26 0.097448
19 27 0.107969
19 28 0.112601
19 29 0.093333
19 30 0.506024
19 31 0.102689
19 32 0.320611
19 33 0.265823
19 34 0.304348
19 35 0.099291
19 36 0.482759
19 37 0.117647
19 38 0.165354
19 39 0.113514
19 40 0.097222
19 41 0.200000
19 42 0.272727
19 43 0.105793
19 44 0.134185
19 45 0.341463
19 46 0.287671
19 47 0.313433
19 48 0.218750
19 49 0.199052
19 50 0.111702
19 51 0.073814
19 52 0.388889
19 53 0.196262
19 54 0.135048
19 55 0.132492
19 56 0.142857
19 57 0.110236
19 58 0.170040
19 59 0.117318
19 60 0.128834
19 61 0.269231
19 62 0.106329
19 63 0.110526
19 64 0.091904
19 65 0.344262
19 66 0.147887
19 67 0.188341
19 68 0.482759
19 69 0.087137
19 70 0.608696
19 71 0.117318
19 72 0.108527
19 73 0.281879
19 74 0.093960
19 75 0.219895
19 76 0.097222
19 77 0.109661
19 78 0.097448
19 79 0.082840
19 80 0.233333
19 81 0.147887
19 82 0.099057
19 83 0.097902
19 84 0.368421
19 85 0.233333
19 86 0.168675
19 87 0.163424
19 88 0.098131
19 89 0.172840
19 90 0.116343
19 91 0.121739
19 92 0.124629
19 93 0.113208
19 94 0.088421
19 95 0.156716
19 96 0.143345
19 97 0.229508
19 98 0.456522
19 99 0.506024
20 21 0.166008
20 22 0.313433
20 23 0.121739
20 24 0.118644
20 25 0.147887
20 26 0.211055
20 27 0.094595
20 28 0.253012
20 29 0.192661
20 30 0.175000
20 31 0.128834
20 32 0.248521
20 33 0.147887
20 34 0.180258
20 35 0.094170
20 36 0.202899
20 37 0.116992
20 38 0.371681
20 39 0.244186
20 40 0.192661
20 41 0.545455
20 42 0.122807
20 43 0.230769
20 44 0.365217
20 45 0.181034
20 46 0.293706
20 47 0.224599
20 48 0.118310
20 49 0.170040
20 50 0.185022
20 51 0.118644
20 52 0.186667
20 53 0.506024
20 54 0.823529
20 55 0.104738
20 56 0.129630
20 57 0.237288
20 58 0.385321
20 59 0.149466
20 60 0.262500
20 61 0.123894
20 62 0.098361
20 63 0.254545
20 64 0.132492
20 65 0.130435
20 66 0.381818
20 67 0.976744
20 68 0.206897
20 69 0.112299
20 70 0.210000
20 71 0.114754
20 72 0.168000
20 73 0.152174
20 74 0.191781
20 75 0.265823
20 76 0.245614
20 77 0.130031
20 78 0.106599
20 79 0.140468
20 80 0.403846
20 81 0.338710
20 82 0.120000
20 83 0.142373
20 84 0.146853
20 85 0.494118
20 86 0.111111
20 87 0.217617
20 88 0.191781
20 89 0.518519
20 90 0.424242
20 91 0.471910
20 92 0.315789
20 93 0.233333
20 94 0.153285
20 95 0.617647
20 96 0.219895
20 97 0.157303
20 98 0.235955
20 99 0.207921
21 22 0.254098
21 23 0.094801
21 24 0.210884
21 25 0.098726
21 26 0.139013
21 27 0.140909
21 28 0.190184
21 29 0.133621
21 30 0.123506
21 31 0.369048
21 32 0.148325
21 33 0.146226
21 34 0.156566
21 35 0.151220
21 36 0.091176
21 37 0.254098
21 38 0.087079
21 39 0.073634
21 40 0.159794
21 41 0.104730
21 42 0.110714
21 43 0.171271
21 44 0.197452
21 45 0.146226
21 46 0.097792
21 47 0.156566
21 48 0.118774
21 49 0.234848
21 50 0.348315
21 51 0.106164
21 52 0.138393
21 53 0.100977
21 54 0.108772
21 55 0.146919
21 56 0.252033
21 57 0.193750
21 58 0.088825
21 59 0.968750
21 60 0.274336
21 61 0.113139
21 62 0.160622
21 63 0.178161
21 64 0.229630
21 65 0.108772
21 66 0.085873
21 67 0.127049
21 68 0.126531
21 69 0.202614
21 70 0.112727
21 71 0.238462
21 72 0.382716
21 73 0.144860
21 74 0.138393
21 75 0.206667
21 76 0.104377
21 77 0.436620
21 78 0.218310
21 79 0.133047
21 80 0.103333
21 81 0.083110
21 82 0.298077
21 83 0.289720
21 84 0.122530
21 85 0.124000
21 86 0.130802
21 87 0.392405
21 88 0.167568
21 89 0.177143
21 90 0.100977
21 91 0.098101
21 92 0.080729
21 93 0.071926
21 94 0.154229
21 95 0.097179
21 96 0.492063
21 97 0.178161
21 98 0.103333
21 99 0.123506
22 23 0.181507
22 24 0.215447
22 25 0.209486
22 26 0.280423
22 27 0.169329
22 28 0.424000
22 29 0.257282
22 30 0.276042
22 31 0.263682
22 32 0.427419
22 33 0.270408
22 34 0.341935
22 35 0.169329
22 36 0.221757
22 37 0.234513
22 38 0.226496
22 39 0.173770
22 40 0.291209
22 41 0.304598
22 42 0.200000
22 43 0.353333
22 44 0.716216
22 45 0.325153
22 46 0.259804
22 47 0.417323
22 48 0.200000
22 49 0.395522
22 50 0.414062
22 51 0.167722
22 52 0.319277
22 53 0.284946
22 54 0.306358
22 55 0.190647
22 56 0.271795
22 57 0.404580
22 58 0.233480
22 59 0.348684
22 60 0.736111
22 61 0.203065
22 62 0.180272
22 63 0.398496
22 64 0.245370
22 65 0.207031
22 66 0.220833
22 67 0.430894
22 68 0.313609
22 69 0.203846
22 70 0.280423
22 71 0.228448
22 72 0.368056
22 73 0.276042
22 74 0.263682
22 75 0.779412
22 76 0.233480
22 77 0.274611
22 78 0.201521
22 79 0.208661
22 80 0.291209
22 81 0.210317
22 82 0.236607
22 83 0.278947
22 84 0.243119
22 85 0.401515
22 86 0.196296
22 87 0.868852
22 88 0.299435
22 89 0.981481
22 90 0.258537
22 91 0.254808
22 92 0.198502
22 93 0.168790
22 94 0.239819
22 95 0.267677
22 96 0.868852
22 97 0.319277
22 98 0.266332
22 99 0.308140
23 24 0.089362
23 25 0.575342
23 26 0.087500
23 27 0.132075
23 28 0.100962
23 29 0.084507
23 30 0.392523
23 31 0.106329
23 32 0.232044
23 33 0.362069
23 34 0.302158
23 35 0.116343
23 36 0.211055
23 37 0.134185
23 38 0.117318
23 39 0.088795
23 40 0.088983
23 41 0.137255
23 42 0.666667
23 43 0.095238
23 44 0.116022
23 45 0.325581
23 46 0.168000
23 47 0.248521
23 48 0.403846
23 49 0.215385
23 50 0.106329
23 51 0.069884
23 52 0.328125
23 53 0.134185
23 54 0.106329
23 55 0.173554
23 56 0.167331
23 57 0.099762
23 58 0.120000
23 59 0.120344
23 60 0.116667
23 61 0.617647
23 62 0.126126
23 63 0.099057
23 64 0.091106
23 65 0.976744
23 66 0.108808
23 67 0.138158
23 68 0.293706
23 69 0.089552
23 70 0.274510
23 71 0.134615
23 72 0.105263
23 73 0.371681
23 74 0.085366
23 75 0.187500
23 76 0.083832
23 77 0.115702
23 78 0.106870
23 79 0.078067
23 80 0.150538
23 81 0.108247
23 82 0.103960
23 83 0.096998
23 84 0.552632
23 85 0.159091
23 86 0.253012
23 87 0.155556
23 88 0.090129
23 89 0.140000
23 90 0.094595
23 91 0.097222
23 92 0.095890
23 93 0.088421
23 94 0.083333
23 95 0.115385
23 96 0.135484
23 97 0.272727
23 98 0.216495
23 99 0.291667
24 25 0.062907
24 26 0.126087
24 27 0.103203
24 28 0.142157
24 29 0.128319
24 30 0.072864
24 31 0.362500
24 32 0.082386
24 33 0.081690
24 34 0.084058
24 35 0.121339
24 36 0.060417
24 37 0.147959
24 38 0.062232
24 39 0.057426
24 40 0.153439
24 41 0.070218
24 42 0.069048
24 43 0.141463
24 44 0.120833
24 45 0.080780
24 46 0.064588
24 47 0.084302
24 48 0.073418
24 49 0.104693
24 50 0.228346
24 51 0.140097
24 52 0.078167
24 53 0.068396
24 54 0.078378
24 55 0.093851
24 56 0.121849
24 57 0.149485
24 58 0.063043
24 59 0.237705
24 60 0.148718
24 61 0.070048
24 62 0.118367
24 63 0.137441
24 64 0.674419
24 65 0.067757
24 66 0.062635
24 67 0.080780
24 68 0.074169
24 69 0.966667
24 70 0.069048
24 71 0.142857
24 72 0.276190
24 73 0.081006
24 74 0.133641
24 75 0.099656
24 76 0.089231
24 77 0.250000
24 78 0.205674
24 79 0.171598
24 80 0.068235
24 81 0.060924
24 82 0.349398
24 83 0.491525
24 84 0.072864
24 85 0.076923
24 86 0.080780
24 87 0.131222
24 88 0.161111
24 89 0.099656
24 90 0.077748
24 91 0.074169
24 92 0.061311
24 93 0.056202
24 94 0.189542
24 95 0.068884
24 96 0.152632
24 97 0.091483
24 98 0.065909
24 99 0.073232
25 26 0.144165
25 27 0.178470
25 28 0.167553
25 29 0.138462
25 30 0.984375
25 31 0.161538
25 32 0.480916
25 33 0.504000
25 34 0.538462
25 35 0.161954
25 36 0.496063
25 37 0.192073
25 38 0.219512
25 39 0.156716
25 40 0.145161
25 41 0.264706
25 42 0.562500
25 43 0.157500
25 44 0.198113
25 45 0.611650
25 46 0.351955
25 47 0.496063
25 48 0.417219
25 49 0.335106
25 50 0.170732
25 51 0.110915
25 52 0.684783
25 53 0.258197
25 54 0.189759
25 55 0.225806
25 56 0.237736
25 57 0.164921
25 58 0.225806
25 59 0.184751
25 60 0.194444
25 61 0.552632
25 62 0.174033
25 63 0.164491
25 64 0.141573
25 65 0.787500
25 66 0.200000
25 67 0.260331
25 68 0.724138
25 69 0.135776
25 70 0.732558
25 71 0.191489
25 72 0.167109
25 73 0.538462
25 74 0.139690
25 75 0.336898
25 76 0.140940
25 77 0.174033
25 78 0.155941
25 79 0.124506
25 80 0.300000
25 81 0.198738
25 82 0.156328
25 83 0.151442
25 84 0.818182
25 85 0.315000
25 86 0.301435
25 87 0.257143
25 88 0.146853
25 89 0.250996
25 90 0.164491
25 91 0.171196
25 92 0.171196
25 93 0.155941
25 94 0.133475
25 95 0.212838
25 96 0.221831
25 97 0.406452
25 98 0.516393
25 99 0.732558
26 27 0.042986
26 28 0.283582
26 29 0.950000
26 30 0.050265
26 31 0.076305
26 32 0.062092
26 33 0.049608
26 34 0.055233
26 35 0.045346
26 36 0.048346
26 37 0.055556
26 38 0.062914
26 39 0.062914
26 40 0.452381
26 41 0.069343
26 42 0.041943
26 43 0.431818
26 44 0.158333
26 45 0.054131
26 46 0.056380
26 47 0.060703
26 48 0.042316
26 49 0.060897
26 50 0.136691
26 51 0.121019
26 52 0.053824
26 53 0.067616
26 54 0.102151
26 55 0.043981
26 56 0.055394
26 57 0.287879
26 58 0.063333
26 59 0.081545
26 60 0.149606
26 61 0.042411
26 62 0.046117
26 63 0.333333
26 64 0.101604
26 65 0.042697
26 66 0.066202
26 67 0.083333
26 68 0.054286
26 69 0.073643
26 70 0.052342
26 71 0.054286
26 72 0.119497
26 73 0.050000
26 74 0.863636
26 75 0.074219
26 76 0.195876
26 77 0.070632
26 78 0.056886
26 79 0.175926
26 80 0.063545
26 81 0.063123
26 82 0.069853
26 83 0.104972
26 84 0.046683
26 85 0.071429
26 86 0.042793
26 87 0.083700
26 88 0.380000
26 89 0.100529
26 90 0.114458
26 91 0.100000
26 92 0.068592
26 93 0.060703
26 94 0.204301
26 95 0.075099
26 96 0.100000
26 97 0.054286
26 98 0.053221
26 99 0.053977
27 28 0.096606
27 29 0.082405
27 30 0.118211
27 31 0.174528
27 32 0.113846
27 33 0.159483
27 34 0.138577
27 35 0.672727
27 36 0.083521
27 37 0.370000
27 38 0.070209
27 39 0.060163
27 40 0.090465
27 41 0.080087
27 42 0.144531
27 43 0.092500
27 44 0.100000
27 45 0.132143
27 46 0.081858
27 47 0.122112
27 48 0.172093
27 49 0.177033
27 50 0.121711
27 51 0.076923
27 52 0.124579
27 53 0.078224
27 54 0.076132
27 55 0.480519
27 56 0.305785
27 57 0.097625
27 58 0.071291
27 59 0.176190
27 60 0.112121
27 61 0.147410
27 62 0.973684
27 63 0.093909
27 64 0.122517
27 65 0.130742
27 66 0.068392
27 67 0.087886
27 68 0.110448
27 69 0.141762
27 70 0.100271
27 71 0.402174
27 72 0.128472
27 73 0.152893
27 74 0.084091
27 75 0.125424
27 76 0.071567
27 77 0.204420
27 78 0.256944
27 79 0.085847
27 80 0.081678
27 81 0.067151
27 82 0.185930
27 83 0.129371
27 84 0.133574
27 85 0.090686
27 86 0.240260
27 87 0.146245
27 88 0.092500
27 89 0.101648
27 90 0.071705
27 91 0.071017
27 92 0.064236
27 93 0.059390
27 94 0.091584
27 95 0.073705
27 96 0.137546
27 97 0.172093
27 98 0.090024
27 99 0.108504
28 29 0.134146
28 30 0.034810
28 31 0.054187
28 32 0.044898
28 33 0.034700
28 34 0.039427
28 35 0.030137
28 36 0.032070
28 37 0.038596
28 38 0.039568
28 39 0.036424
28 40 0.183333
28 41 0.046218
28 42 0.028424
28 43 0.440000
28 44 0.177419
28 45 0.038328
28 46 0.037671
28 47 0.043825
28 48 0.028721
28 49 0.044715
28 50 0.123596
28 51 0.055276
28 52 0.037931
28 53 0.044715
28 54 0.064706
28 55 0.029891
28 56 0.039427
28 57 0.916667
28 58 0.040146
28 59 0.061798
28 60 0.180328
28 61 0.028721
28 62 0.030986
28 63 0.916667
28 64 0.067485
28 65 0.028947
28 66 0.040892
28 67 0.058824
28 68 0.037931
28 69 0.047826
28 70 0.035948
28 71 0.037671
28 72 0.098214
28 73 0.035032
28 74 0.142857
28 75 0.057292
28 76 0.080882
28 77 0.050691
28 78 0.038328
28 79 0.079137
28 80 0.042471
28 81 0.038869
28 82 0.048246
28 83 0.074324
28 84 0.032164
28 85 0.050228
28 86 0.029101
28 87 0.068750
28 88 0.192982
28 89 0.082090
28 90 0.065089
28 91 0.058511
28 92 0.040441
28 93 0.035144
28 94 0.100000
28 95 0.047826
28 96 0.088000
28 97 0.038732
28 98 0.035948
28 99 0.037543
29 30 0.020253
29 31 0.031873
29 32 0.024691
29 33 0.020050
29 34 0.022222
29 35 0.018868
29 36 0.019370
29 37 0.022923
29 38 0.024922
29 39 0.025237
29 40 0.195122
29 41 0.027211
29 42 0.017058
29 43 0.137931
29 44 0.057971
29 45 0.021739
29 46 0.022472
29 47 0.024169
29 48 0.017279
29 49 0.024465
29 50 0.055172
29 51 0.057971
29 52 0.021563
29 53 0.026578
29 54 0.039216
29 55 0.018100
29 56 0.022663
29 57 0.101266
29 58 0.025078
29 59 0.033473
29 60 0.056738
29 61 0.017241
29 62 0.019139
29 63 0.109589
29 64 0.043478
29 65 0.017316
29 66 0.026230
29 67 0.032258
29 68 0.021739
29 69 0.031373
29 70 0.020942
29 71 0.022409
29 72 0.049080
29 73 0.020253
29 74 0.888889
29 75 0.029304
29 76 0.075472
29 77 0.029304
29 78 0.023739
29 79 0.087912
29 80 0.025078
29 81 0.025078
29 82 0.029304
29 83 0.044199
29 84 0.018868
29 85 0.027972
29 86 0.017505
29 87 0.033195
29 88 0.160000
29 89 0.038462
29 90 0.043956
29 91 0.038647
29 92 0.027211
29 93 0.024390
29 94 0.098765
29 95 0.029412
29 96 0.039409
29 97 0.021918
29 98 0.021220
29 99 0.021563
30 31 0.082067
30 32 0.360000
30 33 0.325301
30 34 0.482143
30 35 0.078488
30 36 0.201493
30 37 0.098182
30 38 0.101887
30 39 0.071618
30 40 0.072386
30 41 0.130435
30 42 0.247706
30 43 0.079412
30 44 0.104247
30 45 0.658537
30 46 0.165644
30 47 0.409091
30 48 0.197080
30 49 0.209302
30 50 0.088235
30 51 0.053360
30 52 0.964286
30 53 0.125581
30 54 0.093426
30 55 0.111111
30 56 0.126761
30 57 0.084112
30 58 0.105058
30 59 0.096774
30 60 0.103053
30 61 0.250000
30 62 0.085174
30 63 0.083591
30 64 0.070866
30 65 0.321429
30 66 0.093103
30 67 0.135678
30 68 0.692308
30 69 0.067164
30 70 0.428571
30 71 0.097473
30 72 0.085987
30 73 0.369863
30 74 0.069054
30 75 0.217742
30 76 0.068354
30 77 0.089404
30 78 0.077364
30 79 0.060948
30 80 0.146739
30 81 0.091837
30 82 0.078717
30 83 0.076487
30 84 0.509434
30 85 0.167702
30 86 0.146739
30 87 0.148352
30 88 0.073370
30 89 0.138462
30 90 0.079882
30 91 0.082569
30 92 0.079412
30 93 0.071053
30 94 0.065854
30 95 0.102273
30 96 0.122172
30 97 0.264706
30 98 0.245455
30 99 0.642857
31 32 0.082474
31 33 0.086022
31 34 0.087591
31 35 0.135593
31 36 0.056738
31 37 0.200000
31 38 0.055427
31 39 0.049080
31 40 0.113744
31 41 0.064000
31 42 0.070175
31 43 0.112676
31 44 0.109589
31 45 0.083045
31 46 0.060150
31 47 0.085714
31 48 0.075949
31 49 0.117647
31 50 0.208696
31 51 0.088889
31 52 0.079470
31 53 0.062176
31 54 0.068182
31 55 0.103448
31 56 0.150943
31 57 0.122449
31 58 0.056338
31 59 0.452830
31 60 0.140351
31 61 0.071429
31 62 0.135593
31 63 0.112676
31 64 0.263736
31 65 0.067989
31 66 0.055172
31 67 0.074534
31 68 0.073620
31 69 0.320000
31 70 0.067227
31 71 0.188976
31 72 0.260870
31 73 0.084806
31 74 0.099174
31 75 0.103004
31 76 0.071217
31 77 0.648649
31 78 0.279070
31 79 0.108597
31 80 0.062992
31 81 0.053571
31 82 0.960000
31 83 0.315789
31 84 0.074074
31 85 0.072508
31 86 0.085714
31 87 0.148148
31 88 0.119403
31 89 0.095238
31 90 0.065753
31 91 0.063325
31 92 0.052863
31 93 0.048096
31 94 0.123077
31 95 0.061069
31 96 0.170213
31 97 0.099174
31 98 0.062663
31 99 0.072289
32 33 0.180328
32 34 0.318841
32 35 0.063953
32 36 0.165414
32 37 0.083019
32 38 0.103774
32 39 0.069401
32 40 0.072368
32 41 0.147651
32 42 0.126437
32 43 0.081481
32 44 0.117647
32 45 0.338462
32 46 0.171875
32 47 0.956522
32 48 0.115789
32 49 0.186441
32 50 0.089069
32 51 0.050000
32 52 0.385965
32 53 0.138365
32 54 0.100457
32 55 0.083019
32 56 0.104762
32 57 0.087302
32 58 0.107843
32 59 0.092050
32 60 0.112245
32 61 0.128655
32 62 0.068750
32 63 0.087302
32 64 0.066667
32 65 0.142857
32 66 0.094017
32 67 0.170543
32 68 0.488889
32 69 0.060942
32 70 0.323529
32 71 0.081784
32 72 0.084942
32 73 0.196429
32 74 0.068750
32 75 0.349206
32 76 0.068536
32 77 0.081181
32 78 0.067073
32 79 0.058355
32 80 0.165414
32 81 0.091667
32 82 0.070968
32 83 0.072848
32 84 0.186441
32 85 0.226804
32 86 0.098655
32 87 0.166667
32 88 0.073333
32 89 0.181818
32 90 0.082707
32 91 0.085603
32 92 0.078853
32 93 0.068111
32 94 0.063768
32 95 0.109453
32 96 0.133333
32 97 0.191304
32 98 0.234043
32 99 0.458333
33 34 0.188679
33 35 0.037594
33 36 0.046296
33 37 0.048780
33 38 0.030120
33 39 0.022779
33 40 0.027100
33 41 0.037037
33 42 0.140845
33 43 0.029240
33 44 0.037037
33 45 0.172414
33 46 0.042017
33 47 0.100000
33 48 0.138889
33 49 0.125000
33 50 0.035211
33 51 0.020325
33 52 0.135135
33 53 0.035714
33 54 0.029940
33 55 0.062112
33 56 0.070922
33 57 0.031153
33 58 0.030864
33 59 0.042735
33 60 0.038760
33 61 0.151515
33 62 0.042017
33 63 0.030581
33 64 0.028902
33 65 0.135135
33 66 0.028249
33 67 0.040323
33 68 0.089286
33 69 0.028249
33 70 0.069930
33 71 0.048780
33 72 0.034965
33 73 0.909091
33 74 0.025445
33 75 0.074074
33 76 0.023866
33 77 0.040323
33 78 0.035336
33 79 0.023256
33 80 0.039683
33 81 0.027701
33 82 0.034602
33 83 0.031348
33 84 0.204082
33 85 0.045872
33 86 0.096154
33 87 0.061728
33 88 0.027548
33 89 0.045249
33 90 0.026385
33 91 0.026882
33 92 0.025000
33 93 0.022523
33 94 0.025189
33 95 0.031056
33 96 0.049505
33 97 0.256410
33 98 0.052910
33 99 0.085470
34 35 0.051195
34 36 0.084746
34 37 0.067873
34 38 0.053381
34 39 0.038860
34 40 0.044910
34 41 0.068807
34 42 0.132743
34 43 0.049342
34 44 0.066079
34 45 0.937500
34 46 0.078534
34 47 0.319149
34 48 0.121951
34 49 0.202703
34 50 0.058140
34 51 0.032397
34 52 0.468750
34 53 0.065789
34 54 0.053191
34 55 0.074257
34 56 0.093750
34 57 0.053004
34 58 0.054945
34 59 0.066964
34 60 0.067568
34 61 0.136364
34 62 0.056180
34 63 0.052083
34 64 0.045455
34 65 0.147059
34 66 0.049669
34 67 0.076531
34 68 0.220588
34 69 0.043103
34 70 0.145631
34 71 0.067265
34 72 0.056818
34 73 0.340909
34 74 0.042254
34 75 0.168539
34 76 0.040214
34 77 0.060729
34 78 0.051020
34 79 0.037500
34 80 0.074627
34 81 0.048544
34 82 0.052083
34 83 0.049669
34 84 0.234375
34 85 0.090909
34 86 0.097403
34 87 0.112782
34 88 0.045732
34 89 0.087209
34 90 0.045732
34 91 0.046729
34 92 0.043103
34 93 0.038363
34 94 0.040984
34 95 0.055556
34 96 0.086705
34 97 0.288462
34 98 0.103448
34 99 0.200000
35 36 0.059701
35 37 0.318182
35 38 0.052142
35 39 0.045381
35 40 0.072917
35 41 0.059322
35 42 0.093645
35 43 0.073684
35 44 0.077562
35 45 0.091205
35 46 0.059448
35 47 0.086420
35 48 0.108108
35 49 0.123348
35 50 0.099644
35 51 0.063205
35 52 0.086420
35 53 0.057851
35 54 0.057851
35 55 0.225806
35 56 0.207407
35 57 0.077778
35 58 0.052930
35 59 0.148936
35 60 0.088050
35 61 0.095238
35 62 0.965517
35 63 0.074468
35 64 0.105660
35 65 0.086420
35 66 0.051095
35 67 0.065421
35 68 0.077778
35 69 0.129630
35 70 0.070886
35 71 0.345679
35 72 0.106870
35 73 0.101818
35 74 0.067470
35 75 0.091503
35 76 0.056000
35 77 0.185430
35 78 0.282828
35 79 0.070529
35 80 0.059829
35 81 0.050089
35 82 0.173913
35 83 0.110672
35 84 0.089457
35 85 0.066667
35 86 0.140000
35 87 0.110236
35 88 0.074667
35 89 0.076712
35 90 0.054902
35 91 0.054159
35 92 0.048359
35 93 0.044728
35 94 0.075269
35 95 0.055227
35 96 0.106870
35 97 0.115226
35 98 0.064368
35 99 0.076294
36 37 0.101523
36 38 0.232558
36 39 0.139373
36 40 0.099502
36 41 0.287770
36 42 0.173160
36 43 0.109589
36 44 0.141844
36 45 0.243902
36 46 0.588235
36 47 0.268456
36 48 0.150376
36 49 0.163934
36 50 0.108992
36 51 0.073801
36 52 0.272109
36 53 0.285714
36 54 0.161943
36 55 0.106383
36 56 0.119403
36 57 0.113636
36 58 0.242424
36 59 0.107817
36 60 0.130293
36 61 0.172414
36 62 0.090293
36 63 0.115274
36 64 0.088106
36 65 0.200000
36 66 0.197044
36 67 0.238095
36 68 0.363636
36 69 0.081466
36 70 0.533333
36 71 0.100756
36 72 0.104712
36 73 0.195122
36 74 0.097324
36 75 0.209424
36 76 0.106101
36 77 0.099256
36 78 0.086957
36 79 0.083160
36 80 0.370370
36 81 0.199005
36 82 0.090498
36 83 0.093677
36 84 0.219780
36 85 0.312500
36 86 0.126183
36 87 0.152672
36 88 0.100000
36 89 0.190476
36 90 0.134680
36 91 0.144404
36 92 0.156250
36 93 0.138889
36 94 0.088692
36 95 0.206186
36 96 0.137457
36 97 0.174672
36 98 0.975610
36 99 0.388350
37 38 0.017738
37 39 0.015094
37 40 0.025806
37 41 0.020672
37 42 0.031496
37 43 0.026578
37 44 0.029091
37 45 0.033898
37 46 0.020513
37 47 0.032520
37 48 0.036364
37 49 0.053333
37 50 0.039024
37 51 0.020672
37 52 0.031621
37 53 0.020050
37 54 0.020151
37 55 0.070175
37 56 0.125000
37 57 0.028571
37 58 0.018018
37 59 0.072072
37 60 0.034188
37 61 0.032258
37 62 0.111111
37 63 0.027027
37 64 0.038095
37 65 0.029412
37 66 0.017316
37 67 0.023460
37 68 0.027972
37 69 0.043956
37 70 0.024922
37 71 0.888889
37 72 0.042328
37 73 0.037736
37 74 0.023460
37 75 0.036199
37 76 0.019093
37 77 0.094118
37 78 0.097561
37 79 0.023881
37 80 0.020833
37 81 0.016949
37 82 0.070175
37 83 0.041885
37 84 0.031621
37 85 0.023881
37 86 0.046512
37 87 0.047904
37 88 0.026578
37 89 0.028777
37 90 0.018868
37 91 0.018561
37 92 0.016260
37 93 0.014842
37 94 0.026144
37 95 0.019002
37 96 0.045455
37 97 0.045714
37 98 0.022409
37 99 0.027304
38 39 0.068376
38 40 0.024465
38 41 0.121212
38 42 0.021448
38 43 0.027491
38 44 0.035242
38 45 0.029197
38 46 0.073394
38 47 0.034043
38 48 0.020101
38 49 0.025000
38 50 0.023599
38 51 0.017467
38 52 0.030651
38 53 0.148148
38 54 0.067797
38 55 0.016913
38 56 0.019656
38 57 0.027682
38 58 0.888889
38 59 0.020779
38 60 0.029520
38 61 0.021505
38 62 0.015534
38 63 0.028986
38 64 0.018648
38 65 0.023055
38 66 0.250000
38 67 0.071429
38 68 0.035242
38 69 0.016495
38 70 0.038835
38 71 0.017505
38 72 0.022161
38 73 0.024845
38 74 0.024768
38 75 0.034335
38 76 0.032000
38 77 0.018779
38 78 0.016129
38 79 0.019656
38 80 0.097561
38 81 0.258065
38 82 0.017544
38 83 0.019656
38 84 0.025237
38 85 0.066667
38 86 0.018433
38 87 0.027875
38 88 0.024316
38 89 0.044199
38 90 0.051282
38 91 0.061069
38 92 0.094118
38 93 0.067797
38 94 0.020888
38 95 0.160000
38 96 0.027211
38 97 0.024540
38 98 0.048485
38 99 0.035874
39 40 0.032738
39 41 0.064706
39 42 0.022680
39 43 0.035714
39 44 0.040590
39 45 0.028796
39 46 0.048889
39 47 0.032448
39 48 0.021696
39 49 0.026570
39 50 0.028796
39 51 0.024554
39 52 0.029730
39 53 0.067901
39 54 0.079710
39 55 0.019332
39 56 0.022222
39 57 0.035144
39 58 0.088710
39 59 0.024554
39 60 0.034483
39 61 0.022727
39 62 0.018395
39 63 0.037037
39 64 0.023656
39 65 0.023913
39 66 0.126437
39 67 0.056122
39 68 0.032544
39 69 0.020794
39 70 0.034268
39 71 0.020484
39 72 0.027094
39 73 0.025641
39 74 0.034161
39 75 0.033951
39 76 0.050000
39 77 0.022403
39 78 0.019538
39 79 0.026961
39 80 0.056410
39 81 0.126437
39 82 0.021401
39 83 0.024609
39 84 0.025701
39 85 0.049774
39 86 0.020446
39 87 0.030220
39 88 0.032164
39 89 0.043478
39 90 0.080292
39 91 0.095652
39 92 0.275000
39 93 0.916667
39 94 0.027990
39 95 0.094017
39 96 0.030556
39 97 0.025701
39 98 0.039146
39 99 0.032836
40 41 0.030822
40 42 0.020455
40 43 0.236842
40 44 0.074380
40 45 0.026239
40 46 0.025714
40 47 0.029221
40 48 0.020833
40 49 0.030508
40 50 0.084906
40 51 0.064286
40 52 0.025937
40 53 0.030000
40 54 0.042056
40 55 0.022277
40 56 0.028571
40 57 0.173077
40 58 0.027778
40 59 0.045226
40 60 0.080357
40 61 0.020690
40 62 0.023810
40 63 0.160714
40 64 0.061644
40 65 0.020690
40 66 0.028571
40 67 0.037037
40 68 0.025862
40 69 0.041475
40 70 0.024658
40 71 0.028302
40 72 0.073171
40 73 0.024523
40 74 0.281250
40 75 0.036145
40 76 0.065217
40 77 0.038627
40 78 0.030303
40 79 0.111111
40 80 0.028571
40 81 0.027356
40 82 0.038627
40 83 0.063830
40 84 0.022670
40 85 0.032491
40 86 0.021327
40 87 0.043062
40 88 0.900000
40 89 0.046632
40 90 0.045000
40 91 0.040359
40 92 0.029032
40 93 0.025937
40 94 0.155172
40 95 0.032374
40 96 0.052941
40 97 0.026946
40 98 0.024658
40 99 0.025641
41 42 0.034921
41 43 0.042969
41 44 0.060773
41 45 0.051887
41 46 0.152778
41 47 0.064327
41 48 0.032641
41 49 0.043137
41 50 0.038194
41 51 0.025641
41 52 0.055000
41 53 0.916667
41 54 0.100917
41 55 0.026895
41 56 0.032164
41 57 0.044355
41 58 0.189655
41 59 0.033742
41 60 0.049774
41 61 0.035032
41 62 0.024444
41 63 0.046218
41 64 0.029024
41 65 0.037931
41 66 0.129412
41 67 0.200000
41 68 0.065089
41 69 0.025522
41 70 0.071429
41 71 0.028061
41 72 0.035599
41 73 0.042308
41 74 0.037415
41 75 0.065476
41 76 0.045455
41 77 0.030055
41 78 0.025346
41 79 0.029491
41 80 0.343750
41 81 0.119565
41 82 0.027638
41 83 0.030986
41 84 0.042636
41 85 0.200000
41 86 0.029650
41 87 0.049107
41 88 0.037543
41 89 0.088710
41 90 0.069620
41 91 0.079710
41 92 0.082707
41 93 0.062857
41 94 0.031700
41 95 0.186441
41 96 0.046809
41 97 0.041985
41 98 0.092437
41 99 0.066667
42 43 0.012136
42 44 0.014793
42 45 0.045045
42 46 0.018450
42 47 0.032051
42 48 0.116279
42 49 0.033333
42 50 0.014085
42 51 0.008881
42 52 0.042373
42 53 0.015432
42 54 0.012755
42 55 0.027778
42 56 0.025907
42 57 0.012788
42 58 0.013699
42 59 0.016667
42 60 0.015198
42 61 0.833333
42 62 0.018450
42 63 0.012594
42 64 0.012077
42 65 0.151515
42 66 0.012531
42 67 0.016556
42 68 0.034014
42 69 0.012019
42 70 0.029412
42 71 0.019841
42 72 0.014045
42 73 0.067568
42 74 0.010799
42 75 0.024876
42 76 0.010288
42 77 0.016181
42 78 0.014925
42 79 0.009980
42 80 0.017123
42 81 0.012407
42 82 0.014286
42 83 0.012920
42 84 0.086207
42 85 0.018727
42 86 0.048077
42 87 0.021552
42 88 0.011521
42 89 0.017544
42 90 0.011390
42 91 0.011628
42 92 0.011161
42 93 0.010225
42 94 0.010707
42 95 0.013477
42 96 0.018315
42 97 0.046296
42 98 0.023256
42 99 0.033113
43 44 0.211765
43 45 0.057692
43 46 0.057508
43 47 0.065455
43 48 0.044226
43 49 0.066667
43 50 0.180000
43 51 0.101695
43 52 0.057143
43 53 0.068182
43 54 0.100000
43 55 0.046272
43 56 0.060000
43 57 0.782609
43 58 0.062500
43 59 0.093750
43 60 0.214286
43 61 0.044226
43 62 0.048518
43 63 0.947368
43 64 0.111111
43 65 0.044444
43 66 0.064057
43 67 0.087379
43 68 0.057325
43 69 0.077922
43 70 0.054545
43 71 0.058252
43 72 0.147541
43 73 0.053254
43 74 0.346154
43 75 0.082949
43 76 0.144000
43 77 0.078261
43 78 0.060403
43 79 0.152542
43 80 0.064748
43 81 0.061017
43 82 0.075949
43 83 0.119205
43 84 0.049046
43 85 0.075000
43 86 0.044888
43 87 0.097826
43 88 0.473684
43 89 0.114650
43 90 0.104651
43 91 0.093264
43 92 0.064516
43 93 0.056604
43 94 0.195652
43 95 0.074074
43 96 0.122449
43 97 0.058442
43 98 0.054878
43 99 0.056782
44 45 0.200855
44 46 0.202586
44 47 0.242268
44 48 0.139053
44 49 0.228155
44 50 0.415929
44 51 0.180769
44 52 0.200000
44 53 0.246073
44 54 0.350746
44 55 0.137026
44 56 0.183594
44 57 0.661972
44 58 0.210762
44 59 0.261111
44 60 0.979167
44 61 0.140719
44 62 0.135838
44 63 0.701493
44 64 0.232673
44 65 0.143293
44 66 0.209821
44 67 0.367188
44 68 0.203463
44 69 0.180077
44 70 0.191837
44 71 0.166078
44 72 0.343066
44 73 0.177358
44 74 0.350746
44 75 0.338129
44 76 0.303226
44 77 0.210762
44 78 0.159322
44 79 0.235000
44 80 0.235000
44 81 0.198312
44 82 0.193416
44 83 0.259669
44 84 0.162069
44 85 0.297468
44 86 0.137427
44 87 0.376000
44 88 0.394958
44 89 0.652778
44 90 0.313333
44 91 0.291925
44 92 0.199153
44 93 0.167260
44 94 0.276471
44 95 0.258242
44 96 0.465347
44 97 0.196653
44 98 0.192623
44 99 0.201717
45 46 0.093923
45 47 0.369565
45 48 0.134921
45 49 0.191011
45 50 0.062963
45 51 0.035865
45 52 0.944444
45 53 0.076577
45 54 0.060284
45 55 0.079812
45 56 0.097143
45 57 0.058219
45 58 0.063910
45 59 0.071130
45 60 0.073276
45 61 0.157407
45 62 0.060714
45 63 0.057432
45 64 0.049563
45 65 0.178947
45 66 0.057239
45 67 0.087629
45 68 0.303571
45 69 0.046961
45 70 0.188889
45 71 0.071429
45 72 0.061372
45 73 0.354167
45 74 0.046832
45 75 0.177083
45 76 0.045093
45 77 0.064885
45 78 0.055016
45 79 0.041363
45 80 0.087629
45 81 0.056106
45 82 0.056106
45 83 0.053968
45 84 0.298246
45 85 0.105590
45 86 0.104938
45 87 0.117241
45 88 0.050296
45 89 0.096591
45 90 0.051672
45 91 0.053125
45 92 0.049419
45 93 0.043928
45 94 0.045093
45 95 0.063910
45 96 0.091892
45 97 0.261538
45 98 0.126866
45 99 0.274194
46 47 0.266667
46 48 0.133779
46 49 0.163265
46 50 0.121951
46 51 0.081800
46 52 0.242424
46 53 0.547945
46 54 0.220994
46 55 0.102302
46 56 0.118694
46 57 0.132450
46 58 0.392157
46 59 0.114943
46 60 0.151515
46 61 0.148148
46 62 0.089485
46 63 0.135593
46 64 0.095694
46 65 0.165289
46 66 0.287770
46 67 0.366972
46 68 0.312500
46 69 0.086393
46 70 0.392157
46 71 0.101523
46 72 0.115274
46 73 0.175439
46 74 0.112360
46 75 0.232558
46 76 0.127796
46 77 0.103896
46 78 0.089286
46 79 0.093023
46 80 0.975610
46 81 0.287770
46 82 0.095238
46 83 0.102041
46 84 0.186047
46 85 0.533333
46 86 0.116959
46 87 0.166667
46 88 0.114613
46 89 0.243902
46 90 0.173913
46 91 0.190476
46 92 0.208333
46 93 0.176991
46 94 0.099502
46 95 0.317460
46 96 0.153257
46 97 0.165975
46 98 0.701754
46 99 0.325203
47 48 0.235294
47 49 0.412371
47 50 0.163934
47 51 0.090498
47 52 0.975610
47 53 0.219780
47 54 0.168776
47 55 0.165289
47 56 0.211640
47 57 0.156250
47 58 0.176211
47 59 0.175439
47 60 0.202020
47 61 0.261438
47 62 0.133779
47 63 0.155039
47 64 0.123839
47 65 0.287770
47 66 0.156250
47 67 0.268456
47 68 0.833333
47 69 0.113960
47 70 0.506329
47 71 0.160643
47 72 0.157480
47 73 0.439560
47 74 0.122699
47 75 0.666667
47 76 0.119760
47 77 0.155642
47 78 0.128205
47 79 0.105541
47 80 0.256410
47 81 0.152091
47 82 0.134680
47 83 0.135593
47 84 0.396040
47 85 0.336134
47 86 0.200000
47 87 0.322581
47 88 0.132013
47 89 0.303030
47 90 0.140845
47 91 0.145455
47 92 0.132890
47 93 0.115942
47 94 0.115607
47 95 0.179372
47 96 0.250000
47 97 0.430108
47 98 0.357143
47 99 0.754717
48 49 0.275362
48 50 0.111437
48 51 0.069217
48 52 0.275362
48 53 0.109827
48 54 0.093827
48 55 0.273381
48 56 0.236025
48 57 0.098701
48 58 0.097436
48 59 0.137184
48 60 0.117647
48 61 0.974359
48 62 0.164502
48 63 0.096692
48 64 0.096939
48 65 0.520548
48 66 0.090047
48 67 0.119497
48 68 0.220930
48 69 0.097686
48 70 0.190955
48 71 0.175115
48 72 0.112094
48 73 0.475000
48 74 0.083151
48 75 0.184466
48 76 0.077710
48 77 0.135231
48 78 0.126246
48 79 0.077869
48 80 0.119874
48 81 0.088993
48 82 0.118380
48 83 0.103825
48 84 0.447059
48 85 0.132867
48 86 0.612903
48 87 0.169643
48 88 0.089412
48 89 0.130137
48 90 0.084444
48 91 0.085779
48 92 0.081023
48 93 0.074219
48 94 0.083516
48 95 0.097187
48 96 0.144487
48 97 0.383838
48 98 0.154472
48 99 0.214689
49 50 0.200000
49 51 0.099034
49 52 0.390476
49 53 0.154135
49 54 0.139456
49 55 0.262821
49 56 0.440860
49 57 0.165323
49 58 0.131410
49 59 0.262821
49 60 0.220430
49 61 0.282759
49 62 0.202970
49 63 0.160156
49 64 0.154135
49 65 0.267974
49 66 0.122024
49 67 0.187215
49 68 0.299270
49 69 0.147482
49 70 0.239766
49 71 0.267974
49 72 0.198068
49 73 0.500000
49 74 0.128125
49 75 0.450549
49 76 0.113889
49 77 0.234286
49 78 0.185520
49 79 0.116477
49 80 0.167347
49 81 0.118841
49 82 0.189815
49 83 0.171548
49 84 0.336066
49 85 0.203980
49 86 0.299270
49 87 0.471264
49 88 0.142361
49 89 0.238372
49 90 0.123123
49 91 0.123494
49 92 0.109333
49 93 0.097387
49 94 0.128527
49 95 0.137584
49 96 0.328000
49 97 0.976190
49 98 0.197115
49 99 0.286713
50 51 0.114833
50 52 0.086331
50 53 0.080268
50 54 0.097959
50 55 0.080000
50 56 0.113208
50 57 0.296296
50 58 0.071856
50 59 0.255319
50 60 0.352941
50 61 0.068768
50 62 0.087912
50 63 0.242424
50 64 0.260870
50 65 0.067606
50 66 0.071217
50 67 0.102564
50 68 0.082759
50 69 0.161074
50 70 0.076433
50 71 0.112676
50 72 0.960000
50 73 0.084507
50 74 0.175182
50 75 0.129730
50 76 0.107623
50 77 0.183206
50 78 0.120603
50 79 0.162162
50 80 0.079470
50 81 0.068571
50 82 0.171429
50 83 0.352941
50 84 0.075235
50 85 0.094118
50 86 0.074074
50 87 0.190476
50 88 0.247423
50 89 0.143713
50 90 0.094862
50 91 0.089219
50 92 0.068966
50 93 0.061224
50 94 0.208696
50 95 0.081356
50 96 0.279070
50 97 0.097166
50 98 0.073620
50 99 0.081633
51 52 0.129436
51 53 0.142202
51 54 0.181818
51 55 0.125253
51 56 0.150485
51 57 0.326316
51 58 0.135965
51 59 0.218310
51 60 0.253061
51 61 0.111111
51 62 0.139326
51 63 0.317949
51 64 0.344444
51 65 0.110320
51 66 0.140271
51 67 0.162730
51 68 0.128099
51 69 0.264957
51 70 0.123260
51 71 0.156962
51 72 0.292453
51 73 0.126016
51 74 0.455882
51 75 0.162304
51 76 0.270742
51 77 0.204620
51 78 0.179191
51 79 0.984127
51 80 0.136865
51 81 0.135965
51 82 0.219081
51 83 0.314721
51 84 0.117871
51 85 0.149038
51 86 0.117202
51 87 0.186747
51 88 0.436620
51 89 0.186747
51 90 0.196825
51 91 0.181818
51 92 0.145199
51 93 0.135076
51 94 0.639175
51 95 0.151589
51 96 0.212329
51 97 0.136264
51 98 0.123016
51 99 0.127049
52 53 0.181818
52 54 0.138182
52 55 0.165217
52 56 0.197917
52 57 0.128378
52 58 0.150198
52 59 0.150794
52 60 0.161017
52 61 0.327586
52 62 0.127517
52 63 0.127517
52 64 0.107345
52 65 0.383838
52 66 0.133803
52 67 0.205405
52 68 0.974359
52 69 0.101333
52 70 0.520548
52 71 0.149020
52 72 0.132867
52 73 0.603175
52 74 0.103825
52 75 0.387755
52 76 0.101604
52 77 0.137681
52 78 0.116923
52 79 0.091346
52 80 0.211111
52 81 0.131034
52 82 0.119874
52 83 0.116923
52 84 0.612903
52 85 0.253333
52 86 0.214689
52 87 0.246753
52 88 0.111111
52 89 0.219653
52 90 0.118012
52 91 0.121406
52 92 0.114458
52 93 0.101604
52 94 0.099217
52 95 0.149020
52 96 0.196891
52 97 0.457831
52 98 0.324786
52 99 0.844444
53 54 0.306306
53 55 0.080952
53 56 0.096317
53 57 0.132296
53 58 0.723404
53 59 0.100890
53 60 0.147186
53 61 0.105590
53 62 0.073593
53 63 0.137652
53 64 0.087404
53 65 0.114094
53 66 0.447368
53 67 0.523077
53 68 0.192090
53 69 0.076923
53 70 0.212500
53 71 0.084158
53 72 0.106250
53 73 0.125926
53 74 0.112957
53 75 0.189944
53 76 0.138776
53 77 0.089947
53 78 0.076233
53 79 0.089239
53 80 0.971429
53 81 0.414634
53 82 0.083130
53 83 0.092896
53 84 0.127341
53 85 0.515152
53 86 0.089239
53 87 0.144068
53 88 0.112957
53 89 0.251852
53 90 0.213836
53 91 0.246377
53 92 0.269841
53 93 0.204819
53 94 0.095775
53 95 0.629630
53 96 0.138211
53 97 0.124542
53 98 0.276423
53 99 0.196532
54 55 0.085202
54 56 0.103825
54 57 0.209945
54 58 0.324786
54 59 0.122186
54 60 0.209945
54 61 0.097686
54 62 0.081370
54 63 0.228916
54 64 0.115152
54 65 0.102151
54 66 0.372549
54 67 0.417582
54 68 0.150794
54 69 0.096692
54 70 0.153846
54 71 0.094059
54 72 0.141264
54 73 0.116564
54 74 0.183575
54 75 0.185366
54 76 0.279412
54 77 0.107345
54 78 0.089202
54 79 0.130137
54 80 0.271429
54 81 0.327586
54 82 0.101064
54 83 0.121795
54 84 0.113095
54 85 0.287879
54 86 0.089202
54 87 0.163090
54 88 0.175115
54 89 0.308943
54 90 0.745098
54 91 0.974359
54 92 0.368932
54 93 0.256757
54 94 0.140221
54 95 0.550725
54 96 0.169643
54 97 0.120635
54 98 0.171171
54 99 0.151394
55 56 0.855556
55 57 0.209809
55 58 0.165236
55 59 0.363208
55 60 0.247588
55 61 0.440000
55 62 0.793814
55 63 0.203166
55 64 0.240625
55 65 0.371981
55 66 0.156823
55 67 0.205882
55 68 0.287313
55 69 0.261017
55 70 0.254967
55 71 0.712963
55 72 0.266436
55 73 0.450292
55 74 0.177419
55 75 0.314286
55 76 0.155242
55 77 0.392857
55 78 0.411765
55 79 0.175000
55 80 0.193955
55 81 0.154309
55 82 0.339207
55 83 0.257525
55 84 0.379310
55 85 0.216901
55 86 0.987179
55 87 0.350000
55 88 0.194937
55 89 0.237654
55 90 0.159751
55 91 0.159091
55 92 0.145283
55 93 0.133681
55 94 0.188264
55 95 0.169978
55 96 0.313008
55 97 0.509934
55 98 0.222543
55 99 0.280000
56 57 0.230216
56 58 0.160401
56 59 0.496124
56 60 0.288288
56 61 0.342246
56 62 0.581818
56 63 0.220690
56 64 0.264463
56 65 0.306220
56 66 0.152019
56 67 0.212625
56 68 0.281938
56 69 0.279476
56 70 0.244275
56 71 0.984615
56 72 0.315271
56 73 0.429530
56 74 0.185507
56 75 0.365714
56 76 0.156863
56 77 0.520325
56 78 0.447552
56 79 0.180282
56 80 0.191045
56 81 0.148837
56 82 0.397516
56 83 0.293578
56 84 0.336842
56 85 0.221453
56 86 0.524590
56 87 0.474074
56 88 0.208469
56 89 0.262295
56 90 0.160401
56 91 0.159204
56 92 0.140351
56 93 0.127490
56 94 0.198142
56 95 0.167979
56 96 0.405063
56 97 0.571429
56 98 0.213333
56 99 0.274678
57 58 0.059649
57 59 0.098837
57 60 0.269841
57 61 0.044041
57 62 0.048433
57 63 0.944444
57 64 0.111111
57 65 0.044156
57 66 0.060714
57 67 0.086294
57 68 0.057239
57 69 0.077273
57 70 0.054313
57 71 0.059028
57 72 0.161905
57 73 0.053459
57 74 0.232877
57 75 0.085859
57 76 0.119718
57 77 0.080569
57 78 0.060714
57 79 0.131783
57 80 0.063197
57 81 0.057823
57 82 0.077273
57 83 0.123188
57 84 0.048991
57 85 0.074561
57 86 0.044855
57 87 0.104938
57 88 0.346939
57 89 0.118881
57 90 0.094972
57 91 0.085859
57 92 0.060284
57 93 0.052469
57 94 0.170000
57 95 0.070539
57 96 0.136000
57 97 0.059233
57 98 0.054140
57 99 0.056667
58 59 0.097625
58 60 0.139098
58 61 0.101648
58 62 0.072978
58 63 0.136029
58 64 0.087264
58 65 0.109145
58 66 0.973684
58 67 0.352381
58 68 0.168950
58 69 0.077083
58 70 0.185930
58 71 0.082405
58 72 0.103933
58 73 0.117834
58 74 0.115265
58 75 0.164444
58 76 0.148000
58 77 0.088095
58 78 0.075665
58 79 0.091584
58 80 0.500000
58 81 0.973684
58 82 0.082222
58 83 0.092269
58 84 0.119741
58 85 0.330357
58 86 0.086854
58 87 0.132143
58 88 0.113497
58 89 0.211429
58 90 0.235669
58 91 0.280303
58 92 0.402174
58 93 0.293651
58 94 0.097368
58 95 0.770833
58 96 0.128920
58 97 0.116352
58 98 0.235669
58 99 0.172093
59 60 0.313433
59 61 0.142857
59 62 0.234637
59 63 0.222222
59 64 0.362069
59 65 0.136364
59 66 0.107692
59 67 0.153285
59 68 0.152727
59 69 0.338710
59 70 0.137705
59 71 0.352941
59 72 0.531646
59 73 0.177215
59 74 0.182609
59 75 0.232044
59 76 0.134185
59 77 0.976744
59 78 0.365217
59 79 0.184211
59 80 0.126888
59 81 0.104478
59 82 0.575342
59 83 0.461538
59 84 0.151625
59 85 0.149466
59 86 0.169355
59 87 0.381818
59 88 0.221053
59 89 0.204878
59 90 0.127273
59 91 0.123167
59 92 0.101942
59 93 0.091703
59 94 0.212121
59 95 0.121037
59 96 0.456522
59 97 0.214286
59 98 0.126888
59 99 0.150000
60 61 0.200617
60 62 0.213115
60 63 0.915493
60 64 0.408805
60 65 0.201238
60 66 0.240741
60 67 0.389222
60 68 0.270833
60 69 0.302326
60 70 0.250000
60 71 0.269710
60 72 0.714286
60 73 0.254902
60 74 0.481481
60 75 0.471014
60 76 0.347594
60 77 0.369318
60 78 0.262097
60 79 0.357143
60 80 0.276596
60 81 0.229682
60 82 0.331633
60 83 0.477941
60 84 0.227273
60 85 0.343915
60 86 0.204403
60 87 0.650000
60 88 0.607477
60 89 0.643564
60 90 0.331633
60 91 0.311005
60 92 0.228873
60 93 0.197568
60 94 0.436242
60 95 0.285088
60 96 0.984848
60 97 0.290179
60 98 0.243446
60 99 0.266393
61 62 0.127820
61 63 0.086735
61 64 0.083333
61 65 0.971429
61 66 0.085642
61 67 0.113333
61 68 0.232877
61 69 0.082927
61 70 0.201183
61 71 0.137652
61 72 0.096866
61 73 0.492754
61 74 0.074236
61 75 0.172589
61 76 0.070539
61 77 0.112211
61 78 0.103343
61 79 0.068548
61 80 0.116838
61 81 0.084577
61 82 0.098837
61 83 0.089239
61 84 0.607143
61 85 0.128302
61 86 0.340000
61 87 0.149780
61 88 0.079254
61 89 0.120996
61 90 0.077982
61 91 0.079625
61 92 0.076233
61 93 0.069672
61 94 0.073593
61 95 0.092141
61 96 0.126866
61 97 0.330097
61 98 0.158140
61 99 0.226667
62 63 0.172131
62 64 0.236842
62 65 0.212838
62 66 0.119318
62 67 0.154791
62 68 0.188623
62 69 0.281250
62 70 0.170732
62 71 0.984375
62 72 0.246094
62 73 0.255061
62 74 0.154034
62 75 0.222615
62 76 0.128571
62 77 0.428571
62 78 0.588785
62 79 0.158690
62 80 0.141892
62 81 0.117100
62 82 0.386503
62 83 0.250000
62 84 0.221053
62 85 0.158291
62 86 0.364162
62 87 0.268085
62 88 0.171196
62 89 0.182081
62 90 0.127530
62 91 0.125749
62 92 0.112500
62 93 0.103789
62 94 0.170270
62 95 0.129363
62 96 0.256098
62 97 0.291667
62 98 0.154034
62 99 0.184751
63 64 0.317647
63 65 0.138817
63 66 0.203008
63 67 0.287234
63 68 0.181818
63 69 0.227848
63 70 0.173077
63 71 0.177632
63 72 0.442623
63 73 0.167183
63 74 0.782609
63 75 0.268657
63 76 0.432000
63 77 0.236842
63 78 0.181818
63 79 0.397059
63 80 0.207692
63 81 0.192857
63 82 0.226891
63 83 0.346154
63 84 0.153846
63 85 0.243243
63 86 0.138817
63 87 0.315789
63 88 0.981818
63 89 0.388489
63 90 0.333333
63 91 0.296703
63 92 0.202247
63 93 0.175896
63 94 0.495413
63 95 0.236842
63 96 0.397059
63 97 0.183673
63 98 0.174194
63 99 0.180602
64 65 0.066826
64 66 0.065882
64 67 0.086154
64 68 0.075676
64 69 0.394366
64 70 0.070529
64 71 0.129032
64 72 0.383562
64 73 0.080460
64 74 0.160000
64 75 0.104478
64 76 0.098940
64 77 0.224000
64 78 0.166667
64 79 0.208955
64 80 0.071247
64 81 0.063781
64 82 0.266667
64 83 0.965517
64 84 0.072351
64 85 0.081159
64 86 0.077348
64 87 0.140000
64 88 0.202899
64 89 0.108527
64 90 0.084337
64 91 0.080000
64 92 0.064665
64 93 0.058947
64 94 0.245614
64 95 0.072917
64 96 0.169697
64 97 0.090909
64 98 0.067633
64 99 0.074667
65 66 0.101877
65 67 0.134752
65 68 0.308943
65 69 0.088993
65 70 0.269504
65 71 0.140221
65 72 0.106145
65 73 0.527778
65 74 0.083333
65 75 0.200000
65 76 0.080508
65 77 0.118380
65 78 0.107955
65 79 0.076152
65 80 0.142857
65 81 0.100796
65 82 0.104972
65 83 0.096939
65 84 0.974359
65 85 0.155738
65 86 0.285714
65 87 0.165217
65 88 0.088578
65 89 0.140741
65 90 0.090476
65 91 0.092683
65 92 0.089835
65 93 0.082073
65 94 0.081545
65 95 0.109510
65 96 0.140221
65 97 0.339286
65 98 0.204301
65 99 0.304000
66 67 0.115702
66 68 0.055556
66 69 0.028926
66 70 0.059829
66 71 0.029915
66 72 0.038889
66 73 0.040580
66 74 0.045455
66 75 0.056680
66 76 0.061674
66 77 0.032407
66 78 0.027888
66 79 0.035623
66 80 0.129630
66 81 0.933333
66 82 0.030501
66 83 0.034653
66 84 0.040936
66 85 0.101449
66 86 0.030702
66 87 0.047297
66 88 0.044025
66 89 0.075269
66 90 0.105263
66 91 0.132075
66 92 0.259259
66 93 0.153846
66 94 0.037634
66 95 0.325581
66 96 0.046823
66 97 0.040462
66 98 0.072165
66 99 0.056452
67 68 0.260870
67 69 0.111406
67 70 0.265823
67 71 0.121037
67 72 0.164706
67 73 0.175732
67 74 0.169355
67 75 0.325581
67 76 0.199052
67 77 0.133333
67 78 0.109375
67 79 0.129630
67 80 0.575342
67 81 0.318182
67 82 0.121739
67 83 0.139535
67 84 0.170732
67 85 0.976744
67 86 0.122093
67 87 0.238636
67 88 0.173554
67 89 0.600000
67 90 0.297872
67 91 0.325581
67 92 0.267516
67 93 0.206897
67 94 0.141892
67 95 0.518519
67 96 0.229508
67 97 0.180258
67 98 0.306569
67 99 0.262500
68 69 0.015075
68 70 0.171429
68 71 0.020761
68 72 0.019934
68 73 0.059406
68 74 0.016438
68 75 0.057143
68 76 0.016620
68 77 0.019802
68 78 0.016901
68 79 0.014218
68 80 0.041096
68 81 0.023438
68 82 0.017493
68 83 0.017544
68 84 0.066667
68 85 0.048780
68 86 0.027907
68 87 0.035088
68 88 0.017442
68 89 0.036585
68 90 0.019934
68 91 0.020761
68 92 0.019934
68 93 0.017544
68 94 0.015424
68 95 0.026667
68 96 0.029126
68 97 0.050000
68 98 0.076923
68 99 0.857143
69 70 0.158879
69 71 0.363636
69 72 0.544000
69 73 0.190476
69 74 0.276423
69 75 0.225914
69 76 0.192635
69 77 0.629630
69 78 0.576271
69 79 0.341709
69 80 0.154195
69 81 0.136821
69 82 0.985507
69 83 0.829268
69 84 0.170426
69 85 0.173469
69 86 0.194842
69 87 0.295652
69 88 0.325359
69 89 0.220779
69 90 0.170854
69 91 0.163855
69 92 0.137097
69 93 0.126160
69 94 0.373626
69 95 0.153846
69 96 0.334975
69 97 0.215190
69 98 0.151111
69 99 0.168734
70 71 0.086420
70 72 0.085890
70 73 0.210526
70 74 0.073879
70 75 0.215385
70 76 0.076712
70 77 0.083582
70 78 0.071979
70 79 0.063492
70 80 0.220472
70 81 0.118143
70 82 0.074667
70 83 0.075881
70 84 0.243478
70 85 0.243478
70 86 0.113821
70 87 0.140704
70 88 0.077562
70 89 0.160000
70 90 0.093960
70 91 0.098940
70 92 0.098246
70 93 0.086420
70 94 0.068627
70 95 0.132075
70 96 0.120690
70 97 0.181818
70 98 0.595745
70 99 0.965517
71 72 0.421320
71 73 0.389671
71 74 0.237822
71 75 0.367257
71 76 0.194379
71 77 0.892473
71 78 0.988095
71 79 0.241983
71 80 0.213368
71 81 0.173640
71 82 0.691667
71 83 0.417085
71 84 0.328063
71 85 0.243402
71 86 0.494048
71 87 0.479769
71 88 0.268608
71 89 0.291228
71 90 0.192575
71 91 0.189498
71 92 0.166667
71 93 0.152294
71 94 0.264331
71 95 0.194379
71 96 0.453552
71 97 0.471591
71 98 0.229917
71 99 0.281356
72 73 0.160279
72 74 0.298701
72 75 0.233503
72 76 0.186992
72 77 0.414414
72 78 0.259887
72 79 0.300654
72 80 0.142857
72 81 0.123324
72 82 0.396552
72 83 0.978723
72 84 0.141975
72 85 0.167883
72 86 0.144654
72 87 0.345865
72 88 0.407080
72 89 0.245989
72 90 0.165468
72 91 0.156997
72 92 0.123656
72 93 0.110577
72 94 0.380165
72 95 0.144654
72 96 0.484211
72 97 0.185484
72 98 0.134503
72 99 0.150820
73 74 0.105128
73 75 0.317829
73 76 0.099034
73 77 0.162698
73 78 0.141379
73 79 0.095571
73 80 0.169421
73 81 0.116809
73 82 0.139456
73 83 0.128125
73 84 0.976190
73 85 0.197115
73 86 0.356522
73 87 0.256250
73 88 0.113889
73 89 0.191589
73 90 0.110512
73 91 0.112637
73 92 0.104859
73 93 0.094470
73 94 0.103797
73 95 0.130990
73 96 0.203980
73 97 0.976190
73 98 0.230337
73 99 0.383178
74 75 0.149254
74 76 0.350877
74 77 0.151515
74 78 0.121951
74 79 0.459770
74 80 0.125392
74 81 0.124224
74 82 0.151515
74 83 0.232558
74 84 0.095465
74 85 0.140351
74 86 0.088889
74 87 0.170940
74 88 0.975610
74 89 0.195122
74 90 0.215054
74 91 0.189573
74 92 0.134228
74 93 0.120120
74 94 0.540541
74 95 0.145985
74 96 0.204082
74 97 0.111421
74 98 0.106667
74 99 0.108992
75 76 0.249123
75 77 0.331776
75 78 0.256318
75 79 0.222571
75 80 0.435583
75 81 0.276265
75 82 0.281746
75 83 0.295833
75 84 0.467105
75 85 0.617391
75 86 0.321267
75 87 0.986111
75 88 0.290984
75 89 0.816092
75 90 0.287449
75 91 0.290984
75 92 0.249123
75 93 0.214502
75 94 0.248252
75 95 0.339713
75 96 0.689320
75 97 0.639640
75 98 0.470199
75 99 0.651376
76 77 0.266289
76 78 0.222749
76 79 0.482051
76 80 0.345588
76 81 0.391667
76 82 0.260388
76 83 0.341818
76 84 0.217090
76 85 0.370079
76 86 0.189516
76 87 0.336918
76 88 0.643836
76 89 0.465347
76 90 0.989474
76 91 0.776860
76 92 0.463054
76 93 0.406926
76 94 0.502674
76 95 0.463054
76 96 0.374502
76 97 0.239796
76 98 0.270893
76 99 0.259669
77 78 0.561644
77 79 0.163347
77 80 0.110811
77 81 0.092342
77 82 0.976190
77 83 0.383178
77 84 0.139456
77 85 0.128125
77 86 0.168033
77 87 0.282759
77 88 0.183036
77 89 0.166667
77 90 0.110215
77 91 0.107050
77 92 0.090308
77 93 0.082000
77 94 0.183036
77 95 0.105398
77 96 0.308271
77 97 0.194313
77 98 0.112948
77 99 0.133117
78 79 0.211921
78 80 0.146789
78 81 0.124514
78 82 0.984615
78 83 0.402516
78 84 0.193353
78 85 0.165803
78 86 0.253968
78 87 0.303318
78 88 0.222997
78 89 0.202532
78 90 0.144144
78 91 0.140659
78 92 0.121673
78 93 0.111888
78 94 0.230216
78 95 0.139130
78 96 0.313725
78 97 0.256000
78 98 0.151659
78 99 0.177285
79 80 0.083333
79 81 0.081081
79 82 0.139241
79 83 0.226027
79 84 0.071274
79 85 0.092437
79 86 0.070213
79 87 0.122222
79 88 0.402439
79 89 0.121324
79 90 0.121324
79 91 0.111111
79 92 0.085938
79 93 0.078759
79 94 0.970588
79 95 0.092437
79 96 0.144105
79 97 0.083969
79 98 0.074492
79 99 0.077647
80 81 0.450450
80 82 0.124069
80 83 0.135870
80 84 0.211864
80 85 0.980392
80 86 0.141243
80 87 0.222222
80 88 0.158730
80 89 0.367647
80 90 0.263158
80 91 0.294118
80 92 0.314465
80 93 0.252525
80 94 0.135870
80 95 0.568182
80 96 0.207469
80 97 0.201613
80 98 0.561798
80 99 0.352113
81 82 0.116525
81 83 0.131579
81 84 0.158960
81 85 0.376712
81 86 0.119048
81 87 0.179153
81 88 0.165663
81 89 0.277778
81 90 0.376712
81 91 0.462185
81 92 0.948276
81 93 0.625000
81 94 0.142487
81 95 0.982143
81 96 0.176849
81 97 0.155807
81 98 0.282051
81 99 0.217391
82 83 0.989474
82 84 0.280597
82 85 0.266289
82 86 0.334520
82 87 0.516484
82 88 0.419643
82 89 0.340580
82 90 0.241026
82 91 0.232673
82 92 0.196653
82 93 0.179389
82 94 0.441315
82 95 0.225420
82 96 0.573171
82 97 0.371542
82 98 0.233831
82 99 0.270115
83 84 0.331476
83 85 0.371875
83 86 0.352071
83 87 0.691860
83 88 0.901515
83 89 0.510730
83 90 0.376582
83 91 0.357357
83 92 0.287440
83 93 0.259825
83 94 0.991667
83 95 0.328729
83 96 0.868613
83 97 0.425000
83 98 0.308290
83 99 0.342939
84 85 0.390476
84 86 0.598540
84 87 0.422680
84 88 0.209184
84 89 0.353448
84 90 0.214099
84 91 0.219251
84 92 0.209719
84 93 0.189815
84 94 0.191142
84 95 0.261146
84 96 0.348936
84 97 0.987952
84 98 0.509317
84 99 0.872340
85 86 0.276730
85 87 0.500000
85 88 0.318841
85 89 0.988764
85 90 0.480874
85 91 0.520710
85 92 0.480874
85 93 0.387665
85 94 0.268293
85 95 0.838095
85 96 0.460733
85 97 0.423077
85 98 0.926316
85 99 0.727273
86 87 0.506849
86 88 0.268116
86 89 0.362745
86 90 0.237687
86 91 0.239224
86 92 0.222445
86 93 0.204044
86 94 0.254005
86 95 0.263033
86 96 0.437008
86 97 0.991071
86 98 0.380137
86 99 0.502262
87 88 0.198020
87 89 0.357143
87 90 0.151515
87 91 0.149254
87 92 0.122699
87 93 0.107239
87 94 0.169492
87 95 0.156863
87 96 0.975610
87 97 0.317460
87 98 0.180180
87 99 0.227273
88 89 0.282723
88 90 0.263415
88 91 0.237885
88 92 0.171975
88 93 0.153409
88 94 0.981818
88 95 0.192857
88 96 0.331288
88 97 0.164634
88 98 0.149171
88 99 0.155620
89 90 0.691358
89 91 0.695652
89 92 0.523364
89 93 0.429119
89 94 0.464730
89 95 0.777778
89 96 0.991150
89 97 0.568528
89 98 0.651163
89 99 0.678788
90 91 0.962963
90 92 0.230088
90 93 0.175676
90 94 0.101562
90 95 0.232143
90 96 0.104418
90 97 0.072829
90 98 0.095588
90 99 0.086667
91 92 0.988636
91 93 0.690476
91 94 0.311828
91 95 0.988636
91 96 0.339844
91 97 0.246459
91 98 0.341176
91 99 0.302083
92 93 0.978723
92 94 0.125683
92 95 0.582278
92 96 0.142857
92 97 0.118252
92 98 0.186235
92 99 0.154362
93 94 0.301980
93 95 0.991870
93 96 0.330623
93 97 0.281106
93 98 0.431095
93 99 0.359882
94 95 0.579104
94 96 0.994872
94 97 0.538889
94 98 0.470874
94 99 0.494898
95 96 0.687500
95 97 0.565916
95 98 0.994350
95 99 0.792793
96 97 0.993976
96 98 0.660000
96 99 0.781991
97 98 0.634518
97 99 0.992063
98 99 0.986111
