100 4950
0 1 0.311321
0 2 0.096210
0 3 0.206250
0 4 0.106452
0 5 0.135802
0 6 0.120879
0 7 0.079710
0 8 0.163366
0 9 0.176471
0 10 0.130952
0 11 0.086614
0 12 0.097345
0 13 0.111864
0 14 0.314286
0 15 0.133065
0 16 0.097345
0 17 0.116608
0 18 0.147321
0 19 0.182320
0 20 0.135246
0 21 0.970588
0 22 0.111111
0 23 0.392857
0 24 0.132530
0 25 0.221477
0 26 0.172775
0 27 0.375000
0 28 0.086387
0 29 0.125000
0 30 0.183333
0 31 0.197605
0 32 0.239130
0 33 0.167513
0 34 0.086387
0 35 0.099099
0 36 0.362637
0 37 0.750000
0 38 0.347368
0 39 0.289474
0 40 0.173684
0 41 0.224490
0 42 0.428571
0 43 0.282051
0 44 0.103448
0 45 0.104101
0 46 0.239130
0 47 0.286957
0 48 0.253846
0 49 0.091160
0 50 0.130435
0 51 0.111864
0 52 0.134146
0 53 0.155660
0 54 0.137500
0 55 0.282051
0 56 0.075171
0 57 0.194118
0 58 0.362637
0 59 0.222973
0 60 0.097633
0 61 0.611111
0 62 0.767442
0 63 0.388235
0 64 0.203704
0 65 0.111486
0 66 0.125954
0 67 0.673469
0 68 0.212903
0 69 0.215686
0 70 0.115385
0 71 0.102484
0 72 0.142241
0 73 0.244444
0 74 0.118705
0 75 0.277311
0 76 0.098802
0 77 0.343750
0 78 0.235714
0 79 0.103125
0 80 0.179348
0 81 0.197605
0 82 0.097633
0 83 0.173684
0 84 0.251908
0 85 0.173684
0 86 0.170103
0 87 0.133065
0 88 0.107843
0 89 0.098802
0 90 0.294643
0 91 0.141026
0 92 0.188571
0 93 0.115385
0 94 0.264000
0 95 0.092958
0 96 0.112245
0 97 0.118705
0 98 0.093750
0 99 0.117857
1 2 0.075269
1 3 0.203883
1 4 0.099526
1 5 0.085020
1 6 0.108247
1 7 0.067961
1 8 0.165354
1 9 0.141892
1 10 0.095023
1 11 0.076087
1 12 0.083333
1 13 0.105528
1 14 0.129630
1 15 0.079545
1 16 0.089362
1 17 0.117318
1 18 0.111111
1 19 0.155556
1 20 0.112903
1 21 0.280000
1 22 0.086066
1 23 0.135484
1 24 0.112299
1 25 0.148936
1 26 0.070946
1 27 0.283784
1 28 0.076087
1 29 0.117318
1 30 0.190909
1 31 0.112299
1 32 0.189189
1 33 0.159091
1 34 0.075812
1 35 0.065625
1 36 0.313433
1 37 0.165354
1 38 0.107143
1 39 0.216495
1 40 0.189189
1 41 0.083333
1 42 0.313433
1 43 0.954545
1 44 0.090129
1 45 0.081712
1 46 0.100962
1 47 0.096330
1 48 0.093333
1 49 0.062500
1 50 0.084337
1 51 0.110526
1 52 0.117318
1 53 0.080460
1 54 0.079545
1 55 0.095023
1 56 0.062687
1 57 0.323077
1 58 0.118644
1 59 0.218750
1 60 0.085366
1 61 0.166667
1 62 0.218750
1 63 0.318182
1 64 0.126506
1 65 0.087866
1 66 0.097222
1 67 0.140940
1 68 0.173554
1 69 0.126506
1 70 0.093750
1 71 0.096330
1 72 0.144828
1 73 0.112299
1 74 0.077491
1 75 0.172131
1 76 0.071186
1 77 0.600000
1 78 0.151079
1 79 0.075000
1 80 0.109375
1 81 0.304348
1 82 0.069767
1 83 0.079245
1 84 0.099526
1 85 0.228261
1 86 0.169355
1 87 0.126506
1 88 0.102941
1 89 0.069536
1 90 0.161538
1 91 0.147887
1 92 0.241379
1 93 0.076364
1 94 0.091304
1 95 0.081712
1 96 0.108808
1 97 0.089362
1 98 0.064220
1 99 0.118644
2 3 0.076712
2 4 0.168675
2 5 0.053743
2 6 0.291667
2 7 0.097902
2 8 0.077348
2 9 0.067961
2 10 0.231405
2 11 0.105263
2 12 0.285714
2 13 0.193103
2 14 0.094915
2 15 0.123348
2 16 0.091205
2 17 0.100358
2 18 0.212121
2 19 0.070707
2 20 0.280000
2 21 0.089172
2 22 0.509091
2 23 0.066667
2 24 0.294737
2 25 0.134615
2 26 0.056911
2 27 0.079545
2 28 0.094276
2 29 0.237288
2 30 0.164706
2 31 0.119149
2 32 0.072727
2 33 0.074074
2 34 0.093333
2 35 0.167665
2 36 0.110236
2 37 0.073107
2 38 0.064815
2 39 0.074667
2 40 0.081159
2 41 0.063492
2 42 0.081633
2 43 0.108949
2 44 0.294737
2 45 0.965517
2 46 0.085627
2 47 0.068966
2 48 0.059448
2 49 0.202899
2 50 0.155556
2 51 0.123894
2 52 0.277228
2 53 0.093333
2 54 0.114286
2 55 0.066826
2 56 0.107692
2 57 0.108949
2 58 0.064665
2 59 0.077135
2 60 0.229508
2 61 0.072165
2 62 0.092409
2 63 0.081395
2 64 0.130233
2 65 0.549020
2 66 0.301075
2 67 0.071611
2 68 0.147368
2 69 0.122271
2 70 0.482759
2 71 0.090909
2 72 0.080692
2 73 0.060738
2 74 0.162791
2 75 0.069825
2 76 0.337349
2 77 0.089457
2 78 0.067308
2 79 0.053537
2 80 0.130841
2 81 0.095238
2 82 0.304348
2 83 0.077562
2 84 0.059197
2 85 0.093333
2 86 0.076503
2 87 0.075676
2 88 0.090032
2 89 0.264151
2 90 0.068460
2 91 0.084337
2 92 0.142857
2 93 0.172840
2 94 0.064665
2 95 0.165680
2 96 0.087500
2 97 0.321839
2 98 0.204380
2 99 0.139303
3 4 0.046512
3 5 0.075000
3 6 0.044118
3 7 0.038217
3 8 0.255319
3 9 0.250000
3 10 0.037383
3 11 0.042403
3 12 0.037855
3 13 0.047059
3 14 0.048193
3 15 0.032877
3 16 0.054795
3 17 0.069364
3 18 0.041522
3 19 0.363636
3 20 0.042857
3 21 0.083333
3 22 0.035608
3 23 0.078947
3 24 0.043011
3 25 0.049383
3 26 0.036145
3 27 0.164384
3 28 0.044280
3 29 0.047619
3 30 0.058824
3 31 0.041958
3 32 0.300000
3 33 0.315789
3 34 0.044280
3 35 0.028436
3 36 0.071856
3 37 0.080000
3 38 0.055046
3 39 0.218182
3 40 0.279070
3 41 0.040404
3 42 0.142857
3 43 0.099174
3 44 0.039867
3 45 0.034783
3 46 0.041237
3 47 0.044444
3 48 0.051948
3 49 0.027523
3 50 0.034188
3 51 0.056604
3 52 0.044776
3 53 0.033898
3 54 0.032967
3 55 0.044776
3 56 0.033898
3 57 0.110092
3 58 0.065574
3 59 0.923077
3 60 0.039474
3 61 0.085106
3 62 0.068571
3 63 0.157895
3 64 0.044944
3 65 0.036364
3 66 0.038339
3 67 0.066667
3 68 0.053571
3 69 0.045113
3 70 0.038217
3 71 0.060302
3 72 0.139535
3 73 0.078947
3 74 0.032086
3 75 0.160000
3 76 0.030691
3 77 0.153846
3 78 0.162162
3 79 0.067416
3 80 0.040816
3 81 0.164384
3 82 0.030151
3 83 0.034682
3 84 0.059701
3 85 0.153846
3 86 0.333333
3 87 0.127660
3 88 0.066298
3 89 0.029925
3 90 0.130435
3 91 0.126316
3 92 0.070175
3 93 0.031830
3 94 0.044118
3 95 0.040134
3 96 0.073171
3 97 0.036145
3 98 0.028103
3 99 0.056604
4 5 0.062802
4 6 0.279570
4 7 0.189781
4 8 0.109705
4 9 0.086957
4 10 0.118721
4 11 0.236364
4 12 0.342105
4 13 0.962963
4 14 0.082278
4 15 0.080000
4 16 0.183099
4 17 0.213115
4 18 0.128713
4 19 0.091549
4 20 0.167742
4 21 0.093863
4 22 0.145251
4 23 0.071233
4 24 0.181818
4 25 0.109244
4 26 0.052525
4 27 0.093863
4 28 0.191176
4 29 0.342105
4 30 0.173333
4 31 0.089965
4 32 0.089655
4 33 0.101167
4 34 0.188406
4 35 0.084142
4 36 0.113043
4 37 0.077151
4 38 0.064356
4 39 0.089965
4 40 0.116071
4 41 0.058296
4 42 0.094891
4 43 0.133333
4 44 0.361111
4 45 0.157576
4 46 0.071823
4 47 0.063570
4 48 0.059770
4 49 0.088737
4 50 0.091873
4 51 0.400000
4 52 0.196970
4 53 0.069892
4 54 0.076923
4 55 0.062350
4 56 0.188406
4 57 0.165605
4 58 0.067010
4 59 0.099617
4 60 0.481481
4 61 0.077151
4 62 0.091549
4 63 0.095941
4 64 0.100000
4 65 0.154762
4 66 0.138298
4 67 0.072829
4 68 0.127451
4 69 0.095588
4 70 0.174497
4 71 0.180556
4 72 0.123810
4 73 0.066496
4 74 0.089655
4 75 0.082019
4 76 0.110169
4 77 0.108787
4 78 0.079755
4 79 0.067532
4 80 0.094203
4 81 0.139785
4 82 0.105691
4 83 0.063107
4 84 0.061611
4 85 0.143646
4 86 0.106122
4 87 0.113043
4 88 0.172185
4 89 0.101167
4 90 0.078788
4 91 0.134021
4 92 0.188406
4 93 0.091228
4 94 0.060748
4 95 0.565217
4 96 0.160494
4 97 0.130000
4 98 0.089655
4 99 0.541667
5 6 0.255814
5 7 0.244444
5 8 0.611111
5 9 0.948276
5 10 0.236052
5 11 0.259434
5 12 0.231092
5 13 0.265700
5 14 0.317003
5 15 0.226337
5 16 0.315186
5 17 0.349206
5 18 0.254042
5 19 0.839695
5 20 0.254630
5 21 0.441767
5 22 0.224490
5 23 0.628571
5 24 0.254042
5 25 0.294118
5 26 0.324484
5 27 0.611111
5 28 0.272277
5 29 0.267640
5 30 0.308989
5 31 0.271605
5 32 0.802920
5 33 0.687500
5 34 0.272953
5 35 0.196078
5 36 0.370370
5 37 0.533981
5 38 0.464135
5 39 0.728477
5 40 0.575916
5 41 0.337423
5 42 0.572917
5 43 0.410448
5 44 0.239130
5 45 0.219561
5 46 0.292553
5 47 0.349206
5 48 0.495495
5 49 0.189329
5 50 0.227273
5 51 0.302198
5 52 0.260047
5 53 0.242291
5 54 0.228690
5 55 0.361842
5 56 0.221328
5 57 0.410448
5 58 0.561224
5 59 0.691824
5 60 0.237581
5 61 0.567010
5 62 0.394265
5 63 0.585106
5 64 0.279898
5 65 0.227273
5 66 0.237581
5 67 0.482456
5 68 0.303030
5 69 0.283505
5 70 0.234542
5 71 0.333333
5 72 0.511628
5 73 0.873016
5 74 0.216535
5 75 0.839695
5 76 0.203327
5 77 0.514019
5 78 0.990991
5 79 0.859375
5 80 0.263158
5 81 0.472103
5 82 0.201097
5 83 0.260664
5 84 0.611111
5 85 0.470085
5 86 0.643275
5 87 0.536585
5 88 0.352564
5 89 0.200730
5 90 0.833333
5 91 0.478261
5 92 0.337423
5 93 0.214008
5 94 0.364238
5 95 0.241758
5 96 0.375427
5 97 0.228690
5 98 0.192644
5 99 0.298913
6 7 0.100437
6 8 0.086142
6 9 0.072100
6 10 0.179688
6 11 0.113861
6 12 0.323944
6 13 0.343284
6 14 0.091633
6 15 0.097458
6 16 0.102222
6 17 0.121053
6 18 0.201754
6 19 0.075908
6 20 0.353846
6 21 0.095436
6 22 0.255556
6 23 0.067055
6 24 0.433962
6 25 0.139394
6 26 0.051919
6 27 0.086142
6 28 0.101322
6 29 0.958333
6 30 0.244681
6 31 0.109524
6 32 0.077966
6 33 0.081272
6 34 0.100437
6 35 0.105505
6 36 0.125000
6 37 0.074675
6 38 0.062842
6 39 0.080139
6 40 0.092000
6 41 0.058673
6 42 0.088462
6 43 0.132948
6 44 0.460000
6 45 0.273810
6 46 0.078498
6 47 0.064789
6 48 0.057072
6 49 0.111650
6 50 0.119171
6 51 0.161972
6 52 0.534884
6 53 0.079310
6 54 0.092000
6 55 0.062842
6 56 0.104545
6 57 0.140244
6 58 0.063889
6 59 0.084871
6 60 0.291139
6 61 0.073718
6 62 0.096639
6 63 0.088803
6 64 0.125683
6 65 0.291139
6 66 0.239583
6 67 0.071429
6 68 0.169118
6 69 0.117347
6 70 0.383333
6 71 0.103604
6 72 0.091270
6 73 0.060526
6 74 0.116162
6 75 0.073248
6 76 0.154362
6 77 0.101322
6 78 0.070122
6 79 0.053738
6 80 0.118557
6 81 0.115000
6 82 0.144654
6 83 0.068249
6 84 0.057789
6 85 0.112195
6 86 0.084559
6 87 0.083636
6 88 0.103139
6 89 0.136095
6 90 0.071207
6 91 0.097046
6 92 0.212963
6 93 0.119171
6 94 0.060847
6 95 0.193277
6 96 0.100437
6 97 0.212963
6 98 0.114428
6 99 0.201754
7 8 0.119565
7 9 0.096491
7 10 0.092697
7 11 0.970588
7 12 0.175532
7 13 0.201220
7 14 0.074830
7 15 0.071429
7 16 0.323529
7 17 0.234043
7 18 0.097345
7 19 0.100304
7 20 0.113014
7 21 0.086387
7 22 0.106109
7 23 0.073171
7 24 0.117857
7 25 0.089431
7 26 0.054636
7 27 0.091922
7 28 0.687500
7 29 0.154930
7 30 0.118280
7 31 0.078199
7 32 0.093750
7 33 0.111486
7 34 0.660000
7 35 0.074661
7 36 0.095376
7 37 0.076389
7 38 0.065737
7 39 0.091667
7 40 0.121324
7 41 0.059140
7 42 0.091667
7 43 0.110368
7 44 0.168367
7 45 0.112628
7 46 0.067623
7 47 0.063098
7 48 0.062500
7 49 0.078385
7 50 0.078571
7 51 0.275000
7 52 0.122677
7 53 0.065217
7 54 0.069620
7 55 0.062500
7 56 0.568966
7 57 0.134694
7 58 0.069038
7 59 0.102484
7 60 0.200000
7 61 0.077103
7 62 0.083333
7 63 0.093220
7 64 0.083969
7 65 0.110000
7 66 0.101852
7 67 0.072210
7 68 0.098507
7 69 0.081683
7 70 0.116608
7 71 0.275000
7 72 0.139241
7 73 0.071121
7 74 0.077465
7 75 0.085714
7 76 0.090659
7 77 0.100917
7 78 0.085271
7 79 0.086387
7 80 0.080292
7 81 0.127907
7 82 0.088235
7 83 0.060998
7 84 0.065217
7 85 0.136929
7 86 0.114983
7 87 0.134694
7 88 0.237410
7 89 0.085492
7 90 0.082294
7 91 0.147982
7 92 0.128405
7 93 0.078571
7 94 0.061338
7 95 0.279661
7 96 0.210191
7 97 0.098507
7 98 0.078759
7 99 0.232394
8 9 0.166667
8 10 0.032934
8 11 0.044355
8 12 0.036304
8 13 0.046025
8 14 0.038732
8 15 0.028278
8 16 0.061453
8 17 0.079710
8 18 0.036424
8 19 0.207547
8 20 0.038596
8 21 0.060109
8 22 0.032353
8 23 0.055556
8 24 0.039007
8 25 0.041353
8 26 0.029101
8 27 0.094017
8 28 0.047414
8 29 0.044898
8 30 0.051643
8 31 0.035032
8 32 0.130952
8 33 0.523810
8 34 0.047619
8 35 0.025172
8 36 0.056701
8 37 0.056410
8 38 0.041667
8 39 0.108911
8 40 0.611111
8 41 0.032164
8 42 0.087302
8 43 0.078014
8 44 0.038062
8 45 0.031884
8 46 0.033537
8 47 0.035032
8 48 0.039711
8 49 0.024664
8 50 0.029650
8 51 0.059459
8 52 0.040590
8 53 0.028497
8 54 0.028133
8 55 0.035256
8 56 0.034375
8 57 0.101852
8 58 0.048035
8 59 0.186441
8 60 0.038194
8 61 0.058824
8 62 0.051887
8 63 0.093220
8 64 0.037671
8 65 0.033033
8 66 0.034268
8 67 0.048673
8 68 0.045455
8 69 0.037543
8 70 0.034921
8 71 0.069182
8 72 0.268293
8 73 0.056410
8 74 0.028061
8 75 0.091667
8 76 0.027708
8 77 0.098214
8 78 0.094828
8 79 0.067073
8 80 0.034591
8 81 0.152778
8 82 0.027094
8 83 0.028646
8 84 0.044715
8 85 0.177419
8 86 0.916667
8 87 0.229167
8 88 0.078571
8 89 0.026895
8 90 0.080292
8 91 0.203704
8 92 0.062500
8 93 0.027919
8 94 0.034700
8 95 0.039855
8 96 0.090164
8 97 0.032353
8 98 0.025114
8 99 0.057895
9 10 0.040761
9 11 0.047771
9 12 0.041551
9 13 0.050167
9 14 0.052817
9 15 0.036855
9 16 0.061728
9 17 0.073529
9 18 0.044776
9 19 0.937500
9 20 0.045872
9 21 0.084270
9 22 0.039062
9 23 0.095541
9 24 0.046012
9 25 0.052265
9 26 0.043860
9 27 0.147059
9 28 0.050505
9 29 0.050336
9 30 0.059524
9 31 0.045872
9 32 0.300000
9 33 0.326087
9 34 0.050676
9 35 0.032051
9 36 0.071770
9 37 0.089820
9 38 0.066079
9 39 0.205479
9 40 0.197368
9 41 0.047923
9 42 0.131579
9 43 0.089286
9 44 0.043353
9 45 0.038168
9 46 0.046440
9 47 0.051724
9 48 0.064655
9 49 0.031056
9 50 0.037879
9 51 0.060241
9 52 0.047468
9 53 0.038363
9 54 0.037037
9 55 0.052632
9 56 0.038860
9 57 0.096774
9 58 0.079787
9 59 0.283019
9 60 0.043103
9 61 0.096154
9 62 0.071429
9 63 0.140187
9 64 0.048387
9 65 0.039683
9 66 0.041667
9 67 0.076142
9 68 0.055762
9 69 0.048701
9 70 0.041551
9 71 0.067265
9 72 0.142857
9 73 0.107143
9 74 0.035800
9 75 0.194805
9 76 0.034247
9 77 0.125000
9 78 0.238095
9 79 0.110294
9 80 0.044643
9 81 0.126050
9 82 0.033632
9 83 0.039894
9 84 0.076531
9 85 0.126050
9 86 0.267857
9 87 0.145631
9 88 0.073171
9 89 0.033482
9 90 0.163043
9 91 0.126050
9 92 0.068807
9 93 0.035461
9 94 0.052265
9 95 0.044118
9 96 0.080214
9 97 0.039578
9 98 0.031646
9 99 0.059289
10 11 0.097561
10 12 0.173913
10 13 0.165803
10 14 0.173913
10 15 0.285714
10 16 0.093294
10 17 0.107023
10 18 0.969697
10 19 0.090395
10 20 0.484848
10 21 0.139738
10 22 0.484848
10 23 0.095522
10 24 0.415584
10 25 0.307692
10 26 0.084433
10 27 0.111498
10 28 0.090909
10 29 0.220690
10 30 0.262295
10 31 0.273504
10 32 0.096677
10 33 0.092754
10 34 0.090395
10 35 0.307692
10 36 0.186047
10 37 0.108475
10 38 0.096096
10 39 0.101587
10 40 0.101266
10 41 0.097264
10 42 0.116364
10 43 0.159204
10 44 0.190476
10 45 0.340426
10 46 0.152381
10 47 0.108475
10 48 0.085791
10 49 0.275862
10 50 0.484848
10 51 0.122605
10 52 0.359551
10 53 0.178771
10 54 0.248062
10 55 0.103560
10 56 0.092754
10 57 0.139738
10 58 0.093842
10 59 0.101266
10 60 0.159204
10 61 0.105611
10 62 0.152381
10 63 0.115108
10 64 0.316832
10 65 0.438356
10 66 0.914286
10 67 0.108108
10 68 0.310680
10 69 0.278261
10 70 0.390244
10 71 0.095238
10 72 0.096096
10 73 0.083551
10 74 0.444444
10 75 0.095238
10 76 0.385542
10 77 0.126482
10 78 0.089888
10 79 0.064516
10 80 0.336842
10 81 0.122137
10 82 0.372093
10 83 0.132780
10 84 0.083770
10 85 0.115108
10 86 0.095522
10 87 0.089636
10 88 0.096096
10 89 0.380952
10 90 0.094118
10 91 0.099379
10 92 0.200000
10 93 0.470588
10 94 0.099071
10 95 0.131148
10 96 0.095522
10 97 0.914286
10 98 0.301887
10 99 0.137931
11 12 0.208333
11 13 0.257353
11 14 0.085784
11 15 0.081019
11 16 0.437500
11 17 0.315315
11 18 0.112903
11 19 0.116279
11 20 0.133080
11 21 0.100287
11 22 0.122378
11 23 0.083532
11 24 0.138889
11 25 0.103858
11 26 0.061296
11 27 0.107034
11 28 0.972222
11 29 0.190217
11 30 0.141700
11 31 0.089744
11 32 0.108696
11 33 0.130597
11 34 0.897436
11 35 0.083933
11 36 0.111821
11 37 0.087719
11 38 0.074627
11 39 0.106383
11 40 0.144628
11 41 0.066667
11 42 0.106707
11 43 0.131579
11 44 0.202312
11 45 0.129630
11 46 0.076754
11 47 0.071429
11 48 0.070707
11 49 0.087719
11 50 0.089286
11 51 0.402299
11 52 0.145228
11 53 0.073684
11 54 0.078829
11 55 0.070707
11 56 0.466667
11 57 0.165094
11 58 0.078475
11 59 0.120275
11 60 0.243056
11 61 0.088384
11 62 0.096419
11 63 0.108696
11 64 0.096685
11 65 0.127273
11 66 0.117845
11 67 0.082547
11 68 0.115512
11 69 0.094086
11 70 0.136187
11 71 0.360825
11 72 0.166667
11 73 0.080831
11 74 0.087719
11 75 0.098870
11 76 0.102639
11 77 0.119048
11 78 0.098039
11 79 0.096685
11 80 0.092105
11 81 0.154867
11 82 0.099432
11 83 0.068898
11 84 0.073840
11 85 0.166667
11 86 0.135135
11 87 0.159091
11 88 0.307018
11 89 0.096419
11 90 0.094595
11 91 0.179487
11 92 0.156250
11 93 0.088832
11 94 0.069307
11 95 0.353535
11 96 0.265152
11 97 0.113269
11 98 0.088384
11 99 0.321101
12 13 0.312500
12 14 0.062305
12 15 0.067797
12 16 0.092593
12 17 0.101523
12 18 0.112994
12 19 0.057803
12 20 0.155039
12 21 0.065359
12 22 0.156250
12 23 0.049383
12 24 0.170940
12 25 0.085106
12 26 0.039062
12 27 0.061728
12 28 0.100000
12 29 0.266667
12 30 0.123457
12 31 0.071942
12 32 0.057971
12 33 0.062305
12 34 0.098522
12 35 0.077821
12 36 0.079681
12 37 0.053763
12 38 0.046189
12 39 0.058651
12 40 0.069444
12 41 0.043290
12 42 0.062893
12 43 0.086207
12 44 0.952381
12 45 0.186916
12 46 0.055249
12 47 0.047059
12 48 0.042735
12 49 0.085470
12 50 0.080321
12 51 0.142857
12 52 0.180180
12 53 0.056338
12 54 0.064309
12 55 0.045977
12 56 0.120482
12 57 0.095238
12 58 0.047170
12 59 0.062893
12 60 0.800000
12 61 0.053333
12 62 0.065359
12 63 0.063291
12 64 0.079365
12 65 0.170940
12 66 0.133333
12 67 0.051546
12 68 0.097087
12 69 0.075472
12 70 0.194175
12 71 0.091324
12 72 0.071429
12 73 0.045662
12 74 0.080000
12 75 0.054348
12 76 0.112994
12 77 0.070423
12 78 0.052632
12 79 0.043860
12 80 0.076628
12 81 0.081967
12 82 0.106952
12 83 0.049261
12 84 0.043384
12 85 0.082305
12 86 0.064516
12 87 0.066445
12 88 0.088496
12 89 0.100000
12 90 0.052770
12 91 0.075758
12 92 0.119760
12 93 0.082645
12 94 0.044643
12 95 0.281690
12 96 0.084388
12 97 0.128205
12 98 0.086207
12 99 0.166667
13 14 0.166667
13 15 0.163880
13 16 0.300613
13 17 0.360294
13 18 0.278409
13 19 0.173145
13 20 0.379845
13 21 0.187739
13 22 0.318182
13 23 0.138418
13 24 0.418803
13 25 0.228972
13 26 0.102941
13 27 0.182836
13 28 0.304348
13 29 0.980000
13 30 0.382812
13 31 0.185606
13 32 0.171329
13 33 0.189922
13 34 0.300613
13 35 0.173145
13 36 0.232227
13 37 0.151235
13 38 0.125964
13 39 0.173145
13 40 0.217778
13 41 0.114754
13 42 0.185606
13 43 0.269231
13 44 0.907407
13 45 0.345070
13 46 0.144543
13 47 0.125641
13 48 0.116390
13 49 0.182156
13 50 0.190661
13 51 0.597561
13 52 0.462264
13 53 0.141210
13 54 0.157051
13 55 0.122807
13 56 0.304348
13 57 0.324503
13 58 0.130667
13 59 0.189922
13 60 0.980000
13 61 0.150769
13 62 0.184211
13 63 0.187739
13 64 0.207627
13 65 0.342657
13 66 0.302469
13 67 0.142857
13 68 0.270718
13 69 0.197581
13 70 0.395161
13 71 0.300613
13 72 0.226852
13 73 0.127937
13 74 0.185606
13 75 0.158065
13 76 0.231132
13 77 0.213974
13 78 0.152648
13 79 0.124682
13 80 0.195219
13 81 0.267760
13 82 0.220721
13 83 0.126289
13 84 0.119512
13 85 0.272222
13 86 0.198381
13 87 0.206751
13 88 0.293413
13 89 0.211207
13 90 0.152174
13 91 0.245000
13 92 0.404959
13 93 0.189189
13 94 0.119512
13 95 0.777778
13 96 0.276836
13 97 0.281609
13 98 0.184906
13 99 0.844828
14 15 0.324324
14 16 0.124675
14 17 0.145897
14 18 0.292683
14 19 0.174545
14 20 0.238806
14 21 0.452830
14 22 0.198347
14 23 0.262295
14 24 0.227488
14 25 0.539326
14 26 0.242424
14 27 0.262295
14 28 0.114833
14 29 0.190476
14 30 0.287425
14 31 0.648649
14 32 0.204255
14 33 0.169014
14 34 0.114558
14 35 0.196721
14 36 0.480000
14 37 0.331034
14 38 0.303797
14 39 0.225352
14 40 0.178439
14 41 0.326531
14 42 0.282353
14 43 0.303797
14 44 0.159468
14 45 0.179775
14 46 0.979592
14 47 0.428571
14 48 0.242424
14 49 0.171429
14 50 0.294479
14 51 0.148607
14 52 0.225352
14 53 0.444444
14 54 0.347826
14 55 0.380952
14 56 0.105960
14 57 0.222222
14 58 0.269663
14 59 0.201681
14 60 0.146341
14 61 0.307692
14 62 0.640000
14 63 0.271186
14 64 0.578313
14 65 0.195918
14 66 0.235294
14 67 0.363636
14 68 0.413793
14 69 0.695652
14 70 0.198347
14 71 0.129730
14 72 0.156863
14 73 0.203390
14 74 0.255319
14 75 0.216216
14 76 0.181818
14 77 0.277457
14 78 0.197531
14 79 0.114558
14 80 0.505263
14 81 0.208696
14 82 0.180451
14 83 0.457143
14 84 0.221198
14 85 0.189723
14 86 0.172662
14 87 0.147239
14 88 0.134078
14 89 0.185328
14 90 0.221198
14 91 0.158416
14 92 0.259459
14 93 0.242424
14 94 0.342857
14 95 0.134454
14 96 0.137143
14 97 0.222222
14 98 0.178439
14 99 0.160000
15 16 0.043478
15 17 0.049096
15 18 0.153226
15 19 0.048101
15 20 0.110465
15 21 0.080169
15 22 0.108571
15 23 0.057751
15 24 0.103261
15 25 0.153226
15 26 0.060127
15 27 0.061093
15 28 0.041943
15 29 0.076305
15 30 0.095477
15 31 0.231707
15 32 0.052486
15 33 0.047980
15 34 0.041758
15 35 0.175926
15 36 0.095477
15 37 0.065517
15 38 0.062706
15 39 0.055556
15 40 0.051075
15 41 0.070370
15 42 0.063758
15 43 0.076305
15 44 0.068100
15 45 0.093596
15 46 0.129252
15 47 0.078189
15 48 0.055394
15 49 0.124183
15 50 0.395833
15 51 0.053073
15 52 0.097938
15 53 0.231707
15 54 0.950000
15 55 0.073359
15 56 0.041758
15 57 0.064407
15 58 0.058462
15 59 0.053371
15 60 0.060897
15 61 0.063333
15 62 0.090909
15 63 0.062500
15 64 0.193878
15 65 0.103261
15 66 0.130137
15 67 0.068100
15 68 0.125828
15 69 0.190000
15 70 0.098446
15 71 0.044496
15 72 0.047619
15 73 0.049738
15 74 0.311475
15 75 0.053371
15 76 0.117284
15 77 0.065972
15 78 0.050265
15 79 0.035055
15 80 0.263889
15 81 0.059006
15 82 0.119497
15 83 0.123377
15 84 0.052198
15 85 0.055556
15 86 0.049096
15 87 0.044917
15 88 0.045131
15 89 0.130137
15 90 0.053521
15 91 0.048593
15 92 0.080851
15 93 0.260274
15 94 0.069597
15 95 0.053672
15 96 0.045346
15 97 0.131944
15 98 0.133803
15 99 0.057576
16 17 0.333333
16 18 0.059748
16 19 0.082251
16 20 0.068345
16 21 0.061489
16 22 0.060510
16 23 0.052198
16 24 0.070632
16 25 0.058104
16 26 0.035917
16 27 0.069597
16 28 0.345455
16 29 0.093596
16 30 0.079167
16 31 0.049738
16 32 0.073643
16 33 0.095960
16 34 0.351852
16 35 0.043084
16 36 0.066434
16 37 0.054286
16 38 0.045131
16 39 0.070632
16 40 0.107955
16 41 0.039095
16 42 0.068841
16 43 0.082251
16 44 0.089202
16 45 0.062295
16 46 0.043880
16 47 0.042035
16 48 0.042986
16 49 0.044084
16 50 0.047382
16 51 0.226190
16 52 0.074219
16 53 0.040773
16 54 0.042601
16 55 0.041758
16 56 0.123377
16 57 0.110465
16 58 0.048346
16 59 0.082969
16 60 0.098958
16 61 0.055072
16 62 0.057751
16 63 0.070370
16 64 0.053672
16 65 0.062500
16 66 0.060317
16 67 0.050398
16 68 0.064846
16 69 0.052632
16 70 0.066901
16 71 0.950000
16 72 0.137681
16 73 0.051213
16 74 0.046005
16 75 0.064846
16 76 0.050802
16 77 0.077236
16 78 0.065068
16 79 0.067376
16 80 0.050667
16 81 0.109195
16 82 0.049479
16 83 0.038855
16 84 0.045564
16 85 0.124183
16 86 0.100000
16 87 0.131944
16 88 0.487179
16 89 0.048346
16 90 0.061489
16 91 0.150794
16 92 0.091346
16 93 0.046341
16 94 0.040948
16 95 0.122581
16 96 0.333333
16 97 0.057402
16 98 0.044601
16 99 0.169643
17 18 0.125000
17 19 0.178947
17 20 0.144068
17 21 0.134387
17 22 0.122302
17 23 0.108974
17 24 0.149780
17 25 0.124088
17 26 0.071730
17 27 0.154545
17 28 0.336634
17 29 0.203593
17 30 0.179894
17 31 0.103659
17 32 0.161137
17 33 0.215190
17 34 0.336634
17 35 0.085213
17 36 0.148472
17 37 0.114865
17 38 0.092643
17 39 0.155251
17 40 0.259542
17 41 0.079070
17 42 0.152466
17 43 0.194286
17 44 0.179894
17 45 0.125000
17 46 0.089947
17 47 0.085859
17 48 0.087179
17 49 0.086294
17 50 0.096045
17 51 0.576271
17 52 0.158879
17 53 0.082524
17 54 0.086076
17 55 0.085213
17 56 0.185792
17 57 0.293103
17 58 0.100000
17 59 0.187845
17 60 0.193182
17 61 0.116838
17 62 0.124542
17 63 0.157407
17 64 0.112957
17 65 0.126866
17 66 0.124088
17 67 0.105263
17 68 0.141079
17 69 0.110390
17 70 0.137097
17 71 0.809524
17 72 0.336634
17 73 0.105263
17 74 0.092391
17 75 0.139344
17 76 0.100592
17 77 0.178010
17 78 0.137652
17 79 0.126866
17 80 0.104938
17 81 0.283333
17 82 0.097701
17 83 0.078522
17 84 0.092896
17 85 0.336634
17 86 0.229730
17 87 0.295652
17 88 0.971429
17 89 0.095506
17 90 0.130268
17 91 0.400000
17 92 0.219355
17 93 0.092896
17 94 0.083333
17 95 0.225166
17 96 0.829268
17 97 0.117241
17 98 0.087629
17 99 0.430380
18 19 0.124611
18 20 0.800000
18 21 0.201005
18 22 0.506329
18 23 0.130719
18 24 0.645161
18 25 0.506329
18 26 0.110803
18 27 0.156863
18 28 0.120846
18 29 0.317460
18 30 0.439560
18 31 0.380952
18 32 0.134228
18 33 0.127796
18 34 0.120120
18 35 0.294118
18 36 0.283688
18 37 0.150376
18 38 0.129870
18 39 0.141343
18 40 0.140845
18 41 0.129032
18 42 0.164609
18 43 0.238095
18 44 0.251572
18 45 0.384615
18 46 0.204082
18 47 0.145455
18 48 0.114943
18 49 0.270270
18 50 0.476190
18 51 0.168067
18 52 0.563380
18 53 0.223464
18 54 0.291971
18 55 0.138889
18 56 0.120120
18 57 0.203046
18 58 0.127389
18 59 0.141343
18 60 0.209424
18 61 0.146520
18 62 0.219780
18 63 0.162602
18 64 0.481928
18 65 0.487805
18 66 0.975610
18 67 0.148699
18 68 0.555556
18 69 0.408163
18 70 0.487805
18 71 0.128617
18 72 0.132450
18 73 0.113314
18 74 0.416667
18 75 0.131579
18 76 0.360360
18 77 0.180995
18 78 0.123839
18 79 0.086393
18 80 0.470588
18 81 0.173913
18 82 0.344828
18 83 0.171674
18 84 0.112994
18 85 0.162602
18 86 0.132450
18 87 0.122699
18 88 0.130719
18 89 0.347826
18 90 0.129870
18 91 0.137457
18 92 0.310078
18 93 0.421053
18 94 0.132450
18 95 0.172414
18 96 0.130293
18 97 0.727273
18 98 0.287770
18 99 0.190476
19 20 0.105431
19 21 0.194118
19 22 0.089431
19 23 0.208861
19 24 0.106109
19 25 0.120438
19 26 0.096491
19 27 0.351064
19 28 0.115789
19 29 0.116608
19 30 0.139241
19 31 0.104430
19 32 0.733333
19 33 0.970588
19 34 0.116197
19 35 0.072687
19 36 0.167513
19 37 0.201220
19 38 0.145374
19 39 0.485294
19 40 0.540984
19 41 0.106109
19 42 0.311321
19 43 0.214286
19 44 0.100000
19 45 0.087302
19 46 0.104762
19 47 0.114983
19 48 0.140426
19 49 0.070362
19 50 0.086162
19 51 0.140426
19 52 0.109635
19 53 0.086387
19 54 0.083756
19 55 0.117021
19 56 0.088472
19 57 0.235714
19 58 0.174603
19 59 0.825000
19 60 0.099398
19 61 0.214286
19 62 0.164179
19 63 0.333333
19 64 0.110738
19 65 0.090909
19 66 0.095376
19 67 0.170103
19 68 0.128906
19 69 0.111486
19 70 0.095376
19 71 0.155660
19 72 0.351064
19 73 0.224490
19 74 0.081281
19 75 0.428571
19 76 0.077830
19 77 0.305556
19 78 0.492537
19 79 0.224490
19 80 0.101852
19 81 0.317308
19 82 0.076566
19 83 0.089431
19 84 0.165000
19 85 0.317308
19 86 0.767442
19 87 0.351064
19 88 0.170984
19 89 0.076212
19 90 0.354839
19 91 0.308411
19 92 0.162562
19 93 0.080685
19 94 0.115789
19 95 0.101538
19 96 0.188571
19 97 0.090411
19 98 0.071739
19 99 0.138655
20 21 0.055814
20 22 0.206897
20 23 0.037383
20 24 0.923077
20 25 0.106195
20 26 0.030227
20 27 0.046512
20 28 0.041812
20 29 0.150000
20 30 0.155844
20 31 0.080000
20 32 0.040541
20 33 0.040134
20 34 0.041522
20 35 0.073171
20 36 0.077419
20 37 0.042254
20 38 0.036036
20 39 0.042403
20 40 0.044776
20 41 0.034682
20 42 0.048387
20 43 0.072727
20 44 0.109091
20 45 0.162162
20 46 0.050420
20 47 0.038710
20 48 0.032258
20 49 0.073620
20 50 0.093023
20 51 0.061224
20 52 0.500000
20 53 0.052863
20 54 0.064516
20 55 0.037267
20 56 0.042254
20 57 0.067416
20 58 0.035928
20 59 0.043478
20 60 0.084507
20 61 0.041522
20 62 0.058824
20 63 0.048193
20 64 0.095238
20 65 0.222222
20 66 0.307692
20 67 0.041237
20 68 0.130435
20 69 0.085714
20 70 0.279070
20 71 0.043956
20 72 0.043011
20 73 0.032967
20 74 0.087591
20 75 0.039088
20 76 0.106195
20 77 0.054545
20 78 0.036923
20 79 0.026786
20 80 0.090226
20 81 0.056075
20 82 0.099174
20 83 0.043011
20 84 0.032086
20 85 0.053097
20 86 0.041667
20 87 0.039474
20 88 0.044444
20 89 0.096000
20 90 0.038217
20 91 0.044944
20 92 0.109091
20 93 0.090909
20 94 0.035714
20 95 0.065574
20 96 0.043956
20 97 0.210526
20 98 0.076923
20 99 0.071429
21 22 0.115242
21 23 0.287037
21 24 0.140909
21 25 0.242188
21 26 0.139013
21 27 0.402597
21 28 0.088319
21 29 0.134199
21 30 0.209459
21 31 0.198718
21 32 0.238462
21 33 0.171271
21 34 0.088319
21 35 0.098101
21 36 0.508197
21 37 0.442857
21 38 0.242188
21 39 0.287037
21 40 0.183432
21 41 0.174157
21 42 0.476923
21 43 0.369048
21 44 0.108392
21 45 0.107639
21 46 0.210884
21 47 0.215278
21 48 0.191358
21 49 0.090909
21 50 0.130802
21 51 0.117871
21 52 0.144186
21 53 0.145540
21 54 0.133047
21 55 0.210884
21 56 0.076355
21 57 0.223022
21 58 0.258333
21 59 0.233083
21 60 0.101639
21 61 0.413333
21 62 0.968750
21 63 0.430556
21 64 0.213793
21 65 0.116105
21 66 0.131915
21 67 0.378049
21 68 0.242188
21 69 0.223022
21 70 0.120623
21 71 0.106164
21 72 0.148325
21 73 0.200000
21 74 0.118321
21 75 0.258333
21 76 0.100000
21 77 0.430556
21 78 0.219858
21 79 0.098726
21 80 0.182353
21 81 0.223022
21 82 0.098726
21 83 0.153465
21 84 0.193750
21 85 0.190184
21 86 0.176136
21 87 0.136564
21 88 0.111913
21 89 0.099359
21 90 0.262712
21 91 0.148325
21 92 0.219858
21 93 0.115672
21 94 0.198718
21 95 0.096273
21 96 0.116541
21 97 0.123016
21 98 0.093656
21 99 0.125506
22 23 0.029255
22 24 0.186441
22 25 0.070513
22 26 0.025057
22 27 0.034921
22 28 0.035032
22 29 0.098214
22 30 0.082090
22 31 0.061111
22 32 0.031161
22 33 0.031073
22 34 0.034810
22 35 0.083333
22 36 0.052632
22 37 0.032544
22 38 0.028721
22 39 0.032258
22 40 0.034056
22 41 0.028351
22 42 0.036066
22 43 0.049550
22 44 0.094828
22 45 0.392857
22 46 0.040293
22 47 0.031073
22 48 0.026005
22 49 0.094017
22 50 0.085938
22 51 0.047619
22 52 0.157143
22 53 0.044898
22 54 0.056995
22 55 0.030055
22 56 0.037543
22 57 0.047210
22 58 0.028424
22 59 0.033033
22 60 0.074324
22 61 0.031977
22 62 0.042969
22 63 0.035831
22 64 0.068323
22 65 0.916667
22 66 0.289474
22 67 0.031977
22 68 0.076923
22 69 0.062857
22 70 0.354839
22 71 0.035256
22 72 0.033233
22 73 0.026190
22 74 0.088710
22 75 0.030137
22 76 0.180328
22 77 0.039568
22 78 0.028796
22 79 0.021869
22 80 0.069182
22 81 0.040741
22 82 0.157143
22 83 0.035948
22 84 0.025761
22 85 0.039286
22 86 0.032070
22 87 0.030986
22 88 0.035256
22 89 0.139241
22 90 0.029650
22 91 0.034591
22 92 0.066265
22 93 0.094828
22 94 0.028947
22 95 0.056410
22 96 0.034700
22 97 0.343750
22 98 0.098214
22 99 0.053922
23 24 0.092025
23 25 0.129310
23 26 0.162162
23 27 0.322581
23 28 0.072639
23 29 0.090634
23 30 0.119048
23 31 0.120482
23 32 0.258621
23 33 0.161290
23 34 0.072639
23 35 0.071942
23 36 0.179641
23 37 0.750000
23 38 0.422535
23 39 0.306122
23 40 0.155440
23 41 0.187500
23 42 0.322581
23 43 0.173410
23 44 0.077922
23 45 0.076142
23 46 0.146341
23 47 0.211268
23 48 0.375000
23 49 0.067265
23 50 0.089286
23 51 0.088757
23 52 0.093458
23 53 0.105263
23 54 0.093750
23 55 0.223881
23 56 0.061983
23 57 0.142180
23 58 0.967742
23 59 0.212766
23 60 0.075000
23 61 0.909091
23 62 0.238095
23 63 0.306122
23 64 0.122449
23 65 0.080214
23 66 0.087719
23 67 0.545455
23 68 0.127660
23 69 0.127119
23 70 0.082645
23 71 0.086957
23 72 0.126582
23 73 0.555556
23 74 0.083102
23 75 0.365854
23 76 0.072115
23 77 0.234375
23 78 0.312500
23 79 0.109489
23 80 0.112360
23 81 0.154639
23 82 0.071259
23 83 0.120968
23 84 0.526316
23 85 0.141509
23 86 0.159574
23 87 0.121951
23 88 0.091743
23 89 0.071942
23 90 0.454545
23 91 0.122951
23 92 0.126050
23 93 0.081301
23 94 0.223881
23 95 0.073171
23 96 0.096154
23 97 0.083565
23 98 0.068966
23 99 0.091463
24 25 0.105691
24 26 0.032020
24 27 0.050000
24 28 0.047101
24 29 0.188406
24 30 0.166667
24 31 0.080247
24 32 0.043919
24 33 0.043919
24 34 0.046763
24 35 0.075145
24 36 0.081250
24 37 0.044983
24 38 0.038235
24 39 0.045775
24 40 0.049057
24 41 0.036620
24 42 0.052000
24 43 0.078313
24 44 0.132653
24 45 0.185714
24 46 0.052209
24 47 0.040752
24 48 0.034392
24 49 0.076923
24 50 0.092199
24 51 0.069892
24 52 0.928571
24 53 0.054393
24 54 0.065657
24 55 0.039275
24 56 0.047794
24 57 0.074286
24 58 0.038348
24 59 0.047101
24 60 0.100000
24 61 0.044218
24 62 0.061905
24 63 0.051793
24 64 0.094891
24 65 0.250000
24 66 0.276596
24 67 0.043624
24 68 0.131313
24 69 0.086667
24 70 0.342105
24 71 0.049242
24 72 0.047445
24 73 0.035326
24 74 0.087838
24 75 0.042071
24 76 0.111111
24 77 0.058559
24 78 0.039877
24 79 0.029213
24 80 0.090278
24 81 0.061321
24 82 0.104000
24 83 0.044828
24 84 0.034301
24 85 0.058559
24 86 0.045614
24 87 0.043478
24 88 0.049618
24 89 0.099237
24 90 0.041139
24 91 0.049808
24 92 0.120370
24 93 0.090909
24 94 0.037791
24 95 0.076023
24 96 0.049057
24 97 0.203125
24 98 0.080247
24 99 0.082278
25 26 0.094737
25 27 0.138462
25 28 0.076705
25 29 0.160714
25 30 0.296703
25 31 0.490909
25 32 0.110656
25 33 0.098901
25 34 0.076487
25 35 0.143617
25 36 0.346154
25 37 0.140625
25 38 0.117391
25 39 0.120000
25 40 0.108434
25 41 0.115385
25 42 0.148352
25 43 0.214286
25 44 0.125581
25 45 0.150000
25 46 0.210938
25 47 0.136364
25 48 0.100000
25 49 0.126168
25 50 0.243243
25 51 0.105882
25 52 0.214286
25 53 0.194245
25 54 0.214286
25 55 0.127962
25 56 0.072000
25 57 0.155172
25 58 0.113445
25 59 0.114894
25 60 0.111111
25 61 0.134328
25 62 0.252336
25 63 0.144385
25 64 0.964286
25 65 0.170886
25 66 0.226891
25 67 0.139896
25 68 0.771429
25 69 0.771429
25 70 0.175325
25 71 0.085443
25 72 0.097473
25 73 0.095745
25 74 0.200000
25 75 0.111111
25 76 0.144385
25 77 0.161677
25 78 0.102662
25 79 0.064286
25 80 0.509434
25 81 0.135678
25 82 0.142105
25 83 0.155172
25 84 0.096774
25 85 0.122727
25 86 0.102273
25 87 0.090000
25 88 0.087948
25 89 0.145161
25 90 0.110656
25 91 0.100372
25 92 0.225000
25 93 0.191489
25 94 0.120000
25 95 0.097826
25 96 0.089109
25 97 0.203008
25 98 0.133005
25 99 0.117391
26 27 0.193916
26 28 0.089161
26 29 0.116173
26 30 0.144886
26 31 0.193182
26 32 0.171141
26 33 0.138965
26 34 0.089161
26 35 0.120567
26 36 0.191729
26 37 0.278689
26 38 0.443478
26 39 0.183453
26 40 0.138211
26 41 0.980769
26 42 0.199219
26 43 0.166667
26 44 0.103659
26 45 0.109914
26 46 0.294798
26 47 0.579545
26 48 0.432203
26 49 0.109914
26 50 0.146974
26 51 0.105155
26 52 0.125307
26 53 0.213389
26 54 0.170569
26 55 0.653846
26 56 0.081340
26 57 0.141667
26 58 0.329032
26 59 0.159375
26 60 0.099029
26 61 0.267016
26 62 0.241706
26 63 0.193182
26 64 0.182796
26 65 0.115385
26 66 0.127182
26 67 0.331169
26 68 0.165049
26 69 0.192453
26 70 0.116438
26 71 0.099804
26 72 0.123487
26 73 0.235023
26 74 0.137838
26 75 0.191729
26 76 0.111597
26 77 0.179577
26 78 0.182143
26 79 0.112583
26 80 0.178322
26 81 0.143258
26 82 0.111354
26 83 0.300000
26 84 0.318750
26 85 0.135279
26 86 0.138587
26 87 0.119718
26 88 0.103030
26 89 0.113586
26 90 0.204000
26 91 0.122010
26 92 0.142857
26 93 0.133858
26 94 0.761194
26 95 0.094620
26 96 0.105809
26 97 0.123786
26 98 0.112583
26 99 0.108974
27 28 0.024922
27 29 0.031746
27 30 0.043716
27 31 0.034783
27 32 0.150943
27 33 0.072727
27 34 0.024922
27 35 0.020997
27 36 0.068376
27 37 0.100000
27 38 0.052980
27 39 0.258065
27 40 0.074074
27 41 0.035398
27 42 0.571429
27 43 0.083333
27 44 0.026230
27 45 0.024316
27 46 0.036036
27 47 0.040404
27 48 0.047059
27 49 0.019900
27 50 0.026230
27 51 0.032520
27 52 0.031746
27 53 0.027586
27 54 0.025974
27 55 0.040816
27 56 0.020408
27 57 0.066116
27 58 0.066116
27 59 0.131148
27 60 0.025316
27 61 0.109589
27 62 0.073394
27 63 0.888889
27 64 0.037037
27 65 0.025723
27 66 0.027972
27 67 0.072727
27 68 0.043478
27 69 0.037915
27 70 0.026936
27 71 0.031496
27 72 0.052980
27 73 0.069565
27 74 0.024316
27 75 0.160000
27 76 0.022039
27 77 0.195122
27 78 0.114286
27 79 0.033755
27 80 0.033195
27 81 0.079208
27 82 0.021622
27 83 0.028986
27 84 0.054054
27 85 0.066667
27 86 0.074074
27 87 0.048485
27 88 0.033755
27 89 0.021680
27 90 0.140351
27 91 0.051282
27 92 0.050000
27 93 0.023952
27 94 0.039801
27 95 0.024845
27 96 0.036036
27 97 0.026316
27 98 0.020408
27 99 0.033613
28 29 0.009615
28 30 0.007634
28 31 0.004926
28 32 0.006452
28 33 0.007937
28 34 0.666667
28 35 0.004505
28 36 0.006250
28 37 0.005051
28 38 0.004283
28 39 0.006250
28 40 0.008734
28 41 0.003788
28 42 0.006192
28 43 0.007435
28 44 0.009852
28 45 0.006667
28 46 0.004292
28 47 0.004057
28 48 0.004073
28 49 0.004673
28 50 0.004831
28 51 0.020619
28 52 0.007576
28 53 0.004082
28 54 0.004310
28 55 0.004024
28 56 0.019608
28 57 0.009434
28 58 0.004535
28 59 0.007143
28 60 0.011364
28 61 0.005102
28 62 0.005450
28 63 0.006309
28 64 0.005305
28 65 0.006601
28 66 0.006231
28 67 0.004739
28 68 0.006309
28 69 0.005181
28 70 0.007042
28 71 0.026667
28 72 0.010417
28 73 0.004739
28 74 0.004728
28 75 0.005814
28 76 0.005405
28 77 0.006873
28 78 0.005797
28 79 0.005970
28 80 0.005038
28 81 0.009050
28 82 0.005249
28 83 0.003846
28 84 0.004283
28 85 0.009901
28 86 0.008230
28 87 0.010050
28 88 0.021505
28 89 0.005102
28 90 0.005540
28 91 0.011173
28 92 0.008511
28 93 0.004785
28 94 0.003953
28 95 0.015152
28 96 0.017857
28 97 0.005988
28 98 0.004706
28 99 0.016260
29 30 0.613636
29 31 0.250000
29 32 0.194946
29 33 0.206107
29 34 0.257143
29 35 0.226891
29 36 0.306818
29 37 0.181208
29 38 0.150838
29 39 0.200000
29 40 0.235808
29 41 0.138817
29 42 0.220408
29 43 0.341772
29 44 0.981818
29 45 0.504673
29 46 0.183051
29 47 0.153409
29 48 0.137405
29 49 0.235808
29 50 0.259615
29 51 0.450000
29 52 0.947368
29 53 0.181208
29 54 0.206107
29 55 0.149171
29 56 0.258373
29 57 0.375000
29 58 0.154728
29 59 0.214286
29 60 0.701299
29 61 0.180000
29 62 0.233766
29 63 0.221311
29 64 0.285714
29 65 0.529412
29 66 0.473684
29 67 0.172524
29 68 0.397059
29 69 0.268657
29 70 0.658537
29 71 0.270000
29 72 0.235808
29 73 0.147945
29 74 0.250000
29 75 0.181818
29 76 0.313953
29 77 0.254717
29 78 0.173633
29 79 0.133333
29 80 0.267327
29 81 0.300000
29 82 0.296703
29 83 0.157895
29 84 0.139896
29 85 0.293478
29 86 0.216000
29 87 0.214286
29 88 0.270000
29 89 0.282723
29 90 0.175325
29 91 0.251163
29 92 0.580645
29 93 0.255924
29 94 0.144385
29 95 0.495413
29 96 0.262136
29 97 0.421875
29 98 0.241071
29 99 0.586957
30 31 0.263889
30 32 0.173516
30 33 0.168889
30 34 0.144487
30 35 0.168142
30 36 0.422222
30 37 0.175926
30 38 0.139194
30 39 0.183575
30 40 0.194872
30 41 0.125828
30 42 0.219653
30 43 0.431818
30 44 0.269504
30 45 0.258503
30 46 0.178404
30 47 0.143396
30 48 0.122977
30 49 0.162393
30 50 0.226190
30 51 0.230303
30 52 0.542857
30 53 0.165939
30 54 0.183575
30 55 0.138686
30 56 0.132404
30 57 0.355140
30 58 0.141791
30 59 0.190000
30 60 0.231707
30 61 0.172727
30 62 0.262069
30 63 0.218391
30 64 0.327586
30 65 0.294574
30 66 0.345455
30 67 0.165939
30 68 0.678571
30 69 0.304000
30 70 0.330435
30 71 0.165217
30 72 0.179245
30 73 0.130137
30 74 0.205405
30 75 0.163793
30 76 0.203209
30 77 0.263889
30 78 0.153226
30 79 0.101333
30 80 0.279412
30 81 0.269504
30 82 0.194872
30 83 0.144487
30 84 0.124183
30 85 0.243590
30 86 0.177570
30 87 0.161017
30 88 0.170404
30 89 0.191919
30 90 0.158996
30 91 0.189055
30 92 0.974359
30 93 0.205405
30 94 0.132404
30 95 0.198953
30 96 0.171946
30 97 0.294574
30 98 0.168889
30 99 0.273381
31 32 0.074468
31 33 0.066038
31 34 0.051597
31 35 0.122807
31 36 0.173554
31 37 0.100000
31 38 0.090909
31 39 0.080460
31 40 0.070707
31 41 0.098131
31 42 0.096774
31 43 0.120000
31 44 0.081395
31 45 0.101449
31 46 0.223404
31 47 0.115385
31 48 0.077491
31 49 0.101449
31 50 0.233333
31 51 0.067961
31 52 0.125749
31 53 0.247059
31 54 0.265823
31 55 0.106599
31 56 0.049412
31 57 0.092920
31 58 0.084677
31 59 0.075812
31 60 0.072664
31 61 0.095455
31 62 0.165354
31 63 0.094170
31 64 0.724138
31 65 0.113514
31 66 0.146853
31 67 0.103960
31 68 0.235955
31 69 0.954545
31 70 0.112903
31 71 0.056757
31 72 0.064220
31 73 0.069536
31 74 0.182609
31 75 0.076364
31 76 0.108247
31 77 0.100478
31 78 0.070707
31 79 0.045356
31 80 0.913043
31 81 0.084000
31 82 0.107692
31 83 0.162791
31 84 0.072917
31 85 0.077491
31 86 0.067742
31 87 0.060000
31 88 0.058172
31 89 0.112299
31 90 0.076923
31 91 0.065421
31 92 0.120000
31 93 0.168000
31 94 0.099526
31 95 0.064615
31 96 0.058824
31 97 0.139073
31 98 0.107143
31 99 0.074205
32 33 0.328571
32 34 0.074194
32 35 0.053738
32 36 0.138554
32 37 0.193277
32 38 0.125000
32 39 0.958333
32 40 0.277108
32 41 0.086142
32 42 0.348485
32 43 0.174242
32 44 0.070122
32 45 0.063187
32 46 0.083942
32 47 0.095041
32 48 0.118557
32 49 0.051570
32 50 0.064972
32 51 0.092742
32 52 0.080139
32 53 0.067055
32 54 0.063889
32 55 0.096639
32 56 0.058673
32 57 0.169118
32 58 0.156463
32 59 0.741935
32 60 0.068657
32 61 0.211009
32 62 0.141975
32 63 0.383333
32 64 0.086466
32 65 0.066092
32 66 0.070552
32 67 0.153333
32 68 0.100000
32 69 0.087452
32 70 0.069277
32 71 0.096234
32 72 0.185484
32 73 0.203540
32 74 0.060847
32 75 0.638889
32 76 0.056790
32 77 0.294872
32 78 0.621622
32 79 0.125000
32 80 0.078767
32 81 0.221154
32 82 0.055961
32 83 0.070336
32 84 0.141975
32 85 0.201754
32 86 0.315068
32 87 0.175573
32 88 0.104545
32 89 0.055825
32 90 0.433962
32 91 0.171642
32 92 0.121053
32 93 0.060209
32 94 0.095436
32 95 0.069069
32 96 0.113300
32 97 0.066667
32 98 0.052632
32 99 0.093496
33 34 0.043825
33 35 0.024609
33 36 0.055556
33 37 0.059140
33 38 0.043478
33 39 0.122222
33 40 0.333333
33 41 0.032934
33 42 0.090909
33 43 0.074324
33 44 0.035831
33 45 0.030556
33 46 0.033639
33 47 0.035831
33 48 0.041667
33 49 0.024017
33 50 0.029024
33 51 0.053659
33 52 0.038596
33 53 0.028278
33 54 0.027778
33 55 0.036184
33 56 0.032258
33 57 0.090164
33 58 0.050691
33 59 0.220000
33 60 0.035948
33 61 0.062147
33 62 0.052133
33 63 0.097345
33 64 0.036913
33 65 0.031700
33 66 0.032934
33 67 0.050691
33 68 0.043825
33 69 0.036913
33 70 0.033435
33 71 0.061798
33 72 0.183333
33 73 0.061453
33 74 0.027431
33 75 0.104762
33 76 0.026764
33 77 0.098214
33 78 0.111111
33 79 0.072848
33 80 0.033951
33 81 0.129412
33 82 0.026253
33 83 0.028796
33 84 0.047619
33 85 0.139241
33 86 0.916667
33 87 0.177419
33 88 0.069182
33 89 0.026066
33 90 0.090164
33 91 0.148649
33 92 0.058201
33 93 0.027295
33 94 0.035599
33 95 0.037162
33 96 0.078014
33 97 0.031161
33 98 0.024444
33 99 0.052632
34 35 0.161435
34 36 0.224299
34 37 0.181818
34 38 0.154176
34 39 0.225705
34 40 0.315789
34 41 0.136364
34 42 0.222910
34 43 0.266667
34 44 0.349515
34 45 0.238411
34 46 0.154176
34 47 0.146045
34 48 0.146939
34 49 0.167053
34 50 0.173077
34 51 0.734694
34 52 0.270677
34 53 0.146341
34 54 0.154839
34 55 0.144869
34 56 0.685714
34 57 0.338028
34 58 0.163265
34 59 0.257143
34 60 0.402235
34 61 0.183673
34 62 0.195652
34 63 0.227129
34 64 0.189974
34 65 0.236066
34 66 0.222910
34 67 0.170616
34 68 0.225705
34 69 0.185567
34 70 0.250871
34 71 0.986301
34 72 0.376963
34 73 0.170616
34 74 0.169412
34 75 0.209302
34 76 0.193029
34 77 0.247423
34 78 0.209302
34 79 0.216216
34 80 0.180905
34 81 0.327273
34 82 0.187990
34 83 0.138196
34 84 0.154506
34 85 0.358209
34 86 0.297521
34 87 0.363636
34 88 0.782609
34 89 0.182741
34 90 0.200000
34 91 0.404494
34 92 0.305085
34 93 0.171429
34 94 0.142012
34 95 0.537313
34 96 0.654545
34 97 0.213650
34 98 0.168618
34 99 0.576000
35 36 0.147727
35 37 0.103448
35 38 0.097257
35 39 0.094891
35 40 0.093079
35 41 0.103723
35 42 0.105691
35 43 0.129568
35 44 0.157895
35 45 0.258278
35 46 0.154762
35 47 0.112392
35 48 0.088235
35 49 0.812500
35 50 0.475610
35 51 0.108939
35 52 0.209677
35 53 0.206349
35 54 0.309524
35 55 0.107438
35 56 0.092417
35 57 0.117470
35 58 0.093301
35 59 0.093750
35 60 0.139785
35 61 0.101036
35 62 0.134021
35 63 0.104558
35 64 0.226744
35 65 0.272727
35 66 0.309524
35 67 0.104839
35 68 0.195980
35 69 0.214286
35 70 0.243750
35 71 0.089450
35 72 0.089245
35 73 0.083333
35 74 0.696429
35 75 0.090698
35 76 0.458824
35 77 0.111111
35 78 0.086667
35 79 0.065217
35 80 0.258278
35 81 0.106557
35 82 0.513158
35 83 0.149425
35 84 0.085153
35 85 0.102362
35 86 0.089245
35 87 0.084599
35 88 0.089862
35 89 0.629032
35 90 0.090278
35 91 0.091549
35 92 0.147727
35 93 0.812500
35 94 0.103448
35 95 0.119632
35 96 0.089245
35 97 0.351351
35 98 0.975000
35 99 0.118541
36 37 0.423077
36 38 0.300546
36 39 0.374150
36 40 0.310734
36 41 0.253456
36 42 0.523810
36 43 0.932203
36 44 0.239130
36 45 0.241228
36 46 0.369128
36 47 0.305556
36 48 0.250000
36 49 0.192308
36 50 0.291005
36 51 0.242291
36 52 0.352564
36 53 0.283505
36 54 0.277778
36 55 0.292553
36 56 0.151515
36 57 0.474138
36 58 0.305556
36 59 0.348101
36 60 0.218254
36 61 0.407407
36 62 0.982143
36 63 0.504587
36 64 0.544554
36 65 0.265700
36 66 0.312500
36 67 0.395683
36 68 0.797101
36 69 0.550000
36 70 0.279188
36 71 0.202952
36 72 0.261905
36 73 0.259434
36 74 0.259434
36 75 0.331325
36 76 0.218254
36 77 0.611111
36 78 0.295699
36 79 0.159884
36 80 0.429688
36 81 0.413534
36 82 0.214008
36 83 0.268293
36 84 0.250000
36 85 0.352564
36 86 0.289474
36 87 0.237069
36 88 0.213178
36 89 0.215686
36 90 0.325444
36 91 0.266990
36 92 0.597826
36 93 0.252294
36 94 0.275000
36 95 0.201465
36 96 0.219124
36 97 0.284974
36 98 0.199275
36 99 0.266990
37 38 0.166667
37 39 0.123711
37 40 0.064171
37 41 0.081081
37 42 0.162162
37 43 0.083916
37 44 0.034091
37 45 0.033613
37 46 0.070175
37 47 0.096774
37 48 0.121212
37 49 0.029557
37 50 0.040541
37 51 0.038095
37 52 0.042254
37 53 0.048193
37 54 0.042553
37 55 0.100840
37 56 0.026030
37 57 0.063830
37 58 0.230769
37 59 0.087591
37 60 0.032520
37 61 0.923077
37 62 0.137931
37 63 0.148148
37 64 0.058537
37 65 0.035714
37 66 0.039604
37 67 0.387097
37 68 0.061224
37 69 0.061224
37 70 0.036810
37 71 0.036254
37 72 0.052174
37 73 0.129032
37 74 0.037267
37 75 0.130435
37 76 0.031830
37 77 0.114286
37 78 0.108108
37 79 0.040816
37 80 0.052863
37 81 0.068182
37 82 0.031496
37 83 0.055046
37 84 0.131868
37 85 0.060914
37 86 0.064516
37 87 0.049383
37 88 0.038217
37 89 0.031746
37 90 0.148148
37 91 0.051064
37 92 0.058252
37 93 0.036474
37 94 0.097561
37 95 0.031414
37 96 0.040000
37 97 0.037500
37 98 0.030380
37 99 0.039604
38 39 0.243902
38 40 0.155642
38 41 0.444444
38 42 0.273973
38 43 0.191388
38 44 0.096852
38 45 0.098765
38 46 0.243902
38 47 0.500000
38 48 0.975610
38 49 0.091743
38 50 0.125000
38 51 0.103896
38 52 0.118694
38 53 0.162602
38 54 0.137457
38 55 0.588235
38 56 0.075472
38 57 0.155039
38 58 0.930233
38 59 0.194175
38 60 0.092593
38 61 0.512821
38 62 0.307692
38 63 0.261438
38 64 0.170940
38 65 0.104439
38 66 0.115274
38 67 0.851064
38 68 0.165289
38 69 0.180180
38 70 0.106383
38 71 0.099256
38 72 0.132890
38 73 0.357143
38 74 0.115607
38 75 0.264901
38 76 0.096386
38 77 0.225989
38 78 0.239521
38 79 0.116279
38 80 0.159363
38 81 0.161290
38 82 0.095694
38 83 0.204082
38 84 0.597015
38 85 0.148699
38 86 0.157480
38 87 0.128205
38 88 0.103627
38 89 0.097087
38 90 0.294118
38 91 0.130719
38 92 0.148699
38 93 0.112676
38 94 0.615385
38 95 0.089087
38 96 0.107527
38 97 0.110497
38 98 0.094118
38 99 0.107817
39 40 0.281250
39 41 0.110204
39 42 0.613636
39 43 0.226891
39 44 0.083591
39 45 0.076487
39 46 0.107570
39 47 0.122727
39 48 0.152542
39 49 0.062791
39 50 0.080597
39 51 0.107143
39 52 0.097826
39 53 0.084375
39 54 0.079646
39 55 0.125000
39 56 0.068010
39 57 0.203008
39 58 0.209302
39 59 0.627907
39 60 0.081571
39 61 0.306818
39 62 0.194245
39 63 0.692308
39 64 0.109756
39 65 0.080357
39 66 0.086538
39 67 0.210938
39 68 0.126761
39 69 0.111570
39 70 0.084112
39 71 0.108000
39 72 0.194245
39 73 0.257143
39 74 0.075209
39 75 0.964286
39 76 0.069231
39 77 0.428571
39 78 0.642857
39 79 0.130435
39 80 0.099265
39 81 0.254717
39 82 0.068010
39 83 0.088816
39 84 0.182432
39 85 0.225000
39 86 0.300000
39 87 0.181208
39 88 0.116883
39 89 0.068010
39 90 0.642857
39 91 0.183673
39 92 0.149171
39 93 0.074176
39 94 0.122727
39 95 0.081081
39 96 0.125000
39 97 0.081571
39 98 0.064286
39 99 0.109312
40 41 0.063063
40 42 0.182609
40 43 0.169355
40 44 0.076642
40 45 0.064024
40 46 0.066879
40 47 0.069307
40 48 0.077206
40 49 0.049065
40 50 0.059490
40 51 0.120000
40 52 0.082677
40 53 0.056757
40 54 0.056150
40 55 0.069536
40 56 0.066879
40 57 0.233333
40 58 0.094170
40 59 0.388889
40 60 0.076642
40 61 0.117318
40 62 0.106061
40 63 0.196262
40 64 0.076364
40 65 0.066456
40 66 0.069307
40 67 0.096774
40 68 0.093333
40 69 0.076087
40 70 0.070470
40 71 0.133758
40 72 0.477273
40 73 0.107692
40 74 0.056150
40 75 0.179487
40 76 0.055263
40 77 0.214286
40 78 0.179487
40 79 0.116022
40 80 0.069767
40 81 0.388889
40 82 0.054124
40 83 0.056757
40 84 0.086420
40 85 0.456522
40 86 0.954545
40 87 0.355932
40 88 0.152174
40 89 0.053571
40 90 0.156716
40 91 0.403846
40 92 0.132911
40 93 0.055851
40 94 0.068182
40 95 0.079245
40 96 0.173554
40 97 0.065217
40 98 0.050000
40 99 0.117978
41 42 0.119266
41 43 0.100000
41 44 0.058957
41 45 0.062954
41 46 0.208000
41 47 0.702703
41 48 0.234234
41 49 0.062350
41 50 0.086957
41 51 0.059226
41 52 0.073034
41 53 0.131980
41 54 0.102362
41 55 0.838710
41 56 0.044905
41 57 0.082278
41 58 0.196970
41 59 0.091228
41 60 0.055914
41 61 0.164557
41 62 0.159509
41 63 0.115044
41 64 0.114035
41 65 0.066496
41 66 0.074286
41 67 0.220339
41 68 0.100775
41 69 0.121495
41 70 0.067183
41 71 0.055437
41 72 0.069149
41 73 0.129353
41 74 0.080495
41 75 0.109705
41 76 0.063725
41 77 0.107438
41 78 0.102362
41 79 0.060046
41 80 0.110169
41 81 0.082803
41 82 0.063725
41 83 0.196970
41 84 0.173333
41 85 0.077381
41 86 0.078078
41 87 0.066667
41 88 0.057395
41 89 0.065000
41 90 0.116592
41 91 0.068602
41 92 0.084142
41 93 0.077844
41 94 0.962963
41 95 0.053170
41 96 0.058957
41 97 0.072022
41 98 0.064039
41 99 0.061758
42 43 0.090909
42 44 0.026756
42 45 0.025000
42 46 0.038095
42 47 0.042328
42 48 0.047619
42 49 0.020513
42 50 0.027304
42 51 0.032520
42 52 0.032922
42 53 0.028881
42 54 0.027119
42 55 0.042781
42 56 0.020408
42 57 0.067227
42 58 0.067227
42 59 0.111111
42 60 0.025723
42 61 0.115942
42 62 0.083333
42 63 0.888889
42 64 0.039409
42 65 0.026578
42 66 0.029091
42 67 0.077670
42 68 0.046512
42 69 0.040404
42 70 0.027778
42 71 0.031128
42 72 0.050314
42 73 0.066116
42 74 0.025237
42 75 0.129032
42 76 0.022663
42 77 0.222222
42 78 0.097561
42 79 0.032000
42 80 0.035088
42 81 0.077670
42 82 0.022284
42 83 0.030303
42 84 0.053691
42 85 0.065041
42 86 0.067797
42 87 0.046243
42 88 0.033195
42 89 0.022346
42 90 0.121212
42 91 0.049383
42 92 0.052288
42 93 0.024845
42 94 0.041237
42 95 0.025078
42 96 0.035242
42 97 0.027304
42 98 0.021053
42 99 0.033898
43 44 0.262911
43 45 0.238298
43 46 0.271845
43 47 0.248889
43 48 0.232365
43 49 0.177215
43 50 0.241379
43 51 0.311111
43 52 0.356688
43 53 0.222222
43 54 0.223108
43 55 0.244541
43 56 0.173913
43 57 0.933333
43 58 0.288660
43 59 0.486957
43 60 0.246696
43 61 0.388889
43 62 0.565657
43 63 0.643678
43 64 0.368421
43 65 0.258065
43 66 0.287179
43 67 0.343558
43 68 0.543689
43 69 0.366013
43 70 0.277228
43 71 0.260465
43 72 0.366013
43 73 0.269231
43 74 0.221344
43 75 0.388889
43 76 0.205128
43 77 0.982456
43 78 0.347826
43 79 0.187919
43 80 0.314607
43 81 0.736842
43 82 0.200000
43 83 0.213740
43 84 0.243478
43 85 0.571429
43 86 0.402878
43 87 0.318182
43 88 0.277228
43 89 0.199288
43 90 0.368421
43 91 0.378378
43 92 0.848485
43 93 0.218750
43 94 0.233333
43 95 0.233333
43 96 0.290155
43 97 0.261682
43 98 0.182410
43 99 0.343558
44 45 0.326531
44 46 0.093567
44 47 0.079208
44 48 0.071429
44 49 0.141593
44 50 0.136752
44 51 0.238806
44 52 0.351648
44 53 0.094955
44 54 0.108844
44 55 0.077295
44 56 0.178771
44 57 0.165803
44 58 0.079208
44 59 0.105960
44 60 0.969697
44 61 0.090141
44 62 0.112281
44 63 0.107744
44 64 0.137931
44 65 0.304762
44 66 0.238806
44 67 0.086957
44 68 0.172973
44 69 0.130612
44 70 0.359551
44 71 0.148837
44 72 0.119850
44 73 0.076372
44 74 0.135593
44 75 0.091429
44 76 0.189349
44 77 0.120755
44 78 0.088398
44 79 0.071910
44 80 0.132231
44 81 0.140351
44 82 0.178771
44 83 0.082902
44 84 0.072562
44 85 0.140351
44 86 0.108475
44 87 0.110727
44 88 0.145455
44 89 0.167539
44 90 0.088643
44 91 0.126984
44 92 0.216216
44 93 0.140351
44 94 0.074941
44 95 0.400000
44 96 0.139130
44 97 0.225352
44 98 0.142857
44 99 0.288288
45 46 0.073579
45 47 0.058201
45 48 0.049550
45 49 0.170543
45 50 0.141935
45 51 0.099099
45 52 0.282051
45 53 0.080586
45 54 0.100000
45 55 0.056266
45 56 0.081181
45 57 0.092050
45 58 0.054054
45 59 0.064140
45 60 0.170543
45 61 0.060773
45 62 0.079710
45 63 0.068536
45 64 0.117647
45 65 0.956522
45 66 0.338462
45 67 0.060440
45 68 0.134969
45 69 0.109453
45 70 0.666667
45 71 0.072368
45 72 0.066066
45 73 0.050343
45 74 0.146667
45 75 0.058201
45 76 0.305556
45 77 0.075601
45 78 0.055696
45 79 0.043307
45 80 0.118280
45 81 0.079710
45 82 0.268293
45 83 0.066066
45 84 0.049217
45 85 0.077465
45 86 0.063037
45 87 0.061625
45 88 0.072131
45 89 0.234043
45 90 0.057143
45 91 0.068966
45 92 0.125714
45 93 0.156028
45 94 0.054455
45 95 0.125000
45 96 0.070513
45 97 0.366667
45 98 0.174603
45 99 0.112245
46 47 0.577320
46 48 0.277228
46 49 0.191126
46 50 0.320000
46 51 0.151351
46 52 0.222222
46 53 0.674699
46 54 0.424242
46 55 0.495575
46 56 0.112224
46 57 0.212121
46 58 0.290155
46 59 0.200717
46 60 0.151351
46 61 0.306011
46 62 0.478632
46 63 0.258065
46 64 0.491228
46 65 0.202166
46 66 0.238298
46 67 0.370861
46 68 0.352201
46 69 0.560000
46 70 0.202166
46 71 0.133652
46 72 0.159091
46 73 0.217054
46 74 0.281407
46 75 0.218750
46 76 0.195804
46 77 0.258065
46 78 0.202166
46 79 0.122538
46 80 0.482759
46 81 0.202166
46 82 0.195804
46 83 0.982456
46 84 0.244541
46 85 0.186667
46 86 0.173913
46 87 0.150538
46 88 0.137592
46 89 0.202166
46 90 0.224900
46 91 0.160000
46 92 0.241379
46 93 0.266667
46 94 0.444444
46 95 0.139303
46 96 0.140704
46 97 0.229508
46 98 0.198582
46 99 0.161383
47 48 0.142857
47 49 0.041344
47 50 0.059480
47 51 0.039702
47 52 0.050000
47 53 0.090909
47 54 0.070175
47 55 0.941176
47 56 0.029466
47 57 0.056940
47 58 0.133333
47 59 0.062016
47 60 0.037383
47 61 0.118519
47 62 0.125984
47 63 0.081218
47 64 0.082474
47 65 0.044944
47 66 0.050633
47 67 0.170213
47 68 0.072398
47 69 0.088889
47 70 0.045455
47 71 0.036782
47 72 0.046243
47 73 0.084211
47 74 0.054608
47 75 0.074419
47 76 0.042667
47 77 0.075829
47 78 0.068670
47 79 0.038554
47 80 0.078431
47 81 0.056940
47 82 0.042553
47 83 0.135593
47 84 0.108844
47 85 0.052632
47 86 0.052459
47 87 0.044321
47 88 0.038095
47 89 0.043478
47 90 0.079208
47 91 0.045845
47 92 0.058824
47 93 0.052632
47 94 0.533333
47 95 0.035320
47 96 0.039216
47 97 0.048930
47 98 0.042553
47 99 0.041558
48 49 0.088050
48 50 0.116343
48 51 0.101942
48 52 0.112000
48 53 0.147887
48 54 0.126888
48 55 0.432990
48 56 0.075269
48 57 0.147368
48 58 0.840000
48 59 0.190909
48 60 0.090129
48 61 0.420000
48 62 0.250000
48 63 0.241379
48 64 0.152727
48 65 0.099291
48 66 0.108527
48 67 0.518519
48 68 0.149466
48 69 0.159696
48 70 0.101449
48 71 0.099291
48 72 0.132911
48 73 0.420000
48 74 0.108808
48 75 0.264151
48 76 0.092105
48 77 0.207921
48 78 0.247059
48 79 0.124629
48 80 0.143836
48 81 0.154982
48 82 0.091703
48 83 0.182609
48 84 0.976744
48 85 0.144828
48 86 0.157895
48 87 0.129630
48 88 0.103448
48 89 0.092715
48 90 0.295775
48 91 0.130031
48 92 0.139073
48 93 0.106061
48 94 0.471910
48 95 0.087500
48 96 0.107417
48 97 0.104478
48 98 0.090129
48 99 0.104738
49 50 0.092437
49 51 0.031700
49 52 0.060440
49 53 0.047009
49 54 0.064327
49 55 0.027363
49 56 0.027708
49 57 0.032448
49 58 0.024499
49 59 0.025522
49 60 0.042802
49 61 0.026570
49 62 0.034375
49 63 0.027990
49 64 0.054187
49 65 0.085938
49 66 0.087302
49 67 0.027295
49 68 0.050459
49 69 0.051402
49 70 0.074830
49 71 0.025701
49 72 0.024887
49 73 0.022222
49 74 0.115789
49 75 0.024390
49 76 0.189655
49 77 0.029810
49 78 0.023355
49 79 0.018062
49 80 0.059459
49 81 0.029333
49 82 0.229167
49 83 0.035948
49 84 0.022449
49 85 0.028351
49 86 0.024609
49 87 0.023605
49 88 0.025701
49 89 0.282051
49 90 0.024176
49 91 0.025641
49 92 0.040590
49 93 0.130952
49 94 0.026442
49 95 0.036184
49 96 0.025404
49 97 0.102804
49 98 0.916667
49 99 0.034375
50 51 0.077882
50 52 0.164474
50 53 0.200000
50 54 0.378788
50 55 0.088028
50 56 0.060827
50 57 0.092251
50 58 0.074184
50 59 0.072674
50 60 0.093985
50 61 0.081699
50 62 0.118483
50 63 0.084175
50 64 0.271739
50 65 0.182482
50 66 0.250000
50 67 0.086207
50 68 0.193798
50 69 0.247525
50 70 0.170068
50 71 0.063613
50 72 0.066489
50 73 0.064433
50 74 0.961538
50 75 0.070822
50 76 0.211864
50 77 0.090253
50 78 0.066845
50 79 0.047259
50 80 0.357143
50 81 0.083056
50 82 0.217391
50 83 0.129534
50 84 0.066313
50 85 0.078370
50 86 0.067568
50 87 0.062500
50 88 0.064433
50 89 0.240385
50 90 0.070621
50 91 0.068120
50 92 0.121359
50 93 0.694444
50 94 0.083893
50 95 0.080645
50 96 0.064433
50 97 0.260417
50 98 0.231481
50 99 0.085324
51 52 0.161850
51 53 0.071066
51 54 0.076087
51 55 0.068627
51 56 0.190476
51 57 0.218750
51 58 0.076923
51 59 0.128440
51 60 0.237288
51 61 0.089457
51 62 0.101083
51 63 0.116183
51 64 0.099644
51 65 0.127273
51 66 0.120690
51 67 0.082596
51 68 0.126697
51 69 0.096552
51 70 0.139303
51 71 0.341463
51 72 0.183007
51 73 0.078652
51 74 0.084592
51 75 0.100358
51 76 0.096552
51 77 0.132701
51 78 0.098592
51 79 0.086154
51 80 0.093333
51 81 0.190476
51 82 0.093333
51 83 0.066038
51 84 0.071066
51 85 0.207407
51 86 0.144330
51 87 0.164706
51 88 0.321839
51 89 0.090323
51 90 0.095238
51 91 0.205882
51 92 0.201439
51 93 0.085366
51 94 0.066826
51 95 0.297872
51 96 0.285714
51 97 0.113360
51 98 0.081633
51 99 0.965517
52 53 0.182186
52 54 0.217391
52 55 0.135952
52 56 0.171103
52 57 0.274390
52 58 0.134328
52 59 0.169173
52 60 0.368852
52 61 0.155709
52 62 0.216346
52 63 0.184426
52 64 0.319149
52 65 0.714286
52 66 0.750000
52 67 0.153061
52 68 0.454545
52 69 0.290323
52 70 0.978261
52 71 0.179283
52 72 0.171756
52 73 0.124654
52 74 0.281250
52 75 0.149502
52 76 0.348837
52 77 0.211268
52 78 0.141956
52 79 0.103687
52 80 0.298013
52 81 0.225000
52 82 0.326087
52 83 0.152027
52 84 0.120321
52 85 0.214286
52 86 0.164234
52 87 0.157343
52 88 0.180723
52 89 0.312500
52 90 0.145631
52 91 0.180723
52 92 0.459184
52 93 0.290323
52 94 0.130814
52 95 0.277778
52 96 0.178571
52 97 0.584416
52 98 0.257143
52 99 0.310345
53 54 0.984127
53 55 0.322917
53 56 0.122288
53 57 0.201954
53 58 0.225455
53 59 0.180233
53 60 0.168478
53 61 0.237548
53 62 0.340659
53 63 0.218310
53 64 0.543860
53 65 0.246032
53 66 0.293839
53 67 0.267241
53 68 0.356322
53 69 0.590476
53 70 0.240310
53 71 0.136564
53 72 0.153465
53 73 0.182891
53 74 0.436620
53 75 0.188450
53 76 0.256198
53 77 0.223827
53 78 0.176638
53 79 0.117647
53 80 0.639175
53 81 0.189602
53 82 0.259414
53 83 0.849315
53 84 0.199357
53 85 0.177650
53 86 0.162304
53 87 0.145540
53 88 0.139640
53 89 0.273128
53 90 0.191358
53 91 0.155388
53 92 0.239382
53 93 0.402597
53 94 0.303922
53 95 0.152334
53 96 0.141230
53 97 0.289720
53 98 0.276786
53 99 0.168478
54 55 0.297959
54 56 0.155650
54 57 0.244147
54 58 0.231746
54 59 0.205634
54 60 0.223926
54 61 0.249147
54 62 0.359606
54 63 0.242525
54 64 0.737374
54 65 0.363184
54 66 0.450617
54 67 0.270370
54 68 0.467949
54 69 0.737374
54 70 0.347619
54 71 0.167431
54 72 0.181592
54 73 0.195187
54 74 0.901235
54 75 0.207386
54 76 0.401099
54 77 0.254355
54 78 0.195710
54 79 0.134935
54 80 0.986486
54 81 0.224615
54 82 0.410112
54 83 0.540741
54 84 0.206799
54 85 0.210983
54 86 0.188144
54 87 0.171362
54 88 0.170561
54 89 0.439759
54 90 0.209169
54 91 0.184810
54 92 0.302905
54 93 0.784946
54 94 0.282946
54 95 0.198370
54 96 0.171362
54 97 0.453416
54 98 0.453416
54 99 0.214076
55 56 0.025501
55 57 0.049123
55 58 0.128440
55 59 0.054902
55 60 0.031963
55 61 0.108527
55 62 0.104478
55 63 0.071795
55 64 0.067308
55 65 0.038043
55 66 0.042553
55 67 0.159091
55 68 0.060086
55 69 0.072165
55 70 0.038462
55 71 0.031963
55 72 0.040580
55 73 0.078212
55 74 0.045307
55 75 0.066986
55 76 0.035990
55 77 0.066038
55 78 0.061674
55 79 0.034398
55 80 0.063927
55 81 0.049470
55 82 0.035806
55 83 0.105263
55 84 0.105263
55 85 0.045752
55 86 0.046205
55 87 0.038889
55 88 0.033175
55 89 0.036554
55 90 0.071429
55 91 0.040115
55 92 0.050000
55 93 0.043887
55 94 0.933333
55 95 0.030369
55 96 0.034146
55 97 0.041056
55 98 0.035806
55 99 0.035806
56 57 0.368613
56 58 0.198039
56 59 0.279778
56 60 0.691781
56 61 0.220044
56 62 0.242788
56 63 0.260982
56 64 0.254408
56 65 0.358156
56 66 0.323718
56 67 0.208678
56 68 0.296188
56 69 0.247549
56 70 0.378277
56 71 0.590643
56 72 0.356890
56 73 0.201597
56 74 0.243961
56 75 0.238771
56 76 0.296188
56 77 0.282913
56 78 0.236534
56 79 0.232184
56 80 0.245742
56 81 0.344710
56 82 0.287749
56 83 0.183971
56 84 0.187037
56 85 0.363309
56 86 0.305136
56 87 0.343537
56 88 0.537234
56 89 0.277473
56 90 0.230068
56 91 0.376866
56 92 0.371324
56 93 0.248768
56 94 0.180357
56 95 0.990196
56 96 0.490291
56 97 0.315625
56 98 0.255051
56 99 0.631250
57 58 0.152542
57 59 0.330275
57 60 0.180000
57 61 0.193548
57 62 0.229299
57 63 0.313043
57 64 0.179104
57 65 0.159292
57 66 0.168224
57 67 0.169811
57 68 0.250000
57 69 0.175610
57 70 0.173077
57 71 0.230769
57 72 0.339623
57 73 0.153846
57 74 0.124138
57 75 0.225000
57 76 0.124138
57 77 0.428571
57 78 0.210526
57 79 0.132841
57 80 0.159292
57 81 0.972973
57 82 0.120805
57 83 0.112500
57 84 0.134328
57 85 0.720000
57 86 0.327273
57 87 0.276923
57 88 0.251748
57 89 0.119205
57 90 0.208092
57 91 0.371134
57 92 0.521739
57 93 0.123711
57 94 0.122449
57 95 0.178218
57 96 0.266667
57 97 0.154506
57 98 0.108761
57 99 0.307692
58 59 0.233918
58 60 0.095012
58 61 0.769231
58 62 0.303030
58 63 0.320000
58 64 0.161943
58 65 0.103627
58 66 0.113636
58 67 0.851064
58 68 0.163265
58 69 0.168776
58 70 0.106383
58 71 0.106952
58 72 0.149813
58 73 0.563380
58 74 0.110497
58 75 0.353982
58 76 0.094340
58 77 0.261438
58 78 0.317460
58 79 0.132450
58 80 0.149813
58 81 0.180995
58 82 0.093677
58 83 0.173160
58 84 0.975610
58 85 0.166667
58 86 0.183486
58 87 0.144928
58 88 0.112360
58 89 0.094563
58 90 0.412371
58 91 0.145985
58 92 0.155642
58 93 0.107817
58 94 0.373832
58 95 0.092379
58 96 0.117302
58 97 0.108696
58 98 0.091116
58 99 0.113636
59 60 0.156352
59 61 0.372093
59 62 0.292683
59 63 0.750000
59 64 0.185328
59 65 0.146789
59 66 0.155340
59 67 0.285714
59 68 0.221198
59 69 0.186770
59 70 0.154341
59 71 0.229665
59 72 0.494845
59 73 0.335664
59 74 0.130790
59 75 0.738462
59 76 0.124031
59 77 0.695652
59 78 0.716418
59 79 0.258065
59 80 0.168421
59 81 0.631579
59 82 0.121827
59 83 0.143713
59 84 0.252632
59 85 0.571429
59 86 0.979592
59 87 0.448598
59 88 0.251309
59 89 0.121212
59 90 0.592593
59 91 0.457143
59 92 0.285714
59 93 0.129730
59 94 0.184615
59 95 0.157895
59 96 0.275862
59 97 0.146341
59 98 0.113744
59 99 0.222222
60 61 0.126685
60 62 0.153094
60 63 0.152104
60 64 0.179389
60 65 0.343066
60 66 0.281437
60 67 0.121762
60 68 0.221698
60 69 0.170909
60 70 0.385246
60 71 0.239796
60 72 0.179389
60 73 0.109049
60 74 0.174721
60 75 0.130919
60 76 0.236181
60 77 0.169675
60 78 0.127027
60 79 0.107306
60 80 0.172161
60 81 0.202586
60 82 0.223810
60 83 0.112981
60 84 0.102845
60 85 0.205240
60 86 0.159322
60 87 0.166078
60 88 0.230392
60 89 0.211712
60 90 0.126685
60 91 0.191057
60 92 0.286585
60 93 0.180077
60 94 0.104444
60 95 0.979167
60 96 0.217593
60 97 0.268571
60 98 0.185039
60 99 0.465347
61 62 0.431579
61 63 0.539474
61 64 0.191589
61 65 0.119883
61 66 0.132258
61 67 0.976190
61 68 0.201970
61 69 0.199029
61 70 0.123867
61 71 0.125767
61 72 0.183857
61 73 0.500000
61 74 0.123867
61 75 0.506173
61 76 0.106771
61 77 0.401961
61 78 0.410000
61 79 0.145390
61 80 0.172996
61 81 0.238372
61 82 0.105398
61 83 0.178261
61 84 0.471264
61 85 0.213542
61 86 0.231638
61 87 0.174468
61 88 0.132686
61 89 0.106494
61 90 0.594203
61 91 0.179039
61 92 0.197115
61 93 0.120944
61 94 0.308271
61 95 0.107330
61 96 0.139456
61 97 0.125382
61 98 0.101737
61 99 0.136213
62 63 0.854369
62 64 0.733333
62 65 0.345098
62 66 0.400000
62 67 0.988764
62 68 0.771930
62 69 0.792793
62 70 0.357724
62 71 0.281150
62 72 0.372881
62 73 0.497175
62 74 0.372881
62 75 0.586667
62 76 0.301370
62 77 0.871287
62 78 0.511628
62 79 0.255072
62 80 0.615385
62 81 0.536585
62 82 0.297297
62 83 0.508671
62 84 0.508671
62 85 0.470588
62 86 0.427184
62 87 0.343750
62 88 0.294314
62 89 0.301370
62 90 0.598639
62 91 0.374468
62 92 0.598639
62 93 0.360656
62 94 0.606897
62 95 0.268293
62 96 0.304498
62 97 0.372881
62 98 0.284790
62 99 0.341085
63 64 0.153846
63 65 0.105960
63 66 0.115523
63 67 0.288288
63 68 0.181818
63 69 0.156863
63 70 0.111111
63 71 0.127490
63 72 0.211921
63 73 0.262295
63 74 0.099688
63 75 0.542373
63 76 0.090141
63 77 0.969697
63 78 0.410256
63 79 0.131687
63 80 0.136752
63 81 0.329897
63 82 0.088643
63 83 0.118081
63 84 0.207792
63 85 0.273504
63 86 0.290909
63 87 0.193939
63 88 0.136752
63 89 0.088643
63 90 0.492308
63 91 0.206452
63 92 0.210526
63 93 0.098160
63 94 0.159204
63 95 0.101587
63 96 0.145455
63 97 0.108108
63 98 0.083551
63 99 0.137931
64 65 0.085366
64 66 0.113821
64 67 0.069652
64 68 0.229508
64 69 0.933333
64 70 0.085890
64 71 0.040936
64 72 0.046205
64 73 0.047297
64 74 0.119658
64 75 0.053435
64 76 0.076503
64 77 0.073298
64 78 0.049470
64 79 0.031461
64 80 0.518519
64 81 0.061947
64 82 0.075676
64 83 0.090323
64 84 0.048611
64 85 0.056680
64 86 0.048443
64 87 0.042813
64 88 0.041916
64 89 0.078652
64 90 0.053435
64 91 0.047297
64 92 0.095238
64 93 0.112000
64 94 0.063063
64 95 0.047138
64 96 0.042424
64 97 0.104478
64 98 0.072917
64 99 0.054902
65 66 0.452381
65 67 0.055394
65 68 0.133803
65 69 0.106145
65 70 0.950000
65 71 0.063123
65 72 0.058824
65 73 0.045564
65 74 0.141791
65 75 0.052778
65 76 0.267606
65 77 0.069597
65 78 0.050398
65 79 0.038306
65 80 0.115854
65 81 0.072243
65 82 0.234568
65 83 0.060897
65 84 0.044601
65 85 0.069853
65 86 0.056548
65 87 0.054755
65 88 0.062914
65 89 0.211111
65 90 0.051771
65 91 0.061290
65 92 0.118750
65 93 0.150794
65 94 0.049738
65 95 0.103261
65 96 0.061889
65 97 0.463415
65 98 0.154472
65 99 0.098446
66 67 0.061688
66 68 0.175926
66 69 0.138686
66 70 0.395833
66 71 0.061290
66 72 0.060127
66 73 0.048969
66 74 0.184466
66 75 0.056716
66 76 0.240506
66 77 0.076000
66 78 0.053824
66 79 0.039256
66 80 0.155738
66 81 0.076000
66 82 0.220930
66 83 0.070370
66 84 0.048469
66 85 0.072519
66 86 0.058824
66 87 0.055718
66 88 0.061688
66 89 0.213483
66 90 0.055718
66 91 0.062500
66 92 0.131034
66 93 0.193878
66 94 0.055394
66 95 0.090047
66 96 0.061093
66 97 0.950000
66 98 0.161017
66 99 0.093137
67 68 0.425743
67 69 0.450262
67 70 0.257485
67 71 0.239554
67 72 0.330769
67 73 0.796296
67 74 0.272152
67 75 0.704918
67 76 0.226913
67 77 0.651515
67 78 0.614286
67 79 0.267081
67 80 0.389140
67 81 0.421569
67 82 0.225131
67 83 0.443299
67 84 0.988506
67 85 0.382222
67 86 0.398148
67 87 0.313869
67 88 0.251462
67 89 0.228117
67 90 0.788991
67 91 0.324528
67 92 0.385650
67 93 0.264615
67 94 0.934783
67 95 0.213400
67 96 0.261398
67 97 0.266254
67 98 0.218830
67 99 0.264615
68 69 0.985714
68 70 0.514925
68 71 0.244681
68 72 0.277108
68 73 0.245552
68 74 0.456954
68 75 0.296137
68 76 0.377049
68 77 0.453947
68 78 0.272727
68 79 0.172500
68 80 0.821429
68 81 0.398844
68 82 0.367021
68 83 0.331731
68 84 0.242105
68 85 0.359375
68 86 0.286307
68 87 0.252747
68 88 0.251825
68 89 0.370968
68 90 0.291139
68 91 0.286307
68 92 0.793103
68 93 0.448052
68 94 0.280488
68 95 0.283951
68 96 0.255556
68 97 0.556452
68 98 0.331731
68 99 0.353846
69 70 0.174157
69 71 0.088825
69 72 0.101307
69 73 0.107639
69 74 0.246032
69 75 0.120623
69 76 0.158163
69 77 0.164021
69 78 0.111511
69 79 0.069977
69 80 0.968750
69 81 0.135965
69 82 0.156566
69 83 0.218310
69 84 0.111913
69 85 0.124000
69 86 0.106897
69 87 0.094225
69 88 0.091176
69 89 0.162304
69 90 0.121094
69 91 0.103333
69 92 0.201299
69 93 0.229630
69 94 0.149038
69 95 0.100324
69 96 0.092262
69 97 0.209459
69 98 0.152709
69 99 0.117424
70 71 0.184397
70 72 0.171053
70 73 0.128395
70 74 0.353741
70 75 0.150289
70 76 0.577778
70 77 0.201550
70 78 0.143646
70 79 0.109015
70 80 0.313253
70 81 0.212245
70 82 0.520000
70 83 0.165605
70 84 0.125000
70 85 0.204724
70 86 0.163522
70 87 0.158537
70 88 0.184397
70 89 0.477064
70 90 0.147309
70 91 0.179310
70 92 0.363636
70 93 0.371429
70 94 0.137931
70 95 0.309524
70 96 0.181185
70 97 0.981132
70 98 0.366197
70 99 0.300578
71 72 0.151261
71 73 0.051282
71 74 0.044335
71 75 0.065934
71 76 0.048518
71 77 0.078947
71 78 0.065934
71 79 0.067669
71 80 0.049315
71 81 0.115385
71 82 0.047244
71 83 0.037975
71 84 0.045340
71 85 0.133333
71 86 0.105882
71 87 0.144000
71 88 0.947368
71 89 0.046154
71 90 0.062069
71 91 0.169811
71 92 0.091837
71 93 0.044554
71 94 0.040359
71 95 0.110429
71 96 0.473684
71 97 0.055215
71 98 0.042553
71 99 0.165138
72 73 0.067797
72 74 0.040506
72 75 0.100000
72 76 0.041026
72 77 0.115942
72 78 0.102564
72 79 0.089888
72 80 0.048632
72 81 0.205128
72 82 0.040100
72 83 0.039216
72 84 0.055944
72 85 0.275862
72 86 0.301887
72 87 0.640000
72 88 0.160000
72 89 0.039604
72 90 0.090395
72 91 0.941176
72 92 0.092486
72 93 0.040404
72 94 0.045455
72 95 0.065041
72 96 0.195122
72 97 0.047761
72 98 0.036866
72 99 0.098765
73 74 0.140436
73 75 0.734177
73 76 0.125270
73 77 0.374194
73 78 0.725000
73 79 0.244726
73 80 0.181818
73 81 0.276190
73 82 0.123932
73 83 0.193333
73 84 0.983051
73 85 0.258929
73 86 0.315217
73 87 0.241667
73 88 0.174174
73 89 0.124464
73 90 0.920635
73 91 0.235772
73 92 0.212454
73 93 0.138095
73 94 0.329545
73 95 0.133028
73 96 0.183544
73 97 0.143210
73 98 0.119588
73 99 0.165714
74 75 0.031830
74 76 0.117647
74 77 0.040000
74 78 0.030151
74 79 0.021779
74 80 0.125000
74 81 0.037383
74 82 0.122449
74 83 0.056338
74 84 0.029777
74 85 0.035398
74 86 0.030691
74 87 0.028640
74 88 0.029851
74 89 0.139535
74 90 0.031746
74 91 0.031169
74 92 0.053812
74 93 0.923077
74 94 0.037267
74 95 0.038217
74 96 0.029777
74 97 0.127660
74 98 0.142857
74 99 0.039604
75 76 0.041162
75 77 0.193182
75 78 0.772727
75 79 0.083744
75 80 0.059028
75 81 0.128788
75 82 0.040573
75 83 0.055375
75 84 0.133858
75 85 0.117241
75 86 0.155963
75 87 0.102410
75 88 0.066667
75 89 0.040573
75 90 0.944444
75 91 0.100592
75 92 0.082126
75 93 0.044386
75 94 0.080569
75 95 0.047222
75 96 0.071429
75 97 0.048023
75 98 0.038549
75 99 0.062044
76 77 0.030488
76 78 0.023148
76 79 0.017825
76 80 0.058140
76 81 0.030675
76 82 0.909091
76 83 0.032258
76 84 0.021552
76 85 0.029586
76 86 0.025000
76 87 0.024096
76 88 0.026882
76 89 0.416667
76 90 0.023923
76 91 0.026525
76 92 0.045045
76 93 0.109890
76 94 0.024814
76 95 0.040486
76 96 0.026525
76 97 0.166667
76 98 0.178571
76 99 0.038023
77 78 0.676190
77 79 0.279528
77 80 0.327189
77 81 0.986111
77 82 0.212575
77 83 0.260073
77 84 0.385870
77 85 0.747368
77 86 0.669811
77 87 0.455128
77 88 0.334906
77 89 0.211940
77 90 0.731959
77 91 0.510791
77 92 0.591667
77 93 0.232787
77 94 0.324201
77 95 0.250000
77 96 0.356784
77 97 0.264925
77 98 0.197772
77 99 0.353234
78 79 0.169399
78 80 0.100324
78 81 0.221429
78 82 0.070776
78 83 0.094801
78 84 0.231343
78 85 0.206667
78 86 0.298077
78 87 0.193750
78 88 0.122047
78 89 0.070776
78 90 0.968750
78 91 0.185629
78 92 0.139640
78 93 0.076923
78 94 0.135965
78 95 0.084011
78 96 0.130802
78 97 0.083333
78 98 0.067245
78 99 0.109929
79 80 0.329087
79 81 0.659574
79 82 0.272408
79 83 0.304519
79 84 0.523649
79 85 0.691964
79 86 0.956790
79 87 0.993590
79 88 0.617530
79 89 0.270979
79 90 0.724299
79 91 0.803109
79 92 0.457227
79 93 0.279783
79 94 0.380835
79 95 0.370813
79 96 0.662393
79 97 0.308151
79 98 0.258333
79 99 0.458580
80 81 0.412698
80 82 0.601156
80 83 0.702703
80 84 0.338762
80 85 0.382353
80 86 0.329114
80 87 0.295455
80 88 0.291317
80 89 0.630303
80 90 0.362369
80 91 0.322981
80 92 0.611765
80 93 0.990476
80 94 0.446352
80 95 0.334405
80 96 0.294618
80 97 0.806202
80 98 0.597701
80 99 0.379562
81 82 0.068862
81 83 0.069069
81 84 0.092742
81 85 0.958333
81 86 0.310811
81 87 0.227723
81 88 0.164286
81 89 0.068047
81 90 0.156463
81 91 0.310811
81 92 0.219048
81 93 0.071207
81 94 0.079038
81 95 0.100437
81 96 0.179688
81 97 0.085502
81 98 0.062842
81 99 0.161972
82 83 0.045455
82 84 0.029915
82 85 0.040462
82 86 0.034314
82 87 0.033097
82 88 0.036649
82 89 0.933333
82 90 0.033019
82 91 0.036269
82 92 0.060870
82 93 0.162791
82 94 0.034568
82 95 0.054475
82 96 0.036176
82 97 0.208955
82 98 0.304348
82 99 0.051282
83 84 0.543726
83 85 0.400560
83 86 0.379310
83 87 0.334112
83 88 0.309524
83 89 0.481481
83 90 0.479866
83 91 0.352217
83 92 0.501754
83 93 0.635556
83 94 0.993056
83 95 0.317778
83 96 0.314286
83 97 0.520000
83 98 0.484746
83 99 0.357500
84 85 0.409774
84 86 0.463830
84 87 0.373288
84 88 0.287599
84 89 0.234914
84 90 0.990909
84 91 0.369492
84 92 0.370748
84 93 0.265207
84 94 0.858268
84 95 0.233405
84 96 0.300275
84 97 0.267157
84 98 0.227557
84 99 0.283854
85 86 0.746269
85 87 0.617284
85 88 0.423729
85 89 0.142450
85 90 0.310559
85 91 0.980392
85 92 0.423729
85 93 0.147059
85 94 0.159744
85 95 0.225225
85 96 0.476190
85 97 0.177936
85 98 0.131579
85 99 0.370370
86 87 0.983051
86 88 0.384106
86 89 0.141119
86 90 0.460317
86 91 0.892308
86 92 0.325843
86 93 0.147208
86 94 0.188312
86 95 0.203509
86 96 0.432836
86 97 0.169591
86 98 0.132118
86 99 0.292929
87 88 0.345794
87 89 0.086247
87 90 0.202186
87 91 0.973684
87 92 0.186869
87 93 0.088095
87 94 0.101370
87 95 0.140684
87 96 0.420455
87 97 0.103064
87 98 0.080786
87 99 0.203297
88 89 0.046154
88 90 0.066421
88 91 0.206897
88 92 0.095745
88 93 0.045000
88 94 0.041860
88 95 0.104046
88 96 0.947368
88 97 0.055385
88 98 0.042654
88 99 0.162162
89 90 0.075650
89 91 0.081633
89 92 0.136752
89 93 0.438356
89 94 0.080605
89 95 0.118959
89 96 0.081013
89 97 0.457143
89 98 0.969697
89 99 0.113475
90 91 0.994624
90 92 0.856481
90 93 0.481771
90 94 0.939086
90 95 0.494652
90 96 0.725490
90 97 0.515320
90 98 0.416667
90 99 0.642361
91 92 0.423313
91 93 0.178756
91 94 0.194366
91 95 0.300000
91 96 0.985714
91 97 0.213622
91 98 0.163507
91 99 0.472603
92 93 0.513393
92 94 0.395189
92 95 0.631868
92 96 0.621622
92 97 0.696970
92 98 0.437262
92 99 0.991379
93 94 0.216216
93 95 0.234528
93 96 0.179551
93 97 0.827586
93 98 0.986301
93 99 0.240803
94 95 0.748414
94 96 0.846890
94 97 0.997183
94 98 0.874074
94 99 0.880597
95 96 0.462766
95 97 0.395455
95 98 0.288079
95 99 0.988636
96 97 0.359756
96 98 0.276347
96 99 0.991597
97 98 0.990000
97 99 0.452055
98 99 0.996825
