100 4950
0 1 0.053398
0 2 0.046218
0 3 0.052632
0 4 0.085271
0 5 0.112245
0 6 0.048035
0 7 0.037671
0 8 0.047414
0 9 0.046809
0 10 0.075862
0 11 0.038869
0 12 0.148649
0 13 0.058511
0 14 0.041825
0 15 0.059459
0 16 0.123596
0 17 0.074324
0 18 0.057895
0 19 0.041353
0 20 0.071429
0 21 0.051643
0 22 0.052632
0 23 0.043137
0 24 0.065089
0 25 0.215686
0 26 0.075342
0 27 0.050691
0 28 0.044534
0 29 0.038732
0 30 0.045833
0 31 0.071895
0 32 0.086614
0 33 0.058511
0 34 0.041985
0 35 0.040741
0 36 0.051402
0 37 0.045455
0 38 0.047826
0 39 0.244444
0 40 0.042471
0 41 0.069182
0 42 0.141026
0 43 0.084615
0 44 0.050000
0 45 0.048673
0 46 0.123596
0 47 0.085938
0 48 0.034161
0 49 0.038194
0 50 0.203704
0 51 0.111111
0 52 0.033333
0 53 0.045643
0 54 0.083333
0 55 0.215686
0 56 0.070968
0 57 0.041825
0 58 0.916667
0 59 0.043651
0 60 0.042802
0 61 0.046025
0 62 0.050691
0 63 0.040590
0 64 0.056995
0 65 0.053140
0 66 0.048889
0 67 0.125000
0 68 0.174603
0 69 0.045082
0 70 0.095652
0 71 0.043307
0 72 0.067485
0 73 0.081481
0 74 0.041985
0 75 0.078014
0 76 0.042969
0 77 0.063218
0 78 0.101852
0 79 0.101852
0 80 0.057292
0 81 0.043651
0 82 0.152778
0 83 0.051163
0 84 0.070064
0 85 0.048035
0 86 0.056995
0 87 0.066265
0 88 0.041509
0 89 0.130952
0 90 0.036667
0 91 0.041985
0 92 0.180328
0 93 0.078014
0 94 0.089431
0 95 0.037543
0 96 0.071429
0 97 0.070513
0 98 0.062857
0 99 0.070064
1 2 0.017241
1 3 0.002710
1 4 0.004673
1 5 0.005263
1 6 0.006024
1 7 0.002762
1 8 0.002288
1 9 0.002347
1 10 0.002857
1 11 0.002809
1 12 0.004115
1 13 0.003311
1 14 0.002778
1 15 0.002618
1 16 0.004255
1 17 0.005714
1 18 0.006289
1 19 0.002155
1 20 0.004630
1 21 0.010989
1 22 0.004149
1 23 0.002299
1 24 0.003003
1 25 0.006410
1 26 0.004367
1 27 0.002959
1 28 0.010870
1 29 0.002857
1 30 0.002415
1 31 0.002793
1 32 0.003546
1 33 0.007194
1 34 0.003597
1 35 0.007937
1 36 0.002427
1 37 0.002874
1 38 0.003597
1 39 0.006173
1 40 0.002915
1 41 0.006369
1 42 0.003663
1 43 0.010870
1 44 0.005650
1 45 0.004386
1 46 0.003650
1 47 0.003115
1 48 0.001901
1 49 0.002681
1 50 0.003922
1 51 0.003546
1 52 0.001880
1 53 0.002545
1 54 0.005556
1 55 0.003906
1 56 0.012195
1 57 0.002132
1 58 0.005051
1 59 0.002933
1 60 0.005714
1 61 0.002924
1 62 0.058824
1 63 0.003040
1 64 0.015625
1 65 0.500000
1 66 0.003484
1 67 0.003413
1 68 0.005263
1 69 0.026316
1 70 0.009259
1 71 0.002747
1 72 0.002924
1 73 0.004367
1 74 0.003356
1 75 0.005405
1 76 0.005102
1 77 0.002809
1 78 0.005780
1 79 0.004444
1 80 0.003731
1 81 0.003145
1 82 0.005747
1 83 0.007937
1 84 0.007463
1 85 0.002315
1 86 0.002551
1 87 0.024390
1 88 0.006944
1 89 0.004651
1 90 0.009901
1 91 0.002146
1 92 0.004854
1 93 0.002959
1 94 0.003378
1 95 0.003497
1 96 0.007812
1 97 0.006410
1 98 0.002725
1 99 0.002786
2 3 0.086124
2 4 0.134831
2 5 0.150000
2 6 0.279070
2 7 0.085919
2 8 0.077419
2 9 0.081633
2 10 0.094488
2 11 0.087167
2 12 0.138462
2 13 0.101408
2 14 0.086538
2 15 0.085511
2 16 0.145161
2 17 0.155844
2 18 0.264706
2 19 0.074534
2 20 0.172249
2 21 0.642857
2 22 0.162896
2 23 0.080899
2 24 0.094737
2 25 0.188482
2 26 0.160000
2 27 0.092072
2 28 0.972973
2 29 0.088452
2 30 0.085308
2 31 0.093264
2 32 0.123288
2 33 0.182741
2 34 0.144578
2 35 0.514286
2 36 0.080000
2 37 0.106509
2 38 0.107143
2 39 0.183673
2 40 0.090000
2 41 0.248276
2 42 0.121212
2 43 0.327273
2 44 0.248276
2 45 0.126316
2 46 0.122867
2 47 0.105882
2 48 0.065336
2 49 0.101695
2 50 0.124138
2 51 0.111111
2 52 0.064865
2 53 0.081081
2 54 0.202247
2 55 0.126316
2 56 0.262774
2 57 0.072000
2 58 0.157205
2 59 0.090680
2 60 0.274809
2 61 0.090680
2 62 0.837209
2 63 0.117264
2 64 0.720000
2 65 0.610169
2 66 0.133829
2 67 0.110769
2 68 0.153191
2 69 0.692308
2 70 0.229299
2 71 0.101983
2 72 0.093264
2 73 0.157895
2 74 0.132353
2 75 0.200000
2 76 0.232258
2 77 0.097297
2 78 0.160000
2 79 0.130909
2 80 0.111111
2 81 0.096000
2 82 0.188482
2 83 0.197802
2 84 0.188482
2 85 0.079121
2 86 0.083721
2 87 0.423529
2 88 0.391304
2 89 0.157895
2 90 0.318584
2 91 0.073469
2 92 0.160714
2 93 0.100279
2 94 0.116129
2 95 0.144000
2 96 0.194595
2 97 0.169811
2 98 0.093750
2 99 0.091139
3 4 0.204969
3 5 0.183333
3 6 0.075688
3 7 0.197605
3 8 0.152778
3 9 0.110738
3 10 0.197605
3 11 0.208861
3 12 0.128405
3 13 0.366667
3 14 0.279661
3 15 0.317308
3 16 0.117438
3 17 0.158654
3 18 0.082915
3 19 0.112245
3 20 0.092179
3 21 0.080882
3 22 0.079903
3 23 0.097345
3 24 0.804878
3 25 0.137500
3 26 0.095101
3 27 0.445946
3 28 0.075688
3 29 0.197605
3 30 0.096774
3 31 0.171875
3 32 0.112245
3 33 0.123134
3 34 0.070815
3 35 0.070968
3 36 0.275000
3 37 0.079903
3 38 0.189655
3 39 0.139241
3 40 0.246269
3 41 0.089918
3 42 0.148649
3 43 0.102167
3 44 0.077103
3 45 0.146667
3 46 0.135802
3 47 0.137500
3 48 0.113014
3 49 0.070968
3 50 0.201220
3 51 0.292035
3 52 0.105769
3 53 0.970588
3 54 0.097059
3 55 0.170103
3 56 0.113402
3 57 0.158654
3 58 0.150000
3 59 0.261905
3 60 0.071274
3 61 0.320388
3 62 0.085938
3 63 0.071584
3 64 0.086387
3 65 0.089431
3 66 0.078571
3 67 0.202454
3 68 0.178378
3 69 0.081886
3 70 0.125954
3 71 0.078571
3 72 0.578947
3 73 0.098507
3 74 0.071584
3 75 0.094556
3 76 0.071121
3 77 0.117021
3 78 0.167513
3 79 0.229167
3 80 0.234043
3 81 0.211538
3 82 0.117438
3 83 0.109272
3 84 0.131474
3 85 0.134694
3 86 0.279661
3 87 0.098802
3 88 0.070968
3 89 0.116197
3 90 0.075171
3 91 0.127907
3 92 0.124528
3 93 0.141631
3 94 0.121324
3 95 0.066132
3 96 0.129921
3 97 0.142857
3 98 0.126923
3 99 0.248120
4 5 0.805556
4 6 0.092652
4 7 0.168605
4 8 0.097315
4 9 0.086053
4 10 0.135514
4 11 0.176829
4 12 0.143564
4 13 0.325843
4 14 0.187097
4 15 0.140777
4 16 0.133641
4 17 0.580000
4 18 0.103203
4 19 0.081232
4 20 0.107011
4 21 0.108209
4 22 0.089506
4 23 0.079019
4 24 0.221374
4 25 0.235772
4 26 0.108209
4 27 0.232000
4 28 0.100000
4 29 0.179012
4 30 0.081461
4 31 0.123932
4 32 0.114173
4 33 0.263636
4 34 0.076923
4 35 0.090062
4 36 0.123404
4 37 0.078378
4 38 0.284314
4 39 0.232000
4 40 0.201389
4 41 0.114173
4 42 0.149485
4 43 0.154255
4 44 0.093248
4 45 0.278846
4 46 0.137441
4 47 0.121339
4 48 0.074359
4 49 0.069712
4 50 0.224806
4 51 0.256637
4 52 0.071782
4 53 0.159341
4 54 0.120332
4 55 0.183544
4 56 0.218045
4 57 0.092357
4 58 0.216418
4 59 0.208633
4 60 0.086053
4 61 0.218045
4 62 0.126087
4 63 0.073418
4 64 0.121849
4 65 0.135514
4 66 0.083333
4 67 0.175758
4 68 0.426471
4 69 0.117886
4 70 0.258929
4 71 0.075916
4 72 0.193333
4 73 0.112403
4 74 0.076115
4 75 0.116000
4 76 0.084058
4 77 0.100694
4 78 0.659091
4 79 0.966667
4 80 0.426471
4 81 0.224806
4 82 0.158470
4 83 0.200000
4 84 0.322222
4 85 0.093248
4 86 0.131818
4 87 0.158470
4 88 0.088146
4 89 0.138756
4 90 0.104317
4 91 0.085799
4 92 0.155914
4 93 0.117886
4 94 0.117886
4 95 0.071960
4 96 0.308511
4 97 0.402778
4 98 0.103203
4 99 0.143564
5 6 0.068100
5 7 0.091346
5 8 0.065517
5 9 0.059748
5 10 0.094059
5 11 0.095477
5 12 0.111111
5 13 0.159664
5 14 0.100529
5 15 0.091787
5 16 0.102703
5 17 0.345455
5 18 0.077236
5 19 0.055556
5 20 0.080508
5 21 0.080508
5 22 0.065972
5 23 0.055072
5 24 0.131034
5 25 0.215909
5 26 0.081545
5 27 0.122581
5 28 0.072797
5 29 0.095960
5 30 0.057057
5 31 0.086364
5 32 0.084821
5 33 0.174312
5 34 0.055718
5 35 0.065068
5 36 0.079832
5 37 0.056213
5 38 0.139706
5 39 0.211111
5 40 0.106145
5 41 0.086758
5 42 0.112426
5 43 0.122581
5 44 0.068841
5 45 0.148438
5 46 0.103261
5 47 0.087963
5 48 0.049738
5 49 0.049608
5 50 0.174312
5 51 0.177570
5 52 0.048223
5 53 0.093137
5 54 0.092233
5 55 0.141791
5 56 0.168142
5 57 0.061290
5 58 0.186275
5 59 0.109195
5 60 0.062500
5 61 0.113772
5 62 0.092683
5 63 0.052778
5 64 0.091346
5 65 0.100000
5 66 0.060703
5 67 0.127517
5 68 0.527778
5 69 0.084821
5 70 0.226190
5 71 0.054286
5 72 0.120253
5 73 0.084821
5 74 0.054913
5 75 0.088372
5 76 0.061093
5 77 0.071698
5 78 0.950000
5 79 0.527778
5 80 0.182692
5 81 0.115152
5 82 0.128378
5 83 0.133803
5 84 0.231707
5 85 0.063758
5 86 0.086364
5 87 0.121795
5 88 0.063973
5 89 0.107955
5 90 0.071970
5 91 0.058104
5 92 0.124183
5 93 0.084444
5 94 0.086758
5 95 0.051630
5 96 0.228916
5 97 0.271429
5 98 0.073077
5 99 0.096939
6 7 0.039337
6 8 0.045238
6 9 0.051351
6 10 0.054441
6 11 0.040000
6 12 0.090047
6 13 0.047980
6 14 0.040685
6 15 0.046683
6 16 0.100529
6 17 0.064407
6 18 0.475000
6 19 0.045673
6 20 0.162393
6 21 0.250000
6 22 0.184466
6 23 0.052486
6 24 0.048101
6 25 0.095477
6 26 0.138686
6 27 0.044186
6 28 0.191919
6 29 0.040254
6 30 0.056548
6 31 0.055072
6 32 0.086364
6 33 0.066901
6 34 0.157025
6 35 0.215909
6 36 0.043880
6 37 0.084071
6 38 0.047146
6 39 0.095000
6 40 0.041667
6 41 0.263889
6 42 0.074510
6 43 0.150794
6 44 0.950000
6 45 0.051771
6 46 0.078189
6 47 0.066667
6 48 0.038384
6 49 0.081545
6 50 0.067857
6 51 0.058282
6 52 0.038462
6 53 0.040773
6 54 0.177570
6 55 0.073077
6 56 0.088372
6 57 0.041215
6 58 0.087156
6 59 0.042035
6 60 0.633333
6 61 0.042697
6 62 0.121019
6 63 0.103825
6 64 0.184466
6 65 0.113772
6 66 0.125828
6 67 0.062914
6 68 0.073643
6 69 0.106742
6 70 0.090909
6 71 0.078838
6 72 0.048593
6 73 0.130137
6 74 0.130137
6 75 0.186275
6 76 0.558824
6 77 0.063333
6 78 0.070111
6 79 0.061489
6 80 0.050000
6 81 0.043280
6 82 0.119497
6 83 0.067138
6 84 0.071698
6 85 0.047500
6 86 0.046117
6 87 0.119497
6 88 0.301587
6 89 0.109195
6 90 0.078838
6 91 0.043678
6 92 0.103825
6 93 0.062092
6 94 0.077551
6 95 0.155738
6 96 0.073359
6 97 0.067138
6 98 0.059190
6 99 0.050938
7 8 0.023684
7 9 0.019912
7 10 0.028302
7 11 0.900000
7 12 0.024931
7 13 0.081081
7 14 0.180000
7 15 0.033582
7 16 0.023684
7 17 0.047120
7 18 0.019912
7 19 0.019737
7 20 0.020408
7 21 0.020882
7 22 0.018182
7 23 0.018367
7 24 0.050279
7 25 0.030612
7 26 0.020642
7 27 0.091837
7 28 0.020089
7 29 0.692308
7 30 0.018480
7 31 0.026239
7 32 0.022005
7 33 0.039823
7 34 0.016423
7 35 0.018711
7 36 0.031469
7 37 0.016981
7 38 0.107143
7 39 0.030405
7 40 0.243243
7 41 0.021127
7 42 0.026471
7 43 0.025210
7 44 0.018672
7 45 0.063380
7 46 0.025000
7 47 0.024064
7 48 0.019651
7 49 0.015571
7 50 0.033210
7 51 0.039474
7 52 0.018828
7 53 0.058442
7 54 0.021845
7 55 0.029508
7 56 0.031802
7 57 0.024064
7 58 0.030100
7 59 0.200000
7 60 0.017787
7 61 0.134328
7 62 0.023810
7 63 0.016014
7 64 0.022500
7 65 0.024931
7 66 0.017442
7 67 0.030822
7 68 0.037975
7 69 0.023316
7 70 0.032609
7 71 0.016667
7 72 0.043062
7 73 0.021127
7 74 0.016334
7 75 0.021327
7 76 0.017442
7 77 0.021327
7 78 0.042453
7 79 0.048649
7 80 0.085714
7 81 0.200000
7 82 0.025424
7 83 0.035857
7 84 0.039301
7 85 0.022167
7 86 0.031802
7 87 0.026471
7 88 0.018293
7 89 0.024000
7 90 0.022727
7 91 0.021277
7 92 0.025496
7 93 0.024064
7 94 0.022785
7 95 0.015652
7 96 0.038298
7 97 0.043269
7 98 0.022167
7 99 0.031142
8 9 0.365385
8 10 0.422222
8 11 0.102426
8 12 0.180095
8 13 0.134752
8 14 0.114458
8 15 0.336283
8 16 0.164502
8 17 0.111111
8 18 0.099738
8 19 0.463415
8 20 0.123779
8 21 0.088372
8 22 0.108571
8 23 0.255034
8 24 0.186275
8 25 0.134752
8 26 0.131944
8 27 0.134276
8 28 0.081370
8 29 0.100264
8 30 0.234568
8 31 0.475000
8 32 0.184466
8 33 0.095477
8 34 0.097187
8 35 0.078512
8 36 0.380000
8 37 0.132867
8 38 0.104110
8 39 0.137681
8 40 0.110145
8 41 0.108262
8 42 0.223529
8 43 0.107042
8 44 0.094059
8 45 0.095718
8 46 0.213483
8 47 0.281481
8 48 0.408602
8 49 0.113095
8 50 0.202128
8 51 0.204301
8 52 0.358491
8 53 0.158996
8 54 0.121406
8 55 0.208791
8 56 0.099217
8 57 0.826087
8 58 0.158333
8 59 0.112760
8 60 0.084633
8 61 0.121019
8 62 0.085011
8 63 0.106742
8 64 0.091127
8 65 0.086758
8 66 0.114804
8 67 0.258503
8 68 0.142857
8 69 0.080000
8 70 0.110787
8 71 0.132867
8 72 0.219653
8 73 0.137184
8 74 0.101604
8 75 0.119497
8 76 0.086957
8 77 0.275362
8 78 0.122977
8 79 0.140741
8 80 0.117647
8 81 0.105263
8 82 0.137681
8 83 0.088167
8 84 0.102703
8 85 0.974359
8 86 0.387755
8 87 0.095718
8 88 0.080508
8 89 0.153226
8 90 0.071429
8 91 0.863636
8 92 0.155102
8 93 0.330435
8 94 0.213483
8 95 0.088785
8 96 0.102981
8 97 0.105850
8 98 0.345455
8 99 0.387755
9 10 0.325926
9 11 0.099323
9 12 0.239130
9 13 0.127168
9 14 0.108108
9 15 0.223350
9 16 0.226804
9 17 0.117962
9 18 0.131343
9 19 0.897959
9 20 0.173913
9 21 0.110553
9 22 0.154930
9 23 0.977778
9 24 0.160000
9 25 0.156584
9 26 0.188841
9 27 0.123944
9 28 0.101149
9 29 0.097996
9 30 0.733333
9 31 0.400000
9 32 0.287582
9 33 0.104513
9 34 0.139241
9 35 0.098876
9 36 0.225641
9 37 0.223350
9 38 0.104513
9 39 0.160584
9 40 0.105769
9 41 0.142395
9 42 0.278481
9 43 0.130952
9 44 0.125000
9 45 0.100000
9 46 0.287582
9 47 0.407407
9 48 0.325926
9 49 0.181818
9 50 0.209524
9 51 0.188841
9 52 0.343750
9 53 0.134969
9 54 0.162362
9 55 0.235294
9 56 0.113402
9 57 0.301370
9 58 0.184100
9 59 0.107843
9 60 0.110831
9 61 0.113990
9 62 0.101617
9 63 0.162963
9 64 0.112245
9 65 0.103044
9 66 0.173228
9 67 0.254335
9 68 0.153310
9 69 0.095238
9 70 0.126437
9 71 0.227979
9 72 0.178862
9 73 0.195556
9 74 0.149660
9 75 0.161765
9 76 0.115486
9 77 0.611111
9 78 0.131737
9 79 0.142395
9 80 0.116402
9 81 0.103286
9 82 0.173913
9 83 0.097996
9 84 0.112821
9 85 0.666667
9 86 0.236559
9 87 0.113695
9 88 0.102804
9 89 0.205607
9 90 0.083810
9 91 0.517647
9 92 0.199095
9 93 0.468085
9 94 0.333333
9 95 0.125000
9 96 0.113402
9 97 0.114286
9 98 0.721311
9 99 0.265060
10 11 0.077670
10 12 0.172662
10 13 0.113208
10 14 0.087912
10 15 0.311688
10 16 0.148148
10 17 0.094118
10 18 0.077670
10 19 0.165517
10 20 0.098361
10 21 0.068571
10 22 0.082192
10 23 0.137931
10 24 0.169014
10 25 0.123077
10 26 0.105727
10 27 0.108597
10 28 0.062176
10 29 0.076190
10 30 0.137931
10 31 0.960000
10 32 0.157895
10 33 0.077419
10 34 0.070588
10 35 0.059259
10 36 0.258065
10 37 0.092664
10 38 0.082759
10 39 0.126984
10 40 0.085106
10 41 0.086331
10 42 0.255319
10 43 0.088561
10 44 0.071642
10 45 0.076190
10 46 0.218182
10 47 0.289157
10 48 0.132597
10 49 0.077170
10 50 0.242424
10 51 0.233010
10 52 0.124352
10 53 0.121212
10 54 0.099174
10 55 0.250000
10 56 0.081633
10 57 0.201681
10 58 0.155844
10 59 0.087591
10 60 0.063492
10 61 0.095238
10 62 0.066482
10 63 0.075235
10 64 0.071856
10 65 0.068376
10 66 0.084507
10 67 0.413793
10 68 0.135593
10 69 0.061856
10 70 0.094488
10 71 0.090909
10 72 0.212389
10 73 0.111628
10 74 0.073171
10 75 0.096774
10 76 0.064865
10 77 0.205128
10 78 0.108597
10 79 0.129730
10 80 0.097166
10 81 0.082192
10 82 0.121827
10 83 0.070175
10 84 0.085409
10 85 0.244898
10 86 0.324324
10 87 0.077419
10 88 0.060606
10 89 0.136364
10 90 0.054176
10 91 0.190476
10 92 0.143713
10 93 0.342857
10 94 0.192000
10 95 0.063830
10 96 0.085714
10 97 0.088235
10 98 0.255319
10 99 0.648649
11 12 0.031339
11 13 0.108911
11 14 0.261905
11 15 0.042471
11 16 0.029730
11 17 0.059783
11 18 0.024775
11 19 0.024609
11 20 0.025463
11 21 0.025943
11 22 0.022634
11 23 0.022869
11 24 0.065089
11 25 0.038462
11 26 0.025761
11 27 0.123596
11 28 0.024943
11 29 0.916667
11 30 0.023061
11 31 0.033033
11 32 0.027500
11 33 0.050000
11 34 0.020408
11 35 0.023158
11 36 0.039711
11 37 0.021154
11 38 0.141026
11 39 0.038328
11 40 0.407407
11 41 0.026379
11 42 0.033233
11 43 0.031519
11 44 0.023207
11 45 0.079710
11 46 0.031339
11 47 0.030137
11 48 0.024444
11 49 0.019332
11 50 0.042146
11 51 0.050459
11 52 0.023454
11 53 0.075342
11 54 0.027228
11 55 0.037288
11 56 0.039855
11 57 0.030055
11 58 0.037931
11 59 0.314286
11 60 0.022088
11 61 0.189655
11 62 0.029570
11 63 0.019892
11 64 0.027990
11 65 0.030986
11 66 0.021739
11 67 0.039007
11 68 0.048246
11 69 0.028947
11 70 0.041045
11 71 0.020716
11 72 0.055000
11 73 0.026379
11 74 0.020295
11 75 0.026634
11 76 0.021696
11 77 0.026634
11 78 0.053922
11 79 0.062500
11 80 0.114583
11 81 0.289474
11 82 0.031884
11 83 0.044534
11 84 0.049550
11 85 0.027708
11 86 0.040146
11 87 0.033033
11 88 0.022680
11 89 0.030055
11 90 0.028061
11 91 0.026570
11 92 0.032070
11 93 0.030220
11 94 0.028571
11 95 0.019435
11 96 0.048246
11 97 0.054726
11 98 0.027778
11 99 0.039286
12 13 0.094862
12 14 0.073171
12 15 0.118227
12 16 0.960000
12 17 0.109091
12 18 0.139535
12 19 0.107623
12 20 0.224299
12 21 0.108597
12 22 0.150000
12 23 0.123077
12 24 0.110092
12 25 0.226415
12 26 0.258065
12 27 0.086022
12 28 0.093023
12 29 0.067989
12 30 0.136364
12 31 0.177778
12 32 0.452830
12 33 0.093750
12 34 0.113744
12 35 0.087912
12 36 0.105727
12 37 0.141176
12 38 0.079470
12 39 0.242424
12 40 0.073620
12 41 0.170213
12 42 0.533333
12 43 0.156863
12 44 0.121827
12 45 0.080268
12 46 0.705882
12 47 0.296296
12 48 0.081911
12 49 0.110092
12 50 0.252632
12 51 0.164384
12 52 0.081081
12 53 0.082759
12 54 0.230769
12 55 0.380952
12 56 0.113744
12 57 0.095618
12 58 0.338028
12 59 0.075235
12 60 0.100000
12 61 0.078947
12 62 0.096000
12 63 0.115942
12 64 0.113744
12 65 0.098765
12 66 0.146341
12 67 0.242424
12 68 0.176471
12 69 0.086022
12 70 0.138728
12 71 0.132597
12 72 0.118227
12 73 0.300000
12 74 0.117073
12 75 0.218182
12 76 0.103448
12 77 0.208696
12 78 0.132597
12 79 0.133333
12 80 0.091255
12 81 0.074303
12 82 0.342857
12 83 0.086022
12 84 0.106667
12 85 0.121827
12 86 0.116505
12 87 0.117647
12 88 0.091954
12 89 0.631579
12 90 0.070175
12 91 0.103448
12 92 0.631579
12 93 0.240000
12 94 0.428571
12 95 0.097561
12 96 0.108597
12 97 0.106195
12 98 0.192000
12 99 0.144578
13 14 0.473684
13 15 0.208092
13 16 0.131387
13 17 0.276923
13 18 0.099448
13 19 0.101695
13 20 0.105882
13 21 0.101408
13 22 0.091139
13 23 0.093995
13 24 0.450000
13 25 0.180000
13 26 0.108108
13 27 0.972973
13 28 0.095238
13 29 0.342857
13 30 0.095238
13 31 0.152542
13 32 0.120000
13 33 0.194595
13 34 0.080357
13 35 0.087805
13 36 0.182741
13 37 0.085308
13 38 0.418605
13 39 0.180000
13 40 0.486486
13 41 0.108108
13 42 0.155844
13 43 0.131387
13 44 0.091837
13 45 0.266667
13 46 0.143426
13 47 0.135849
13 48 0.098093
13 49 0.076433
13 50 0.223602
13 51 0.305085
13 52 0.093750
13 53 0.356436
13 54 0.114286
13 55 0.183673
13 56 0.162896
13 57 0.126761
13 58 0.183673
13 59 0.537313
13 60 0.085511
13 61 0.692308
13 62 0.113208
13 63 0.078775
13 64 0.110429
13 65 0.119205
13 66 0.087379
13 67 0.197802
13 68 0.257143
13 69 0.108108
13 70 0.180000
13 71 0.083527
13 72 0.324324
13 73 0.111801
13 74 0.080178
13 75 0.111111
13 76 0.084112
13 77 0.115016
13 78 0.274809
13 79 0.413793
13 80 0.705882
13 81 0.444444
13 82 0.141732
13 83 0.164384
13 84 0.208092
13 85 0.118033
13 86 0.191489
13 87 0.132841
13 88 0.086747
13 89 0.132841
13 90 0.100000
13 91 0.110769
13 92 0.145161
13 93 0.135849
13 94 0.126316
13 95 0.075314
13 96 0.202247
13 97 0.236842
13 98 0.121212
13 99 0.192513
14 15 0.091324
14 16 0.057471
14 17 0.108108
14 18 0.046083
14 19 0.048900
14 20 0.048193
14 21 0.047393
14 22 0.042644
14 23 0.044843
14 24 0.151515
14 25 0.073260
14 26 0.049020
14 27 0.377358
14 28 0.045249
14 29 0.377358
14 30 0.045045
14 31 0.067114
14 32 0.053476
14 33 0.086580
14 34 0.038241
14 35 0.042105
14 36 0.084388
14 37 0.040404
14 38 0.212766
14 39 0.073260
14 40 0.833333
14 41 0.049261
14 42 0.066007
14 43 0.058309
14 44 0.043103
14 45 0.127389
14 46 0.061728
14 47 0.059880
14 48 0.048900
14 49 0.036697
14 50 0.085106
14 51 0.106383
14 52 0.046620
14 53 0.190476
14 54 0.051414
14 55 0.074349
14 56 0.071685
14 57 0.061538
14 58 0.073801
14 59 0.952381
14 60 0.040650
14 61 0.800000
14 62 0.053191
14 63 0.037594
14 64 0.051020
14 65 0.055556
14 66 0.041068
14 67 0.079365
14 68 0.093897
14 69 0.051546
14 70 0.075472
14 71 0.039604
14 72 0.123457
14 73 0.050378
14 74 0.038168
14 75 0.050251
14 76 0.040080
14 77 0.052493
14 78 0.101010
14 79 0.125000
14 80 0.215054
14 81 0.350877
14 82 0.060790
14 83 0.076628
14 84 0.088106
14 85 0.055710
14 86 0.085470
14 87 0.059880
14 88 0.041408
14 89 0.057803
14 90 0.049261
14 91 0.053333
14 92 0.061728
14 93 0.060241
14 94 0.056022
14 95 0.036232
14 96 0.085837
14 97 0.097561
14 98 0.055096
14 99 0.082305
15 16 0.065789
15 17 0.059055
15 18 0.040761
15 19 0.078534
15 20 0.048387
15 21 0.037783
15 22 0.041436
15 23 0.062500
15 24 0.161290
15 25 0.065217
15 26 0.050847
15 27 0.087719
15 28 0.034803
15 29 0.056180
15 30 0.061475
15 31 0.153061
15 32 0.066667
15 33 0.047923
15 34 0.036496
15 35 0.033040
15 36 0.483871
15 37 0.044643
15 38 0.058140
15 39 0.066372
15 40 0.064378
15 41 0.044643
15 42 0.093750
15 43 0.047771
15 44 0.037879
15 45 0.050676
15 46 0.083799
15 47 0.094340
15 48 0.076923
15 49 0.038660
15 50 0.113636
15 51 0.147059
15 52 0.070755
15 53 0.115385
15 54 0.049505
15 55 0.101351
15 56 0.047771
15 57 0.133929
15 58 0.076531
15 59 0.066667
15 60 0.034404
15 61 0.074257
15 62 0.037975
15 63 0.038071
15 64 0.039788
15 65 0.039267
15 66 0.041899
15 67 0.141509
15 68 0.077320
15 69 0.035800
15 70 0.054152
15 71 0.044118
15 72 0.238095
15 73 0.053191
15 74 0.037406
15 75 0.048387
15 76 0.034722
15 77 0.077720
15 78 0.066079
15 79 0.083799
15 80 0.069124
15 81 0.060000
15 82 0.060000
15 83 0.043103
15 84 0.052083
15 85 0.105634
15 86 0.937500
15 87 0.043860
15 88 0.033408
15 89 0.063025
15 90 0.032120
15 91 0.096154
15 92 0.066667
15 93 0.102740
15 94 0.075377
15 95 0.033557
15 96 0.051903
15 97 0.054745
15 98 0.089820
15 99 0.365854
16 17 0.086580
16 18 0.132450
16 19 0.084388
16 20 0.240964
16 21 0.097561
16 22 0.148148
16 23 0.100000
16 24 0.082645
16 25 0.180180
16 26 0.294118
16 27 0.066445
16 28 0.082645
16 29 0.053763
16 30 0.111732
16 31 0.128205
16 32 0.408163
16 33 0.076336
16 34 0.106952
16 35 0.078125
16 36 0.079681
16 37 0.129870
16 38 0.062893
16 39 0.190476
16 40 0.057803
16 41 0.165289
16 42 0.289855
16 43 0.138889
16 44 0.114286
16 45 0.064309
16 46 0.370370
16 47 0.204082
16 48 0.064516
16 49 0.100503
16 50 0.169492
16 51 0.118343
16 52 0.064309
16 53 0.063694
16 54 0.240964
16 55 0.229885
16 56 0.094340
16 57 0.073529
16 58 0.238095
16 59 0.058997
16 60 0.091324
16 61 0.061728
16 62 0.082988
16 63 0.108108
16 64 0.101010
16 65 0.084746
16 66 0.142857
16 67 0.161290
16 68 0.133333
16 69 0.074074
16 70 0.113636
16 71 0.120482
16 72 0.087719
16 73 0.357143
16 74 0.110497
16 75 0.227273
16 76 0.095694
16 77 0.162602
16 78 0.104167
16 79 0.101523
16 80 0.071429
16 81 0.058651
16 82 0.322581
16 83 0.070671
16 84 0.086580
16 85 0.093458
16 86 0.086957
16 87 0.101010
16 88 0.082645
16 89 0.952381
16 90 0.059701
16 91 0.080321
16 92 0.555556
16 93 0.169492
16 94 0.317460
16 95 0.090498
16 96 0.088106
16 97 0.085106
16 98 0.144928
16 99 0.105263
17 18 0.082397
17 19 0.055556
17 20 0.080882
17 21 0.091286
17 22 0.068536
17 23 0.055138
17 24 0.122222
17 25 0.177419
17 26 0.080882
17 27 0.133333
17 28 0.085271
17 29 0.122222
17 30 0.056995
17 31 0.080586
17 32 0.080586
17 33 0.360656
17 34 0.059140
17 35 0.075601
17 36 0.077465
17 37 0.057441
17 38 0.201835
17 39 0.170543
17 40 0.130178
17 41 0.090164
17 42 0.099099
17 43 0.130178
17 44 0.074324
17 45 0.271605
17 46 0.093220
17 47 0.081481
17 48 0.050691
17 49 0.051765
17 50 0.134969
17 51 0.140127
17 52 0.049217
17 53 0.096491
17 54 0.092437
17 55 0.117647
17 56 0.231579
17 57 0.061111
17 58 0.146667
17 59 0.131737
17 60 0.069620
17 61 0.131737
17 62 0.114583
17 63 0.055138
17 64 0.104762
17 65 0.125714
17 66 0.062678
17 67 0.108374
17 68 0.250000
17 69 0.107317
17 70 0.255814
17 71 0.055556
17 72 0.110553
17 73 0.083333
17 74 0.057743
17 75 0.089069
17 76 0.067073
17 77 0.069182
17 78 0.536585
17 79 0.293333
17 80 0.236559
17 81 0.149660
17 82 0.118280
17 83 0.229167
17 84 0.500000
17 85 0.062500
17 86 0.082090
17 87 0.146667
17 88 0.072848
17 89 0.100000
17 90 0.094828
17 91 0.057743
17 92 0.111111
17 93 0.078853
17 94 0.081481
17 95 0.055696
17 96 0.448980
17 97 0.956522
17 98 0.070064
17 99 0.089069
18 19 0.078947
18 20 0.361446
18 21 0.370370
18 22 0.352941
18 23 0.091185
18 24 0.083799
18 25 0.184049
18 26 0.291262
18 27 0.075758
18 28 0.265487
18 29 0.067873
18 30 0.098684
18 31 0.098039
18 32 0.163934
18 33 0.114068
18 34 0.250000
18 35 0.263158
18 36 0.076142
18 37 0.147059
18 38 0.080000
18 39 0.182927
18 40 0.070755
18 41 0.909091
18 42 0.138889
18 43 0.300000
18 44 0.967742
18 45 0.087719
18 46 0.147059
18 47 0.121457
18 48 0.065502
18 49 0.136986
18 50 0.124481
18 51 0.104167
18 52 0.065646
18 53 0.069767
18 54 0.434783
18 55 0.135747
18 56 0.154639
18 57 0.071090
18 58 0.166667
18 59 0.071429
18 60 0.434783
18 61 0.072993
18 62 0.194805
18 63 0.173410
18 64 0.309278
18 65 0.187500
18 66 0.225564
18 67 0.114068
18 68 0.134529
18 69 0.166667
18 70 0.164835
18 71 0.136986
18 72 0.084986
18 73 0.272727
18 74 0.215827
18 75 0.468750
18 76 0.447761
18 77 0.113636
18 78 0.125000
18 79 0.109091
18 80 0.086207
18 81 0.073350
18 82 0.250000
18 83 0.112782
18 84 0.124481
18 85 0.082645
18 86 0.080429
18 87 0.209790
18 88 0.319149
18 89 0.222222
18 90 0.121951
18 91 0.075567
18 92 0.208333
18 93 0.112360
18 94 0.144231
18 95 0.225564
18 96 0.127660
18 97 0.116732
18 98 0.105634
18 99 0.090090
19 20 0.153333
19 21 0.104308
19 22 0.138554
19 23 0.560976
19 24 0.165468
19 25 0.146032
19 26 0.164286
19 27 0.128492
19 28 0.096234
19 29 0.101322
19 30 0.442308
19 31 0.370968
19 32 0.232323
19 33 0.102908
19 34 0.126374
19 35 0.093878
19 36 0.252747
19 37 0.188525
19 38 0.106236
19 39 0.149351
19 40 0.109524
19 41 0.129944
19 42 0.239583
19 43 0.122340
19 44 0.115288
19 45 0.100437
19 46 0.240838
19 47 0.319444
19 48 0.528736
19 49 0.159722
19 50 0.196581
19 51 0.186235
19 52 0.575000
19 53 0.144201
19 54 0.146032
19 55 0.211982
19 56 0.109264
19 57 0.403509
19 58 0.169118
19 59 0.111650
19 60 0.103604
19 61 0.118252
19 62 0.097458
19 63 0.144654
19 64 0.106236
19 65 0.098925
19 66 0.152318
19 67 0.237113
19 68 0.146965
19 69 0.091816
19 70 0.121053
19 71 0.191667
19 72 0.186235
19 73 0.169742
19 74 0.134111
19 75 0.144654
19 76 0.107477
19 77 0.393162
19 78 0.128134
19 79 0.140244
19 80 0.117949
19 81 0.105991
19 82 0.156997
19 83 0.096234
19 84 0.110312
19 85 0.920000
19 86 0.258427
19 87 0.108491
19 88 0.097046
19 89 0.179688
19 90 0.081851
19 91 0.978723
19 92 0.176923
19 93 0.362205
19 94 0.262857
19 95 0.114713
19 96 0.110577
19 97 0.112195
19 98 0.464646
19 99 0.273810
20 21 0.121795
20 22 0.339286
20 23 0.077236
20 24 0.059748
20 25 0.126667
20 26 0.950000
20 27 0.051351
20 28 0.098958
20 29 0.043981
20 30 0.085973
20 31 0.080508
20 32 0.182692
20 33 0.066434
20 34 0.174312
20 35 0.096939
20 36 0.057057
20 37 0.142857
20 38 0.051213
20 39 0.129252
20 40 0.046455
20 41 0.296875
20 42 0.125828
20 43 0.145038
20 44 0.190000
20 45 0.053977
20 46 0.140741
20 47 0.109827
20 48 0.050132
20 49 0.117284
20 50 0.097436
20 51 0.077236
20 52 0.050265
20 53 0.048593
20 54 0.500000
20 55 0.113772
20 56 0.085202
20 57 0.054286
20 58 0.131034
20 59 0.047146
20 60 0.131034
20 61 0.048593
20 62 0.087963
20 63 0.148438
20 64 0.117284
20 65 0.087558
20 66 0.237500
20 67 0.092233
20 68 0.092683
20 69 0.077551
20 70 0.096447
20 71 0.128378
20 72 0.061889
20 73 0.633333
20 74 0.171171
20 75 0.593750
20 76 0.145038
20 77 0.103825
20 78 0.080169
20 79 0.073930
20 80 0.056213
20 81 0.047619
20 82 0.215909
20 83 0.063758
20 84 0.073643
20 85 0.066434
20 86 0.060897
20 87 0.101064
20 88 0.107345
20 89 0.253333
20 90 0.060897
20 91 0.059561
20 92 0.202128
20 93 0.098446
20 94 0.146154
20 95 0.134752
20 96 0.075099
20 97 0.070896
20 98 0.092683
20 99 0.069853
21 22 0.187879
21 23 0.078086
21 24 0.084011
21 25 0.182353
21 26 0.178161
21 27 0.079284
21 28 0.815789
21 29 0.073810
21 30 0.082888
21 31 0.088068
21 32 0.126016
21 33 0.141553
21 34 0.159794
21 35 0.534483
21 36 0.072770
21 37 0.109541
21 38 0.088825
21 39 0.178161
21 40 0.075980
21 41 0.333333
21 42 0.118774
21 43 0.360465
21 44 0.344444
21 45 0.101307
21 46 0.122047
21 47 0.102990
21 48 0.060429
21 49 0.103679
21 50 0.116541
21 51 0.101307
21 52 0.060194
21 53 0.071101
21 54 0.240310
21 55 0.121569
21 56 0.203947
21 57 0.066381
21 58 0.153465
21 59 0.076733
21 60 0.364706
21 61 0.077307
21 62 0.382716
21 63 0.123016
21 64 0.968750
21 65 0.336957
21 66 0.144860
21 67 0.104377
21 68 0.138393
21 69 0.300971
21 70 0.197452
21 71 0.103679
21 72 0.083784
21 73 0.174157
21 74 0.142857
21 75 0.240310
21 76 0.292453
21 77 0.095092
21 78 0.137778
21 79 0.114815
21 80 0.093656
21 81 0.080103
21 82 0.201299
21 83 0.145540
21 84 0.151220
21 85 0.074341
21 86 0.076543
21 87 0.333333
21 88 0.500000
21 89 0.166667
21 90 0.184524
21 91 0.068584
21 92 0.166667
21 93 0.096875
21 94 0.116541
21 95 0.156566
21 96 0.155779
21 97 0.137778
21 98 0.090379
21 99 0.084239
22 23 0.178439
22 24 0.128686
22 25 0.238806
22 26 0.705882
22 27 0.112941
22 28 0.244898
22 29 0.098969
22 30 0.197531
22 31 0.169611
22 32 0.331034
22 33 0.145897
22 34 0.888889
22 35 0.251309
22 36 0.125000
22 37 0.387097
22 38 0.113475
22 39 0.241206
22 40 0.103672
22 41 0.551724
22 42 0.237624
22 43 0.287425
22 44 0.571429
22 45 0.120000
22 46 0.260870
22 47 0.221198
22 48 0.115663
22 49 0.358209
22 50 0.192771
22 51 0.159468
22 52 0.116788
22 53 0.107623
22 54 0.571429
22 55 0.217195
22 56 0.182510
22 57 0.121827
22 58 0.241206
22 59 0.105033
22 60 0.387097
22 61 0.107623
22 62 0.201681
22 63 0.539326
22 64 0.265193
22 65 0.198347
22 66 0.979592
22 67 0.185328
22 68 0.186047
22 69 0.181818
22 70 0.198347
22 71 0.345324
22 72 0.132964
22 73 0.600000
22 74 0.786885
22 75 0.640000
22 76 0.470588
22 77 0.220183
22 78 0.166667
22 79 0.154341
22 80 0.122762
22 81 0.106195
22 82 0.338028
22 83 0.142012
22 84 0.157895
22 85 0.148148
22 86 0.132231
22 87 0.218182
22 88 0.290909
22 89 0.372093
22 90 0.145015
22 91 0.134454
22 92 0.322148
22 93 0.203390
22 94 0.277457
22 95 0.551724
22 96 0.161074
22 97 0.151899
22 98 0.197531
22 99 0.148607
23 24 0.082540
23 25 0.087248
23 26 0.114537
23 27 0.065990
23 28 0.059770
23 29 0.053498
23 30 0.962963
23 31 0.174497
23 32 0.168831
23 33 0.058691
23 34 0.088136
23 35 0.058824
23 36 0.108787
23 37 0.154762
23 38 0.057143
23 39 0.089347
23 40 0.057269
23 41 0.084967
23 42 0.146067
23 43 0.075581
23 44 0.075802
23 45 0.055319
23 46 0.153846
23 47 0.201550
23 48 0.156627
23 49 0.124402
23 50 0.108787
23 51 0.097378
23 52 0.167742
23 53 0.070652
23 54 0.096654
23 55 0.122642
23 56 0.064198
23 57 0.137566
23 58 0.100775
23 59 0.058296
23 60 0.067010
23 61 0.061176
23 62 0.059091
23 63 0.106996
23 64 0.065823
23 65 0.059633
23 66 0.111588
23 67 0.127451
23 68 0.083333
23 69 0.055319
23 70 0.071038
23 71 0.160494
23 72 0.090909
23 73 0.118182
23 74 0.095941
23 75 0.096654
23 76 0.070461
23 77 0.317073
23 78 0.072423
23 79 0.076696
23 80 0.063107
23 81 0.056277
23 82 0.099617
23 83 0.055319
23 84 0.063107
23 85 0.236364
23 86 0.113537
23 87 0.065491
23 88 0.061611
23 89 0.118182
23 90 0.048598
23 91 0.206349
23 92 0.112554
23 93 0.213115
23 94 0.185714
23 95 0.078788
23 96 0.063570
23 97 0.063570
23 98 0.298851
23 99 0.125604
24 25 0.155000
24 26 0.100977
24 27 0.382716
24 28 0.077889
24 29 0.176136
24 30 0.098726
24 31 0.186747
24 32 0.120623
24 33 0.129167
24 34 0.072770
24 35 0.072770
24 36 0.264957
24 37 0.082228
24 38 0.186747
24 39 0.157360
24 40 0.218310
24 41 0.094801
24 42 0.167568
24 43 0.109155
24 44 0.079897
24 45 0.148325
24 46 0.150485
24 47 0.149758
24 48 0.108014
24 49 0.072261
24 50 0.250000
24 51 0.424658
24 52 0.101639
24 53 0.424658
24 54 0.103333
24 55 0.198718
24 56 0.120623
24 57 0.151220
24 58 0.172222
24 59 0.231343
24 60 0.073286
24 61 0.276786
24 62 0.089080
24 63 0.073113
24 64 0.090379
24 65 0.093093
24 66 0.081365
24 67 0.242188
24 68 0.212329
24 69 0.084239
24 70 0.137168
24 71 0.080519
24 72 0.968750
24 73 0.105085
24 74 0.073460
24 75 0.100324
24 76 0.073113
24 77 0.123016
24 78 0.190184
24 79 0.281818
24 80 0.244094
24 81 0.196203
24 82 0.129167
24 83 0.112727
24 84 0.140909
24 85 0.135371
24 86 0.284404
24 87 0.104377
24 88 0.072770
24 89 0.126531
24 90 0.076167
24 91 0.125506
24 92 0.137778
24 93 0.152709
24 94 0.130802
24 95 0.067538
24 96 0.139640
24 97 0.153465
24 98 0.133047
24 99 0.279279
25 26 0.040541
25 27 0.025751
25 28 0.029703
25 29 0.021053
25 30 0.021352
25 31 0.029557
25 32 0.038217
25 33 0.039474
25 34 0.023622
25 35 0.026316
25 36 0.023077
25 37 0.023077
25 38 0.027027
25 39 0.857143
25 40 0.022727
25 41 0.044776
25 42 0.048387
25 43 0.070588
25 44 0.031088
25 45 0.029268
25 46 0.046154
25 47 0.034483
25 48 0.016129
25 49 0.019934
25 50 0.060000
25 51 0.044118
25 52 0.015831
25 53 0.022305
25 54 0.050420
25 55 0.059406
25 56 0.055556
25 57 0.019169
25 58 0.139535
25 59 0.023166
25 60 0.026667
25 61 0.024096
25 62 0.035928
25 63 0.021818
25 64 0.040541
25 65 0.038217
25 66 0.026316
25 67 0.043796
25 68 0.100000
25 69 0.030928
25 70 0.086957
25 71 0.021978
25 72 0.030000
25 73 0.042857
25 74 0.023077
25 75 0.046875
25 76 0.026201
25 77 0.027778
25 78 0.068182
25 79 0.053097
25 80 0.031579
25 81 0.023810
25 82 0.096774
25 83 0.034483
25 84 0.049587
25 85 0.021505
25 86 0.025000
25 87 0.051724
25 88 0.026432
25 89 0.061856
25 90 0.024000
25 91 0.019231
25 92 0.078947
25 93 0.031746
25 94 0.037500
25 95 0.021352
25 96 0.051282
25 97 0.048000
25 98 0.027149
25 99 0.029268
26 27 0.033149
26 28 0.057143
26 29 0.028103
26 30 0.059406
26 31 0.055046
26 32 0.142857
26 33 0.041379
26 34 0.100000
26 35 0.055814
26 36 0.037855
26 37 0.098361
26 38 0.032520
26 39 0.082759
26 40 0.029703
26 41 0.148148
26 42 0.088889
26 43 0.085106
26 44 0.100000
26 45 0.034091
26 46 0.101695
26 47 0.077922
26 48 0.033426
26 49 0.076923
26 50 0.065574
26 51 0.051064
26 52 0.033520
26 53 0.031579
26 54 0.244898
26 55 0.077922
26 56 0.052174
26 57 0.036254
26 58 0.086957
26 59 0.030227
26 60 0.072727
26 61 0.031250
26 62 0.052174
26 63 0.093750
26 64 0.067416
26 65 0.052174
26 66 0.150000
26 67 0.062500
26 68 0.059701
26 69 0.046332
26 70 0.059701
26 71 0.087591
26 72 0.040816
26 73 0.923077
26 74 0.102564
26 75 0.260870
26 76 0.080000
26 77 0.073620
26 78 0.050847
26 79 0.047619
26 80 0.035928
26 81 0.030380
26 82 0.139535
26 83 0.039344
26 84 0.045802
26 85 0.045113
26 86 0.040541
26 87 0.060606
26 88 0.061224
26 89 0.190476
26 90 0.036697
26 91 0.040000
26 92 0.141176
26 93 0.068966
26 94 0.108108
26 95 0.077922
26 96 0.046875
26 97 0.044444
26 98 0.064516
26 99 0.046875
27 28 0.074879
27 29 0.319588
27 30 0.079082
27 31 0.126016
27 32 0.095679
27 33 0.141553
27 34 0.064718
27 35 0.069507
27 36 0.163158
27 37 0.069663
27 38 0.298077
27 39 0.133047
27 40 0.492063
27 41 0.084469
27 42 0.122530
27 43 0.100324
27 44 0.072770
27 45 0.192547
27 46 0.113139
27 47 0.109929
27 48 0.085399
27 49 0.062626
27 50 0.167568
27 51 0.226277
27 52 0.081152
27 53 0.424658
27 54 0.089595
27 55 0.141553
27 56 0.120623
27 57 0.111111
27 58 0.137168
27 59 0.563636
27 60 0.067982
27 61 0.968750
27 62 0.087571
27 63 0.063918
27 64 0.085635
27 65 0.091716
27 66 0.070455
27 67 0.155000
27 68 0.179191
27 69 0.084239
27 70 0.131356
27 71 0.068282
27 72 0.276786
27 73 0.088319
27 74 0.064718
27 75 0.087324
27 76 0.067100
27 77 0.094225
27 78 0.185629
27 79 0.254098
27 80 0.392405
27 81 0.373494
27 82 0.108392
27 83 0.123016
27 84 0.148325
27 85 0.100324
27 86 0.166667
27 87 0.100977
27 88 0.068736
27 89 0.103333
27 90 0.078481
27 91 0.095092
27 92 0.111511
27 93 0.110714
27 94 0.100977
27 95 0.060904
27 96 0.145540
27 97 0.165775
27 98 0.099678
27 99 0.161458
28 29 0.077982
28 30 0.082725
28 31 0.087629
28 32 0.120141
28 33 0.148472
28 34 0.155251
28 35 0.971429
28 36 0.073913
28 37 0.107256
28 38 0.093151
28 39 0.165049
28 40 0.079625
28 41 0.261538
28 42 0.114478
28 43 0.290598
28 44 0.293103
28 45 0.107256
28 46 0.116838
28 47 0.100592
28 48 0.061818
28 49 0.103343
28 50 0.113712
28 51 0.100890
28 52 0.061483
28 53 0.073276
28 54 0.204819
28 55 0.117241
28 56 0.204819
28 57 0.067460
28 58 0.144068
28 59 0.080189
28 60 0.354167
28 61 0.080569
28 62 0.441558
28 63 0.121429
28 64 0.618182
28 65 0.369565
28 66 0.138776
28 67 0.102410
28 68 0.134921
28 69 0.386364
28 70 0.189944
28 71 0.102410
28 72 0.084788
28 73 0.158140
28 74 0.139918
28 75 0.204819
28 76 0.278689
28 77 0.093407
28 78 0.137652
28 79 0.114865
28 80 0.097143
28 81 0.084158
28 82 0.178010
28 83 0.156682
28 84 0.154545
28 85 0.074890
28 86 0.077449
28 87 0.311927
28 88 0.607143
28 89 0.152466
28 90 0.234483
28 91 0.069530
28 92 0.152466
28 93 0.094972
28 94 0.111842
28 95 0.155963
28 96 0.158879
28 97 0.141079
28 98 0.089474
28 99 0.084577
29 30 0.068465
29 31 0.097345
29 32 0.082090
29 33 0.154206
29 34 0.061338
29 35 0.070213
29 36 0.115385
29 37 0.063218
29 38 0.458333
29 39 0.115385
29 40 0.942857
29 41 0.079327
29 42 0.098802
29 43 0.095376
29 44 0.070064
29 45 0.253846
29 46 0.093220
29 47 0.089431
29 48 0.072052
29 49 0.057895
29 50 0.125000
29 51 0.148649
29 52 0.069038
29 53 0.211538
29 54 0.081886
29 55 0.110738
29 56 0.121771
29 57 0.088235
29 58 0.113402
29 59 0.767442
29 60 0.066667
29 61 0.500000
29 62 0.090164
29 63 0.059567
29 64 0.084833
29 65 0.094286
29 66 0.065089
29 67 0.114983
29 68 0.145374
29 69 0.088235
29 70 0.125000
29 71 0.061914
29 72 0.159420
29 73 0.079137
29 74 0.060886
29 75 0.080097
29 76 0.065347
29 77 0.079137
29 78 0.163366
29 79 0.187500
29 80 0.347368
29 81 0.970588
29 82 0.095930
29 83 0.138075
29 84 0.152074
29 85 0.081683
29 86 0.117021
29 87 0.100610
29 88 0.068607
29 89 0.089918
29 90 0.085938
29 91 0.078199
29 92 0.095930
29 93 0.089431
29 94 0.085052
29 95 0.058407
29 96 0.147982
29 97 0.168367
29 98 0.082090
29 99 0.114983
30 31 0.456376
30 32 0.515152
30 33 0.158879
30 34 0.253731
30 35 0.163070
30 36 0.275304
30 37 0.478873
30 38 0.152125
30 39 0.248175
30 40 0.150776
30 41 0.241135
30 42 0.412121
30 43 0.211180
30 44 0.213836
30 45 0.148148
30 46 0.447368
30 47 0.576271
30 48 0.357895
30 49 0.367568
30 50 0.296943
30 51 0.260536
30 52 0.379888
30 53 0.183288
30 54 0.277551
30 55 0.340000
30 56 0.175711
30 57 0.331707
30 58 0.280992
30 59 0.153499
30 60 0.187845
30 61 0.161137
30 62 0.162291
30 63 0.313364
30 64 0.182796
30 65 0.163855
30 66 0.328502
30 67 0.345178
30 68 0.227425
30 69 0.151786
30 70 0.194842
30 71 0.496350
30 72 0.237762
30 73 0.346939
30 74 0.277551
30 75 0.277551
30 76 0.198251
30 77 0.985507
30 78 0.196532
30 79 0.206687
30 80 0.167901
30 81 0.148796
30 82 0.282158
30 83 0.149780
30 84 0.171285
30 85 0.548387
30 86 0.289362
30 87 0.180371
30 88 0.171285
30 89 0.341709
30 90 0.132296
30 91 0.468966
30 92 0.322275
30 93 0.596491
30 94 0.561983
30 95 0.223684
30 96 0.172589
30 97 0.172152
30 98 0.829268
30 99 0.325359
31 32 0.359712
31 33 0.152905
31 34 0.152439
31 35 0.123153
31 36 0.458716
31 37 0.207469
31 38 0.159744
31 39 0.253807
31 40 0.163399
31 41 0.181818
31 42 0.543478
31 43 0.181159
31 44 0.151515
31 45 0.148810
31 46 0.485437
31 47 0.746269
31 48 0.295858
31 49 0.170648
31 50 0.442478
31 51 0.400000
31 52 0.280899
31 53 0.225225
31 54 0.210084
31 55 0.485437
31 56 0.163399
31 57 0.427350
31 58 0.310559
31 59 0.167785
31 60 0.133690
31 61 0.180505
31 62 0.135870
31 63 0.165017
31 64 0.147929
31 65 0.139276
31 66 0.184502
31 67 0.694444
31 68 0.260417
31 69 0.126263
31 70 0.187970
31 71 0.204918
31 72 0.364964
31 73 0.242718
31 74 0.159236
31 75 0.205761
31 76 0.136986
31 77 0.526316
31 78 0.210970
31 79 0.243902
31 80 0.185185
31 81 0.158228
31 82 0.252525
31 83 0.139665
31 84 0.168350
31 85 0.632911
31 86 0.543478
31 87 0.157233
31 88 0.126582
31 89 0.290698
31 90 0.110375
31 91 0.454545
31 92 0.299401
31 93 0.980392
31 94 0.450450
31 95 0.136986
31 96 0.168919
31 97 0.173010
31 98 0.714286
31 99 0.833333
32 33 0.090909
32 34 0.147368
32 35 0.095563
32 36 0.114754
32 37 0.229508
32 38 0.079320
32 39 0.185430
32 40 0.074866
32 41 0.178344
32 42 0.383562
32 43 0.146597
32 44 0.137931
32 45 0.079545
32 46 0.549020
32 47 0.383562
32 48 0.101449
32 49 0.162791
32 50 0.200000
32 51 0.148936
32 52 0.101818
32 53 0.085627
32 54 0.237288
32 55 0.266667
32 56 0.107692
32 57 0.112450
32 58 0.225806
32 59 0.076294
32 60 0.112903
32 61 0.080000
32 62 0.097561
32 63 0.164706
32 64 0.115702
32 65 0.098940
32 66 0.210526
32 67 0.213740
32 68 0.148148
32 69 0.088328
32 70 0.125561
32 71 0.213740
32 72 0.117647
32 73 0.378378
32 74 0.158192
32 75 0.233333
32 76 0.119658
32 77 0.345679
32 78 0.119658
32 79 0.121212
32 80 0.089172
32 81 0.075067
32 82 0.254545
32 83 0.084848
32 84 0.101083
32 85 0.153846
32 86 0.125000
32 87 0.113821
32 88 0.101449
32 89 0.411765
32 90 0.073298
32 91 0.129630
32 92 0.337349
32 93 0.304348
32 94 0.965517
32 95 0.123894
32 96 0.102564
32 97 0.100358
32 98 0.274510
32 99 0.151351
33 34 0.082228
33 35 0.117871
33 36 0.090116
33 37 0.075980
33 38 0.216783
33 39 0.196203
33 40 0.146226
33 41 0.126016
33 42 0.116981
33 43 0.187879
33 44 0.107266
33 45 0.348315
33 46 0.112319
33 47 0.098413
33 48 0.063265
33 49 0.069663
33 50 0.144860
33 51 0.144186
33 52 0.061753
33 53 0.108772
33 54 0.124498
33 55 0.132479
33 56 0.442857
33 57 0.074163
33 58 0.165775
33 59 0.146919
33 60 0.102990
33 61 0.144186
33 62 0.200000
33 63 0.075061
33 64 0.164894
33 65 0.223022
33 66 0.084932
33 67 0.121569
33 68 0.229630
33 69 0.192547
33 70 0.344444
33 71 0.073460
33 72 0.119691
33 73 0.109155
33 74 0.079487
33 75 0.120155
33 76 0.097792
33 77 0.085635
33 78 0.344444
33 79 0.229630
33 80 0.218310
33 81 0.169399
33 82 0.149038
33 83 0.861111
33 84 0.968750
33 85 0.076543
33 86 0.094801
33 87 0.244094
33 88 0.111511
33 89 0.125506
33 90 0.175141
33 91 0.071264
33 92 0.136564
33 93 0.094801
33 94 0.100324
33 95 0.078481
33 96 0.861111
33 97 0.775000
33 98 0.085873
33 99 0.101639
34 35 0.136585
34 36 0.064815
34 37 0.210526
34 38 0.058824
34 39 0.111111
34 40 0.054159
34 41 0.212121
34 42 0.111111
34 43 0.131455
34 44 0.266667
34 45 0.062084
34 46 0.120172
34 47 0.107280
34 48 0.062361
34 49 0.231405
34 50 0.092715
34 51 0.079096
34 52 0.063205
34 53 0.056112
34 54 0.205882
34 55 0.102564
34 56 0.090323
34 57 0.064220
34 58 0.110672
34 59 0.054795
34 60 0.213740
34 61 0.056112
34 62 0.102941
34 63 0.411765
34 64 0.130233
34 65 0.100358
34 66 0.451613
34 67 0.090323
34 68 0.089744
34 69 0.094595
34 70 0.096220
34 71 0.193103
34 72 0.067633
34 73 0.212121
34 74 0.965517
34 75 0.220472
34 76 0.269231
34 77 0.109804
34 78 0.082353
34 79 0.076923
34 80 0.063063
34 81 0.055336
34 82 0.143590
34 83 0.073107
34 84 0.079320
34 85 0.077135
34 86 0.067961
34 87 0.106870
34 88 0.158192
34 89 0.153846
34 90 0.077562
34 91 0.071066
34 92 0.137931
34 93 0.100000
34 94 0.129032
34 95 0.736842
34 96 0.080692
34 97 0.076503
34 98 0.099291
34 99 0.075269
35 36 0.060041
35 37 0.092652
35 38 0.072864
35 39 0.125541
35 40 0.063043
35 41 0.211679
35 42 0.092063
35 43 0.202797
35 44 0.271028
35 45 0.082621
35 46 0.094463
35 47 0.082386
35 48 0.051327
35 49 0.090343
35 50 0.089783
35 51 0.079890
35 52 0.051237
35 53 0.058824
35 54 0.164773
35 55 0.093248
35 56 0.145729
35 57 0.055556
35 58 0.111969
35 59 0.063457
35 60 0.381579
35 61 0.063877
35 62 0.261261
35 63 0.107407
35 64 0.345238
35 65 0.230159
35 66 0.121339
35 67 0.082153
35 68 0.103203
35 69 0.241667
35 70 0.137441
35 71 0.088146
35 72 0.067757
35 73 0.130631
35 74 0.125541
35 75 0.166667
35 76 0.281553
35 77 0.077540
35 78 0.103943
35 79 0.088957
35 80 0.075718
35 81 0.066362
35 82 0.138756
35 83 0.115538
35 84 0.114625
35 85 0.061834
35 86 0.062771
35 87 0.204225
35 88 0.966667
35 89 0.122363
35 90 0.170588
35 91 0.057540
35 92 0.120833
35 93 0.077957
35 94 0.091772
35 95 0.145729
35 96 0.117409
35 97 0.105839
35 98 0.073791
35 99 0.068396
36 37 0.060172
36 38 0.074468
36 39 0.082353
36 40 0.083333
36 41 0.058011
36 42 0.114754
36 43 0.061224
36 44 0.049881
36 45 0.064815
36 46 0.105000
36 47 0.120690
36 48 0.121387
36 49 0.052369
36 50 0.130435
36 51 0.159091
36 52 0.108808
36 53 0.150000
36 54 0.064024
36 55 0.120690
36 56 0.060870
36 57 0.235955
36 58 0.093333
36 59 0.086066
36 60 0.045356
36 61 0.095023
36 62 0.049412
36 63 0.051095
36 64 0.051597
36 65 0.050847
36 66 0.055851
36 67 0.159091
36 68 0.093750
36 69 0.046771
36 70 0.068182
36 71 0.059490
36 72 0.235955
36 73 0.068852
36 74 0.050000
36 75 0.062687
36 76 0.045952
36 77 0.103960
36 78 0.081395
36 79 0.100478
36 80 0.086420
36 81 0.077206
36 82 0.075812
36 83 0.055556
36 84 0.065831
36 85 0.155556
36 86 0.954545
36 87 0.056300
36 88 0.044118
36 89 0.079848
36 90 0.042169
36 91 0.147887
36 92 0.084000
36 93 0.132075
36 94 0.096774
36 95 0.044872
36 96 0.065625
36 97 0.069079
36 98 0.120000
36 99 0.338710
37 38 0.031847
37 39 0.058824
37 40 0.030303
37 41 0.077320
37 42 0.077320
37 43 0.057252
37 44 0.072464
37 45 0.032397
37 46 0.086705
37 47 0.084270
37 48 0.045455
37 49 0.283019
37 50 0.057471
37 51 0.048544
37 52 0.046729
37 53 0.033632
37 54 0.088757
37 55 0.066079
37 56 0.042857
37 57 0.045181
37 58 0.063291
37 59 0.030738
37 60 0.060729
37 61 0.031847
37 62 0.043103
37 63 0.200000
37 64 0.051195
37 65 0.042980
37 66 0.194805
37 67 0.060000
37 68 0.049505
37 69 0.039894
37 70 0.047022
37 71 0.937500
37 72 0.042017
37 73 0.120000
37 74 0.141509
37 75 0.091463
37 76 0.067265
37 77 0.100000
37 78 0.043605
37 79 0.042980
37 80 0.034722
37 81 0.030488
37 82 0.074627
37 83 0.035377
37 84 0.039683
37 85 0.059289
37 86 0.045181
37 87 0.047022
37 88 0.051903
37 89 0.091463
37 90 0.033784
37 91 0.053571
37 92 0.080645
37 93 0.078534
37 94 0.105634
37 95 0.090361
37 96 0.040214
37 97 0.038961
37 98 0.083799
37 99 0.050676
38 39 0.182222
38 40 0.569444
38 41 0.117143
38 42 0.141379
38 43 0.147482
38 44 0.101485
38 45 0.650794
38 46 0.133117
38 47 0.123867
38 48 0.090909
38 49 0.079304
38 50 0.185520
38 51 0.216931
38 52 0.087607
38 53 0.231638
38 54 0.120588
38 55 0.162055
38 56 0.205000
38 57 0.111111
38 58 0.174468
38 59 0.561644
38 60 0.096471
38 61 0.476744
38 62 0.139456
38 63 0.082661
38 64 0.128931
38 65 0.147482
38 66 0.091314
38 67 0.163347
38 68 0.242604
38 69 0.135314
38 70 0.210256
38 71 0.084886
38 72 0.210256
38 73 0.114206
38 74 0.085062
38 75 0.117479
38 76 0.093822
38 77 0.107895
38 78 0.301471
38 79 0.333333
38 80 0.931818
38 81 0.976190
38 82 0.144366
38 83 0.241176
38 84 0.280822
38 85 0.106494
38 86 0.150183
38 87 0.159533
38 88 0.100000
38 89 0.131833
38 90 0.130159
38 91 0.100737
38 92 0.142361
38 93 0.122754
38 94 0.119534
38 95 0.081836
38 96 0.269737
38 97 0.328000
38 98 0.111111
38 99 0.152985
39 40 0.135338
39 41 0.268657
39 42 0.307692
39 43 0.404494
39 44 0.185567
39 45 0.172249
39 46 0.292683
39 47 0.215569
39 48 0.098630
39 49 0.121212
39 50 0.378947
39 51 0.272727
39 52 0.096515
39 53 0.134831
39 54 0.307692
39 55 0.378947
39 56 0.313043
39 57 0.117264
39 58 0.972973
39 59 0.138462
39 60 0.158590
39 61 0.144000
39 62 0.208092
39 63 0.132353
39 64 0.236842
39 65 0.220859
39 66 0.160714
39 67 0.274809
39 68 0.590164
39 69 0.180000
39 70 0.480000
39 71 0.134328
39 72 0.182741
39 73 0.264706
39 74 0.140078
39 75 0.285714
39 76 0.156522
39 77 0.171429
39 78 0.395604
39 79 0.318584
39 80 0.187500
39 81 0.141732
39 82 0.610169
39 83 0.198895
39 84 0.283465
39 85 0.132353
39 86 0.153191
39 87 0.295082
39 88 0.156522
39 89 0.391304
39 90 0.140078
39 91 0.117647
39 92 0.514286
39 93 0.197802
39 94 0.235294
39 95 0.128571
39 96 0.292683
39 97 0.276923
39 98 0.168224
39 99 0.180000
40 41 0.020151
40 42 0.026230
40 43 0.024169
40 44 0.017621
40 45 0.059259
40 46 0.024615
40 47 0.023669
40 48 0.018868
40 49 0.014706
40 50 0.034043
40 51 0.041667
40 52 0.018018
40 53 0.064516
40 54 0.020942
40 55 0.029630
40 56 0.030418
40 57 0.023460
40 58 0.030075
40 59 0.888889
40 60 0.016667
40 61 0.250000
40 62 0.022222
40 63 0.015123
40 64 0.021220
40 65 0.023324
40 66 0.016563
40 67 0.031250
40 68 0.038835
40 69 0.021622
40 70 0.031873
40 71 0.015842
40 72 0.046243
40 73 0.020356
40 74 0.015414
40 75 0.020460
40 76 0.016360
40 77 0.020725
40 78 0.043011
40 79 0.052288
40 80 0.102564
40 81 0.235294
40 82 0.024845
40 83 0.033333
40 84 0.038095
40 85 0.021622
40 86 0.032258
40 87 0.025078
40 88 0.017058
40 89 0.023392
40 90 0.020725
40 91 0.020619
40 92 0.025078
40 93 0.023739
40 94 0.022284
40 95 0.014679
40 96 0.037037
40 97 0.042553
40 98 0.021622
40 99 0.031621
41 42 0.194595
41 43 0.444444
41 44 0.580645
41 45 0.112150
41 46 0.206897
41 47 0.165138
41 48 0.083916
41 49 0.165899
41 50 0.172249
41 51 0.140078
41 52 0.083721
41 53 0.090226
41 54 0.923077
41 55 0.190476
41 56 0.202247
41 57 0.091837
41 58 0.243243
41 59 0.091837
41 60 0.356436
41 61 0.093995
41 62 0.232258
41 63 0.205714
41 64 0.363636
41 65 0.227848
41 66 0.274809
41 67 0.155844
41 68 0.185567
41 69 0.196721
41 70 0.223602
41 71 0.171429
41 72 0.112150
41 73 0.418605
41 74 0.246575
41 75 0.972973
41 76 0.367347
41 77 0.151261
41 78 0.167442
41 79 0.145749
41 80 0.111801
41 81 0.093995
41 82 0.409091
41 83 0.142857
41 84 0.162162
41 85 0.107784
41 86 0.105572
41 87 0.270677
41 88 0.297521
41 89 0.346154
41 90 0.143426
41 91 0.097561
41 92 0.321429
41 93 0.151261
41 94 0.200000
41 95 0.236842
41 96 0.167442
41 97 0.152542
41 98 0.140078
41 99 0.119205
42 43 0.112299
42 44 0.087137
42 45 0.070946
42 46 0.954545
42 47 0.411765
42 48 0.082353
42 49 0.085714
42 50 0.300000
42 51 0.181034
42 52 0.080769
42 53 0.082353
42 54 0.141892
42 55 0.567568
42 56 0.090909
42 57 0.100962
42 58 0.256098
42 59 0.070707
42 60 0.073944
42 61 0.075000
42 62 0.074468
42 63 0.087137
42 64 0.084677
42 65 0.076642
42 66 0.104478
42 67 0.350000
42 68 0.155556
42 69 0.067742
42 70 0.109948
42 71 0.103960
42 72 0.126506
42 73 0.170732
42 74 0.086420
42 75 0.136364
42 76 0.076087
42 77 0.216495
42 78 0.115385
42 79 0.125000
42 80 0.084677
42 81 0.068852
42 82 0.196262
42 83 0.071672
42 84 0.089744
42 85 0.131250
42 86 0.129630
42 87 0.090129
42 88 0.069079
42 89 0.256098
42 90 0.056604
42 91 0.108247
42 92 0.280000
42 93 0.318182
42 94 0.381818
42 95 0.073171
42 96 0.090909
42 97 0.090909
42 98 0.214286
42 99 0.172131
43 44 0.448819
43 45 0.234568
43 46 0.308108
43 47 0.245690
43 48 0.128959
43 49 0.195876
43 50 0.311475
43 51 0.257919
43 52 0.127803
43 53 0.161932
43 54 0.606383
43 55 0.323864
43 56 0.587629
43 57 0.146154
43 58 0.475000
43 59 0.174312
43 60 0.382550
43 61 0.177570
43 62 0.581633
43 63 0.225296
43 64 0.890625
43 65 0.612903
43 66 0.275362
43 67 0.263889
43 68 0.410072
43 69 0.448819
43 70 0.678571
43 71 0.205776
43 72 0.200000
43 73 0.410072
43 74 0.251101
43 75 0.570000
43 76 0.358491
43 77 0.214286
43 78 0.390411
43 79 0.303191
43 80 0.224409
43 81 0.182109
43 82 0.678571
43 83 0.333333
43 84 0.401408
43 85 0.164740
43 86 0.177019
43 87 0.982759
43 88 0.395833
43 89 0.459677
43 90 0.296875
43 91 0.149606
43 92 0.491379
43 93 0.227092
43 94 0.278049
43 95 0.246753
43 96 0.419118
43 97 0.360759
43 98 0.205036
43 99 0.199301
44 45 0.097297
44 46 0.157895
44 47 0.133333
44 48 0.075314
44 49 0.167442
44 50 0.133333
44 51 0.113208
44 52 0.075472
44 53 0.078431
44 54 0.382979
44 55 0.144578
44 56 0.163636
44 57 0.080717
44 58 0.172249
44 59 0.080178
44 60 0.782609
44 61 0.081633
44 62 0.213018
44 63 0.218182
44 64 0.318584
44 65 0.202247
44 66 0.272727
44 67 0.123711
44 68 0.142292
44 69 0.187500
44 70 0.171429
44 71 0.162162
44 72 0.094241
44 73 0.279070
44 74 0.281250
44 75 0.409091
44 76 0.972973
44 77 0.127660
44 78 0.133333
44 79 0.118033
44 80 0.095238
44 81 0.082192
44 82 0.241611
44 83 0.124138
44 84 0.133829
44 85 0.093750
44 86 0.090000
44 87 0.216867
44 88 0.439024
44 89 0.225000
44 90 0.140078
44 91 0.086124
44 92 0.209302
44 93 0.124138
44 94 0.157205
44 95 0.327273
44 96 0.137405
44 97 0.126316
44 98 0.118421
44 99 0.100000
45 46 0.270096
45 47 0.245614
45 48 0.172485
45 49 0.166008
45 50 0.362069
45 51 0.396226
45 52 0.167331
45 53 0.360515
45 54 0.264151
45 55 0.323077
45 56 0.545455
45 57 0.206388
45 58 0.368421
45 59 0.617647
45 60 0.217617
45 61 0.571429
45 62 0.345679
45 63 0.175365
45 64 0.306569
45 65 0.370044
45 66 0.194896
45 67 0.313433
45 68 0.515337
45 69 0.338710
45 70 0.521739
45 71 0.176471
45 72 0.357447
45 73 0.244186
45 74 0.182609
45 75 0.257669
45 76 0.210000
45 77 0.214834
45 78 0.705882
45 79 0.636364
45 80 0.988235
45 81 0.815534
45 82 0.314607
45 83 0.763636
45 84 0.823529
45 85 0.203883
45 86 0.270096
45 87 0.394366
45 88 0.230137
45 89 0.280000
45 90 0.329412
45 91 0.191781
45 92 0.302158
45 93 0.240688
45 94 0.242775
45 95 0.177966
45 96 0.777778
45 97 0.976744
45 98 0.218750
45 99 0.280936
46 47 0.729167
46 48 0.135135
46 49 0.156951
46 50 0.388889
46 51 0.255474
46 52 0.133080
46 53 0.126812
46 54 0.257353
46 55 0.625000
46 56 0.147679
46 57 0.159817
46 58 0.388889
46 59 0.110063
46 60 0.128676
46 61 0.116667
46 62 0.124555
46 63 0.159091
46 64 0.143443
46 65 0.127273
46 66 0.194444
46 67 0.437500
46 68 0.234899
46 69 0.112903
46 70 0.176768
46 71 0.193370
46 72 0.187166
46 73 0.330189
46 74 0.156951
46 75 0.248227
46 76 0.133588
46 77 0.402299
46 78 0.178571
46 79 0.188172
46 80 0.131086
46 81 0.107692
46 82 0.343137
46 83 0.115894
46 84 0.142857
46 85 0.213415
46 86 0.194444
46 87 0.149573
46 88 0.119048
46 89 0.500000
46 90 0.093834
46 91 0.176768
46 92 0.500000
46 93 0.522388
46 94 0.972222
46 95 0.130112
46 96 0.144628
46 97 0.143443
46 98 0.372340
46 99 0.250000
47 48 0.093897
47 49 0.086957
47 50 0.180180
47 51 0.136054
47 52 0.093023
47 53 0.073529
47 54 0.111111
47 55 0.240964
47 56 0.071174
47 57 0.112360
47 58 0.151515
47 59 0.060606
47 60 0.063694
47 61 0.064309
47 62 0.060790
47 63 0.084388
47 64 0.068729
47 65 0.062305
47 66 0.098039
47 67 0.240964
47 68 0.109290
47 69 0.056022
47 70 0.082988
47 71 0.109290
47 72 0.109290
47 73 0.139860
47 74 0.080972
47 75 0.108696
47 76 0.066225
47 77 0.400000
47 78 0.086957
47 79 0.094340
47 80 0.069444
47 81 0.058480
47 82 0.133333
47 83 0.058309
47 84 0.070423
47 85 0.170940
47 86 0.128205
47 87 0.071174
47 88 0.058997
47 89 0.172414
47 90 0.047733
47 91 0.131579
47 92 0.170940
47 93 0.952381
47 94 0.444444
47 95 0.067114
47 96 0.071174
47 97 0.071429
47 98 0.425532
47 99 0.168067
48 49 0.058824
48 50 0.078571
48 51 0.079137
48 52 0.956522
48 53 0.070968
48 54 0.056266
48 55 0.081181
48 56 0.046414
48 57 0.258824
48 58 0.066869
48 59 0.052758
48 60 0.042065
48 61 0.055980
48 62 0.041045
48 63 0.054455
48 64 0.043825
48 65 0.041746
48 66 0.056848
48 67 0.092050
48 68 0.061453
48 69 0.039007
48 70 0.050691
48 71 0.067485
48 72 0.085603
48 73 0.062857
48 74 0.051402
48 75 0.055838
48 76 0.043222
48 77 0.111111
48 78 0.054863
48 79 0.060942
48 80 0.053659
48 81 0.049550
48 82 0.060942
48 83 0.042065
48 84 0.047619
48 85 0.229167
48 86 0.122905
48 87 0.045267
48 88 0.040000
48 89 0.067073
48 90 0.035370
48 91 0.354839
48 92 0.067073
48 93 0.113990
48 94 0.088000
48 95 0.045267
48 96 0.047722
48 97 0.048780
48 98 0.126437
48 99 0.116402
49 50 0.157556
49 51 0.136111
49 52 0.134986
49 53 0.098394
49 54 0.246231
49 55 0.176895
49 56 0.127604
49 57 0.128609
49 58 0.173759
49 59 0.091248
49 60 0.197581
49 61 0.094050
49 62 0.132432
49 63 0.924528
49 64 0.156051
49 65 0.131016
49 66 0.563218
49 67 0.162252
49 68 0.140805
49 69 0.123426
49 70 0.137640
49 71 0.980000
49 72 0.120098
49 73 0.302469
49 74 0.526882
49 75 0.255208
49 76 0.220721
49 77 0.243781
49 78 0.126615
49 79 0.123737
49 80 0.102296
49 81 0.090741
49 82 0.204167
49 83 0.106754
49 84 0.117506
49 85 0.162791
49 86 0.127604
49 87 0.141210
49 88 0.166667
49 89 0.236715
49 90 0.105603
49 91 0.150307
49 92 0.213043
49 93 0.201646
49 94 0.253886
49 95 0.335616
49 96 0.119221
49 97 0.115294
49 98 0.213043
49 99 0.140805
50 51 0.653846
50 52 0.117241
50 53 0.172589
50 54 0.189944
50 55 0.971429
50 56 0.174359
50 57 0.158140
50 58 0.531250
50 59 0.149123
50 60 0.110032
50 61 0.161137
50 62 0.127820
50 63 0.112957
50 64 0.138211
50 65 0.133333
50 66 0.131783
50 67 0.809524
50 68 0.425000
50 69 0.116438
50 70 0.219355
50 71 0.125461
50 72 0.298246
50 73 0.198830
50 74 0.114094
50 75 0.181818
50 76 0.111111
50 77 0.211180
50 78 0.272000
50 79 0.336634
50 80 0.189944
50 81 0.144681
50 82 0.278689
50 83 0.138776
50 84 0.184783
50 85 0.177083
50 86 0.242857
50 87 0.158879
50 88 0.106918
50 89 0.280992
50 90 0.098551
50 91 0.152466
50 92 0.333333
50 93 0.288136
50 94 0.272000
50 95 0.101493
50 96 0.185792
50 97 0.192090
50 98 0.222222
50 99 0.323810
51 52 0.219178
51 53 0.441379
51 54 0.279476
51 55 0.761905
51 56 0.300469
51 57 0.315271
51 58 0.587156
51 59 0.347826
51 60 0.180282
51 61 0.387879
51 62 0.216216
51 63 0.181818
51 64 0.226148
51 65 0.226950
51 66 0.207120
51 67 0.984615
51 68 0.688172
51 69 0.200627
51 70 0.363636
51 71 0.201258
51 72 0.969697
51 73 0.286996
51 74 0.182857
51 75 0.270042
51 76 0.180791
51 77 0.328205
51 78 0.503937
51 79 0.761905
51 80 0.438356
51 81 0.324873
51 82 0.376471
51 83 0.257028
51 84 0.338624
51 85 0.320000
51 86 0.561404
51 87 0.263374
51 88 0.177285
51 89 0.372093
51 90 0.174863
51 91 0.283186
51 92 0.418301
51 93 0.435374
51 94 0.376471
51 95 0.165375
51 96 0.338624
51 97 0.363636
51 98 0.353591
51 99 0.711111
52 53 0.203030
52 54 0.171355
52 55 0.240143
52 56 0.138716
52 57 0.638095
52 58 0.198813
52 59 0.153670
52 60 0.128352
52 61 0.162621
52 62 0.123845
52 63 0.169620
52 64 0.132411
52 65 0.125704
52 66 0.175853
52 67 0.269076
52 68 0.181572
52 69 0.117544
52 70 0.151242
52 71 0.212698
52 72 0.244526
52 73 0.191977
52 74 0.159145
52 75 0.170051
52 76 0.132150
52 77 0.343590
52 78 0.162228
52 79 0.178667
52 80 0.156909
52 81 0.145022
52 82 0.184066
52 83 0.125468
52 84 0.141649
52 85 0.663366
52 86 0.340102
52 87 0.136179
52 88 0.121818
52 89 0.203030
52 90 0.106518
52 91 0.985294
52 92 0.201807
52 93 0.341837
52 94 0.266932
52 95 0.139583
52 96 0.141949
52 97 0.144708
52 98 0.385057
52 99 0.330049
53 54 0.238606
53 55 0.390351
53 56 0.283439
53 57 0.393805
53 58 0.353175
53 59 0.754237
53 60 0.180162
53 61 0.927083
53 62 0.217604
53 63 0.179798
53 64 0.217073
53 65 0.225888
53 66 0.196468
53 67 0.451777
53 68 0.417840
53 69 0.208431
53 70 0.309028
53 71 0.196468
53 72 0.988889
53 73 0.241848
53 74 0.180162
53 75 0.233596
53 76 0.179435
53 77 0.284345
53 78 0.402715
53 79 0.526627
53 80 0.593333
53 81 0.585526
53 82 0.284345
53 83 0.278997
53 84 0.328413
53 85 0.328413
53 86 0.626761
53 87 0.247222
53 88 0.179798
53 89 0.280757
53 90 0.193900
53 91 0.316726
53 92 0.298658
53 93 0.335849
53 94 0.291803
53 95 0.167293
53 96 0.324818
53 97 0.356000
53 98 0.305842
53 99 0.549383
54 55 0.057692
54 56 0.048387
54 57 0.025424
54 58 0.073770
54 59 0.023936
54 60 0.065693
54 61 0.024658
54 62 0.049724
54 63 0.054878
54 64 0.069231
54 65 0.049724
54 66 0.076923
54 67 0.045455
54 68 0.050847
54 69 0.042857
54 70 0.055901
54 71 0.048913
54 72 0.030822
54 73 0.176471
54 74 0.062937
54 75 0.900000
54 76 0.069231
54 77 0.045226
54 78 0.043902
54 79 0.039301
54 80 0.029126
54 81 0.024324
54 82 0.147541
54 83 0.034483
54 84 0.040541
54 85 0.030405
54 86 0.029316
54 87 0.059603
54 88 0.056250
54 89 0.134328
54 90 0.032374
54 91 0.027273
54 92 0.113924
54 93 0.045000
54 94 0.063830
54 95 0.054878
54 96 0.041475
54 97 0.038627
54 98 0.041284
54 99 0.033708
55 56 0.204878
55 57 0.195349
55 58 0.711864
55 59 0.160305
55 60 0.145329
55 61 0.171429
55 62 0.157895
55 63 0.156134
55 64 0.176471
55 65 0.164062
55 66 0.185841
55 67 0.976744
55 68 0.415842
55 69 0.143345
55 70 0.254545
55 71 0.177966
55 72 0.297872
55 73 0.297872
55 74 0.157303
55 75 0.257669
55 76 0.147368
55 77 0.318182
55 78 0.283784
55 79 0.318182
55 80 0.198113
55 81 0.156134
55 82 0.407767
55 83 0.159696
55 84 0.206897
55 85 0.234637
55 86 0.274510
55 87 0.195349
55 88 0.138614
55 89 0.451613
55 90 0.119658
55 91 0.198113
55 92 0.538462
55 93 0.446809
55 94 0.461538
55 95 0.136808
55 96 0.208955
55 97 0.212121
55 98 0.328125
55 99 0.368421
56 57 0.097800
56 58 0.266667
56 59 0.153257
56 60 0.171674
56 61 0.153257
56 62 0.408163
56 63 0.114943
56 64 0.333333
56 65 0.487805
56 66 0.132450
56 67 0.169492
56 68 0.330579
56 69 0.353982
56 70 0.975610
56 71 0.109589
56 72 0.148699
56 73 0.177778
56 74 0.123839
56 75 0.207254
56 76 0.161290
56 77 0.123457
56 78 0.425532
56 79 0.272109
56 80 0.213904
56 81 0.167364
56 82 0.261438
56 83 0.526316
56 84 0.727273
56 85 0.104439
56 86 0.122699
56 87 0.677966
56 88 0.188679
56 89 0.205128
56 90 0.261438
56 91 0.096154
56 92 0.224719
56 93 0.135135
56 94 0.150376
56 95 0.122699
56 96 0.816327
56 97 0.526316
56 98 0.121951
56 99 0.134680
57 58 0.246324
57 59 0.201201
57 60 0.136735
57 61 0.216828
57 62 0.139583
57 63 0.167082
57 64 0.147903
57 65 0.142857
57 66 0.178191
57 67 0.380682
57 68 0.231034
57 69 0.132411
57 70 0.181081
57 71 0.202417
57 72 0.382857
57 73 0.209375
57 74 0.159905
57 75 0.186630
57 76 0.139583
57 77 0.366120
57 78 0.203647
57 79 0.234266
57 80 0.203647
57 81 0.185596
57 82 0.213376
57 83 0.148230
57 84 0.171355
57 85 0.827160
57 86 0.690722
57 87 0.156542
57 88 0.131115
57 89 0.232639
57 90 0.119643
57 91 0.985294
57 92 0.236749
57 93 0.424051
57 94 0.303167
57 95 0.141649
57 96 0.171355
57 97 0.176781
57 98 0.432258
57 99 0.587719
58 59 0.203846
58 60 0.215447
58 61 0.214575
58 62 0.254808
58 63 0.200758
58 64 0.289617
58 65 0.267677
58 66 0.244240
58 67 0.546392
58 68 0.791045
58 69 0.225532
58 70 0.481818
58 71 0.212851
58 72 0.304598
58 73 0.417323
58 74 0.208661
58 75 0.404580
58 76 0.216327
58 77 0.301136
58 78 0.481818
58 79 0.460870
58 80 0.267677
58 81 0.204633
58 82 0.854839
58 83 0.250000
58 84 0.339744
58 85 0.224576
58 86 0.259804
58 87 0.337580
58 88 0.208661
58 89 0.688312
58 90 0.180887
58 91 0.196296
58 92 0.981481
58 93 0.363014
58 94 0.430894
58 95 0.186620
58 96 0.348684
58 97 0.339744
58 98 0.296089
58 99 0.317365
59 60 0.048319
59 61 0.958333
59 62 0.064426
59 63 0.043977
59 64 0.061497
59 65 0.067449
59 66 0.048319
59 67 0.092742
59 68 0.115000
59 69 0.062500
59 70 0.092742
59 71 0.046185
59 72 0.139394
59 73 0.059432
59 74 0.044834
59 75 0.059740
59 76 0.047521
59 77 0.060847
59 78 0.127072
59 79 0.156463
59 80 0.310811
59 81 0.621622
59 82 0.072785
59 83 0.095833
59 84 0.110577
59 85 0.063536
59 86 0.095833
59 87 0.072785
59 88 0.049462
59 89 0.068452
59 90 0.059740
59 91 0.060526
59 92 0.073482
59 93 0.069909
59 94 0.065341
59 95 0.042672
59 96 0.107981
59 97 0.123656
59 98 0.063536
59 99 0.093878
60 61 0.057447
60 62 0.164634
60 63 0.137056
60 64 0.234783
60 65 0.153409
60 66 0.158824
60 67 0.081325
60 68 0.095070
60 69 0.148352
60 70 0.116883
60 71 0.103448
60 72 0.064286
60 73 0.155172
60 74 0.170886
60 75 0.204545
60 76 0.964286
60 77 0.082317
60 78 0.091525
60 79 0.080597
60 80 0.066998
60 81 0.058568
60 82 0.143617
60 83 0.090909
60 84 0.094737
60 85 0.062937
60 86 0.061086
60 87 0.154286
60 88 0.574468
60 89 0.133005
60 90 0.112033
60 91 0.058315
60 92 0.126761
60 93 0.080838
60 94 0.098540
60 95 0.217742
60 96 0.097122
60 97 0.089109
60 98 0.077143
60 99 0.067164
61 62 0.156425
61 63 0.110236
61 64 0.150943
61 65 0.164223
61 66 0.120950
61 67 0.244541
61 68 0.294737
61 69 0.150943
61 70 0.229508
61 71 0.116424
61 72 0.391608
61 73 0.150134
61 74 0.112000
61 75 0.149733
61 76 0.117400
61 77 0.156425
61 78 0.318182
61 79 0.408759
61 80 0.746667
61 81 0.982456
61 82 0.183607
61 83 0.226721
61 84 0.266667
61 85 0.164706
61 86 0.258065
61 87 0.178344
61 88 0.121475
61 89 0.173913
61 90 0.143223
61 91 0.156863
61 92 0.186667
61 93 0.181230
61 94 0.167665
61 95 0.106061
61 96 0.260465
61 97 0.297872
61 98 0.164223
61 99 0.251121
62 63 0.049080
62 64 0.275862
62 65 0.941176
62 66 0.056338
62 67 0.052632
62 68 0.078431
62 69 0.533333
62 70 0.130081
62 71 0.044077
62 72 0.044944
62 73 0.069264
62 74 0.054608
62 75 0.086486
62 76 0.085561
62 77 0.044077
62 78 0.085106
62 79 0.066667
62 80 0.056338
62 81 0.047904
62 82 0.088398
62 83 0.113475
62 84 0.106667
62 85 0.036281
62 86 0.039506
62 87 0.301887
62 88 0.122137
62 89 0.072398
62 90 0.164948
62 91 0.033684
62 92 0.075117
62 93 0.046110
62 94 0.052980
62 95 0.057348
62 96 0.110345
62 97 0.093023
62 98 0.042781
62 99 0.043127
63 64 0.144981
63 65 0.118182
63 66 0.812500
63 67 0.130000
63 68 0.118902
63 69 0.110795
63 70 0.120370
63 71 0.464286
63 72 0.096059
63 73 0.284672
63 74 0.975000
63 75 0.250000
63 76 0.229412
63 77 0.178899
63 78 0.107438
63 79 0.103175
63 80 0.084599
63 81 0.074713
63 82 0.182243
63 83 0.092199
63 84 0.101036
63 85 0.120370
63 86 0.099490
63 87 0.127036
63 88 0.161157
63 89 0.208556
63 90 0.093301
63 91 0.110482
63 92 0.185714
63 93 0.154150
63 94 0.200000
63 95 0.410526
63 96 0.102632
63 97 0.098485
63 98 0.157895
63 99 0.110169
64 65 0.938462
64 66 0.268722
64 67 0.218638
64 68 0.308081
64 69 0.726190
64 70 0.480315
64 71 0.197411
64 72 0.175793
64 73 0.338889
64 74 0.258475
64 75 0.462121
64 76 0.455224
64 77 0.190031
64 78 0.312821
64 79 0.252066
64 80 0.203333
64 81 0.171348
64 82 0.429577
64 83 0.335165
64 84 0.350575
64 85 0.149877
64 86 0.158031
64 87 0.983871
64 88 0.655914
64 89 0.342697
64 90 0.401316
64 91 0.138322
64 92 0.348571
64 93 0.196774
64 94 0.234615
64 95 0.273543
64 96 0.365269
64 97 0.314433
64 98 0.182090
64 99 0.174785
65 66 0.128472
65 67 0.126280
65 68 0.193717
65 69 0.973684
65 70 0.342593
65 71 0.101370
65 72 0.108187
65 73 0.160870
65 74 0.123746
65 75 0.198925
65 76 0.187817
65 77 0.103641
65 78 0.213873
65 79 0.164444
65 80 0.138060
65 81 0.116352
65 82 0.211429
65 83 0.296000
65 84 0.276119
65 85 0.085450
65 86 0.094148
65 87 0.880952
65 88 0.255172
65 89 0.171296
65 90 0.370000
65 91 0.079399
65 92 0.178744
65 93 0.109145
65 94 0.124579
65 95 0.128920
65 96 0.289062
65 97 0.237179
65 98 0.100543
65 99 0.102778
66 67 0.166023
66 68 0.153025
66 69 0.138264
66 70 0.155797
66 71 0.472527
66 72 0.117486
66 73 0.477778
66 74 0.977273
66 75 0.394495
66 76 0.294521
66 77 0.221649
66 78 0.136508
66 79 0.129909
66 80 0.103865
66 81 0.090526
66 82 0.259036
66 83 0.114058
66 84 0.127219
66 85 0.142857
66 86 0.120448
66 87 0.164122
66 88 0.201878
66 89 0.304965
66 90 0.113757
66 91 0.129518
66 92 0.262195
66 93 0.194570
66 94 0.268750
66 95 0.434343
66 96 0.129518
66 97 0.123563
66 98 0.193694
66 99 0.135220
67 68 0.586777
67 69 0.214502
67 70 0.362245
67 71 0.275194
67 72 0.657407
67 73 0.396648
67 74 0.235099
67 75 0.346341
67 76 0.217125
67 77 0.541985
67 78 0.427711
67 79 0.522059
67 80 0.341346
67 81 0.272031
67 82 0.486301
67 83 0.248252
67 84 0.315556
67 85 0.470199
67 86 0.645455
67 87 0.281746
67 88 0.205202
67 89 0.533835
67 90 0.184416
67 91 0.392265
67 92 0.591667
67 93 0.845238
67 94 0.651376
67 95 0.205797
67 96 0.316964
67 97 0.327189
67 98 0.601695
67 99 0.986111
68 69 0.207048
68 70 0.559524
68 71 0.148734
68 72 0.309211
68 73 0.246073
68 74 0.149206
68 75 0.252688
68 76 0.162630
68 77 0.203463
68 78 0.979167
68 79 0.886792
68 80 0.350746
68 81 0.241026
68 82 0.401709
68 83 0.283133
68 84 0.447619
68 85 0.173432
68 86 0.229268
68 87 0.307190
68 88 0.166667
68 89 0.330986
68 90 0.171533
68 91 0.155629
68 92 0.394958
68 93 0.243523
68 94 0.255435
68 95 0.138235
68 96 0.451923
68 97 0.479592
68 98 0.206140
68 99 0.265537
69 70 0.465278
69 71 0.170918
69 72 0.177249
69 73 0.257692
69 74 0.210692
69 75 0.313084
69 76 0.325243
69 77 0.170918
69 78 0.325243
69 79 0.258687
69 80 0.225589
69 81 0.195335
69 82 0.319048
69 83 0.478571
69 84 0.413580
69 85 0.142857
69 86 0.155814
69 87 0.848101
69 88 0.465278
69 89 0.268000
69 90 0.985294
69 91 0.133201
69 92 0.276860
69 93 0.178667
69 94 0.201807
69 95 0.223333
69 96 0.426752
69 97 0.364130
69 98 0.166253
69 99 0.168766
70 71 0.165165
70 72 0.234043
70 73 0.282051
70 74 0.182119
70 75 0.325444
70 76 0.227273
70 77 0.193662
70 78 0.797101
70 79 0.462185
70 80 0.316092
70 81 0.238095
70 82 0.462185
70 83 0.509259
70 84 0.887097
70 85 0.160350
70 86 0.190972
70 87 0.753425
70 88 0.252294
70 89 0.343750
70 90 0.287958
70 91 0.146667
70 92 0.390071
70 93 0.215686
70 94 0.241228
70 95 0.176282
70 96 0.982143
70 97 0.723684
70 98 0.190972
70 99 0.213178
71 72 0.318681
71 73 0.828571
71 74 0.991453
71 75 0.648045
71 76 0.489451
71 77 0.763158
71 78 0.324930
71 79 0.321330
71 80 0.261261
71 81 0.230616
71 82 0.539535
71 83 0.264237
71 84 0.295918
71 85 0.462151
71 86 0.345238
71 87 0.347305
71 88 0.382838
71 89 0.655367
71 90 0.252174
71 91 0.418773
71 92 0.582915
71 93 0.597938
71 94 0.778523
71 95 0.659091
71 96 0.299742
71 97 0.291457
71 98 0.644444
71 99 0.386667
72 73 0.273050
72 74 0.189189
72 75 0.256667
72 76 0.183771
72 77 0.340708
72 78 0.435028
72 79 0.611111
72 80 0.496774
72 81 0.407407
72 82 0.329060
72 83 0.261905
72 84 0.324895
72 85 0.388889
72 86 0.987179
72 87 0.252459
72 88 0.180751
72 89 0.330472
72 90 0.182898
72 91 0.356481
72 92 0.358140
72 93 0.435028
72 94 0.356481
72 95 0.172260
72 96 0.323529
72 97 0.350000
72 98 0.375610
72 99 0.950617
73 74 0.382812
73 75 0.980000
73 76 0.304348
73 77 0.318182
73 78 0.215859
73 79 0.203320
73 80 0.151235
73 81 0.127273
73 82 0.620253
73 83 0.163333
73 84 0.192157
73 85 0.191406
73 86 0.172535
73 87 0.248731
73 88 0.240196
73 89 0.942308
73 90 0.149390
73 91 0.168966
73 92 0.662162
73 93 0.300613
73 94 0.490000
73 95 0.295181
73 96 0.196000
73 97 0.186312
73 98 0.278409
73 99 0.200820
74 75 0.440299
74 76 0.450382
74 77 0.248945
74 78 0.170029
74 79 0.160763
74 80 0.131696
74 81 0.115686
74 82 0.296482
74 83 0.148241
74 84 0.162088
74 85 0.171512
74 86 0.147132
74 87 0.211470
74 88 0.289216
74 89 0.327778
74 90 0.153646
74 91 0.157754
74 92 0.293532
74 93 0.222642
74 94 0.289216
74 95 0.983333
74 96 0.164804
74 97 0.156915
74 98 0.222642
74 99 0.163435
75 76 0.560976
75 77 0.343284
75 78 0.322430
75 79 0.288703
75 80 0.216981
75 81 0.182058
75 82 0.985714
75 83 0.256506
75 84 0.298701
75 85 0.230769
75 86 0.219745
75 87 0.439490
75 88 0.439490
75 89 0.945205
75 90 0.244681
75 91 0.206587
75 92 0.802326
75 93 0.338235
75 94 0.479167
75 95 0.448052
75 96 0.306667
75 97 0.285124
75 98 0.312217
75 99 0.251825
76 77 0.233974
76 78 0.240132
76 79 0.214076
76 80 0.177184
76 81 0.154989
76 82 0.394595
76 83 0.231746
76 84 0.244147
76 85 0.175481
76 86 0.167431
76 87 0.380208
76 88 0.986486
76 89 0.374359
76 90 0.273408
76 91 0.162584
76 92 0.350962
76 93 0.226006
76 94 0.280769
76 95 0.752577
76 96 0.250000
76 97 0.231013
76 98 0.217910
76 99 0.184343
77 78 0.100719
77 79 0.107280
77 80 0.082840
77 81 0.071611
77 82 0.153005
77 83 0.072165
77 84 0.084848
77 85 0.259259
77 86 0.149733
77 87 0.088050
77 88 0.078431
77 89 0.195804
77 90 0.061404
77 91 0.200000
77 92 0.185430
77 93 0.560000
77 94 0.459016
77 95 0.095890
77 96 0.085627
77 97 0.085366
77 98 0.965517
77 99 0.181818
78 79 0.944444
78 80 0.467890
78 81 0.301775
78 82 0.340000
78 83 0.414634
78 84 0.822581
78 85 0.161392
78 86 0.212500
78 87 0.361702
78 88 0.178947
78 89 0.281768
78 90 0.209016
78 91 0.147399
78 92 0.320755
78 93 0.212500
78 94 0.221739
78 95 0.139726
78 96 0.809524
78 97 0.980769
78 98 0.185455
78 99 0.236111
79 80 0.988095
79 81 0.572414
79 82 0.488235
79 83 0.488235
79 84 0.741071
79 85 0.294326
79 86 0.430052
79 87 0.434555
79 88 0.251515
79 89 0.434555
79 90 0.279461
79 91 0.268608
79 92 0.494048
79 93 0.380734
79 94 0.375566
79 95 0.211735
79 96 0.734513
79 97 0.873684
79 98 0.328063
79 99 0.479769
80 81 0.983871
80 82 0.244000
80 83 0.350575
80 84 0.448529
80 85 0.178363
80 86 0.261803
80 87 0.252066
80 88 0.155612
80 89 0.222628
80 90 0.191824
80 91 0.167123
80 92 0.243028
80 93 0.209622
80 94 0.201987
80 95 0.129512
80 96 0.432624
80 97 0.535088
80 98 0.187117
80 99 0.269912
81 82 0.522436
81 83 0.772512
81 84 0.881081
81 85 0.423377
81 86 0.612782
81 87 0.550676
81 88 0.363839
81 89 0.486567
81 90 0.457865
81 91 0.403465
81 92 0.522436
81 93 0.473837
81 94 0.452778
81 95 0.306391
81 96 0.853403
81 97 0.993902
81 98 0.432361
81 99 0.610487
82 83 0.141593
82 84 0.179775
82 85 0.120755
82 86 0.125000
82 87 0.235294
82 88 0.160000
82 89 0.744186
82 90 0.116788
82 91 0.106667
82 92 0.969697
82 93 0.189349
82 94 0.262295
82 95 0.142857
82 96 0.184971
82 97 0.172973
82 98 0.164103
82 99 0.147465
83 84 0.983871
83 85 0.139588
83 86 0.168975
83 87 0.491935
83 88 0.226766
83 89 0.228464
83 90 0.417808
83 91 0.130621
83 92 0.245968
83 93 0.171831
83 94 0.183183
83 95 0.153266
83 96 0.968254
83 97 0.813333
83 98 0.156812
83 99 0.180473
84 85 0.015957
84 86 0.019868
84 87 0.053097
84 88 0.022556
84 89 0.027778
84 90 0.031746
84 91 0.014778
84 92 0.030612
84 93 0.020270
84 94 0.021583
84 95 0.016086
84 96 0.857143
84 97 0.260870
84 98 0.018182
84 99 0.021661
85 86 0.263566
85 87 0.086735
85 88 0.074725
85 89 0.145923
85 90 0.064272
85 91 0.971429
85 92 0.145923
85 93 0.350515
85 94 0.217949
85 95 0.085000
85 96 0.090909
85 97 0.092643
85 98 0.414634
85 99 0.285714
86 87 0.113314
86 88 0.087912
86 89 0.165289
86 90 0.083507
86 91 0.283688
86 92 0.174672
86 93 0.281690
86 94 0.202020
86 95 0.089286
86 96 0.132450
86 97 0.139373
86 98 0.250000
86 99 0.975610
87 88 0.681818
87 89 0.589888
87 90 0.755396
87 91 0.247059
87 92 0.628743
87 93 0.352349
87 94 0.406977
87 95 0.381818
87 96 0.990566
87 97 0.789474
87 98 0.321101
87 99 0.329154
88 89 0.754464
88 90 0.853535
88 91 0.345603
88 92 0.737991
88 93 0.470752
88 94 0.563333
88 95 0.994118
88 96 0.650000
88 97 0.590909
88 98 0.448276
88 99 0.405276
89 90 0.073016
89 91 0.086142
89 92 0.958333
89 93 0.169118
89 94 0.277108
89 95 0.106977
89 96 0.108491
89 97 0.104072
89 98 0.145570
89 99 0.113861
90 91 0.327402
90 92 0.603279
90 93 0.422018
90 94 0.464646
90 95 0.508287
90 96 0.994595
90 97 0.880383
90 98 0.394850
90 99 0.409800
91 92 0.426966
91 93 0.863636
91 94 0.600000
91 95 0.264501
91 96 0.281481
91 97 0.287154
91 98 0.991304
91 99 0.814286
92 93 0.661765
92 94 0.989011
92 95 0.384615
92 96 0.468750
92 97 0.450000
92 98 0.555556
92 99 0.473684
93 94 0.546875
93 95 0.110410
93 96 0.119048
93 97 0.120275
93 98 0.972222
93 99 0.327103
94 95 0.299213
94 96 0.277372
94 97 0.273381
94 98 0.987013
94 99 0.477987
95 96 0.868852
95 97 0.821705
95 98 0.996865
95 99 0.779412
96 97 0.964286
96 98 0.082317
96 99 0.097473
97 98 0.809816
97 99 0.996226
98 99 0.992308
