100 4950
0 1 0.103524
0 2 0.139466
0 3 0.094188
0 4 0.159864
0 5 0.095723
0 6 0.166667
0 7 0.216590
0 8 0.114078
0 9 0.118090
0 10 0.150641
0 11 0.335714
0 12 0.100858
0 13 0.126344
0 14 0.111374
0 15 0.126005
0 16 0.330986
0 17 0.172161
0 18 0.130556
0 19 0.691176
0 20 0.348148
0 21 0.174721
0 22 0.143293
0 23 0.143731
0 24 0.153094
0 25 0.099576
0 26 0.216590
0 27 0.116337
0 28 0.412281
0 29 0.290123
0 30 0.139466
0 31 0.191837
0 32 0.100642
0 33 0.097917
0 34 0.099576
0 35 0.105145
0 36 0.328671
0 37 0.326389
0 38 0.178030
0 39 0.091977
0 40 0.116337
0 41 0.108796
0 42 0.217593
0 43 0.171533
0 44 0.222749
0 45 0.141141
0 46 0.214612
0 47 0.259669
0 48 0.104444
0 49 0.141566
0 50 0.227053
0 51 0.195833
0 52 0.126344
0 53 0.206140
0 54 0.144172
0 55 0.168459
0 56 0.107551
0 57 0.077176
0 58 0.140299
0 59 0.258242
0 60 0.087199
0 61 0.129834
0 62 0.237374
0 63 0.115196
0 64 0.106818
0 65 0.085299
0 66 0.096708
0 67 0.166078
0 68 0.092885
0 69 0.139053
0 70 0.124339
0 71 0.127027
0 72 0.494737
0 73 0.373016
0 74 0.160410
0 75 0.112710
0 76 0.162630
0 77 0.154098
0 78 0.356061
0 79 0.096115
0 80 0.103982
0 81 0.099366
0 82 0.979167
0 83 0.839286
0 84 0.661972
0 85 0.103524
0 86 0.107062
0 87 0.132394
0 88 0.233831
0 89 0.118987
0 90 0.223810
0 91 0.141566
0 92 0.142424
0 93 0.169065
0 94 0.108545
0 95 0.258242
0 96 0.100427
0 97 0.081739
0 98 0.164912
0 99 0.097713
1 2 0.129870
1 3 0.114286
1 4 0.075188
1 5 0.180180
1 6 0.099010
1 7 0.067568
1 8 0.190476
1 9 0.322581
1 10 0.073260
1 11 0.061920
1 12 0.714286
1 13 0.093023
1 14 0.055249
1 15 0.070922
1 16 0.055096
1 17 0.057307
1 18 0.064516
1 19 0.049020
1 20 0.044053
1 21 0.074906
1 22 0.042735
1 23 0.041667
1 24 0.125786
1 25 0.186916
1 26 0.067114
1 27 0.219780
1 28 0.058480
1 29 0.064309
1 30 0.080972
1 31 0.076923
1 32 0.121212
1 33 0.102564
1 34 0.363636
1 35 0.062500
1 36 0.063694
1 37 0.054496
1 38 0.057471
1 39 0.160000
1 40 0.196078
1 41 0.065147
1 42 0.079681
1 43 0.108108
1 44 0.047733
1 45 0.109290
1 46 0.054945
1 47 0.064935
1 48 0.952381
1 49 0.142857
1 50 0.072202
1 51 0.088496
1 52 0.094787
1 53 0.063694
1 54 0.126582
1 55 0.070423
1 56 0.400000
1 57 0.066445
1 58 0.160000
1 59 0.059880
1 60 0.098039
1 61 0.158730
1 62 0.070423
1 63 0.425532
1 64 0.235294
1 65 0.106952
1 66 0.253165
1 67 0.051546
1 68 0.078431
1 69 0.040733
1 70 0.081633
1 71 0.071942
1 72 0.047733
1 73 0.044944
1 74 0.058651
1 75 0.317460
1 76 0.088889
1 77 0.040080
1 78 0.056180
1 79 0.156250
1 80 0.129870
1 81 0.061728
1 82 0.045045
1 83 0.045455
1 84 0.046729
1 85 0.740741
1 86 0.057803
1 87 0.188679
1 88 0.056022
1 89 0.093023
1 90 0.063898
1 91 0.064103
1 92 0.102041
1 93 0.104167
1 94 0.067797
1 95 0.061728
1 96 0.094340
1 97 0.077821
1 98 0.042017
1 99 0.416667
2 3 0.159763
2 4 0.103846
2 5 0.174194
2 6 0.482143
2 7 0.109312
2 8 0.141361
2 9 0.287234
2 10 0.217742
2 11 0.117904
2 12 0.178808
2 13 0.300000
2 14 0.113924
2 15 0.178808
2 16 0.121622
2 17 0.137755
2 18 0.156977
2 19 0.088235
2 20 0.072000
2 21 0.109756
2 22 0.085174
2 23 0.082317
2 24 0.201493
2 25 0.115880
2 26 0.108434
2 27 0.157895
2 28 0.120000
2 29 0.151685
2 30 0.257143
2 31 0.121076
2 32 0.195652
2 33 0.170886
2 34 0.136364
2 35 0.126761
2 36 0.137755
2 37 0.092784
2 38 0.139175
2 39 0.154286
2 40 0.148352
2 41 0.137755
2 42 0.150838
2 43 0.350649
2 44 0.101124
2 45 0.135000
2 46 0.127962
2 47 0.112500
2 48 0.166667
2 49 0.964286
2 50 0.125581
2 51 0.165644
2 52 0.310345
2 53 0.098540
2 54 0.167702
2 55 0.206107
2 56 0.232759
2 57 0.091837
2 58 0.232759
2 59 0.143617
2 60 0.128571
2 61 0.165644
2 62 0.186207
2 63 0.228814
2 64 0.252336
2 65 0.125000
2 66 0.121622
2 67 0.114407
2 68 0.132353
2 69 0.079412
2 70 0.225000
2 71 0.184932
2 72 0.095745
2 73 0.089404
2 74 0.142105
2 75 0.169811
2 76 0.375000
2 77 0.078035
2 78 0.099265
2 79 0.105058
2 80 0.105469
2 81 0.118421
2 82 0.079412
2 83 0.080119
2 84 0.081818
2 85 0.192857
2 86 0.117391
2 87 0.442623
2 88 0.131068
2 89 0.257143
2 90 0.165644
2 91 0.161677
2 92 0.127358
2 93 0.450000
2 94 0.144385
2 95 0.150000
2 96 0.174194
2 97 0.106719
2 98 0.083591
2 99 0.136364
3 4 0.079208
3 5 0.470588
3 6 0.146119
3 7 0.078431
3 8 0.117216
3 9 0.191617
3 10 0.147465
3 11 0.080605
3 12 0.214765
3 13 0.228571
3 14 0.134454
3 15 0.172973
3 16 0.085791
3 17 0.108108
3 18 0.148148
3 19 0.067511
3 20 0.058932
3 21 0.080808
3 22 0.082474
3 23 0.079602
3 24 0.115942
3 25 0.114286
3 26 0.078049
3 27 0.125490
3 28 0.082051
3 29 0.094675
3 30 0.173913
3 31 0.084433
3 32 0.969697
3 33 0.888889
3 34 0.140969
3 35 0.176796
3 36 0.088398
3 37 0.069869
3 38 0.107023
3 39 0.500000
3 40 0.119403
3 41 0.181818
3 42 0.093023
3 43 0.131148
3 44 0.082902
3 45 0.097264
3 46 0.095808
3 47 0.079012
3 48 0.164103
3 49 0.173913
3 50 0.084433
3 51 0.098765
3 52 0.231884
3 53 0.073903
3 54 0.109215
3 55 0.131148
3 56 0.240602
3 57 0.238806
3 58 0.130081
3 59 0.096096
3 60 0.761905
3 61 0.116364
3 62 0.105611
3 63 0.172973
3 64 0.323232
3 65 0.581818
3 66 0.128514
3 67 0.098160
3 68 0.372093
3 69 0.077859
3 70 0.209150
3 71 0.174863
3 72 0.073733
3 73 0.072072
3 74 0.114695
3 75 0.139738
3 76 0.150235
3 77 0.074246
3 78 0.072727
3 79 0.106667
3 80 0.097561
3 81 0.182857
3 82 0.063241
3 83 0.063492
3 84 0.064386
3 85 0.214765
3 86 0.150235
3 87 0.173913
3 88 0.094675
3 89 0.262295
3 90 0.105263
3 91 0.137339
3 92 0.093567
3 93 0.140351
3 94 0.196319
3 95 0.097561
3 96 0.524590
3 97 0.355556
3 98 0.077108
3 99 0.148837
4 5 0.072626
4 6 0.105263
4 7 0.333333
4 8 0.150289
4 9 0.107884
4 10 0.074928
4 11 0.156627
4 12 0.089655
4 13 0.074928
4 14 0.054054
4 15 0.065491
4 16 0.088136
4 17 0.068602
4 18 0.063882
4 19 0.114035
4 20 0.114537
4 21 0.962963
4 22 0.052632
4 23 0.051896
4 24 0.200000
4 25 0.116592
4 26 0.333333
4 27 0.145251
4 28 0.117117
4 29 0.106122
4 30 0.075145
4 31 0.440678
4 32 0.068421
4 33 0.063882
4 34 0.104000
4 35 0.055556
4 36 0.124402
4 37 0.166667
4 38 0.070081
4 39 0.068966
4 40 0.152047
4 41 0.057650
4 42 0.222222
4 43 0.133333
4 44 0.066496
4 45 0.313253
4 46 0.073654
4 47 0.226087
4 48 0.104000
4 49 0.110638
4 50 0.265306
4 51 0.228070
4 52 0.075581
4 53 0.361111
4 54 0.230088
4 55 0.079027
4 56 0.092199
4 57 0.048327
4 58 0.163522
4 59 0.087838
4 60 0.058691
4 61 0.184397
4 62 0.104418
4 63 0.112554
4 64 0.084142
4 65 0.059633
4 66 0.103175
4 67 0.062802
4 68 0.056522
4 69 0.050584
4 70 0.069519
4 71 0.066327
4 72 0.081761
4 73 0.072423
4 74 0.067358
4 75 0.126829
4 76 0.092199
4 77 0.052104
4 78 0.160494
4 79 0.112554
4 80 0.142077
4 81 0.053498
4 82 0.100000
4 83 0.102767
4 84 0.110169
4 85 0.092199
4 86 0.054054
4 87 0.117117
4 88 0.077612
4 89 0.071429
4 90 0.087248
4 91 0.066496
4 92 0.366197
4 93 0.115556
4 94 0.058559
4 95 0.091228
4 96 0.063415
4 97 0.052632
4 98 0.054852
4 99 0.097744
5 6 0.094787
5 7 0.053763
5 8 0.093897
5 9 0.169492
5 10 0.083682
5 11 0.053333
5 12 0.238095
5 13 0.121212
5 14 0.068966
5 15 0.089286
5 16 0.053333
5 17 0.062305
5 18 0.078431
5 19 0.043764
5 20 0.038610
5 21 0.056657
5 22 0.046948
5 23 0.045558
5 24 0.085106
5 25 0.093023
5 26 0.053476
5 27 0.102041
5 28 0.052910
5 29 0.060060
5 30 0.096618
5 31 0.058824
5 32 0.281690
5 33 0.208333
5 34 0.124224
5 35 0.084388
5 36 0.057143
5 37 0.046404
5 38 0.062112
5 39 0.952381
5 40 0.095694
5 41 0.087336
5 42 0.063898
5 43 0.090498
5 44 0.049383
5 45 0.071942
5 46 0.056980
5 47 0.053333
5 48 0.152672
5 49 0.124224
5 50 0.057803
5 51 0.068729
5 52 0.123457
5 53 0.050633
5 54 0.081633
5 55 0.076628
5 56 0.259740
5 57 0.104712
5 58 0.099502
5 59 0.059172
5 60 0.212766
5 61 0.090090
5 62 0.066890
5 63 0.153846
5 64 0.377358
5 65 0.253165
5 66 0.109290
5 67 0.056180
5 68 0.130719
5 69 0.044543
5 70 0.106952
5 71 0.090498
5 72 0.045872
5 73 0.044248
5 74 0.065147
5 75 0.118343
5 76 0.092593
5 77 0.043011
5 78 0.048193
5 79 0.085470
5 80 0.075758
5 81 0.085106
5 82 0.040733
5 83 0.040984
5 84 0.041754
5 85 0.232558
5 86 0.074627
5 87 0.136054
5 88 0.056980
5 89 0.130719
5 90 0.064103
5 91 0.075188
5 92 0.068493
5 93 0.093897
5 94 0.092593
5 95 0.060423
5 96 0.169492
5 97 0.136054
5 98 0.044843
5 99 0.135135
6 7 0.101382
6 8 0.100917
6 9 0.157143
6 10 0.211538
6 11 0.120219
6 12 0.108374
6 13 0.201835
6 14 0.093617
6 15 0.145695
6 16 0.131737
6 17 0.138365
6 18 0.135802
6 19 0.085938
6 20 0.066667
6 21 0.096491
6 22 0.078014
6 23 0.075085
6 24 0.164179
6 25 0.082090
6 26 0.100000
6 27 0.110553
6 28 0.128655
6 29 0.180328
6 30 0.220000
6 31 0.110000
6 32 0.117647
6 33 0.108374
6 34 0.091286
6 35 0.098214
6 36 0.152778
6 37 0.088353
6 38 0.141935
6 39 0.095652
6 40 0.105769
6 41 0.106280
6 42 0.149660
6 43 0.415094
6 44 0.100917
6 45 0.108911
6 46 0.134969
6 47 0.108374
6 48 0.106280
6 49 0.349206
6 50 0.120219
6 51 0.160584
6 52 0.205607
6 53 0.089431
6 54 0.132530
6 55 0.229167
6 56 0.130178
6 57 0.065282
6 58 0.169231
6 59 0.165414
6 60 0.084942
6 61 0.122905
6 62 0.247191
6 63 0.136646
6 64 0.134969
6 65 0.081784
6 66 0.083969
6 67 0.110553
6 68 0.091667
6 69 0.072131
6 70 0.167939
6 71 0.150685
6 72 0.096916
6 73 0.089069
6 74 0.139241
6 75 0.113402
6 76 0.578947
6 77 0.072131
6 78 0.096491
6 79 0.075601
6 80 0.078292
6 81 0.090164
6 82 0.076389
6 83 0.076923
6 84 0.078571
6 85 0.114583
6 86 0.093617
6 87 0.222222
6 88 0.141935
6 89 0.169231
6 90 0.198198
6 91 0.147651
6 92 0.104265
6 93 0.956522
6 94 0.109453
6 95 0.176000
6 96 0.112821
6 97 0.073579
6 98 0.078014
6 99 0.090535
7 8 0.009050
7 9 0.007812
7 10 0.006472
7 11 0.021978
7 12 0.006329
7 13 0.006154
7 14 0.004505
7 15 0.005495
7 16 0.008811
7 17 0.006135
7 18 0.005405
7 19 0.013245
7 20 0.012270
7 21 0.037736
7 22 0.004608
7 23 0.004545
7 24 0.014388
7 25 0.007194
7 26 0.666667
7 27 0.009091
7 28 0.013423
7 29 0.010989
7 30 0.006369
7 31 0.054054
7 32 0.005277
7 33 0.004963
7 34 0.006803
7 35 0.004545
7 36 0.014184
7 37 0.024096
7 38 0.006289
7 39 0.005102
7 40 0.009259
7 41 0.004728
7 42 0.028169
7 43 0.011628
7 44 0.006135
7 45 0.015385
7 46 0.006826
7 47 0.051282
7 48 0.007042
7 49 0.008850
7 50 0.055556
7 51 0.023529
7 52 0.006192
7 53 0.066667
7 54 0.014184
7 55 0.006993
7 56 0.006667
7 57 0.003717
7 58 0.011494
7 59 0.008511
7 60 0.004464
7 61 0.011299
7 62 0.010256
7 63 0.007874
7 64 0.006250
7 65 0.004474
7 66 0.006645
7 67 0.005587
7 68 0.004444
7 69 0.004415
7 70 0.005747
7 71 0.005556
7 72 0.008197
7 73 0.007018
7 74 0.005935
7 75 0.008264
7 76 0.008032
7 77 0.004598
7 78 0.023529
7 79 0.006897
7 80 0.008097
7 81 0.004338
7 82 0.010870
7 83 0.011299
7 84 0.012422
7 85 0.006536
7 86 0.004464
7 87 0.008850
7 88 0.007326
7 89 0.005797
7 90 0.008230
7 91 0.005714
7 92 0.016260
7 93 0.010101
7 94 0.004796
7 95 0.008929
7 96 0.004975
7 97 0.004032
7 98 0.004878
7 99 0.006515
8 9 0.078947
8 10 0.028754
8 11 0.032967
8 12 0.067669
8 13 0.032727
8 14 0.021127
8 15 0.026549
8 16 0.025568
8 17 0.023936
8 18 0.024862
8 19 0.025281
8 20 0.023438
8 21 0.049724
8 22 0.018036
8 23 0.017647
8 24 0.083333
8 25 0.147541
8 26 0.040541
8 27 0.428571
8 28 0.029221
8 29 0.030508
8 30 0.030508
8 31 0.048913
8 32 0.034884
8 33 0.031250
8 34 0.115385
8 35 0.022901
8 36 0.031915
8 37 0.030000
8 38 0.024194
8 39 0.039301
8 40 0.900000
8 41 0.023810
8 42 0.045685
8 43 0.050847
8 44 0.021077
8 45 0.096774
8 46 0.024000
8 47 0.037037
8 48 0.104651
8 49 0.054217
8 50 0.042254
8 51 0.052326
8 52 0.033210
8 53 0.038627
8 54 0.103448
8 55 0.028846
8 56 0.064286
8 57 0.022333
8 58 0.098901
8 59 0.027108
8 60 0.029412
8 61 0.180000
8 62 0.032374
8 63 0.098901
8 64 0.051136
8 65 0.031034
8 66 0.112500
8 67 0.021635
8 68 0.025937
8 69 0.017241
8 70 0.029412
8 71 0.026866
8 72 0.022613
8 73 0.020882
8 74 0.024064
8 75 0.200000
8 76 0.035857
8 77 0.017274
8 78 0.030508
8 79 0.112500
8 80 0.136364
8 81 0.022388
8 82 0.022959
8 83 0.023316
8 84 0.024259
8 85 0.070312
8 86 0.021687
8 87 0.068702
8 88 0.024793
8 89 0.031915
8 90 0.028302
8 91 0.025210
8 92 0.086538
8 93 0.045226
8 94 0.024523
8 95 0.028037
8 96 0.030000
8 97 0.025070
8 98 0.018109
8 99 0.096774
9 10 0.120370
9 11 0.095941
9 12 0.376812
9 13 0.156627
9 14 0.082278
9 15 0.112069
9 16 0.086093
9 17 0.089655
9 18 0.100775
9 19 0.073239
9 20 0.063725
9 21 0.110169
9 22 0.063415
9 23 0.061611
9 24 0.220339
9 25 0.180556
9 26 0.100775
9 27 0.273684
9 28 0.091228
9 29 0.103586
9 30 0.134715
9 31 0.116592
9 32 0.176871
9 33 0.147727
9 34 0.247619
9 35 0.092857
9 36 0.101562
9 37 0.081250
9 38 0.090278
9 39 0.188406
9 40 0.242991
9 41 0.097744
9 42 0.128079
9 43 0.208000
9 44 0.072829
9 45 0.159509
9 46 0.086093
9 47 0.098859
9 48 0.382353
9 49 0.333333
9 50 0.111588
9 51 0.145251
9 52 0.160494
9 53 0.093525
9 54 0.203125
9 55 0.116071
9 56 0.590909
9 57 0.086667
9 58 0.309524
9 59 0.095588
9 60 0.127451
9 61 0.240741
9 62 0.116592
9 63 0.962963
9 64 0.376812
9 65 0.132653
9 66 0.201550
9 67 0.079027
9 68 0.110638
9 69 0.059908
9 70 0.131980
9 71 0.114035
9 72 0.072423
9 73 0.067885
9 74 0.091873
9 75 0.351351
9 76 0.157576
9 77 0.059226
9 78 0.084691
9 79 0.154762
9 80 0.146893
9 81 0.089965
9 82 0.066496
9 83 0.067183
9 84 0.069149
9 85 0.456140
9 86 0.085526
9 87 0.577778
9 88 0.088136
9 89 0.152047
9 90 0.103586
9 91 0.101167
9 92 0.147727
9 93 0.198473
9 94 0.101961
9 95 0.099237
9 96 0.139037
9 97 0.101562
9 98 0.062500
9 99 0.247619
10 11 0.130435
10 12 0.124528
10 13 0.423077
10 14 0.242647
10 15 0.532258
10 16 0.190751
10 17 0.402439
10 18 0.532258
10 19 0.107143
10 20 0.083969
10 21 0.101227
10 22 0.169231
10 23 0.159420
10 24 0.139241
10 25 0.092437
10 26 0.106109
10 27 0.112628
10 28 0.150000
10 29 0.206250
10 30 0.970588
10 31 0.111111
10 32 0.176471
10 33 0.176471
10 34 0.102804
10 35 0.235714
10 36 0.165000
10 37 0.102484
10 38 0.392857
10 39 0.129921
10 40 0.108553
10 41 0.268293
10 42 0.137500
10 43 0.211538
10 44 0.194118
10 45 0.108197
10 46 0.277311
10 47 0.114983
10 48 0.116197
10 49 0.222973
10 50 0.120438
10 51 0.140426
10 52 0.412500
10 53 0.097633
10 54 0.123134
10 55 0.970588
10 56 0.144105
10 57 0.108911
10 58 0.143478
10 59 0.250000
10 60 0.132000
10 61 0.118280
10 62 0.257812
10 63 0.136929
10 64 0.158654
10 65 0.121771
10 66 0.095652
10 67 0.279661
10 68 0.166667
10 69 0.150685
10 70 0.471429
10 71 0.559322
10 72 0.142241
10 73 0.141026
10 74 0.478261
10 75 0.116608
10 76 0.492537
10 77 0.144737
10 78 0.110368
10 79 0.086842
10 80 0.087533
10 81 0.201220
10 82 0.099099
10 83 0.099099
10 84 0.099398
10 85 0.129412
10 86 0.234043
10 87 0.179348
10 88 0.261905
10 89 0.343750
10 90 0.320388
10 91 0.717391
10 92 0.104762
10 93 0.261905
10 94 0.270492
10 95 0.251908
10 96 0.195266
10 97 0.120438
10 98 0.158654
10 99 0.103125
11 12 0.136095
11 13 0.159170
11 14 0.119481
11 15 0.146497
11 16 0.330935
11 17 0.181818
11 18 0.147436
11 19 0.534884
11 20 0.310811
11 21 0.330935
11 22 0.130682
11 23 0.129213
11 24 0.272189
11 25 0.138138
11 26 0.500000
11 27 0.172932
11 28 0.779661
11 29 0.442308
11 30 0.172285
11 31 0.414414
11 32 0.125683
11 33 0.119792
11 34 0.137313
11 35 0.117347
11 36 0.779661
11 37 0.666667
11 38 0.188525
11 39 0.116162
11 40 0.172932
11 41 0.122667
11 42 0.597403
11 43 0.296774
11 44 0.192469
11 45 0.237113
11 46 0.215962
11 47 0.851852
11 48 0.145570
11 49 0.212963
11 50 0.657143
11 51 0.450980
11 52 0.159722
11 53 0.407080
11 54 0.245989
11 55 0.204444
11 56 0.146965
11 57 0.088632
11 58 0.230000
11 59 0.298701
11 60 0.105023
11 61 0.205357
11 62 0.362205
11 63 0.166065
11 64 0.142415
11 65 0.103837
11 66 0.132184
11 67 0.163701
11 68 0.108747
11 69 0.124661
11 70 0.150327
11 71 0.148867
11 72 0.300654
11 73 0.235897
11 74 0.172932
11 75 0.164286
11 76 0.224390
11 77 0.132184
11 78 0.978723
11 79 0.131805
11 80 0.146965
11 81 0.110843
11 82 0.377049
11 83 0.393162
11 84 0.433962
11 85 0.141104
11 86 0.116751
11 87 0.199134
11 88 0.239583
11 89 0.147910
11 90 0.272189
11 91 0.159170
11 92 0.239583
11 93 0.270588
11 94 0.123989
11 95 0.315068
11 96 0.121693
11 97 0.095634
11 98 0.141975
11 99 0.132948
12 13 0.059406
12 14 0.034682
12 15 0.044776
12 16 0.032609
12 17 0.034985
12 18 0.040404
12 19 0.028436
12 20 0.025424
12 21 0.041379
12 22 0.026144
12 23 0.025424
12 24 0.067416
12 25 0.090909
12 26 0.037736
12 27 0.101695
12 28 0.033994
12 29 0.037736
12 30 0.050633
12 31 0.042553
12 32 0.084507
12 33 0.070175
12 34 0.151899
12 35 0.040000
12 36 0.037037
12 37 0.031169
12 38 0.034985
12 39 0.123711
12 40 0.092308
12 41 0.041522
12 42 0.044776
12 43 0.062176
12 44 0.028708
12 45 0.057692
12 46 0.033149
12 47 0.036697
12 48 0.250000
12 49 0.084507
12 50 0.040541
12 51 0.049383
12 52 0.060606
12 53 0.035714
12 54 0.066667
12 55 0.043011
12 56 0.324324
12 57 0.043956
12 58 0.083333
12 59 0.035714
12 60 0.067797
12 61 0.080000
12 62 0.041522
12 63 0.190476
12 64 0.184615
12 65 0.075472
12 66 0.117647
12 67 0.031414
12 68 0.052174
12 69 0.024845
12 70 0.051948
12 71 0.045455
12 72 0.028169
12 73 0.026726
12 74 0.035928
12 75 0.133333
12 76 0.053812
12 77 0.024341
12 78 0.032258
12 79 0.078947
12 80 0.066298
12 81 0.039604
12 82 0.026201
12 83 0.026432
12 84 0.027088
12 85 0.923077
12 86 0.036585
12 87 0.107143
12 88 0.033613
12 89 0.060302
12 90 0.038217
12 91 0.039735
12 92 0.054299
12 93 0.060914
12 94 0.043478
12 95 0.036697
12 96 0.063492
12 97 0.052402
12 98 0.025478
12 99 0.176471
13 14 0.019737
13 15 0.044118
13 16 0.012605
13 17 0.018987
13 18 0.031250
13 19 0.008427
13 20 0.006881
13 21 0.009063
13 22 0.011407
13 23 0.010870
13 24 0.013453
13 25 0.009709
13 26 0.009174
13 27 0.011811
13 28 0.011152
13 29 0.014218
13 30 0.066667
13 31 0.009836
13 32 0.027273
13 33 0.026786
13 34 0.011236
13 35 0.024390
13 36 0.012295
13 37 0.008427
13 38 0.018634
13 39 0.016854
13 40 0.011278
13 41 0.028037
13 42 0.011765
13 43 0.019231
13 44 0.012146
13 45 0.010345
13 46 0.015385
13 47 0.009646
13 48 0.013158
13 49 0.025641
13 50 0.010274
13 51 0.012346
13 52 0.750000
13 53 0.008475
13 54 0.011952
13 55 0.028571
13 56 0.017964
13 57 0.012658
13 58 0.014634
13 59 0.015228
13 60 0.017143
13 61 0.011952
13 62 0.017045
13 63 0.015625
13 64 0.021583
13 65 0.015464
13 66 0.010309
13 67 0.015625
13 68 0.022059
13 69 0.010490
13 70 0.093750
13 71 0.047619
13 72 0.010033
13 73 0.009804
13 74 0.020979
13 75 0.012605
13 76 0.034884
13 77 0.009967
13 78 0.008955
13 79 0.009009
13 80 0.008850
13 81 0.021583
13 82 0.007792
13 83 0.007812
13 84 0.007895
13 85 0.015544
13 86 0.021127
13 87 0.020548
13 88 0.015075
13 89 0.130435
13 90 0.017857
13 91 0.029126
13 92 0.009967
13 93 0.023438
13 94 0.030612
13 95 0.015464
13 96 0.030928
13 97 0.014706
13 98 0.010638
13 99 0.011450
14 15 0.333333
14 16 0.103203
14 17 0.193333
14 18 0.386667
14 19 0.067442
14 20 0.055877
14 21 0.062907
14 22 0.166667
14 23 0.154255
14 24 0.079452
14 25 0.063043
14 26 0.065022
14 27 0.071605
14 28 0.084302
14 29 0.101754
14 30 0.211679
14 31 0.067130
14 32 0.131222
14 33 0.143564
14 34 0.069712
14 35 0.475410
14 36 0.088146
14 37 0.064018
14 38 0.182390
14 39 0.097973
14 40 0.069544
14 41 0.460317
14 42 0.077333
14 43 0.100694
14 44 0.125000
14 45 0.066975
14 46 0.142157
14 47 0.068884
14 48 0.076923
14 49 0.109434
14 50 0.070905
14 51 0.078378
14 52 0.187097
14 53 0.061311
14 54 0.073418
14 55 0.180124
14 56 0.092652
14 57 0.111969
14 58 0.082386
14 59 0.118367
14 60 0.115079
14 61 0.072500
14 62 0.112403
14 63 0.084795
14 64 0.103203
14 65 0.102113
14 66 0.065909
14 67 0.192053
14 68 0.169591
14 69 0.151042
14 70 0.241667
14 71 0.311828
14 72 0.087613
14 73 0.091195
14 74 0.224806
14 75 0.074550
14 76 0.145729
14 77 0.129464
14 78 0.067442
14 79 0.060041
14 80 0.059184
14 81 0.358025
14 82 0.064444
14 83 0.064159
14 84 0.064018
14 85 0.085546
14 86 0.966667
14 87 0.097973
14 88 0.131222
14 89 0.195946
14 90 0.131222
14 91 0.298969
14 92 0.065315
14 93 0.112840
14 94 0.386667
14 95 0.116466
14 96 0.163842
14 97 0.116000
14 98 0.134259
14 99 0.070732
15 16 0.021552
15 17 0.041667
15 18 0.156250
15 19 0.013550
15 20 0.010989
15 21 0.013228
15 22 0.024510
15 23 0.022936
15 24 0.017986
15 25 0.013298
15 26 0.013661
15 27 0.015674
15 28 0.017794
15 29 0.022624
15 30 0.096154
15 31 0.014327
15 32 0.031250
15 33 0.033113
15 34 0.014970
15 35 0.063291
15 36 0.019157
15 37 0.013089
15 38 0.039683
15 39 0.021277
15 40 0.015106
15 41 0.080645
15 42 0.016949
15 43 0.024631
15 44 0.023474
15 45 0.014451
15 46 0.029586
15 47 0.014493
15 48 0.016892
15 49 0.028090
15 50 0.015198
15 51 0.017422
15 52 0.070423
15 53 0.012723
15 54 0.016234
15 55 0.052632
15 56 0.021368
15 57 0.020000
15 58 0.018868
15 59 0.026178
15 60 0.023585
15 61 0.015974
15 62 0.026455
15 63 0.019380
15 64 0.024390
15 65 0.021008
15 66 0.013966
15 67 0.034722
15 68 0.034014
15 69 0.022026
15 70 0.131579
15 71 0.833333
15 72 0.017301
15 73 0.017422
15 74 0.050000
15 75 0.016447
15 76 0.043103
15 77 0.020243
15 78 0.013889
15 79 0.012500
15 80 0.012376
15 81 0.048544
15 82 0.012690
15 83 0.012690
15 84 0.012723
15 85 0.019231
15 86 0.058824
15 87 0.023923
15 88 0.027778
15 89 0.070423
15 90 0.030675
15 91 0.098039
15 92 0.014006
15 93 0.028902
15 94 0.081967
15 95 0.026042
15 96 0.038760
15 97 0.022026
15 98 0.021645
15 99 0.015152
16 17 0.305970
16 18 0.188073
16 19 0.267974
16 20 0.167347
16 21 0.152985
16 22 0.190698
16 23 0.188073
16 24 0.167347
16 25 0.100000
16 26 0.179825
16 27 0.121302
16 28 0.500000
16 29 0.719298
16 30 0.205000
16 31 0.172996
16 32 0.120235
16 33 0.117479
16 34 0.104061
16 35 0.133987
16 36 0.471264
16 37 0.208122
16 38 0.330645
16 39 0.104061
16 40 0.119534
16 41 0.140893
16 42 0.225275
16 43 0.226519
16 44 0.410000
16 45 0.138047
16 46 0.493976
16 47 0.214660
16 48 0.112637
16 49 0.180617
16 50 0.207071
16 51 0.209184
16 52 0.172269
16 53 0.162698
16 54 0.149635
16 55 0.294964
16 56 0.122388
16 57 0.086681
16 58 0.155894
16 59 0.976190
16 60 0.100000
16 61 0.134868
16 62 0.512500
16 63 0.128527
16 64 0.124620
16 65 0.096244
16 66 0.099274
16 67 0.271523
16 68 0.111111
16 69 0.177489
16 70 0.170833
16 71 0.179039
16 72 0.661290
16 73 0.500000
16 74 0.267974
16 75 0.119883
16 76 0.254658
16 77 0.196172
16 78 0.235632
16 79 0.095349
16 80 0.100985
16 81 0.123494
16 82 0.241176
16 83 0.238372
16 84 0.232955
16 85 0.115169
16 86 0.137584
16 87 0.158915
16 88 0.661290
16 89 0.157692
16 90 0.577465
16 91 0.214660
16 92 0.137124
16 93 0.238372
16 94 0.140411
16 95 0.911111
16 96 0.122754
16 97 0.092760
16 98 0.221622
16 99 0.102500
17 18 0.093750
17 19 0.031579
17 20 0.023936
17 21 0.025352
17 22 0.072581
17 23 0.067164
17 24 0.031469
17 25 0.021176
17 26 0.027439
17 27 0.025140
17 28 0.044118
17 29 0.060000
17 30 0.078947
17 31 0.027864
17 32 0.033708
17 33 0.033962
17 34 0.022843
17 35 0.049180
17 36 0.046154
17 37 0.028213
17 38 0.900000
17 39 0.026786
17 40 0.024523
17 41 0.052941
17 42 0.034221
17 43 0.043902
17 44 0.095745
17 45 0.025568
17 46 0.163636
17 47 0.030303
17 48 0.025210
17 49 0.041667
17 50 0.030822
17 51 0.033835
17 52 0.056250
17 53 0.025424
17 54 0.028213
17 55 0.136364
17 56 0.029316
17 57 0.024324
17 58 0.031250
17 59 0.088235
17 60 0.027607
17 61 0.026706
17 62 0.068182
17 63 0.028754
17 64 0.031250
17 65 0.025714
17 66 0.021583
17 67 0.219512
17 68 0.033835
17 69 0.061224
17 70 0.062500
17 71 0.075630
17 72 0.049451
17 73 0.052326
17 74 0.409091
17 75 0.025641
17 76 0.070866
17 77 0.060000
17 78 0.030508
17 79 0.020089
17 80 0.020501
17 81 0.043062
17 82 0.029703
17 83 0.029508
17 84 0.029221
17 85 0.027027
17 86 0.053254
17 87 0.035573
17 88 0.123288
17 89 0.051429
17 90 0.105882
17 91 0.130435
17 92 0.025000
17 93 0.050562
17 94 0.051724
17 95 0.083333
17 96 0.036885
17 97 0.026012
17 98 0.070312
17 99 0.022843
18 19 0.074586
18 20 0.060134
18 21 0.069767
18 22 0.156069
18 23 0.144385
18 24 0.091837
18 25 0.067332
18 26 0.072581
18 27 0.078947
18 28 0.098182
18 29 0.125581
18 30 0.397059
18 31 0.075419
18 32 0.141361
18 33 0.148352
18 34 0.074792
18 35 0.303371
18 36 0.105058
18 37 0.070866
18 38 0.262136
18 39 0.101504
18 40 0.076487
18 41 0.360000
18 42 0.089701
18 43 0.125581
18 44 0.142857
18 45 0.074586
18 46 0.182432
18 47 0.077810
18 48 0.083851
18 49 0.136364
18 50 0.080597
18 51 0.091216
18 52 0.272727
18 53 0.067669
18 54 0.083077
18 55 0.306818
18 56 0.103053
18 57 0.097826
18 58 0.095070
18 59 0.150838
18 60 0.111570
18 61 0.081325
18 62 0.145161
18 63 0.095070
18 64 0.115385
18 65 0.100372
18 66 0.070130
18 67 0.234783
18 68 0.155172
18 69 0.137755
18 70 0.391304
18 71 0.771429
18 72 0.098901
18 73 0.101124
18 74 0.360000
18 75 0.082317
18 76 0.214286
18 77 0.125000
18 78 0.075419
18 79 0.063529
18 80 0.063232
18 81 0.234783
18 82 0.070312
18 83 0.070130
18 84 0.070130
18 85 0.093750
18 86 0.329268
18 87 0.116379
18 88 0.166667
18 89 0.264706
18 90 0.176471
18 91 0.964286
18 92 0.072581
18 93 0.145946
18 94 0.341772
18 95 0.149171
18 96 0.169811
18 97 0.105882
18 98 0.134328
18 99 0.075630
19 20 0.260870
19 21 0.118227
19 22 0.066298
19 23 0.066116
19 24 0.094488
19 25 0.057692
19 26 0.158940
19 27 0.068768
19 28 0.269663
19 29 0.161074
19 30 0.073171
19 31 0.131868
19 32 0.054299
19 33 0.052402
19 34 0.057143
19 35 0.053691
19 36 0.212389
19 37 0.315789
19 38 0.086957
19 39 0.050314
19 40 0.068768
19 41 0.055814
19 42 0.149068
19 43 0.101695
19 44 0.098765
19 45 0.088235
19 46 0.101695
19 47 0.205128
19 48 0.059850
19 49 0.080808
19 50 0.165517
19 51 0.129032
19 52 0.067416
19 53 0.150000
19 54 0.088889
19 55 0.086957
19 56 0.060606
19 57 0.040609
19 58 0.084211
19 59 0.129730
19 60 0.046693
19 61 0.078176
19 62 0.131868
19 63 0.066298
19 64 0.059259
19 65 0.045977
19 66 0.055556
19 67 0.078947
19 68 0.048880
19 69 0.064000
19 70 0.065217
19 71 0.065753
19 72 0.183206
19 73 0.140351
19 74 0.079208
19 75 0.065753
19 76 0.088561
19 77 0.069364
19 78 0.363636
19 79 0.055684
19 80 0.061224
19 81 0.050847
19 82 0.648649
19 83 0.750000
19 84 0.960000
19 85 0.058394
19 86 0.054176
19 87 0.076433
19 88 0.111628
19 89 0.063325
19 90 0.114833
19 91 0.071642
19 92 0.089552
19 93 0.097166
19 94 0.055944
19 95 0.132597
19 96 0.053452
19 97 0.043243
19 98 0.074074
19 99 0.055684
20 21 0.339713
20 22 0.157080
20 23 0.156733
20 24 0.239865
20 25 0.160998
20 26 0.438272
20 27 0.185379
20 28 0.405714
20 29 0.302128
20 30 0.172749
20 31 0.355000
20 32 0.138402
20 33 0.133459
20 34 0.155702
20 35 0.133208
20 36 0.365979
20 37 0.806818
20 38 0.193460
20 39 0.131725
20 40 0.187335
20 41 0.137597
20 42 0.344660
20 43 0.236667
20 44 0.213213
20 45 0.242321
20 46 0.217125
20 47 0.486301
20 48 0.159910
20 49 0.196676
20 50 0.401130
20 51 0.308696
20 52 0.163594
20 53 0.455128
20 54 0.235099
20 55 0.196133
20 56 0.157428
20 57 0.106447
20 58 0.215152
20 59 0.257246
20 60 0.121575
20 61 0.209440
20 62 0.266917
20 63 0.173171
20 64 0.152688
20 65 0.120543
20 66 0.153348
20 67 0.179747
20 68 0.124780
20 69 0.152688
20 70 0.157778
20 71 0.157428
20 72 0.324201
20 73 0.277344
20 74 0.180203
20 75 0.176179
20 76 0.202857
20 77 0.163594
20 78 0.682692
20 79 0.157080
20 80 0.174447
20 81 0.127469
20 82 0.806818
20 83 0.865854
20 84 0.986111
20 85 0.154013
20 86 0.133710
20 87 0.190860
20 88 0.232026
20 89 0.155022
20 90 0.238255
20 91 0.167453
20 92 0.249123
20 93 0.223975
20 94 0.138132
20 95 0.261993
20 96 0.135238
20 97 0.113057
20 98 0.171913
20 99 0.151386
21 22 0.068376
21 23 0.067368
21 24 0.264463
21 25 0.136170
21 26 0.603774
21 27 0.174863
21 28 0.164103
21 29 0.146119
21 30 0.097859
21 31 0.969697
21 32 0.086486
21 33 0.080808
21 34 0.125000
21 35 0.070953
21 36 0.175824
21 37 0.240602
21 38 0.092219
21 39 0.085791
21 40 0.180791
21 41 0.073903
21 42 0.347826
21 43 0.180791
21 44 0.087671
21 45 0.363636
21 46 0.097561
21 47 0.359551
21 48 0.126482
21 49 0.144144
21 50 0.450704
21 51 0.347826
21 52 0.097561
21 53 0.592593
21 54 0.290909
21 55 0.104235
21 56 0.115108
21 57 0.060491
21 58 0.209150
21 59 0.118519
21 60 0.073394
21 61 0.225352
21 62 0.142222
21 63 0.140351
21 64 0.105611
21 65 0.074246
21 66 0.123077
21 67 0.082051
21 68 0.071588
21 69 0.065440
21 70 0.089636
21 71 0.085791
21 72 0.109966
21 73 0.096386
21 74 0.088154
21 75 0.153846
21 76 0.121673
21 77 0.067653
21 78 0.233577
21 79 0.130612
21 80 0.161616
21 81 0.068230
21 82 0.135593
21 83 0.139738
21 84 0.150943
21 85 0.113879
21 86 0.069264
21 87 0.150235
21 88 0.103560
21 89 0.091691
21 90 0.116788
21 91 0.086486
21 92 0.410256
21 93 0.155340
21 94 0.075117
21 95 0.123552
21 96 0.080402
21 97 0.065844
21 98 0.071429
21 99 0.118081
22 23 0.933333
22 24 0.034230
22 25 0.025547
22 26 0.032110
22 27 0.029106
22 28 0.047297
22 29 0.055336
22 30 0.062780
22 31 0.032110
22 32 0.038462
22 33 0.039548
22 34 0.027237
22 35 0.060606
22 36 0.047458
22 37 0.034063
22 38 0.109375
22 39 0.031963
22 40 0.028571
22 41 0.061674
22 42 0.037135
22 43 0.042683
22 44 0.116667
22 45 0.029598
22 46 0.099291
22 47 0.034913
22 48 0.029350
22 49 0.041543
22 50 0.034826
22 51 0.036554
22 52 0.052632
22 53 0.030369
22 54 0.031746
22 55 0.074468
22 56 0.033097
22 57 0.032483
22 58 0.034063
22 59 0.070000
22 60 0.033981
22 61 0.030435
22 62 0.057143
22 63 0.032258
22 64 0.035000
22 65 0.031818
22 66 0.026022
22 67 0.168675
22 68 0.041420
22 69 0.583333
22 70 0.058333
22 71 0.067633
22 72 0.059574
22 73 0.068627
22 74 0.109375
22 75 0.029598
22 76 0.056225
22 77 0.274510
22 78 0.036082
22 79 0.024518
22 80 0.024911
22 81 0.055118
22 82 0.037940
22 83 0.037534
22 84 0.036745
22 85 0.031180
22 86 0.068966
22 87 0.037333
22 88 0.086957
22 89 0.051282
22 90 0.071429
22 91 0.087500
22 92 0.029167
22 93 0.046512
22 94 0.059072
22 95 0.066667
22 96 0.042424
22 97 0.033413
22 98 0.269231
22 99 0.027290
23 24 0.031100
23 25 0.023256
23 26 0.029478
23 27 0.026477
23 28 0.043478
23 29 0.050388
23 30 0.055085
23 31 0.029345
23 32 0.034483
23 33 0.035326
23 34 0.024715
23 35 0.053061
23 36 0.043333
23 37 0.031401
23 38 0.094203
23 39 0.028825
23 40 0.026000
23 41 0.053942
23 42 0.033854
23 43 0.038576
23 44 0.107438
23 45 0.026971
23 46 0.087838
23 47 0.032020
23 48 0.026585
23 49 0.037249
23 50 0.031863
23 51 0.033248
23 52 0.046595
23 53 0.027897
23 54 0.028889
23 55 0.065327
23 56 0.029817
23 57 0.029213
23 58 0.030879
23 59 0.063107
23 60 0.030516
23 61 0.027660
23 62 0.051383
23 63 0.029148
23 64 0.031477
23 65 0.028634
23 66 0.023679
23 67 0.138298
23 68 0.036932
23 69 0.928571
23 70 0.051383
23 71 0.059091
23 72 0.055319
23 73 0.064356
23 74 0.093525
23 75 0.026804
23 76 0.050000
23 77 0.333333
23 78 0.033248
23 79 0.022337
23 80 0.022688
23 81 0.048507
23 82 0.035326
23 83 0.034853
23 84 0.034031
23 85 0.028139
23 86 0.059908
23 87 0.033679
23 88 0.077844
23 89 0.045296
23 90 0.063725
23 91 0.075145
23 92 0.026585
23 93 0.041667
23 94 0.051793
23 95 0.060185
23 96 0.037791
23 97 0.030023
23 98 0.288889
23 99 0.024715
24 25 0.190476
24 26 0.226950
24 27 0.326531
24 28 0.160000
24 29 0.170213
24 30 0.140351
24 31 0.301887
24 32 0.127490
24 33 0.115523
24 34 0.192771
24 35 0.092754
24 36 0.183908
24 37 0.153846
24 38 0.113879
24 39 0.125490
24 40 0.320000
24 41 0.097561
24 42 0.340426
24 43 0.390244
24 44 0.098160
24 45 0.463768
24 46 0.115523
24 47 0.213333
24 48 0.214765
24 49 0.299065
24 50 0.268908
24 51 0.463768
24 52 0.145455
24 53 0.198758
24 54 0.969697
24 55 0.140969
24 56 0.198758
24 57 0.078240
24 58 0.914286
24 59 0.139738
24 60 0.101266
24 61 0.542373
24 62 0.182857
24 63 0.278261
24 64 0.174863
24 65 0.102894
24 66 0.177778
24 67 0.098160
24 68 0.096970
24 69 0.074246
24 70 0.127490
24 71 0.117216
24 72 0.110345
24 73 0.098765
24 74 0.111111
24 75 0.285714
24 76 0.187135
24 77 0.075117
24 78 0.161616
24 79 0.171123
24 80 0.197531
24 81 0.088643
24 82 0.110345
24 83 0.112281
24 84 0.117647
24 85 0.191617
24 86 0.088643
24 87 0.344086
24 88 0.121673
24 89 0.134454
24 90 0.146119
24 91 0.113475
24 92 0.400000
24 93 0.288288
24 94 0.100000
24 95 0.147465
24 96 0.113879
24 97 0.087432
24 98 0.079800
24 99 0.180791
25 26 0.082437
25 27 0.319444
25 28 0.062500
25 29 0.065156
25 30 0.068452
25 31 0.095041
25 32 0.084871
25 33 0.076412
25 34 0.418182
25 35 0.054632
25 36 0.067251
25 37 0.064246
25 38 0.054502
25 39 0.101322
25 40 0.333333
25 41 0.056373
25 42 0.089494
25 43 0.099138
25 44 0.047718
25 45 0.154362
25 46 0.053613
25 47 0.076159
25 48 0.261364
25 49 0.109005
25 50 0.084559
25 51 0.098712
25 52 0.075163
25 53 0.079861
25 54 0.156463
25 55 0.063889
25 56 0.149351
25 57 0.057072
25 58 0.155405
25 59 0.059278
25 60 0.074675
25 61 0.207207
25 62 0.068862
25 63 0.194915
25 64 0.121053
25 65 0.080420
25 66 0.605263
25 67 0.049356
25 68 0.063712
25 69 0.040280
25 70 0.067449
25 71 0.061828
25 72 0.050218
25 73 0.046939
25 74 0.054632
25 75 0.306667
25 76 0.076923
25 77 0.040140
25 78 0.064972
25 79 0.958333
25 80 0.410714
25 81 0.053738
25 82 0.050885
25 83 0.051570
25 84 0.053364
25 85 0.172932
25 86 0.051454
25 87 0.132184
25 88 0.055024
25 89 0.073482
25 90 0.061662
25 91 0.057644
25 92 0.146497
25 93 0.091633
25 94 0.058081
25 95 0.061008
25 96 0.072555
25 97 0.063889
25 98 0.041894
25 99 0.333333
26 27 0.121622
26 28 0.180000
26 29 0.146739
26 30 0.085443
26 31 0.692308
26 32 0.070681
26 33 0.066667
26 34 0.091525
26 35 0.061086
26 36 0.190141
26 37 0.329268
26 38 0.084639
26 39 0.068528
26 40 0.124424
26 41 0.063529
26 42 0.369863
26 43 0.155172
26 44 0.082569
26 45 0.206107
26 46 0.091525
26 47 0.692308
26 48 0.094406
26 49 0.118421
26 50 0.710526
26 51 0.310345
26 52 0.083077
26 53 0.964286
26 54 0.190141
26 55 0.093750
26 56 0.089404
26 57 0.050000
26 58 0.153409
26 59 0.114407
26 60 0.060000
26 61 0.150838
26 62 0.137056
26 63 0.105469
26 64 0.083851
26 65 0.060134
26 66 0.089404
26 67 0.075000
26 68 0.059735
26 69 0.059341
26 70 0.077143
26 71 0.074586
26 72 0.110204
26 73 0.094406
26 74 0.079882
26 75 0.111111
26 76 0.107570
26 77 0.061927
26 78 0.317647
26 79 0.092784
26 80 0.108871
26 81 0.058315
26 82 0.146739
26 83 0.152542
26 84 0.168750
26 85 0.087662
26 86 0.060000
26 87 0.118421
26 88 0.098182
26 89 0.077810
26 90 0.110656
26 91 0.076705
26 92 0.217742
26 93 0.135000
26 94 0.064439
26 95 0.119469
26 96 0.066832
26 97 0.054217
26 98 0.065693
26 99 0.087379
27 28 0.043624
27 29 0.046263
27 30 0.047273
27 31 0.071038
27 32 0.054393
27 33 0.048327
27 34 0.175676
27 35 0.034946
27 36 0.047970
27 37 0.043771
27 38 0.036723
27 39 0.061033
27 40 0.928571
27 41 0.036313
27 42 0.068421
27 43 0.080745
27 44 0.031630
27 45 0.134021
27 46 0.036212
27 47 0.054167
27 48 0.178082
27 49 0.089041
27 50 0.062201
27 51 0.078788
27 52 0.051793
27 53 0.055556
27 54 0.160494
27 55 0.044369
27 56 0.106557
27 57 0.033679
27 58 0.171053
27 59 0.041139
27 60 0.044983
27 61 0.295455
27 62 0.049430
27 63 0.180556
27 64 0.082803
27 65 0.047445
27 66 0.156627
27 67 0.032663
27 68 0.039634
27 69 0.025794
27 70 0.045455
27 71 0.041270
27 72 0.033679
27 73 0.031100
27 74 0.036620
27 75 0.448276
27 76 0.055794
27 77 0.025794
27 78 0.044674
27 79 0.138298
27 80 0.151163
27 81 0.034031
27 82 0.033679
27 83 0.034211
27 84 0.035519
27 85 0.116071
27 86 0.032911
27 87 0.117117
27 88 0.037464
27 89 0.049618
27 90 0.043046
27 91 0.038576
27 92 0.119266
27 93 0.071429
27 94 0.037464
27 95 0.042484
27 96 0.046429
27 97 0.038012
27 98 0.027083
27 99 0.147727
28 29 0.459016
28 30 0.117155
28 31 0.169697
28 32 0.078212
28 33 0.075067
28 34 0.077135
28 35 0.077994
28 36 0.965517
28 37 0.239316
28 38 0.143590
28 39 0.070352
28 40 0.093333
28 41 0.081871
28 42 0.237288
28 43 0.173913
28 44 0.154696
28 45 0.117155
28 46 0.175000
28 47 0.250000
28 48 0.082596
28 49 0.127854
28 50 0.225806
28 51 0.201439
28 52 0.104478
28 53 0.162791
28 54 0.125000
28 55 0.148936
28 56 0.086420
28 57 0.055556
28 58 0.123894
28 59 0.271845
28 60 0.065116
28 61 0.108527
28 62 0.297872
28 63 0.094595
28 64 0.085627
28 65 0.063636
28 66 0.074074
28 67 0.122271
28 68 0.069307
28 69 0.089744
28 70 0.100000
28 71 0.101083
28 72 0.285714
28 73 0.202899
28 74 0.127273
28 75 0.090909
28 76 0.153005
28 77 0.096552
28 78 0.301075
28 79 0.072351
28 80 0.078873
28 81 0.073107
28 82 0.237288
28 83 0.239316
28 84 0.247788
28 85 0.082111
28 86 0.078431
28 87 0.115702
28 88 0.201439
28 89 0.096220
28 90 0.225806
28 91 0.112450
28 92 0.117155
28 93 0.168675
28 94 0.082111
28 95 0.288660
28 96 0.077348
28 97 0.059829
28 98 0.105263
28 99 0.075269
29 30 0.194444
29 31 0.188172
29 32 0.114379
29 33 0.110063
29 34 0.103245
29 35 0.117057
29 36 0.760870
29 37 0.205882
29 38 0.248227
29 39 0.099432
29 40 0.122378
29 41 0.124113
29 42 0.271318
29 43 0.275591
29 44 0.236486
29 45 0.145228
29 46 0.312500
29 47 0.233333
29 48 0.112540
29 49 0.196629
29 50 0.233333
29 51 0.248227
29 52 0.165877
29 53 0.167464
29 54 0.161290
29 55 0.273438
29 56 0.122378
29 57 0.078125
29 58 0.169903
29 59 0.660377
29 60 0.092838
29 61 0.141700
29 62 0.972222
29 63 0.131579
29 64 0.123239
29 65 0.089974
29 66 0.097765
29 67 0.196629
29 68 0.101156
29 69 0.128676
29 70 0.158371
29 71 0.161290
29 72 0.321101
29 73 0.255474
29 74 0.213415
29 75 0.122378
29 76 0.275591
29 77 0.137255
29 78 0.239726
29 79 0.093583
29 80 0.100287
29 81 0.108359
29 82 0.200000
29 83 0.200000
29 84 0.202312
29 85 0.114379
29 86 0.117845
29 87 0.169082
29 88 0.380435
29 89 0.149573
29 90 0.530303
29 91 0.184211
29 92 0.143443
29 93 0.286885
29 94 0.124555
29 95 0.813953
29 96 0.114379
29 97 0.084746
29 98 0.152174
29 99 0.101156
30 31 0.137584
30 32 0.266234
30 33 0.264516
30 34 0.138047
30 35 0.322835
30 36 0.188940
30 37 0.122024
30 38 0.350427
30 39 0.184685
30 40 0.143357
30 41 0.376147
30 42 0.168033
30 43 0.269737
30 44 0.201970
30 45 0.138047
30 46 0.271523
30 47 0.138514
30 48 0.158301
30 49 0.312977
30 50 0.146953
30 51 0.173729
30 52 0.872340
30 53 0.119534
30 54 0.158301
30 55 0.650794
30 56 0.202970
30 57 0.149635
30 58 0.188940
30 59 0.257862
30 60 0.188940
30 61 0.154717
30 62 0.280822
30 63 0.187215
30 64 0.230337
30 65 0.172269
30 66 0.127726
30 67 0.275168
30 68 0.241176
30 69 0.165992
30 70 0.976190
30 71 0.872340
30 72 0.157692
30 73 0.154717
30 74 0.410000
30 75 0.156489
30 76 0.621212
30 77 0.158301
30 78 0.130990
30 79 0.114206
30 80 0.113889
30 81 0.275168
30 82 0.115493
30 83 0.115819
30 84 0.116477
30 85 0.179825
30 86 0.301471
30 87 0.248485
30 88 0.261146
30 89 0.650794
30 90 0.315385
30 91 0.630769
30 92 0.133550
30 93 0.336066
30 94 0.390476
30 95 0.261146
30 96 0.299270
30 97 0.168724
30 98 0.171548
30 99 0.139456
31 32 0.113960
31 33 0.106383
31 34 0.155642
31 35 0.094563
31 36 0.266667
31 37 0.338983
31 38 0.126984
31 39 0.111111
31 40 0.223464
31 41 0.098522
31 42 0.666667
31 43 0.266667
31 44 0.120120
31 45 0.425532
31 46 0.135135
31 47 0.615385
31 48 0.161290
31 49 0.200000
31 50 0.975610
31 51 0.634921
31 52 0.132013
31 53 0.714286
31 54 0.384615
31 55 0.144404
31 56 0.150376
31 57 0.078431
31 58 0.285714
31 59 0.168067
31 60 0.095465
31 61 0.285714
31 62 0.208333
31 63 0.182648
31 64 0.138889
31 65 0.096154
31 66 0.151515
31 67 0.111732
31 68 0.094118
31 69 0.087719
31 70 0.121212
31 71 0.116279
31 72 0.152672
31 73 0.132450
31 74 0.120846
31 75 0.195122
31 76 0.170940
31 77 0.090703
31 78 0.341880
31 79 0.157480
31 80 0.188679
31 81 0.090498
31 82 0.185185
31 83 0.190476
31 84 0.206186
31 85 0.147059
31 86 0.092379
31 87 0.204082
31 88 0.144404
31 89 0.123457
31 90 0.165289
31 91 0.117994
31 92 0.454545
31 93 0.223464
31 94 0.100000
31 95 0.176211
31 96 0.106101
31 97 0.085470
31 98 0.096154
31 99 0.147601
32 33 0.967742
32 34 0.136986
32 35 0.179641
32 36 0.090634
32 37 0.070093
32 38 0.111111
32 39 0.389610
32 40 0.119048
32 41 0.188679
32 42 0.095541
32 43 0.140187
32 44 0.084270
32 45 0.098039
32 46 0.098684
32 47 0.080000
32 48 0.163043
32 49 0.193548
32 50 0.085714
32 51 0.101695
32 52 0.277778
32 53 0.074074
32 54 0.111524
32 55 0.140845
32 56 0.252101
32 57 0.187500
32 58 0.135135
32 59 0.099668
32 60 0.410959
32 61 0.118110
32 62 0.110701
32 63 0.178571
32 64 0.361446
32 65 0.348837
32 66 0.123457
32 67 0.100671
32 68 0.333333
32 69 0.077519
32 70 0.240000
32 71 0.189873
32 72 0.074627
32 73 0.072639
32 74 0.120000
32 75 0.140187
32 76 0.165746
32 77 0.074074
32 78 0.073350
32 79 0.102389
32 80 0.095238
32 81 0.180723
32 82 0.063291
32 83 0.063559
32 84 0.064378
32 85 0.215827
32 86 0.151515
32 87 0.189873
32 88 0.097720
32 89 0.322581
32 90 0.109890
32 91 0.145631
32 92 0.094044
32 93 0.153061
32 94 0.205479
32 95 0.101351
32 96 0.612245
32 97 0.256410
32 98 0.077320
32 99 0.143541
33 34 0.096386
33 35 0.164384
33 36 0.069364
33 37 0.053571
33 38 0.089552
33 39 0.247423
33 40 0.085106
33 41 0.171429
33 42 0.071217
33 43 0.102128
33 44 0.067416
33 45 0.071856
33 46 0.078431
33 47 0.060453
33 48 0.112150
33 49 0.134831
33 50 0.064516
33 51 0.075235
33 52 0.214286
33 53 0.055814
33 54 0.080808
33 55 0.110599
33 56 0.161074
33 57 0.176471
33 58 0.096386
33 59 0.077670
33 60 0.380952
33 61 0.084806
33 62 0.084806
33 63 0.121212
33 64 0.212389
33 65 0.275862
33 66 0.088235
33 67 0.081633
33 68 0.400000
33 69 0.063830
33 70 0.198347
33 71 0.160000
33 72 0.058394
33 73 0.057416
33 74 0.097166
33 75 0.098361
33 76 0.125000
33 77 0.060302
33 78 0.055944
33 79 0.074534
33 80 0.069565
33 81 0.170213
33 82 0.048980
33 83 0.049180
33 84 0.049793
33 85 0.142012
33 86 0.134831
33 87 0.129730
33 88 0.077170
33 89 0.260870
33 90 0.085714
33 91 0.119403
33 92 0.068966
33 93 0.111628
33 94 0.188976
33 95 0.078689
33 96 0.960000
33 97 0.247423
33 98 0.062827
33 99 0.100840
34 35 0.042781
34 36 0.047761
34 37 0.043243
34 38 0.040921
34 39 0.092486
34 40 0.200000
34 41 0.044321
34 42 0.061538
34 43 0.075117
34 44 0.034934
34 45 0.094675
34 46 0.039702
34 47 0.051282
34 48 0.410256
34 49 0.088889
34 50 0.056940
34 51 0.068085
34 52 0.060837
34 53 0.051948
34 54 0.103896
34 55 0.048780
34 56 0.153846
34 57 0.045845
34 58 0.115942
34 59 0.043478
34 60 0.062992
34 61 0.136752
34 62 0.050633
34 63 0.197531
34 64 0.114286
34 65 0.068966
34 66 0.640000
34 67 0.036866
34 68 0.051780
34 69 0.029740
34 70 0.053872
34 71 0.048485
34 72 0.035794
34 73 0.033684
34 74 0.041344
34 75 0.285714
34 76 0.059701
34 77 0.029466
34 78 0.044077
34 79 0.216216
34 80 0.149533
34 81 0.042216
34 82 0.035088
34 83 0.035477
34 84 0.036530
34 85 0.197531
34 86 0.040000
34 87 0.111888
34 88 0.040506
34 89 0.059701
34 90 0.045714
34 91 0.044321
34 92 0.088889
34 93 0.070485
34 94 0.045845
34 95 0.044693
34 96 0.060150
34 97 0.052288
34 98 0.030769
34 99 0.941176
35 36 0.050147
35 37 0.036876
35 38 0.089005
35 39 0.070248
35 40 0.044156
35 41 0.944444
35 42 0.045946
35 43 0.061818
35 44 0.062271
35 45 0.041262
35 46 0.072034
35 47 0.040284
35 48 0.050595
35 49 0.070833
35 50 0.041872
35 51 0.047091
35 52 0.134921
35 53 0.036247
35 54 0.045576
35 55 0.098837
35 56 0.062963
35 57 0.084577
35 58 0.051829
35 59 0.063670
35 60 0.088083
35 61 0.045576
35 62 0.063670
35 63 0.055556
35 64 0.072034
35 65 0.075556
35 66 0.042714
35 67 0.087179
35 68 0.153153
35 69 0.067729
35 70 0.178947
35 71 0.204819
35 72 0.047091
35 73 0.048023
35 74 0.105590
35 75 0.048159
35 76 0.088542
35 77 0.060714
35 78 0.038813
35 79 0.038288
35 80 0.037281
35 81 0.629630
35 82 0.036093
35 83 0.036093
35 84 0.036093
35 85 0.057627
35 86 0.515152
35 87 0.063910
35 88 0.068000
35 89 0.153153
35 90 0.070833
35 91 0.146552
35 92 0.040094
35 93 0.069388
35 94 0.653846
35 95 0.063433
35 96 0.139344
35 97 0.089474
35 98 0.062963
35 99 0.046448
36 37 0.576000
36 38 0.387097
36 39 0.194595
36 40 0.262774
36 41 0.222910
36 42 0.734694
36 43 0.545455
36 44 0.389189
36 45 0.331797
36 46 0.464516
36 47 0.679245
36 48 0.231511
36 49 0.378947
36 50 0.648649
36 51 0.620690
36 52 0.296296
36 53 0.431138
36 54 0.361809
36 55 0.423529
36 56 0.244068
36 57 0.150313
36 58 0.361809
36 59 0.742268
36 60 0.178660
36 61 0.309013
36 62 0.986301
36 63 0.269663
36 64 0.240803
36 65 0.174757
36 66 0.205128
36 67 0.322870
36 68 0.189974
36 69 0.230032
36 70 0.280156
36 71 0.280156
36 72 0.610169
36 73 0.464516
36 74 0.344498
36 75 0.256228
36 76 0.455696
36 77 0.244898
36 78 0.705882
36 79 0.199446
36 80 0.217523
36 81 0.198347
36 82 0.500000
36 83 0.507042
36 84 0.525547
36 85 0.230769
36 86 0.212389
36 87 0.338028
36 88 0.533333
36 89 0.269663
36 90 0.648649
36 91 0.309013
36 92 0.330275
36 93 0.525547
36 94 0.225000
36 95 0.818182
36 96 0.213650
36 97 0.162896
36 98 0.267658
36 99 0.209302
37 38 0.077419
37 39 0.053097
37 40 0.081633
37 41 0.054176
37 42 0.203390
37 43 0.111628
37 44 0.081356
37 45 0.113744
37 46 0.086957
37 47 0.406780
37 48 0.067227
37 49 0.087273
37 50 0.266667
37 51 0.169014
37 52 0.067606
37 53 0.279070
37 54 0.110599
37 55 0.081633
37 56 0.066116
37 57 0.041166
37 58 0.099174
37 59 0.109589
37 60 0.048096
37 61 0.094488
37 62 0.122449
37 63 0.074534
37 64 0.063492
37 65 0.047809
37 66 0.063325
37 67 0.069565
37 68 0.049080
37 69 0.056206
37 70 0.064171
37 71 0.063492
37 72 0.123711
37 73 0.101695
37 74 0.071856
37 75 0.075710
37 76 0.087912
37 77 0.059553
37 78 0.960000
37 79 0.064516
37 80 0.072948
37 81 0.049587
37 82 0.228571
37 83 0.247423
37 84 0.300000
37 85 0.064171
37 86 0.051836
37 87 0.084507
37 88 0.094118
37 89 0.063492
37 90 0.101695
37 91 0.067227
37 92 0.117073
37 93 0.102564
37 94 0.054545
37 95 0.113744
37 96 0.054176
37 97 0.044118
37 98 0.063325
37 99 0.062663
38 39 0.086053
38 40 0.079890
38 41 0.163842
38 42 0.113725
38 43 0.145000
38 44 0.325843
38 45 0.083815
38 46 0.630435
38 47 0.100694
38 48 0.081690
38 49 0.136150
38 50 0.102113
38 51 0.111969
38 52 0.177914
38 53 0.083815
38 54 0.092652
38 55 0.453125
38 56 0.094771
38 57 0.077128
38 58 0.102473
38 59 0.315217
38 60 0.087613
38 61 0.087349
38 62 0.233871
38 63 0.093248
38 64 0.100694
38 65 0.082153
38 66 0.070048
38 67 0.630435
38 68 0.106618
38 69 0.192053
38 70 0.195946
38 71 0.232000
38 72 0.167630
38 73 0.176829
38 74 0.966667
38 75 0.083333
38 76 0.233871
38 77 0.190789
38 78 0.101754
38 79 0.065169
38 80 0.066667
38 81 0.133641
38 82 0.098639
38 83 0.097973
38 84 0.096990
38 85 0.087349
38 86 0.163842
38 87 0.116000
38 88 0.460317
38 89 0.162921
38 90 0.381579
38 91 0.381579
38 92 0.082153
38 93 0.166667
38 94 0.160221
38 95 0.292929
38 96 0.116935
38 97 0.082621
38 98 0.224806
38 99 0.073980
39 40 0.271111
39 41 0.259574
39 42 0.182635
39 43 0.252066
39 44 0.144550
39 45 0.205387
39 46 0.165761
39 47 0.154040
39 48 0.420690
39 49 0.337017
39 50 0.166213
39 51 0.195513
39 52 0.346591
39 53 0.146988
39 54 0.230189
39 55 0.219424
39 56 0.635417
39 57 0.344633
39 58 0.276018
39 59 0.170868
39 60 0.743902
39 61 0.254167
39 62 0.191223
39 63 0.412162
39 64 0.824324
39 65 0.983871
39 66 0.316062
39 67 0.164865
39 68 0.406667
39 69 0.132321
39 70 0.306533
39 71 0.262931
39 72 0.134066
39 73 0.129512
39 74 0.190031
39 75 0.329730
39 76 0.259574
39 77 0.127615
39 78 0.139908
39 79 0.248980
39 80 0.220217
39 81 0.257384
39 82 0.119141
39 83 0.119843
39 84 0.122000
39 85 0.603960
39 86 0.222628
39 87 0.363095
39 88 0.165761
39 89 0.369697
39 90 0.184848
39 91 0.218638
39 92 0.196141
39 93 0.261803
39 94 0.274775
39 95 0.174286
39 96 0.504132
39 97 0.455224
39 98 0.132609
39 99 0.383648
40 41 0.108108
40 42 0.210526
40 43 0.239521
40 44 0.095694
40 45 0.444444
40 46 0.109290
40 47 0.168776
40 48 0.476190
40 49 0.254777
40 50 0.194175
40 51 0.242424
40 52 0.152091
40 53 0.174672
40 54 0.500000
40 55 0.132013
40 56 0.296296
40 57 0.100251
40 58 0.487805
40 59 0.124224
40 60 0.132890
40 61 0.930233
40 62 0.148699
40 63 0.470588
40 64 0.235294
40 65 0.139373
40 66 0.470588
40 67 0.098280
40 68 0.117302
40 69 0.077973
40 70 0.134228
40 71 0.122699
40 72 0.102564
40 73 0.094787
40 74 0.109890
40 75 0.975610
40 76 0.165289
40 77 0.078125
40 78 0.138408
40 79 0.454545
40 80 0.540541
40 81 0.101266
40 82 0.103896
40 83 0.105541
40 84 0.109589
40 85 0.322581
40 86 0.098280
40 87 0.327869
40 88 0.112994
40 89 0.145985
40 90 0.129450
40 91 0.114943
40 92 0.396040
40 93 0.210526
40 94 0.111421
40 95 0.128205
40 96 0.136519
40 97 0.112994
40 98 0.081967
40 99 0.421053
41 42 0.033994
41 43 0.046693
41 44 0.045977
41 45 0.030303
41 46 0.053812
41 47 0.029630
41 48 0.037152
41 49 0.053571
41 50 0.030928
41 51 0.034884
41 52 0.109091
41 53 0.026549
41 54 0.033613
41 55 0.077419
41 56 0.046512
41 57 0.057971
41 58 0.038585
41 59 0.047809
41 60 0.062827
41 61 0.033613
41 62 0.047809
41 63 0.041237
41 64 0.053571
41 65 0.054054
41 66 0.031088
41 67 0.065217
41 68 0.107143
41 69 0.048583
41 70 0.153846
41 71 0.181818
41 72 0.034582
41 73 0.035191
41 74 0.081081
41 75 0.035398
41 76 0.068571
41 77 0.043796
41 78 0.028504
41 79 0.027842
41 80 0.027149
41 81 0.285714
41 82 0.026374
41 83 0.026374
41 84 0.026432
41 85 0.042403
41 86 0.300000
41 87 0.047809
41 88 0.050847
41 89 0.125000
41 90 0.053571
41 91 0.117647
41 92 0.029484
41 93 0.052632
41 94 0.923077
41 95 0.047619
41 96 0.104348
41 97 0.062176
41 98 0.045627
41 99 0.033898
42 43 0.242718
42 44 0.090580
42 45 0.206612
42 46 0.105485
42 47 0.403226
42 48 0.102881
42 49 0.156250
42 50 0.675676
42 51 0.961538
42 52 0.098814
42 53 0.250000
42 54 0.225225
42 55 0.114679
42 56 0.101626
42 57 0.052966
42 58 0.198413
42 59 0.139665
42 60 0.064935
42 61 0.168919
42 62 0.187970
42 63 0.121951
42 64 0.095785
42 65 0.064767
42 66 0.091912
42 67 0.083893
42 68 0.065445
42 69 0.062972
42 70 0.089928
42 71 0.086207
42 72 0.116822
42 73 0.099206
42 74 0.091912
42 75 0.121951
42 76 0.139665
42 77 0.065274
42 78 0.238095
42 79 0.091241
42 80 0.104603
42 81 0.063939
42 82 0.126904
42 83 0.130208
42 84 0.140449
42 85 0.097656
42 86 0.066138
42 87 0.149701
42 88 0.114679
42 89 0.090580
42 90 0.137363
42 91 0.088652
42 92 0.206612
42 93 0.195312
42 94 0.072046
42 95 0.148810
42 96 0.074850
42 97 0.058005
42 98 0.069832
42 99 0.092251
43 44 0.119522
43 45 0.200000
43 46 0.150754
43 47 0.184049
43 48 0.163043
43 49 0.483871
43 50 0.215827
43 51 0.340909
43 52 0.196078
43 53 0.150000
43 54 0.260870
43 55 0.206897
43 56 0.184049
43 57 0.081081
43 58 0.348837
43 59 0.191083
43 60 0.105263
43 61 0.225564
43 62 0.288462
43 63 0.215827
43 64 0.177515
43 65 0.103806
43 66 0.129310
43 67 0.122449
43 68 0.107527
43 69 0.085714
43 70 0.165746
43 71 0.151515
43 72 0.127660
43 73 0.114068
43 74 0.145631
43 75 0.185185
43 76 0.333333
43 77 0.086705
43 78 0.152284
43 79 0.118110
43 80 0.126582
43 81 0.102389
43 82 0.110701
43 83 0.111940
43 84 0.116279
43 85 0.165746
43 86 0.104530
43 87 0.365854
43 88 0.160428
43 89 0.172414
43 90 0.211268
43 91 0.149254
43 92 0.188679
43 93 0.967742
43 94 0.120000
43 95 0.205479
43 96 0.129310
43 97 0.090909
43 98 0.093168
43 99 0.136986
44 45 0.143229
44 46 0.982143
44 47 0.189655
44 48 0.129717
44 49 0.196429
44 50 0.185811
44 51 0.191638
44 52 0.220884
44 53 0.156695
44 54 0.154062
44 55 0.379310
44 56 0.143979
44 57 0.118790
44 58 0.163205
44 59 0.555556
44 60 0.131265
44 61 0.143979
44 62 0.361842
44 63 0.145503
44 64 0.149864
44 65 0.124717
44 66 0.114823
44 67 0.670732
44 68 0.152778
44 69 0.413534
44 70 0.232068
44 71 0.258216
44 72 0.470085
44 73 0.604396
44 74 0.478261
44 75 0.134146
44 76 0.280612
44 77 0.500000
44 78 0.202206
44 79 0.109127
44 80 0.113169
44 81 0.183946
44 82 0.220000
44 83 0.216535
44 84 0.209924
44 85 0.135468
44 86 0.215686
44 87 0.174051
44 88 0.859375
44 89 0.207547
44 90 0.504587
44 91 0.337423
44 92 0.141388
44 93 0.237069
44 94 0.205993
44 95 0.500000
44 96 0.163690
44 97 0.125285
44 98 0.647059
44 99 0.119306
45 46 0.038462
45 47 0.082803
45 48 0.077844
45 49 0.075145
45 50 0.102362
45 51 0.127451
45 52 0.045455
45 53 0.092857
45 54 0.325000
45 55 0.044218
45 56 0.064356
45 57 0.028139
45 58 0.149425
45 59 0.045455
45 60 0.035519
45 61 0.224138
45 62 0.055794
45 63 0.086667
45 64 0.056277
45 65 0.036415
45 66 0.075145
45 67 0.033248
45 68 0.033333
45 69 0.026263
45 70 0.040752
45 71 0.038123
45 72 0.038922
45 73 0.035040
45 74 0.036620
45 75 0.106557
45 76 0.054393
45 77 0.026694
45 78 0.062201
45 79 0.080745
45 80 0.108333
45 81 0.030445
45 82 0.042208
45 83 0.043189
45 84 0.045455
45 85 0.065000
45 86 0.030303
45 87 0.085526
45 88 0.040248
45 89 0.042763
45 90 0.046263
45 91 0.037143
45 92 0.928571
45 93 0.072222
45 94 0.033592
45 95 0.047273
45 96 0.038123
45 97 0.031100
45 98 0.028139
45 99 0.070652
46 47 0.080460
46 48 0.056911
46 49 0.093333
46 50 0.080460
46 51 0.085714
46 52 0.107143
46 53 0.065625
46 54 0.067961
46 55 0.230769
46 56 0.064417
46 57 0.050239
46 58 0.073684
46 59 0.355932
46 60 0.057065
46 61 0.063253
46 62 0.198113
46 63 0.064815
46 64 0.067308
46 65 0.053985
46 66 0.049412
46 67 0.300000
46 68 0.066879
46 69 0.130435
46 70 0.112299
46 71 0.125749
46 72 0.164062
46 73 0.176471
46 74 0.276316
46 75 0.058989
46 76 0.150000
46 77 0.140000
46 78 0.083333
46 79 0.046563
46 80 0.048165
46 81 0.079848
46 82 0.083665
46 83 0.082677
46 84 0.081395
46 85 0.059829
46 86 0.094170
46 87 0.080460
46 88 0.954545
46 89 0.098131
46 90 0.355932
46 91 0.173554
46 92 0.061047
46 93 0.117978
46 94 0.092920
46 95 0.304348
46 96 0.073171
46 97 0.053571
46 98 0.169355
46 99 0.051724
47 48 0.103679
47 49 0.139640
47 50 0.968750
47 51 0.364706
47 52 0.100000
47 53 0.508197
47 54 0.194969
47 55 0.118774
47 56 0.101307
47 57 0.058161
47 58 0.168478
47 59 0.153465
47 60 0.069507
47 61 0.158163
47 62 0.185629
47 63 0.117424
47 64 0.096273
47 65 0.069196
47 66 0.096273
47 67 0.094801
47 68 0.070295
47 69 0.073986
47 70 0.093373
47 71 0.091176
47 72 0.150485
47 73 0.125506
47 74 0.100324
47 75 0.119691
47 76 0.134199
47 77 0.077500
47 78 0.584906
47 79 0.097792
47 80 0.112319
47 81 0.069820
47 82 0.203947
47 83 0.213793
47 84 0.238462
47 85 0.098101
47 86 0.072600
47 87 0.135965
47 88 0.129167
47 89 0.093373
47 90 0.145540
47 91 0.095092
47 92 0.203947
47 93 0.167568
47 94 0.077500
47 95 0.161458
47 96 0.078680
47 97 0.063008
47 98 0.082667
47 99 0.095385
48 49 0.248276
48 50 0.134328
48 51 0.165899
48 52 0.160000
48 53 0.119601
48 54 0.248276
48 55 0.123288
48 56 0.537313
48 57 0.112150
48 58 0.307692
48 59 0.107143
48 60 0.160714
48 61 0.324324
48 62 0.126316
48 63 0.782609
48 64 0.349515
48 65 0.174757
48 66 0.571429
48 67 0.090680
48 68 0.131387
48 69 0.071856
48 70 0.138996
48 71 0.123711
48 72 0.085919
48 73 0.080717
48 74 0.102857
48 75 0.782609
48 76 0.155172
48 77 0.071006
48 78 0.103746
48 79 0.330275
48 80 0.268657
48 81 0.105572
48 82 0.082192
48 83 0.083141
48 84 0.085714
48 85 0.765957
48 86 0.099448
48 87 0.330275
48 88 0.099723
48 89 0.156522
48 90 0.113565
48 91 0.111455
48 92 0.200000
48 93 0.184615
48 94 0.115756
48 95 0.110429
48 96 0.156522
48 97 0.129964
48 98 0.074380
48 99 0.972973
49 50 0.188776
49 51 0.260563
49 52 0.324561
49 53 0.146825
49 54 0.276119
49 55 0.246667
49 56 0.339450
49 57 0.118211
49 58 0.415730
49 59 0.189744
49 60 0.164444
49 61 0.272059
49 62 0.250000
49 63 0.373737
49 64 0.339450
49 65 0.162281
49 66 0.183168
49 67 0.144531
49 68 0.162996
49 69 0.102493
49 70 0.251701
49 71 0.213873
49 72 0.129825
49 73 0.120521
49 74 0.175355
49 75 0.272059
49 76 0.415730
49 77 0.101648
49 78 0.143411
49 79 0.158120
49 80 0.160870
49 81 0.145098
49 82 0.111782
49 83 0.112805
49 84 0.115987
49 85 0.284615
49 86 0.143411
49 87 0.973684
49 88 0.169725
49 89 0.280303
49 90 0.213873
49 91 0.192708
49 92 0.200000
49 93 0.660714
49 94 0.172897
49 95 0.198925
49 96 0.207865
49 97 0.136531
49 98 0.108504
49 99 0.204420
50 51 0.982143
50 52 0.190311
50 53 0.846154
50 54 0.429688
50 55 0.219124
50 56 0.199275
50 57 0.108268
50 58 0.359477
50 59 0.272277
50 60 0.131265
50 61 0.333333
50 62 0.341615
50 63 0.236052
50 64 0.187075
50 65 0.130952
50 66 0.189003
50 67 0.169231
50 68 0.131579
50 69 0.130641
50 70 0.175159
50 71 0.169231
50 72 0.248869
50 73 0.209924
50 74 0.182119
50 75 0.242291
50 76 0.257009
50 77 0.136139
50 78 0.662651
50 79 0.191638
50 80 0.222672
50 81 0.129108
50 82 0.303867
50 83 0.314286
50 84 0.343750
50 85 0.192982
50 86 0.133172
50 87 0.276382
50 88 0.228216
50 89 0.176282
50 90 0.263158
50 91 0.174603
50 92 0.443548
50 93 0.335366
50 94 0.143603
50 95 0.286458
50 96 0.148649
50 97 0.117773
50 98 0.145119
50 99 0.187075
51 52 0.356846
51 53 0.767857
51 54 0.988506
51 55 0.398148
51 56 0.387387
51 57 0.189427
51 58 0.851485
51 59 0.455026
51 60 0.235616
51 61 0.699187
51 62 0.618705
51 63 0.477778
51 64 0.361345
51 65 0.235616
51 66 0.348178
51 67 0.283828
51 68 0.234973
51 69 0.212871
51 70 0.320896
51 71 0.304965
51 72 0.367521
51 73 0.318519
51 74 0.315018
51 75 0.477778
51 76 0.500000
51 77 0.218830
51 78 0.656489
51 79 0.344000
51 80 0.396313
51 81 0.226316
51 82 0.387387
51 83 0.396313
51 84 0.421569
51 85 0.370690
51 86 0.231806
51 87 0.597222
51 88 0.378855
51 89 0.328244
51 90 0.457447
51 91 0.309353
51 92 0.826923
51 93 0.741379
51 94 0.255193
51 95 0.483146
51 96 0.270440
51 97 0.208738
51 98 0.233696
51 99 0.349593
52 53 0.065341
52 54 0.093117
52 55 0.216981
52 56 0.141104
52 57 0.096639
52 58 0.113861
52 59 0.116162
52 60 0.132184
52 61 0.092742
52 62 0.130682
52 63 0.122340
52 64 0.169118
52 65 0.119171
52 66 0.080139
52 67 0.118557
52 68 0.169118
52 69 0.079585
52 70 0.657143
52 71 0.343284
52 72 0.076667
52 73 0.074919
52 74 0.158621
52 75 0.098291
52 76 0.270588
52 77 0.075658
52 78 0.068862
52 79 0.069909
52 80 0.068452
52 81 0.161972
52 82 0.059740
52 83 0.059896
52 84 0.060526
52 85 0.121053
52 86 0.158621
52 87 0.161972
52 88 0.115000
52 89 0.958333
52 90 0.136095
52 91 0.216981
52 92 0.077181
52 93 0.182540
52 94 0.227723
52 95 0.118557
52 96 0.237113
52 97 0.112745
52 98 0.080702
52 99 0.088803
53 54 0.605096
53 55 0.301587
53 56 0.295031
53 57 0.168440
53 58 0.487179
53 59 0.363985
53 60 0.200846
53 61 0.494792
53 62 0.426009
53 63 0.346715
53 64 0.276968
53 65 0.201699
53 66 0.303514
53 67 0.246114
53 68 0.199161
53 69 0.198330
53 70 0.251989
53 71 0.244216
53 72 0.359848
53 73 0.310458
53 74 0.260274
53 75 0.368217
53 76 0.341727
53 77 0.206522
53 78 0.989583
53 79 0.318792
53 80 0.378486
53 81 0.194274
53 82 0.497382
53 83 0.519126
53 84 0.572289
53 85 0.291411
53 86 0.199161
53 87 0.380000
53 88 0.316667
53 89 0.254692
53 90 0.351852
53 91 0.250660
53 92 0.725191
53 93 0.420354
53 94 0.213004
53 95 0.376984
53 96 0.221445
53 97 0.181992
53 98 0.218391
53 99 0.295031
54 55 0.142857
54 56 0.217647
54 57 0.086854
54 58 0.755102
54 59 0.142857
54 60 0.111782
54 61 0.973684
54 62 0.179612
54 63 0.310924
54 64 0.188776
54 65 0.114198
54 66 0.226994
54 67 0.103352
54 68 0.105114
54 69 0.079741
54 70 0.132143
54 71 0.122112
54 72 0.116719
54 73 0.105114
54 74 0.115265
54 75 0.362745
54 76 0.183168
54 77 0.080786
54 78 0.176190
54 79 0.225610
54 80 0.278195
54 81 0.095361
54 82 0.120915
54 83 0.123333
54 84 0.129371
54 85 0.216374
54 86 0.094872
54 87 0.327434
54 88 0.125850
54 89 0.139623
54 90 0.147410
54 91 0.117834
54 92 0.711538
54 93 0.256944
54 94 0.106322
54 95 0.149194
54 96 0.122112
54 97 0.096859
54 98 0.085450
54 99 0.221557
55 56 0.247934
55 57 0.179104
55 58 0.266667
55 59 0.612245
55 60 0.215054
55 61 0.218978
55 62 0.612245
55 63 0.241935
55 64 0.266667
55 65 0.200669
55 66 0.170940
55 67 0.566038
55 68 0.259740
55 69 0.283019
55 70 0.588235
55 71 0.659341
55 72 0.301508
55 73 0.297030
55 74 0.952381
55 75 0.209790
55 76 0.983607
55 77 0.277778
55 78 0.222222
55 79 0.156658
55 80 0.159574
55 81 0.304569
55 82 0.200000
55 83 0.200000
55 84 0.200000
55 85 0.223881
55 86 0.352941
55 87 0.320856
55 88 0.638298
55 89 0.480000
55 90 0.857143
55 91 0.923077
55 92 0.198020
55 93 0.517241
55 94 0.387097
55 95 0.612245
55 96 0.301508
55 97 0.196078
55 98 0.310881
55 99 0.182927
56 57 0.098113
56 58 0.204724
56 59 0.086093
56 60 0.155689
56 61 0.179310
56 62 0.101562
56 63 0.490566
56 64 0.702703
56 65 0.166667
56 66 0.201550
56 67 0.075145
56 68 0.124402
56 69 0.058166
56 70 0.132653
56 71 0.113043
56 72 0.066158
56 73 0.062651
56 74 0.087248
56 75 0.270833
56 76 0.139037
56 77 0.057018
56 78 0.074286
56 79 0.147727
56 80 0.131980
56 81 0.094545
56 82 0.060185
56 83 0.060748
56 84 0.062201
56 85 0.962963
56 86 0.087542
56 87 0.313253
56 88 0.080745
56 89 0.156627
56 90 0.093190
56 91 0.097744
56 92 0.120930
56 93 0.158537
56 94 0.105691
56 95 0.088737
56 96 0.158537
56 97 0.118182
56 98 0.059770
56 99 0.268041
57 58 0.116095
57 59 0.101852
57 60 0.448980
57 61 0.107843
57 62 0.106538
57 63 0.138801
57 64 0.189655
57 65 0.372881
57 66 0.119241
57 67 0.112821
57 68 0.419048
57 69 0.097778
57 70 0.188841
57 71 0.175299
57 72 0.082552
57 73 0.082243
57 74 0.126074
57 75 0.122563
57 76 0.136646
57 77 0.091667
57 78 0.078014
57 79 0.104513
57 80 0.096916
57 81 0.245810
57 82 0.070853
57 83 0.070968
57 84 0.071545
57 85 0.159420
57 86 0.191304
57 87 0.138801
57 88 0.103044
57 89 0.204651
57 90 0.109181
57 91 0.146179
57 92 0.092437
57 93 0.125714
57 94 0.221106
57 95 0.102326
57 96 0.307692
57 97 0.977778
57 98 0.093817
57 99 0.131343
58 59 0.203320
58 60 0.171930
58 61 0.980000
58 62 0.262032
58 63 0.604938
58 64 0.324503
58 65 0.175627
58 66 0.320261
58 67 0.149390
58 68 0.161184
58 69 0.112903
58 70 0.208511
58 71 0.188462
58 72 0.157051
58 73 0.142857
58 74 0.170732
58 75 0.590361
58 76 0.295181
58 77 0.113426
58 78 0.212121
58 79 0.289941
58 80 0.322368
58 81 0.143695
58 82 0.152648
58 83 0.155063
58 84 0.161184
58 85 0.368421
58 86 0.141618
58 87 0.753846
58 88 0.179487
58 89 0.224771
58 90 0.214912
58 91 0.178182
58 92 0.490000
58 93 0.445455
58 94 0.162252
58 95 0.213043
58 96 0.192913
58 97 0.145833
58 98 0.120393
58 99 0.333333
59 60 0.029730
59 61 0.038462
59 62 0.200000
59 63 0.037931
59 64 0.037415
59 65 0.028497
59 66 0.028351
59 67 0.086614
59 68 0.033537
59 69 0.050228
59 70 0.055276
59 71 0.058201
59 72 0.107843
59 73 0.095652
59 74 0.093220
59 75 0.034591
59 76 0.089431
59 77 0.053922
59 78 0.056410
59 79 0.026895
59 80 0.028278
59 81 0.037671
59 82 0.053398
59 83 0.053140
59 84 0.052632
59 85 0.033951
59 86 0.042308
59 87 0.048035
59 88 0.275000
59 89 0.050228
59 90 0.366667
59 91 0.072368
59 92 0.037801
59 93 0.077465
59 94 0.043651
59 95 0.916667
59 96 0.037543
59 97 0.027431
59 98 0.061453
59 99 0.029570
60 61 0.106109
60 62 0.096491
60 63 0.150000
60 64 0.242647
60 65 0.970588
60 66 0.120438
60 67 0.092958
60 68 0.388235
60 69 0.076037
60 70 0.180328
60 71 0.156398
60 72 0.069915
60 73 0.068750
60 74 0.107143
60 75 0.125954
60 76 0.131474
60 77 0.072210
60 78 0.068607
60 79 0.101227
60 80 0.092437
60 81 0.182320
60 82 0.060440
60 83 0.060662
60 84 0.061338
60 85 0.184358
60 86 0.146018
60 87 0.147321
60 88 0.088472
60 89 0.214286
60 90 0.096774
60 91 0.125954
60 92 0.086842
60 93 0.123134
60 94 0.184358
60 95 0.090164
60 96 0.392857
60 97 0.622642
60 98 0.074661
60 99 0.137500
61 62 0.280172
61 63 0.698925
61 64 0.369318
61 65 0.215947
61 66 0.515873
61 67 0.172414
61 68 0.191176
61 69 0.134576
61 70 0.230496
61 71 0.211039
61 72 0.186246
61 73 0.169713
61 74 0.193452
61 75 0.984848
61 76 0.302326
61 77 0.135699
61 78 0.263158
61 79 0.503876
61 80 0.619048
61 81 0.168831
61 82 0.189504
61 83 0.192878
61 84 0.201238
61 85 0.457746
61 86 0.165816
61 87 0.607477
61 88 0.203762
61 89 0.248092
61 90 0.237226
61 91 0.200617
61 92 0.915493
61 93 0.408805
61 94 0.187320
61 95 0.236364
61 96 0.223368
61 97 0.178571
61 98 0.142857
61 99 0.496183
62 63 0.179167
62 64 0.170635
62 65 0.121127
62 66 0.128358
62 67 0.259036
62 68 0.138264
62 69 0.161654
62 70 0.229947
62 71 0.232432
62 72 0.311594
62 73 0.267081
62 74 0.300699
62 75 0.162264
62 76 0.467391
62 77 0.168627
62 78 0.250000
62 79 0.120787
62 80 0.128358
62 81 0.147766
62 82 0.204762
62 83 0.205742
62 84 0.208738
62 85 0.155235
62 86 0.161049
62 87 0.240223
62 88 0.477778
62 89 0.216080
62 90 0.860000
62 91 0.265432
62 92 0.179916
62 93 0.462366
62 94 0.173387
62 95 0.977273
62 96 0.158672
62 97 0.113757
62 98 0.186957
62 99 0.133956
63 64 0.546512
63 65 0.224880
63 66 0.451923
63 67 0.133144
63 68 0.182879
63 69 0.102620
63 70 0.210762
63 71 0.185039
63 72 0.125668
63 73 0.117500
63 74 0.153094
63 75 0.979167
63 76 0.250000
63 77 0.101732
63 78 0.151613
63 79 0.330986
63 80 0.309211
63 81 0.149682
63 82 0.118090
63 83 0.119593
63 84 0.123037
63 85 0.886792
63 86 0.142424
63 87 0.746032
63 88 0.148734
63 89 0.239796
63 90 0.173432
63 91 0.166078
63 92 0.288344
63 93 0.315436
63 94 0.167857
63 95 0.167260
63 96 0.224880
63 97 0.172161
63 98 0.106818
63 99 0.566265
64 65 0.457364
64 66 0.359756
64 67 0.181538
64 68 0.341040
64 69 0.139151
64 70 0.353293
64 71 0.293532
64 72 0.151671
64 73 0.144608
64 74 0.213768
64 75 0.446970
64 76 0.339080
64 77 0.135632
64 78 0.162983
64 79 0.278302
64 80 0.253219
64 81 0.246862
64 82 0.134396
64 83 0.135321
64 84 0.138173
64 85 0.983333
64 86 0.223485
64 87 0.621053
64 88 0.190323
64 89 0.437037
64 90 0.219331
64 91 0.244813
64 92 0.240816
64 93 0.361963
64 94 0.278302
64 95 0.206294
64 96 0.460938
64 97 0.313830
64 98 0.142169
64 99 0.450382
65 66 0.297619
65 67 0.197368
65 68 0.635593
65 69 0.162338
65 70 0.362319
65 71 0.317797
65 72 0.153689
65 73 0.150602
65 74 0.225225
65 75 0.303644
65 76 0.281955
65 77 0.154959
65 78 0.154639
65 79 0.246711
65 80 0.221893
65 81 0.350467
65 82 0.135135
65 83 0.135624
65 84 0.137615
65 85 0.460123
65 86 0.291829
65 87 0.339367
65 88 0.191327
65 89 0.426136
65 90 0.209497
65 91 0.261324
65 92 0.202703
65 93 0.271739
65 94 0.357143
65 95 0.196850
65 96 0.681818
65 97 0.986842
65 98 0.160256
65 99 0.344037
66 67 0.074398
66 68 0.102410
66 69 0.060606
66 70 0.105590
66 71 0.096045
66 72 0.073276
66 73 0.068826
66 74 0.082725
66 75 0.472222
66 76 0.116838
66 77 0.060177
66 78 0.091153
66 79 0.641509
66 80 0.361702
66 81 0.084367
66 82 0.072650
66 83 0.073434
66 84 0.075724
66 85 0.323810
66 86 0.080000
66 87 0.206061
66 88 0.081731
66 89 0.116041
66 90 0.091644
66 91 0.088312
66 92 0.185792
66 93 0.137097
66 94 0.090909
66 95 0.089947
66 96 0.117241
66 97 0.104294
66 98 0.062731
66 99 0.971429
67 68 0.169550
67 69 0.457944
67 70 0.281609
67 71 0.337931
67 72 0.259259
67 73 0.288235
67 74 0.980000
67 75 0.125320
67 76 0.293413
67 77 0.441441
67 78 0.152648
67 79 0.100204
67 80 0.102296
67 81 0.221719
67 82 0.154088
67 83 0.152648
67 84 0.150307
67 85 0.131720
67 86 0.280000
67 87 0.167235
67 88 0.538462
67 89 0.237864
67 90 0.418803
67 91 0.521277
67 92 0.123116
67 93 0.223744
67 94 0.256545
67 95 0.360294
67 96 0.180147
67 97 0.132432
67 98 0.538462
67 99 0.112903
68 69 0.136872
68 70 0.379845
68 71 0.331081
68 72 0.114219
68 73 0.113689
68 74 0.199187
68 75 0.161716
68 76 0.221719
68 77 0.127273
68 78 0.104701
68 79 0.128272
68 80 0.120988
68 81 0.505155
68 82 0.094231
68 83 0.094231
68 84 0.095146
68 85 0.213974
68 86 0.342657
68 87 0.205021
68 88 0.151703
68 89 0.433628
68 90 0.163880
68 91 0.247475
68 92 0.121588
68 93 0.191406
68 94 0.480392
68 95 0.150307
68 96 0.980000
68 97 0.597561
68 98 0.131720
68 99 0.164430
69 70 0.155894
69 71 0.179039
69 72 0.165992
69 73 0.192488
69 74 0.271523
69 75 0.082495
69 76 0.150183
69 77 0.976190
69 78 0.101485
69 79 0.069024
69 80 0.070085
69 81 0.150735
69 82 0.107895
69 83 0.106494
69 84 0.104061
69 85 0.086681
69 86 0.185520
69 87 0.103015
69 88 0.227778
69 89 0.138514
69 90 0.188940
69 91 0.222826
69 92 0.081673
69 93 0.126154
69 94 0.159533
69 95 0.178261
69 96 0.116477
69 97 0.093394
69 98 0.759259
69 99 0.076350
70 71 0.942857
70 72 0.110000
70 73 0.108911
70 74 0.259843
70 75 0.122677
70 76 0.323529
70 77 0.117857
70 78 0.093750
70 79 0.090659
70 80 0.089189
70 81 0.292035
70 82 0.083544
70 83 0.083544
70 84 0.084184
70 85 0.147982
70 86 0.297297
70 87 0.186441
70 88 0.169231
70 89 0.970588
70 90 0.194118
70 91 0.402439
70 92 0.100000
70 93 0.217105
70 94 0.471429
70 95 0.166667
70 96 0.330000
70 97 0.160976
70 98 0.125475
70 99 0.113014
71 72 0.177700
71 73 0.178947
71 74 0.510000
71 75 0.170569
71 76 0.459459
71 77 0.204819
71 78 0.143662
71 79 0.129114
71 80 0.127500
71 81 0.476636
71 82 0.130435
71 83 0.130435
71 84 0.130769
71 85 0.199219
71 86 0.566667
71 87 0.250000
71 88 0.286517
71 89 0.750000
71 90 0.318750
71 91 0.980769
71 92 0.144886
71 93 0.303571
71 94 0.796875
71 95 0.269841
71 96 0.398438
71 97 0.224670
71 98 0.219828
71 99 0.156923
72 73 0.976744
72 74 0.206897
72 75 0.106870
72 76 0.188341
72 77 0.194444
72 78 0.242775
72 79 0.088050
72 80 0.093541
72 81 0.108527
72 82 0.313433
72 83 0.302158
72 84 0.283784
72 85 0.101449
72 86 0.120000
72 87 0.133333
72 88 0.375000
72 89 0.130841
72 90 0.318182
72 91 0.171429
72 92 0.125373
72 93 0.182609
72 94 0.120344
72 95 0.392523
72 96 0.106329
72 97 0.083499
72 98 0.215385
72 99 0.092715
73 74 0.559585
73 75 0.255319
73 76 0.457627
73 77 0.600000
73 78 0.500000
73 79 0.211765
73 80 0.223140
73 81 0.283465
73 82 0.635294
73 83 0.617143
73 84 0.580645
73 85 0.247140
73 86 0.317647
73 87 0.318584
73 88 0.990826
73 89 0.330275
73 90 0.765957
73 91 0.451883
73 92 0.289544
73 93 0.426877
73 94 0.313953
73 95 0.878049
73 96 0.269327
73 97 0.212598
73 98 0.679245
73 99 0.224532
74 75 0.138329
74 76 0.390244
74 77 0.300000
74 78 0.154839
74 79 0.108108
74 80 0.109589
74 81 0.255319
74 82 0.149068
74 83 0.148148
74 84 0.147239
74 85 0.148148
74 86 0.324324
74 87 0.193548
74 88 0.516129
74 89 0.303797
74 90 0.489796
74 91 0.979592
74 92 0.132231
74 93 0.269663
74 94 0.313725
74 95 0.387097
74 96 0.213333
74 97 0.147239
74 98 0.342857
74 99 0.124031
75 76 0.293333
75 77 0.132265
75 78 0.214286
75 79 0.673469
75 80 0.634615
75 81 0.182825
75 82 0.164589
75 83 0.166667
75 84 0.172324
75 85 0.785714
75 86 0.175066
75 87 0.660000
75 88 0.190751
75 89 0.270492
75 90 0.219269
75 91 0.203077
75 92 0.488889
75 93 0.368715
75 94 0.201220
75 95 0.214984
75 96 0.256809
75 97 0.210191
75 98 0.138947
75 99 0.985075
76 77 0.214545
76 78 0.235060
76 79 0.183230
76 80 0.187302
76 81 0.276995
76 82 0.196667
76 83 0.197324
76 84 0.200000
76 85 0.279621
76 86 0.295000
76 87 0.464567
76 88 0.433824
76 89 0.541284
76 90 0.614583
76 91 0.526786
76 92 0.237903
76 93 0.983333
76 94 0.347059
76 95 0.508621
76 96 0.327778
76 97 0.205575
76 98 0.234127
76 99 0.219331
77 78 0.065789
77 79 0.041946
77 80 0.042882
77 81 0.082508
77 82 0.071633
77 83 0.070621
77 84 0.068681
77 85 0.051867
77 86 0.098814
77 87 0.062344
77 88 0.150602
77 89 0.079872
77 90 0.120773
77 91 0.125628
77 92 0.050710
77 93 0.077399
77 94 0.088028
77 95 0.116279
77 96 0.066845
77 97 0.053648
77 98 0.961538
77 99 0.046041
78 79 0.208672
78 80 0.234756
78 81 0.167028
78 82 0.770000
78 83 0.827957
78 84 0.987179
78 85 0.213296
78 86 0.175399
78 87 0.286245
78 88 0.333333
78 89 0.215686
78 90 0.363208
78 91 0.230539
78 92 0.379310
78 93 0.359813
78 94 0.184652
78 95 0.411765
78 96 0.182033
78 97 0.146667
78 98 0.216292
78 99 0.205882
79 80 0.981132
79 81 0.115556
79 82 0.111349
79 83 0.112798
79 84 0.116592
79 85 0.337662
79 86 0.110638
79 87 0.263959
79 88 0.118182
79 89 0.154303
79 90 0.131646
79 91 0.122931
79 92 0.309524
79 93 0.189781
79 94 0.124105
79 95 0.130326
79 96 0.153392
79 97 0.137566
79 98 0.090909
79 99 0.597701
80 81 0.262366
80 82 0.285714
80 83 0.290476
80 84 0.301235
80 85 0.677778
80 86 0.254697
80 87 0.622449
80 88 0.288416
80 89 0.352601
80 90 0.322751
80 91 0.289100
80 92 0.976000
80 93 0.467433
80 94 0.283063
80 95 0.322751
80 96 0.339833
80 97 0.297561
80 98 0.218247
80 99 0.991870
81 82 0.086694
81 83 0.086519
81 84 0.086694
81 85 0.144295
81 86 0.826923
81 87 0.154122
81 88 0.155797
81 89 0.346774
81 90 0.162264
81 91 0.300699
81 92 0.097950
81 93 0.162879
81 94 0.977273
81 95 0.146259
81 96 0.364407
81 97 0.250000
81 98 0.146259
81 99 0.116216
82 83 0.875000
82 84 0.269231
82 85 0.015695
82 86 0.015054
82 87 0.020000
82 88 0.030303
82 89 0.017157
82 90 0.030172
82 91 0.019608
82 92 0.023102
82 93 0.025000
82 94 0.015419
82 95 0.034483
82 96 0.014614
82 97 0.011945
82 98 0.021341
82 99 0.014989
83 84 0.944444
83 85 0.038462
83 86 0.036403
83 87 0.049133
83 88 0.072650
83 89 0.041769
83 90 0.072961
83 91 0.047354
83 92 0.057432
83 93 0.061151
83 94 0.037363
83 95 0.083333
83 96 0.035565
83 97 0.029110
83 98 0.051051
83 99 0.036797
84 85 0.473318
84 86 0.436831
84 87 0.607143
84 88 0.860759
84 89 0.506203
84 90 0.875536
84 91 0.568245
84 92 0.728571
84 93 0.755556
84 94 0.450331
84 95 0.995122
84 96 0.431290
84 97 0.352941
84 98 0.596491
84 99 0.454343
85 86 0.220497
85 87 0.710000
85 88 0.205797
85 89 0.369792
85 90 0.235099
85 91 0.243151
85 92 0.333333
85 93 0.383784
85 94 0.262963
85 95 0.225397
85 96 0.381720
85 97 0.306034
85 98 0.154348
85 99 0.986111
86 87 0.181185
86 88 0.217573
86 89 0.388060
86 90 0.221277
86 91 0.481481
86 92 0.118182
86 93 0.202335
86 94 0.981132
86 95 0.197719
86 96 0.339869
86 97 0.235294
86 98 0.213115
86 99 0.131980
87 88 0.339921
87 89 0.551282
87 90 0.411483
87 91 0.378855
87 92 0.521212
87 93 0.988506
87 94 0.356846
87 95 0.392694
87 96 0.452632
87 97 0.313869
87 98 0.227513
87 99 0.593103
88 89 0.205479
88 90 0.978261
88 91 0.335821
88 92 0.137195
88 93 0.267857
88 94 0.189076
88 95 0.900000
88 96 0.153584
88 97 0.112782
88 98 0.319149
88 99 0.113065
89 90 0.389474
89 91 0.643478
89 92 0.234177
89 93 0.500000
89 94 0.870588
89 95 0.342593
89 96 0.986667
89 97 0.406593
89 98 0.250000
89 99 0.282443
90 91 0.220472
90 92 0.097902
90 93 0.227642
90 94 0.125000
90 95 0.965517
90 96 0.106061
90 97 0.075269
90 98 0.153846
90 99 0.079320
91 92 0.291667
91 93 0.614035
91 94 0.990566
91 95 0.677419
91 96 0.586592
91 97 0.377698
91 98 0.576923
91 99 0.292479
92 93 0.994709
92 94 0.472362
92 95 0.673835
92 96 0.531073
92 97 0.435185
92 98 0.401709
92 99 0.964103
93 94 0.592760
93 95 0.992424
93 96 0.626794
93 97 0.421222
93 98 0.438127
93 99 0.567100
94 95 0.404762
94 96 0.990291
94 97 0.557377
94 98 0.375000
94 99 0.298246
95 96 0.651724
95 97 0.474874
95 98 0.994737
95 99 0.522099
96 97 0.990741
96 98 0.298050
96 99 0.417969
97 98 0.642384
97 99 0.996575
98 99 0.998081
