100 4950
0 1 0.085784
0 2 0.092593
0 3 0.098870
0 4 0.096685
0 5 0.101744
0 6 0.100865
0 7 0.564516
0 8 0.082938
0 9 0.339806
0 10 0.066794
0 11 0.107692
0 12 0.324074
0 13 0.070140
0 14 0.099150
0 15 0.093583
0 16 0.089974
0 17 0.150215
0 18 0.104167
0 19 0.102339
0 20 0.135135
0 21 0.085158
0 22 0.120275
0 23 0.081206
0 24 0.286885
0 25 0.084541
0 26 0.081019
0 27 0.120690
0 28 0.271318
0 29 0.123675
0 30 0.065056
0 31 0.257353
0 32 0.152838
0 33 0.118644
0 34 0.416667
0 35 0.203488
0 36 0.114754
0 37 0.514706
0 38 0.397727
0 39 0.972222
0 40 0.091864
0 41 0.593220
0 42 0.116667
0 43 0.147059
0 44 0.078475
0 45 0.095890
0 46 0.091146
0 47 0.064220
0 48 0.123239
0 49 0.106383
0 50 0.115894
0 51 0.309735
0 52 0.081776
0 53 0.466667
0 54 0.307018
0 55 0.138889
0 56 0.117845
0 57 0.070565
0 58 0.090439
0 59 0.128676
0 60 0.075922
0 61 0.203488
0 62 0.081967
0 63 0.089286
0 64 0.100287
0 65 0.564516
0 66 0.108359
0 67 0.069170
0 68 0.122378
0 69 0.107692
0 70 0.100865
0 71 0.372340
0 72 0.063752
0 73 0.067050
0 74 0.100575
0 75 0.280000
0 76 0.135135
0 77 0.105105
0 78 0.083333
0 79 0.155556
0 80 0.070850
0 81 0.130597
0 82 0.573770
0 83 0.253623
0 84 0.106061
0 85 0.110063
0 86 0.241379
0 87 0.296610
0 88 0.119454
0 89 0.116667
0 90 0.077951
0 91 0.092348
0 92 0.081395
0 93 0.086634
0 94 0.162037
0 95 0.117450
0 96 0.090439
0 97 0.163551
0 98 0.357143
0 99 0.100000
1 2 0.309735
1 3 0.564516
1 4 0.070000
1 5 0.063177
1 6 0.555556
1 7 0.088608
1 8 0.102339
1 9 0.077605
1 10 0.111465
1 11 0.100865
1 12 0.110410
1 13 0.150862
1 14 0.221519
1 15 0.170732
1 16 0.136719
1 17 0.192308
1 18 0.273438
1 19 0.131579
1 20 0.097493
1 21 0.093333
1 22 0.197740
1 23 0.972222
1 24 0.108359
1 25 0.077951
1 26 0.100287
1 27 0.106061
1 28 0.091864
1 29 0.101449
1 30 0.111465
1 31 0.108359
1 32 0.094851
1 33 0.239726
1 34 0.078475
1 35 0.142857
1 36 0.228758
1 37 0.076087
1 38 0.091864
1 39 0.084746
1 40 0.217391
1 41 0.099715
1 42 0.103550
1 43 0.180412
1 44 0.152838
1 45 0.208333
1 46 0.107034
1 47 0.105740
1 48 0.105740
1 49 0.202312
1 50 0.321101
1 51 0.117845
1 52 0.437500
1 53 0.104790
1 54 0.088161
1 55 0.078125
1 56 0.217391
1 57 0.119048
1 58 0.289256
1 59 0.080460
1 60 0.152174
1 61 0.070565
1 62 0.086207
1 63 0.064338
1 64 0.081776
1 65 0.091623
1 66 0.402299
1 67 0.141700
1 68 0.282258
1 69 0.156951
1 70 0.088832
1 71 0.104790
1 72 0.108359
1 73 0.118644
1 74 0.065666
1 75 0.098870
1 76 0.164319
1 77 0.074153
1 78 0.614035
1 79 0.149573
1 80 0.137795
1 81 0.073222
1 82 0.076923
1 83 0.089059
1 84 0.067698
1 85 0.388889
1 86 0.121107
1 87 0.112179
1 88 0.198864
1 89 0.182292
1 90 0.090909
1 91 0.069307
1 92 0.364583
1 93 0.175000
1 94 0.159817
1 95 0.190217
1 96 0.273438
1 97 0.086420
1 98 0.108696
1 99 0.296610
2 3 0.563910
2 4 0.135379
2 5 0.126263
2 6 0.619835
2 7 0.214286
2 8 0.174825
2 9 0.168539
2 10 0.178147
2 11 0.182482
2 12 0.241935
2 13 0.218659
2 14 0.309917
2 15 0.255102
2 16 0.217391
2 17 0.380711
2 18 0.369458
2 19 0.219298
2 20 0.185185
2 21 0.164474
2 22 0.319149
2 23 0.506757
2 24 0.275735
2 25 0.143678
2 26 0.171233
2 27 0.193798
2 28 0.192802
2 29 0.187970
2 30 0.177305
2 31 0.226586
2 32 0.184729
2 33 0.892857
2 34 0.172414
2 35 0.362319
2 36 0.986842
2 37 0.179856
2 38 0.227273
2 39 0.190840
2 40 0.294118
2 41 0.234375
2 42 0.188917
2 43 0.337838
2 44 0.225225
2 45 0.292969
2 46 0.183824
2 47 0.170843
2 48 0.194301
2 49 0.302419
2 50 0.714286
2 51 0.280899
2 52 0.392670
2 53 0.245098
2 54 0.187500
2 55 0.155602
2 56 0.342466
2 57 0.187500
2 58 0.342466
2 59 0.157563
2 60 0.223214
2 61 0.149701
2 62 0.154004
2 63 0.125628
2 64 0.153374
2 65 0.221893
2 66 0.581395
2 67 0.209497
2 68 0.510204
2 69 0.253378
2 70 0.163399
2 71 0.257732
2 72 0.173210
2 73 0.186104
2 74 0.129758
2 75 0.255102
2 76 0.559701
2 77 0.143403
2 78 0.443787
2 79 0.454545
2 80 0.207182
2 81 0.146484
2 82 0.180723
2 83 0.186104
2 84 0.133929
2 85 0.688073
2 86 0.313808
2 87 0.280899
2 88 0.806452
2 89 0.294118
2 90 0.158562
2 91 0.133452
2 92 0.362319
2 93 0.252525
2 94 0.311203
2 95 0.304878
2 96 0.331858
2 97 0.172414
2 98 0.265018
2 99 0.373134
3 4 0.029412
3 5 0.026369
3 6 0.928571
3 7 0.037464
3 8 0.043624
3 9 0.033163
3 10 0.044369
3 11 0.044674
3 12 0.050193
3 13 0.058824
3 14 0.118182
3 15 0.080247
3 16 0.061033
3 17 0.104839
3 18 0.178082
3 19 0.060465
3 20 0.043478
3 21 0.039755
3 22 0.110169
3 23 0.166667
3 24 0.046429
3 25 0.032746
3 26 0.042484
3 27 0.047794
3 28 0.040625
3 29 0.045455
3 30 0.043771
3 31 0.049430
3 32 0.042345
3 33 0.103175
3 34 0.033592
3 35 0.065327
3 36 0.093525
3 37 0.031785
3 38 0.038806
3 39 0.036517
3 40 0.106557
3 41 0.043624
3 42 0.046263
3 43 0.097744
3 44 0.064356
3 45 0.104839
3 46 0.046595
3 47 0.041667
3 48 0.047794
3 49 0.108333
3 50 0.183099
3 51 0.052846
3 52 0.152941
3 53 0.046263
3 54 0.038576
3 55 0.033592
3 56 0.128713
3 57 0.048148
3 58 0.147727
3 59 0.034759
3 60 0.062802
3 61 0.029954
3 62 0.036313
3 63 0.026749
3 64 0.034946
3 65 0.038922
3 66 0.406250
3 67 0.055319
3 68 0.191176
3 69 0.076923
3 70 0.038462
3 71 0.045296
3 72 0.042345
3 73 0.046931
3 74 0.027484
3 75 0.041667
3 76 0.068421
3 77 0.031477
3 78 0.185714
3 79 0.064039
3 80 0.055085
3 81 0.031175
3 82 0.032178
3 83 0.039157
3 84 0.028446
3 85 0.265306
3 86 0.053061
3 87 0.048689
3 88 0.080745
3 89 0.097015
3 90 0.038012
3 91 0.029083
3 92 0.136842
3 93 0.078788
3 94 0.082803
3 95 0.103175
3 96 0.136842
3 97 0.037791
3 98 0.047619
3 99 0.188406
4 5 0.197674
4 6 0.038031
4 7 0.040573
4 8 0.075221
4 9 0.061594
4 10 0.046448
4 11 0.108280
4 12 0.055195
4 13 0.041769
4 14 0.048711
4 15 0.053797
4 16 0.060714
4 17 0.046961
4 18 0.045576
4 19 0.069672
4 20 0.113333
4 21 0.092896
4 22 0.052308
4 23 0.034205
4 24 0.038991
4 25 0.151786
4 26 0.074561
4 27 0.100000
4 28 0.071429
4 29 0.108974
4 30 0.044271
4 31 0.063670
4 32 0.107595
4 33 0.034694
4 34 0.057823
4 35 0.041063
4 36 0.033465
4 37 0.040670
4 38 0.038813
4 39 0.051829
4 40 0.047354
4 41 0.046070
4 42 0.104938
4 43 0.051051
4 44 0.048433
4 45 0.049419
4 46 0.081731
4 47 0.044974
4 48 0.100000
4 49 0.051672
4 50 0.037862
4 51 0.044974
4 52 0.037118
4 53 0.046448
4 54 0.068273
4 55 0.154545
4 56 0.049708
4 57 0.048851
4 58 0.042929
4 59 0.182796
4 60 0.046575
4 61 0.073913
4 62 0.101796
4 63 0.386364
4 64 0.217949
4 65 0.041162
4 66 0.039443
4 67 0.042289
4 68 0.041769
4 69 0.060498
4 70 0.147826
4 71 0.041463
4 72 0.043478
4 73 0.044737
4 74 0.309091
4 75 0.036876
4 76 0.033663
4 77 0.531250
4 78 0.036247
4 79 0.035197
4 80 0.044619
4 81 0.166667
4 82 0.041565
4 83 0.075221
4 84 0.303571
4 85 0.038117
4 86 0.039352
4 87 0.040573
4 88 0.033074
4 89 0.055195
4 90 0.080189
4 91 0.944444
4 92 0.038031
4 93 0.050000
4 94 0.053459
4 95 0.053628
4 96 0.043702
4 97 0.111842
4 98 0.042607
4 99 0.044271
5 6 0.060362
5 7 0.074074
5 8 0.097403
5 9 0.121457
5 10 0.066815
5 11 0.132743
5 12 0.094637
5 13 0.061983
5 14 0.073171
5 15 0.078125
5 16 0.084986
5 17 0.075377
5 18 0.069930
5 19 0.096154
5 20 0.153846
5 21 0.112782
5 22 0.079576
5 23 0.054054
5 24 0.068650
5 25 0.152284
5 26 0.096463
5 27 0.131004
5 28 0.127660
5 29 0.141509
5 30 0.064240
5 31 0.107143
5 32 0.158730
5 33 0.057361
5 34 0.112782
5 35 0.069606
5 36 0.055453
5 37 0.076726
5 38 0.070093
5 39 0.097087
5 40 0.070755
5 41 0.082192
5 42 0.133929
5 43 0.080429
5 44 0.070423
5 45 0.073529
5 46 0.104895
5 47 0.065076
5 48 0.132159
5 49 0.077320
5 50 0.061350
5 51 0.077720
5 52 0.057692
5 53 0.081967
5 54 0.125523
5 55 0.265487
5 56 0.076336
5 57 0.069930
5 58 0.065502
5 59 0.250000
5 60 0.068027
5 61 0.160428
5 62 0.119048
5 63 0.410959
5 64 0.191083
5 65 0.074627
5 66 0.062762
5 67 0.062370
5 68 0.066667
5 69 0.087719
5 70 0.156250
5 71 0.073350
5 72 0.063291
5 73 0.064935
5 74 0.967742
5 75 0.065646
5 76 0.056926
5 77 0.315789
5 78 0.056711
5 79 0.059761
5 80 0.065217
5 81 0.352941
5 82 0.078329
5 83 0.135747
5 84 0.769231
5 85 0.061224
5 86 0.068182
5 87 0.070922
5 88 0.055249
5 89 0.082645
5 90 0.101010
5 91 0.306122
5 92 0.058708
5 93 0.073171
5 94 0.084986
5 95 0.081081
5 96 0.066372
5 97 0.185185
5 98 0.074813
5 99 0.068027
6 7 0.071006
6 8 0.077670
6 9 0.061856
6 10 0.078176
6 11 0.080537
6 12 0.094488
6 13 0.102128
6 14 0.198347
6 15 0.138728
6 16 0.107143
6 17 0.201681
6 18 0.289157
6 19 0.107143
6 20 0.079208
6 21 0.071217
6 22 0.195122
6 23 0.285714
6 24 0.089219
6 25 0.059113
6 26 0.075710
6 27 0.086331
6 28 0.075472
6 29 0.082192
6 30 0.077170
6 31 0.092308
6 32 0.077419
6 33 0.214286
6 34 0.062663
6 35 0.126984
6 36 0.190476
6 37 0.059850
6 38 0.073620
6 39 0.068376
6 40 0.177778
6 41 0.082474
6 42 0.083624
6 43 0.181818
6 44 0.111111
6 45 0.176471
6 46 0.083045
6 47 0.073620
6 48 0.086331
6 49 0.186047
6 50 0.406780
6 51 0.100840
6 52 0.247423
6 53 0.087591
6 54 0.071856
6 55 0.061697
6 56 0.226415
6 57 0.084806
6 58 0.235294
6 59 0.063492
6 60 0.108597
6 61 0.055427
6 62 0.065217
6 63 0.048880
6 64 0.063492
6 65 0.073846
6 66 0.960000
6 67 0.096386
6 68 0.387097
6 69 0.134831
6 70 0.069364
6 71 0.086331
6 72 0.074766
6 73 0.082474
6 74 0.050209
6 75 0.079470
6 76 0.135593
6 77 0.057279
6 78 0.296296
6 79 0.125654
6 80 0.096000
6 81 0.057143
6 82 0.060606
6 83 0.072727
6 84 0.052061
6 85 0.666667
6 86 0.102128
6 87 0.093385
6 88 0.163265
6 89 0.170213
6 90 0.067989
6 91 0.052863
6 92 0.222222
6 93 0.134831
6 94 0.153846
6 95 0.181818
6 96 0.222222
6 97 0.069565
6 98 0.090909
6 99 0.300000
7 8 0.028322
7 9 0.079268
7 10 0.023636
7 11 0.035422
7 12 0.095588
7 13 0.025243
7 14 0.035616
7 15 0.032995
7 16 0.031250
7 17 0.055319
7 18 0.038012
7 19 0.034946
7 20 0.042484
7 21 0.028761
7 22 0.042623
7 23 0.030806
7 24 0.164557
7 25 0.028017
7 26 0.027719
7 27 0.039275
7 28 0.071429
7 29 0.039755
7 30 0.023132
7 31 0.075145
7 32 0.046763
7 33 0.048327
7 34 0.089041
7 35 0.086093
7 36 0.047273
7 37 0.191176
7 38 0.464286
7 39 0.134021
7 40 0.032995
7 41 0.206349
7 42 0.038012
7 43 0.052419
7 44 0.027897
7 45 0.034301
7 46 0.030879
7 47 0.022807
7 48 0.039877
7 49 0.037791
7 50 0.045296
7 51 0.125000
7 52 0.030445
7 53 0.168831
7 54 0.076023
7 55 0.041935
7 56 0.042345
7 57 0.024952
7 58 0.032995
7 59 0.039755
7 60 0.027083
7 61 0.055794
7 62 0.027601
7 63 0.028889
7 64 0.032500
7 65 0.928571
7 66 0.041270
7 67 0.024809
7 68 0.046263
7 69 0.037356
7 70 0.032995
7 71 0.209677
7 72 0.022688
7 73 0.023853
7 74 0.031863
7 75 0.188406
7 76 0.058559
7 77 0.033419
7 78 0.031250
7 79 0.069149
7 80 0.025341
7 81 0.039755
7 82 0.196970
7 83 0.067010
7 84 0.033419
7 85 0.042484
7 86 0.116071
7 87 0.152941
7 88 0.050193
7 89 0.041009
7 90 0.026585
7 91 0.029885
7 92 0.030162
7 93 0.030806
7 94 0.056769
7 95 0.041401
7 96 0.032911
7 97 0.048507
7 98 0.173333
7 99 0.036517
8 9 0.026178
8 10 0.070423
8 11 0.093458
8 12 0.030960
8 13 0.053763
8 14 0.053191
8 15 0.072464
8 16 0.116279
8 17 0.035461
8 18 0.044248
8 19 0.103093
8 20 0.056497
8 21 0.222222
8 22 0.048309
8 23 0.030675
8 24 0.022989
8 25 0.077519
8 26 0.909091
8 27 0.073529
8 28 0.032787
8 29 0.067568
8 30 0.062500
8 31 0.034722
8 32 0.047619
8 33 0.025381
8 34 0.025510
8 35 0.026596
8 36 0.024272
8 37 0.020408
8 38 0.021459
8 39 0.025063
8 40 0.054945
8 41 0.025189
8 42 0.077519
8 43 0.039683
8 44 0.072993
8 45 0.057143
8 46 0.256410
8 47 0.064516
8 48 0.070423
8 49 0.054645
8 50 0.029586
8 51 0.026738
8 52 0.036101
8 53 0.025974
8 54 0.030581
8 55 0.039526
8 56 0.045662
8 57 0.081967
8 58 0.045045
8 59 0.044843
8 60 0.067114
8 61 0.026667
8 62 0.138889
8 63 0.038314
8 64 0.065789
8 65 0.022321
8 66 0.033003
8 67 0.055556
8 68 0.033670
8 69 0.070922
8 70 0.084034
8 71 0.023810
8 72 0.059880
8 73 0.064516
8 74 0.035971
8 75 0.021277
8 76 0.022883
8 77 0.046729
8 78 0.033898
8 79 0.023310
8 80 0.062893
8 81 0.036630
8 82 0.020747
8 83 0.032895
8 84 0.036900
8 85 0.030864
8 86 0.024155
8 87 0.024038
8 88 0.023419
8 89 0.054054
8 90 0.227273
8 91 0.045455
8 92 0.038023
8 93 0.068966
8 94 0.039370
8 95 0.051546
8 96 0.046729
8 97 0.040323
8 98 0.024691
8 99 0.043478
9 10 0.037773
9 11 0.068592
9 12 0.139706
9 13 0.038384
9 14 0.052632
9 15 0.051630
9 16 0.051351
9 17 0.070632
9 18 0.053521
9 19 0.059561
9 20 0.092233
9 21 0.052632
9 22 0.062706
9 23 0.040598
9 24 0.088372
9 25 0.054913
9 26 0.048593
9 27 0.076923
9 28 0.228916
9 29 0.080851
9 30 0.036680
9 31 0.143939
9 32 0.109827
9 33 0.052486
9 34 0.950000
9 35 0.077869
9 36 0.050667
9 37 0.131034
9 38 0.100000
9 39 0.275362
9 40 0.049096
9 41 0.133803
9 42 0.074803
9 43 0.072519
9 44 0.043578
9 45 0.051491
9 46 0.055072
9 47 0.036398
9 48 0.078838
9 49 0.056716
9 50 0.053672
9 51 0.103261
9 52 0.041850
9 53 0.126667
9 54 0.311475
9 55 0.113095
9 56 0.060703
9 57 0.040000
9 58 0.047146
9 59 0.098446
9 60 0.042035
9 61 0.271429
9 62 0.051351
9 63 0.063333
9 64 0.067857
9 65 0.115854
9 66 0.052198
9 67 0.038076
9 68 0.057927
9 69 0.060317
9 70 0.066202
9 71 0.102151
9 72 0.035917
9 73 0.037624
9 74 0.074803
9 75 0.084444
9 76 0.056047
9 77 0.076000
9 78 0.042035
9 79 0.061688
9 80 0.039337
9 81 0.107955
9 82 0.138686
9 83 0.237500
9 84 0.080169
9 85 0.051913
9 86 0.082251
9 87 0.092233
9 88 0.051630
9 89 0.062500
9 90 0.047382
9 91 0.064846
9 92 0.041943
9 93 0.047619
9 94 0.080169
9 95 0.062295
9 96 0.047382
9 97 0.133803
9 98 0.103261
9 99 0.051351
10 11 0.075000
10 12 0.043062
10 13 0.206897
10 14 0.089109
10 15 0.113208
10 16 0.132353
10 17 0.053892
10 18 0.075000
10 19 0.097297
10 20 0.058824
10 21 0.097826
10 22 0.071146
10 23 0.062937
10 24 0.035363
10 25 0.068441
10 26 0.129496
10 27 0.068966
10 28 0.042654
10 29 0.065217
10 30 0.947368
10 31 0.046154
10 32 0.053412
10 33 0.043478
10 34 0.035294
10 35 0.041190
10 36 0.041860
10 37 0.030405
10 38 0.032727
10 39 0.035503
10 40 0.101124
10 41 0.036885
10 42 0.070039
10 43 0.057878
10 44 0.191489
10 45 0.096774
10 46 0.105882
10 47 0.857143
10 48 0.067669
10 49 0.083721
10 50 0.050847
10 51 0.039735
10 52 0.076596
10 53 0.038055
10 54 0.040632
10 55 0.046036
10 56 0.070039
10 57 0.600000
10 58 0.087379
10 59 0.049861
10 60 0.206897
10 61 0.035573
10 62 0.088670
10 63 0.045113
10 64 0.061433
10 65 0.033520
10 66 0.057692
10 67 0.246575
10 68 0.055728
10 69 0.089109
10 70 0.069231
10 71 0.035928
10 72 0.666667
10 73 0.750000
10 74 0.042959
10 75 0.033028
10 76 0.038217
10 77 0.050704
10 78 0.069767
10 79 0.038055
10 80 0.295082
10 81 0.043584
10 82 0.030822
10 83 0.042553
10 84 0.043689
10 85 0.053731
10 86 0.037422
10 87 0.036660
10 88 0.040089
10 89 0.076271
10 90 0.113924
10 91 0.050139
10 92 0.082192
10 93 0.130435
10 94 0.055556
10 95 0.074380
10 96 0.090452
10 97 0.047619
10 98 0.037113
10 99 0.076923
11 12 0.106838
11 13 0.095785
11 14 0.129534
11 15 0.156250
11 16 0.195312
11 17 0.107759
11 18 0.113636
11 19 0.284091
11 20 0.352113
11 21 0.287356
11 22 0.141243
11 23 0.073099
11 24 0.070225
11 25 0.217391
11 26 0.217391
11 27 0.675676
11 28 0.123762
11 29 0.595238
11 30 0.096899
11 31 0.128866
11 32 0.240385
11 33 0.069832
11 34 0.086806
11 35 0.080645
11 36 0.066313
11 37 0.063939
11 38 0.066313
11 39 0.083893
11 40 0.123762
11 41 0.081433
11 42 0.961538
11 43 0.124378
11 44 0.123762
11 45 0.132979
11 46 0.347222
11 47 0.097276
11 48 0.595238
11 49 0.143678
11 50 0.080906
11 51 0.085324
11 52 0.083056
11 53 0.084175
11 54 0.112108
11 55 0.165563
11 56 0.128866
11 57 0.115741
11 58 0.104603
11 59 0.203252
11 60 0.114679
11 61 0.092937
11 62 0.238095
11 63 0.125000
11 64 0.304878
11 65 0.070028
11 66 0.087719
11 67 0.096154
11 68 0.093985
11 69 0.200000
11 70 0.520833
11 71 0.074405
11 72 0.093633
11 73 0.100402
11 74 0.125628
11 75 0.064433
11 76 0.064767
11 77 0.186567
11 78 0.079872
11 79 0.067204
11 80 0.104167
11 81 0.142857
11 82 0.065274
11 83 0.125628
11 84 0.133690
11 85 0.082508
11 86 0.073529
11 87 0.074184
11 88 0.064767
11 89 0.158228
11 90 0.198413
11 91 0.156250
11 92 0.085911
11 93 0.135135
11 94 0.129534
11 95 0.149701
11 96 0.107296
11 97 0.177305
11 98 0.077640
11 99 0.108696
12 13 0.107417
12 14 0.170732
12 15 0.157895
12 16 0.148410
12 17 0.308824
12 18 0.181818
12 19 0.176471
12 20 0.235955
12 21 0.132075
12 22 0.228261
12 23 0.125000
12 24 0.325581
12 25 0.125000
12 26 0.126126
12 27 0.213198
12 28 0.494118
12 29 0.215385
12 30 0.097448
12 31 0.976744
12 32 0.270968
12 33 0.183406
12 34 0.323077
12 35 0.355932
12 36 0.172840
12 37 0.240000
12 38 0.291667
12 39 0.420000
12 40 0.153285
12 41 0.567568
12 42 0.200957
12 43 0.313433
12 44 0.124260
12 45 0.163424
12 46 0.147368
12 47 0.095890
12 48 0.218750
12 49 0.189189
12 50 0.192661
12 51 0.591549
12 52 0.128440
12 53 0.656250
12 54 0.461538
12 55 0.202899
12 56 0.219895
12 57 0.107969
12 58 0.148936
12 59 0.194444
12 60 0.118980
12 61 0.219895
12 62 0.124260
12 63 0.121387
12 64 0.152174
12 65 0.336000
12 66 0.182609
12 67 0.105263
12 68 0.217617
12 69 0.193548
12 70 0.158491
12 71 0.400000
12 72 0.095023
12 73 0.101205
12 74 0.135048
12 75 0.267516
12 76 0.194444
12 77 0.151625
12 78 0.130435
12 79 0.223404
12 80 0.108808
12 81 0.181034
12 82 0.250000
12 83 0.420000
12 84 0.144330
12 85 0.182609
12 86 0.338710
12 87 0.378378
12 88 0.175732
12 89 0.218750
12 90 0.118644
12 91 0.130031
12 92 0.128440
12 93 0.141892
12 94 0.381818
12 95 0.219895
12 96 0.149466
12 97 0.264151
12 98 0.451613
12 99 0.170732
13 14 0.099338
13 15 0.118110
13 16 0.111111
13 17 0.052448
13 18 0.082418
13 19 0.081522
13 20 0.047468
13 21 0.064935
13 22 0.071090
13 23 0.073892
13 24 0.032258
13 25 0.047619
13 26 0.079787
13 27 0.055351
13 28 0.036408
13 29 0.052083
13 30 0.180723
13 31 0.040431
13 32 0.043732
13 33 0.043478
13 34 0.030060
13 35 0.038660
13 36 0.041667
13 37 0.026549
13 38 0.029297
13 39 0.030801
13 40 0.121951
13 41 0.032895
13 42 0.055351
13 43 0.055762
13 44 0.245902
13 45 0.109489
13 46 0.075000
13 47 0.148515
13 48 0.054545
13 49 0.087209
13 50 0.052083
13 51 0.036232
13 52 0.098039
13 53 0.034091
13 54 0.034562
13 55 0.036675
13 56 0.071429
13 57 0.189873
13 58 0.109489
13 59 0.039164
13 60 0.333333
13 61 0.029412
13 62 0.058366
13 63 0.033708
13 64 0.045593
13 65 0.029880
13 66 0.061475
13 67 0.937500
13 68 0.057252
13 69 0.083333
13 70 0.051195
13 71 0.032468
13 72 0.163043
13 73 0.227273
13 74 0.032895
13 75 0.030000
13 76 0.036855
13 77 0.038462
13 78 0.085227
13 79 0.036232
13 80 0.483871
13 81 0.034483
13 82 0.026882
13 83 0.035971
13 84 0.033632
13 85 0.056391
13 86 0.034562
13 87 0.033482
13 88 0.039370
13 89 0.075000
13 90 0.068807
13 91 0.037221
13 92 0.109489
13 93 0.154639
13 94 0.052265
13 95 0.073892
13 96 0.113636
13 97 0.038860
13 98 0.033632
13 99 0.087209
14 15 0.301887
14 16 0.155340
14 17 0.117647
14 18 0.390244
14 19 0.145455
14 20 0.073394
14 21 0.073059
14 22 0.258065
14 23 0.107383
14 24 0.050794
14 25 0.054795
14 26 0.081218
14 27 0.087912
14 28 0.056940
14 29 0.080402
14 30 0.076190
14 31 0.068966
14 32 0.067797
14 33 0.074074
14 34 0.044199
14 35 0.066946
14 36 0.068670
14 37 0.038369
14 38 0.044321
14 39 0.046512
14 40 0.551724
14 41 0.052288
14 42 0.085106
14 43 0.135593
14 44 0.145455
14 45 0.941176
14 46 0.093567
14 47 0.071749
14 48 0.086957
14 49 0.592593
14 50 0.101911
14 51 0.060837
14 52 0.145455
14 53 0.055172
14 54 0.053156
14 55 0.051118
14 56 0.271186
14 57 0.091429
14 58 0.326531
14 59 0.054422
14 60 0.133333
14 61 0.041131
14 62 0.064000
14 63 0.040816
14 64 0.058182
14 65 0.045455
14 66 0.135593
14 67 0.099379
14 68 0.131148
14 69 0.231884
14 70 0.066946
14 71 0.051447
14 72 0.072072
14 73 0.083770
14 74 0.041344
14 75 0.045714
14 76 0.059259
14 77 0.049536
14 78 0.132231
14 79 0.059041
14 80 0.103896
14 81 0.046784
14 82 0.038929
14 83 0.055556
14 84 0.043011
14 85 0.113475
14 86 0.056338
14 87 0.053872
14 88 0.063745
14 89 0.275862
14 90 0.068966
14 91 0.045455
14 92 0.156863
14 93 0.246154
14 94 0.115942
14 95 0.280702
14 96 0.363636
14 97 0.057762
14 98 0.054054
14 99 0.380952
15 16 0.596154
15 17 0.177143
15 18 0.333333
15 19 0.424658
15 20 0.155000
15 21 0.181287
15 22 0.329787
15 23 0.161458
15 24 0.088319
15 25 0.124498
15 26 0.212329
15 27 0.196203
15 28 0.108392
15 29 0.177143
15 30 0.182353
15 31 0.126531
15 32 0.138393
15 33 0.116105
15 34 0.083333
15 35 0.111511
15 36 0.108772
15 37 0.070295
15 38 0.078880
15 39 0.085873
15 40 0.673913
15 41 0.093093
15 42 0.192547
15 43 0.203947
15 44 0.430556
15 45 0.815789
15 46 0.250000
15 47 0.172222
15 48 0.192547
15 49 0.543860
15 50 0.148325
15 51 0.105085
15 52 0.213793
15 53 0.097484
15 54 0.100649
15 55 0.105085
15 56 0.310000
15 57 0.236641
15 58 0.360465
15 59 0.113553
15 60 0.356322
15 61 0.080311
15 62 0.153465
15 63 0.086351
15 64 0.129167
15 65 0.081365
15 66 0.182353
15 67 0.233083
15 68 0.181287
15 69 0.584906
15 70 0.152709
15 71 0.090379
15 72 0.171271
15 73 0.203947
15 74 0.086351
15 75 0.080311
15 76 0.097179
15 77 0.105802
15 78 0.192547
15 79 0.097484
15 80 0.258333
15 81 0.095679
15 82 0.071594
15 83 0.106529
15 84 0.089595
15 85 0.160622
15 86 0.095975
15 87 0.093093
15 88 0.102649
15 89 0.397436
15 90 0.171271
15 91 0.097792
15 92 0.233083
15 93 0.968750
15 94 0.186747
15 95 0.373494
15 96 0.392405
15 97 0.116105
15 98 0.094512
15 99 0.329787
16 17 0.239437
16 18 0.359155
16 19 0.980769
16 20 0.280220
16 21 0.418033
16 22 0.386364
16 23 0.211618
16 24 0.133858
16 25 0.251232
16 26 0.542553
16 27 0.372263
16 28 0.177083
16 29 0.331169
16 30 0.340000
16 31 0.200000
16 32 0.241706
16 33 0.161905
16 34 0.135638
16 35 0.162939
16 36 0.153153
16 37 0.111597
16 38 0.121718
16 39 0.137097
16 40 0.531250
16 41 0.144068
16 42 0.372263
16 43 0.275676
16 44 0.680000
16 45 0.573034
16 46 0.662338
16 47 0.326923
16 48 0.359155
16 49 0.500000
16 50 0.198444
16 51 0.158385
16 52 0.264249
16 53 0.150000
16 54 0.164516
16 55 0.185455
16 56 0.359155
16 57 0.476636
16 58 0.375000
16 59 0.204819
16 60 0.560440
16 61 0.134565
16 62 0.333333
16 63 0.159375
16 64 0.252475
16 65 0.126238
16 66 0.232877
16 67 0.377778
16 68 0.233945
16 69 0.718310
16 70 0.309091
16 71 0.137838
16 72 0.316770
16 73 0.375000
16 74 0.156442
16 75 0.122596
16 76 0.140884
16 77 0.196154
16 78 0.242857
16 79 0.142061
16 80 0.439655
16 81 0.169435
16 82 0.113586
16 83 0.175258
16 84 0.161905
16 85 0.210744
16 86 0.143662
16 87 0.140884
16 88 0.146132
16 89 0.455357
16 90 0.392308
16 91 0.182796
16 92 0.283333
16 93 0.809524
16 94 0.262887
16 95 0.428571
16 96 0.395349
16 97 0.201581
16 98 0.144068
16 99 0.351724
17 18 0.287037
17 19 0.167568
17 20 0.146226
17 21 0.104730
17 22 0.378049
17 23 0.154229
17 24 0.173184
17 25 0.089595
17 26 0.106164
17 27 0.154229
17 28 0.154229
17 29 0.146919
17 30 0.090116
17 31 0.218310
17 32 0.147619
17 33 0.240310
17 34 0.117424
17 35 0.298077
17 36 0.209459
17 37 0.106164
17 38 0.135965
17 39 0.133047
17 40 0.189024
17 41 0.172222
17 42 0.145540
17 43 0.968750
17 44 0.127572
17 45 0.205298
17 46 0.123506
17 47 0.087324
17 48 0.155779
17 49 0.258333
17 50 0.333333
17 51 0.234848
17 52 0.158974
17 53 0.189024
17 54 0.143519
17 55 0.108392
17 56 0.397436
17 57 0.101307
17 58 0.194969
17 59 0.110320
17 60 0.121569
17 61 0.098413
17 62 0.095679
17 63 0.076543
17 64 0.102310
17 65 0.139640
17 66 0.322917
17 67 0.104730
17 68 0.525424
17 69 0.215278
17 70 0.111913
17 71 0.174157
17 72 0.087324
17 73 0.095385
17 74 0.080940
17 75 0.144186
17 76 0.197452
17 77 0.093656
17 78 0.164894
17 79 0.209459
17 80 0.107266
17 81 0.098101
17 82 0.108014
17 83 0.144860
17 84 0.084932
17 85 0.313131
17 86 0.208054
17 87 0.190184
17 88 0.200000
17 89 0.303922
17 90 0.095975
17 91 0.083558
17 92 0.156566
17 93 0.156566
17 94 0.688889
17 95 0.329787
17 96 0.192547
17 97 0.129707
17 98 0.190184
17 99 0.256198
18 19 0.105634
18 20 0.064103
18 21 0.059055
18 22 0.267857
18 23 0.118110
18 24 0.052448
18 25 0.046296
18 26 0.063830
18 27 0.073892
18 28 0.053957
18 29 0.068493
18 30 0.060729
18 31 0.066964
18 32 0.060729
18 33 0.085227
18 34 0.042373
18 35 0.072115
18 36 0.077720
18 37 0.037688
18 38 0.044643
18 39 0.045317
18 40 0.241935
18 41 0.052448
18 42 0.071090
18 43 0.151515
18 44 0.102041
18 45 0.263158
18 46 0.072816
18 47 0.057692
18 48 0.073529
18 49 0.319149
18 50 0.128205
18 51 0.062762
18 52 0.150000
18 53 0.055762
18 54 0.050505
18 55 0.046012
18 56 0.348837
18 57 0.070093
18 58 0.288462
18 59 0.048387
18 60 0.096154
18 61 0.038560
18 62 0.052448
18 63 0.035971
18 64 0.049834
18 65 0.045593
18 66 0.192308
18 67 0.077720
18 68 0.178571
18 69 0.154639
18 70 0.056180
18 71 0.052632
18 72 0.058140
18 73 0.066079
18 74 0.036855
18 75 0.046729
18 76 0.064935
18 77 0.043478
18 78 0.145631
18 79 0.063830
18 80 0.079787
18 81 0.042135
18 82 0.038265
18 83 0.052265
18 84 0.038363
18 85 0.148515
18 86 0.059055
18 87 0.055556
18 88 0.070755
18 89 0.227273
18 90 0.055556
18 91 0.039683
18 92 0.153061
18 93 0.144231
18 94 0.122951
18 95 0.254237
18 96 0.283019
18 97 0.052448
18 98 0.055556
18 99 0.937500
19 20 0.345865
19 21 0.400000
19 22 0.410714
19 23 0.178295
19 24 0.134503
19 25 0.250000
19 26 0.425926
19 27 0.516854
19 28 0.194093
19 29 0.433962
19 30 0.230000
19 31 0.222222
19 32 0.287500
19 33 0.153333
19 34 0.141104
19 35 0.164286
19 36 0.144201
19 37 0.112195
19 38 0.122340
19 39 0.142415
19 40 0.396552
19 41 0.148387
19 42 0.511111
19 43 0.296774
19 44 0.373984
19 45 0.450980
19 46 0.676471
19 47 0.224390
19 48 0.494624
19 49 0.484211
19 50 0.187755
19 51 0.163121
19 52 0.213953
19 53 0.155405
19 54 0.177606
19 55 0.202643
19 56 0.365079
19 57 0.292994
19 58 0.298701
19 59 0.227723
19 60 0.328571
19 61 0.140244
19 62 0.315068
19 63 0.160279
19 64 0.273810
19 65 0.127778
19 66 0.214953
19 67 0.248649
19 68 0.226601
19 69 0.978723
19 70 0.351145
19 71 0.139818
19 72 0.218009
19 73 0.245989
19 74 0.160839
19 75 0.122016
19 76 0.134897
19 77 0.208145
19 78 0.201754
19 79 0.138138
19 80 0.275449
19 81 0.181102
19 82 0.114428
19 83 0.191667
19 84 0.168498
19 85 0.195745
19 86 0.144201
19 87 0.142415
19 88 0.138554
19 89 0.511111
19 90 0.330935
19 91 0.186992
19 92 0.225490
19 93 0.464646
19 94 0.289308
19 95 0.464646
19 96 0.312925
19 97 0.226601
19 98 0.146497
19 99 0.308725
20 21 0.185897
20 22 0.159341
20 23 0.080332
20 24 0.095082
20 25 0.182390
20 26 0.156757
20 27 0.630435
20 28 0.216418
20 29 0.966667
20 30 0.089783
20 31 0.213235
20 32 0.852941
20 33 0.085044
20 34 0.133028
20 35 0.107011
20 36 0.080780
20 37 0.089231
20 38 0.090909
20 39 0.125541
20 40 0.123404
20 41 0.116935
20 42 0.580000
20 43 0.157609
20 44 0.113725
20 45 0.133028
20 46 0.207143
20 47 0.089783
20 48 0.707317
20 49 0.149485
20 50 0.096667
20 51 0.118852
20 52 0.088685
20 53 0.120833
20 54 0.188312
20 55 0.302083
20 56 0.145729
20 57 0.103571
20 58 0.109023
20 59 0.376623
20 60 0.106618
20 61 0.144279
20 62 0.172619
20 63 0.150259
20 64 0.290000
20 65 0.097643
20 66 0.101754
20 67 0.091772
20 68 0.111969
20 69 0.190789
20 70 0.325843
20 71 0.102837
20 72 0.087349
20 73 0.092949
20 74 0.165714
20 75 0.086826
20 76 0.081006
20 77 0.243697
20 78 0.086567
20 79 0.085799
20 80 0.097315
20 81 0.232000
20 82 0.091483
20 83 0.223077
20 84 0.183544
20 85 0.096990
20 86 0.098639
20 87 0.101045
20 88 0.079452
20 89 0.171598
20 90 0.148718
20 91 0.181250
20 92 0.090625
20 93 0.126638
20 94 0.171598
20 95 0.164773
20 96 0.111111
20 97 0.397260
20 98 0.107807
20 99 0.117409
21 22 0.137168
21 23 0.085635
21 24 0.070938
21 25 0.364706
21 26 0.673913
21 27 0.254098
21 28 0.107266
21 29 0.240310
21 30 0.153465
21 31 0.110714
21 32 0.164021
21 33 0.074699
21 34 0.083110
21 35 0.080729
21 36 0.071594
21 37 0.064854
21 38 0.067100
21 39 0.080519
21 40 0.143519
21 41 0.079082
21 42 0.276786
21 43 0.116981
21 44 0.172222
21 45 0.149758
21 46 0.632653
21 47 0.158163
21 48 0.242188
21 49 0.148325
21 50 0.086111
21 51 0.082888
21 52 0.098726
21 53 0.081365
21 54 0.100324
21 55 0.140271
21 56 0.128631
21 57 0.186747
21 58 0.120623
21 59 0.163158
21 60 0.160622
21 61 0.089337
21 62 0.968750
21 63 0.142857
21 64 0.279279
21 65 0.070136
21 66 0.094512
21 67 0.138393
21 68 0.097484
21 69 0.191358
21 70 0.378049
21 71 0.073986
21 72 0.148325
21 73 0.156566
21 74 0.131356
21 75 0.065957
21 76 0.068584
21 77 0.179191
21 78 0.093656
21 79 0.070136
21 80 0.152709
21 81 0.130252
21 82 0.065957
21 83 0.108772
21 84 0.134783
21 85 0.088825
21 86 0.074163
21 87 0.074163
21 88 0.069507
21 89 0.151220
21 90 0.775000
21 91 0.176136
21 92 0.102990
21 93 0.168478
21 94 0.117871
21 95 0.144860
21 96 0.124498
21 97 0.139640
21 98 0.076733
21 99 0.119231
22 23 0.071823
22 24 0.050584
22 25 0.045139
22 26 0.059908
22 27 0.083871
22 28 0.058036
22 29 0.076471
22 30 0.049430
22 31 0.075581
22 32 0.067358
22 33 0.068783
22 34 0.042904
22 35 0.070270
22 36 0.062802
22 37 0.036517
22 38 0.043046
22 39 0.045936
22 40 0.142857
22 41 0.053061
22 42 0.078788
22 43 0.220339
22 44 0.079268
22 45 0.173333
22 46 0.072626
22 47 0.047445
22 48 0.083871
22 49 0.325000
22 50 0.096296
22 51 0.063725
22 52 0.083871
22 53 0.056769
22 54 0.053498
22 55 0.047794
22 56 0.764706
22 57 0.057778
22 58 0.128713
22 59 0.050388
22 60 0.073446
22 61 0.038922
22 62 0.050781
22 63 0.035230
22 64 0.050584
22 65 0.044674
22 66 0.120370
22 67 0.059091
22 68 0.141304
22 69 0.194030
22 70 0.057778
22 71 0.051587
22 72 0.047273
22 73 0.053061
22 74 0.036517
22 75 0.044369
22 76 0.056034
22 77 0.043919
22 78 0.082278
22 79 0.057269
22 80 0.061611
22 81 0.043046
22 82 0.037249
22 83 0.055794
22 84 0.038235
22 85 0.103175
22 86 0.056769
22 87 0.054167
22 88 0.058824
22 89 0.565217
22 90 0.052209
22 91 0.039275
22 92 0.085526
22 93 0.109244
22 94 0.168831
22 95 0.928571
22 96 0.131313
22 97 0.056277
22 98 0.055085
22 99 0.185714
23 24 0.085227
23 25 0.068337
23 26 0.090090
23 27 0.091185
23 28 0.075949
23 29 0.087209
23 30 0.105263
23 31 0.088757
23 32 0.080429
23 33 0.167598
23 34 0.064655
23 35 0.110294
23 36 0.160428
23 37 0.061856
23 38 0.073350
23 39 0.069284
23 40 0.205479
23 41 0.080000
23 42 0.089286
23 43 0.144928
23 44 0.145631
23 45 0.191083
23 46 0.095238
23 47 0.099338
23 48 0.090909
23 49 0.177515
23 50 0.217391
23 51 0.093168
23 52 0.576923
23 53 0.083799
23 54 0.072816
23 55 0.066372
23 56 0.181818
23 57 0.111940
23 58 0.283019
23 59 0.068650
23 60 0.146341
23 61 0.058939
23 62 0.076336
23 63 0.055453
23 64 0.070922
23 65 0.073350
23 66 0.277778
23 67 0.137615
23 68 0.206897
23 69 0.138249
23 70 0.077320
23 71 0.083102
23 72 0.102041
23 73 0.112782
23 74 0.056285
23 75 0.078329
23 76 0.121457
23 77 0.063830
23 78 0.967742
23 79 0.112782
23 80 0.132743
23 81 0.062112
23 82 0.062500
23 83 0.073892
23 84 0.057915
23 85 0.256410
23 86 0.094637
23 87 0.088235
23 88 0.142180
23 89 0.155440
23 90 0.081301
23 91 0.059880
23 92 0.441176
23 93 0.164835
23 94 0.129310
23 95 0.161290
23 96 0.265487
23 97 0.072816
23 98 0.086207
23 99 0.260870
24 25 0.038961
24 26 0.040359
24 27 0.056426
24 28 0.088670
24 29 0.056250
24 30 0.034615
24 31 0.105263
24 32 0.063604
24 33 0.094241
24 34 0.090452
24 35 0.222222
24 36 0.091371
24 37 0.122449
24 38 0.305085
24 39 0.120805
24 40 0.052478
24 41 0.240000
24 42 0.054381
24 43 0.090452
24 44 0.042857
24 45 0.054545
24 46 0.045113
24 47 0.033962
24 48 0.057143
24 49 0.060606
24 50 0.083721
24 51 0.285714
24 52 0.049724
24 53 0.250000
24 54 0.090000
24 55 0.054217
24 56 0.070312
24 57 0.037500
24 58 0.053571
24 59 0.052478
24 60 0.041570
24 61 0.063380
24 62 0.039216
24 63 0.038136
24 64 0.044554
24 65 0.260870
24 66 0.072581
24 67 0.037895
24 68 0.083721
24 69 0.058065
24 70 0.046154
24 71 0.580645
24 72 0.033898
24 73 0.035857
24 74 0.041379
24 75 0.500000
24 76 0.125874
24 77 0.044444
24 78 0.051576
24 79 0.165138
24 80 0.038544
24 81 0.050847
24 82 0.124138
24 83 0.082949
24 84 0.043373
24 85 0.076271
24 86 0.514286
24 87 0.947368
24 88 0.099448
24 89 0.065693
24 90 0.038217
24 91 0.039911
24 92 0.048913
24 93 0.048000
24 94 0.096257
24 95 0.067164
24 96 0.053254
24 97 0.063158
24 98 0.486486
24 99 0.060403
25 26 0.468750
25 27 0.408163
25 28 0.209790
25 29 0.416667
25 30 0.214286
25 31 0.204082
25 32 0.322581
25 33 0.127389
25 34 0.166205
25 35 0.142180
25 36 0.122449
25 37 0.125786
25 38 0.125786
25 39 0.156250
25 40 0.204082
25 41 0.147783
25 42 0.441176
25 43 0.190476
25 44 0.226415
25 45 0.212014
25 46 0.476190
25 47 0.220588
25 48 0.397351
25 49 0.215827
25 50 0.142518
25 51 0.150000
25 52 0.152284
25 53 0.150376
25 54 0.198020
25 55 0.324324
25 56 0.197368
25 57 0.241935
25 58 0.179641
25 59 0.387097
25 60 0.216606
25 61 0.189873
25 62 0.983607
25 63 0.431655
25 64 0.895522
25 65 0.131868
25 66 0.152284
25 67 0.194805
25 68 0.158730
25 69 0.262009
25 70 0.821918
25 71 0.136364
25 72 0.209790
25 73 0.215054
25 74 0.361446
25 75 0.121951
25 76 0.119760
25 77 0.526316
25 78 0.146699
25 79 0.123711
25 80 0.209059
25 81 0.312500
25 82 0.127932
25 83 0.215827
25 84 0.363636
25 85 0.145278
25 86 0.133333
25 87 0.135135
25 88 0.119760
25 89 0.224719
25 90 0.571429
25 91 0.600000
25 92 0.157480
25 93 0.226415
25 94 0.195440
25 95 0.217391
25 96 0.183486
25 97 0.292683
25 98 0.140515
25 99 0.180723
26 27 0.241379
26 28 0.111465
26 29 0.224359
26 30 0.222930
26 31 0.117450
26 32 0.159817
26 33 0.086634
26 34 0.087282
26 35 0.090439
26 36 0.082938
26 37 0.070000
26 38 0.073529
26 39 0.085784
26 40 0.185185
26 41 0.085995
26 42 0.255474
26 43 0.133588
26 44 0.248227
26 45 0.191257
26 46 0.714286
26 47 0.231788
26 48 0.231788
26 49 0.182292
26 50 0.100865
26 51 0.091146
26 52 0.123239
26 53 0.088608
26 54 0.104167
26 55 0.134615
26 56 0.152838
26 57 0.289256
26 58 0.152838
26 59 0.152838
26 60 0.230263
26 61 0.091384
26 62 0.507246
26 63 0.133588
26 64 0.225806
26 65 0.076419
26 66 0.112179
26 67 0.193370
26 68 0.114007
26 69 0.231788
26 70 0.282258
26 71 0.081206
26 72 0.213415
26 73 0.228758
26 74 0.124555
26 75 0.072917
26 76 0.078300
26 77 0.161290
26 78 0.115894
26 79 0.079545
26 80 0.218750
26 81 0.125448
26 82 0.071138
26 83 0.111821
26 84 0.127737
26 85 0.104790
26 86 0.082353
26 87 0.081967
26 88 0.080092
26 89 0.179487
26 90 0.972222
26 91 0.157658
26 92 0.130112
26 93 0.230263
26 94 0.132075
26 95 0.171569
26 96 0.157658
26 97 0.137255
26 98 0.084135
26 99 0.147059
27 28 0.029412
27 29 0.277778
27 30 0.017986
27 31 0.031646
27 32 0.064935
27 33 0.015198
27 34 0.019531
27 35 0.018182
27 36 0.014368
27 37 0.014006
27 38 0.014663
27 39 0.018939
27 40 0.025510
27 41 0.018450
27 42 0.384615
27 43 0.029240
27 44 0.023697
27 45 0.027778
27 46 0.050505
27 47 0.017921
27 48 0.833333
27 49 0.031250
27 50 0.017668
27 51 0.019455
27 52 0.017123
27 53 0.019231
27 54 0.026178
27 55 0.035971
27 56 0.029070
27 57 0.021277
27 58 0.021739
27 59 0.043478
27 60 0.022026
27 61 0.020408
27 62 0.035461
27 63 0.023364
27 64 0.048544
27 65 0.015576
27 66 0.019084
27 67 0.018450
27 68 0.020833
27 69 0.043860
27 70 0.065789
27 71 0.016667
27 72 0.017361
27 73 0.018727
27 74 0.024390
27 75 0.014245
27 76 0.014124
27 77 0.034965
27 78 0.016611
27 79 0.014793
27 80 0.019763
27 81 0.030120
27 82 0.014368
27 83 0.029762
27 84 0.026178
27 85 0.017921
27 86 0.016447
27 87 0.016611
27 88 0.014045
27 89 0.035971
27 90 0.031250
27 91 0.028409
27 92 0.017668
27 93 0.026882
27 94 0.031056
27 95 0.034014
27 96 0.022321
27 97 0.042373
27 98 0.017483
27 99 0.023256
28 29 0.093750
28 30 0.034325
28 31 0.254237
28 32 0.147059
28 33 0.048387
28 34 0.168539
28 35 0.073892
28 36 0.046154
28 37 0.078125
28 38 0.074627
28 39 0.153061
28 40 0.049020
28 41 0.112782
28 42 0.084270
28 43 0.079787
28 44 0.042373
28 45 0.052083
28 46 0.056180
28 47 0.034014
28 48 0.091463
28 49 0.058824
28 50 0.051546
28 51 0.098684
28 52 0.039788
28 53 0.113636
28 54 0.681818
28 55 0.115385
28 56 0.063559
28 57 0.038071
28 58 0.046296
28 59 0.102740
28 60 0.040541
28 61 0.130435
28 62 0.049669
28 63 0.055351
28 64 0.067873
28 65 0.085227
28 66 0.050847
28 67 0.035971
28 68 0.057692
28 69 0.064378
28 70 0.068182
28 71 0.085714
28 72 0.033482
28 73 0.035461
28 74 0.064655
28 75 0.066667
28 76 0.049834
28 77 0.072115
28 78 0.039894
28 79 0.055147
28 80 0.037406
28 81 0.098684
28 82 0.081522
28 83 0.937500
28 84 0.070423
28 85 0.050000
28 86 0.072816
28 87 0.079787
28 88 0.046584
28 89 0.067265
28 90 0.045732
28 91 0.059055
28 92 0.040000
28 93 0.047319
28 94 0.092025
28 95 0.066667
28 96 0.046729
28 97 0.172414
28 98 0.089820
28 99 0.051195
29 30 0.047782
29 31 0.090323
29 32 0.222222
29 33 0.041298
29 34 0.056911
29 35 0.050179
29 36 0.039106
29 37 0.040000
29 38 0.041298
29 39 0.054475
29 40 0.065728
29 41 0.052239
29 42 0.700000
29 43 0.077348
29 44 0.061404
29 45 0.071066
29 46 0.126126
29 47 0.047782
29 48 0.933333
29 49 0.079545
29 50 0.047458
29 51 0.054264
29 52 0.045455
29 53 0.054054
29 54 0.077348
29 55 0.114754
29 56 0.074866
29 57 0.056000
29 58 0.056680
29 59 0.142857
29 60 0.057377
29 61 0.060606
29 62 0.097222
29 63 0.070000
29 64 0.150538
29 65 0.044164
29 66 0.050909
29 67 0.048611
29 68 0.055556
29 69 0.106870
29 70 0.194444
29 71 0.046823
29 72 0.046358
29 73 0.049645
29 74 0.074074
29 75 0.039886
29 76 0.038674
29 77 0.110236
29 78 0.044164
29 79 0.040698
29 80 0.052045
29 81 0.093960
29 82 0.040936
29 83 0.089172
29 84 0.080460
29 85 0.048110
29 86 0.045603
29 87 0.046512
29 88 0.038356
29 89 0.090909
29 90 0.083333
29 91 0.085890
29 92 0.046667
29 93 0.068627
29 94 0.082840
29 95 0.086420
29 96 0.058091
29 97 0.135922
29 98 0.049123
29 99 0.060870
30 31 0.027160
30 32 0.031073
30 33 0.026253
30 34 0.020952
30 35 0.024609
30 36 0.025346
30 37 0.018152
30 38 0.019573
30 39 0.021113
30 40 0.059459
30 41 0.022000
30 42 0.040146
30 43 0.034268
30 44 0.108911
30 45 0.056701
30 46 0.058824
30 47 0.578947
30 48 0.038869
30 49 0.048889
30 50 0.030556
30 51 0.023707
30 52 0.046809
30 53 0.022634
30 54 0.023965
30 55 0.026961
30 56 0.041199
30 57 0.250000
30 58 0.052381
30 59 0.029024
30 60 0.119565
30 61 0.021033
30 62 0.050000
30 63 0.026379
30 64 0.035370
30 65 0.020036
30 66 0.034700
30 67 0.161765
30 68 0.033333
30 69 0.051163
30 70 0.039568
30 71 0.021442
30 72 0.916667
30 73 0.550000
30 74 0.025172
30 75 0.019784
30 76 0.023061
30 77 0.029491
30 78 0.042636
30 79 0.022869
30 80 0.180328
30 81 0.025581
30 82 0.018395
30 83 0.025057
30 84 0.025581
30 85 0.032353
30 86 0.022358
30 87 0.021912
30 88 0.024229
30 89 0.044534
30 90 0.062500
30 91 0.029178
30 92 0.050228
30 93 0.075342
30 94 0.032836
30 95 0.043651
30 96 0.053922
30 97 0.027848
30 98 0.022133
30 99 0.045833
31 32 0.637168
31 33 0.284585
31 34 0.549618
31 35 0.473684
31 36 0.267658
31 37 0.352941
31 38 0.391304
31 39 0.615385
31 40 0.277992
31 41 0.637168
31 42 0.426036
31 43 0.549618
31 44 0.228571
31 45 0.298755
31 46 0.288000
31 47 0.175610
31 48 0.470588
31 49 0.347826
31 50 0.310345
31 51 0.642857
31 52 0.222910
31 53 0.685714
31 54 0.972973
31 55 0.426036
31 56 0.395604
31 57 0.198895
31 58 0.263736
31 59 0.411429
31 60 0.217523
31 61 0.416185
31 62 0.241611
31 63 0.236066
31 64 0.307692
31 65 0.441718
31 66 0.303797
31 67 0.190981
31 68 0.358209
31 69 0.373057
31 70 0.321429
31 71 0.489796
31 72 0.173077
31 73 0.185090
31 74 0.264706
31 75 0.361809
31 76 0.289157
31 77 0.305085
31 78 0.224299
31 79 0.322870
31 80 0.198347
31 81 0.369231
31 82 0.367347
31 83 0.986301
31 84 0.284585
31 85 0.298755
31 86 0.436364
31 87 0.470588
31 88 0.269663
31 89 0.411429
31 90 0.227129
31 91 0.256228
31 92 0.224299
31 93 0.261818
31 94 0.679245
31 95 0.409091
31 96 0.265683
31 97 0.600000
31 98 0.533333
31 99 0.301255
32 33 0.127596
32 34 0.232432
32 35 0.167969
32 36 0.121127
32 37 0.146259
32 38 0.146758
32 39 0.215000
32 40 0.168627
32 41 0.193694
32 42 0.524390
32 43 0.233696
32 44 0.151943
32 45 0.180672
32 46 0.248555
32 47 0.121127
32 48 0.605634
32 49 0.203791
32 50 0.142857
32 51 0.192825
32 52 0.125364
32 53 0.199074
32 54 0.355372
32 55 0.537500
32 56 0.205742
32 57 0.138264
32 58 0.151408
32 59 0.605634
32 60 0.143813
32 61 0.254438
32 62 0.215000
32 63 0.216080
32 64 0.349593
32 65 0.159259
32 66 0.148276
32 67 0.124638
32 68 0.164751
32 69 0.248555
32 70 0.361345
32 71 0.166023
32 72 0.118132
32 73 0.125731
32 74 0.248555
32 75 0.138264
32 76 0.123563
32 77 0.341270
32 78 0.123209
32 79 0.132308
32 80 0.131902
32 81 0.390909
32 82 0.150877
32 83 0.443299
32 84 0.277419
32 85 0.142384
32 86 0.156364
32 87 0.162264
32 88 0.120112
32 89 0.234973
32 90 0.188596
32 91 0.251462
32 92 0.127596
32 93 0.169291
32 94 0.259036
32 95 0.227513
32 96 0.154122
32 97 0.977273
32 98 0.174089
32 99 0.164751
33 34 0.051136
33 35 0.146341
33 36 0.947368
33 37 0.053571
33 38 0.072289
33 39 0.058252
33 40 0.075949
33 41 0.076271
33 42 0.052941
33 43 0.113208
33 44 0.056075
33 45 0.077253
33 46 0.049046
33 47 0.041570
33 48 0.055046
33 49 0.084112
33 50 0.300000
33 51 0.097826
33 52 0.086957
33 53 0.081081
33 54 0.056426
33 55 0.043796
33 56 0.102857
33 57 0.046392
33 58 0.085714
33 59 0.044226
33 60 0.054878
33 61 0.042857
33 62 0.040541
33 63 0.033771
33 64 0.041763
33 65 0.070039
33 66 0.176471
33 67 0.050139
33 68 0.183673
33 69 0.070866
33 70 0.044554
33 71 0.086124
33 72 0.041958
33 73 0.045113
33 74 0.035294
33 75 0.082949
33 76 0.264706
33 77 0.039216
33 78 0.095745
33 79 0.200000
33 80 0.050279
33 81 0.040909
33 82 0.054054
33 83 0.055556
33 84 0.036660
33 85 0.225000
33 86 0.113924
33 87 0.097297
33 88 0.500000
33 89 0.085308
33 90 0.041190
33 91 0.036000
33 92 0.082192
33 93 0.064516
33 94 0.104046
33 95 0.089552
33 96 0.083333
33 97 0.049724
33 98 0.090000
33 99 0.100000
34 35 0.215517
34 36 0.137363
34 37 0.396825
34 38 0.292398
34 39 0.980392
34 40 0.128535
34 41 0.393701
34 42 0.189394
34 43 0.193050
34 44 0.113379
34 45 0.134771
34 46 0.141243
34 47 0.094518
34 48 0.199203
34 49 0.148368
34 50 0.144509
34 51 0.290698
34 52 0.110619
34 53 0.367647
34 54 0.746269
34 55 0.270270
34 56 0.160256
34 57 0.103734
34 58 0.124069
34 59 0.239234
34 60 0.109409
34 61 0.568182
34 62 0.130548
34 63 0.156740
34 64 0.169492
34 65 0.342466
34 66 0.139276
34 67 0.099404
34 68 0.155280
34 69 0.156740
34 70 0.166667
34 71 0.294118
34 72 0.093284
34 73 0.097847
34 74 0.183150
34 75 0.240385
34 76 0.153374
34 77 0.187266
34 78 0.111359
34 79 0.170068
34 80 0.102459
34 81 0.256410
34 82 0.423729
34 83 0.561798
34 84 0.196078
34 85 0.139276
34 86 0.231481
34 87 0.261780
34 88 0.140449
34 89 0.163934
34 90 0.121359
34 91 0.160772
34 92 0.110865
34 93 0.124069
34 94 0.213675
34 95 0.163399
34 96 0.124688
34 97 0.318471
34 98 0.295858
34 99 0.135501
35 36 0.350746
35 37 0.217593
35 38 0.343066
35 39 0.251337
35 40 0.176692
35 41 0.412281
35 42 0.163763
35 43 0.364341
35 44 0.135838
35 45 0.185039
35 46 0.137427
35 47 0.102620
35 48 0.173432
35 49 0.210762
35 50 0.345588
35 51 0.770492
35 52 0.167260
35 53 0.474747
35 54 0.225962
35 55 0.146875
35 56 0.259669
35 57 0.114914
35 58 0.182879
35 59 0.145062
35 60 0.131285
35 61 0.154098
35 62 0.114914
35 63 0.103524
35 64 0.127371
35 65 0.340580
35 66 0.281437
35 67 0.117794
35 68 0.348148
35 69 0.193416
35 70 0.134286
35 71 0.522222
35 72 0.102620
35 73 0.109813
35 74 0.111111
35 75 0.408696
35 76 0.474747
35 77 0.123037
35 78 0.174721
35 79 0.661972
35 80 0.119898
35 81 0.135447
35 82 0.220657
35 83 0.215596
35 84 0.116337
35 85 0.301282
35 86 0.979167
35 87 0.691176
35 88 0.376000
35 89 0.231527
35 90 0.113253
35 91 0.110070
35 92 0.163194
35 93 0.156146
35 94 0.382114
35 95 0.239796
35 96 0.181467
35 97 0.173432
35 98 0.594937
35 99 0.214612
36 37 0.067251
36 38 0.090196
36 39 0.071651
36 40 0.090909
36 41 0.093117
36 42 0.064067
36 43 0.129213
36 44 0.068249
36 45 0.092000
36 46 0.059585
36 47 0.051225
36 48 0.066474
36 49 0.099138
36 50 0.298701
36 51 0.117949
36 52 0.105505
36 53 0.098712
36 54 0.068862
36 55 0.053738
36 56 0.118557
36 57 0.056790
36 58 0.102222
36 59 0.054118
36 60 0.067055
36 61 0.052995
36 62 0.049676
36 63 0.041742
36 64 0.051111
36 65 0.087452
36 66 0.194915
36 67 0.061497
36 68 0.198276
36 69 0.084249
36 70 0.054374
36 71 0.106481
36 72 0.051685
36 73 0.055422
36 74 0.043561
36 75 0.104545
36 76 0.365079
36 77 0.048218
36 78 0.116162
36 79 0.252747
36 80 0.061497
36 81 0.050328
36 82 0.067647
36 83 0.067647
36 84 0.045187
36 85 0.242105
36 86 0.140244
36 87 0.119792
36 88 0.958333
36 89 0.100000
36 90 0.050439
36 91 0.044402
36 92 0.099567
36 93 0.077703
36 94 0.120419
36 95 0.104545
36 96 0.099567
36 97 0.060686
36 98 0.110577
36 99 0.117347
37 38 0.086957
37 39 0.085106
37 40 0.017937
37 41 0.070796
37 42 0.021798
37 43 0.026578
37 44 0.015625
37 45 0.018605
37 46 0.017699
37 47 0.013072
37 48 0.022792
37 49 0.020305
37 50 0.022792
37 51 0.048780
37 52 0.016461
37 53 0.062016
37 54 0.045714
37 55 0.025974
37 56 0.022222
37 57 0.014210
37 58 0.017817
37 59 0.024169
37 60 0.015180
37 61 0.038647
37 62 0.016227
37 63 0.018018
37 64 0.019417
37 65 0.100000
37 66 0.021164
37 67 0.013986
37 68 0.023392
37 69 0.020408
37 70 0.019417
37 71 0.062500
37 72 0.012966
37 73 0.013582
37 74 0.020101
37 75 0.060150
37 76 0.027682
37 77 0.020460
37 78 0.016771
37 79 0.031250
37 80 0.014286
37 81 0.025000
37 82 0.888889
37 83 0.040000
37 84 0.020997
37 85 0.021622
37 86 0.044693
37 87 0.052632
37 88 0.024465
37 89 0.021918
37 90 0.015504
37 91 0.018391
37 92 0.016327
37 93 0.017021
37 94 0.028571
37 95 0.022039
37 96 0.017778
37 97 0.029197
37 98 0.057971
37 99 0.019417
38 39 0.213115
38 40 0.066667
38 41 0.361111
38 42 0.073864
38 43 0.106557
38 44 0.056034
38 45 0.069149
38 46 0.060748
38 47 0.045534
38 48 0.077381
38 49 0.076246
38 50 0.095588
38 51 0.262626
38 52 0.062500
38 53 0.317073
38 54 0.136126
38 55 0.079027
38 56 0.085809
38 57 0.049904
38 58 0.067183
38 59 0.075145
38 60 0.054393
38 61 0.100386
38 62 0.053942
38 63 0.055319
38 64 0.062651
38 65 0.962963
38 66 0.085809
38 67 0.049904
38 68 0.096296
38 69 0.074499
38 70 0.063882
38 71 0.509804
38 72 0.045296
38 73 0.047706
38 74 0.060606
38 75 0.619048
38 76 0.130653
38 77 0.063725
38 78 0.064198
38 79 0.156627
38 80 0.050781
38 81 0.074713
38 82 0.282609
38 83 0.122066
38 84 0.063415
38 85 0.089041
38 86 0.279570
38 87 0.376812
38 88 0.109244
38 89 0.082278
38 90 0.052209
38 91 0.057269
38 92 0.061611
38 93 0.061905
38 94 0.114035
38 95 0.083333
38 96 0.067010
38 97 0.090592
38 98 0.393939
38 99 0.074499
39 40 0.206989
39 41 0.987179
39 42 0.281022
39 43 0.330472
39 44 0.178241
39 45 0.216901
39 46 0.213296
39 47 0.146110
39 48 0.297297
39 49 0.240625
39 50 0.249191
39 51 0.611111
39 52 0.180751
39 53 0.865169
39 54 0.950617
39 55 0.353211
39 56 0.264605
39 57 0.161088
39 58 0.201571
39 59 0.322176
39 60 0.172260
39 61 0.557971
39 62 0.192982
39 63 0.215686
39 64 0.242138
39 65 0.802083
39 66 0.235474
39 67 0.156187
39 68 0.265517
39 69 0.248387
39 70 0.242138
39 71 0.647059
39 72 0.144737
39 73 0.152174
39 74 0.246006
39 75 0.490446
39 76 0.275986
39 77 0.257525
39 78 0.182898
39 79 0.311741
39 80 0.160417
39 81 0.330472
39 82 0.895349
39 83 0.726415
39 84 0.261017
39 85 0.237654
39 86 0.461078
39 87 0.542254
39 88 0.247588
39 89 0.266436
39 90 0.181604
39 91 0.223837
39 92 0.180328
39 93 0.196931
39 94 0.366667
39 95 0.266436
39 96 0.202100
39 97 0.425414
39 98 0.641667
39 99 0.222543
40 41 0.053731
40 42 0.089552
40 43 0.122449
40 44 0.211765
40 45 0.947368
40 46 0.105882
40 47 0.090909
40 48 0.090909
40 49 0.339623
40 50 0.101695
40 51 0.061644
40 52 0.180000
40 53 0.056426
40 54 0.055046
40 55 0.054545
40 56 0.204545
40 57 0.118421
40 58 0.439024
40 59 0.058065
40 60 0.191489
40 61 0.043689
40 62 0.072581
40 63 0.044776
40 64 0.063604
40 65 0.047244
40 66 0.132353
40 67 0.135338
40 68 0.124138
40 69 0.216867
40 70 0.073171
40 71 0.053097
40 72 0.091837
40 73 0.108434
40 74 0.045113
40 75 0.047619
40 76 0.061433
40 77 0.053731
40 78 0.155172
40 79 0.060606
40 80 0.141732
40 81 0.050139
40 82 0.041002
40 83 0.057508
40 84 0.046632
40 85 0.113208
40 86 0.057692
40 87 0.055215
40 88 0.066176
40 89 0.214286
40 90 0.080000
40 91 0.049861
40 92 0.202247
40 93 0.409091
40 94 0.107784
40 95 0.214286
40 96 0.529412
40 97 0.060606
40 98 0.055556
40 99 0.315789
41 42 0.056738
41 43 0.084656
41 44 0.039506
41 45 0.050000
41 46 0.044568
41 47 0.031496
41 48 0.060377
41 49 0.056338
41 50 0.065574
41 51 0.290909
41 52 0.042781
41 53 0.941176
41 54 0.125984
41 55 0.060837
41 56 0.064257
41 57 0.034858
41 58 0.047478
41 59 0.057762
41 60 0.038186
41 61 0.076190
41 62 0.038929
41 63 0.039604
41 64 0.046377
41 65 0.313725
41 66 0.059925
41 67 0.034483
41 68 0.069264
41 69 0.055944
41 70 0.047619
41 71 0.355556
41 72 0.031250
41 73 0.033058
41 74 0.043956
41 75 0.173913
41 76 0.078818
41 77 0.047198
41 78 0.043716
41 79 0.094118
41 80 0.035320
41 81 0.056338
41 82 0.149533
41 83 0.108844
41 84 0.046377
41 85 0.061303
41 86 0.177778
41 87 0.246154
41 88 0.068085
41 89 0.062257
41 90 0.037383
41 91 0.041558
41 92 0.042328
41 93 0.044321
41 94 0.094675
41 95 0.062992
41 96 0.047337
41 97 0.073394
41 98 0.372093
41 99 0.053333
42 43 0.087912
42 44 0.075829
42 45 0.086486
42 46 0.175824
42 47 0.058394
42 48 0.941176
42 49 0.095808
42 50 0.054608
42 51 0.059480
42 52 0.053872
42 53 0.058824
42 54 0.080402
42 55 0.115108
42 56 0.088398
42 57 0.069264
42 58 0.067797
42 59 0.141593
42 60 0.070485
42 61 0.064000
42 62 0.123077
42 63 0.077670
42 64 0.172043
42 65 0.048193
42 66 0.058824
42 67 0.059259
42 68 0.063745
42 69 0.133333
42 70 0.246154
42 71 0.051447
42 72 0.056537
42 73 0.060837
42 74 0.080000
42 75 0.044077
42 76 0.043716
42 77 0.117647
42 78 0.051948
42 79 0.045714
42 80 0.063745
42 81 0.096970
42 82 0.044693
42 83 0.090909
42 84 0.086022
42 85 0.055556
42 86 0.050633
42 87 0.051118
42 88 0.043478
42 89 0.108844
42 90 0.106667
42 91 0.095808
42 92 0.055556
42 93 0.085106
42 94 0.093023
42 95 0.103226
42 96 0.069565
42 97 0.131148
42 98 0.053872
42 99 0.072072
43 44 0.112613
43 45 0.189394
43 46 0.113636
43 47 0.075529
43 48 0.147929
43 49 0.255102
43 50 0.213675
43 51 0.171233
43 52 0.128866
43 53 0.144509
43 54 0.121951
43 55 0.095420
43 56 0.416667
43 57 0.088652
43 58 0.166667
43 59 0.098425
43 60 0.106383
43 61 0.082781
43 62 0.085616
43 63 0.066489
43 64 0.091575
43 65 0.106838
43 66 0.227273
43 67 0.089928
43 68 0.320513
43 69 0.215517
43 70 0.101626
43 71 0.128866
43 72 0.075075
43 73 0.082508
43 74 0.070225
43 75 0.106383
43 76 0.132979
43 77 0.082781
43 78 0.130890
43 79 0.140449
43 80 0.092937
43 81 0.085324
43 82 0.085034
43 83 0.125628
43 84 0.073746
43 85 0.210084
43 86 0.146199
43 87 0.137363
43 88 0.134409
43 89 0.333333
43 90 0.085616
43 91 0.073099
43 92 0.128866
43 93 0.141243
43 94 0.961538
43 95 0.362319
43 96 0.166667
43 97 0.115741
43 98 0.140449
43 99 0.221239
44 45 0.172043
44 46 0.111111
44 47 0.140351
44 48 0.074419
44 49 0.128000
44 50 0.061303
44 51 0.043716
44 52 0.103896
44 53 0.041131
44 54 0.042553
44 55 0.045845
44 56 0.096386
44 57 0.235294
44 58 0.139130
44 59 0.049536
44 60 0.941176
44 61 0.035556
44 62 0.076555
44 63 0.041026
44 64 0.058608
44 65 0.035320
44 66 0.073059
44 67 0.253968
44 68 0.069565
44 69 0.130081
44 70 0.067797
44 71 0.038647
44 72 0.141593
44 73 0.195122
44 74 0.040201
44 75 0.035088
44 76 0.042328
44 77 0.048193
44 78 0.090909
44 79 0.042105
44 80 0.326531
44 81 0.042667
44 82 0.031683
44 83 0.044693
44 84 0.041237
44 85 0.066116
44 86 0.040816
44 87 0.039702
44 88 0.044944
44 89 0.107383
44 90 0.091954
44 91 0.045977
44 92 0.115942
44 93 0.347826
44 94 0.067511
44 95 0.104575
44 96 0.148148
44 97 0.049080
44 98 0.040100
44 99 0.113475
45 46 0.218750
45 47 0.169903
45 48 0.192308
45 49 0.972222
45 50 0.201149
45 51 0.125899
45 52 0.307018
45 53 0.115132
45 54 0.113269
45 55 0.111821
45 56 0.472973
45 57 0.220126
45 58 0.673077
45 59 0.119454
45 60 0.336538
45 61 0.088832
45 62 0.146444
45 63 0.090439
45 64 0.130112
45 65 0.095628
45 66 0.261194
45 67 0.239726
45 68 0.251799
45 69 0.530303
45 70 0.150215
45 71 0.107692
45 72 0.170732
45 73 0.200000
45 74 0.091146
45 75 0.095890
45 76 0.121951
45 77 0.109718
45 78 0.275591
45 79 0.121528
45 80 0.253623
45 81 0.102339
45 82 0.082742
45 83 0.118644
45 84 0.094595
45 85 0.222930
45 86 0.116667
45 87 0.112179
45 88 0.130597
45 89 0.530303
45 90 0.159817
45 91 0.100865
45 92 0.336538
45 93 0.729167
45 94 0.231788
45 95 0.522388
45 96 0.760870
45 97 0.125000
45 98 0.112903
45 99 0.625000
46 47 0.387097
46 48 0.692308
46 49 0.450000
46 50 0.230769
46 51 0.213650
46 52 0.267658
46 53 0.207493
46 54 0.249135
46 55 0.325792
46 56 0.373057
46 57 0.493151
46 58 0.342857
46 59 0.375000
46 60 0.455696
46 61 0.211765
46 62 0.900000
46 63 0.291498
46 64 0.553846
46 65 0.175610
46 66 0.257143
46 67 0.367347
46 68 0.265683
46 69 0.631579
46 70 0.765957
46 71 0.187990
46 72 0.367347
46 73 0.402235
46 74 0.280156
46 75 0.166282
46 76 0.176904
46 77 0.376963
46 78 0.252632
46 79 0.181360
46 80 0.411429
46 81 0.295082
46 82 0.162528
46 83 0.270677
46 84 0.290323
46 85 0.239203
46 86 0.189974
46 87 0.189474
46 88 0.180451
46 89 0.458599
46 90 0.986301
46 91 0.351220
46 92 0.281250
46 93 0.514286
46 94 0.327273
46 95 0.433735
46 96 0.354680
46 97 0.339623
46 98 0.195652
46 99 0.339623
47 48 0.052817
47 49 0.063559
47 50 0.040107
47 51 0.031646
47 52 0.059524
47 53 0.030364
47 54 0.032397
47 55 0.036946
47 56 0.053957
47 57 0.300000
47 58 0.066667
47 59 0.039788
47 60 0.141509
47 61 0.028681
47 62 0.070755
47 63 0.036585
47 64 0.049020
47 65 0.026882
47 66 0.045317
47 67 0.174419
47 68 0.043732
47 69 0.067265
47 70 0.054745
47 71 0.028736
47 72 0.937500
47 73 0.405405
47 74 0.034803
47 75 0.026502
47 76 0.030550
47 77 0.040761
47 78 0.054545
47 79 0.030364
47 80 0.192308
47 81 0.035047
47 82 0.024793
47 83 0.033937
47 84 0.035294
47 85 0.042373
47 86 0.029880
47 87 0.029297
47 88 0.031983
47 89 0.058366
47 90 0.089820
47 91 0.040541
47 92 0.063559
47 93 0.094937
47 94 0.043478
47 95 0.057034
47 96 0.068493
47 97 0.037879
47 98 0.029644
47 99 0.059055
48 49 0.487654
48 50 0.280142
48 51 0.312253
48 52 0.269625
48 53 0.309804
48 54 0.427027
48 55 0.585185
48 56 0.459302
48 57 0.329167
48 58 0.340517
48 59 0.705357
48 60 0.341991
48 61 0.329167
48 62 0.541096
48 63 0.369159
48 64 0.752381
48 65 0.250794
48 66 0.301527
48 67 0.286232
48 68 0.330544
48 69 0.681034
48 70 0.987500
48 71 0.267797
48 72 0.269625
48 73 0.290441
48 74 0.387255
48 75 0.227666
48 76 0.225071
48 77 0.556338
48 78 0.260726
48 79 0.235821
48 80 0.307393
48 81 0.484663
48 82 0.230321
48 83 0.487654
48 84 0.417989
48 85 0.284173
48 86 0.263333
48 87 0.266892
48 88 0.223164
48 89 0.568345
48 90 0.475904
48 91 0.446328
48 92 0.277193
48 93 0.415789
48 94 0.500000
48 95 0.537415
48 96 0.349558
48 97 0.699115
48 98 0.281139
48 99 0.365741
49 50 0.198718
49 51 0.127572
49 52 0.233083
49 53 0.115242
49 54 0.112727
49 55 0.107639
49 56 0.720930
49 57 0.165775
49 58 0.424658
49 59 0.114815
49 60 0.226277
49 61 0.085399
49 62 0.129167
49 63 0.083333
49 64 0.121094
49 65 0.093656
49 66 0.256198
49 67 0.172222
49 68 0.264957
49 69 0.620000
49 70 0.140271
49 71 0.106529
49 72 0.131356
49 73 0.150485
49 74 0.084932
49 75 0.093373
49 76 0.117871
49 77 0.102649
49 78 0.218310
49 79 0.118774
49 80 0.181287
49 81 0.097484
49 82 0.079897
49 83 0.118321
49 84 0.088571
49 85 0.218310
49 86 0.115672
49 87 0.111111
49 88 0.125000
49 89 0.968750
49 90 0.137168
49 91 0.093093
49 92 0.244094
49 93 0.392405
49 94 0.267241
49 95 0.968750
49 96 0.449275
49 97 0.123016
49 98 0.112319
49 99 0.553571
50 51 0.115789
50 52 0.141935
50 53 0.096491
50 54 0.072368
50 55 0.058201
50 56 0.183333
50 57 0.066869
50 58 0.144737
50 59 0.059299
50 60 0.081784
50 61 0.054321
50 62 0.056266
50 63 0.044715
50 64 0.056995
50 65 0.080292
50 66 0.500000
50 67 0.073090
50 68 0.511628
50 69 0.110553
50 70 0.061798
50 71 0.097345
50 72 0.059299
50 73 0.064706
50 74 0.046512
50 75 0.089431
50 76 0.183333
50 77 0.052632
50 78 0.158273
50 79 0.165414
50 80 0.073333
50 81 0.053922
50 82 0.063401
50 83 0.072368
50 84 0.048352
50 85 0.956522
50 86 0.122222
50 87 0.107843
50 88 0.231579
50 89 0.140127
50 90 0.057743
50 91 0.048140
50 92 0.132530
50 93 0.100000
50 94 0.160584
50 95 0.149660
50 96 0.140127
50 97 0.066465
50 98 0.102804
50 99 0.181818
51 52 0.098765
51 53 0.820513
51 54 0.207792
51 55 0.115523
51 56 0.156098
51 57 0.075472
51 58 0.110345
51 59 0.111888
51 60 0.084211
51 61 0.129032
51 62 0.080605
51 63 0.076923
51 64 0.093294
51 65 0.355556
51 66 0.149533
51 67 0.075650
51 68 0.178771
51 69 0.126984
51 70 0.097264
51 71 0.653061
51 72 0.067227
51 73 0.071588
51 74 0.083990
51 75 0.333333
51 76 0.205128
51 77 0.092219
51 78 0.101911
51 79 0.256000
51 80 0.077482
51 81 0.105960
51 82 0.201258
51 83 0.191617
51 84 0.088398
51 85 0.154589
51 86 0.592593
51 87 0.727273
51 88 0.172973
51 89 0.146789
51 90 0.078240
51 91 0.081633
51 92 0.097561
51 93 0.099379
51 94 0.246154
51 95 0.150235
51 96 0.109966
51 97 0.139738
51 98 0.969697
51 99 0.126984
52 53 0.044693
52 54 0.040404
52 55 0.038005
52 56 0.112676
52 57 0.073733
52 58 0.258065
52 59 0.039702
52 60 0.104575
52 61 0.032720
52 62 0.046377
52 63 0.031936
52 64 0.041885
52 65 0.038741
52 66 0.137931
52 67 0.095238
52 68 0.108844
52 69 0.089888
52 70 0.046243
52 71 0.043597
52 72 0.065574
52 73 0.074074
52 74 0.032258
52 75 0.040506
52 76 0.058608
52 77 0.037037
52 78 0.666667
52 79 0.055556
52 80 0.091429
52 81 0.035477
52 82 0.033264
52 83 0.041451
52 84 0.033195
52 85 0.120301
52 86 0.048780
52 87 0.045977
52 88 0.066390
52 89 0.099379
52 90 0.050157
52 91 0.034783
52 92 0.941176
52 93 0.121212
52 94 0.073394
52 95 0.102564
52 96 0.231884
52 97 0.041667
52 98 0.045326
52 99 0.188235
53 54 0.273438
53 55 0.134100
53 56 0.150215
53 57 0.078829
53 58 0.109034
53 59 0.128205
53 60 0.086849
53 61 0.162037
53 62 0.087282
53 63 0.087282
53 64 0.103550
53 65 0.546875
53 66 0.140000
53 67 0.078125
53 68 0.163551
53 69 0.128676
53 70 0.106707
53 71 0.795455
53 72 0.070423
53 73 0.074627
53 74 0.096419
53 75 0.364583
53 76 0.183246
53 77 0.104478
53 78 0.100287
53 79 0.220126
53 80 0.080092
53 81 0.123675
53 82 0.282258
53 83 0.239726
53 84 0.101744
53 85 0.143443
53 86 0.432099
53 87 0.603448
53 88 0.157658
53 89 0.145228
53 90 0.083933
53 91 0.091864
53 92 0.096953
53 93 0.101156
53 94 0.228758
53 95 0.147059
53 96 0.109034
53 97 0.162791
53 98 0.972222
53 99 0.123675
54 55 0.178571
54 56 0.098039
54 57 0.060096
54 58 0.072674
54 59 0.158228
54 60 0.063776
54 61 0.247525
54 62 0.077882
54 63 0.089286
54 64 0.105042
54 65 0.151515
54 66 0.080386
54 67 0.057078
54 68 0.090909
54 69 0.098039
54 70 0.104603
54 71 0.146199
54 72 0.053191
54 73 0.056180
54 74 0.104603
54 75 0.114155
54 76 0.081699
54 77 0.113636
54 78 0.063452
54 79 0.090580
54 80 0.059102
54 81 0.158228
54 82 0.150602
54 83 0.961538
54 84 0.113636
54 85 0.079618
54 86 0.121359
54 87 0.134409
54 88 0.075758
54 89 0.102459
54 90 0.071839
54 91 0.094340
54 92 0.063452
54 93 0.073746
54 94 0.138889
54 95 0.102041
54 96 0.073314
54 97 0.247525
54 98 0.152439
54 99 0.080128
55 56 0.104167
55 57 0.081967
55 58 0.083102
55 59 0.937500
55 60 0.082192
55 61 0.227273
55 62 0.135747
55 63 0.211268
55 64 0.250000
55 65 0.098684
55 66 0.081301
55 67 0.073529
55 68 0.088496
55 69 0.120968
55 70 0.215827
55 71 0.098684
55 72 0.071942
55 73 0.075188
55 74 0.288462
55 75 0.084507
55 76 0.072289
55 77 0.361446
55 78 0.070093
55 79 0.076923
55 80 0.077121
55 81 0.967742
55 82 0.100000
55 83 0.256410
55 84 0.352941
55 85 0.078947
55 86 0.090634
55 87 0.094937
55 88 0.069767
55 89 0.114943
55 90 0.115830
55 91 0.236220
55 92 0.072464
55 93 0.092593
55 94 0.123967
55 95 0.112360
55 96 0.084270
55 97 0.600000
55 98 0.101695
55 99 0.088496
56 57 0.117904
56 58 0.296703
56 59 0.098540
56 60 0.151685
56 61 0.077810
56 62 0.099631
56 63 0.069948
56 64 0.098901
56 65 0.091837
56 66 0.296703
56 67 0.122727
56 68 0.346154
56 69 0.337500
56 70 0.112033
56 71 0.107143
56 72 0.097122
56 73 0.108871
56 74 0.072386
56 75 0.092466
56 76 0.122172
56 77 0.086262
56 78 0.188811
56 79 0.123288
56 80 0.127358
56 81 0.084639
56 82 0.076271
56 83 0.110204
56 84 0.075630
56 85 0.245455
56 86 0.119469
56 87 0.112971
56 88 0.129187
56 89 0.729730
56 90 0.103053
56 91 0.077586
56 92 0.192857
56 93 0.223140
56 94 0.329268
56 95 0.964286
56 96 0.296703
56 97 0.109312
56 98 0.113924
56 99 0.465517
57 58 0.181319
57 59 0.097633
57 60 0.507692
57 61 0.068750
57 62 0.175532
57 63 0.086162
57 64 0.120879
57 65 0.064961
57 66 0.114983
57 67 0.492537
57 68 0.111486
57 69 0.190751
57 70 0.138075
57 71 0.069915
57 72 0.600000
57 73 0.970588
57 74 0.082707
57 75 0.063953
57 76 0.074324
57 77 0.098507
57 78 0.138075
57 79 0.073991
57 80 0.673469
57 81 0.084833
57 82 0.059353
57 83 0.083333
57 84 0.084184
57 85 0.106452
57 86 0.072848
57 87 0.071429
57 88 0.077830
57 89 0.159420
57 90 0.226027
57 91 0.096491
57 92 0.164179
57 93 0.297297
57 94 0.111864
57 95 0.154930
57 96 0.187500
57 97 0.093750
57 98 0.072210
57 99 0.157895
58 59 0.020468
58 60 0.058824
58 61 0.016129
58 62 0.024306
58 63 0.015945
58 64 0.021807
58 65 0.018421
58 66 0.064815
58 67 0.046667
58 68 0.055118
58 69 0.060345
58 70 0.024648
58 71 0.020833
58 72 0.031818
58 73 0.036842
58 74 0.016092
58 75 0.018868
58 76 0.025830
58 77 0.018919
58 78 0.092105
58 79 0.025180
58 80 0.046980
58 81 0.017949
58 82 0.015801
58 83 0.021021
58 84 0.016667
58 85 0.053435
58 86 0.023026
58 87 0.021875
58 88 0.028455
58 89 0.067961
58 90 0.026415
58 91 0.017588
58 92 0.129630
58 93 0.087500
58 94 0.040462
58 95 0.070000
58 96 0.875000
58 97 0.021538
58 98 0.021807
58 99 0.179487
59 60 0.153392
59 61 0.320988
59 62 0.273684
59 63 0.396947
59 64 0.577778
59 65 0.161994
59 66 0.144847
59 67 0.136126
59 68 0.157100
59 69 0.229075
59 70 0.481481
59 71 0.164038
59 72 0.134021
59 73 0.140162
59 74 0.504854
59 75 0.141304
59 76 0.124700
59 77 0.825397
59 78 0.126521
59 79 0.131980
59 80 0.143646
59 81 0.981132
59 82 0.161491
59 83 0.388060
59 84 0.611765
59 85 0.140162
59 86 0.153392
59 87 0.159509
59 88 0.121212
59 89 0.212245
59 90 0.228070
59 91 0.477064
59 92 0.131646
59 93 0.172757
59 94 0.220339
59 95 0.206349
59 96 0.154303
59 97 0.866667
59 98 0.169935
59 99 0.160991
60 61 0.070815
60 62 0.150000
60 63 0.081683
60 64 0.114983
60 65 0.070664
60 66 0.146018
60 67 0.702128
60 68 0.138075
60 69 0.239130
60 70 0.131474
60 71 0.077103
60 72 0.320388
60 73 0.458333
60 74 0.079903
60 75 0.070362
60 76 0.085492
60 77 0.095101
60 78 0.188571
60 79 0.084615
60 80 0.970588
60 81 0.084399
60 82 0.063462
60 83 0.088235
60 84 0.081886
60 85 0.132530
60 86 0.081683
60 87 0.079327
60 88 0.090909
60 89 0.202454
60 90 0.179348
60 91 0.091160
60 92 0.240876
60 93 0.559322
60 94 0.131474
60 95 0.197605
60 96 0.292035
60 97 0.096491
60 98 0.080097
60 99 0.221477
61 62 0.290598
61 63 0.411290
61 64 0.404762
61 65 0.437768
61 66 0.248780
61 67 0.199219
61 68 0.272727
61 69 0.305389
61 70 0.382022
61 71 0.401575
61 72 0.191729
61 73 0.199609
61 74 0.512563
61 75 0.345763
61 76 0.253102
61 77 0.485714
61 78 0.208589
61 79 0.274194
61 80 0.206478
61 81 0.790698
61 82 0.510000
61 83 0.990291
61 84 0.554348
61 85 0.246377
61 86 0.343434
61 87 0.372263
61 88 0.237762
61 89 0.307229
61 90 0.264249
61 91 0.411290
61 92 0.210309
61 93 0.244604
61 94 0.368231
61 95 0.304478
61 96 0.236659
61 97 0.796875
61 98 0.406375
61 99 0.252475
62 63 0.227273
62 64 0.432692
62 65 0.097614
62 66 0.125348
62 67 0.180723
62 68 0.129310
62 69 0.234375
62 70 0.529412
62 71 0.102273
62 72 0.199115
62 73 0.205479
62 74 0.202703
62 75 0.091650
62 76 0.093750
62 77 0.276074
62 78 0.123967
62 79 0.095949
62 80 0.197368
62 81 0.191489
62 82 0.092975
62 83 0.152027
62 84 0.206422
62 85 0.118421
62 86 0.101810
62 87 0.102273
62 88 0.094737
62 89 0.191489
62 90 0.978261
62 91 0.283019
62 92 0.135542
62 93 0.210280
62 94 0.155172
62 95 0.184426
62 96 0.160142
62 97 0.196507
62 98 0.105634
62 99 0.154639
63 64 0.341667
63 65 0.092135
63 66 0.086316
63 67 0.093182
63 68 0.090909
63 69 0.126543
63 70 0.261146
63 71 0.092135
63 72 0.096927
63 73 0.098795
63 74 0.820000
63 75 0.082661
63 76 0.075092
63 77 0.546667
63 78 0.080078
63 79 0.078244
63 80 0.097852
63 81 0.328000
63 82 0.094037
63 83 0.158915
63 84 0.640625
63 85 0.083673
63 86 0.087420
63 87 0.089912
63 88 0.073741
63 89 0.116477
63 90 0.168724
63 91 0.976190
63 92 0.083673
63 93 0.107612
63 94 0.113573
63 95 0.113573
63 96 0.094907
63 97 0.218085
63 98 0.094253
63 99 0.096019
64 65 0.094388
64 66 0.101648
64 67 0.113497
64 68 0.107872
64 69 0.178744
64 70 0.973684
64 71 0.097368
64 72 0.116352
64 73 0.120915
64 74 0.291339
64 75 0.085648
64 76 0.081498
64 77 0.587302
64 78 0.093671
64 79 0.084862
64 80 0.121311
64 81 0.282443
64 82 0.091811
64 83 0.173709
64 84 0.308333
64 85 0.097113
64 86 0.094148
64 87 0.095855
64 88 0.080786
64 89 0.155462
64 90 0.253425
64 91 0.474359
64 92 0.099730
64 93 0.141221
64 94 0.141762
64 95 0.149798
64 96 0.117834
64 97 0.266187
64 98 0.100543
64 99 0.118971
65 66 0.158940
65 67 0.093933
65 68 0.179775
65 69 0.143284
65 70 0.124675
65 71 0.979592
65 72 0.085561
65 73 0.090226
65 74 0.119107
65 75 0.750000
65 76 0.227488
65 77 0.125326
65 78 0.119107
65 79 0.269663
65 80 0.096000
65 81 0.149068
65 82 0.623377
65 83 0.255319
65 84 0.124675
65 85 0.163823
65 86 0.480000
65 87 0.657534
65 88 0.193548
65 89 0.157895
65 90 0.100209
65 91 0.111888
65 92 0.114833
65 93 0.117359
65 94 0.222222
65 95 0.159468
65 96 0.125984
65 97 0.183206
65 98 0.786885
65 99 0.140351
66 67 0.089494
66 68 0.605263
66 69 0.137725
66 70 0.069277
66 71 0.090196
66 72 0.070336
66 73 0.077441
66 74 0.050109
66 75 0.082143
66 76 0.140244
66 77 0.057214
66 78 0.225490
66 79 0.132184
66 80 0.089494
66 81 0.057500
66 82 0.061662
66 83 0.074919
66 84 0.052036
66 85 0.958333
66 86 0.107981
66 87 0.097872
66 88 0.166667
66 89 0.179688
66 90 0.066474
66 91 0.052511
66 92 0.185484
66 93 0.128492
66 94 0.172932
66 95 0.194915
66 96 0.201754
66 97 0.070988
66 98 0.095436
66 99 0.291139
67 68 0.076364
67 69 0.113514
67 70 0.072414
67 71 0.044586
67 72 0.272727
67 73 0.411765
67 74 0.046460
67 75 0.041096
67 76 0.050000
67 77 0.054404
67 78 0.109948
67 79 0.049180
67 80 0.954545
67 81 0.048387
67 82 0.037168
67 83 0.049881
67 84 0.047404
67 85 0.075000
67 86 0.047191
67 87 0.045852
67 88 0.053165
67 89 0.100962
67 90 0.100478
67 91 0.052764
67 92 0.138158
67 93 0.203883
67 94 0.071186
67 95 0.099526
67 96 0.144828
67 97 0.054264
67 98 0.046154
67 99 0.114130
68 69 0.259494
68 70 0.130990
68 71 0.186364
68 72 0.120235
68 73 0.132258
68 74 0.094688
68 75 0.164659
68 76 0.275168
68 77 0.108753
68 78 0.301471
68 79 0.269737
68 80 0.151292
68 81 0.110811
68 82 0.121662
68 83 0.150735
68 84 0.098795
68 85 0.976190
68 86 0.225275
68 87 0.203980
68 88 0.310606
68 89 0.359649
68 90 0.120588
68 91 0.098795
68 92 0.266234
68 93 0.220430
68 94 0.410000
68 95 0.390476
68 96 0.312977
68 97 0.139932
68 98 0.198068
68 99 0.450549
69 70 0.255814
69 71 0.146667
69 72 0.194690
69 73 0.222222
69 74 0.137931
69 75 0.127168
69 76 0.148148
69 77 0.172549
69 78 0.232804
69 79 0.151203
69 80 0.258824
69 81 0.158845
69 82 0.114583
69 83 0.184874
69 84 0.144737
69 85 0.234043
69 86 0.154386
69 87 0.150685
69 88 0.153310
69 89 0.977778
69 90 0.240437
69 91 0.154930
69 92 0.260355
69 93 0.523810
69 94 0.354839
69 95 0.814815
69 96 0.396396
69 97 0.203704
69 98 0.154386
69 99 0.419048
70 71 0.260163
70 72 0.335664
70 73 0.352941
70 74 0.588957
70 75 0.228029
70 76 0.223256
70 77 0.989691
70 78 0.267409
70 79 0.231884
70 80 0.356877
70 81 0.615385
70 82 0.238213
70 83 0.448598
70 84 0.623377
70 85 0.274286
70 86 0.253968
70 87 0.258065
70 88 0.222222
70 89 0.468293
70 90 0.793388
70 91 0.834783
70 92 0.286567
70 93 0.426667
70 94 0.405063
70 95 0.448598
70 96 0.345324
70 97 0.662069
70 98 0.269663
70 99 0.347826
71 72 0.028626
71 73 0.030303
71 74 0.036855
71 75 0.283019
71 76 0.089820
71 77 0.039578
71 78 0.042135
71 79 0.112782
71 80 0.032468
71 81 0.046012
71 82 0.120000
71 83 0.079365
71 84 0.038660
71 85 0.061224
71 86 0.283019
71 87 0.600000
71 88 0.074257
71 89 0.056391
71 90 0.033040
71 91 0.035294
71 92 0.040323
71 93 0.040541
71 94 0.084270
71 95 0.057252
71 96 0.044379
71 97 0.058140
71 98 0.937500
71 99 0.050336
72 73 0.967742
72 74 0.067568
72 75 0.052910
72 76 0.061475
72 77 0.078947
72 78 0.112360
72 79 0.060976
72 80 0.416667
72 81 0.068337
72 82 0.049261
72 83 0.066815
72 84 0.068650
72 85 0.085714
72 86 0.059642
72 87 0.058480
72 88 0.064516
72 89 0.115830
72 90 0.165746
72 91 0.078329
72 92 0.131579
72 93 0.189873
72 94 0.086455
72 95 0.113636
72 96 0.140187
72 97 0.074074
72 98 0.059055
72 99 0.119522
73 74 0.094907
73 75 0.076350
73 76 0.089520
73 77 0.111413
73 78 0.171548
73 79 0.088745
73 80 0.976190
73 81 0.097156
73 82 0.070447
73 83 0.096244
73 84 0.096471
73 85 0.128125
73 86 0.086681
73 87 0.084711
73 88 0.094253
73 89 0.179039
73 90 0.232955
73 91 0.109626
73 92 0.205000
73 93 0.320312
73 94 0.128931
73 95 0.175214
73 96 0.222826
73 97 0.106771
73 98 0.085595
73 99 0.185520
74 75 0.041667
74 76 0.036680
74 77 0.283582
74 78 0.037549
74 79 0.038540
74 80 0.044084
74 81 0.231707
74 82 0.048718
74 83 0.087156
74 84 0.950000
74 85 0.040169
74 86 0.043678
74 87 0.045346
74 88 0.035782
74 89 0.055556
74 90 0.071429
74 91 0.279412
74 92 0.039014
74 93 0.049479
74 94 0.056213
74 95 0.054441
74 96 0.044289
74 97 0.124183
74 98 0.047739
74 99 0.045346
75 76 0.327160
75 77 0.123256
75 78 0.138743
75 79 0.407692
75 80 0.105368
75 81 0.141333
75 82 0.398496
75 83 0.221757
75 84 0.121281
75 85 0.198502
75 86 0.779412
75 87 0.981481
75 88 0.262376
75 89 0.171521
75 90 0.105159
75 91 0.111345
75 92 0.131841
75 93 0.128954
75 94 0.238739
75 95 0.174342
75 96 0.142091
75 97 0.171521
75 98 0.803030
75 99 0.159159
76 77 0.069767
76 78 0.129412
76 79 0.970588
76 80 0.078947
76 81 0.074492
76 82 0.114983
76 83 0.104430
76 84 0.066132
76 85 0.230769
76 86 0.289474
76 87 0.232394
76 88 0.785714
76 89 0.130435
76 90 0.068894
76 91 0.063953
76 92 0.116197
76 93 0.098802
76 94 0.170103
76 95 0.134694
76 96 0.119565
76 97 0.090164
76 98 0.203704
76 99 0.138655
77 78 0.103837
77 79 0.101996
77 80 0.125683
77 81 0.560976
77 82 0.120419
77 83 0.234694
77 84 0.793103
77 85 0.110577
77 86 0.115000
77 87 0.118557
77 88 0.095436
77 89 0.164286
77 90 0.223301
77 91 0.978723
77 92 0.108747
77 93 0.144654
77 94 0.160279
77 95 0.159722
77 96 0.126374
77 97 0.377049
77 98 0.125000
77 99 0.128852
78 79 0.143911
78 80 0.196970
78 81 0.085153
78 82 0.082627
78 83 0.100775
78 84 0.079430
78 85 0.333333
78 86 0.123810
78 87 0.116071
78 88 0.176471
78 89 0.233533
78 90 0.115385
78 91 0.082627
78 92 0.975000
78 93 0.258278
78 94 0.180556
78 95 0.242236
78 96 0.469880
78 97 0.100257
78 98 0.114035
78 99 0.438202
79 80 0.170213
79 81 0.172662
79 82 0.283465
79 83 0.250871
79 84 0.151899
79 85 0.464516
79 86 0.888889
79 87 0.666667
79 88 0.986301
79 89 0.290323
79 90 0.153191
79 91 0.145161
79 92 0.241611
79 93 0.214286
79 94 0.400000
79 95 0.300000
79 96 0.255319
79 97 0.211144
79 98 0.562500
79 99 0.296296
80 81 0.219807
80 82 0.164557
80 83 0.224691
80 84 0.215640
80 85 0.326165
80 86 0.208238
80 87 0.202222
80 88 0.230964
80 89 0.461929
80 90 0.484043
80 91 0.241379
80 92 0.572327
80 93 0.989130
80 94 0.319298
80 95 0.452736
80 96 0.636364
80 97 0.246612
80 98 0.204036
80 99 0.502762
81 82 0.199357
81 83 0.449275
81 84 0.984127
81 85 0.150852
81 86 0.174157
81 87 0.182891
81 88 0.135076
81 89 0.213058
81 90 0.225455
81 91 0.516667
81 92 0.139640
81 93 0.176136
81 94 0.227941
81 95 0.208054
81 96 0.161039
81 97 0.794872
81 98 0.194969
81 99 0.168022
82 83 0.701571
82 84 0.359249
82 85 0.367123
82 86 0.761364
82 87 0.899329
82 88 0.412308
82 89 0.373259
82 90 0.263780
82 91 0.314554
82 92 0.276860
82 93 0.289417
82 94 0.490842
82 95 0.376404
82 96 0.302483
82 97 0.503759
82 98 0.992593
82 99 0.330049
83 84 0.376884
83 85 0.240385
83 86 0.339367
83 87 0.369458
83 88 0.222552
83 89 0.324675
83 90 0.231481
83 91 0.309917
83 92 0.195312
83 93 0.232919
83 94 0.428571
83 95 0.320513
83 96 0.227273
83 97 0.986842
83 98 0.414365
83 99 0.248344
84 85 0.156044
84 86 0.171084
84 87 0.177500
84 88 0.138672
84 89 0.217791
84 90 0.270992
84 91 0.986111
84 92 0.150106
84 93 0.191375
84 94 0.221875
84 95 0.213213
84 96 0.171498
84 97 0.529851
84 98 0.187335
84 99 0.175743
85 86 0.502488
85 87 0.450893
85 88 0.878261
85 89 0.687075
85 90 0.274457
85 91 0.222467
85 92 0.706294
85 93 0.500000
85 94 0.716312
85 95 0.737226
85 96 0.737226
85 97 0.301493
85 98 0.435345
85 99 0.990196
86 87 0.964286
86 88 0.180000
86 89 0.109756
86 90 0.059867
86 91 0.060674
86 92 0.080597
86 93 0.078035
86 94 0.166667
86 95 0.112500
86 96 0.088235
86 97 0.095406
86 98 0.551020
86 99 0.101504
87 88 0.123596
87 89 0.085938
87 90 0.048673
87 91 0.050691
87 92 0.062147
87 93 0.061453
87 94 0.130952
87 95 0.088000
87 96 0.068323
87 97 0.081784
87 98 0.956522
87 99 0.078014
88 89 0.802469
88 90 0.414894
88 91 0.372137
88 92 0.770751
88 93 0.621019
88 94 0.989848
88 95 0.833333
88 96 0.776892
88 97 0.511811
88 98 0.994898
88 99 0.902778
89 90 0.039648
89 91 0.028662
89 92 0.057692
89 93 0.085714
89 94 0.101124
89 95 0.900000
89 96 0.090000
89 97 0.040359
89 98 0.036000
89 99 0.113924
90 91 0.916667
90 92 0.613115
90 93 0.994681
90 94 0.638225
90 95 0.792373
90 96 0.724806
90 97 0.713740
90 98 0.425968
90 99 0.682482
91 92 0.371938
91 93 0.491176
91 94 0.509146
91 95 0.518634
91 96 0.426020
91 97 0.994048
91 98 0.403382
91 99 0.430412
92 93 0.491525
92 94 0.266055
92 95 0.381579
92 96 0.983051
92 97 0.153439
92 98 0.162011
92 99 0.698795
93 94 0.373057
93 95 0.660550
93 96 0.986301
93 97 0.242424
93 98 0.203390
93 99 0.720000
94 95 0.988235
94 96 0.488372
94 97 0.430769
94 98 0.518519
94 99 0.613139
95 96 0.742268
95 97 0.315789
95 98 0.292683
95 99 0.986301
96 97 0.125000
96 98 0.123839
96 99 0.975610
97 98 0.995968
97 99 0.823333
98 99 0.996466
