100 4950
0 1 0.316832
0 2 0.290909
0 3 0.148148
0 4 0.969697
0 5 0.102894
0 6 0.095808
0 7 0.122137
0 8 0.096970
0 9 0.175824
0 10 0.168421
0 11 0.073227
0 12 0.307692
0 13 0.076190
0 14 0.196319
0 15 0.155340
0 16 0.108108
0 17 0.438356
0 18 0.301887
0 19 0.444444
0 20 0.228571
0 21 0.150235
0 22 0.090141
0 23 0.075650
0 24 0.206452
0 25 0.084211
0 26 0.160804
0 27 0.888889
0 28 0.082262
0 29 0.271186
0 30 0.251969
0 31 0.119850
0 32 0.191617
0 33 0.080201
0 34 0.162437
0 35 0.073903
0 36 0.226950
0 37 0.076372
0 38 0.086253
0 39 0.103896
0 40 0.084433
0 41 0.152381
0 42 0.100313
0 43 0.107023
0 44 0.296296
0 45 0.125490
0 46 0.164103
0 47 0.253968
0 48 0.083990
0 49 0.160000
0 50 0.157635
0 51 0.101911
0 52 0.094675
0 53 0.102564
0 54 0.376471
0 55 0.149533
0 56 0.081218
0 57 0.087671
0 58 0.235294
0 59 0.146789
0 60 0.463768
0 61 0.136170
0 62 0.114286
0 63 0.096096
0 64 0.069565
0 65 0.126482
0 66 0.551724
0 67 0.083117
0 68 0.744186
0 69 0.244275
0 70 0.073227
0 71 0.080605
0 72 0.073903
0 73 0.410256
0 74 0.121673
0 75 0.066806
0 76 0.157635
0 77 0.116364
0 78 0.077859
0 79 0.213333
0 80 0.088889
0 81 0.102236
0 82 0.101911
0 83 0.107023
0 84 0.130081
0 85 0.372093
0 86 0.444444
0 87 0.211921
0 88 0.191617
0 89 0.081218
0 90 0.164948
0 91 0.073227
0 92 0.108108
0 93 0.320000
0 94 0.179775
0 95 0.115942
0 96 0.135593
0 97 0.082051
0 98 0.110345
0 99 0.078240
1 2 0.030457
1 3 0.027149
1 4 0.049587
1 5 0.016086
1 6 0.017699
1 7 0.027778
1 8 0.020761
1 9 0.022556
1 10 0.025751
1 11 0.015385
1 12 0.031250
1 13 0.012712
1 14 0.078947
1 15 0.021818
1 16 0.029412
1 17 0.044776
1 18 0.400000
1 19 0.142857
1 20 0.024896
1 21 0.023077
1 22 0.016129
1 23 0.014184
1 24 0.109091
1 25 0.019048
1 26 0.053097
1 27 0.044118
1 28 0.014706
1 29 0.030612
1 30 0.027650
1 31 0.020134
1 32 0.084507
1 33 0.014706
1 34 0.025316
1 35 0.014634
1 36 0.044444
1 37 0.013304
1 38 0.014742
1 39 0.017751
1 40 0.015075
1 41 0.027650
1 42 0.027397
1 43 0.018237
1 44 0.040541
1 45 0.027907
1 46 0.023529
1 47 0.074074
1 48 0.014354
1 49 0.049180
1 50 0.023346
1 51 0.025641
1 52 0.019417
1 53 0.025532
1 54 0.032967
1 55 0.020906
1 56 0.013333
1 57 0.015075
1 58 0.115385
1 59 0.025000
1 60 0.058824
1 61 0.037975
1 62 0.023715
1 63 0.021277
1 64 0.014563
1 65 0.028571
1 66 0.037975
1 67 0.014118
1 68 0.050847
1 69 0.042254
1 70 0.015306
1 71 0.016129
1 72 0.014670
1 73 0.036364
1 74 0.018462
1 75 0.013667
1 76 0.024390
1 77 0.018182
1 78 0.014888
1 79 0.024291
1 80 0.014493
1 81 0.017241
1 82 0.026667
1 83 0.026316
1 84 0.019544
1 85 0.056075
1 86 0.083333
1 87 0.028169
1 88 0.086957
1 89 0.016807
1 90 0.063830
1 91 0.014252
1 92 0.028846
1 93 0.857143
1 94 0.029268
1 95 0.023438
1 96 0.032258
1 97 0.013636
1 98 0.022901
1 99 0.013544
2 3 0.016181
2 4 0.062500
2 5 0.014493
2 6 0.011905
2 7 0.013550
2 8 0.011494
2 9 0.025641
2 10 0.019231
2 11 0.009208
2 12 0.833333
2 13 0.010870
2 14 0.020921
2 15 0.020492
2 16 0.012500
2 17 0.069444
2 18 0.025381
2 19 0.031646
2 20 0.053763
2 21 0.018182
2 22 0.011628
2 23 0.009862
2 24 0.019920
2 25 0.010225
2 26 0.016447
2 27 0.058824
2 28 0.010846
2 29 0.030675
2 30 0.227273
2 31 0.014837
2 32 0.019920
2 33 0.010417
2 34 0.018727
2 35 0.009452
2 36 0.020492
2 37 0.010460
2 38 0.011601
2 39 0.013333
2 40 0.011062
2 41 0.016611
2 42 0.012195
2 43 0.013587
2 44 0.025510
2 45 0.013850
2 46 0.020408
2 47 0.021277
2 48 0.011416
2 49 0.016234
2 50 0.019305
2 51 0.011820
2 52 0.011390
2 53 0.011905
2 54 0.049020
2 55 0.020661
2 56 0.011601
2 57 0.011682
2 58 0.023364
2 59 0.016667
2 60 0.029070
2 61 0.014577
2 62 0.013089
2 63 0.011364
2 64 0.008834
2 65 0.013889
2 66 0.059524
2 67 0.011364
2 68 0.037313
2 69 0.021834
2 70 0.009225
2 71 0.010081
2 72 0.009416
2 73 0.038760
2 74 0.016556
2 75 0.008591
2 76 0.018519
2 77 0.015528
2 78 0.009980
2 79 0.037037
2 80 0.012500
2 81 0.013263
2 82 0.011933
2 83 0.012255
2 84 0.017422
2 85 0.026596
2 86 0.036765
2 87 0.023923
2 88 0.018797
2 89 0.010060
2 90 0.017422
2 91 0.009434
2 92 0.012438
2 93 0.025641
2 94 0.019084
2 95 0.013298
2 96 0.014535
2 97 0.011547
2 98 0.012788
2 99 0.010684
3 4 0.036437
3 5 0.042857
3 6 0.074380
3 7 0.076271
3 8 0.059211
3 9 0.044335
3 10 0.104651
3 11 0.035433
3 12 0.029605
3 13 0.032374
3 14 0.031250
3 15 0.055901
3 16 0.034615
3 17 0.031142
3 18 0.038298
3 19 0.037657
3 20 0.032609
3 21 0.087379
3 22 0.058824
3 23 0.043269
3 24 0.038793
3 25 0.037344
3 26 0.045455
3 27 0.039648
3 28 0.047872
3 29 0.054545
3 30 0.028213
3 31 0.094737
3 32 0.033088
3 33 0.047619
3 34 0.111111
3 35 0.040724
3 36 0.104651
3 37 0.037975
3 38 0.045685
3 39 0.069767
3 40 0.050562
3 41 0.900000
3 42 0.025937
3 43 0.075000
3 44 0.079646
3 45 0.089109
3 46 0.068702
3 47 0.062500
3 48 0.043062
3 49 0.050847
3 50 0.076923
3 51 0.038462
3 52 0.064748
3 53 0.040909
3 54 0.041475
3 55 0.050000
3 56 0.034221
3 57 0.048387
3 58 0.033210
3 59 0.214286
3 60 0.060403
3 61 0.049180
3 62 0.098901
3 63 0.052023
3 64 0.032609
3 65 0.083333
3 66 0.039823
3 67 0.041284
3 68 0.050562
3 69 0.103448
3 70 0.036000
3 71 0.047619
3 72 0.040359
3 73 0.048649
3 74 0.052326
3 75 0.031915
3 76 0.100000
3 77 0.055901
3 78 0.046154
3 79 0.037037
3 80 0.039474
3 81 0.063830
3 82 0.033708
3 83 0.045685
3 84 0.055901
3 85 0.067669
3 86 0.034091
3 87 0.070312
3 88 0.040000
3 89 0.045226
3 90 0.034483
3 91 0.040541
3 92 0.035857
3 93 0.039823
3 94 0.166667
3 95 0.116883
3 96 0.075000
3 97 0.036585
3 98 0.092784
3 99 0.039130
4 5 0.097859
4 6 0.087912
4 7 0.108844
4 8 0.088154
4 9 0.169312
4 10 0.148837
4 11 0.068230
4 12 0.432432
4 13 0.072893
4 14 0.184971
4 15 0.144144
4 16 0.099379
4 17 0.711111
4 18 0.260163
4 19 0.376471
4 20 0.251969
4 21 0.135593
4 22 0.083770
4 23 0.070796
4 24 0.182857
4 25 0.077670
4 26 0.141593
4 27 0.969697
4 28 0.077108
4 29 0.242424
4 30 0.326531
4 31 0.109215
4 32 0.176796
4 33 0.074766
4 34 0.144144
4 35 0.068966
4 36 0.184971
4 37 0.072398
4 38 0.081013
4 39 0.096096
4 40 0.079012
4 41 0.133333
4 42 0.094675
4 43 0.098462
4 44 0.235294
4 45 0.111498
4 46 0.149533
4 47 0.203822
4 48 0.079404
4 49 0.139738
4 50 0.142857
4 51 0.093294
4 52 0.086486
4 53 0.093842
4 54 0.372093
4 55 0.140969
4 56 0.077670
4 57 0.082262
4 58 0.219178
4 59 0.130081
4 60 0.316832
4 61 0.121212
4 62 0.102564
4 63 0.087671
4 64 0.064909
4 65 0.112281
4 66 0.581818
4 67 0.078624
4 68 0.457143
4 69 0.197531
4 70 0.068085
4 71 0.074592
4 72 0.068817
4 73 0.351648
4 74 0.114286
4 75 0.062622
4 76 0.140969
4 77 0.108844
4 78 0.072562
4 79 0.216216
4 80 0.084656
4 81 0.094955
4 82 0.093842
4 83 0.097264
4 84 0.121673
4 85 0.273504
4 86 0.444444
4 87 0.186047
4 88 0.169312
4 89 0.075117
4 90 0.150235
4 91 0.068376
4 92 0.099071
4 93 0.268908
4 94 0.155340
4 95 0.103896
4 96 0.119403
4 97 0.078240
4 98 0.099379
4 99 0.073903
5 6 0.230769
5 7 0.147239
5 8 0.141593
5 9 0.317881
5 10 0.328767
5 11 0.114833
5 12 0.139942
5 13 0.417391
5 14 0.107143
5 15 0.452830
5 16 0.102564
5 17 0.130081
5 18 0.124352
5 19 0.129730
5 20 0.181818
5 21 0.403361
5 22 0.279070
5 23 0.184615
5 24 0.118227
5 25 0.109589
5 26 0.121827
5 27 0.162712
5 28 0.262295
5 29 0.244898
5 30 0.140351
5 31 0.390244
5 32 0.109091
5 33 0.216216
5 34 0.331034
5 35 0.142857
5 36 0.185328
5 37 0.303797
5 38 0.403361
5 39 0.406780
5 40 0.271186
5 41 0.235294
5 42 0.087751
5 43 0.396694
5 44 0.212389
5 45 0.155844
5 46 0.400000
5 47 0.150943
5 48 0.400000
5 49 0.127321
5 50 0.410256
5 51 0.108352
5 52 0.156352
5 53 0.111888
5 54 0.192771
5 55 0.466019
5 56 0.558140
5 57 0.380952
5 58 0.113208
5 59 0.285714
5 60 0.175824
5 61 0.123393
5 62 0.169014
5 63 0.130435
5 64 0.109840
5 65 0.152381
5 66 0.173285
5 67 0.417391
5 68 0.177122
5 69 0.198347
5 70 0.117073
5 71 0.148148
5 72 0.140351
5 73 0.202532
5 74 0.979592
5 75 0.113475
5 76 0.358209
5 77 0.979592
5 78 0.172043
5 79 0.222222
5 80 0.842105
5 81 0.457143
5 82 0.101053
5 83 0.118519
5 84 0.716418
5 85 0.179775
5 86 0.125984
5 87 0.296296
5 88 0.118227
5 89 0.134454
5 90 0.108352
5 91 0.150943
5 92 0.104575
5 93 0.127321
5 94 0.260870
5 95 0.181132
5 96 0.145897
5 97 0.527473
5 98 0.167832
5 99 0.324324
6 7 0.301136
6 8 0.348684
6 9 0.192029
6 10 0.321212
6 11 0.248826
6 12 0.127711
6 13 0.238739
6 14 0.131514
6 15 0.240909
6 16 0.159159
6 17 0.130542
6 18 0.150142
6 19 0.147632
6 20 0.142473
6 21 0.329193
6 22 0.981481
6 23 0.595506
6 24 0.154070
6 25 0.209486
6 26 0.178451
6 27 0.155425
6 28 0.638554
6 29 0.201521
6 30 0.124122
6 31 0.524752
6 32 0.138021
6 33 0.757143
6 34 0.337580
6 35 0.401515
6 36 0.257282
6 37 0.355705
6 38 0.417323
6 39 0.588889
6 40 0.706667
6 41 0.420635
6 42 0.122402
6 43 0.602273
6 44 0.232456
6 45 0.329193
6 46 0.267677
6 47 0.203846
6 48 0.384058
6 49 0.193431
6 50 0.294444
6 51 0.183391
6 52 0.477477
6 53 0.194139
6 54 0.164596
6 55 0.224576
6 56 0.240909
6 57 0.464912
6 58 0.136951
6 59 0.441667
6 60 0.197761
6 61 0.198502
6 62 0.445378
6 63 0.284946
6 64 0.230435
6 65 0.309942
6 66 0.157738
6 67 0.353333
6 68 0.180272
6 69 0.256039
6 70 0.261084
6 71 0.452991
6 72 0.386861
6 73 0.181507
6 74 0.270408
6 75 0.245370
6 76 0.333333
6 77 0.308140
6 78 0.623529
6 79 0.160121
6 80 0.271795
6 81 0.514563
6 82 0.159159
6 83 0.212851
6 84 0.271795
6 85 0.209486
6 86 0.138021
6 87 0.243119
6 88 0.158683
6 89 0.346405
6 90 0.144022
6 91 0.438017
6 92 0.164596
6 93 0.154070
6 94 0.333333
6 95 0.514563
6 96 0.270408
6 97 0.271795
6 98 0.464912
6 99 0.363014
7 8 0.148649
7 9 0.035370
7 10 0.054726
7 11 0.062147
7 12 0.030303
7 13 0.028871
7 14 0.042146
7 15 0.039855
7 16 0.069620
7 17 0.033537
7 18 0.048246
7 19 0.044000
7 20 0.030387
7 21 0.050000
7 22 0.048458
7 23 0.046025
7 24 0.055276
7 25 0.084615
7 26 0.081481
7 27 0.038596
7 28 0.042636
7 29 0.042636
7 30 0.028646
7 31 0.053398
7 32 0.046218
7 33 0.046025
7 34 0.055838
7 35 0.054455
7 36 0.085271
7 37 0.034161
7 38 0.037801
7 39 0.047826
7 40 0.044000
7 41 0.087302
7 42 0.042471
7 43 0.049550
7 44 0.058201
7 45 0.611111
7 46 0.044715
7 47 0.077465
7 48 0.036304
7 49 0.097345
7 50 0.047009
7 51 0.092437
7 52 0.110000
7 53 0.104762
7 54 0.037162
7 55 0.037288
7 56 0.029650
7 57 0.039568
7 58 0.043307
7 59 0.068750
7 60 0.055838
7 61 0.115789
7 62 0.189655
7 63 0.152778
7 64 0.055000
7 65 0.916667
7 66 0.037543
7 67 0.035032
7 68 0.046414
7 69 0.073826
7 70 0.061798
7 71 0.067485
7 72 0.055276
7 73 0.041825
7 74 0.037931
7 75 0.049107
7 76 0.053140
7 77 0.039568
7 78 0.052381
7 79 0.032544
7 80 0.032544
7 81 0.045082
7 82 0.069182
7 83 0.137500
7 84 0.039427
7 85 0.060440
7 86 0.039146
7 87 0.047414
7 88 0.059783
7 89 0.077465
7 90 0.052381
7 91 0.050459
7 92 0.074830
7 93 0.049550
7 94 0.067901
7 95 0.150685
7 96 0.354839
7 97 0.031429
7 98 0.171875
7 99 0.034700
8 9 0.096045
8 10 0.143460
8 11 0.314815
8 12 0.079070
8 13 0.091153
8 14 0.102410
8 15 0.109325
8 16 0.168317
8 17 0.085427
8 18 0.112957
8 19 0.105263
8 20 0.080952
8 21 0.136000
8 22 0.165049
8 23 0.177083
8 24 0.125926
8 25 0.333333
8 26 0.166667
8 27 0.096866
8 28 0.147826
8 29 0.109325
8 30 0.075724
8 31 0.156682
8 32 0.110032
8 33 0.168317
8 34 0.147186
8 35 0.251852
8 36 0.177083
8 37 0.113712
8 38 0.122302
8 39 0.148472
8 40 0.151786
8 41 0.211180
8 42 0.110390
8 43 0.153153
8 44 0.137652
8 45 0.441558
8 46 0.120567
8 47 0.158879
8 48 0.117241
8 49 0.186813
8 50 0.127341
8 51 0.229730
8 52 0.772727
8 53 0.257576
8 54 0.095506
8 55 0.103030
8 56 0.092391
8 57 0.128302
8 58 0.104294
8 59 0.180851
8 60 0.128788
8 61 0.215190
8 62 0.548387
8 63 0.971429
8 64 0.259542
8 65 0.425000
8 66 0.095238
8 67 0.112583
8 68 0.112583
8 69 0.162679
8 70 0.314815
8 71 0.350515
8 72 0.261538
8 73 0.105590
8 74 0.108974
8 75 0.225166
8 76 0.142259
8 77 0.115254
8 78 0.216561
8 79 0.086957
8 80 0.100295
8 81 0.139918
8 82 0.173469
8 83 0.306306
8 84 0.111842
8 85 0.137097
8 86 0.096317
8 87 0.122302
8 88 0.133333
8 89 0.492754
8 90 0.121864
8 91 0.219355
8 92 0.179894
8 93 0.115254
8 94 0.165854
8 95 0.441558
8 96 0.326923
8 97 0.098837
8 98 0.607143
8 99 0.114478
9 10 0.408333
9 11 0.107692
9 12 0.252577
9 13 0.184906
9 14 0.144970
9 15 0.816667
9 16 0.118072
9 17 0.215859
9 18 0.177536
9 19 0.196000
9 20 0.429825
9 21 0.418803
9 22 0.182836
9 23 0.138028
9 24 0.157556
9 25 0.111617
9 26 0.150769
9 27 0.312102
9 28 0.167235
9 29 0.690141
9 30 0.256545
9 31 0.275281
9 32 0.145833
9 33 0.152648
9 34 0.385827
9 35 0.121287
9 36 0.248731
9 37 0.166102
9 38 0.197581
9 39 0.237864
9 40 0.171930
9 41 0.252577
9 42 0.104034
9 43 0.242574
9 44 0.355072
9 45 0.166102
9 46 0.620253
9 47 0.205882
9 48 0.192913
9 49 0.156051
9 50 0.505155
9 51 0.119512
9 52 0.144543
9 53 0.122500
9 54 0.471154
9 55 0.980000
9 56 0.207627
9 57 0.197581
9 58 0.157556
9 59 0.286550
9 60 0.288235
9 61 0.144970
9 62 0.167235
9 63 0.131016
9 64 0.102725
9 65 0.163880
9 66 0.362963
9 67 0.193676
9 68 0.326667
9 69 0.281609
9 70 0.108889
9 71 0.128947
9 72 0.120098
9 73 0.466667
9 74 0.437500
9 75 0.102510
9 76 0.404959
9 77 0.362963
9 78 0.136111
9 79 0.742424
9 80 0.236715
9 81 0.241379
9 82 0.114219
9 83 0.129288
9 84 0.494949
9 85 0.284884
9 86 0.193676
9 87 0.620253
9 88 0.154574
9 89 0.123116
9 90 0.139205
9 91 0.123737
9 92 0.119221
9 93 0.182836
9 94 0.324503
9 95 0.175627
9 96 0.163333
9 97 0.203320
9 98 0.163333
9 99 0.172535
10 11 0.023810
10 12 0.031373
10 13 0.033333
10 14 0.025974
10 15 0.105263
10 16 0.024390
10 17 0.030888
10 18 0.032520
10 19 0.033898
10 20 0.038462
10 21 0.285714
10 22 0.046784
10 23 0.031873
10 24 0.030534
10 25 0.024540
10 26 0.032000
10 27 0.042781
10 28 0.039409
10 29 0.080808
10 30 0.030189
10 31 0.101266
10 32 0.026936
10 33 0.036199
10 34 0.888889
10 35 0.027778
10 36 0.070175
10 37 0.034934
10 38 0.043956
10 39 0.067227
10 40 0.041451
10 41 0.103896
10 42 0.019900
10 43 0.072072
10 44 0.090909
10 45 0.043478
10 46 0.173913
10 47 0.046243
10 48 0.041885
10 49 0.034335
10 50 0.235294
10 51 0.025806
10 52 0.036530
10 53 0.026756
10 54 0.050314
10 55 0.084211
10 56 0.036697
10 57 0.045455
10 58 0.028070
10 59 0.153846
10 60 0.058824
10 61 0.032258
10 62 0.045455
10 63 0.031008
10 64 0.022346
10 65 0.042105
10 66 0.045198
10 67 0.040816
10 68 0.054054
10 69 0.082474
10 70 0.024169
10 71 0.030534
10 72 0.027397
10 73 0.060606
10 74 0.080000
10 75 0.022284
10 76 0.571429
10 77 0.080808
10 78 0.032129
10 79 0.047619
10 80 0.043956
10 81 0.065041
10 82 0.023669
10 83 0.028986
10 84 0.094118
10 85 0.062992
10 86 0.031496
10 87 0.150943
10 88 0.030651
10 89 0.028674
10 90 0.026846
10 91 0.028269
10 92 0.024922
10 93 0.033613
10 94 0.195122
10 95 0.050000
10 96 0.040816
10 97 0.038462
10 98 0.044199
10 99 0.036364
11 12 0.022346
11 13 0.028037
11 14 0.028302
11 15 0.029484
11 16 0.045977
11 17 0.023810
11 18 0.029925
11 19 0.028235
11 20 0.022814
11 21 0.034783
11 22 0.046154
11 23 0.058252
11 24 0.032967
11 25 0.113208
11 26 0.040956
11 27 0.026201
11 28 0.043956
11 29 0.028846
11 30 0.021583
11 31 0.039867
11 32 0.030000
11 33 0.051502
11 34 0.036474
11 35 0.105263
11 36 0.040000
11 37 0.035088
11 38 0.035821
11 39 0.039867
11 40 0.044444
11 41 0.045627
11 42 0.032967
11 43 0.040404
11 44 0.033898
11 45 0.065574
11 46 0.031662
11 47 0.037736
11 48 0.034884
11 49 0.043796
11 50 0.033058
11 51 0.059701
11 52 0.102564
11 53 0.063830
11 54 0.025918
11 55 0.028169
11 56 0.027907
11 57 0.037383
11 58 0.028436
11 59 0.042105
11 60 0.032345
11 61 0.049383
11 62 0.072289
11 63 0.111111
11 64 0.500000
11 65 0.064865
11 66 0.025862
11 67 0.033708
11 68 0.029340
11 69 0.037855
11 70 0.923077
11 71 0.118812
11 72 0.114286
11 73 0.027972
11 74 0.030075
11 75 0.203390
11 76 0.035714
11 77 0.031662
11 78 0.071006
11 79 0.024242
11 80 0.029484
11 81 0.038095
11 82 0.048583
11 83 0.067416
11 84 0.030457
11 85 0.033803
11 86 0.026258
11 87 0.031496
11 88 0.034582
11 89 0.196721
11 90 0.032877
11 91 0.083916
11 92 0.048387
11 93 0.030380
11 94 0.039088
11 95 0.067416
11 96 0.058537
11 97 0.029777
11 98 0.075949
11 99 0.034985
12 13 0.056893
12 14 0.111111
12 15 0.107884
12 16 0.065990
12 17 0.388060
12 18 0.136126
12 19 0.171053
12 20 0.276596
12 21 0.095941
12 22 0.061033
12 23 0.051690
12 24 0.106122
12 25 0.053719
12 26 0.086957
12 27 0.325000
12 28 0.056893
12 29 0.162500
12 30 0.962963
12 31 0.078078
12 32 0.105691
12 33 0.054737
12 34 0.098859
12 35 0.049618
12 36 0.109244
12 37 0.054737
12 38 0.060890
12 39 0.070081
12 40 0.058036
12 41 0.087838
12 42 0.064356
12 43 0.071429
12 44 0.136126
12 45 0.073239
12 46 0.107438
12 47 0.113537
12 48 0.059770
12 49 0.086093
12 50 0.101562
12 51 0.062350
12 52 0.059908
12 53 0.062802
12 54 0.262626
12 55 0.108333
12 56 0.060748
12 57 0.061321
12 58 0.124402
12 59 0.088136
12 60 0.155689
12 61 0.077151
12 62 0.068966
12 63 0.059770
12 64 0.046346
12 65 0.073446
12 66 0.325000
12 67 0.059497
12 68 0.201550
12 69 0.116071
12 70 0.048417
12 71 0.052953
12 72 0.049524
12 73 0.209677
12 74 0.086667
12 75 0.045061
12 76 0.097744
12 77 0.081505
12 78 0.052419
12 79 0.194030
12 80 0.065491
12 81 0.069705
12 82 0.062802
12 83 0.064677
12 84 0.091549
12 85 0.142077
12 86 0.198473
12 87 0.126829
12 88 0.100000
12 89 0.052953
12 90 0.092527
12 91 0.049430
12 92 0.065657
12 93 0.137566
12 94 0.101167
12 95 0.070081
12 96 0.076923
12 97 0.060325
12 98 0.067358
12 99 0.055914
13 14 0.054845
13 15 0.137615
13 16 0.056075
13 17 0.062370
13 18 0.061728
13 19 0.063291
13 20 0.079365
13 21 0.140845
13 22 0.176471
13 23 0.128205
13 24 0.060120
13 25 0.063291
13 26 0.063158
13 27 0.073710
13 28 0.191083
13 29 0.097720
13 30 0.065789
13 31 0.163043
13 32 0.056075
13 33 0.150754
13 34 0.127119
13 35 0.092025
13 36 0.086455
13 37 0.319149
13 38 0.315789
13 39 0.197368
13 40 0.189873
13 41 0.108696
13 42 0.048000
13 43 0.186335
13 44 0.092025
13 45 0.082418
13 46 0.132743
13 47 0.073529
13 48 0.357143
13 49 0.065934
13 50 0.136986
13 51 0.060000
13 52 0.090090
13 53 0.061856
13 54 0.082873
13 55 0.137615
13 56 0.967742
13 57 0.275229
13 58 0.057252
13 59 0.123967
13 60 0.080000
13 61 0.065359
13 62 0.091185
13 63 0.073892
13 64 0.067873
13 65 0.080429
13 66 0.076923
13 67 0.416667
13 68 0.079156
13 69 0.089820
13 70 0.071942
13 71 0.091743
13 72 0.089820
13 73 0.086207
13 74 0.188679
13 75 0.071942
13 76 0.132743
13 77 0.206897
13 78 0.113208
13 79 0.090909
13 80 0.491803
13 81 0.215827
13 82 0.055659
13 83 0.065217
13 84 0.170455
13 85 0.081967
13 86 0.061350
13 87 0.111524
13 88 0.060606
13 89 0.081081
13 90 0.056285
13 91 0.099668
13 92 0.057143
13 93 0.062893
13 94 0.110701
13 95 0.096463
13 96 0.076336
13 97 0.909091
13 98 0.091463
13 99 0.337079
14 15 0.071429
14 16 0.125628
14 17 0.148810
14 18 0.396825
14 19 0.271739
14 20 0.083612
14 21 0.074627
14 22 0.056818
14 23 0.051653
14 24 0.396825
14 25 0.074184
14 26 0.189394
14 27 0.127551
14 28 0.052521
14 29 0.092937
14 30 0.096154
14 31 0.067385
14 32 0.961538
14 33 0.052966
14 34 0.080386
14 35 0.054230
14 36 0.121951
14 37 0.047801
14 38 0.052192
14 39 0.060976
14 40 0.053648
14 41 0.087413
14 42 0.142857
14 43 0.062344
14 44 0.112108
14 45 0.094340
14 46 0.075758
14 47 0.172414
14 48 0.051020
14 49 0.165563
14 50 0.075301
14 51 0.102459
14 52 0.069638
14 53 0.100000
14 54 0.100806
14 55 0.069061
14 56 0.047619
14 57 0.053191
14 58 0.892857
14 59 0.080128
14 60 0.141243
14 61 0.137363
14 62 0.081433
14 63 0.078616
14 64 0.056180
14 65 0.096899
14 66 0.113636
14 67 0.050302
14 68 0.132275
14 69 0.116822
14 70 0.058275
14 71 0.059242
14 72 0.054466
14 73 0.106383
14 74 0.062500
14 75 0.052301
14 76 0.077882
14 77 0.061728
14 78 0.054230
14 79 0.079872
14 80 0.051125
14 81 0.059524
14 82 0.113636
14 83 0.100000
14 84 0.065274
14 85 0.137363
14 86 0.240385
14 87 0.086806
14 88 0.320513
14 89 0.062344
14 90 0.373134
14 91 0.052521
14 92 0.121359
14 93 0.347222
14 94 0.089928
14 95 0.079872
14 96 0.108696
14 97 0.048544
14 98 0.079114
14 99 0.048544
15 16 0.047859
15 17 0.071970
15 18 0.066202
15 19 0.070896
15 20 0.111765
15 21 0.301587
15 22 0.090909
15 23 0.063973
15 24 0.060510
15 25 0.047264
15 26 0.060703
15 27 0.100000
15 28 0.081197
15 29 0.211111
15 30 0.078189
15 31 0.158333
15 32 0.055233
15 33 0.072519
15 34 0.234568
15 35 0.054286
15 36 0.106742
15 37 0.079832
15 38 0.099476
15 39 0.129252
15 40 0.084071
15 41 0.125000
15 42 0.040948
15 43 0.132867
15 44 0.145038
15 45 0.073359
15 46 0.612903
15 47 0.082609
15 48 0.096447
15 49 0.063545
15 50 0.422222
15 51 0.049479
15 52 0.065517
15 53 0.051075
15 54 0.131034
15 55 0.950000
15 56 0.099476
15 57 0.100000
15 58 0.058642
15 59 0.154472
15 60 0.109195
15 61 0.059748
15 62 0.076000
15 63 0.056886
15 64 0.044289
15 65 0.071698
15 66 0.110465
15 67 0.095960
15 68 0.113772
15 69 0.121019
15 70 0.047382
15 71 0.058104
15 72 0.053672
15 73 0.145038
15 74 0.316667
15 75 0.044496
15 76 0.263889
15 77 0.240506
15 78 0.062706
15 79 0.154472
15 80 0.120253
15 81 0.131944
15 82 0.046569
15 83 0.054286
15 84 0.431818
15 85 0.111111
15 86 0.068592
15 87 0.301587
15 88 0.060127
15 89 0.054598
15 90 0.053977
15 91 0.055882
15 92 0.048593
15 93 0.068345
15 94 0.165217
15 95 0.081197
15 96 0.070370
15 97 0.099476
15 98 0.074510
15 99 0.083333
16 17 0.038462
16 18 0.062500
16 19 0.052846
16 20 0.030374
16 21 0.036827
16 22 0.033854
16 23 0.033248
16 24 0.083871
16 25 0.082278
16 26 0.132653
16 27 0.039514
16 28 0.031325
16 29 0.037249
16 30 0.031026
16 31 0.036723
16 32 0.074713
16 33 0.032911
16 34 0.039877
16 35 0.038922
16 36 0.058824
16 37 0.027140
16 38 0.029083
16 39 0.033943
16 40 0.031941
16 41 0.049057
16 42 0.121495
16 43 0.034667
16 44 0.046763
16 45 0.074713
16 46 0.035230
16 47 0.071429
16 48 0.028322
16 49 0.126214
16 50 0.036011
16 51 0.213115
16 52 0.053279
16 53 0.173333
16 54 0.035813
16 55 0.031325
16 56 0.024904
16 57 0.029885
16 58 0.062201
16 59 0.043189
16 60 0.050584
16 61 0.162500
16 62 0.060465
16 63 0.075145
16 64 0.046763
16 65 0.078788
16 66 0.037464
16 67 0.027660
16 68 0.044369
16 69 0.053498
16 70 0.048327
16 71 0.043771
16 72 0.039634
16 73 0.038806
16 74 0.030516
16 75 0.040752
16 76 0.038462
16 77 0.031026
16 78 0.036313
16 79 0.030879
16 80 0.026639
16 81 0.032746
16 82 0.590909
16 83 0.141304
16 84 0.031553
16 85 0.052209
16 86 0.047445
16 87 0.038123
16 88 0.094891
16 89 0.050000
16 90 0.098485
16 91 0.036415
16 92 0.928571
16 93 0.062500
16 94 0.045296
16 95 0.056277
16 96 0.090909
16 97 0.025845
16 98 0.059091
16 99 0.027368
17 18 0.496183
17 19 0.698925
17 20 0.439189
17 21 0.232143
17 22 0.152582
17 23 0.131313
17 24 0.351351
17 25 0.147727
17 26 0.265306
17 27 0.878378
17 28 0.141612
17 29 0.371429
17 30 0.698925
17 31 0.192878
17 32 0.357143
17 33 0.138004
17 34 0.244361
17 35 0.128968
17 36 0.306604
17 37 0.133745
17 38 0.148402
17 39 0.172414
17 40 0.144766
17 41 0.230496
17 42 0.191176
17 43 0.176152
17 44 0.363128
17 45 0.201863
17 46 0.252918
17 47 0.347594
17 48 0.145414
17 49 0.257937
17 50 0.242537
17 51 0.177596
17 52 0.159314
17 53 0.177596
17 54 0.528455
17 55 0.243446
17 56 0.143172
17 57 0.150115
17 58 0.454545
17 59 0.224138
17 60 0.460993
17 61 0.225694
17 62 0.185714
17 63 0.163317
17 64 0.123340
17 65 0.203125
17 66 0.698925
17 67 0.144124
17 68 0.575221
17 69 0.320197
17 70 0.128713
17 71 0.138889
17 72 0.128968
17 73 0.488722
17 74 0.201863
17 75 0.118613
17 76 0.239852
17 77 0.192878
17 78 0.134576
17 79 0.365169
17 80 0.154762
17 81 0.170604
17 82 0.181564
17 83 0.182584
17 84 0.213115
17 85 0.414013
17 86 0.984848
17 87 0.302326
17 88 0.321782
17 89 0.140389
17 90 0.296804
17 91 0.127701
17 92 0.190616
17 93 0.500000
17 94 0.260000
17 95 0.187320
17 96 0.216667
17 97 0.143805
17 98 0.180556
17 99 0.136268
18 19 0.205128
18 20 0.032653
18 21 0.029304
18 22 0.020672
18 23 0.018307
18 24 0.145455
18 25 0.024691
18 26 0.067227
18 27 0.056738
18 28 0.018957
18 29 0.038835
18 30 0.036866
18 31 0.025559
18 32 0.129032
18 33 0.018957
18 34 0.032000
18 35 0.018868
18 36 0.053333
18 37 0.017167
18 38 0.019002
18 39 0.022663
18 40 0.019417
18 41 0.034483
18 42 0.037037
18 43 0.023324
18 44 0.049689
18 45 0.035088
18 46 0.029963
18 47 0.084211
18 48 0.018519
18 49 0.061069
18 50 0.029630
18 51 0.033195
18 52 0.024845
18 53 0.032922
18 54 0.042328
18 55 0.026756
18 56 0.017279
18 57 0.019417
18 58 0.205128
18 59 0.031373
18 60 0.070175
18 61 0.047904
18 62 0.030075
18 63 0.027304
18 64 0.018913
18 65 0.035874
18 66 0.048780
18 67 0.018223
18 68 0.062992
18 69 0.051282
18 70 0.019802
18 71 0.020779
18 72 0.018957
18 73 0.045977
18 74 0.023739
18 75 0.017738
18 76 0.030769
18 77 0.023324
18 78 0.019185
18 79 0.031496
18 80 0.018735
18 81 0.022099
18 82 0.034934
18 83 0.033755
18 84 0.025000
18 85 0.066667
18 86 0.121212
18 87 0.035556
18 88 0.111111
18 89 0.021622
18 90 0.087912
18 91 0.018391
18 92 0.037736
18 93 0.888889
18 94 0.036697
18 95 0.029740
18 96 0.040404
18 97 0.017621
18 98 0.028986
18 99 0.017505
19 20 0.148325
19 21 0.118321
19 22 0.079897
19 23 0.069663
19 24 0.329787
19 25 0.087571
19 26 0.201299
19 27 0.295238
19 28 0.073286
19 29 0.170330
19 30 0.174157
19 31 0.100649
19 32 0.319588
19 33 0.072600
19 34 0.128631
19 35 0.070455
19 36 0.201299
19 37 0.067245
19 38 0.074699
19 39 0.089080
19 40 0.075061
19 41 0.132479
19 42 0.122047
19 43 0.091445
19 44 0.208054
19 45 0.125000
19 46 0.123506
19 47 0.284404
19 48 0.072770
19 49 0.191358
19 50 0.121094
19 51 0.112727
19 52 0.091445
19 53 0.112319
19 54 0.197452
19 55 0.111913
19 56 0.068889
19 57 0.075980
19 58 0.484375
19 59 0.123016
19 60 0.306931
19 61 0.155779
19 62 0.109929
19 63 0.097484
19 64 0.069196
19 65 0.127049
19 66 0.240310
19 67 0.071759
19 68 0.303922
19 69 0.201299
19 70 0.072430
19 71 0.077114
19 72 0.070615
19 73 0.212329
19 74 0.096573
19 75 0.065539
19 76 0.124000
19 77 0.093939
19 78 0.072600
19 79 0.139640
19 80 0.074879
19 81 0.087079
19 82 0.116541
19 83 0.115672
19 84 0.101974
19 85 0.279279
19 86 0.968750
19 87 0.149038
19 88 0.281818
19 89 0.079487
19 90 0.240310
19 91 0.069042
19 92 0.124498
19 93 0.815789
19 94 0.144860
19 95 0.109541
19 96 0.140271
19 97 0.069977
19 98 0.106164
19 99 0.068433
20 21 0.222222
20 22 0.128686
20 23 0.105033
20 24 0.163265
20 25 0.097959
20 26 0.144578
20 27 0.457143
20 28 0.119701
20 29 0.428571
20 30 0.578313
20 31 0.171429
20 32 0.156863
20 33 0.112941
20 34 0.222222
20 35 0.097363
20 36 0.205128
20 37 0.117936
20 38 0.132964
20 39 0.153355
20 40 0.122449
20 41 0.179775
20 42 0.104575
20 43 0.155844
20 44 0.275862
20 45 0.137143
20 46 0.266667
20 47 0.192771
20 48 0.131148
20 49 0.146341
20 50 0.243655
20 51 0.109339
20 52 0.115942
20 53 0.110855
20 54 0.705882
20 55 0.292683
20 56 0.137931
20 57 0.133333
20 58 0.176471
20 59 0.187500
20 60 0.275862
20 61 0.133333
20 62 0.132964
20 63 0.111111
20 64 0.087432
20 65 0.136752
20 66 0.571429
20 67 0.131148
20 68 0.352941
20 69 0.225352
20 70 0.091778
20 71 0.103448
20 72 0.096774
20 73 0.480000
20 74 0.213333
20 75 0.086022
20 76 0.223256
20 77 0.194332
20 78 0.105263
20 79 0.979592
20 80 0.150000
20 81 0.153846
20 82 0.107623
20 83 0.115385
20 84 0.226415
20 85 0.258065
20 86 0.242424
20 87 0.309677
20 88 0.156863
20 89 0.101266
20 90 0.143713
20 91 0.097959
20 92 0.112150
20 93 0.200000
20 94 0.215247
20 95 0.136752
20 96 0.139942
20 97 0.135593
20 98 0.130081
20 99 0.120907
21 22 0.094937
21 23 0.061983
21 24 0.051724
21 25 0.043732
21 26 0.054152
21 27 0.072464
21 28 0.080214
21 29 0.133929
21 30 0.053957
21 31 0.234375
21 32 0.046154
21 33 0.071429
21 34 0.555556
21 35 0.052083
21 36 0.106383
21 37 0.072464
21 38 0.094340
21 39 0.150000
21 40 0.084270
21 41 0.157895
21 42 0.034965
21 43 0.159574
21 44 0.131579
21 45 0.073892
21 46 0.394737
21 47 0.074627
21 48 0.089286
21 49 0.057915
21 50 0.750000
21 51 0.045045
21 52 0.065789
21 53 0.046875
21 54 0.086705
21 55 0.182927
21 56 0.078947
21 57 0.096774
21 58 0.048077
21 59 0.241935
21 60 0.092593
21 61 0.054945
21 62 0.079365
21 63 0.054745
21 64 0.040984
21 65 0.071770
21 66 0.076923
21 67 0.087209
21 68 0.087719
21 69 0.120968
21 70 0.044248
21 71 0.056604
21 72 0.051195
21 73 0.100000
21 74 0.202703
21 75 0.041209
21 76 0.937500
21 77 0.208333
21 78 0.061224
21 79 0.087209
21 80 0.097403
21 81 0.145631
21 82 0.041436
21 83 0.050505
21 84 0.250000
21 85 0.097403
21 86 0.053957
21 87 0.223881
21 88 0.052083
21 89 0.052448
21 90 0.046012
21 91 0.053381
21 92 0.043478
21 93 0.056604
21 94 0.227273
21 95 0.086705
21 96 0.068807
21 97 0.082873
21 98 0.077320
21 99 0.076142
22 23 0.277778
22 24 0.065104
22 25 0.081699
22 26 0.073099
22 27 0.070225
22 28 0.694444
22 29 0.093284
22 30 0.057471
22 31 0.265957
22 32 0.059102
22 33 0.462963
22 34 0.152439
22 35 0.150602
22 36 0.105042
22 37 0.260417
22 38 0.333333
22 39 0.396825
22 40 0.961538
22 41 0.160256
22 42 0.051760
22 43 0.373134
22 44 0.100806
22 45 0.118483
22 46 0.129534
22 47 0.084459
22 48 0.290698
22 49 0.078125
22 50 0.142045
22 51 0.073099
22 52 0.152439
22 53 0.076687
22 54 0.075988
22 55 0.112108
22 56 0.146199
22 57 0.403226
22 58 0.059102
22 59 0.181159
22 60 0.085616
22 61 0.079365
22 62 0.147059
22 63 0.104167
22 64 0.090580
22 65 0.113122
22 66 0.071839
22 67 0.255102
22 68 0.079872
22 69 0.106838
22 70 0.100000
22 71 0.155280
22 72 0.144509
22 73 0.082508
22 74 0.145349
22 75 0.098039
22 76 0.155280
22 77 0.170068
22 78 0.233645
22 79 0.076220
22 80 0.167785
22 81 0.357143
22 82 0.064935
22 83 0.082781
22 84 0.142045
22 85 0.089928
22 86 0.060827
22 87 0.112108
22 88 0.066667
22 89 0.124378
22 90 0.060976
22 91 0.170068
22 92 0.067024
22 93 0.066138
22 94 0.140449
22 95 0.162338
22 96 0.102041
22 97 0.173611
22 98 0.149701
22 99 0.271739
23 24 0.087264
23 25 0.132616
23 26 0.100000
23 27 0.086247
23 28 0.456790
23 29 0.106017
23 30 0.071984
23 31 0.206704
23 32 0.079741
23 33 0.948718
23 34 0.152263
23 35 0.389474
23 36 0.126712
23 37 0.260563
23 38 0.248322
23 39 0.241830
23 40 0.440476
23 41 0.172897
23 42 0.074747
23 43 0.238710
23 44 0.117089
23 45 0.161572
23 46 0.132616
23 47 0.107872
23 48 0.237179
23 49 0.106628
23 50 0.141762
23 51 0.109145
23 52 0.250000
23 53 0.114551
23 54 0.090686
23 55 0.118971
23 56 0.152263
23 57 0.266187
23 58 0.078723
23 59 0.177885
23 60 0.103933
23 61 0.110778
23 62 0.201087
23 63 0.164444
23 64 0.171296
23 65 0.156118
23 66 0.087264
23 67 0.221557
23 68 0.096606
23 69 0.125424
23 70 0.190722
23 71 0.336364
23 72 0.355769
23 73 0.097625
23 74 0.141221
23 75 0.200000
23 76 0.152263
23 77 0.156780
23 78 0.973684
23 79 0.089372
23 80 0.161572
23 81 0.231250
23 82 0.095855
23 83 0.122924
23 84 0.139098
23 85 0.108504
23 86 0.078556
23 87 0.122112
23 88 0.089806
23 89 0.235669
23 90 0.083333
23 91 0.536232
23 92 0.097884
23 93 0.086247
23 94 0.149798
23 95 0.212644
23 96 0.139623
23 97 0.172093
23 98 0.210227
23 99 0.255172
24 25 0.064286
24 26 0.246575
24 27 0.094737
24 28 0.042959
24 29 0.074689
24 30 0.066421
24 31 0.056426
24 32 0.439024
24 33 0.043584
24 34 0.067925
24 35 0.045113
24 36 0.117647
24 37 0.038380
24 38 0.042155
24 39 0.050279
24 40 0.044010
24 41 0.077922
24 42 0.109091
24 43 0.051724
24 44 0.098361
24 45 0.088670
24 46 0.062069
24 47 0.197802
24 48 0.041096
24 49 0.200000
24 50 0.062069
24 51 0.093750
24 52 0.060606
24 53 0.091837
24 54 0.076923
24 55 0.054878
24 56 0.037578
24 57 0.043165
24 58 0.300000
24 59 0.069231
24 60 0.125874
24 61 0.146341
24 62 0.073469
24 63 0.070039
24 64 0.046753
24 65 0.091837
24 66 0.085308
24 67 0.040359
24 68 0.107784
24 69 0.108434
24 70 0.048913
24 71 0.050000
24 72 0.045340
24 73 0.084112
24 74 0.050139
24 75 0.043165
24 76 0.065455
24 77 0.049861
24 78 0.045000
24 79 0.060403
24 80 0.040632
24 81 0.048913
24 82 0.102273
24 83 0.093264
24 84 0.052632
24 85 0.125874
24 86 0.150000
24 87 0.071429
24 88 0.947368
24 89 0.053097
24 90 0.439024
24 91 0.043478
24 92 0.112500
24 93 0.315789
24 94 0.078603
24 95 0.071713
24 96 0.107143
24 97 0.038544
24 98 0.070866
24 99 0.039046
25 26 0.336538
25 27 0.171990
25 28 0.213415
25 29 0.180879
25 30 0.138340
25 31 0.221519
25 32 0.224359
25 33 0.236486
25 34 0.218069
25 35 0.350000
25 36 0.273438
25 37 0.175879
25 38 0.184697
25 39 0.212121
25 40 0.216718
25 41 0.280000
25 42 0.270270
25 43 0.216718
25 44 0.220820
25 45 0.482759
25 46 0.188172
25 47 0.274510
25 48 0.179487
25 49 0.360825
25 50 0.195531
25 51 0.707071
25 52 0.492958
25 53 0.795455
25 54 0.165485
25 55 0.166271
25 56 0.149254
25 57 0.191257
25 58 0.206490
25 59 0.249110
25 60 0.218069
25 61 0.443038
25 62 0.448718
25 63 0.985915
25 64 0.578512
25 65 0.496454
25 66 0.167464
25 67 0.174129
25 68 0.193906
25 69 0.251799
25 70 0.603448
25 71 0.409357
25 72 0.362694
25 73 0.179487
25 74 0.171149
25 75 0.426829
25 76 0.211480
25 77 0.178117
25 78 0.289256
25 79 0.149893
25 80 0.159091
25 81 0.203488
25 82 0.489510
25 83 0.795455
25 84 0.175000
25 85 0.228013
25 86 0.181347
25 87 0.193906
25 88 0.267176
25 89 0.560000
25 90 0.256410
25 91 0.307018
25 92 0.482759
25 93 0.218750
25 94 0.241379
25 95 0.402299
25 96 0.472973
25 97 0.157303
25 98 0.457516
25 99 0.176768
26 27 0.099138
26 28 0.061170
26 29 0.089844
26 30 0.071207
26 31 0.078767
26 32 0.214953
26 33 0.063014
26 34 0.092000
26 35 0.068452
26 36 0.167883
26 37 0.053118
26 38 0.058376
26 39 0.070336
26 40 0.062670
26 41 0.115000
26 42 0.150327
26 43 0.072555
26 44 0.122340
26 45 0.160839
26 46 0.080420
26 47 0.264368
26 48 0.056650
26 49 0.958333
26 50 0.081560
26 51 0.188525
26 52 0.097872
26 53 0.185484
26 54 0.086466
26 55 0.069697
26 56 0.050218
26 57 0.060052
26 58 0.174242
26 59 0.098712
26 60 0.141975
26 61 0.450980
26 62 0.122340
26 63 0.122995
26 64 0.073248
26 65 0.170370
26 66 0.092000
26 67 0.055422
26 68 0.117347
26 69 0.146497
26 70 0.077181
26 71 0.077441
26 72 0.069069
26 73 0.095833
26 74 0.065903
26 75 0.066282
26 76 0.088123
26 77 0.066282
26 78 0.067055
26 79 0.070552
26 80 0.054374
26 81 0.067847
26 82 0.198276
26 83 0.190083
26 84 0.068862
26 85 0.149351
26 86 0.125000
26 87 0.090551
26 88 0.418182
26 89 0.084559
26 90 0.302632
26 91 0.065156
26 92 0.234694
26 93 0.196581
26 94 0.109005
26 95 0.116162
26 96 0.216981
26 97 0.052036
26 98 0.117347
26 99 0.053991
27 28 0.061697
27 29 0.237624
27 30 0.242424
27 31 0.090566
27 32 0.118812
27 33 0.059553
27 34 0.123711
27 35 0.053812
27 36 0.150943
27 37 0.058111
27 38 0.065753
27 39 0.078689
27 40 0.063325
27 41 0.109589
27 42 0.067797
27 43 0.080808
27 44 0.210526
27 45 0.086957
27 46 0.131148
27 47 0.154839
27 48 0.064171
27 49 0.103448
27 50 0.123711
27 51 0.069565
27 52 0.067606
27 53 0.070175
27 54 0.436364
27 55 0.123077
27 56 0.063158
27 57 0.066482
27 58 0.142012
27 59 0.108108
27 60 0.272727
27 61 0.090226
27 62 0.080537
27 63 0.067416
27 64 0.049793
27 65 0.086957
27 66 0.960000
27 67 0.063660
27 68 0.480000
27 69 0.165517
27 70 0.052402
27 71 0.058252
27 72 0.053691
27 73 0.406780
27 74 0.096774
27 75 0.048193
27 76 0.120603
27 77 0.091255
27 78 0.057143
27 79 0.203390
27 80 0.069364
27 81 0.077670
27 82 0.069164
27 83 0.073394
27 84 0.103896
27 85 0.230769
27 86 0.240000
27 87 0.170213
27 88 0.118812
27 89 0.058252
27 90 0.104803
27 91 0.053571
27 92 0.072948
27 93 0.177778
27 94 0.131868
27 95 0.082192
27 96 0.091954
27 97 0.063492
27 98 0.078176
27 99 0.059553
28 29 0.033445
28 30 0.021505
28 31 0.080000
28 32 0.021786
28 33 0.232558
28 34 0.051282
28 35 0.058824
28 36 0.036630
28 37 0.140845
28 38 0.144928
28 39 0.113636
28 40 0.909091
28 41 0.052356
28 42 0.019417
28 43 0.106383
28 44 0.035461
28 45 0.041152
28 46 0.045249
28 47 0.030211
28 48 0.131579
28 49 0.028249
28 50 0.048780
28 51 0.026954
28 52 0.053476
28 53 0.028169
28 54 0.027778
28 55 0.040650
28 56 0.060976
28 57 0.169492
28 58 0.021834
28 59 0.058140
28 60 0.030675
28 61 0.028736
28 62 0.049751
28 63 0.037736
28 64 0.034965
28 65 0.039683
28 66 0.026316
28 67 0.114943
28 68 0.028818
28 69 0.037175
28 70 0.038168
28 71 0.057803
28 72 0.056180
28 73 0.029940
28 74 0.052356
28 75 0.038314
28 76 0.052083
28 77 0.060606
28 78 0.091743
28 79 0.028169
28 80 0.067114
28 81 0.109890
28 82 0.024096
28 83 0.030211
28 84 0.050505
28 85 0.031949
28 86 0.022472
28 87 0.039526
28 88 0.024390
28 89 0.046296
28 90 0.022472
28 91 0.068493
28 92 0.024752
28 93 0.024213
28 94 0.047170
28 95 0.054054
28 96 0.035971
28 97 0.073529
28 98 0.051020
28 99 0.142857
29 30 0.245509
29 31 0.234286
29 32 0.154135
29 33 0.128527
29 34 0.383178
29 35 0.107330
29 36 0.303704
29 37 0.129338
29 38 0.152416
29 39 0.193396
29 40 0.141869
29 41 0.264516
29 42 0.102244
29 43 0.200000
29 44 0.561644
29 45 0.168033
29 46 0.488095
29 47 0.241176
29 48 0.148014
29 49 0.165992
29 50 0.422680
29 51 0.117816
29 52 0.135314
29 53 0.120588
29 54 0.661290
29 55 0.422680
29 56 0.146429
29 57 0.154717
29 58 0.169421
29 59 0.284722
29 60 0.414141
29 61 0.149635
29 62 0.163347
29 63 0.125767
29 64 0.093394
29 65 0.165992
29 66 0.482353
29 67 0.146953
29 68 0.506173
29 69 0.366071
29 70 0.099274
29 71 0.116477
29 72 0.106771
29 73 0.976190
29 74 0.277027
29 75 0.091928
29 76 0.379630
29 77 0.251534
29 78 0.118497
29 79 0.506173
29 80 0.166667
29 81 0.191589
29 82 0.112637
29 83 0.128125
29 84 0.312977
29 85 0.398058
29 86 0.216931
29 87 0.891304
29 88 0.166667
29 89 0.112948
29 90 0.145907
29 91 0.108179
29 92 0.118497
29 93 0.207071
29 94 0.366071
29 95 0.170833
29 96 0.168724
29 97 0.147482
29 98 0.158301
29 99 0.133550
30 31 0.272727
30 32 0.341912
30 33 0.191753
30 34 0.341912
30 35 0.172542
30 36 0.361868
30 37 0.194154
30 38 0.215278
30 39 0.246032
30 40 0.203947
30 41 0.300000
30 42 0.216279
30 43 0.250000
30 44 0.449275
30 45 0.248000
30 46 0.376518
30 47 0.369048
30 48 0.211845
30 49 0.285276
30 50 0.354962
30 51 0.210884
30 52 0.206208
30 53 0.212329
30 54 0.877358
30 55 0.387500
30 56 0.217799
30 57 0.216783
30 58 0.395745
30 59 0.302932
30 60 0.497326
30 61 0.257618
30 62 0.235443
30 63 0.204396
30 64 0.160345
30 65 0.248663
30 66 0.989362
30 67 0.211364
30 68 0.628378
30 69 0.385892
30 70 0.167568
30 71 0.183794
30 72 0.171904
30 73 0.683824
30 74 0.308970
30 75 0.156303
30 76 0.339416
30 77 0.289720
30 78 0.182711
30 79 0.726562
30 80 0.234257
30 81 0.245383
30 82 0.211845
30 83 0.218824
30 84 0.325175
30 85 0.460396
30 86 0.592357
30 87 0.436620
30 88 0.325175
30 89 0.182711
30 90 0.302932
30 91 0.172542
30 92 0.220903
30 93 0.432558
30 94 0.344444
30 95 0.240310
30 96 0.258333
30 97 0.215777
30 98 0.230769
30 99 0.198294
31 32 0.089636
31 33 0.219178
31 34 0.444444
31 35 0.137931
31 36 0.191617
31 37 0.207792
31 38 0.293578
31 39 0.780488
31 40 0.278261
31 41 0.347826
31 42 0.072398
31 43 0.969697
31 44 0.198758
31 45 0.170213
31 46 0.316832
31 47 0.139738
31 48 0.266667
31 49 0.117647
31 50 0.385542
31 51 0.098765
31 52 0.172043
31 53 0.103226
31 54 0.135593
31 55 0.235294
31 56 0.189349
31 57 0.316832
31 58 0.091429
31 59 0.533333
31 60 0.153846
31 61 0.115523
31 62 0.198758
31 63 0.130081
31 64 0.099688
31 65 0.163265
31 66 0.125000
31 67 0.251969
31 68 0.142222
31 69 0.203822
31 70 0.109215
31 71 0.150235
31 72 0.135021
31 73 0.152381
31 74 0.323232
31 75 0.102236
31 76 0.470588
31 77 0.405063
31 78 0.173913
31 79 0.135593
31 80 0.238806
31 81 0.640000
31 82 0.088889
31 83 0.112281
31 84 0.333333
31 85 0.162437
31 86 0.097561
31 87 0.248062
31 88 0.101911
31 89 0.133333
31 90 0.091168
31 91 0.144796
31 92 0.092754
31 93 0.105263
31 94 0.336842
31 95 0.223776
31 96 0.150235
31 97 0.211921
31 98 0.196319
31 99 0.219178
32 33 0.083700
32 34 0.126667
32 35 0.086560
32 36 0.198953
32 37 0.074803
32 38 0.081720
32 39 0.095960
32 40 0.084633
32 41 0.140741
32 42 0.238994
32 43 0.098191
32 44 0.176744
32 45 0.156379
32 46 0.118012
32 47 0.294574
32 48 0.079832
32 49 0.299213
32 50 0.117647
32 51 0.173516
32 52 0.112760
32 53 0.168889
32 54 0.151394
32 55 0.106443
32 56 0.073930
32 57 0.083516
32 58 0.974359
32 59 0.127517
32 60 0.222222
32 61 0.242038
32 62 0.133333
32 63 0.129252
32 64 0.090261
32 65 0.161017
32 66 0.168889
32 67 0.078512
32 68 0.202128
32 69 0.188119
32 70 0.093827
32 71 0.095000
32 72 0.087156
32 73 0.161702
32 74 0.096939
32 75 0.083700
32 76 0.122581
32 77 0.095960
32 78 0.086364
32 79 0.120253
32 80 0.079498
32 81 0.093596
32 82 0.193878
32 83 0.168889
32 84 0.101333
32 85 0.218391
32 86 0.327586
32 87 0.134752
32 88 0.690909
32 89 0.100796
32 90 0.883721
32 91 0.083700
32 92 0.208791
32 93 0.550725
32 94 0.143396
32 95 0.130137
32 96 0.182692
32 97 0.075547
32 98 0.129252
32 99 0.076000
33 34 0.206573
33 35 0.343750
33 36 0.160584
33 37 0.403670
33 38 0.392857
33 39 0.379310
33 40 0.977778
33 41 0.226804
33 42 0.088531
33 43 0.366667
33 44 0.150685
33 45 0.194690
33 46 0.178862
33 47 0.133739
33 48 0.369748
33 49 0.128655
33 50 0.192140
33 51 0.126801
33 52 0.278481
33 53 0.133333
33 54 0.116095
33 55 0.159420
33 56 0.213592
33 57 0.440000
33 58 0.096280
33 59 0.241758
33 60 0.131737
33 61 0.132530
33 62 0.241758
33 63 0.186441
33 64 0.178862
33 65 0.187234
33 66 0.111111
33 67 0.338462
33 68 0.122563
33 69 0.160000
33 70 0.198198
33 71 0.328358
33 72 0.323529
33 73 0.125356
33 74 0.195556
33 75 0.200913
33 76 0.207547
33 77 0.221106
33 78 0.656716
33 79 0.115486
33 80 0.230366
33 81 0.357724
33 82 0.112245
33 83 0.143322
33 84 0.192140
33 85 0.137500
33 86 0.097345
33 87 0.161172
33 88 0.109181
33 89 0.245810
33 90 0.100917
33 91 0.427184
33 92 0.114883
33 93 0.106280
33 94 0.198198
33 95 0.260355
33 96 0.167939
33 97 0.245810
33 98 0.250000
33 99 0.396396
34 35 0.039146
34 36 0.095652
34 37 0.049327
34 38 0.062500
34 39 0.098214
34 40 0.059140
34 41 0.152778
34 42 0.027363
34 43 0.105769
34 44 0.118280
34 45 0.061111
34 46 0.215686
34 47 0.062857
34 48 0.059140
34 49 0.047210
34 50 0.289474
34 51 0.035831
34 52 0.051643
34 53 0.037162
34 54 0.065868
34 55 0.110000
34 56 0.051163
34 57 0.065089
34 58 0.038062
34 59 0.250000
34 60 0.078014
34 61 0.044534
34 62 0.064706
34 63 0.043478
34 64 0.031339
34 65 0.059140
34 66 0.059459
34 67 0.057592
34 68 0.071429
34 69 0.111111
34 70 0.033951
34 71 0.043307
34 72 0.038732
34 73 0.078571
34 74 0.110000
34 75 0.031250
34 76 0.916667
34 77 0.112245
34 78 0.045643
34 79 0.062500
34 80 0.061798
34 81 0.094017
34 82 0.032738
34 83 0.040441
34 84 0.127907
34 85 0.083333
34 86 0.042471
34 87 0.180328
34 88 0.041825
34 89 0.040441
34 90 0.036667
34 91 0.040000
34 92 0.034483
34 93 0.045455
34 94 0.275000
34 95 0.071429
34 96 0.056995
34 97 0.053922
34 98 0.062857
34 99 0.051643
35 36 0.027304
35 37 0.034043
35 38 0.033898
35 39 0.036530
35 40 0.047337
35 41 0.034783
35 42 0.018182
35 43 0.036697
35 44 0.024024
35 45 0.040609
35 46 0.024540
35 47 0.024169
35 48 0.032787
35 49 0.025478
35 50 0.025974
35 51 0.028881
35 52 0.077670
35 53 0.030651
35 54 0.018307
35 55 0.021798
35 56 0.024096
35 57 0.035714
35 58 0.017699
35 59 0.033473
35 60 0.021978
35 61 0.027491
35 62 0.050633
35 63 0.049689
35 64 0.065574
35 65 0.039216
35 66 0.017937
35 67 0.031250
35 68 0.020151
35 69 0.026403
35 70 0.079208
35 71 0.200000
35 72 0.888889
35 73 0.019753
35 74 0.024465
35 75 0.086957
35 76 0.028169
35 77 0.026403
35 78 0.129032
35 79 0.017582
35 80 0.025478
35 81 0.034632
35 82 0.024615
35 83 0.032922
35 84 0.024465
35 85 0.022989
35 86 0.017058
35 87 0.023529
35 88 0.020779
35 89 0.105263
35 90 0.019465
35 91 0.266667
35 92 0.024922
35 93 0.019185
35 94 0.029412
35 95 0.050633
35 96 0.034483
35 97 0.026230
35 98 0.053691
35 99 0.033613
36 37 0.072327
36 38 0.083636
36 39 0.111650
36 40 0.087452
36 41 0.277108
36 42 0.079585
36 43 0.117347
36 44 0.365079
36 45 0.194915
36 46 0.153333
36 47 0.370968
36 48 0.080420
36 49 0.188525
36 50 0.158621
36 51 0.107477
36 52 0.116751
36 53 0.111650
36 54 0.136905
36 55 0.117949
36 56 0.070336
36 57 0.086792
36 58 0.123656
36 59 0.214953
36 60 0.315068
36 61 0.160839
36 62 0.164286
36 63 0.115000
36 64 0.071207
36 65 0.193277
36 66 0.138554
36 67 0.078231
36 68 0.209091
36 69 0.958333
36 70 0.076923
36 71 0.089494
36 72 0.078498
36 73 0.170370
36 74 0.107981
36 75 0.067847
36 76 0.182540
36 77 0.108491
36 78 0.083636
36 79 0.107981
36 80 0.079038
36 81 0.106481
36 82 0.098712
36 83 0.123656
36 84 0.116162
36 85 0.403509
36 86 0.127778
36 87 0.190083
36 88 0.154362
36 89 0.090551
36 90 0.122995
36 91 0.076923
36 92 0.106481
36 93 0.163121
36 94 0.298701
36 95 0.169118
36 96 0.209091
36 97 0.073248
36 98 0.154362
36 99 0.074194
37 38 0.204082
37 39 0.087719
37 40 0.131579
37 41 0.042017
37 42 0.017361
37 43 0.081301
37 44 0.031746
37 45 0.032680
37 46 0.042735
37 47 0.026385
37 48 0.238095
37 49 0.024331
37 50 0.045249
37 51 0.022883
37 52 0.038911
37 53 0.023753
37 54 0.026525
37 55 0.040816
37 56 0.090909
37 57 0.185185
37 58 0.019881
37 59 0.047170
37 60 0.027624
37 61 0.024450
37 62 0.037594
37 63 0.029940
37 64 0.028249
37 65 0.031746
37 66 0.024938
37 67 0.227273
37 68 0.026596
37 69 0.032258
37 70 0.030303
37 71 0.041322
37 72 0.041152
37 73 0.028090
37 74 0.054348
37 75 0.030675
37 76 0.046296
37 77 0.062112
37 78 0.057143
37 79 0.027778
37 80 0.091743
37 81 0.094340
37 82 0.020833
37 83 0.025189
37 84 0.051020
37 85 0.028490
37 86 0.020790
37 87 0.036630
37 88 0.021645
37 89 0.034965
37 90 0.020080
37 91 0.047619
37 92 0.021368
37 93 0.021882
37 94 0.040323
37 95 0.040161
37 96 0.029499
37 97 0.120482
37 98 0.038168
37 99 0.909091
38 39 0.173913
38 40 0.176471
38 41 0.060914
38 42 0.022181
38 43 0.151899
38 44 0.044776
38 45 0.043796
38 46 0.064516
38 47 0.035714
38 48 0.923077
38 49 0.032172
38 50 0.069364
38 51 0.029340
38 52 0.050420
38 53 0.030534
38 54 0.036474
38 55 0.060302
38 56 0.123711
38 57 0.857143
38 58 0.026144
38 59 0.071429
38 60 0.037975
38 61 0.032086
38 62 0.050633
38 63 0.038462
38 64 0.034286
38 65 0.042403
38 66 0.033994
38 67 0.500000
38 68 0.036474
38 69 0.045113
38 70 0.037037
38 71 0.051064
38 72 0.049180
38 73 0.038961
38 74 0.086331
38 75 0.036697
38 76 0.071006
38 77 0.105263
38 78 0.068182
38 79 0.038339
38 80 0.150000
38 81 0.200000
38 82 0.026667
38 83 0.032520
38 84 0.080000
38 85 0.039344
38 86 0.027650
38 87 0.053333
38 88 0.028504
38 89 0.043478
38 90 0.026258
38 91 0.056075
38 92 0.027460
38 93 0.029126
38 94 0.059113
38 95 0.054795
38 96 0.039344
38 97 0.171429
38 98 0.051064
38 99 0.307692
39 40 0.113924
39 41 0.070312
39 42 0.018987
39 43 0.900000
39 44 0.044554
39 45 0.042453
39 46 0.067669
39 47 0.033708
39 48 0.111111
39 49 0.029412
39 50 0.076923
39 51 0.025788
39 52 0.046632
39 53 0.026946
39 54 0.032967
39 55 0.056250
39 56 0.063380
39 57 0.150000
39 58 0.023077
39 59 0.090909
39 60 0.036145
39 61 0.029221
39 62 0.050000
39 63 0.034615
39 64 0.028125
39 65 0.040724
39 66 0.030612
39 67 0.100000
39 68 0.033962
39 69 0.045685
39 70 0.030717
39 71 0.043478
39 72 0.039823
39 73 0.036145
39 74 0.081818
39 75 0.029412
39 76 0.084112
39 77 0.105882
39 78 0.054545
39 79 0.033582
39 80 0.081081
39 81 0.600000
39 82 0.023256
39 83 0.029126
39 84 0.078947
39 85 0.037975
39 86 0.024457
39 87 0.053892
39 88 0.025568
39 89 0.037344
39 90 0.023136
39 91 0.044118
39 92 0.024129
39 93 0.026163
39 94 0.066667
39 95 0.055901
39 96 0.037344
39 97 0.074380
39 98 0.050279
39 99 0.085714
40 41 0.303867
40 42 0.108696
40 43 0.647059
40 44 0.202206
40 45 0.234043
40 46 0.259434
40 47 0.171340
40 48 0.723684
40 49 0.159884
40 50 0.280612
40 51 0.151515
40 52 0.302198
40 53 0.158501
40 54 0.157143
40 55 0.231092
40 56 0.337423
40 57 0.982143
40 58 0.122768
40 59 0.339506
40 60 0.174051
40 61 0.162242
40 62 0.284974
40 63 0.212355
40 64 0.193662
40 65 0.225410
40 66 0.148649
40 67 0.625000
40 68 0.163205
40 69 0.212355
40 70 0.212355
40 71 0.323529
40 72 0.310734
40 73 0.169231
40 74 0.298913
40 75 0.211538
40 76 0.300546
40 77 0.348101
40 78 0.504587
40 79 0.158960
40 80 0.376712
40 81 0.662651
40 82 0.135135
40 83 0.169753
40 84 0.289474
40 85 0.181518
40 86 0.126437
40 87 0.225410
40 88 0.137500
40 89 0.258216
40 90 0.126437
40 91 0.374150
40 92 0.138889
40 93 0.136476
40 94 0.272277
40 95 0.310734
40 96 0.204461
40 97 0.404412
40 98 0.291005
40 99 0.743243
41 42 0.100000
41 43 0.294118
41 44 0.333333
41 45 0.321101
41 46 0.284553
41 47 0.246479
41 48 0.168269
41 49 0.194444
41 50 0.321101
41 51 0.145833
41 52 0.236486
41 53 0.154185
41 54 0.168269
41 55 0.204678
41 56 0.134615
41 57 0.188172
41 58 0.130597
41 59 0.972222
41 60 0.246479
41 61 0.187166
41 62 0.350000
41 63 0.192308
41 64 0.122378
41 65 0.304348
41 66 0.161290
41 67 0.161290
41 68 0.204678
41 69 0.426829
41 70 0.135135
41 71 0.176768
41 72 0.150862
41 73 0.198864
41 74 0.212121
41 75 0.119863
41 76 0.426829
41 77 0.224359
41 78 0.173267
41 79 0.150215
41 80 0.155556
41 81 0.250000
41 82 0.128676
41 83 0.172414
41 84 0.227273
41 85 0.275591
41 86 0.135135
41 87 0.296610
41 88 0.155556
41 89 0.168269
41 90 0.134100
41 91 0.152174
41 92 0.136719
41 93 0.156951
41 94 0.777778
41 95 0.406977
41 96 0.277778
41 97 0.144033
41 98 0.330189
41 99 0.151515
42 43 0.251613
42 44 0.348214
42 45 0.428571
42 46 0.267123
42 47 0.497872
42 48 0.211573
42 49 0.684211
42 50 0.269585
42 51 0.704819
42 52 0.335244
42 53 0.646409
42 54 0.293233
42 55 0.243750
42 56 0.192118
42 57 0.221172
42 58 0.593909
42 59 0.304688
42 60 0.387417
42 61 0.696429
42 62 0.370253
42 63 0.417857
42 64 0.307895
42 65 0.444867
42 66 0.311170
42 67 0.207815
42 68 0.353474
42 69 0.378641
42 70 0.313673
42 71 0.289604
42 72 0.268966
42 73 0.310345
42 74 0.233068
42 75 0.276596
42 76 0.282609
42 77 0.234469
42 78 0.252700
42 79 0.253247
42 80 0.203833
42 81 0.240246
42 82 0.991525
42 83 0.590909
42 84 0.240741
42 85 0.391304
42 86 0.425455
42 87 0.289604
42 88 0.750000
42 89 0.318801
42 90 0.928571
42 91 0.252700
42 92 0.975000
42 93 0.531818
42 94 0.322314
42 95 0.353474
42 96 0.491597
42 97 0.197635
42 98 0.363354
42 99 0.204904
43 44 0.113402
43 45 0.107843
43 46 0.171875
43 47 0.085271
43 48 0.244444
43 49 0.074324
43 50 0.198198
43 51 0.064706
43 52 0.117021
43 53 0.067485
43 54 0.082707
43 55 0.140127
43 56 0.146667
43 57 0.314286
43 58 0.057743
43 59 0.244444
43 60 0.091667
43 61 0.073579
43 62 0.127907
43 63 0.086614
43 64 0.069620
43 65 0.103286
43 66 0.076655
43 67 0.222222
43 68 0.085603
43 69 0.117021
43 70 0.076125
43 71 0.107843
43 72 0.098214
43 73 0.091286
43 74 0.200000
43 75 0.072607
43 76 0.222222
43 77 0.255814
43 78 0.133333
43 79 0.083650
43 80 0.186441
43 81 0.956522
43 82 0.058047
43 83 0.073090
43 84 0.196429
43 85 0.096491
43 86 0.061111
43 87 0.137500
43 88 0.064140
43 89 0.092827
43 90 0.058047
43 91 0.107843
43 92 0.060274
43 93 0.065868
43 94 0.174603
43 95 0.142857
43 96 0.094828
43 97 0.170543
43 98 0.127907
43 99 0.191304
44 45 0.221591
44 46 0.361111
44 47 0.382353
44 48 0.140288
44 49 0.221591
44 50 0.354545
44 51 0.141818
44 52 0.159184
44 53 0.146067
44 54 0.357798
44 55 0.267123
44 56 0.128713
44 57 0.149425
44 58 0.195980
44 59 0.351351
44 60 0.795918
44 61 0.193069
44 62 0.205263
44 63 0.151163
44 64 0.103448
44 65 0.219101
44 66 0.345133
44 67 0.137324
44 68 0.582090
44 69 0.975000
44 70 0.110795
44 71 0.130000
44 72 0.116418
44 73 0.513158
44 74 0.220339
44 75 0.100257
44 76 0.386139
44 77 0.213115
44 78 0.127451
44 79 0.258278
44 80 0.146067
44 81 0.186603
44 82 0.133562
44 83 0.157258
44 84 0.243750
44 85 0.928571
44 86 0.233533
44 87 0.565217
44 88 0.210811
44 89 0.128289
44 90 0.175676
44 91 0.116418
44 92 0.142336
44 93 0.256579
44 94 0.549296
44 95 0.214286
44 96 0.228070
44 97 0.132203
44 98 0.195980
44 99 0.127451
45 46 0.039301
45 47 0.064748
45 48 0.031469
45 49 0.075000
45 50 0.041475
45 51 0.065693
45 52 0.094737
45 53 0.073171
45 54 0.031579
45 55 0.032374
45 56 0.025496
45 57 0.034351
45 58 0.035156
45 59 0.062937
45 60 0.047619
45 61 0.084112
45 62 0.200000
45 63 0.109756
45 64 0.043689
45 65 0.900000
45 66 0.031802
45 67 0.030303
45 68 0.039474
45 69 0.065693
45 70 0.049180
45 71 0.056962
45 72 0.046154
45 73 0.035857
45 74 0.033088
45 75 0.039648
45 76 0.047368
45 77 0.034615
45 78 0.045000
45 79 0.027778
45 80 0.028125
45 81 0.039648
45 82 0.051136
45 83 0.091837
45 84 0.034351
45 85 0.052023
45 86 0.032374
45 87 0.041475
45 88 0.047619
45 89 0.062937
45 90 0.041475
45 91 0.042453
45 92 0.055215
45 93 0.040541
45 94 0.061644
45 95 0.152542
45 96 0.243243
45 97 0.027027
45 98 0.169811
45 99 0.029900
46 47 0.082927
46 48 0.087629
46 49 0.062731
46 50 0.944444
46 51 0.048023
46 52 0.064639
46 53 0.049563
46 54 0.118056
46 55 0.340000
46 56 0.085000
46 57 0.092896
46 58 0.055738
46 59 0.178947
46 60 0.110390
46 61 0.058824
46 62 0.076923
46 63 0.055921
46 64 0.042394
46 65 0.072340
46 66 0.101190
46 67 0.086735
46 68 0.110390
46 69 0.130769
46 70 0.045455
46 71 0.056291
46 72 0.051515
46 73 0.137097
46 74 0.239437
46 75 0.042500
46 76 0.386364
46 77 0.209877
46 78 0.060284
46 79 0.125000
46 80 0.102410
46 81 0.127820
46 82 0.044855
46 83 0.053125
46 84 0.320755
46 85 0.114094
46 86 0.064639
46 87 0.386364
46 88 0.058419
46 89 0.052960
46 90 0.051672
46 91 0.053459
46 92 0.046961
46 93 0.065637
46 94 0.200000
46 95 0.082927
46 96 0.070833
46 97 0.086735
46 98 0.075221
46 99 0.075893
47 48 0.192529
47 49 0.837500
47 50 0.330049
47 51 0.350785
47 52 0.290043
47 53 0.358289
47 54 0.366120
47 55 0.272358
47 56 0.172237
47 57 0.204893
47 58 0.523438
47 59 0.396450
47 60 0.881579
47 61 0.598214
47 62 0.385057
47 63 0.316038
47 64 0.196481
47 65 0.496296
47 66 0.394118
47 67 0.188732
47 68 0.587719
47 69 0.870130
47 70 0.209375
47 71 0.228669
47 72 0.203030
47 73 0.435065
47 74 0.247232
47 75 0.183562
47 76 0.360215
47 77 0.246324
47 78 0.207430
47 79 0.279167
47 80 0.190341
47 81 0.241007
47 82 0.338384
47 83 0.387283
47 84 0.262745
47 85 0.985294
47 86 0.478571
47 87 0.394118
47 88 0.761364
47 89 0.238434
47 90 0.531746
47 91 0.195906
47 92 0.372222
47 93 0.770115
47 94 0.485507
47 95 0.380682
47 96 0.587719
47 97 0.178191
47 98 0.366120
47 99 0.180593
48 49 0.031169
48 50 0.066298
48 51 0.028504
48 52 0.048193
48 53 0.029630
48 54 0.035608
48 55 0.058824
48 56 0.136364
48 57 0.461538
48 58 0.025532
48 59 0.067039
48 60 0.036810
48 61 0.031088
48 62 0.048193
48 63 0.037152
48 64 0.033426
48 65 0.040678
48 66 0.033241
48 67 0.923077
48 68 0.035503
48 69 0.043321
48 70 0.035928
48 71 0.049180
48 72 0.047619
48 73 0.037975
48 74 0.083916
48 75 0.035821
48 76 0.067416
48 77 0.100000
48 78 0.065217
48 79 0.037618
48 80 0.157895
48 81 0.169014
48 82 0.025974
48 83 0.031496
48 84 0.077419
48 85 0.038095
48 86 0.027027
48 87 0.051502
48 88 0.027778
48 89 0.041958
48 90 0.025586
48 91 0.054299
48 92 0.026726
48 93 0.028369
48 94 0.056075
48 95 0.051948
48 96 0.037855
48 97 0.196721
48 98 0.048583
48 99 0.387097
49 50 0.135849
49 51 0.313043
49 52 0.169811
49 53 0.315789
49 54 0.137405
49 55 0.113924
49 56 0.082005
49 57 0.099448
49 58 0.243243
49 59 0.168224
49 60 0.230769
49 61 0.972973
49 62 0.219512
49 63 0.214286
49 64 0.121622
49 65 0.321429
49 66 0.145161
49 67 0.091371
49 68 0.186528
49 69 0.251748
49 70 0.129032
49 71 0.130909
49 72 0.115756
49 73 0.153846
49 74 0.108434
49 75 0.110092
49 76 0.147541
49 77 0.109422
49 78 0.112500
49 79 0.112853
49 80 0.089330
49 81 0.113208
49 82 0.305085
49 83 0.339623
49 84 0.113208
49 85 0.244898
49 86 0.185567
49 87 0.149378
49 88 0.493151
49 89 0.143426
49 90 0.367347
49 91 0.109091
49 92 0.360000
49 93 0.283465
49 94 0.185567
49 95 0.206897
49 96 0.428571
49 97 0.085308
49 98 0.208092
49 99 0.088889
50 51 0.078488
50 52 0.109756
50 53 0.081325
50 54 0.170886
50 55 0.421875
50 56 0.139175
50 57 0.159763
50 58 0.087662
50 59 0.341772
50 60 0.171975
50 61 0.095745
50 62 0.131068
50 63 0.093103
50 64 0.070130
50 65 0.121076
50 66 0.149171
50 67 0.146739
50 68 0.167702
50 69 0.214286
50 70 0.075630
50 71 0.095070
50 72 0.086538
50 73 0.198529
50 74 0.391304
50 75 0.070496
50 76 0.964286
50 77 0.364865
50 78 0.102273
50 79 0.176471
50 80 0.169811
50 81 0.228814
50 82 0.072776
50 83 0.087379
50 84 0.509434
50 85 0.178808
50 86 0.100000
50 87 0.509434
50 88 0.093103
50 89 0.088525
50 90 0.082569
50 91 0.090000
50 92 0.076271
50 93 0.103448
50 94 0.364865
50 95 0.142105
50 96 0.117904
50 97 0.143617
50 98 0.127962
50 99 0.127962
51 52 0.083770
51 53 0.941176
51 54 0.043011
51 55 0.039801
51 56 0.032653
51 57 0.040404
51 58 0.064000
51 59 0.057971
51 60 0.060377
51 61 0.200000
51 62 0.093023
51 63 0.136752
51 64 0.073394
51 65 0.124031
51 66 0.044444
51 67 0.037037
51 68 0.052632
51 69 0.067511
51 70 0.076555
51 71 0.066390
51 72 0.059041
51 73 0.046921
51 74 0.039506
51 75 0.061776
51 76 0.050314
51 77 0.040506
51 78 0.052632
51 79 0.037647
51 80 0.035011
51 81 0.044077
51 82 0.326531
51 83 0.390244
51 84 0.040816
51 85 0.063241
51 86 0.052288
51 87 0.048048
51 88 0.092486
51 89 0.079208
51 90 0.089385
51 91 0.053156
51 92 0.333333
51 93 0.066946
51 94 0.059259
51 95 0.084211
51 96 0.139130
51 97 0.034115
51 98 0.091429
51 99 0.036952
52 53 0.274286
52 54 0.135977
52 55 0.155340
52 56 0.145455
52 57 0.214286
52 58 0.137143
52 59 0.284024
52 60 0.178439
52 61 0.250000
52 62 0.827586
52 63 0.607595
52 64 0.345324
52 65 0.470588
52 66 0.134078
52 67 0.183908
52 68 0.157377
52 69 0.227488
52 70 0.428571
52 71 0.750000
52 72 0.475248
52 73 0.150000
52 74 0.169014
52 75 0.331034
52 76 0.219178
52 77 0.181132
52 78 0.417391
52 79 0.125984
52 80 0.158940
52 81 0.231884
52 82 0.201681
52 83 0.313725
52 84 0.172662
52 85 0.189723
52 86 0.130081
52 87 0.180451
52 88 0.169611
52 89 0.800000
52 90 0.154839
52 91 0.403361
52 92 0.207792
52 93 0.152381
52 94 0.248705
52 95 0.750000
52 96 0.369231
52 97 0.157377
52 98 0.979592
52 99 0.188235
53 54 0.065574
53 55 0.061381
53 56 0.050526
53 57 0.063158
53 58 0.094488
53 59 0.091603
53 60 0.092308
53 61 0.307692
53 62 0.152866
53 63 0.237624
53 64 0.117073
53 65 0.210526
53 66 0.067416
53 67 0.057692
53 68 0.080268
53 69 0.104803
53 70 0.122449
53 71 0.106667
53 72 0.094118
53 73 0.071642
53 74 0.061224
53 75 0.097561
53 76 0.078431
53 77 0.062992
53 78 0.083333
53 79 0.057554
53 80 0.054299
53 81 0.068966
53 82 0.369231
53 83 0.960000
53 84 0.063158
53 85 0.097166
53 86 0.078176
53 87 0.074303
53 88 0.135593
53 89 0.129032
53 90 0.129032
53 91 0.084211
53 92 0.393443
53 93 0.100000
53 94 0.092664
53 95 0.137931
53 96 0.233010
53 97 0.052863
53 98 0.150000
53 99 0.057416
54 55 0.212329
54 56 0.092814
54 57 0.095092
54 58 0.140271
54 59 0.153465
54 60 0.289720
54 61 0.105442
54 62 0.104027
54 63 0.084699
54 64 0.063786
54 65 0.108392
54 66 0.968750
54 67 0.091445
54 68 0.436620
54 69 0.209459
54 70 0.067245
54 71 0.076355
54 72 0.070615
54 73 0.911765
54 74 0.151961
54 75 0.062374
54 76 0.183432
54 77 0.140271
54 78 0.076733
54 79 0.469697
54 80 0.102649
54 81 0.112727
54 82 0.081579
54 83 0.088825
54 84 0.165775
54 85 0.260504
54 86 0.201299
54 87 0.289720
54 88 0.127049
54 89 0.075243
54 90 0.112727
54 91 0.071101
54 92 0.085635
54 93 0.169399
54 94 0.186747
54 95 0.107266
54 96 0.112319
54 97 0.092537
54 98 0.100977
54 99 0.084469
55 56 0.259259
55 57 0.246231
55 58 0.145833
55 59 0.345070
55 60 0.262032
55 61 0.145833
55 62 0.182156
55 63 0.138810
55 64 0.109620
55 65 0.172535
55 66 0.280000
55 67 0.241379
55 68 0.276836
55 69 0.283237
55 70 0.116667
55 71 0.142029
55 72 0.132075
55 73 0.357664
55 74 0.790323
55 75 0.110360
55 76 0.538462
55 77 0.576471
55 78 0.153605
55 79 0.422414
55 80 0.310127
55 81 0.314103
55 82 0.115023
55 83 0.132791
55 84 0.980000
55 85 0.264865
55 86 0.171930
55 87 0.636364
55 88 0.148485
55 89 0.133515
55 90 0.133515
55 91 0.137640
55 92 0.119804
55 93 0.168966
55 94 0.365672
55 95 0.193676
55 96 0.169550
55 97 0.255208
55 98 0.178832
55 99 0.208511
56 57 0.245455
56 58 0.053892
56 59 0.120000
56 60 0.076923
56 61 0.060538
56 62 0.084112
56 63 0.067332
56 64 0.060538
56 65 0.074586
56 66 0.074586
56 67 0.350649
56 68 0.076487
56 69 0.086262
56 70 0.064286
56 71 0.081571
56 72 0.079412
56 73 0.084112
56 74 0.204545
56 75 0.063830
56 76 0.131707
56 77 0.223140
56 78 0.099631
56 79 0.090000
56 80 0.729730
56 81 0.210938
56 82 0.051233
56 83 0.060000
56 84 0.181208
56 85 0.078488
56 86 0.058315
56 87 0.110656
56 88 0.056723
56 89 0.072776
56 90 0.052529
56 91 0.087379
56 92 0.052632
56 93 0.059471
56 94 0.107570
56 95 0.089109
56 96 0.071053
56 97 0.964286
56 98 0.084112
56 99 0.262136
57 58 0.080000
57 59 0.226415
57 60 0.116505
57 61 0.099448
57 62 0.160714
57 63 0.120805
57 64 0.106825
57 65 0.132841
57 66 0.103152
57 67 0.972973
57 68 0.111455
57 69 0.140078
57 70 0.115756
57 71 0.162162
57 72 0.155844
57 73 0.118421
57 74 0.255319
57 75 0.114286
57 76 0.220859
57 77 0.313043
57 78 0.219512
57 79 0.115016
57 80 0.395604
57 81 0.679245
57 82 0.082380
57 83 0.101124
57 84 0.240000
57 85 0.121212
57 86 0.084112
57 87 0.162896
57 88 0.087591
57 89 0.137405
57 90 0.080537
57 91 0.178218
57 92 0.084906
57 93 0.089330
57 94 0.184615
57 95 0.174757
57 96 0.122867
57 97 0.433735
57 98 0.162162
57 99 0.800000
58 59 0.160959
58 60 0.309211
58 61 0.258242
58 62 0.158784
58 63 0.149206
58 64 0.105856
58 65 0.188000
58 66 0.243523
58 67 0.098739
58 68 0.290123
58 69 0.243523
58 70 0.110329
58 71 0.113527
58 72 0.104444
58 73 0.225962
58 74 0.125333
58 75 0.099156
58 76 0.157718
58 77 0.123037
58 78 0.104677
58 79 0.164336
58 80 0.101075
58 81 0.117794
58 82 0.204348
58 83 0.186508
58 84 0.131285
58 85 0.297468
58 86 0.594937
58 87 0.178707
58 88 0.602564
58 89 0.118987
58 90 0.587500
58 91 0.101075
58 92 0.217593
58 93 0.979167
58 94 0.183594
58 95 0.156146
58 96 0.210762
58 97 0.095528
58 98 0.154098
58 99 0.094949
59 60 0.258065
59 61 0.180180
59 62 0.312500
59 63 0.188679
59 64 0.130293
59 65 0.266667
59 66 0.185185
59 67 0.213904
59 68 0.225989
59 69 0.400000
59 70 0.142857
59 71 0.189573
59 72 0.165289
59 73 0.232558
59 74 0.307692
59 75 0.129870
59 76 0.784314
59 77 0.333333
59 78 0.198020
59 79 0.183486
59 80 0.210526
59 81 0.366972
59 82 0.129870
59 83 0.168067
59 84 0.333333
59 85 0.281690
59 86 0.145985
59 87 0.392157
59 88 0.156863
59 89 0.175439
59 90 0.136986
59 91 0.170213
59 92 0.136986
59 93 0.162602
59 94 0.975610
59 95 0.360360
59 96 0.248447
59 97 0.190476
59 98 0.300752
59 99 0.196078
60 61 0.085561
60 62 0.075472
60 63 0.059480
60 64 0.040609
60 65 0.085106
60 66 0.163265
60 67 0.048193
60 68 0.400000
60 69 0.258065
60 70 0.043127
60 71 0.048780
60 72 0.043956
60 73 0.202532
60 74 0.071429
60 75 0.038929
60 76 0.106667
60 77 0.069264
60 78 0.046784
60 79 0.096970
60 80 0.050794
60 81 0.062500
60 82 0.058608
60 83 0.065844
60 84 0.077295
60 85 0.941176
60 86 0.133333
60 87 0.142857
60 88 0.108108
60 89 0.049080
60 90 0.087432
60 91 0.043478
60 92 0.062745
60 93 0.152381
60 94 0.139130
60 95 0.077295
60 96 0.091954
60 97 0.046647
60 98 0.072398
60 99 0.045326
61 62 0.463576
61 63 0.503597
61 64 0.265152
61 65 0.714286
61 66 0.249110
61 67 0.176768
61 68 0.311111
61 69 0.424242
61 70 0.281124
61 71 0.276680
61 72 0.243056
61 73 0.265152
61 74 0.201729
61 75 0.234899
61 76 0.271318
61 77 0.205882
61 78 0.230263
61 79 0.201149
61 80 0.170316
61 81 0.217391
61 82 0.769231
61 83 0.985915
61 84 0.210210
61 85 0.397727
61 86 0.304348
61 87 0.266160
61 88 0.666667
61 89 0.311111
61 90 0.569106
61 91 0.225806
61 92 0.945946
61 93 0.429448
61 94 0.336538
61 95 0.426829
61 96 0.985915
61 97 0.163934
61 98 0.443038
61 99 0.173697
62 63 0.104651
62 64 0.047619
62 65 0.166667
62 66 0.029801
62 67 0.034615
62 68 0.036145
62 69 0.058442
62 70 0.055215
62 71 0.075000
62 72 0.057325
62 73 0.033962
62 74 0.035433
62 75 0.044776
62 76 0.050562
62 77 0.037815
62 78 0.057692
62 79 0.027190
62 80 0.031034
62 81 0.046392
62 82 0.041860
62 83 0.068182
62 84 0.036735
62 85 0.045918
62 86 0.028846
62 87 0.041475
62 88 0.038793
62 89 0.078261
62 90 0.034351
62 91 0.052941
62 92 0.044118
62 93 0.034749
62 94 0.062500
62 95 0.473684
62 96 0.109756
62 97 0.030100
62 98 0.900000
62 99 0.034351
63 64 0.618321
63 65 0.987805
63 66 0.221918
63 67 0.241791
63 68 0.262987
63 69 0.369863
63 70 0.723214
63 71 0.648000
63 72 0.519231
63 73 0.243243
63 74 0.238938
63 75 0.506250
63 76 0.309160
63 77 0.250774
63 78 0.428571
63 79 0.199507
63 80 0.218329
63 81 0.294545
63 82 0.490909
63 83 0.975904
63 84 0.245455
63 85 0.318898
63 86 0.232092
63 87 0.273649
63 88 0.337500
63 89 0.920455
63 90 0.310345
63 91 0.440217
63 92 0.506250
63 93 0.281250
63 94 0.363229
63 95 0.778846
63 96 0.818182
63 97 0.214854
63 98 0.975904
63 99 0.244713
64 65 0.129808
64 66 0.055328
64 67 0.072776
64 68 0.062356
64 69 0.079412
64 70 0.964286
64 71 0.232759
64 72 0.238938
64 73 0.059603
64 74 0.064439
64 75 0.562500
64 76 0.075419
64 77 0.067839
64 78 0.150000
64 79 0.052124
64 80 0.063830
64 81 0.081081
64 82 0.102662
64 83 0.136364
64 84 0.065060
64 85 0.071240
64 86 0.056367
64 87 0.066832
64 88 0.073370
64 89 0.333333
64 90 0.070130
64 91 0.180000
64 92 0.101887
64 93 0.064593
64 94 0.081818
64 95 0.135000
64 96 0.118421
64 97 0.064439
64 98 0.149171
64 99 0.075843
65 66 0.098940
65 67 0.091503
65 68 0.123348
65 69 0.201439
65 70 0.150538
65 71 0.169697
65 72 0.139303
65 73 0.111111
65 74 0.100358
65 75 0.121739
65 76 0.142857
65 77 0.104478
65 78 0.133971
65 79 0.085627
65 80 0.085106
65 81 0.119149
65 82 0.167665
65 83 0.311111
65 84 0.104478
65 85 0.161850
65 86 0.102190
65 87 0.126697
65 88 0.153846
65 89 0.190476
65 90 0.133333
65 91 0.127854
65 92 0.181818
65 93 0.129032
65 94 0.185430
65 95 0.411765
65 96 0.965517
65 97 0.082111
65 98 0.451613
65 99 0.090323
66 67 0.123967
66 68 0.775862
66 69 0.304054
66 70 0.097192
66 71 0.108959
66 72 0.100446
66 73 0.978261
66 74 0.194805
66 75 0.089641
66 76 0.239362
66 77 0.181452
66 78 0.107914
66 79 0.478723
66 80 0.136778
66 81 0.151515
66 82 0.123288
66 83 0.132353
66 84 0.209302
66 85 0.401786
66 86 0.362903
66 87 0.348837
66 88 0.201794
66 89 0.108173
66 90 0.179283
66 91 0.100671
66 92 0.129683
66 93 0.284810
66 94 0.252809
66 95 0.153061
66 96 0.166052
66 97 0.124309
66 98 0.145161
66 99 0.115090
67 68 0.096210
67 69 0.116197
67 70 0.095376
67 71 0.128906
67 72 0.125000
67 73 0.103448
67 74 0.232394
67 75 0.095101
67 76 0.180328
67 77 0.277311
67 78 0.169231
67 79 0.103774
67 80 0.492537
67 81 0.423077
67 82 0.069915
67 83 0.084184
67 84 0.212903
67 85 0.102804
67 86 0.073333
67 87 0.139831
67 88 0.074830
67 89 0.110738
67 90 0.069182
67 91 0.141631
67 92 0.071895
67 93 0.076744
67 94 0.149321
67 95 0.136364
67 96 0.100610
67 97 0.673469
67 98 0.127907
67 99 0.970588
68 69 0.494737
68 70 0.114914
68 71 0.129477
68 72 0.118090
68 73 0.979167
68 74 0.210762
68 75 0.104677
68 76 0.293750
68 77 0.200855
68 78 0.126344
68 79 0.356061
68 80 0.147335
68 81 0.173432
68 82 0.151613
68 83 0.166078
68 84 0.229268
68 85 0.854545
68 86 0.423423
68 87 0.427273
68 88 0.268571
68 89 0.129477
68 90 0.225962
68 91 0.117500
68 92 0.160959
68 93 0.391667
68 94 0.343066
68 95 0.194215
68 96 0.219626
68 97 0.134670
68 98 0.182171
68 99 0.128065
69 70 0.142857
69 71 0.167910
69 72 0.148026
69 73 0.394737
69 74 0.230769
69 75 0.127119
69 76 0.412844
69 77 0.229592
69 78 0.160142
69 79 0.235602
69 80 0.162455
69 81 0.218447
69 82 0.175781
69 83 0.215311
69 84 0.251397
69 85 0.978261
69 86 0.252809
69 87 0.454545
69 88 0.272727
69 89 0.167286
69 90 0.222772
69 91 0.146580
69 92 0.189076
69 93 0.306122
69 94 0.703125
69 95 0.304054
69 96 0.343511
69 97 0.149502
69 98 0.276074
69 99 0.149007
70 71 0.555556
70 72 0.537634
70 73 0.117096
70 74 0.127877
70 75 0.980392
70 76 0.151057
70 77 0.134771
70 78 0.318471
70 79 0.101626
70 80 0.125945
70 81 0.163399
70 82 0.195312
70 83 0.270270
70 84 0.129199
70 85 0.140845
70 86 0.108932
70 87 0.132626
70 88 0.142450
70 89 0.925926
70 90 0.135135
70 91 0.384615
70 92 0.195312
70 93 0.125628
70 94 0.165017
70 95 0.287356
70 96 0.240385
70 97 0.127226
70 98 0.322581
70 99 0.151057
71 72 0.972973
71 73 0.096515
71 74 0.116129
71 75 0.356436
71 76 0.138996
71 77 0.125000
71 78 0.500000
71 79 0.084112
71 80 0.116883
71 81 0.164384
71 82 0.124567
71 83 0.174757
71 84 0.116883
71 85 0.115385
71 86 0.083527
71 87 0.115385
71 88 0.104046
71 89 0.765957
71 90 0.096774
71 91 0.600000
71 92 0.126761
71 93 0.095238
71 94 0.149378
71 95 0.295082
71 96 0.186528
71 97 0.118421
71 98 0.324324
71 99 0.148760
72 73 0.090909
72 74 0.111446
72 75 0.440476
72 76 0.128472
72 77 0.119741
72 78 0.528571
72 79 0.080610
72 80 0.115265
72 81 0.156118
72 82 0.115987
72 83 0.155462
72 84 0.111446
72 85 0.106322
72 86 0.079060
72 87 0.107872
72 88 0.096859
72 89 0.528571
72 90 0.090686
72 91 0.973684
72 92 0.117460
72 93 0.089157
72 94 0.135036
72 95 0.234177
72 96 0.161572
72 97 0.118590
72 98 0.251701
72 99 0.150407
73 74 0.436842
73 75 0.178879
73 76 0.580420
73 77 0.404878
73 78 0.222520
73 79 0.954023
73 80 0.289199
73 81 0.329365
73 82 0.236467
73 83 0.261830
73 84 0.479769
73 85 0.943182
73 86 0.553333
73 87 0.988095
73 88 0.373874
73 89 0.218997
73 90 0.325490
73 91 0.205446
73 92 0.249249
73 93 0.500000
73 94 0.614815
73 95 0.324219
73 96 0.341564
73 97 0.260188
73 98 0.304029
73 99 0.239884
74 75 0.041463
74 76 0.191011
74 77 0.653846
74 78 0.062044
74 79 0.096045
74 80 0.171717
74 81 0.166667
74 82 0.039080
74 83 0.046196
74 84 0.944444
74 85 0.077626
74 86 0.051051
74 87 0.149123
74 88 0.047354
74 89 0.050296
74 90 0.042929
74 91 0.054313
74 92 0.040670
74 93 0.051672
74 94 0.121429
74 95 0.072034
74 96 0.058621
74 97 0.128788
74 98 0.066148
74 99 0.097701
75 76 0.238095
75 77 0.219072
75 78 0.555556
75 79 0.162214
75 80 0.210396
75 81 0.267296
75 82 0.278689
75 83 0.361702
75 84 0.208333
75 85 0.215190
75 86 0.168651
75 87 0.208333
75 88 0.212500
75 89 0.988372
75 90 0.202381
75 91 0.726496
75 92 0.277778
75 93 0.191011
75 94 0.252976
75 95 0.406699
75 96 0.334646
75 97 0.214646
75 98 0.442708
75 99 0.258359
76 77 0.574713
76 78 0.205761
76 79 0.289017
76 80 0.297619
76 81 0.450450
76 82 0.144092
76 83 0.176678
76 84 0.666667
76 85 0.354610
76 86 0.187266
76 87 0.806452
76 88 0.182482
76 89 0.179856
76 90 0.160772
76 91 0.179856
76 92 0.151515
76 93 0.199203
76 94 0.980392
76 95 0.308642
76 96 0.245098
76 97 0.257732
76 98 0.273224
76 99 0.241546
77 78 0.140000
77 79 0.175000
77 80 0.411765
77 81 0.454545
77 82 0.081967
77 83 0.098039
77 84 0.972222
77 85 0.156250
77 86 0.101744
77 87 0.280000
77 88 0.097222
77 89 0.110063
77 90 0.088161
77 91 0.121107
77 92 0.085158
77 93 0.104478
77 94 0.257353
77 95 0.159091
77 96 0.124555
77 97 0.304348
77 98 0.145228
77 99 0.233333
78 79 0.093976
78 80 0.153543
78 81 0.222857
78 82 0.110795
78 83 0.146067
78 84 0.141304
78 85 0.119266
78 86 0.085714
78 87 0.129139
78 88 0.100775
78 89 0.327731
78 90 0.093525
78 91 0.975000
78 92 0.113043
78 93 0.095355
78 94 0.163180
78 95 0.261745
78 96 0.164557
78 97 0.159836
78 98 0.263514
78 99 0.220339
79 80 0.426471
79 81 0.436090
79 82 0.265446
79 83 0.290727
79 84 0.707317
79 85 0.670520
79 86 0.534562
79 87 0.991453
79 88 0.377850
79 89 0.263039
79 90 0.342183
79 91 0.257778
79 92 0.276850
79 93 0.467742
79 94 0.613757
79 95 0.364780
79 96 0.360248
79 97 0.379085
79 98 0.343195
79 99 0.332378
80 81 0.350515
80 82 0.068966
80 83 0.081340
80 84 0.295652
80 85 0.110390
80 86 0.079439
80 87 0.162679
80 88 0.077273
80 89 0.097983
80 90 0.071279
80 91 0.116041
80 92 0.070981
80 93 0.081340
80 94 0.158140
80 95 0.125461
80 96 0.098266
80 97 0.971429
80 98 0.117241
80 99 0.343434
81 82 0.239401
81 83 0.297214
81 84 0.888889
81 85 0.391837
81 86 0.256000
81 87 0.568047
81 88 0.264463
81 89 0.377953
81 90 0.240000
81 91 0.448598
81 92 0.248062
81 93 0.271955
81 94 0.666667
81 95 0.545455
81 96 0.376471
81 97 0.897196
81 98 0.494845
81 99 0.989691
82 83 0.209302
82 84 0.042755
82 85 0.068182
82 86 0.061017
82 87 0.050847
82 88 0.113924
82 89 0.072000
82 90 0.117647
82 91 0.051576
82 92 0.947368
82 93 0.078947
82 94 0.060606
82 95 0.077586
82 96 0.121622
82 97 0.035503
82 98 0.082192
82 99 0.037815
83 84 0.216292
83 85 0.333333
83 86 0.257525
83 87 0.255814
83 88 0.440000
83 89 0.452941
83 90 0.409574
83 91 0.289474
83 92 0.987179
83 93 0.330472
83 94 0.326271
83 95 0.513333
83 96 0.950617
83 97 0.179487
83 98 0.570370
83 99 0.195929
84 85 0.472637
84 86 0.301587
84 87 0.989583
84 88 0.277778
84 89 0.284431
84 90 0.250000
84 91 0.302548
84 92 0.234568
84 93 0.305466
84 94 0.760000
84 95 0.416667
84 96 0.341727
84 97 0.641892
84 98 0.381526
84 99 0.510753
85 86 0.766917
85 87 0.935780
85 88 0.698630
85 89 0.329032
85 90 0.560440
85 91 0.289773
85 92 0.414634
85 93 0.918919
85 94 0.990291
85 95 0.534031
85 96 0.641509
85 97 0.304478
85 98 0.497561
85 99 0.298246
86 87 0.304545
86 88 0.489051
86 89 0.159145
86 90 0.437908
86 91 0.140461
86 92 0.241007
86 93 0.985294
86 94 0.285106
86 95 0.215434
86 96 0.265873
86 97 0.146288
86 98 0.208723
86 99 0.141949
87 88 0.287402
87 89 0.224615
87 90 0.250859
87 91 0.217262
87 92 0.217262
87 93 0.336406
87 94 0.986486
87 95 0.357843
87 96 0.328829
87 97 0.305439
87 98 0.325893
87 99 0.277567
88 89 0.114551
88 90 0.973684
88 91 0.092500
88 92 0.260563
88 93 0.513889
88 94 0.163717
88 95 0.154812
88 96 0.240260
88 97 0.079914
88 98 0.154167
88 99 0.081319
89 90 0.294798
89 91 0.990291
89 92 0.412955
89 93 0.280992
89 94 0.404762
89 95 0.822581
89 96 0.593023
89 97 0.295652
89 98 0.962264
89 99 0.356643
90 91 0.219626
90 92 0.671429
90 93 0.989474
90 94 0.357414
90 95 0.348148
90 96 0.519337
90 97 0.188000
90 98 0.348148
90 99 0.191446
91 92 0.465116
91 93 0.373832
91 94 0.592593
91 95 0.958084
91 96 0.647773
91 97 0.567376
91 98 0.993789
91 99 0.751174
92 93 0.622642
92 94 0.471429
92 95 0.600000
92 96 0.992481
92 97 0.267748
92 98 0.634615
92 99 0.284483
93 94 0.909524
93 95 0.729008
93 96 0.994792
93 97 0.429213
93 98 0.712687
93 99 0.426339
94 95 0.992308
94 96 0.826923
94 97 0.539749
94 98 0.860000
94 99 0.537500
95 96 0.223404
95 97 0.075000
95 98 0.954545
95 99 0.085714
96 97 0.246537
96 98 0.988889
96 99 0.266467
97 98 0.251678
97 99 0.986842
98 99 0.996139
