100 4950
0 1 0.120755
0 2 0.102564
0 3 0.203822
0 4 0.561404
0 5 0.186047
0 6 0.112676
0 7 0.101266
0 8 0.250000
0 9 0.149533
0 10 0.119850
0 11 0.285714
0 12 0.188235
0 13 0.085791
0 14 0.304762
0 15 0.082902
0 16 0.086253
0 17 0.969697
0 18 0.144796
0 19 0.264463
0 20 0.189349
0 21 0.133333
0 22 0.395062
0 23 0.533333
0 24 0.151659
0 25 0.169312
0 26 0.149533
0 27 0.246154
0 28 0.200000
0 29 0.376471
0 30 0.116788
0 31 0.450704
0 32 0.146789
0 33 0.129032
0 34 0.188235
0 35 0.164948
0 36 0.271186
0 37 0.106312
0 38 0.238806
0 39 0.111498
0 40 0.129555
0 41 0.561404
0 42 0.136170
0 43 0.108475
0 44 0.097264
0 45 0.109589
0 46 0.627451
0 47 0.139130
0 48 0.115942
0 49 0.146789
0 50 0.266667
0 51 0.320000
0 52 0.104235
0 53 0.122605
0 54 0.711111
0 55 0.157635
0 56 0.069565
0 57 0.268908
0 58 0.228571
0 59 0.210526
0 60 0.271186
0 61 0.136752
0 62 0.262295
0 63 0.206452
0 64 0.205128
0 65 0.415584
0 66 0.091168
0 67 0.101266
0 68 0.400000
0 69 0.372093
0 70 0.089636
0 71 0.110727
0 72 0.088398
0 73 0.111111
0 74 0.120301
0 75 0.137931
0 76 0.207792
0 77 0.083990
0 78 0.133891
0 79 0.091168
0 80 0.132780
0 81 0.237037
0 82 0.099071
0 83 0.113879
0 84 0.138528
0 85 0.098765
0 86 0.091691
0 87 0.139130
0 88 0.152381
0 89 0.093842
0 90 0.304762
0 91 0.119850
0 92 0.220690
0 93 0.183908
0 94 0.304762
0 95 0.092219
0 96 0.090909
0 97 0.171123
0 98 0.156863
0 99 0.271186
1 2 0.020408
1 3 0.021531
1 4 0.039130
1 5 0.020690
1 6 0.021176
1 7 0.019231
1 8 0.023560
1 9 0.042654
1 10 0.022556
1 11 0.039301
1 12 0.021429
1 13 0.021429
1 14 0.027607
1 15 0.021028
1 16 0.025641
1 17 0.031579
1 18 0.084112
1 19 0.053892
1 20 0.090000
1 21 0.033457
1 22 0.029900
1 23 0.043689
1 24 0.134328
1 25 0.021378
1 26 0.023316
1 27 0.039823
1 28 0.075000
1 29 0.049180
1 30 0.900000
1 31 0.041096
1 32 0.038462
1 33 0.035294
1 34 0.075630
1 35 0.027190
1 36 0.046632
1 37 0.017787
1 38 0.023018
1 39 0.024931
1 40 0.028939
1 41 0.032967
1 42 0.019149
1 43 0.024324
1 44 0.021687
1 45 0.089109
1 46 0.031579
1 47 0.187500
1 48 0.025788
1 49 0.018672
1 50 0.042056
1 51 0.051724
1 52 0.016484
1 53 0.017857
1 54 0.029900
1 55 0.034615
1 56 0.018868
1 57 0.050847
1 58 0.071429
1 59 0.024129
1 60 0.024259
1 61 0.025281
1 62 0.041860
1 63 0.027692
1 64 0.062500
1 65 0.043689
1 66 0.015332
1 67 0.019824
1 68 0.043902
1 69 0.025641
1 70 0.026946
1 71 0.019190
1 72 0.014925
1 73 0.033582
1 74 0.031034
1 75 0.028662
1 76 0.025424
1 77 0.019523
1 78 0.018182
1 79 0.015101
1 80 0.046154
1 81 0.022556
1 82 0.015957
1 83 0.028846
1 84 0.039823
1 85 0.150000
1 86 0.025568
1 87 0.183673
1 88 0.029412
1 89 0.031802
1 90 0.032491
1 91 0.029508
1 92 0.048913
1 93 0.020548
1 94 0.024390
1 95 0.024194
1 96 0.027027
1 97 0.022222
1 98 0.024457
1 99 0.031142
2 3 0.046703
2 4 0.047091
2 5 0.055556
2 6 0.531250
2 7 0.404762
2 8 0.066406
2 9 0.072650
2 10 0.361702
2 11 0.040670
2 12 0.070248
2 13 0.131783
2 14 0.079070
2 15 0.121429
2 16 0.079812
2 17 0.059859
2 18 0.050445
2 19 0.043038
2 20 0.046961
2 21 0.093923
2 22 0.044041
2 23 0.052795
2 24 0.045213
2 25 0.037946
2 26 0.033203
2 27 0.039171
2 28 0.051051
2 29 0.048571
2 30 0.038117
2 31 0.060932
2 32 0.080189
2 33 0.084577
2 34 0.051672
2 35 0.033730
2 36 0.062963
2 37 0.117241
2 38 0.063910
2 39 0.175258
2 40 0.125000
2 41 0.066406
2 42 0.083333
2 43 0.186813
2 44 0.257576
2 45 0.044041
2 46 0.047486
2 47 0.043147
2 48 0.163462
2 49 0.051515
2 50 0.068548
2 51 0.045946
2 52 0.070539
2 53 0.072340
2 54 0.050595
2 55 0.093923
2 56 0.081340
2 57 0.042289
2 58 0.048023
2 59 0.039171
2 60 0.046070
2 61 0.191011
2 62 0.069106
2 63 0.036797
2 64 0.055738
2 65 0.046070
2 66 0.065637
2 67 0.944444
2 68 0.045699
2 69 0.053292
2 70 0.079439
2 71 0.191011
2 72 0.059649
2 73 0.079439
2 74 0.098837
2 75 0.132812
2 76 0.101796
2 77 0.184783
2 78 0.060284
2 79 0.058621
2 80 0.065134
2 81 0.051360
2 82 0.066148
2 83 0.109677
2 84 0.075893
2 85 0.035270
2 86 0.093923
2 87 0.038724
2 88 0.125000
2 89 0.066929
2 90 0.040767
2 91 0.111111
2 92 0.064151
2 93 0.054140
2 94 0.052960
2 95 0.112583
2 96 0.081731
2 97 0.100000
2 98 0.033531
2 99 0.039627
3 4 0.174603
3 5 0.464789
3 6 0.099099
3 7 0.094286
3 8 0.302752
3 9 0.093484
3 10 0.100304
3 11 0.153488
3 12 0.257812
3 13 0.071429
3 14 0.194118
3 15 0.069474
3 16 0.067623
3 17 0.221477
3 18 0.087533
3 19 0.127907
3 20 0.101852
3 21 0.090909
3 22 0.253846
3 23 0.152778
3 24 0.089918
3 25 0.362637
3 26 0.178378
3 27 0.144105
3 28 0.104101
3 29 0.139831
3 30 0.077283
3 31 0.148649
3 32 0.094017
3 33 0.087533
3 34 0.101227
3 35 0.155660
3 36 0.123596
3 37 0.115385
3 38 0.333333
3 39 0.087071
3 40 0.093220
3 41 0.184358
3 42 0.169231
3 43 0.085938
3 44 0.081683
3 45 0.073661
3 46 0.242647
3 47 0.085714
3 48 0.089189
3 49 0.354839
3 50 0.125475
3 51 0.134694
3 52 0.136929
3 53 0.166667
3 54 0.282051
3 55 0.101227
3 56 0.059783
3 57 0.130952
3 58 0.111864
3 59 0.317308
3 60 0.647059
3 61 0.105769
3 62 0.125000
3 63 0.192982
3 64 0.106109
3 65 0.154206
3 66 0.117857
3 67 0.091667
3 68 0.152778
3 69 0.445946
3 70 0.069182
3 71 0.108553
3 72 0.118280
3 73 0.079137
3 74 0.085714
3 75 0.098802
3 76 0.160194
3 77 0.073333
3 78 0.224490
3 79 0.124528
3 80 0.085714
3 81 0.970588
3 82 0.132000
3 83 0.083969
3 84 0.089918
3 85 0.069182
3 86 0.071584
3 87 0.087302
3 88 0.105769
3 89 0.069767
3 90 0.192982
3 91 0.087071
3 92 0.112245
3 93 0.500000
3 94 0.568966
3 95 0.073333
3 96 0.070064
3 97 0.168367
3 98 0.173684
3 99 0.194118
4 5 0.114155
4 6 0.075075
4 7 0.067935
4 8 0.137363
4 9 0.109170
4 10 0.079365
4 11 0.431034
4 12 0.111111
4 13 0.060976
4 14 0.156250
4 15 0.059102
4 16 0.063291
4 17 0.280899
4 18 0.119617
4 19 0.352113
4 20 0.174825
4 21 0.093985
4 22 0.337838
4 23 0.480769
4 24 0.133690
4 25 0.127551
4 26 0.130208
4 27 0.333333
4 28 0.173611
4 29 0.471698
4 30 0.104167
4 31 0.271739
4 32 0.105042
4 33 0.092593
4 34 0.160256
4 35 0.158228
4 36 0.193798
4 37 0.070028
4 38 0.134409
4 39 0.076923
4 40 0.088968
4 41 0.233645
4 42 0.085911
4 43 0.074850
4 44 0.067385
4 45 0.090580
4 46 0.454545
4 47 0.123153
4 48 0.079618
4 49 0.095057
4 50 0.177305
4 51 0.438596
4 52 0.068871
4 53 0.079114
4 54 0.333333
4 55 0.108225
4 56 0.050607
4 57 0.373134
4 58 0.219298
4 59 0.165563
4 60 0.176056
4 61 0.089928
4 62 0.174825
4 63 0.196850
4 64 0.166667
4 65 0.961538
4 66 0.061576
4 67 0.068306
4 68 0.892857
4 69 0.195312
4 70 0.065789
4 71 0.072674
4 72 0.060096
4 73 0.081433
4 74 0.085324
4 75 0.093284
4 76 0.120192
4 77 0.059102
4 78 0.086207
4 79 0.061728
4 80 0.100000
4 81 0.142857
4 82 0.066138
4 83 0.080645
4 84 0.100806
4 85 0.086505
4 86 0.066313
4 87 0.131579
4 88 0.101215
4 89 0.070225
4 90 0.357143
4 91 0.084175
4 92 0.161290
4 93 0.113636
4 94 0.170068
4 95 0.065963
4 96 0.066667
4 97 0.102881
4 98 0.140449
4 99 0.290698
5 6 0.025362
5 7 0.024306
5 8 0.104478
5 9 0.020896
5 10 0.025362
5 11 0.027237
5 12 0.107692
5 13 0.016949
5 14 0.050000
5 15 0.016393
5 16 0.015487
5 17 0.046358
5 18 0.018519
5 19 0.024306
5 20 0.020772
5 21 0.021021
5 22 0.039548
5 23 0.030435
5 24 0.018519
5 25 0.043478
5 26 0.027559
5 27 0.025547
5 28 0.021605
5 29 0.027344
5 30 0.015766
5 31 0.031532
5 32 0.021277
5 33 0.019943
5 34 0.021148
5 35 0.025455
5 36 0.026616
5 37 0.032258
5 38 0.127273
5 39 0.020958
5 40 0.022082
5 41 0.040936
5 42 0.055556
5 43 0.020710
5 44 0.019830
5 45 0.015556
5 46 0.040936
5 47 0.017632
5 48 0.021407
5 49 0.148936
5 50 0.027668
5 51 0.025926
5 52 0.040698
5 53 0.054688
5 54 0.048276
5 55 0.023411
5 56 0.013917
5 57 0.024561
5 58 0.022654
5 59 0.040698
5 60 0.064815
5 61 0.026316
5 62 0.027668
5 63 0.030172
5 64 0.022436
5 65 0.028807
5 66 0.033019
5 67 0.023333
5 68 0.028571
5 69 0.076923
5 70 0.015837
5 71 0.029289
5 72 0.032710
5 73 0.017995
5 74 0.019830
5 75 0.023649
5 76 0.043478
5 77 0.017722
5 78 0.087500
5 79 0.035000
5 80 0.018919
5 81 0.132075
5 82 0.038462
5 83 0.019608
5 84 0.020231
5 85 0.014170
5 86 0.016588
5 87 0.017456
5 88 0.025455
5 89 0.015695
5 90 0.031818
5 91 0.020349
5 92 0.024390
5 93 0.875000
5 94 0.094595
5 95 0.017199
5 96 0.016055
5 97 0.051095
5 98 0.027132
5 99 0.031390
6 7 0.627907
6 8 0.120000
6 9 0.121622
6 10 0.964286
6 11 0.069231
6 12 0.127358
6 13 0.180000
6 14 0.145946
6 15 0.166667
6 16 0.120000
6 17 0.105882
6 18 0.083591
6 19 0.072973
6 20 0.078947
6 21 0.156069
6 22 0.075843
6 23 0.091216
6 24 0.075000
6 25 0.064904
6 26 0.056133
6 27 0.066339
6 28 0.085987
6 29 0.083077
6 30 0.062645
6 31 0.106719
6 32 0.134328
6 33 0.138462
6 34 0.086817
6 35 0.056962
6 36 0.108871
6 37 0.212598
6 38 0.114894
6 39 0.270000
6 40 0.209302
6 41 0.118421
6 42 0.152542
6 43 0.278351
6 44 0.313953
6 45 0.071618
6 46 0.082067
6 47 0.071429
6 48 0.259615
6 49 0.089701
6 50 0.120000
6 51 0.078488
6 52 0.122727
6 53 0.129187
6 54 0.088235
6 55 0.160714
6 56 0.114894
6 57 0.071809
6 58 0.081325
6 59 0.066998
6 60 0.079882
6 61 0.385714
6 62 0.121076
6 63 0.062500
6 64 0.094406
6 65 0.078947
6 66 0.111570
6 67 0.818182
6 68 0.078261
6 69 0.093750
6 70 0.120536
6 71 0.385714
6 72 0.101124
6 73 0.126168
6 74 0.159763
6 75 0.230769
6 76 0.198529
6 77 0.223140
6 78 0.106299
6 79 0.099631
6 80 0.107143
6 81 0.090000
6 82 0.114407
6 83 0.173077
6 84 0.125581
6 85 0.057569
6 86 0.140625
6 87 0.064286
6 88 0.225000
6 89 0.104651
6 90 0.069588
6 91 0.178808
6 92 0.109756
6 93 0.095406
6 94 0.093426
6 95 0.163636
6 96 0.124424
6 97 0.194245
6 98 0.056604
6 99 0.067500
7 8 0.098361
7 9 0.090566
7 10 0.342857
7 11 0.056471
7 12 0.107143
7 13 0.142857
7 14 0.111628
7 15 0.134831
7 16 0.094488
7 17 0.083916
7 18 0.065574
7 19 0.058680
7 20 0.062500
7 21 0.111628
7 22 0.062338
7 23 0.072072
7 24 0.059701
7 25 0.055046
7 26 0.047337
7 27 0.054299
7 28 0.067416
7 29 0.066116
7 30 0.050740
7 31 0.082192
7 32 0.098765
7 33 0.101695
7 34 0.067989
7 35 0.047619
7 36 0.083333
7 37 0.224299
7 38 0.095238
7 39 0.176471
7 40 0.141176
7 41 0.091603
7 42 0.136364
7 43 0.183206
7 44 0.224299
7 45 0.057279
7 46 0.066852
7 47 0.057143
7 48 0.170213
7 49 0.078176
7 50 0.090226
7 51 0.062663
7 52 0.117647
7 53 0.118227
7 54 0.071642
7 55 0.114286
7 56 0.098361
7 57 0.057971
7 58 0.064343
7 59 0.056206
7 60 0.066667
7 61 0.214286
7 62 0.090909
7 63 0.052061
7 64 0.073171
7 65 0.063325
7 66 0.109091
7 67 0.960000
7 68 0.062827
7 69 0.077170
7 70 0.094118
7 71 0.444444
7 72 0.097561
7 73 0.095238
7 74 0.114833
7 75 0.150943
7 76 0.146341
7 77 0.192000
7 78 0.094488
7 79 0.095238
7 80 0.081633
7 81 0.075472
7 82 0.109589
7 83 0.123711
7 84 0.093385
7 85 0.046967
7 86 0.108108
7 87 0.051948
7 88 0.148148
7 89 0.081633
7 90 0.057279
7 91 0.126316
7 92 0.083333
7 93 0.081356
7 94 0.077170
7 95 0.124352
7 96 0.096386
7 97 0.154839
7 98 0.047619
7 99 0.055684
8 9 0.044444
8 10 0.054299
8 11 0.052174
8 12 0.272727
8 13 0.033803
8 14 0.162162
8 15 0.032609
8 16 0.031008
8 17 0.120000
8 18 0.037855
8 19 0.048387
8 20 0.042403
8 21 0.044776
8 22 0.074074
8 23 0.066667
8 24 0.037267
8 25 0.062176
8 26 0.044776
8 27 0.048387
8 28 0.044944
8 29 0.057143
8 30 0.030691
8 31 0.072727
8 32 0.045627
8 33 0.042105
8 34 0.043956
8 35 0.043478
8 36 0.059406
8 37 0.061538
8 38 0.923077
8 39 0.043956
8 40 0.047431
8 41 0.108108
8 42 0.105263
8 43 0.043165
8 44 0.040541
8 45 0.030848
8 46 0.082759
8 47 0.035088
8 48 0.045283
8 49 0.108108
8 50 0.063158
8 51 0.053097
8 52 0.065934
8 53 0.088889
8 54 0.102564
8 55 0.051502
8 56 0.026966
8 57 0.048780
8 58 0.046693
8 59 0.064516
8 60 0.101695
8 61 0.058252
8 62 0.063158
8 63 0.051948
8 64 0.047619
8 65 0.058824
8 66 0.053333
8 67 0.047431
8 68 0.058252
8 69 0.164384
8 70 0.031746
8 71 0.059406
8 72 0.051064
8 73 0.037152
8 74 0.041812
8 75 0.051724
8 76 0.121212
8 77 0.035088
8 78 0.105263
8 79 0.053571
8 80 0.039474
8 81 0.157895
8 82 0.060914
8 83 0.040956
8 84 0.042857
8 85 0.027273
8 86 0.033426
8 87 0.034091
8 88 0.056872
8 89 0.031496
8 90 0.058824
8 91 0.043011
8 92 0.053571
8 93 0.164384
8 94 0.176471
8 95 0.034682
8 96 0.032345
8 97 0.131868
8 98 0.044944
8 99 0.056872
9 10 0.102564
9 11 0.073260
9 12 0.068259
9 13 0.093458
9 14 0.101523
9 15 0.089286
9 16 0.117647
9 17 0.096154
9 18 0.190476
9 19 0.090090
9 20 0.132450
9 21 0.338983
9 22 0.068729
9 23 0.112994
9 24 0.132450
9 25 0.049751
9 26 0.047733
9 27 0.070423
9 28 0.162602
9 29 0.105820
9 30 0.092593
9 31 0.138889
9 32 0.869565
9 33 0.408163
9 34 0.175439
9 35 0.051948
9 36 0.198020
9 37 0.061920
9 38 0.071174
9 39 0.133333
9 40 0.200000
9 41 0.114286
9 42 0.063492
9 43 0.125786
9 44 0.098039
9 45 0.129032
9 46 0.076336
9 47 0.120482
9 48 0.144928
9 49 0.052770
9 50 0.210526
9 51 0.099010
9 52 0.051680
9 53 0.056657
9 54 0.077519
9 55 0.357143
9 56 0.070423
9 57 0.085837
9 58 0.127389
9 59 0.054645
9 60 0.061350
9 61 0.129870
9 62 0.215054
9 63 0.056180
9 64 0.206186
9 65 0.090498
9 66 0.047281
9 67 0.080645
9 68 0.089686
9 69 0.071174
9 70 0.129870
9 71 0.072202
9 72 0.045045
9 73 0.250000
9 74 0.243902
9 75 0.188679
9 76 0.102564
9 77 0.079681
9 78 0.054496
9 79 0.045351
9 80 0.540541
9 81 0.061920
9 82 0.049261
9 83 0.192308
9 84 0.952381
9 85 0.080321
9 86 0.126582
9 87 0.091743
9 88 0.190476
9 89 0.156250
9 90 0.066890
9 91 0.208333
9 92 0.266667
9 93 0.058651
9 94 0.067568
9 95 0.116959
9 96 0.132450
9 97 0.081301
9 98 0.049140
9 99 0.063694
10 11 0.112903
10 12 0.197183
10 13 0.300000
10 14 0.242775
10 15 0.274510
10 16 0.204878
10 17 0.175000
10 18 0.141892
10 19 0.120344
10 20 0.132492
10 21 0.287671
10 22 0.122807
10 23 0.152727
10 24 0.126126
10 25 0.102439
10 26 0.089362
10 27 0.108247
10 28 0.145329
10 29 0.138614
10 30 0.103960
10 31 0.181034
10 32 0.242775
10 33 0.250000
10 34 0.147368
10 35 0.091304
10 36 0.187500
10 37 0.281879
10 38 0.181818
10 39 0.538462
10 40 0.411765
10 41 0.199052
10 42 0.224599
10 43 0.545455
10 44 0.545455
10 45 0.120344
10 46 0.133758
10 47 0.119318
10 48 0.531646
10 49 0.137705
10 50 0.207921
10 51 0.130031
10 52 0.177215
10 53 0.189189
10 54 0.143345
10 55 0.297872
10 56 0.183406
10 57 0.118310
10 58 0.136364
10 59 0.106870
10 60 0.127273
10 61 0.976744
10 62 0.210000
10 63 0.100239
10 64 0.161538
10 65 0.130031
10 66 0.160305
10 67 0.750000
10 68 0.128834
10 69 0.150538
10 70 0.206897
10 71 0.451613
10 72 0.146341
10 73 0.223404
10 74 0.293706
10 75 0.466667
10 76 0.333333
10 77 0.344262
10 78 0.160305
10 79 0.145329
10 80 0.186667
10 81 0.141892
10 82 0.165354
10 83 0.320611
10 84 0.224599
10 85 0.095023
10 86 0.244186
10 87 0.106329
10 88 0.451613
10 89 0.179487
10 90 0.112903
10 91 0.336000
10 92 0.190909
10 93 0.148410
10 94 0.148410
10 95 0.283784
10 96 0.214286
10 97 0.300000
10 98 0.090517
10 99 0.109091
11 12 0.065934
11 13 0.038877
11 14 0.083333
11 15 0.037815
11 16 0.040724
11 17 0.125000
11 18 0.076923
11 19 0.276923
11 20 0.113208
11 21 0.057143
11 22 0.211765
11 23 0.176471
11 24 0.090000
11 25 0.091837
11 26 0.111111
11 27 0.947368
11 28 0.105263
11 29 0.211765
11 30 0.075630
11 31 0.124138
11 32 0.063158
11 33 0.056782
11 34 0.098361
11 35 0.155172
11 36 0.102273
11 37 0.043689
11 38 0.077253
11 39 0.047493
11 40 0.053892
11 41 0.109756
11 42 0.052632
11 43 0.046392
11 44 0.042254
11 45 0.061644
11 46 0.206897
11 47 0.084906
11 48 0.049046
11 49 0.060403
11 50 0.094241
11 51 0.243243
11 52 0.043796
11 53 0.049451
11 54 0.156522
11 55 0.063830
11 56 0.032967
11 57 0.333333
11 58 0.134328
11 59 0.121622
11 60 0.109756
11 61 0.053731
11 62 0.093264
11 63 0.183673
11 64 0.097297
11 65 0.339623
11 66 0.039560
11 67 0.042553
11 68 0.352941
11 69 0.107784
11 70 0.042254
11 71 0.045000
11 72 0.038877
11 73 0.051136
11 74 0.052478
11 75 0.055901
11 76 0.068182
11 77 0.037578
11 78 0.054054
11 79 0.039911
11 80 0.062284
11 81 0.086124
11 82 0.042254
11 83 0.049861
11 84 0.061433
11 85 0.063158
11 86 0.042254
11 87 0.098901
11 88 0.059603
11 89 0.045226
11 90 0.360000
11 91 0.051724
11 92 0.090909
11 93 0.070039
11 94 0.097826
11 95 0.041860
11 96 0.042654
11 97 0.060606
11 98 0.123288
11 99 0.295082
12 13 0.116809
12 14 0.410000
12 15 0.112329
12 16 0.103797
12 17 0.290780
12 18 0.117143
12 19 0.141379
12 20 0.127726
12 21 0.144876
12 22 0.201970
12 23 0.185520
12 24 0.114525
12 25 0.188073
12 26 0.135762
12 27 0.140893
12 28 0.135314
12 29 0.163347
12 30 0.095571
12 31 0.202970
12 32 0.144876
12 33 0.135762
12 34 0.133117
12 35 0.130573
12 36 0.174468
12 37 0.256250
12 38 0.976190
12 39 0.149635
12 40 0.156489
12 41 0.277027
12 42 0.554054
12 43 0.147482
12 44 0.141379
12 45 0.097156
12 46 0.218085
12 47 0.108179
12 48 0.152985
12 49 0.436170
12 50 0.185520
12 51 0.152985
12 52 0.294964
12 53 0.445652
12 54 0.257862
12 55 0.164000
12 56 0.092971
12 57 0.141869
12 58 0.138514
12 59 0.187215
12 60 0.273333
12 61 0.199029
12 62 0.185520
12 63 0.151852
12 64 0.143357
12 65 0.165992
12 66 0.225275
12 67 0.173729
12 68 0.164659
12 69 0.362832
12 70 0.105943
12 71 0.231638
12 72 0.213542
12 73 0.120944
12 74 0.136667
12 75 0.170124
12 76 0.390476
12 77 0.123494
12 78 0.532468
12 79 0.225275
12 80 0.124620
12 81 0.410000
12 82 0.266234
12 83 0.135762
12 84 0.136213
12 85 0.085954
12 86 0.112329
12 87 0.104592
12 88 0.185520
12 89 0.103535
12 90 0.167347
12 91 0.141869
12 92 0.160156
12 93 0.569444
12 94 0.398058
12 95 0.117816
12 96 0.107895
12 97 0.554054
12 98 0.135314
12 99 0.162698
13 14 0.043919
13 15 0.928571
13 16 0.126214
13 17 0.037037
13 18 0.041401
13 19 0.030660
13 20 0.035714
13 21 0.082278
13 22 0.028698
13 23 0.035912
13 24 0.035813
13 25 0.024209
13 26 0.022222
13 27 0.027197
13 28 0.038806
13 29 0.033943
13 30 0.030733
13 31 0.040752
13 32 0.067010
13 33 0.077844
13 34 0.039755
13 35 0.023009
13 36 0.044521
13 37 0.047619
13 38 0.035519
13 39 0.149425
13 40 0.100000
13 41 0.040881
13 42 0.039877
13 43 0.162500
13 44 0.200000
13 45 0.038012
13 46 0.030660
13 47 0.034483
13 48 0.132653
13 49 0.029279
13 50 0.047445
13 51 0.032419
13 52 0.035230
13 53 0.036212
13 54 0.031941
13 55 0.070652
13 56 0.142857
13 57 0.030023
13 58 0.035519
13 59 0.025292
13 60 0.028509
13 61 0.086667
13 62 0.047794
13 63 0.024621
13 64 0.042208
13 65 0.031630
13 66 0.033592
13 67 0.090278
13 68 0.031477
13 69 0.032178
13 70 0.115044
13 71 0.059908
13 72 0.031477
13 73 0.084416
13 74 0.097744
13 75 0.091549
13 76 0.050584
13 77 0.220339
13 78 0.032338
13 79 0.031100
13 80 0.057522
13 81 0.030374
13 82 0.033766
13 83 0.117117
13 84 0.065990
13 85 0.029083
13 86 0.162500
13 87 0.030093
13 88 0.079268
13 89 0.078313
13 90 0.027368
13 91 0.107438
13 92 0.047101
13 93 0.030879
13 94 0.031630
13 95 0.260000
13 96 0.120370
13 97 0.046595
13 98 0.022530
13 99 0.026531
14 15 0.161290
14 16 0.156740
14 17 0.684932
14 18 0.199203
14 19 0.233645
14 20 0.220264
14 21 0.255102
14 22 0.292398
14 23 0.362319
14 24 0.190840
14 25 0.207469
14 26 0.168350
14 27 0.213675
14 28 0.241546
14 29 0.294118
14 30 0.149701
14 31 0.458716
14 32 0.263158
14 33 0.235849
14 34 0.236967
14 35 0.172414
14 36 0.364964
14 37 0.251256
14 38 0.581395
14 39 0.236967
14 40 0.270270
14 41 0.862069
14 42 0.344828
14 43 0.230415
14 44 0.205761
14 45 0.155280
14 46 0.344828
14 47 0.176678
14 48 0.247525
14 49 0.273224
14 50 0.413223
14 51 0.264550
14 52 0.226244
14 53 0.280899
14 54 0.413223
14 55 0.312500
14 56 0.129199
14 57 0.231481
14 58 0.243902
14 59 0.226244
14 60 0.312500
14 61 0.337838
14 62 0.413223
14 63 0.201613
14 64 0.265957
14 65 0.284091
14 66 0.190114
14 67 0.230415
14 68 0.279330
14 69 0.458716
14 70 0.162338
14 71 0.270270
14 72 0.179856
14 73 0.199203
14 74 0.230415
14 75 0.303030
14 76 0.980392
14 77 0.170648
14 78 0.284091
14 79 0.184502
14 80 0.215517
14 81 0.364964
14 82 0.209205
14 83 0.223214
14 84 0.241546
14 85 0.130890
14 86 0.171821
14 87 0.165563
14 88 0.352113
14 89 0.162338
14 90 0.243902
14 91 0.238095
14 92 0.320513
14 93 0.342466
14 94 0.431034
14 95 0.177936
14 96 0.165563
14 97 0.581395
14 98 0.171233
14 99 0.230415
15 16 0.543689
15 17 0.153425
15 18 0.173375
15 19 0.128440
15 20 0.149733
15 21 0.331361
15 22 0.120172
15 23 0.149333
15 24 0.150538
15 25 0.101633
15 26 0.093645
15 27 0.114286
15 28 0.161850
15 29 0.141414
15 30 0.129930
15 31 0.168675
15 32 0.274510
15 33 0.316384
15 34 0.166172
15 35 0.096886
15 36 0.184211
15 37 0.197183
15 38 0.147757
15 39 0.560000
15 40 0.394366
15 41 0.169184
15 42 0.165680
15 43 0.602151
15 44 0.727273
15 45 0.160920
15 46 0.128146
15 47 0.145078
15 48 0.504505
15 49 0.122538
15 50 0.195804
15 51 0.135593
15 52 0.147368
15 53 0.150943
15 54 0.133017
15 55 0.287179
15 56 0.727273
15 57 0.125843
15 58 0.148541
15 59 0.106061
15 60 0.119149
15 61 0.341463
15 62 0.197183
15 63 0.103512
15 64 0.176101
15 65 0.132388
15 66 0.141058
15 67 0.361290
15 68 0.131455
15 69 0.133971
15 70 0.491228
15 71 0.245614
15 72 0.132388
15 73 0.345679
15 74 0.391608
15 75 0.361290
15 76 0.207407
15 77 0.888889
15 78 0.134940
15 79 0.130536
15 80 0.239316
15 81 0.126697
15 82 0.141414
15 83 0.462810
15 84 0.271845
15 85 0.123348
15 86 0.674699
15 87 0.126984
15 88 0.316384
15 89 0.331361
15 90 0.114754
15 91 0.424242
15 92 0.195122
15 93 0.129032
15 94 0.131765
15 95 0.982456
15 96 0.509091
15 97 0.191781
15 98 0.094915
15 99 0.111332
16 17 0.047753
16 18 0.067729
16 19 0.043367
16 20 0.053968
16 21 0.129771
16 22 0.037694
16 23 0.049419
16 24 0.056106
16 25 0.030797
16 26 0.029210
16 27 0.037445
16 28 0.058621
16 29 0.047486
16 30 0.048295
16 31 0.055556
16 32 0.108280
16 33 0.134921
16 34 0.060932
16 35 0.030741
16 36 0.063670
16 37 0.048295
16 38 0.042607
16 39 0.131783
16 40 0.125926
16 41 0.052795
16 42 0.043928
16 43 0.131783
16 44 0.114094
16 45 0.065134
16 46 0.040380
16 47 0.054313
16 48 0.129771
16 49 0.034765
16 50 0.066667
16 51 0.045699
16 52 0.038549
16 53 0.040189
16 54 0.041363
16 55 0.101190
16 56 0.132812
16 57 0.042184
16 58 0.052308
16 59 0.032630
16 60 0.036093
16 61 0.088083
16 62 0.067194
16 63 0.032692
16 64 0.064151
16 65 0.043702
16 66 0.036481
16 67 0.073913
16 68 0.043367
16 69 0.040284
16 70 0.944444
16 71 0.057627
16 72 0.034623
16 73 0.184783
16 74 0.161905
16 75 0.108974
16 76 0.058219
16 77 0.104938
16 78 0.037199
16 79 0.034413
16 80 0.103030
16 81 0.037363
16 82 0.037037
16 83 0.178947
16 84 0.113333
16 85 0.046196
16 86 0.515152
16 87 0.045699
16 88 0.096045
16 89 0.236111
16 90 0.036638
16 91 0.155963
16 92 0.069672
16 93 0.037118
16 94 0.039261
16 95 0.274194
16 96 0.850000
16 97 0.051829
16 98 0.029772
16 99 0.035491
17 18 0.147826
17 19 0.226667
17 20 0.181818
17 21 0.150442
17 22 0.330097
17 23 0.419753
17 24 0.149780
17 25 0.173469
17 26 0.145299
17 27 0.209877
17 28 0.195402
17 29 0.309091
17 30 0.115646
17 31 0.459459
17 32 0.162679
17 33 0.143460
17 34 0.186813
17 35 0.153846
17 36 0.285714
17 37 0.126394
17 38 0.317757
17 39 0.128302
17 40 0.148472
17 41 0.971429
17 42 0.166667
17 43 0.125000
17 44 0.111842
17 45 0.112211
17 46 0.453333
17 47 0.137652
17 48 0.133858
17 49 0.171717
17 50 0.295652
17 51 0.267717
17 52 0.122744
17 53 0.147186
17 54 0.607143
17 55 0.179894
17 56 0.077273
17 57 0.226667
17 58 0.213836
17 59 0.204819
17 60 0.288136
17 61 0.163462
17 62 0.293103
17 63 0.188889
17 64 0.207317
17 65 0.314815
17 66 0.105919
17 67 0.118467
17 68 0.306306
17 69 0.447368
17 70 0.098837
17 71 0.131783
17 72 0.102410
17 73 0.122744
17 74 0.134921
17 75 0.160377
17 76 0.276423
17 77 0.095775
17 78 0.159624
17 79 0.105263
17 80 0.142857
17 81 0.278689
17 82 0.115646
17 83 0.128788
17 84 0.152466
17 85 0.099125
17 86 0.102102
17 87 0.134387
17 88 0.179894
17 89 0.102410
17 90 0.253731
17 91 0.136000
17 92 0.232877
17 93 0.220779
17 94 0.365591
17 95 0.103659
17 96 0.100592
17 97 0.220779
17 98 0.149780
17 99 0.232877
18 19 0.298246
18 20 0.662338
18 21 0.312883
18 22 0.180851
18 23 0.307229
18 24 0.980769
18 25 0.126551
18 26 0.129442
18 27 0.213389
18 28 0.784615
18 29 0.322785
18 30 0.459459
18 31 0.324841
18 32 0.398438
18 33 0.342282
18 34 0.944444
18 35 0.146132
18 36 0.439655
18 37 0.123487
18 38 0.155488
18 39 0.200000
18 40 0.248780
18 41 0.245192
18 42 0.131105
18 43 0.193916
18 44 0.165049
18 45 0.698630
18 46 0.197674
18 47 0.809524
18 48 0.209877
18 49 0.120000
18 50 0.392308
18 51 0.314815
18 52 0.109914
18 53 0.120000
18 54 0.193182
18 55 0.326923
18 56 0.136000
18 57 0.278689
18 58 0.510000
18 59 0.142061
18 60 0.150888
18 61 0.200787
18 62 0.389313
18 63 0.155015
18 64 0.761194
18 65 0.267016
18 66 0.101392
18 67 0.145714
18 68 0.265625
18 69 0.167763
18 70 0.217949
18 71 0.137097
18 72 0.097701
18 73 0.309091
18 74 0.277174
18 75 0.244019
18 76 0.190299
18 77 0.144068
18 78 0.119718
18 79 0.098646
18 80 0.566667
18 81 0.144886
18 82 0.105809
18 83 0.247573
18 84 0.425000
18 85 0.349315
18 86 0.204819
18 87 0.421488
18 88 0.250000
18 89 0.269841
18 90 0.186131
18 91 0.256281
18 92 0.531250
18 93 0.133508
18 94 0.158385
18 95 0.190299
18 96 0.218884
18 97 0.158879
18 98 0.134921
18 99 0.177083
19 20 0.126316
19 21 0.044444
19 22 0.088889
19 23 0.155844
19 24 0.088889
19 25 0.047059
19 26 0.052863
19 27 0.173913
19 28 0.109091
19 29 0.255319
19 30 0.068182
19 31 0.101695
19 32 0.050633
19 33 0.044610
19 34 0.098361
19 35 0.067416
19 36 0.090226
19 37 0.029126
19 38 0.047431
19 39 0.034884
19 40 0.040541
19 41 0.076923
19 42 0.033994
19 43 0.033994
19 44 0.030457
19 45 0.052632
19 46 0.097561
19 47 0.081633
19 48 0.036145
19 49 0.036036
19 50 0.078431
19 51 0.444444
19 52 0.028103
19 53 0.031496
19 54 0.082759
19 55 0.049793
19 56 0.023857
19 57 0.923077
19 58 0.166667
19 59 0.057971
19 60 0.057143
19 61 0.038835
19 62 0.077419
19 63 0.073620
19 64 0.093750
19 65 0.260870
19 66 0.025532
19 67 0.029777
19 68 0.272727
19 69 0.060302
19 70 0.031915
19 71 0.030612
19 72 0.024948
19 73 0.039867
19 74 0.040268
19 75 0.041812
19 76 0.046693
19 77 0.026906
19 78 0.033426
19 79 0.025478
19 80 0.051502
19 81 0.048980
19 82 0.027088
19 83 0.037855
19 84 0.049587
19 85 0.053571
19 86 0.031662
19 87 0.097561
19 88 0.044610
19 89 0.034985
19 90 0.107143
19 91 0.039216
19 92 0.079470
19 93 0.041379
19 94 0.055300
19 95 0.031008
19 96 0.032258
19 97 0.040134
19 98 0.057143
19 99 0.096000
20 21 0.140777
20 22 0.134259
20 23 0.266055
20 24 0.659091
20 25 0.085799
20 26 0.090343
20 27 0.177914
20 28 0.966667
20 29 0.318681
20 30 0.268519
20 31 0.241667
20 32 0.169591
20 33 0.145729
20 34 0.763158
20 35 0.106227
20 36 0.292929
20 37 0.070388
20 38 0.099315
20 39 0.098976
20 40 0.119835
20 41 0.166667
20 42 0.077957
20 43 0.096026
20 44 0.083815
20 45 0.216418
20 46 0.148718
20 47 0.467742
20 48 0.103571
20 49 0.075521
20 50 0.241667
20 51 0.322222
20 52 0.064732
20 53 0.071605
20 54 0.139423
20 55 0.155080
20 56 0.066820
20 57 0.271028
20 58 0.966667
20 59 0.098976
20 60 0.103571
20 61 0.105839
20 62 0.237705
20 63 0.113281
20 64 0.491525
20 65 0.237705
20 66 0.059184
20 67 0.077748
20 68 0.237705
20 69 0.113725
20 70 0.097315
20 71 0.076517
20 72 0.057426
20 73 0.128889
20 74 0.125000
20 75 0.120833
20 76 0.112403
20 77 0.073232
20 78 0.073232
20 79 0.058233
20 80 0.192053
20 81 0.095710
20 82 0.062232
20 83 0.114625
20 84 0.170588
20 85 0.184713
20 86 0.094463
20 87 0.367089
20 88 0.127753
20 89 0.111969
20 90 0.143564
20 91 0.118852
20 92 0.298969
20 93 0.085294
20 94 0.106227
20 95 0.090343
20 96 0.097973
20 97 0.094156
20 98 0.095395
20 99 0.134259
21 22 0.068750
21 23 0.102326
21 24 0.105263
21 25 0.052133
21 26 0.048673
21 27 0.067073
21 28 0.123596
21 29 0.094828
21 30 0.080586
21 31 0.125714
21 32 0.594595
21 33 0.956522
21 34 0.129412
21 35 0.052009
21 36 0.157143
21 37 0.077193
21 38 0.078571
21 39 0.239130
21 40 0.488889
21 41 0.115183
21 42 0.075342
21 43 0.217822
21 44 0.150685
21 45 0.106796
21 46 0.075862
21 47 0.098214
21 48 0.268293
21 49 0.058667
21 50 0.174603
21 51 0.088710
21 52 0.061281
21 53 0.066667
21 54 0.078571
21 55 0.578947
21 56 0.094421
21 57 0.078571
21 58 0.105263
21 59 0.056410
21 60 0.064140
21 61 0.200000
21 62 0.177419
21 63 0.056410
21 64 0.146667
21 65 0.083969
21 66 0.056122
21 67 0.112245
21 68 0.083333
21 69 0.074830
21 70 0.186441
21 71 0.094017
21 72 0.053140
21 73 0.385965
21 74 0.785714
21 75 0.379310
21 76 0.122222
21 77 0.113990
21 78 0.062323
21 79 0.053269
21 80 0.271605
21 81 0.066667
21 82 0.058355
21 83 0.458333
21 84 0.500000
21 85 0.072131
21 86 0.196429
21 87 0.079710
21 88 0.328358
21 89 0.192982
21 90 0.065868
21 91 0.578947
21 92 0.183333
21 93 0.064706
21 94 0.071895
21 95 0.186441
21 96 0.196429
21 97 0.097345
21 98 0.049887
21 99 0.063037
22 23 0.243697
22 24 0.111969
22 25 0.235772
22 26 0.218045
22 27 0.290000
22 28 0.133641
22 29 0.230159
22 30 0.093548
22 31 0.195946
22 32 0.097643
22 33 0.088415
22 34 0.127193
22 35 0.243697
22 36 0.151042
22 37 0.081921
22 38 0.179012
22 39 0.079019
22 40 0.088415
22 41 0.213235
22 42 0.105455
22 43 0.077540
22 44 0.071253
22 45 0.083095
22 46 0.966667
22 47 0.105455
22 48 0.081461
22 49 0.134884
22 50 0.146465
22 51 0.226562
22 52 0.085546
22 53 0.098976
22 54 0.580000
22 55 0.102113
22 56 0.053604
22 57 0.228346
22 58 0.155080
22 59 0.371795
22 60 0.367089
22 61 0.093248
22 62 0.145000
22 63 0.376623
22 64 0.131222
22 65 0.302083
22 66 0.075916
22 67 0.074935
22 68 0.302083
22 69 0.318681
22 70 0.066362
22 71 0.082386
22 72 0.074935
22 73 0.079019
22 74 0.083573
22 75 0.092949
22 76 0.131222
22 77 0.063319
22 78 0.113725
22 79 0.077333
22 80 0.092063
22 81 0.230159
22 82 0.082386
22 83 0.080332
22 84 0.093851
22 85 0.080780
22 86 0.067442
22 87 0.112840
22 88 0.100000
22 89 0.069212
22 90 0.659091
22 91 0.083333
22 92 0.132420
22 93 0.164773
22 94 0.276190
22 95 0.067757
22 96 0.067130
22 97 0.119835
22 98 0.233871
22 99 0.580000
23 24 0.203947
23 25 0.130252
23 26 0.127572
23 27 0.267241
23 28 0.303922
23 29 0.968750
23 30 0.144186
23 31 0.704545
23 32 0.165775
23 33 0.141553
23 34 0.274336
23 35 0.148325
23 36 0.397436
23 37 0.092262
23 38 0.164894
23 39 0.111111
23 40 0.133047
23 41 0.387500
23 42 0.110714
23 43 0.108014
23 44 0.095092
23 45 0.131915
23 46 0.333333
23 47 0.182353
23 48 0.116105
23 49 0.112319
23 50 0.344444
23 51 0.596154
23 52 0.087324
23 53 0.100000
23 54 0.310000
23 55 0.170330
23 56 0.069663
23 57 0.378049
23 58 0.382716
23 59 0.158163
23 60 0.178161
23 61 0.130802
23 62 0.336957
23 63 0.173184
23 64 0.300971
23 65 0.632653
23 66 0.077889
23 67 0.094512
23 68 0.596154
23 69 0.212329
23 70 0.094225
23 71 0.098413
23 72 0.075426
23 73 0.121094
23 74 0.127572
23 75 0.140271
23 76 0.171271
23 77 0.081794
23 78 0.105802
23 79 0.077114
23 80 0.155779
23 81 0.158974
23 82 0.083333
23 83 0.119231
23 84 0.157360
23 85 0.116981
23 86 0.095092
23 87 0.180233
23 88 0.154229
23 89 0.101639
23 90 0.254098
23 91 0.125506
23 92 0.300971
23 93 0.133047
23 94 0.187879
23 95 0.093939
23 96 0.095679
23 97 0.139013
23 98 0.134783
23 99 0.226277
24 25 0.052356
24 26 0.055402
24 27 0.099010
24 28 0.357143
24 29 0.148148
24 30 0.270270
24 31 0.126582
24 32 0.115607
24 33 0.101523
24 34 0.377358
24 35 0.064103
24 36 0.156250
24 37 0.045558
24 38 0.060423
24 39 0.066890
24 40 0.080645
24 41 0.094340
24 42 0.049383
24 43 0.064935
24 44 0.056657
24 45 0.215054
24 46 0.083682
24 47 0.952381
24 48 0.069686
24 49 0.047059
24 50 0.136054
24 51 0.150376
24 52 0.041580
24 53 0.045455
24 54 0.079681
24 55 0.102041
24 56 0.046948
24 57 0.136054
24 58 0.270270
24 59 0.059524
24 60 0.061728
24 61 0.068966
24 62 0.135135
24 63 0.067340
24 64 0.256410
24 65 0.121212
24 66 0.038314
24 67 0.051414
24 68 0.121212
24 69 0.067340
24 70 0.069930
24 71 0.049628
24 72 0.037106
24 73 0.093023
24 74 0.086580
24 75 0.080000
24 76 0.069444
24 77 0.049875
24 78 0.046083
24 79 0.037594
24 80 0.142857
24 81 0.057803
24 82 0.040080
24 83 0.079051
24 84 0.119760
24 85 0.166667
24 86 0.066667
24 87 0.285714
24 88 0.082988
24 89 0.082988
24 90 0.081967
24 91 0.081301
24 92 0.170940
24 93 0.052493
24 94 0.063291
24 95 0.063091
24 96 0.070175
24 97 0.058997
24 98 0.057971
24 99 0.077519
25 26 0.466019
25 27 0.234146
25 28 0.141593
25 29 0.193548
25 30 0.111628
25 31 0.184615
25 32 0.118812
25 33 0.110855
25 34 0.137143
25 35 0.328767
25 36 0.156863
25 37 0.127660
25 38 0.259459
25 39 0.106195
25 40 0.114014
25 41 0.207792
25 42 0.167832
25 43 0.104803
25 44 0.099379
25 45 0.101911
25 46 0.328767
25 47 0.120907
25 48 0.108597
25 49 0.274286
25 50 0.155844
25 51 0.192000
25 52 0.145897
25 53 0.166667
25 54 0.331034
25 55 0.124675
25 56 0.076555
25 57 0.195918
25 58 0.155340
25 59 0.979592
25 60 0.585366
25 61 0.123711
25 62 0.155340
25 63 0.413793
25 64 0.141176
25 65 0.220183
25 66 0.131148
25 67 0.107865
25 68 0.220183
25 69 0.360902
25 70 0.089054
25 71 0.122137
25 72 0.131868
25 73 0.101480
25 74 0.107383
25 75 0.119403
25 76 0.169014
25 77 0.090395
25 78 0.205128
25 79 0.137536
25 80 0.111628
25 81 0.403361
25 82 0.142433
25 83 0.104803
25 84 0.114833
25 85 0.100209
25 86 0.091082
25 87 0.127660
25 88 0.126649
25 89 0.090909
25 90 0.328767
25 91 0.108108
25 92 0.143713
25 93 0.307692
25 94 0.375000
25 95 0.092308
25 96 0.090056
25 97 0.170213
25 98 0.424779
25 99 0.350365
26 27 0.111801
26 28 0.054545
26 29 0.075314
26 30 0.045570
26 31 0.064982
26 32 0.042155
26 33 0.039301
26 34 0.052632
26 35 0.300000
26 36 0.056426
26 37 0.039046
26 38 0.068441
26 39 0.036072
26 40 0.039130
26 41 0.067164
26 42 0.048128
26 43 0.035573
26 44 0.033520
26 45 0.039648
26 46 0.110429
26 47 0.048387
26 48 0.036885
26 49 0.065693
26 50 0.054878
26 51 0.077253
26 52 0.042453
26 53 0.047244
26 54 0.100559
26 55 0.043269
26 56 0.026746
26 57 0.083721
26 58 0.061224
26 59 0.214286
26 60 0.118421
26 61 0.040816
26 62 0.054545
26 63 0.272727
26 64 0.052941
26 65 0.087805
26 66 0.038793
26 67 0.035156
26 68 0.088235
26 69 0.091371
26 70 0.031690
26 71 0.038380
26 72 0.038877
26 73 0.036290
26 74 0.037578
26 75 0.040449
26 76 0.052023
26 77 0.030612
26 78 0.054381
26 79 0.040179
26 80 0.040816
26 81 0.087805
26 82 0.041475
26 83 0.036511
26 84 0.041096
26 85 0.041002
26 86 0.032028
26 87 0.053254
26 88 0.042654
26 89 0.032907
26 90 0.147541
26 91 0.037500
26 92 0.052174
26 93 0.072289
26 94 0.089552
26 95 0.032143
26 96 0.031972
26 97 0.050420
26 98 0.947368
26 99 0.168224
27 28 0.310734
27 29 0.572917
27 30 0.234043
27 31 0.343750
27 32 0.185185
27 33 0.167173
27 34 0.289474
27 35 0.495495
27 36 0.291005
27 37 0.127907
27 38 0.220000
27 39 0.139594
27 40 0.158046
27 41 0.303867
27 42 0.152778
27 43 0.136476
27 44 0.124434
27 45 0.187075
27 46 0.528846
27 47 0.259434
27 48 0.143979
27 49 0.175159
27 50 0.269608
27 51 0.662651
27 52 0.128205
27 53 0.143979
27 54 0.416667
27 55 0.185811
27 56 0.098390
27 57 0.982143
27 58 0.392857
27 59 0.352564
27 60 0.308989
27 61 0.156695
27 62 0.265700
27 63 0.550000
27 64 0.283505
27 65 0.808824
27 66 0.116525
27 67 0.125000
27 68 0.846154
27 69 0.298913
27 70 0.125571
27 71 0.131579
27 72 0.114583
27 73 0.151515
27 74 0.154494
27 75 0.163205
27 76 0.195035
27 77 0.111336
27 78 0.157143
27 79 0.117271
27 80 0.184564
27 81 0.244444
27 82 0.123874
27 83 0.147059
27 84 0.180921
27 85 0.196429
27 86 0.125571
27 87 0.308989
27 88 0.173502
27 89 0.134804
27 90 0.901639
27 91 0.152355
27 92 0.261905
27 93 0.201465
27 94 0.273632
27 95 0.123874
27 96 0.126728
27 97 0.174603
27 98 0.381944
27 99 0.808824
28 29 0.129032
28 30 0.093750
28 31 0.116505
28 32 0.084507
28 33 0.070175
28 34 0.923077
28 35 0.041958
28 36 0.164384
28 37 0.031008
28 38 0.043478
28 39 0.045455
28 40 0.056338
28 41 0.076923
28 42 0.034286
28 43 0.043956
28 44 0.037855
28 45 0.090226
28 46 0.061856
28 47 0.157895
28 48 0.047809
28 49 0.032345
28 50 0.127660
28 51 0.123711
28 52 0.028169
28 53 0.031250
28 54 0.059406
28 55 0.075949
28 56 0.029484
28 57 0.098361
28 58 0.315789
28 59 0.040816
28 60 0.043478
28 61 0.048780
28 62 0.125000
28 63 0.045283
28 64 0.400000
28 65 0.095238
28 66 0.025641
28 67 0.034884
28 68 0.094488
28 69 0.048980
28 70 0.043956
28 71 0.033994
28 72 0.024793
28 73 0.060302
28 74 0.058824
28 75 0.056872
28 76 0.051282
28 77 0.032698
28 78 0.031662
28 79 0.025157
28 80 0.094488
28 81 0.040816
28 82 0.027027
28 83 0.053333
28 84 0.084507
28 85 0.068571
28 86 0.042705
28 87 0.113208
28 88 0.060606
28 89 0.050847
28 90 0.057416
28 91 0.055814
28 92 0.173913
28 93 0.036697
28 94 0.045455
28 95 0.040956
28 96 0.044444
28 97 0.042105
28 98 0.038217
28 99 0.053571
29 30 0.104167
29 31 0.277778
29 32 0.099502
29 33 0.085837
29 34 0.190476
29 35 0.100503
29 36 0.215054
29 37 0.054496
29 38 0.092166
29 39 0.066225
29 40 0.078740
29 41 0.178571
29 42 0.064309
29 43 0.064516
29 44 0.056980
29 45 0.089286
29 46 0.190476
29 47 0.131579
29 48 0.068966
29 49 0.066225
29 50 0.181818
29 51 0.952381
29 52 0.051813
29 53 0.058824
29 54 0.168067
29 55 0.099502
29 56 0.043103
29 57 0.384615
29 58 0.322581
29 59 0.098522
29 60 0.105263
29 61 0.076046
29 62 0.178571
29 63 0.114943
29 64 0.196078
29 65 0.571429
29 66 0.046620
29 67 0.056022
29 68 0.555556
29 69 0.118343
29 70 0.058480
29 71 0.057803
29 72 0.045351
29 73 0.074627
29 74 0.076923
29 75 0.081633
29 76 0.094340
29 77 0.049628
29 78 0.062112
29 79 0.046296
29 80 0.097561
29 81 0.091743
29 82 0.049751
29 83 0.071942
29 84 0.096154
29 85 0.082645
29 86 0.058480
29 87 0.136986
29 88 0.088496
29 89 0.063694
29 90 0.170940
29 91 0.075188
29 92 0.175439
29 93 0.077519
29 94 0.106383
29 95 0.057471
29 96 0.059172
29 97 0.078431
29 98 0.089286
29 99 0.151515
30 31 0.214912
30 32 0.205882
30 33 0.189922
30 34 0.388889
30 35 0.144118
30 36 0.243781
30 37 0.095517
30 38 0.122500
30 39 0.134247
30 40 0.155556
30 41 0.173759
30 42 0.102510
30 43 0.131016
30 44 0.116945
30 45 0.500000
30 46 0.166667
30 47 0.907407
30 48 0.138418
30 49 0.099796
30 50 0.221719
30 51 0.267760
30 52 0.088448
30 53 0.095703
30 54 0.157556
30 55 0.184906
30 56 0.102510
30 57 0.263441
30 58 0.362963
30 59 0.127937
30 60 0.128609
30 61 0.135359
30 62 0.220721
30 63 0.146707
30 64 0.322368
30 65 0.226852
30 66 0.082353
30 67 0.106754
30 68 0.227907
30 69 0.136111
30 70 0.146269
30 71 0.102941
30 72 0.080065
30 73 0.181481
30 74 0.167235
30 75 0.153605
30 76 0.135734
30 77 0.105603
30 78 0.097222
30 79 0.080992
30 80 0.247475
30 81 0.119804
30 82 0.085664
30 83 0.155556
30 84 0.213043
30 85 0.980000
30 86 0.138418
30 87 0.844828
30 88 0.157051
30 89 0.172535
30 90 0.170732
30 91 0.158576
30 92 0.256545
30 93 0.109620
30 94 0.129288
30 95 0.130667
30 96 0.146707
30 97 0.118932
30 98 0.129973
30 99 0.163880
31 32 0.306667
31 33 0.254144
31 34 0.422018
31 35 0.184739
31 36 0.978723
31 37 0.152824
31 38 0.264368
31 39 0.195745
31 40 0.242105
31 41 0.836364
31 42 0.181818
31 43 0.188525
31 44 0.162544
31 45 0.200873
31 46 0.386555
31 47 0.258427
31 48 0.206278
31 49 0.171004
31 50 0.901961
31 51 0.500000
31 52 0.139818
31 53 0.160839
31 54 0.396552
31 55 0.326241
31 56 0.114144
31 57 0.373984
31 58 0.474227
31 59 0.207207
31 60 0.245989
31 61 0.238342
31 62 0.867925
31 63 0.213953
31 64 0.511111
31 65 0.494624
31 66 0.123989
31 67 0.160839
31 68 0.479167
31 69 0.308725
31 70 0.158076
31 71 0.166667
31 72 0.119171
31 73 0.209091
31 74 0.226601
31 75 0.258427
31 76 0.317241
31 77 0.137313
31 78 0.166065
31 79 0.121372
31 80 0.270588
31 81 0.234694
31 82 0.132565
31 83 0.210046
31 84 0.283951
31 85 0.166667
31 86 0.160839
31 87 0.237113
31 88 0.291139
31 89 0.169118
31 90 0.287500
31 91 0.223301
31 92 0.621622
31 93 0.203540
31 94 0.277108
31 95 0.159722
31 96 0.160839
31 97 0.239583
31 98 0.172932
31 99 0.262857
32 33 0.562500
32 34 0.134328
32 35 0.045455
32 36 0.163636
32 37 0.059211
32 38 0.065455
32 39 0.141732
32 40 0.230769
32 41 0.102857
32 42 0.059801
32 43 0.132353
32 44 0.098901
32 45 0.102273
32 46 0.067164
32 47 0.095745
32 48 0.155172
32 49 0.048387
32 50 0.180000
32 51 0.083333
32 52 0.048518
32 53 0.053097
32 54 0.068966
32 55 0.486486
32 56 0.067416
32 57 0.072581
32 58 0.103448
32 59 0.048649
32 60 0.055046
32 61 0.135338
32 62 0.183673
32 63 0.049451
32 64 0.156522
32 65 0.077586
32 66 0.044226
32 67 0.079646
32 68 0.076596
32 69 0.064286
32 70 0.126761
32 71 0.070039
32 72 0.042056
32 73 0.257143
32 74 0.290323
32 75 0.214286
32 76 0.098361
32 77 0.078603
32 78 0.050562
32 79 0.042254
32 80 0.333333
32 81 0.056250
32 82 0.046154
32 83 0.216867
32 84 0.947368
32 85 0.066176
32 86 0.126761
32 87 0.075000
32 88 0.211765
32 89 0.145161
32 90 0.058442
32 91 0.243243
32 92 0.204545
32 93 0.053731
32 94 0.061224
32 95 0.118421
32 96 0.130435
32 97 0.077253
32 98 0.043373
32 99 0.055728
33 34 0.179012
33 35 0.067757
33 36 0.204225
33 37 0.094463
33 38 0.097643
33 39 0.263636
33 40 0.439394
33 41 0.142857
33 42 0.092652
33 43 0.245763
33 44 0.177914
33 45 0.155080
33 46 0.097315
33 47 0.137441
33 48 0.290000
33 49 0.073791
33 50 0.221374
33 51 0.116935
33 52 0.076316
33 53 0.082386
33 54 0.100000
33 55 0.547170
33 56 0.122881
33 57 0.103943
33 58 0.142157
33 59 0.072500
33 60 0.081690
33 61 0.219697
33 62 0.224806
33 63 0.073232
33 64 0.200000
33 65 0.109848
33 66 0.070048
33 67 0.133641
33 68 0.109023
33 69 0.094463
33 70 0.263636
33 71 0.113281
33 72 0.066514
33 73 0.725000
33 74 0.805556
33 75 0.362500
33 76 0.145729
33 77 0.140777
33 78 0.077957
33 79 0.066667
33 80 0.460317
33 81 0.084058
33 82 0.072682
33 83 0.500000
33 84 0.966667
33 85 0.100694
33 86 0.261261
33 87 0.109434
33 88 0.325843
33 89 0.298969
33 90 0.085294
33 91 0.557692
33 92 0.243697
33 93 0.081232
33 94 0.090625
33 95 0.235772
33 96 0.273585
33 97 0.117886
33 98 0.064877
33 99 0.081690
34 35 0.083893
34 36 0.328947
34 37 0.064599
34 38 0.088339
34 39 0.097276
34 40 0.121359
34 41 0.154321
34 42 0.070822
34 43 0.093985
34 44 0.080386
34 45 0.203252
34 46 0.121951
34 47 0.342466
34 48 0.102041
34 49 0.066138
34 50 0.263158
34 51 0.227273
34 52 0.058275
34 53 0.064433
34 54 0.117925
34 55 0.164474
34 56 0.062972
34 57 0.186567
34 58 0.490196
34 59 0.081699
34 60 0.087413
34 61 0.103306
34 62 0.260417
34 63 0.090253
34 64 0.961538
34 65 0.181159
34 66 0.053191
34 67 0.073314
34 68 0.179856
34 69 0.098425
34 70 0.095420
34 71 0.071023
34 72 0.051335
34 73 0.132979
34 74 0.128205
34 75 0.121951
34 76 0.105932
34 77 0.069444
34 78 0.065104
34 79 0.051975
34 80 0.217391
34 81 0.082781
34 82 0.055928
34 83 0.115207
34 84 0.187970
34 85 0.145349
34 86 0.092593
34 87 0.227273
34 88 0.128866
34 89 0.111607
34 90 0.113122
34 91 0.120773
34 92 0.378788
34 93 0.074627
34 94 0.091912
34 95 0.088028
34 96 0.096525
34 97 0.087108
34 98 0.076453
34 99 0.105932
35 36 0.143357
35 37 0.087234
35 38 0.150183
35 39 0.085417
35 40 0.093822
35 41 0.163347
35 42 0.105943
35 43 0.084189
35 44 0.078544
35 45 0.101485
35 46 0.280822
35 47 0.127726
35 48 0.087607
35 49 0.134868
35 50 0.137584
35 51 0.216931
35 52 0.092135
35 53 0.102500
35 54 0.242604
35 55 0.105398
35 56 0.062980
35 57 0.246988
35 58 0.164659
35 59 0.376147
35 60 0.244048
35 61 0.096019
35 62 0.136667
35 63 0.911111
35 64 0.136667
35 65 0.248485
35 66 0.084362
35 67 0.081028
35 68 0.250000
35 69 0.201970
35 70 0.076350
35 71 0.087234
35 72 0.083845
35 73 0.088362
35 74 0.090909
35 75 0.096698
35 76 0.120588
35 77 0.071429
35 78 0.115493
35 79 0.086316
35 80 0.101737
35 81 0.183857
35 82 0.089716
35 83 0.087794
35 84 0.101235
35 85 0.107050
35 86 0.076779
35 87 0.145390
35 88 0.101990
35 89 0.080078
35 90 0.455556
35 91 0.090308
35 92 0.131833
35 93 0.150735
35 94 0.193396
35 95 0.076493
35 96 0.076923
35 97 0.113889
35 98 0.976190
35 99 0.539474
36 37 0.070064
36 38 0.103774
36 39 0.103774
36 40 0.134969
36 41 0.236559
36 42 0.079137
36 43 0.099548
36 44 0.083650
36 45 0.117021
36 46 0.134969
36 47 0.148649
36 48 0.110553
36 49 0.070968
36 50 0.956522
36 51 0.200000
36 52 0.062147
36 53 0.070288
36 54 0.135802
36 55 0.201835
36 56 0.059140
36 57 0.154930
36 58 0.258824
36 59 0.082397
36 60 0.094421
36 61 0.120879
36 62 0.880000
36 63 0.086275
36 64 0.423077
36 65 0.178862
36 66 0.055696
36 67 0.078853
36 68 0.176000
36 69 0.113402
36 70 0.087302
36 71 0.078014
36 72 0.053398
36 73 0.122905
36 74 0.130952
36 75 0.141935
36 76 0.136646
36 77 0.070064
36 78 0.070740
36 79 0.054187
36 80 0.177419
36 81 0.091667
36 82 0.059140
36 83 0.118280
36 84 0.183333
36 85 0.089069
36 86 0.088000
36 87 0.124294
36 88 0.159420
36 89 0.096491
36 90 0.110553
36 91 0.126437
36 92 0.785714
36 93 0.082397
36 94 0.104265
36 95 0.085938
36 96 0.089069
36 97 0.103774
36 98 0.071661
36 99 0.102804
37 38 0.287879
37 39 0.252212
37 40 0.232653
37 41 0.222656
37 42 0.619565
37 43 0.254464
37 44 0.271429
37 45 0.119748
37 46 0.170659
37 47 0.124183
37 48 0.251101
37 49 0.255605
37 50 0.194539
37 51 0.147287
37 52 0.575758
37 53 0.537736
37 54 0.186275
37 55 0.212687
37 56 0.162857
37 57 0.137349
37 58 0.144670
37 59 0.150794
37 60 0.184466
37 61 0.323864
37 62 0.195205
37 63 0.134118
37 64 0.157459
37 65 0.152406
37 66 0.495652
37 67 0.438462
37 68 0.151194
37 69 0.213483
37 70 0.162393
37 71 0.982759
37 72 0.404255
37 73 0.171171
37 74 0.198606
37 75 0.250000
37 76 0.363057
37 77 0.246753
37 78 0.349693
37 79 0.390411
37 80 0.159664
37 81 0.220077
37 82 0.504425
37 83 0.205036
37 84 0.177570
37 85 0.102518
37 86 0.178683
37 87 0.116327
37 88 0.257919
37 89 0.149606
37 90 0.144670
37 91 0.211111
37 92 0.176471
37 93 0.255605
37 94 0.218391
37 95 0.195205
37 96 0.165698
37 97 0.495652
37 98 0.123644
37 99 0.141791
38 39 0.211268
38 40 0.226415
38 41 0.495868
38 42 0.521739
38 43 0.207612
38 44 0.195440
38 45 0.150000
38 46 0.408163
38 47 0.170940
38 48 0.216606
38 49 0.606061
38 50 0.298507
38 51 0.257511
38 52 0.335196
38 53 0.451128
38 54 0.504202
38 55 0.244898
38 56 0.131579
38 57 0.238095
38 58 0.226415
38 59 0.333333
38 60 0.535714
38 61 0.276498
38 62 0.298507
38 63 0.262009
38 64 0.229008
38 65 0.287081
38 66 0.269058
38 67 0.229008
38 68 0.283019
38 69 0.833333
38 70 0.153846
38 71 0.287081
38 72 0.259740
38 73 0.179104
38 74 0.200669
38 75 0.245902
38 76 0.545455
38 77 0.170455
38 78 0.566038
38 79 0.272727
38 80 0.189873
38 81 0.909091
38 82 0.309278
38 83 0.196721
38 84 0.205479
38 85 0.133630
38 86 0.162162
38 87 0.166667
38 88 0.270270
38 89 0.152672
38 90 0.294118
38 91 0.206186
38 92 0.255319
38 93 0.983607
38 94 0.952381
38 95 0.168067
38 96 0.156658
38 97 0.612245
38 98 0.228137
38 99 0.285714
39 40 0.173077
39 41 0.038961
39 42 0.034615
39 43 0.900000
39 44 0.163636
39 45 0.030303
39 46 0.026627
39 47 0.028571
39 48 0.692308
39 49 0.024457
39 50 0.046875
39 51 0.028125
39 52 0.028662
39 53 0.030405
39 54 0.028037
39 55 0.084112
39 56 0.051136
39 57 0.025496
39 58 0.030928
39 59 0.021028
39 60 0.024259
39 61 0.130435
39 62 0.047368
39 63 0.020362
39 64 0.038298
39 65 0.027523
39 66 0.026549
39 67 0.078947
39 68 0.027273
39 69 0.028213
39 70 0.071429
39 71 0.052941
39 72 0.024725
39 73 0.076271
39 74 0.116883
39 75 0.155172
39 76 0.051429
39 77 0.086538
39 78 0.027108
39 79 0.024590
39 80 0.052326
39 81 0.026087
39 82 0.027190
39 83 0.150000
39 84 0.066176
39 85 0.022670
39 86 0.093750
39 87 0.024590
39 88 0.115385
39 89 0.056604
39 90 0.023077
39 91 0.152542
39 92 0.045226
39 93 0.026393
39 94 0.027523
39 95 0.120000
39 96 0.075630
39 97 0.044118
39 98 0.018330
39 99 0.022277
40 41 0.108247
40 42 0.080460
40 43 0.344262
40 44 0.198113
40 45 0.083665
40 46 0.070470
40 47 0.079245
40 48 0.525000
40 49 0.059155
40 50 0.144828
40 51 0.077206
40 52 0.064815
40 53 0.070234
40 54 0.073944
40 55 0.375000
40 56 0.098131
40 57 0.069079
40 58 0.087500
40 59 0.053299
40 60 0.061765
40 61 0.300000
40 62 0.147887
40 63 0.052369
40 64 0.114130
40 65 0.074733
40 66 0.059322
40 67 0.139073
40 68 0.073944
40 69 0.072414
40 70 0.166667
40 71 0.108808
40 72 0.055556
40 73 0.238636
40 74 0.488372
40 75 0.954545
40 76 0.132911
40 77 0.135484
40 78 0.064220
40 79 0.055556
40 80 0.166667
40 81 0.065421
40 82 0.061404
40 83 0.512195
40 84 0.235955
40 85 0.060345
40 86 0.196262
40 87 0.066667
40 88 0.488372
40 89 0.150000
40 90 0.060345
40 91 0.724138
40 92 0.140940
40 93 0.064815
40 94 0.070234
40 95 0.207921
40 96 0.176471
40 97 0.106061
40 98 0.046563
40 99 0.058011
41 42 0.415842
41 43 0.351464
41 44 0.308824
41 45 0.300000
41 46 0.785047
41 47 0.362069
41 48 0.380090
41 49 0.387097
41 50 0.988235
41 51 0.641221
41 52 0.303249
41 53 0.360515
41 54 0.923077
41 55 0.545455
41 56 0.206897
41 57 0.528302
41 58 0.563758
41 59 0.420000
41 60 0.552632
41 61 0.474576
41 62 0.976744
41 63 0.398104
41 64 0.591549
41 65 0.700000
41 66 0.262500
41 67 0.323077
41 68 0.682927
41 69 0.792453
41 70 0.271845
41 71 0.351464
41 72 0.251497
41 73 0.345679
41 74 0.387097
41 75 0.474576
41 76 0.815534
41 77 0.259259
41 78 0.376682
41 79 0.257669
41 80 0.405797
41 81 0.560000
41 82 0.285714
41 83 0.366812
41 84 0.442105
41 85 0.254545
41 86 0.281879
41 87 0.341463
41 88 0.541935
41 89 0.281879
41 90 0.518519
41 91 0.390698
41 92 0.711864
41 93 0.480000
41 94 0.688525
41 95 0.285714
41 96 0.277228
41 97 0.587413
41 98 0.323077
41 99 0.480000
42 43 0.145594
42 44 0.145038
42 45 0.082969
42 46 0.146718
42 47 0.089202
42 48 0.147860
42 49 0.285714
42 50 0.146154
42 51 0.115152
42 52 0.500000
42 53 0.974359
42 54 0.165217
42 55 0.143396
42 56 0.092457
42 57 0.107345
42 58 0.108883
42 59 0.130584
42 60 0.170404
42 61 0.194872
42 62 0.146154
42 63 0.110787
42 64 0.115502
42 65 0.122186
42 66 0.319328
42 67 0.196891
42 68 0.121019
42 69 0.204301
42 70 0.099476
42 71 0.308943
42 72 0.283582
42 73 0.109827
42 74 0.125413
42 75 0.157676
42 76 0.311475
42 77 0.128814
42 78 0.481013
42 79 0.296875
42 80 0.107955
42 81 0.223529
42 82 0.400000
42 83 0.126667
42 84 0.119122
42 85 0.072381
42 86 0.107042
42 87 0.085202
42 88 0.168142
42 89 0.094763
42 90 0.119874
42 91 0.131488
42 92 0.129252
42 93 0.287879
42 94 0.215909
42 95 0.114114
42 96 0.101333
42 97 0.542857
42 98 0.101333
42 99 0.117284
43 44 0.456522
43 45 0.068852
43 46 0.060870
43 47 0.064815
43 48 0.954545
43 49 0.056604
43 50 0.104478
43 51 0.063830
43 52 0.067093
43 53 0.070707
43 54 0.064024
43 55 0.181034
43 56 0.123529
43 57 0.058011
43 58 0.070000
43 59 0.048276
43 60 0.055703
43 61 0.287671
43 62 0.105528
43 63 0.046771
43 64 0.086066
43 65 0.062500
43 66 0.062130
43 67 0.192661
43 68 0.061947
43 69 0.064615
43 70 0.165354
43 71 0.125749
43 72 0.057851
43 73 0.168000
43 74 0.247059
43 75 0.318182
43 76 0.117318
43 77 0.221053
43 78 0.062874
43 79 0.057534
43 80 0.116667
43 81 0.060000
43 82 0.063636
43 83 0.318182
43 84 0.144828
43 85 0.051852
43 86 0.218750
43 87 0.056000
43 88 0.241379
43 89 0.128834
43 90 0.052764
43 91 0.313433
43 92 0.100962
43 93 0.060870
43 94 0.063253
43 95 0.287671
43 96 0.175000
43 97 0.101449
43 98 0.042169
43 99 0.050971
44 45 0.148997
44 46 0.137566
44 47 0.140921
44 48 0.776119
44 49 0.136483
44 50 0.214876
44 51 0.140541
44 52 0.170492
44 53 0.176271
44 54 0.144847
44 55 0.325000
44 56 0.342105
44 57 0.129353
44 58 0.151603
44 59 0.112311
44 60 0.129353
44 61 0.541667
44 62 0.216667
44 63 0.107660
44 64 0.180556
44 65 0.138667
44 66 0.160494
44 67 0.626506
44 68 0.137566
44 69 0.148148
44 70 0.342105
44 71 0.339869
44 72 0.148571
44 73 0.313253
44 74 0.403101
44 75 0.481481
44 76 0.260000
44 77 0.981132
44 78 0.153846
44 79 0.146893
44 80 0.231111
44 81 0.140162
44 82 0.161994
44 83 0.477064
44 84 0.273684
44 85 0.115556
44 86 0.440678
44 87 0.123810
44 88 0.412698
44 89 0.265306
44 90 0.120092
44 91 0.468468
44 92 0.206349
44 93 0.144444
44 94 0.146067
44 95 0.597701
44 96 0.356164
44 97 0.239631
44 98 0.098113
44 99 0.116592
45 46 0.257669
45 47 0.988235
45 48 0.292683
45 49 0.169014
45 50 0.417910
45 51 0.375000
45 52 0.157895
45 53 0.170040
45 54 0.250746
45 55 0.398104
45 56 0.215938
45 57 0.351464
45 58 0.515337
45 59 0.197183
45 60 0.205882
45 61 0.271845
45 62 0.415842
45 63 0.215938
45 64 0.604317
45 65 0.329412
45 66 0.147110
45 67 0.209476
45 68 0.329412
45 69 0.223404
45 70 0.342857
45 71 0.194896
45 72 0.142373
45 73 0.446809
45 74 0.381818
45 75 0.323077
45 76 0.250000
45 77 0.215938
45 78 0.168675
45 79 0.143590
45 80 0.666667
45 81 0.198113
45 82 0.152450
45 83 0.348548
45 84 0.515337
45 85 0.777778
45 86 0.313433
45 87 0.600000
45 88 0.324324
45 89 0.439791
45 90 0.250000
45 91 0.352941
45 92 0.502994
45 93 0.184615
45 94 0.213198
45 95 0.287671
45 96 0.341463
45 97 0.215938
45 98 0.192220
45 99 0.240000
46 47 0.109375
46 48 0.085890
46 49 0.131455
46 50 0.165680
46 51 0.252252
46 52 0.085890
46 53 0.100358
46 54 0.965517
46 55 0.110236
46 56 0.054795
46 57 0.239316
46 58 0.168675
46 59 0.266667
46 60 0.321839
46 61 0.098940
46 62 0.163743
46 63 0.266667
46 64 0.143590
46 65 0.350000
46 66 0.075881
46 67 0.077562
46 68 0.345679
46 69 0.345679
46 70 0.068796
46 71 0.085366
46 72 0.074271
46 73 0.083086
46 74 0.088328
46 75 0.098940
46 76 0.142857
46 77 0.065116
46 78 0.113360
46 79 0.076712
46 80 0.097561
46 81 0.225806
46 82 0.082353
46 83 0.084592
46 84 0.100000
46 85 0.081633
46 86 0.070000
46 87 0.114754
46 88 0.107692
46 89 0.071795
46 90 0.459016
46 91 0.088050
46 92 0.146597
46 93 0.162791
46 94 0.285714
46 95 0.070352
46 96 0.069652
46 97 0.127273
46 98 0.181818
46 99 0.388889
47 48 0.198020
47 49 0.135135
47 50 0.357143
47 51 0.408163
47 52 0.119522
47 53 0.130435
47 54 0.223048
47 55 0.280374
47 56 0.137300
47 57 0.379747
47 58 0.659341
47 59 0.170940
47 60 0.175953
47 61 0.194175
47 62 0.355030
47 63 0.194175
47 64 0.612245
47 65 0.333333
47 66 0.110497
47 67 0.147420
47 68 0.335196
47 69 0.189873
47 70 0.202703
47 71 0.142180
47 72 0.107335
47 73 0.264317
47 74 0.243902
47 75 0.224719
47 76 0.194805
47 77 0.144231
47 78 0.132159
47 79 0.108499
47 80 0.394737
47 81 0.164384
47 82 0.115385
47 83 0.223881
47 84 0.329670
47 85 0.606061
47 86 0.192926
47 87 0.983607
47 88 0.231660
47 89 0.241935
47 90 0.232558
47 91 0.229885
47 92 0.437956
47 93 0.149626
47 94 0.179641
47 95 0.181818
47 96 0.204082
47 97 0.166667
47 98 0.169014
47 99 0.221402
48 49 0.124309
48 50 0.250000
48 51 0.146104
48 52 0.143770
48 53 0.153584
48 54 0.145161
48 55 0.478723
48 56 0.241935
48 57 0.131965
48 58 0.161871
48 59 0.107656
48 60 0.124654
48 61 0.714286
48 62 0.252809
48 63 0.104651
48 64 0.201794
48 65 0.142857
48 66 0.132353
48 67 0.375000
48 68 0.141509
48 69 0.145161
48 70 0.357143
48 71 0.261628
48 72 0.123288
48 73 0.401786
48 74 0.652174
48 75 0.978261
48 76 0.269461
48 77 0.387931
48 78 0.137615
48 79 0.122951
48 80 0.277778
48 81 0.133531
48 82 0.135952
48 83 0.849057
48 84 0.357143
48 85 0.116580
48 86 0.454545
48 87 0.127119
48 88 0.671642
48 89 0.290323
48 90 0.119048
48 91 0.900000
48 92 0.240642
48 93 0.134731
48 94 0.141509
48 95 0.555556
48 96 0.378151
48 97 0.226131
48 98 0.093750
48 99 0.114504
49 50 0.143813
49 51 0.136508
49 52 0.272152
49 53 0.355372
49 54 0.227513
49 55 0.126100
49 56 0.080675
49 57 0.130699
49 58 0.120787
49 59 0.219388
49 60 0.307143
49 61 0.143333
49 62 0.143813
49 63 0.163498
49 64 0.119777
49 65 0.149306
49 66 0.222798
49 67 0.133540
49 68 0.148276
49 69 0.318519
49 70 0.089397
49 71 0.168627
49 72 0.226316
49 73 0.099768
49 74 0.109694
49 75 0.128743
49 76 0.217172
49 77 0.102138
49 78 0.682540
49 79 0.245714
49 80 0.103865
49 81 0.477778
49 82 0.263804
49 83 0.108861
49 84 0.110540
49 85 0.079630
49 86 0.093886
49 87 0.096197
49 88 0.136943
49 89 0.088115
49 90 0.166667
49 91 0.112272
49 92 0.129129
49 93 0.977273
49 94 0.370690
49 95 0.097285
49 96 0.090717
49 97 0.260606
49 98 0.153025
49 99 0.166023
50 51 0.015625
50 52 0.005952
50 53 0.006757
50 54 0.012270
50 55 0.021739
50 56 0.005618
50 57 0.012422
50 58 0.018692
50 59 0.007353
50 60 0.008621
50 61 0.012500
50 62 0.666667
50 63 0.007547
50 64 0.028571
50 65 0.014493
50 66 0.005319
50 67 0.007782
50 68 0.014286
50 69 0.010526
50 70 0.008299
50 71 0.007692
50 72 0.005076
50 73 0.011834
50 74 0.013072
50 75 0.014815
50 76 0.014184
50 77 0.006803
50 78 0.006734
50 79 0.005155
50 80 0.016129
50 81 0.008547
50 82 0.005650
50 83 0.011696
50 84 0.017857
50 85 0.007519
50 86 0.008439
50 87 0.010050
50 88 0.017094
50 89 0.009009
50 90 0.009524
50 91 0.012658
50 92 0.057143
50 93 0.007752
50 94 0.009709
50 95 0.008333
50 96 0.008475
50 97 0.010363
50 98 0.006329
50 99 0.008889
51 52 0.079208
51 53 0.089385
51 54 0.246154
51 55 0.146789
51 56 0.066667
51 57 0.969697
51 58 0.516129
51 59 0.156863
51 60 0.161616
51 61 0.113074
51 62 0.246154
51 63 0.190476
51 64 0.285714
51 65 0.969697
51 66 0.071588
51 67 0.084881
51 68 0.969697
51 69 0.175824
51 70 0.089888
51 71 0.087432
51 72 0.069717
51 73 0.113879
51 74 0.115942
51 75 0.121673
51 76 0.137931
51 77 0.075829
51 78 0.094675
51 79 0.071269
51 80 0.148148
51 81 0.139738
51 82 0.076190
51 83 0.108475
51 84 0.144144
51 85 0.137339
51 86 0.089385
51 87 0.238806
51 88 0.131148
51 89 0.098462
51 90 0.283186
51 91 0.113074
51 92 0.248062
51 93 0.117647
51 94 0.160000
51 95 0.087671
51 96 0.090909
51 97 0.116788
51 98 0.146789
51 99 0.251969
52 53 0.382979
52 54 0.060403
52 55 0.053731
52 56 0.040179
52 57 0.042254
52 58 0.042353
52 59 0.052478
52 60 0.064748
52 61 0.070588
52 62 0.053731
52 63 0.044776
52 64 0.044444
52 65 0.046875
52 66 0.409091
52 67 0.079646
52 68 0.046512
52 69 0.072289
52 70 0.041096
52 71 0.117647
52 72 0.305085
52 73 0.043796
52 74 0.049180
52 75 0.059211
52 76 0.091837
52 77 0.054711
52 78 0.187500
52 79 0.327273
52 80 0.042553
52 81 0.080717
52 82 0.947368
52 83 0.050000
52 84 0.046272
52 85 0.029950
52 86 0.044010
52 87 0.034483
52 88 0.061644
52 89 0.038877
52 90 0.047120
52 91 0.051282
52 92 0.048780
52 93 0.102273
52 94 0.076271
52 95 0.046875
52 96 0.041763
52 97 0.125000
52 98 0.041958
52 99 0.046392
53 54 0.231076
53 55 0.190789
53 56 0.130926
53 57 0.152632
53 58 0.151832
53 59 0.194631
53 60 0.248927
53 61 0.248927
53 62 0.196610
53 63 0.162921
53 64 0.159341
53 65 0.171598
53 66 0.637363
53 67 0.260090
53 68 0.170588
53 69 0.287129
53 70 0.138425
53 71 0.386667
53 72 0.574257
53 73 0.151042
53 74 0.170088
53 75 0.207885
53 76 0.364780
53 77 0.177914
53 78 0.983051
53 79 0.623656
53 80 0.148718
53 81 0.325843
53 82 0.920635
53 83 0.172107
53 84 0.162465
53 85 0.103757
53 86 0.148338
53 87 0.121339
53 88 0.219697
53 89 0.132118
53 90 0.172619
53 91 0.177370
53 92 0.175758
53 93 0.436090
53 94 0.305263
53 95 0.157182
53 96 0.140777
53 97 0.542056
53 98 0.151042
53 99 0.170088
54 55 0.221311
54 56 0.108871
54 57 0.382979
54 58 0.301676
54 59 0.490909
54 60 0.729730
54 61 0.205323
54 62 0.327273
54 63 0.425197
54 64 0.270000
54 65 0.540000
54 66 0.158358
54 67 0.160237
54 68 0.529412
54 69 0.981818
54 70 0.135678
54 71 0.178808
54 72 0.154728
54 73 0.163636
54 74 0.176471
54 75 0.201493
54 76 0.315789
54 77 0.131707
54 78 0.246575
54 79 0.160237
54 80 0.189474
54 81 0.534653
54 82 0.173077
54 83 0.169279
54 84 0.197080
54 85 0.150000
54 86 0.139175
54 87 0.205323
54 88 0.220408
54 89 0.140625
54 90 0.606742
54 91 0.177049
54 92 0.284211
54 93 0.369863
54 94 0.739726
54 95 0.140625
54 96 0.137755
54 97 0.279793
54 98 0.313953
54 99 0.551020
55 56 0.181818
55 57 0.192000
55 58 0.259459
55 59 0.135977
55 60 0.157377
55 61 0.484848
55 62 0.533333
55 63 0.135593
55 64 0.372093
55 65 0.209607
55 66 0.129730
55 67 0.246154
55 68 0.206897
55 69 0.186770
55 70 0.309677
55 71 0.217195
55 72 0.122449
55 73 0.521739
55 74 0.750000
55 75 0.888889
55 76 0.324324
55 77 0.228571
55 78 0.149068
55 79 0.123393
55 80 0.533333
55 81 0.163265
55 82 0.135593
55 83 0.607595
55 84 0.872727
55 85 0.158940
55 86 0.326531
55 87 0.183908
55 88 0.979592
55 89 0.322148
55 90 0.160000
55 91 0.727273
55 92 0.516129
55 93 0.157377
55 94 0.178439
55 95 0.322148
55 96 0.322148
55 97 0.243655
55 98 0.118519
55 99 0.152866
56 57 0.224172
56 58 0.261364
56 59 0.190397
56 60 0.210623
56 61 0.479167
56 62 0.325779
56 63 0.187296
56 64 0.302632
56 65 0.233266
56 66 0.248918
56 67 0.518018
56 68 0.232323
56 69 0.232323
56 70 0.798611
56 71 0.388514
56 72 0.235656
56 73 0.542453
56 74 0.558252
56 75 0.502183
56 76 0.331412
56 77 0.958333
56 78 0.235656
56 79 0.232794
56 80 0.400697
56 81 0.221580
56 82 0.248380
56 83 0.618280
56 84 0.433962
56 85 0.231855
56 86 0.905512
56 87 0.231855
56 88 0.456349
56 89 0.577889
56 90 0.204991
56 91 0.577889
56 92 0.325779
56 93 0.225490
56 94 0.229084
56 95 0.991379
56 96 0.798611
56 97 0.312500
56 98 0.173193
56 99 0.199653
57 58 0.464286
57 59 0.197970
57 60 0.192118
57 61 0.123810
57 62 0.239264
57 63 0.258278
57 64 0.278571
57 65 0.906977
57 66 0.082979
57 67 0.095355
57 68 0.975000
57 69 0.201031
57 70 0.100775
57 71 0.098485
57 72 0.081081
57 73 0.125000
57 74 0.126623
57 75 0.131757
57 76 0.149425
57 77 0.085714
57 78 0.109551
57 79 0.082979
57 80 0.159184
57 81 0.162500
57 82 0.088235
57 83 0.119266
57 84 0.154150
57 85 0.166667
57 86 0.100257
57 87 0.295455
57 88 0.140794
57 89 0.110169
57 90 0.386139
57 91 0.123810
57 92 0.242236
57 93 0.136364
57 94 0.183099
57 95 0.098237
57 96 0.101828
57 97 0.129568
57 98 0.196970
57 99 0.342105
58 59 0.227273
58 60 0.239044
58 61 0.225564
58 62 0.550459
58 63 0.262009
58 64 0.983607
58 65 0.645161
58 66 0.128480
58 67 0.164835
58 68 0.645161
58 69 0.265487
58 70 0.194175
58 71 0.164384
58 72 0.124481
58 73 0.256410
58 74 0.254237
58 75 0.254237
58 76 0.252101
58 77 0.152284
58 78 0.162162
58 79 0.126582
58 80 0.368098
58 81 0.218182
58 82 0.135440
58 83 0.233463
58 84 0.338983
58 85 0.324324
58 86 0.190476
58 87 0.612245
58 88 0.271493
58 89 0.219780
58 90 0.344828
58 91 0.243902
58 92 0.652174
58 93 0.192308
58 94 0.244898
58 95 0.184049
58 96 0.196078
58 97 0.209059
58 98 0.215827
58 99 0.317460
59 60 0.985507
59 61 0.184783
59 62 0.249084
59 63 0.944444
59 64 0.228188
59 65 0.395349
59 66 0.177546
59 67 0.157044
59 68 0.395349
59 69 0.586207
59 70 0.133858
59 71 0.175711
59 72 0.177546
59 73 0.154897
59 74 0.163462
59 75 0.180851
59 76 0.253731
59 77 0.132554
59 78 0.272000
59 79 0.184282
59 80 0.173913
59 81 0.557377
59 82 0.192635
59 83 0.158508
59 84 0.177546
59 85 0.157773
59 86 0.136546
59 87 0.207317
59 88 0.192635
59 89 0.137931
59 90 0.693878
59 91 0.163855
59 92 0.230508
59 93 0.404762
59 94 0.576271
59 95 0.137931
59 96 0.135458
59 97 0.247273
59 98 0.781609
59 99 0.764045
60 61 0.159609
60 62 0.209402
60 63 0.392000
60 64 0.179487
60 65 0.295181
60 66 0.153605
60 67 0.133515
60 68 0.291667
60 69 0.942308
60 70 0.106754
60 71 0.153605
60 72 0.152648
60 73 0.124051
60 74 0.133515
60 75 0.152174
60 76 0.240196
60 77 0.108647
60 78 0.262032
60 79 0.159609
60 80 0.138028
60 81 0.875000
60 82 0.169550
60 83 0.129630
60 84 0.143695
60 85 0.113953
60 86 0.109865
60 87 0.148036
60 88 0.163880
60 89 0.108889
60 90 0.408333
60 91 0.134615
60 92 0.187739
60 93 0.466667
60 94 0.980000
60 95 0.111617
60 96 0.108168
60 97 0.235577
60 98 0.320261
60 99 0.408333
61 62 0.316456
61 63 0.129199
61 64 0.230415
61 65 0.175439
61 66 0.175439
61 67 0.505051
61 68 0.174216
61 69 0.195312
61 70 0.267380
61 71 0.400000
61 72 0.161812
61 73 0.318471
61 74 0.446429
61 75 0.943396
61 76 0.467290
61 77 0.340136
61 78 0.188679
61 79 0.161812
61 80 0.268817
61 81 0.179211
61 82 0.183150
61 83 0.471698
61 84 0.335570
61 85 0.125000
61 86 0.310559
61 87 0.142045
61 88 0.980392
61 89 0.239234
61 90 0.147929
61 91 0.520833
61 92 0.280899
61 93 0.183150
61 94 0.190840
61 95 0.349650
61 96 0.277778
61 97 0.364964
61 98 0.114943
61 99 0.142045
62 63 0.127341
62 64 0.478873
62 65 0.242857
62 66 0.090667
62 67 0.133333
62 68 0.237762
62 69 0.178010
62 70 0.142259
62 71 0.131783
62 72 0.086514
62 73 0.203593
62 74 0.225166
62 75 0.255639
62 76 0.242857
62 77 0.116438
62 78 0.114478
62 79 0.087855
62 80 0.278689
62 81 0.144681
62 82 0.096317
62 83 0.202381
62 84 0.309091
62 85 0.127341
62 86 0.144681
62 87 0.170000
62 88 0.295652
62 89 0.154545
62 90 0.160377
62 91 0.217949
62 92 0.971429
62 93 0.131783
62 94 0.164251
62 95 0.142857
62 96 0.145299
62 97 0.177083
62 98 0.106918
62 99 0.149780
63 64 0.149091
63 65 0.292857
63 66 0.092551
63 67 0.088362
63 68 0.297101
63 69 0.257862
63 70 0.081188
63 71 0.096019
63 72 0.091928
63 73 0.094688
63 74 0.098321
63 75 0.106218
63 76 0.137584
63 77 0.076779
63 78 0.131410
63 79 0.094907
63 80 0.109043
63 81 0.227778
63 82 0.099274
63 83 0.094688
63 84 0.109626
63 85 0.107895
63 86 0.082000
63 87 0.148014
63 88 0.112637
63 89 0.084886
63 90 0.719298
63 91 0.097852
63 92 0.145907
63 93 0.178261
63 94 0.244048
63 95 0.082000
63 96 0.081836
63 97 0.129747
63 98 0.788462
63 99 0.976190
64 65 0.294118
64 66 0.089686
64 67 0.126582
64 68 0.291971
64 69 0.168067
64 70 0.160643
64 71 0.122699
64 72 0.086393
64 73 0.229885
64 74 0.227273
64 75 0.219780
64 76 0.189573
64 77 0.118343
64 78 0.110497
64 79 0.087527
64 80 0.380952
64 81 0.140351
64 82 0.094563
64 83 0.202020
64 84 0.344828
64 85 0.204082
64 86 0.156863
64 87 0.296296
64 88 0.236686
64 89 0.186047
64 90 0.183486
64 91 0.213904
64 92 0.975610
64 93 0.126582
64 94 0.156250
64 95 0.150376
64 96 0.162602
64 97 0.152091
64 98 0.122699
64 99 0.171674
65 66 0.007026
65 67 0.008000
65 68 0.750000
65 69 0.019608
65 70 0.008021
65 71 0.008380
65 72 0.006849
65 73 0.010000
65 74 0.010345
65 75 0.011111
65 76 0.013514
65 77 0.007026
65 78 0.009554
65 79 0.007009
65 80 0.012605
65 81 0.015000
65 82 0.007500
65 83 0.009740
65 84 0.012448
65 85 0.011321
65 86 0.008043
65 87 0.018182
65 88 0.012000
65 89 0.008646
65 90 0.036145
65 91 0.010169
65 92 0.020548
65 93 0.012295
65 94 0.017442
65 95 0.007958
65 96 0.008108
65 97 0.011538
65 98 0.015789
65 99 0.030612
66 67 0.106996
66 68 0.060465
66 69 0.089347
66 70 0.055914
66 71 0.151163
66 72 0.962963
66 73 0.058824
66 74 0.065491
66 75 0.077381
66 76 0.110169
66 77 0.075802
66 78 0.194030
66 79 0.722222
66 80 0.056645
66 81 0.098485
66 82 0.838710
66 83 0.066838
66 84 0.061321
66 85 0.040498
66 86 0.060046
66 87 0.046018
66 88 0.080000
66 89 0.052738
66 90 0.061176
66 91 0.068241
66 92 0.063570
66 93 0.120370
66 94 0.093525
66 95 0.063882
66 96 0.056769
66 97 0.141304
66 98 0.055437
66 99 0.060465
67 68 0.193122
67 69 0.230284
67 70 0.314655
67 71 0.986486
67 72 0.271375
67 73 0.316017
67 74 0.388298
67 75 0.514085
67 76 0.437126
67 77 0.701923
67 78 0.268382
67 79 0.265455
67 80 0.264493
67 81 0.222561
67 82 0.301653
67 83 0.424419
67 84 0.305439
67 85 0.147177
67 86 0.368687
67 87 0.162222
67 88 0.493243
67 89 0.269373
67 90 0.173810
67 91 0.429412
67 92 0.264493
67 93 0.237785
67 94 0.229560
67 95 0.431953
67 96 0.324444
67 97 0.442424
67 98 0.143701
67 99 0.168981
68 69 0.529032
68 70 0.218085
68 71 0.227147
68 72 0.185941
68 73 0.271523
68 74 0.280822
68 75 0.300366
68 76 0.364444
68 77 0.190698
68 78 0.259494
68 79 0.190698
68 80 0.341667
68 81 0.405941
68 82 0.203474
68 83 0.264516
68 84 0.337449
68 85 0.310606
68 86 0.218667
68 87 0.503067
68 88 0.324111
68 89 0.234957
68 90 0.987952
68 91 0.276094
68 92 0.554054
68 93 0.331984
68 94 0.471264
68 95 0.215789
68 96 0.220430
68 97 0.311787
68 98 0.433862
68 99 0.845361
69 70 0.043902
69 71 0.066176
69 72 0.060606
69 73 0.051873
69 74 0.056604
69 75 0.066421
69 76 0.117647
69 77 0.045113
69 78 0.108434
69 79 0.063158
69 80 0.057692
69 81 0.367347
69 82 0.068702
69 83 0.055046
69 84 0.060811
69 85 0.043902
69 86 0.045455
69 87 0.057325
69 88 0.072581
69 89 0.044665
69 90 0.134328
69 91 0.057325
69 92 0.081448
69 93 0.195652
69 94 0.947368
69 95 0.046392
69 96 0.044554
69 97 0.112500
69 98 0.092308
69 99 0.128571
70 71 0.023810
70 72 0.014315
70 73 0.093333
70 74 0.075269
70 75 0.047619
70 76 0.024735
70 77 0.041176
70 78 0.015521
70 79 0.014257
70 80 0.047297
70 81 0.015766
70 82 0.015351
70 83 0.081395
70 84 0.052239
70 85 0.019886
70 86 0.200000
70 87 0.019718
70 88 0.041667
70 89 0.122807
70 90 0.015556
70 91 0.070707
70 92 0.030702
70 93 0.015590
70 94 0.016627
70 95 0.104478
70 96 0.875000
70 97 0.021739
70 98 0.012567
70 99 0.015054
71 72 0.565657
71 73 0.401434
71 74 0.478632
71 75 0.632768
71 76 0.817518
71 77 0.632768
71 78 0.557214
71 79 0.554455
71 80 0.361290
71 81 0.408759
71 82 0.662722
71 83 0.502242
71 84 0.410256
71 85 0.216634
71 86 0.427481
71 87 0.244541
71 88 0.647399
71 89 0.343558
71 90 0.287918
71 91 0.516129
71 92 0.391608
71 93 0.455285
71 94 0.414815
71 95 0.476596
71 96 0.390244
71 97 0.991150
71 98 0.239829
71 99 0.280702
72 73 0.034409
72 74 0.038095
72 75 0.044568
72 76 0.062992
72 77 0.043360
72 78 0.119403
72 79 0.941176
72 80 0.033333
72 81 0.060150
72 82 0.400000
72 83 0.038741
72 84 0.035874
72 85 0.024316
72 86 0.034934
72 87 0.027634
72 88 0.045977
72 89 0.030948
72 90 0.037123
72 91 0.039506
72 92 0.037471
72 93 0.073733
72 94 0.056537
72 95 0.037037
72 96 0.033195
72 97 0.079208
72 98 0.034115
72 99 0.036782
73 74 0.978261
73 75 0.420561
73 76 0.191489
73 77 0.222772
73 78 0.110294
73 79 0.096774
73 80 0.592105
73 81 0.116883
73 82 0.104895
73 83 0.762712
73 84 0.750000
73 85 0.153061
73 86 0.529412
73 87 0.157895
73 88 0.371901
73 89 0.775862
73 90 0.119363
73 91 0.714286
73 92 0.292208
73 93 0.113924
73 94 0.125000
73 95 0.424528
73 96 0.625000
73 97 0.160142
73 98 0.092975
73 99 0.114796
74 75 0.285714
74 76 0.091837
74 77 0.104651
74 78 0.049046
74 79 0.042857
74 80 0.185567
74 81 0.051136
74 82 0.046753
74 83 0.782609
74 84 0.276923
74 85 0.055901
74 86 0.214286
74 87 0.060000
74 88 0.225000
74 89 0.183673
74 90 0.049724
74 91 0.947368
74 92 0.122449
74 93 0.050139
74 94 0.054711
74 95 0.200000
74 96 0.206897
74 97 0.075630
74 98 0.038462
74 99 0.047745
75 76 0.167883
75 77 0.143750
75 78 0.075163
75 79 0.064067
75 80 0.169118
75 81 0.076412
75 82 0.071207
75 83 0.370968
75 84 0.234694
75 85 0.064972
75 86 0.181102
75 87 0.073248
75 88 0.958333
75 89 0.143750
75 90 0.068862
75 91 0.460000
75 92 0.159722
75 93 0.075908
75 94 0.082143
75 95 0.194915
75 96 0.164286
75 97 0.129944
75 98 0.052752
75 99 0.066092
76 77 0.210526
76 78 0.298851
76 79 0.208000
76 80 0.224138
76 81 0.302326
76 82 0.241860
76 83 0.262626
76 84 0.258706
76 85 0.127764
76 86 0.198473
76 87 0.155224
76 88 0.444444
76 89 0.178082
76 90 0.203922
76 91 0.281081
76 92 0.298851
76 93 0.309524
76 94 0.331210
76 95 0.209677
76 96 0.188406
76 97 0.981132
76 98 0.152493
76 99 0.194757
77 78 0.278820
77 79 0.277333
77 80 0.388060
77 81 0.249400
77 82 0.303207
77 83 0.693333
77 84 0.442553
77 85 0.210953
77 86 0.764706
77 87 0.222222
77 88 0.584270
77 89 0.468468
77 90 0.214433
77 91 0.666667
77 92 0.343234
77 93 0.258065
77 94 0.257426
77 95 0.990476
77 96 0.630303
77 97 0.401544
77 98 0.178694
77 99 0.208835
78 79 0.677686
78 80 0.203474
78 81 0.621212
78 82 0.788462
78 83 0.223433
78 84 0.219251
78 85 0.148551
78 86 0.192941
78 87 0.176344
78 88 0.284722
78 89 0.176724
78 90 0.274247
78 91 0.230986
78 92 0.246988
78 93 0.987952
78 94 0.543046
78 95 0.201970
78 96 0.184685
78 97 0.630769
78 98 0.244048
78 99 0.271523
79 80 0.073375
79 81 0.138340
79 82 0.972222
79 83 0.084541
79 84 0.078829
79 85 0.053681
79 86 0.075922
79 87 0.061296
79 88 0.101156
79 89 0.067698
79 90 0.083532
79 91 0.086420
79 92 0.082938
79 93 0.172414
79 94 0.129151
79 95 0.080275
79 96 0.072314
79 97 0.177665
79 98 0.077093
79 99 0.082938
80 81 0.103933
80 82 0.083710
80 83 0.310924
80 84 0.973684
80 85 0.163717
80 86 0.231250
80 87 0.177033
80 88 0.268116
80 89 0.336364
80 90 0.115987
80 91 0.324561
80 92 0.381443
80 93 0.098667
80 94 0.112805
80 95 0.206704
80 96 0.253425
80 97 0.130742
80 98 0.086651
80 99 0.110778
81 82 0.128205
81 83 0.083333
81 84 0.089286
81 85 0.065502
81 86 0.070258
81 87 0.082873
81 88 0.107914
81 89 0.067873
81 90 0.176471
81 91 0.086705
81 92 0.112782
81 93 0.600000
81 94 0.967742
81 95 0.072115
81 96 0.068493
81 97 0.182927
81 98 0.144928
81 99 0.174419
82 83 0.425926
82 84 0.394608
82 85 0.260097
82 86 0.377934
82 87 0.298148
82 88 0.517685
82 89 0.334719
82 90 0.406566
82 91 0.436314
82 92 0.414948
82 93 0.865591
82 94 0.646586
82 95 0.401496
82 96 0.358575
82 97 0.993827
82 98 0.366743
82 99 0.401496
83 84 0.149425
83 85 0.037791
83 86 0.188406
83 87 0.040373
83 88 0.156627
83 89 0.125000
83 90 0.034392
83 91 0.928571
83 92 0.077844
83 93 0.035714
83 94 0.038462
83 95 0.185714
83 96 0.164557
83 97 0.054622
83 98 0.026915
83 99 0.033079
84 85 0.302682
84 86 0.568345
84 87 0.334746
84 88 0.782178
84 89 0.718182
84 90 0.248428
84 91 0.987500
84 92 0.831579
84 93 0.224432
84 94 0.254839
84 95 0.519737
84 96 0.603053
84 97 0.314741
84 98 0.185446
84 99 0.237237
85 86 0.272000
85 87 0.990291
85 88 0.291429
85 89 0.342282
85 90 0.305389
85 91 0.300885
85 92 0.435897
85 93 0.205231
85 94 0.238318
85 95 0.256281
85 96 0.288952
85 97 0.222707
85 98 0.242280
85 99 0.295652
86 87 0.078591
86 88 0.194631
86 89 0.333333
86 90 0.065169
86 91 0.349398
86 92 0.126638
86 93 0.067599
86 94 0.071429
86 95 0.906250
86 96 0.966667
86 97 0.097643
86 98 0.052632
86 99 0.063043
87 88 0.572368
87 89 0.564935
87 90 0.750000
87 91 0.554140
87 92 0.994286
87 93 0.431762
87 94 0.522523
87 95 0.450777
87 96 0.492918
87 97 0.453125
87 98 0.543750
87 99 0.716049
88 89 0.389831
88 90 0.221154
88 91 0.985714
88 92 0.526718
88 93 0.244681
88 94 0.268482
88 95 0.489362
88 96 0.428571
88 97 0.431250
88 98 0.167070
88 99 0.211656
89 90 0.136150
89 91 0.513274
89 92 0.287129
89 93 0.128035
89 94 0.139423
89 95 0.495726
89 96 0.983051
89 97 0.172619
89 98 0.108614
89 99 0.131519
90 91 0.041096
90 92 0.066667
90 93 0.068493
90 94 0.100671
90 95 0.033557
90 96 0.033708
90 97 0.053381
90 98 0.137615
90 99 0.937500
91 92 0.525641
91 93 0.233618
91 94 0.253086
91 95 0.987952
91 96 0.891304
91 97 0.362832
91 98 0.174468
91 99 0.215789
92 93 0.763699
92 94 0.940928
92 95 0.940928
92 96 0.995536
92 97 0.986726
92 98 0.669670
92 99 0.929167
93 94 0.986486
93 95 0.176329
93 96 0.165158
93 97 0.506944
93 98 0.287402
93 99 0.330317
94 95 0.382872
94 96 0.366265
94 97 0.962025
94 98 0.756219
94 99 0.993464
95 96 0.983607
95 97 0.215827
95 98 0.108893
95 99 0.130152
96 97 0.996825
96 98 0.568841
96 99 0.682609
97 98 0.814085
97 99 0.996552
98 99 0.989247
