100 4950
0 1 0.099476
0 2 0.050132
0 3 0.177570
0 4 0.168142
0 5 0.083700
0 6 0.076000
0 7 0.365385
0 8 0.052925
0 9 0.064189
0 10 0.193878
0 11 0.095477
0 12 0.067857
0 13 0.211111
0 14 0.316667
0 15 0.096939
0 16 0.153226
0 17 0.065292
0 18 0.102703
0 19 0.140741
0 20 0.089202
0 21 0.096447
0 22 0.047859
0 23 0.279412
0 24 0.051491
0 25 0.071698
0 26 0.950000
0 27 0.096939
0 28 0.068841
0 29 0.063545
0 30 0.071698
0 31 0.063123
0 32 0.046117
0 33 0.085202
0 34 0.149606
0 35 0.131944
0 36 0.135714
0 37 0.146154
0 38 0.109827
0 39 0.046798
0 40 0.113772
0 41 0.056047
0 42 0.081545
0 43 0.339286
0 44 0.279412
0 45 0.052778
0 46 0.081545
0 47 0.143939
0 48 0.075697
0 49 0.076000
0 50 0.066202
0 51 0.128378
0 52 0.120253
0 53 0.121795
0 54 0.043779
0 55 0.065744
0 56 0.079167
0 57 0.101064
0 58 0.135714
0 59 0.048843
0 60 0.213483
0 61 0.099476
0 62 0.076305
0 63 0.118012
0 64 0.195876
0 65 0.075099
0 66 0.062500
0 67 0.703704
0 68 0.141791
0 69 0.172727
0 70 0.080169
0 71 0.085202
0 72 0.311475
0 73 0.092683
0 74 0.256757
0 75 0.074219
0 76 0.220930
0 77 0.066202
0 78 0.136691
0 79 0.102151
0 80 0.159664
0 81 0.071970
0 82 0.062092
0 83 0.065744
0 84 0.154472
0 85 0.106742
0 86 0.145038
0 87 0.066202
0 88 0.141791
0 89 0.161017
0 90 0.050000
0 91 0.226190
0 92 0.226190
0 93 0.059561
0 94 0.126667
0 95 0.055718
0 96 0.513514
0 97 0.050265
0 98 0.124183
0 99 0.070111
1 2 0.147482
1 3 0.141379
1 4 0.148551
1 5 0.226519
1 6 0.460674
1 7 0.169421
1 8 0.085239
1 9 0.179825
1 10 0.431579
1 11 0.112948
1 12 0.109333
1 13 0.226519
1 14 0.277027
1 15 0.109626
1 16 0.136667
1 17 0.114206
1 18 0.577465
1 19 0.694915
1 20 0.117143
1 21 0.976190
1 22 0.136213
1 23 0.308271
1 24 0.091723
1 25 0.422680
1 26 0.238372
1 27 0.106218
1 28 0.157692
1 29 0.109043
1 30 0.096471
1 31 0.094688
1 32 0.133550
1 33 0.107330
1 34 0.176724
1 35 0.127726
1 36 0.225275
1 37 0.168033
1 38 0.115169
1 39 0.121662
1 40 0.267974
1 41 0.122754
1 42 0.113889
1 43 0.246988
1 44 0.299270
1 45 0.169421
1 46 0.931818
1 47 0.130573
1 48 0.297101
1 49 0.118841
1 50 0.125767
1 51 0.207071
1 52 0.120588
1 53 0.124242
1 54 0.116809
1 55 0.341667
1 56 0.146429
1 57 0.137584
1 58 0.264516
1 59 0.135314
1 60 0.154135
1 61 0.109043
1 62 0.118497
1 63 0.554054
1 64 0.142857
1 65 0.248485
1 66 0.205000
1 67 0.194313
1 68 0.344538
1 69 0.160784
1 70 0.120588
1 71 0.315385
1 72 0.292857
1 73 0.820000
1 74 0.155303
1 75 0.168724
1 76 0.150183
1 77 0.099757
1 78 0.353448
1 79 0.109920
1 80 0.145390
1 81 0.460674
1 82 0.203980
1 83 0.104859
1 84 0.280822
1 85 0.440860
1 86 0.225275
1 87 0.418367
1 88 0.142857
1 89 0.264516
1 90 0.145907
1 91 0.232955
1 92 0.297101
1 93 0.094037
1 94 0.124242
1 95 0.138047
1 96 0.225275
1 97 0.113889
1 98 0.418367
1 99 0.106771
2 3 0.010395
2 4 0.010183
2 5 0.032258
2 6 0.014577
2 7 0.011848
2 8 0.011186
2 9 0.055556
2 10 0.015244
2 11 0.011468
2 12 0.014837
2 13 0.011792
2 14 0.013333
2 15 0.008772
2 16 0.009960
2 17 0.017065
2 18 0.022624
2 19 0.016077
2 20 0.012987
2 21 0.015773
2 22 0.200000
2 23 0.015773
2 24 0.014164
2 25 0.025641
2 26 0.013587
2 27 0.009506
2 28 0.032468
2 29 0.015974
2 30 0.010571
2 31 0.011655
2 32 0.147059
2 33 0.011364
2 34 0.016287
2 35 0.011574
2 36 0.011211
2 37 0.015674
2 38 0.010593
2 39 0.063291
2 40 0.023364
2 41 0.028409
2 42 0.013298
2 43 0.012723
2 44 0.013587
2 45 0.111111
2 46 0.017668
2 47 0.009901
2 48 0.012285
2 49 0.015385
2 50 0.020921
2 51 0.010846
2 52 0.010965
2 53 0.009363
2 54 0.064935
2 55 0.027322
2 56 0.021739
2 57 0.015291
2 58 0.020576
2 59 0.142857
2 60 0.010707
2 61 0.008993
2 62 0.015291
2 63 0.014327
2 64 0.011287
2 65 0.038760
2 66 0.061728
2 67 0.013158
2 68 0.020243
2 69 0.014085
2 70 0.015015
2 71 0.030675
2 72 0.013736
2 73 0.015480
2 74 0.011765
2 75 0.030675
2 76 0.011820
2 77 0.012407
2 78 0.020576
2 79 0.009074
2 80 0.012887
2 81 0.015291
2 82 0.063291
2 83 0.013966
2 84 0.019455
2 85 0.023364
2 86 0.019084
2 87 0.017241
2 88 0.013298
2 89 0.018939
2 90 0.833333
2 91 0.011962
2 92 0.016892
2 93 0.012255
2 94 0.009524
2 95 0.047619
2 96 0.014409
2 97 0.030303
2 98 0.021277
2 99 0.013550
3 4 0.510638
3 5 0.073394
3 6 0.071429
3 7 0.400000
3 8 0.065041
3 9 0.060606
3 10 0.122449
3 11 0.126984
3 12 0.074766
3 13 0.181818
3 14 0.166667
3 15 0.266667
3 16 0.923077
3 17 0.069565
3 18 0.082192
3 19 0.103448
3 20 0.103448
3 21 0.083333
3 22 0.048193
3 23 0.137931
3 24 0.058394
3 25 0.064865
3 26 0.195122
3 27 0.201681
3 28 0.065753
3 29 0.069164
3 30 0.096774
3 31 0.077419
3 32 0.046602
3 33 0.112150
3 34 0.121827
3 35 0.186047
3 36 0.137143
3 37 0.125000
3 38 0.181818
3 39 0.047809
3 40 0.089552
3 41 0.057143
3 42 0.093750
3 43 0.187500
3 44 0.154839
3 45 0.051724
3 46 0.072948
3 47 0.960000
3 48 0.075235
3 49 0.081633
3 50 0.067416
3 51 0.139535
3 52 0.190476
3 53 0.444444
3 54 0.045113
3 55 0.060914
3 56 0.076190
3 57 0.102128
3 58 0.100000
3 59 0.049080
3 60 0.888889
3 61 0.279070
3 62 0.082192
3 63 0.097561
3 64 0.380952
3 65 0.067227
3 66 0.058824
3 67 0.235294
3 68 0.100000
3 69 0.152866
3 70 0.086331
3 71 0.072948
3 72 0.158940
3 73 0.081356
3 74 0.363636
3 75 0.069364
3 76 0.307692
3 77 0.079208
3 78 0.098361
3 79 0.289157
3 80 0.171429
3 81 0.067989
3 82 0.058537
3 83 0.074303
3 84 0.106667
3 85 0.084211
3 86 0.107143
3 87 0.062827
3 88 0.149068
3 89 0.110092
3 90 0.049793
3 91 0.181818
3 92 0.126984
3 93 0.071006
3 94 0.545455
3 95 0.055427
3 96 0.177778
3 97 0.051948
3 98 0.092664
3 99 0.080268
4 5 0.094395
4 6 0.102894
4 7 0.390244
4 8 0.077482
4 9 0.078240
4 10 0.173913
4 11 0.136752
4 12 0.089136
4 13 0.310680
4 14 0.246154
4 15 0.320000
4 16 0.969697
4 17 0.084211
4 18 0.110727
4 19 0.146789
4 20 0.117216
4 21 0.119403
4 22 0.062868
4 23 0.181818
4 24 0.071269
4 25 0.088154
4 26 0.258065
4 27 0.197531
4 28 0.082902
4 29 0.083333
4 30 0.108844
4 31 0.090652
4 32 0.061069
4 33 0.123552
4 34 0.142857
4 35 0.184971
4 36 0.231884
4 37 0.144144
4 38 0.179775
4 39 0.061776
4 40 0.114695
4 41 0.071910
4 42 0.107744
4 43 0.288288
4 44 0.226950
4 45 0.068085
4 46 0.102564
4 47 0.571429
4 48 0.111498
4 49 0.096677
4 50 0.082902
4 51 0.240602
4 52 0.187135
4 53 0.581818
4 54 0.058501
4 55 0.082687
4 56 0.093567
4 57 0.118519
4 58 0.126984
4 59 0.063745
4 60 0.969697
4 61 0.285714
4 62 0.096970
4 63 0.143498
4 64 0.304762
4 65 0.087912
4 66 0.077108
4 67 0.271186
4 68 0.130612
4 69 0.169312
4 70 0.101266
4 71 0.096096
4 72 0.230216
4 73 0.117216
4 74 0.316832
4 75 0.087671
4 76 0.275862
4 77 0.092486
4 78 0.128514
4 79 0.285714
4 80 0.179775
4 81 0.097264
4 82 0.076739
4 83 0.088398
4 84 0.135593
4 85 0.111888
4 86 0.132780
4 87 0.088154
4 88 0.160804
4 89 0.139130
4 90 0.065041
4 91 0.304762
4 92 0.164103
4 93 0.084211
4 94 0.507937
4 95 0.070796
4 96 0.217687
4 97 0.065844
4 98 0.122605
4 99 0.094118
5 6 0.179775
5 7 0.179104
5 8 0.137931
5 9 0.685714
5 10 0.248705
5 11 0.163265
5 12 0.206009
5 13 0.169611
5 14 0.206897
5 15 0.115663
5 16 0.137931
5 17 0.236453
5 18 0.432432
5 19 0.253968
5 20 0.190476
5 21 0.216216
5 22 0.280702
5 23 0.284024
5 24 0.168421
5 25 0.320000
5 26 0.220183
5 27 0.128686
5 28 0.600000
5 29 0.216216
5 30 0.141176
5 31 0.152866
5 32 0.255319
5 33 0.158940
5 34 0.307692
5 35 0.170213
5 36 0.153355
5 37 0.284024
5 38 0.149068
5 39 0.263736
5 40 0.786885
5 41 0.311688
5 42 0.192771
5 43 0.193548
5 44 0.212389
5 45 0.328767
5 46 0.229665
5 47 0.136752
5 48 0.150943
5 49 0.227488
5 50 0.303797
5 51 0.146341
5 52 0.157377
5 53 0.126316
5 54 0.230769
5 55 0.300000
5 56 0.400000
5 57 0.251309
5 58 0.545455
5 59 0.294479
5 60 0.152866
5 61 0.119403
5 62 0.226415
5 63 0.203390
5 64 0.166090
5 65 0.979592
5 66 0.527473
5 67 0.212389
5 68 0.480000
5 69 0.236453
5 70 0.225352
5 71 0.813559
5 72 0.217195
5 73 0.208696
5 74 0.177778
5 75 0.738462
5 76 0.179104
5 77 0.166090
5 78 0.489796
5 79 0.121212
5 80 0.203390
5 81 0.184615
5 82 0.516129
5 83 0.189723
5 84 0.461538
5 85 0.533333
5 86 0.448598
5 87 0.197531
5 88 0.211454
5 89 0.436364
5 90 0.307692
5 91 0.173913
5 92 0.328767
5 93 0.157895
5 94 0.129730
5 95 0.387097
5 96 0.248705
5 97 0.265193
5 98 0.484848
5 99 0.187500
6 7 0.077181
6 8 0.040564
6 9 0.075163
6 10 0.147436
6 11 0.052511
6 12 0.049784
6 13 0.110577
6 14 0.117347
6 15 0.055961
6 16 0.067647
6 17 0.051339
6 18 0.145570
6 19 0.188525
6 20 0.053241
6 21 0.396552
6 22 0.062670
6 23 0.111650
6 24 0.042991
6 25 0.154362
6 26 0.099567
6 27 0.051919
6 28 0.066474
6 29 0.049462
6 30 0.045726
6 31 0.044487
6 32 0.062500
6 33 0.050109
6 34 0.073016
6 35 0.058824
6 36 0.122995
6 37 0.070336
6 38 0.054374
6 39 0.056098
6 40 0.095041
6 41 0.054762
6 42 0.051802
6 43 0.110048
6 44 0.124324
6 45 0.076159
6 46 0.377049
6 47 0.064246
6 48 0.338235
6 49 0.053118
6 50 0.055422
6 51 0.115000
6 52 0.056511
6 53 0.063014
6 54 0.054893
6 55 0.141104
6 56 0.062500
6 57 0.060052
6 58 0.094650
6 59 0.061828
6 60 0.074194
6 61 0.054762
6 62 0.053118
6 63 0.252747
6 64 0.066474
6 65 0.094262
6 66 0.085185
6 67 0.083942
6 68 0.111650
6 69 0.069069
6 70 0.053864
6 71 0.107981
6 72 0.120419
6 73 0.479167
6 74 0.070988
6 75 0.069697
6 76 0.068452
6 77 0.046371
6 78 0.112745
6 79 0.055024
6 80 0.064607
6 81 0.958333
6 82 0.084871
6 83 0.048017
6 84 0.098712
6 85 0.127072
6 86 0.085502
6 87 0.328571
6 88 0.063187
6 89 0.095436
6 90 0.066282
6 91 0.111111
6 92 0.105991
6 93 0.044061
6 94 0.061995
6 95 0.061008
6 96 0.091270
6 97 0.051919
6 98 0.123656
6 99 0.048936
7 8 0.084548
7 9 0.086053
7 10 0.194631
7 11 0.169591
7 12 0.103571
7 13 0.256637
7 14 0.281553
7 15 0.195946
7 16 0.353659
7 17 0.096990
7 18 0.122881
7 19 0.155914
7 20 0.145729
7 21 0.117886
7 22 0.066210
7 23 0.245763
7 24 0.078378
7 25 0.091772
7 26 0.408451
7 27 0.198630
7 28 0.094156
7 29 0.095395
7 30 0.122881
7 31 0.101754
7 32 0.063736
7 33 0.147959
7 34 0.202797
7 35 0.261261
7 36 0.177914
7 37 0.207143
7 38 0.219697
7 39 0.065463
7 40 0.139423
7 41 0.079670
7 42 0.130631
7 43 0.315217
7 44 0.256637
7 45 0.071605
7 46 0.102113
7 47 0.345238
7 48 0.099315
7 49 0.115538
7 50 0.095395
7 51 0.174699
7 52 0.243697
7 53 0.256637
7 54 0.061311
7 55 0.085294
7 56 0.111111
7 57 0.152632
7 58 0.161111
7 59 0.067442
7 60 0.568627
7 61 0.207143
7 62 0.116000
7 63 0.139423
7 64 0.580000
7 65 0.097315
7 66 0.083095
7 67 0.690476
7 68 0.160221
7 69 0.266055
7 70 0.122363
7 71 0.107407
7 72 0.271028
7 73 0.114173
7 74 0.966667
7 75 0.100694
7 76 0.617021
7 77 0.105839
7 78 0.155914
7 79 0.214815
7 80 0.284314
7 81 0.092652
7 82 0.082621
7 83 0.101754
7 84 0.174699
7 85 0.127193
7 86 0.175758
7 87 0.085799
7 88 0.237705
7 89 0.182390
7 90 0.068558
7 91 0.266055
7 92 0.221374
7 93 0.094156
7 94 0.281553
7 95 0.077333
7 96 0.381579
7 97 0.071429
7 98 0.143564
7 99 0.109848
8 9 0.120321
8 10 0.106132
8 11 0.248619
8 12 0.387931
8 13 0.100671
8 14 0.108959
8 15 0.110565
8 16 0.114796
8 17 0.290323
8 18 0.105882
8 19 0.100223
8 20 0.308219
8 21 0.088235
8 22 0.100897
8 23 0.121951
8 24 0.387931
8 25 0.091463
8 26 0.121294
8 27 0.152542
8 28 0.150502
8 29 0.333333
8 30 0.333333
8 31 0.750000
8 32 0.095745
8 33 0.286624
8 34 0.177165
8 35 0.187500
8 36 0.090361
8 37 0.185185
8 38 0.183673
8 39 0.110837
8 40 0.133136
8 41 0.161290
8 42 0.354331
8 43 0.108696
8 44 0.107656
8 45 0.096774
8 46 0.086207
8 47 0.120321
8 48 0.076014
8 49 0.321429
8 50 0.215311
8 51 0.089109
8 52 0.182927
8 53 0.110294
8 54 0.101580
8 55 0.088933
8 56 0.195652
8 57 0.243243
8 58 0.137615
8 59 0.105140
8 60 0.117801
8 61 0.120321
8 62 0.326087
8 63 0.090909
8 64 0.145631
8 65 0.113636
8 66 0.105882
8 67 0.135135
8 68 0.123967
8 69 0.180000
8 70 0.316901
8 71 0.112219
8 72 0.109756
8 73 0.086538
8 74 0.142405
8 75 0.151007
8 76 0.150502
8 77 0.616438
8 78 0.122616
8 79 0.122616
8 80 0.185185
8 81 0.078947
8 82 0.105634
8 83 0.473684
8 84 0.133929
8 85 0.112219
8 86 0.150000
8 87 0.078947
8 88 0.200000
8 89 0.137615
8 90 0.101351
8 91 0.102041
8 92 0.127479
8 93 0.978261
8 94 0.116279
8 95 0.130435
8 96 0.133929
8 97 0.145631
8 98 0.116279
8 99 0.459184
9 10 0.210117
9 11 0.155172
9 12 0.207692
9 13 0.154286
9 14 0.180602
9 15 0.111801
9 16 0.129496
9 17 0.245455
9 18 0.335404
9 19 0.218623
9 20 0.180602
9 21 0.200743
9 22 0.524272
9 23 0.227848
9 24 0.184300
9 25 0.321429
9 26 0.188153
9 27 0.123570
9 28 0.710526
9 29 0.224066
9 30 0.139175
9 31 0.154286
9 32 0.442623
9 33 0.152542
9 34 0.247706
9 35 0.157434
9 36 0.143236
9 37 0.234783
9 38 0.140992
9 39 0.469565
9 40 0.415385
9 41 0.421875
9 42 0.184932
9 43 0.170886
9 44 0.184300
9 45 0.580645
9 46 0.219512
9 47 0.128878
9 48 0.147945
9 49 0.220408
9 50 0.321429
9 51 0.137755
9 52 0.147139
9 53 0.120267
9 54 0.388489
9 55 0.321429
9 56 0.362416
9 57 0.225000
9 58 0.343949
9 59 0.574468
9 60 0.140992
9 61 0.115139
9 62 0.218623
9 63 0.184932
9 64 0.151685
9 65 0.843750
9 66 0.981818
9 67 0.183051
9 68 0.321429
9 69 0.203008
9 70 0.215139
9 71 0.545455
9 72 0.186851
9 73 0.194946
9 74 0.159763
9 75 0.683544
9 76 0.161194
9 77 0.166667
9 78 0.327273
9 79 0.116631
9 80 0.180602
9 81 0.183051
9 82 0.964286
9 83 0.192171
9 84 0.310345
9 85 0.369863
9 86 0.310345
9 87 0.200743
9 88 0.188153
9 89 0.301676
9 90 0.606742
9 91 0.157434
9 92 0.251163
9 93 0.162651
9 94 0.123007
9 95 0.750000
9 96 0.205323
9 97 0.382979
9 98 0.335404
9 99 0.186207
10 11 0.130282
10 12 0.112805
10 13 0.377551
10 14 0.672727
10 15 0.132143
10 16 0.178744
10 17 0.113846
10 18 0.336364
10 19 0.973684
10 20 0.130742
10 21 0.370000
10 22 0.106017
10 23 0.672727
10 24 0.090244
10 25 0.205556
10 26 0.468354
10 27 0.126280
10 28 0.140684
10 29 0.109467
10 30 0.106017
10 31 0.100000
10 32 0.102778
10 33 0.121311
10 34 0.216374
10 35 0.156780
10 36 0.305785
10 37 0.204420
10 38 0.138060
10 39 0.099462
10 40 0.262411
10 41 0.110448
10 42 0.124579
10 43 0.500000
10 44 0.822222
10 45 0.123333
10 46 0.272059
10 47 0.168182
10 48 0.218935
10 49 0.124579
10 50 0.121711
10 51 0.272059
10 52 0.146825
10 53 0.156118
10 54 0.093909
10 55 0.181373
10 56 0.145098
10 57 0.153527
10 58 0.296000
10 59 0.106936
10 60 0.215116
10 61 0.131206
10 62 0.124579
10 63 0.513889
10 64 0.190722
10 65 0.184080
10 66 0.149194
10 67 0.308333
10 68 0.385417
10 69 0.205556
10 70 0.128472
10 71 0.222892
10 72 0.804348
10 73 0.339450
10 74 0.216374
10 75 0.152263
10 76 0.203297
10 77 0.105413
10 78 0.381443
10 79 0.133094
10 80 0.183168
10 81 0.221557
10 82 0.148000
10 83 0.108187
10 84 0.342593
10 85 0.321739
10 86 0.266187
10 87 0.194737
10 88 0.175355
10 89 0.330357
10 90 0.112121
10 91 0.402174
10 92 0.500000
10 93 0.097368
10 94 0.156780
10 95 0.116719
10 96 0.381443
10 97 0.100271
10 98 0.385417
10 99 0.112462
11 12 0.157233
11 13 0.088652
11 14 0.096899
11 15 0.108225
11 16 0.117925
11 17 0.125628
11 18 0.076923
11 19 0.078864
11 20 0.390625
11 21 0.065445
11 22 0.056306
11 23 0.107296
11 24 0.104167
11 25 0.061576
11 26 0.115741
11 27 0.198413
11 28 0.086806
11 29 0.130208
11 30 0.373134
11 31 0.204918
11 32 0.053648
11 33 0.961538
11 34 0.173611
11 35 0.403226
11 36 0.075075
11 37 0.192308
11 38 0.367647
11 39 0.058685
11 40 0.098425
11 41 0.080128
11 42 0.290698
11 43 0.098425
11 44 0.093985
11 45 0.057208
11 46 0.061425
11 47 0.128866
11 48 0.055804
11 49 0.174825
11 50 0.107296
11 51 0.074184
11 52 0.378788
11 53 0.109649
11 54 0.054113
11 55 0.058824
11 56 0.116822
11 57 0.225225
11 58 0.108225
11 59 0.058140
11 60 0.121951
11 61 0.125628
11 62 0.177305
11 63 0.070423
11 64 0.190840
11 65 0.073529
11 66 0.065104
11 67 0.145349
11 68 0.097276
11 69 0.231481
11 70 0.196850
11 71 0.076220
11 72 0.096899
11 73 0.063939
11 74 0.176056
11 75 0.090909
11 76 0.200000
11 77 0.208333
11 78 0.095420
11 79 0.130208
11 80 0.301205
11 81 0.055928
11 82 0.064767
11 83 0.164474
11 84 0.109170
11 85 0.081699
11 86 0.124378
11 87 0.054348
11 88 0.324675
11 89 0.114155
11 90 0.057471
11 91 0.090253
11 92 0.110619
11 93 0.162338
11 94 0.120773
11 95 0.070621
11 96 0.132979
11 97 0.070621
11 98 0.088028
11 99 0.198413
12 13 0.056911
12 14 0.064024
12 15 0.055118
12 16 0.060694
12 17 0.428571
12 18 0.066879
12 19 0.060172
12 20 0.216495
12 21 0.051597
12 22 0.062315
12 23 0.076364
12 24 0.230769
12 25 0.055556
12 26 0.072917
12 27 0.074205
12 28 0.112903
12 29 0.600000
12 30 0.132911
12 31 0.223404
12 32 0.058172
12 33 0.143836
12 34 0.132075
12 35 0.105000
12 36 0.050239
12 37 0.137255
12 38 0.093750
12 39 0.069079
12 40 0.092920
12 41 0.117978
12 42 0.287671
12 43 0.063063
12 44 0.063444
12 45 0.059659
12 46 0.050725
12 47 0.063063
12 48 0.042510
12 49 0.656250
12 50 0.210000
12 51 0.049180
12 52 0.097222
12 53 0.056911
12 54 0.061584
12 55 0.053708
12 56 0.182609
12 57 0.225806
12 58 0.095455
12 59 0.065625
12 60 0.064220
12 61 0.059659
12 62 0.656250
12 63 0.052897
12 64 0.081081
12 65 0.074733
12 66 0.067742
12 67 0.081395
12 68 0.082031
12 69 0.121387
12 70 0.477273
12 71 0.073427
12 72 0.065015
12 73 0.050360
12 74 0.081081
12 75 0.114130
12 76 0.086066
12 77 0.304348
12 78 0.081081
12 79 0.060870
12 80 0.115385
12 81 0.045356
12 82 0.067524
12 83 0.954545
12 84 0.090909
12 85 0.072165
12 86 0.107692
12 87 0.045652
12 88 0.130435
12 89 0.094170
12 90 0.062874
12 91 0.057851
12 92 0.082353
12 93 0.287671
12 94 0.060000
12 95 0.088608
12 96 0.083665
12 97 0.097674
12 98 0.075540
12 99 0.538462
13 14 0.137255
13 15 0.034483
13 16 0.052632
13 17 0.018568
13 18 0.033654
13 19 0.056000
13 20 0.023256
13 21 0.041916
13 22 0.015766
13 23 0.059829
13 24 0.015284
13 25 0.025641
13 26 0.085366
13 27 0.028226
13 28 0.020349
13 29 0.018088
13 30 0.020173
13 31 0.017995
13 32 0.015317
13 33 0.022876
13 34 0.032864
13 35 0.031390
13 36 0.134615
13 37 0.032110
13 38 0.028807
13 39 0.015086
13 40 0.031111
13 41 0.016949
13 42 0.021739
13 43 0.179487
13 44 0.122807
13 45 0.017632
13 46 0.032864
13 47 0.046053
13 48 0.037234
13 49 0.020710
13 50 0.018970
13 51 0.118644
13 52 0.030303
13 53 0.044586
13 54 0.014344
13 55 0.023569
13 56 0.021807
13 57 0.025271
13 58 0.034483
13 59 0.015909
13 60 0.066667
13 61 0.032864
13 62 0.020710
13 63 0.057851
13 64 0.043478
13 65 0.023649
13 66 0.020290
13 67 0.060870
13 68 0.038251
13 69 0.035176
13 70 0.021472
13 71 0.026718
13 72 0.112903
13 73 0.040698
13 74 0.049296
13 75 0.021605
13 76 0.044025
13 77 0.018667
13 78 0.037634
13 79 0.033175
13 80 0.034146
13 81 0.030837
13 82 0.020173
13 83 0.018519
13 84 0.037838
13 85 0.033175
13 86 0.034146
13 87 0.026718
13 88 0.031532
13 89 0.038043
13 90 0.016432
13 91 0.875000
13 92 0.049296
13 93 0.017157
13 94 0.042683
13 95 0.017327
13 96 0.058333
13 97 0.015556
13 98 0.036842
13 99 0.019444
14 15 0.044053
14 16 0.065359
14 17 0.030030
14 18 0.061350
14 19 0.111111
14 20 0.037313
14 21 0.068493
14 22 0.025316
14 23 0.151515
14 24 0.024096
14 25 0.042735
14 26 0.227273
14 27 0.040323
14 28 0.034014
14 29 0.029155
14 30 0.030864
14 31 0.028011
14 32 0.024510
14 33 0.035587
14 34 0.058824
14 35 0.049261
14 36 0.108696
14 37 0.056818
14 38 0.043290
14 39 0.024213
14 40 0.057471
14 41 0.027624
14 42 0.034843
14 43 0.526316
14 44 0.833333
14 45 0.028571
14 46 0.053763
14 47 0.059880
14 48 0.052083
14 49 0.033670
14 50 0.031153
14 51 0.096154
14 52 0.046083
14 53 0.054645
14 54 0.022883
14 55 0.038760
14 56 0.036765
14 57 0.042194
14 58 0.065789
14 59 0.025641
14 60 0.084034
14 61 0.043478
14 62 0.033670
14 63 0.095238
14 64 0.065789
14 65 0.040486
14 66 0.033784
14 67 0.116279
14 68 0.075758
14 69 0.060976
14 70 0.034965
14 71 0.046948
14 72 0.909091
14 73 0.065359
14 74 0.076923
14 75 0.036630
14 76 0.069444
14 77 0.029326
14 78 0.074074
14 79 0.044053
14 80 0.056497
14 81 0.047393
14 82 0.033557
14 83 0.029499
14 84 0.074627
14 85 0.061350
14 86 0.064103
14 87 0.041841
14 88 0.052356
14 89 0.075188
14 90 0.026525
14 91 0.227273
14 92 0.109890
14 93 0.026882
14 94 0.054645
14 95 0.028329
14 96 0.126582
14 97 0.025000
14 98 0.070922
14 99 0.030960
15 16 0.459459
15 17 0.082524
15 18 0.089474
15 19 0.107595
15 20 0.118881
15 21 0.092391
15 22 0.058120
15 23 0.129278
15 24 0.072650
15 25 0.074398
15 26 0.161137
15 27 0.293103
15 28 0.075724
15 29 0.082725
15 30 0.123636
15 31 0.096866
15 32 0.056385
15 33 0.134387
15 34 0.122302
15 35 0.187845
15 36 0.145923
15 37 0.125461
15 38 0.207317
15 39 0.057922
15 40 0.095506
15 41 0.068136
15 42 0.109325
15 43 0.162679
15 44 0.142857
15 45 0.061483
15 46 0.082725
15 47 0.523077
15 48 0.088542
15 49 0.094972
15 50 0.079070
15 51 0.150442
15 52 0.203593
15 53 0.739130
15 54 0.054927
15 55 0.070539
15 56 0.086514
15 57 0.111842
15 58 0.103659
15 59 0.059028
15 60 0.311927
15 61 0.971429
15 62 0.095506
15 63 0.105590
15 64 0.255639
15 65 0.076233
15 66 0.068410
15 67 0.178947
15 68 0.103343
15 69 0.145923
15 70 0.099707
15 71 0.081340
15 72 0.144681
15 73 0.091153
15 74 0.231293
15 75 0.079070
15 76 0.220779
15 77 0.097143
15 78 0.102102
15 79 0.809524
15 80 0.162679
15 81 0.079254
15 82 0.068136
15 83 0.089710
15 84 0.108280
15 85 0.090909
15 86 0.109677
15 87 0.073593
15 88 0.148472
15 89 0.110749
15 90 0.059649
15 91 0.166667
15 92 0.122302
15 93 0.088542
15 94 0.739130
15 95 0.065637
15 96 0.151786
15 97 0.062847
15 98 0.097701
15 99 0.096045
16 17 0.059459
16 18 0.071661
16 19 0.090909
16 20 0.085938
16 21 0.074576
16 22 0.042389
16 23 0.115183
16 24 0.050459
16 25 0.057292
16 26 0.158273
16 27 0.167939
16 28 0.056555
16 29 0.058981
16 30 0.081784
16 31 0.066066
16 32 0.041121
16 33 0.092827
16 34 0.099548
16 35 0.143791
16 36 0.129412
16 37 0.101382
16 38 0.144737
16 39 0.041985
16 40 0.076389
16 41 0.049550
16 42 0.078292
16 43 0.161765
16 44 0.134146
16 45 0.045549
16 46 0.065089
16 47 0.956522
16 48 0.069182
16 49 0.068966
16 50 0.057743
16 51 0.133333
16 52 0.148649
16 53 0.687500
16 54 0.039711
16 55 0.053922
16 56 0.064706
16 57 0.084615
16 58 0.084615
16 59 0.043137
16 60 0.611111
16 61 0.271605
16 62 0.069182
16 63 0.087649
16 64 0.250000
16 65 0.058355
16 66 0.051402
16 67 0.178862
16 68 0.085271
16 69 0.120879
16 70 0.072607
16 71 0.063401
16 72 0.136646
16 73 0.073090
16 74 0.241758
16 75 0.059621
16 76 0.211538
16 77 0.067278
16 78 0.083650
16 79 0.275000
16 80 0.133333
16 81 0.061453
16 82 0.051163
16 83 0.063218
16 84 0.089796
16 85 0.072848
16 86 0.089431
16 87 0.056410
16 88 0.118280
16 89 0.092050
16 90 0.043738
16 91 0.164179
16 92 0.105769
16 93 0.060773
16 94 0.687500
16 95 0.048246
16 96 0.141935
16 97 0.045267
16 98 0.079710
16 99 0.067901
17 18 0.067797
17 19 0.058651
17 20 0.147059
17 21 0.050761
17 22 0.068493
17 23 0.072993
17 24 0.227273
17 25 0.056980
17 26 0.067568
17 27 0.062305
17 28 0.137931
17 29 0.952381
17 30 0.097087
17 31 0.140845
17 32 0.063291
17 33 0.105820
17 34 0.121212
17 35 0.086207
17 36 0.047170
17 37 0.123457
17 38 0.076628
17 39 0.078125
17 40 0.096618
17 41 0.153846
17 42 0.173913
17 43 0.058824
17 44 0.059880
17 45 0.064309
17 46 0.050505
17 47 0.055556
17 48 0.041237
17 49 0.350877
17 50 0.363636
17 51 0.045977
17 52 0.079681
17 53 0.050505
17 54 0.068027
17 55 0.055249
17 56 0.240964
17 57 0.180180
17 58 0.096618
17 59 0.072993
17 60 0.057471
17 61 0.051948
17 62 0.338983
17 63 0.051282
17 64 0.070175
17 65 0.080645
17 66 0.073529
17 67 0.073801
17 68 0.082305
17 69 0.104712
17 70 0.273973
17 71 0.077220
17 72 0.061350
17 73 0.049505
17 74 0.071174
17 75 0.136986
17 76 0.074906
17 77 0.170940
17 78 0.081301
17 79 0.052910
17 80 0.097087
17 81 0.044743
17 82 0.073260
17 83 0.294118
17 84 0.090498
17 85 0.073801
17 86 0.106952
17 87 0.045558
17 88 0.108108
17 89 0.093023
17 90 0.068966
17 91 0.053908
17 92 0.079681
17 93 0.172414
17 94 0.052910
17 95 0.104712
17 96 0.077519
17 97 0.120482
17 98 0.076336
17 99 0.232558
18 19 0.266667
18 20 0.079470
18 21 0.214286
18 22 0.098765
18 23 0.203390
18 24 0.062992
18 25 0.289157
18 26 0.142012
18 27 0.064865
18 28 0.126316
18 29 0.076923
18 30 0.062500
18 31 0.062992
18 32 0.094862
18 33 0.070381
18 34 0.129730
18 35 0.081911
18 36 0.106667
18 37 0.120603
18 38 0.072508
18 39 0.087912
18 40 0.269663
18 41 0.090909
18 42 0.077922
18 43 0.132597
18 44 0.156863
18 45 0.125654
18 46 0.235294
18 47 0.075949
18 48 0.115385
18 49 0.083916
18 50 0.093023
18 51 0.099585
18 52 0.076433
18 53 0.071006
18 54 0.082474
18 55 0.226415
18 56 0.112676
18 57 0.097561
18 58 0.240000
18 59 0.099174
18 60 0.088235
18 61 0.063830
18 62 0.083333
18 63 0.183206
18 64 0.087912
18 65 0.242424
18 66 0.170213
18 67 0.121212
18 68 0.352941
18 69 0.109589
18 70 0.084806
18 71 0.380952
18 72 0.157895
18 73 0.200000
18 74 0.095618
18 75 0.138728
18 76 0.093750
18 77 0.067227
18 78 0.375000
18 79 0.064690
18 80 0.096000
18 81 0.155844
18 82 0.167832
18 83 0.072289
18 84 0.247423
18 85 0.960000
18 86 0.184615
18 87 0.164384
18 88 0.096386
18 89 0.224299
18 90 0.107143
18 91 0.118812
18 92 0.220183
18 93 0.063325
18 94 0.071642
18 95 0.105263
18 96 0.146341
18 97 0.082759
18 98 0.571429
18 99 0.073171
19 20 0.160772
19 21 0.757576
19 22 0.150150
19 23 0.588235
19 24 0.117096
19 25 0.335570
19 26 0.431034
19 27 0.151515
19 28 0.190114
19 29 0.140845
19 30 0.131234
19 31 0.125628
19 32 0.146199
19 33 0.148368
19 34 0.255102
19 35 0.185185
19 36 0.367647
19 37 0.241546
19 38 0.164474
19 39 0.138504
19 40 0.347222
19 41 0.148368
19 42 0.154321
19 43 0.467290
19 44 0.632911
19 45 0.179211
19 46 0.505051
19 47 0.195312
19 48 0.342466
19 49 0.157233
19 50 0.158730
19 51 0.328947
19 52 0.173611
19 53 0.183824
19 54 0.131579
19 55 0.289017
19 56 0.187970
19 57 0.188679
19 58 0.370370
19 59 0.150602
19 60 0.240385
19 61 0.157233
19 62 0.156740
19 63 0.980392
19 64 0.216450
19 65 0.267380
19 66 0.216450
19 67 0.320513
19 68 0.500000
19 69 0.236967
19 70 0.160772
19 71 0.331126
19 72 0.609756
19 73 0.666667
19 74 0.240385
19 75 0.204918
19 76 0.228311
19 77 0.132626
19 78 0.500000
19 79 0.158730
19 80 0.212766
19 81 0.378788
19 82 0.214592
19 83 0.137363
19 84 0.413223
19 85 0.490196
19 86 0.322581
19 87 0.326797
19 88 0.206612
19 89 0.393701
19 90 0.159236
19 91 0.416667
19 92 0.515464
19 93 0.123457
19 94 0.183824
19 95 0.160772
19 96 0.381679
19 97 0.135870
19 98 0.549451
19 99 0.141643
20 21 0.066845
20 22 0.063939
20 23 0.109649
20 24 0.136612
20 25 0.066138
20 26 0.110619
20 27 0.133690
20 28 0.106838
20 29 0.192308
20 30 0.280899
20 31 0.280899
20 32 0.060386
20 33 0.438596
20 34 0.210084
20 35 0.235849
20 36 0.071023
20 37 0.235849
20 38 0.196850
20 39 0.067751
20 40 0.113122
20 41 0.099206
20 42 0.961538
20 43 0.093284
20 44 0.091241
20 45 0.064103
20 46 0.063776
20 47 0.103306
20 48 0.055432
20 49 0.312500
20 50 0.145349
20 51 0.069638
20 52 0.208333
20 53 0.090253
20 54 0.061576
20 55 0.063131
20 56 0.159236
20 57 0.403226
20 58 0.123153
20 59 0.066489
20 60 0.103306
20 61 0.097656
20 62 0.320513
20 63 0.070621
20 64 0.147059
20 65 0.083333
20 66 0.073529
20 67 0.133690
20 68 0.106383
20 69 0.238095
20 70 0.390625
20 71 0.085324
20 72 0.094340
20 73 0.065104
20 74 0.143678
20 75 0.112108
20 76 0.159236
20 77 0.333333
20 78 0.104167
20 79 0.100402
20 80 0.255102
20 81 0.057208
20 82 0.073099
20 83 0.265957
20 84 0.120773
20 85 0.089286
20 86 0.144509
20 87 0.056433
20 88 0.312500
20 89 0.126904
20 90 0.065274
20 91 0.084459
20 92 0.116279
20 93 0.229358
20 94 0.097276
20 95 0.083893
20 96 0.130890
20 97 0.085324
20 98 0.095785
20 99 0.362319
21 22 0.026393
21 23 0.060403
21 24 0.018672
21 25 0.069231
21 26 0.050562
21 27 0.022959
21 28 0.030000
21 29 0.021951
21 30 0.020179
21 31 0.019565
21 32 0.026012
21 33 0.022388
21 34 0.034884
21 35 0.026866
21 36 0.056962
21 37 0.033333
21 38 0.024457
21 39 0.023810
21 40 0.047368
21 41 0.024064
21 42 0.023256
21 43 0.055901
21 44 0.066667
21 45 0.032143
21 46 0.187500
21 47 0.028939
21 48 0.092784
21 49 0.023873
21 50 0.024725
21 51 0.052023
21 52 0.025568
21 53 0.027864
21 54 0.023018
21 55 0.059603
21 56 0.028481
21 57 0.027607
21 58 0.047872
21 59 0.026239
21 60 0.034221
21 61 0.024064
21 62 0.023873
21 63 0.187500
21 64 0.030717
21 65 0.043689
21 66 0.037500
21 67 0.040909
21 68 0.059211
21 69 0.032609
21 70 0.024324
21 71 0.052326
21 72 0.064286
21 73 0.900000
21 74 0.033210
21 75 0.031802
21 76 0.031915
21 77 0.020501
21 78 0.060403
21 79 0.024259
21 80 0.030000
21 81 0.134328
21 82 0.037344
21 83 0.021277
21 84 0.050847
21 85 0.067669
21 86 0.042254
21 87 0.094737
21 88 0.029316
21 89 0.048913
21 90 0.028037
21 91 0.054545
21 92 0.056250
21 93 0.019313
21 94 0.027607
21 95 0.026627
21 96 0.045918
21 97 0.022444
21 98 0.067164
21 99 0.021792
22 23 0.053731
22 24 0.051724
22 25 0.082192
22 26 0.046632
22 27 0.033457
22 28 0.113924
22 29 0.057692
22 30 0.037657
22 31 0.041860
22 32 0.720000
22 33 0.040268
22 34 0.056426
22 35 0.040632
22 36 0.038544
22 37 0.054545
22 38 0.037267
22 39 0.300000
22 40 0.077922
22 41 0.105882
22 42 0.047244
22 43 0.043689
22 44 0.046392
22 45 0.264706
22 46 0.058632
22 47 0.034549
22 48 0.041763
22 49 0.054878
22 50 0.075630
22 51 0.037267
22 52 0.038544
22 53 0.032727
22 54 0.339623
22 55 0.086957
22 56 0.076596
22 57 0.053892
22 58 0.069498
22 59 0.947368
22 60 0.037190
22 61 0.031524
22 62 0.054545
22 63 0.048387
22 64 0.039301
22 65 0.120805
22 66 0.174757
22 67 0.045340
22 68 0.067925
22 69 0.049046
22 70 0.053412
22 71 0.097826
22 72 0.046875
22 73 0.051873
22 74 0.040909
22 75 0.105882
22 76 0.041190
22 77 0.044444
22 78 0.068702
22 79 0.031858
22 80 0.045000
22 81 0.051282
22 82 0.178218
22 83 0.050279
22 84 0.065693
22 85 0.076923
22 86 0.065217
22 87 0.057325
22 88 0.046512
22 89 0.064286
22 90 0.857143
22 91 0.041096
22 92 0.057325
22 93 0.044226
22 94 0.033272
22 95 0.176471
22 96 0.049451
22 97 0.116883
22 98 0.070588
22 99 0.048518
23 24 0.069638
23 25 0.125628
23 26 0.471698
23 27 0.097656
23 28 0.109649
23 29 0.087413
23 30 0.084175
23 31 0.079114
23 32 0.071429
23 33 0.098814
23 34 0.213675
23 35 0.132979
23 36 0.160256
23 37 0.196850
23 38 0.112108
23 39 0.071429
23 40 0.227273
23 41 0.084175
23 42 0.102881
23 43 0.308642
23 44 0.390625
23 45 0.084746
23 46 0.141243
23 47 0.125628
23 48 0.112108
23 49 0.102459
23 50 0.096899
23 51 0.147929
23 52 0.120773
23 53 0.112108
23 54 0.066489
23 55 0.112108
23 56 0.119617
23 57 0.133690
23 58 0.290698
23 59 0.075988
23 60 0.161290
23 61 0.096899
23 62 0.102459
23 63 0.198413
23 64 0.159236
23 65 0.132275
23 66 0.104167
23 67 0.308642
23 68 0.352113
23 69 0.196850
23 70 0.106838
23 71 0.158228
23 72 0.438596
23 73 0.157233
23 74 0.186567
23 75 0.120773
23 76 0.176056
23 77 0.084175
23 78 0.337838
23 79 0.098814
23 80 0.165563
23 81 0.116279
23 82 0.103306
23 83 0.086806
23 84 0.367647
23 85 0.225225
23 86 0.274725
23 87 0.108225
23 88 0.158228
23 89 0.367647
23 90 0.078616
23 91 0.227273
23 92 0.961538
23 93 0.076687
23 94 0.115207
23 95 0.086806
23 96 0.500000
23 97 0.074850
23 98 0.290698
23 99 0.091241
24 25 0.165517
24 26 0.191489
24 27 0.197260
24 28 0.328767
24 29 0.986301
24 30 0.324324
24 31 0.517986
24 32 0.194070
24 33 0.322870
24 34 0.292683
24 35 0.250000
24 36 0.142292
24 37 0.300000
24 38 0.234528
24 39 0.238411
24 40 0.244898
24 41 0.404494
24 42 0.458599
24 43 0.171021
24 44 0.172662
24 45 0.190476
24 46 0.149068
24 47 0.170616
24 48 0.125874
24 49 0.595041
24 50 0.558140
24 51 0.139535
24 52 0.238411
24 53 0.157205
24 54 0.213018
24 55 0.161798
24 56 0.426036
24 57 0.393443
24 58 0.244898
24 59 0.218845
24 60 0.172662
24 61 0.164760
24 62 0.595041
24 63 0.150943
24 64 0.206304
24 65 0.218845
24 66 0.208092
24 67 0.207493
24 68 0.217523
24 69 0.272727
24 70 0.537313
24 71 0.209913
24 72 0.176039
24 73 0.146640
24 74 0.206304
24 75 0.320000
24 76 0.215569
24 77 0.571429
24 78 0.216216
24 79 0.167442
24 80 0.264706
24 81 0.134831
24 82 0.206897
24 83 0.808989
24 84 0.234528
24 85 0.201681
24 86 0.263736
24 87 0.137143
24 88 0.286853
24 89 0.239203
24 90 0.206304
24 91 0.159645
24 92 0.213650
24 93 0.712871
24 94 0.164384
24 95 0.290323
24 96 0.213018
24 97 0.356436
24 98 0.206304
24 99 0.626087
25 26 0.096774
25 27 0.053097
25 28 0.107143
25 29 0.064690
25 30 0.051948
25 31 0.053097
25 32 0.109091
25 33 0.057143
25 34 0.090909
25 35 0.064000
25 36 0.086022
25 37 0.086331
25 38 0.058111
25 39 0.091255
25 40 0.151899
25 41 0.082192
25 42 0.062827
25 43 0.094862
25 44 0.107143
25 45 0.155844
25 46 0.266667
25 47 0.060759
25 48 0.112150
25 49 0.067989
25 50 0.077922
25 51 0.081356
25 52 0.060606
25 53 0.057831
25 54 0.088561
25 55 0.960000
25 56 0.089219
25 57 0.075235
25 58 0.136364
25 59 0.107143
25 60 0.068768
25 61 0.052747
25 62 0.067797
25 63 0.140351
25 64 0.067606
25 65 0.216216
25 66 0.192000
25 67 0.086022
25 68 0.160000
25 69 0.080000
25 70 0.068182
25 71 0.258065
25 72 0.107143
25 73 0.179104
25 74 0.072289
25 75 0.112676
25 76 0.071006
25 77 0.056075
25 78 0.165517
25 79 0.053215
25 80 0.072289
25 81 0.180451
25 82 0.192000
25 83 0.060302
25 84 0.135593
25 85 0.240000
25 86 0.115942
25 87 0.237624
25 88 0.072727
25 89 0.128342
25 90 0.120603
25 91 0.089552
25 92 0.125000
25 93 0.053691
25 94 0.058111
25 95 0.100418
25 96 0.097561
25 97 0.077922
25 98 0.193548
25 99 0.060606
26 27 0.176744
26 28 0.140221
26 29 0.124590
26 30 0.134752
26 31 0.121019
26 32 0.094763
26 33 0.158996
26 34 0.287879
26 35 0.234568
26 36 0.292308
26 37 0.279412
26 38 0.197917
26 39 0.095477
26 40 0.240506
26 41 0.113095
26 42 0.155738
26 43 0.844444
26 44 0.745098
26 45 0.109510
26 46 0.177570
26 47 0.256757
26 48 0.162393
26 49 0.147860
26 50 0.131488
26 51 0.271429
26 52 0.214689
26 53 0.223529
26 54 0.089412
26 55 0.139706
26 56 0.157676
26 57 0.193878
26 58 0.287879
26 59 0.100000
26 60 0.368932
26 61 0.182692
26 62 0.147860
26 63 0.265734
26 64 0.327586
26 65 0.157676
26 66 0.130137
26 67 0.863636
26 68 0.311475
26 69 0.314050
26 70 0.155102
26 71 0.180952
26 72 0.883721
26 73 0.204301
26 74 0.408602
26 75 0.151394
26 76 0.361905
26 77 0.127517
26 78 0.301587
26 79 0.186275
26 80 0.283582
26 81 0.155102
26 82 0.129252
26 83 0.127517
26 84 0.330435
26 85 0.231707
26 86 0.296875
26 87 0.141791
26 88 0.256757
26 89 0.342342
26 90 0.102981
26 91 0.506667
26 92 0.520548
26 93 0.115152
26 94 0.228916
26 95 0.113433
26 96 0.974359
26 97 0.101333
26 98 0.273381
26 99 0.135231
27 28 0.154639
27 29 0.189873
27 30 0.372671
27 31 0.250000
27 32 0.107527
27 33 0.416667
27 34 0.273973
27 35 0.625000
27 36 0.204778
27 37 0.288462
27 38 0.983607
27 39 0.113422
27 40 0.186916
27 41 0.141176
27 42 0.284360
27 43 0.254237
27 44 0.231660
27 45 0.115830
27 46 0.140187
27 47 0.555556
27 48 0.138249
27 49 0.226415
27 50 0.171920
27 51 0.206186
27 52 0.821918
27 53 0.458015
27 54 0.106572
27 55 0.126316
27 56 0.186916
27 57 0.271493
27 58 0.204778
27 59 0.114068
27 60 0.413793
27 61 0.731707
27 62 0.228137
27 63 0.169972
27 64 0.600000
27 65 0.145278
27 66 0.129870
27 67 0.340909
27 68 0.195440
27 69 0.350877
27 70 0.240964
27 71 0.153061
27 72 0.237154
27 73 0.150376
27 74 0.487805
27 75 0.161725
27 76 0.521739
27 77 0.246914
27 78 0.192308
27 79 0.800000
27 80 0.431655
27 81 0.131004
27 82 0.129310
27 83 0.215827
27 84 0.211268
27 85 0.168067
27 86 0.223881
27 87 0.124481
27 88 0.392157
27 89 0.218182
27 90 0.114286
27 91 0.243902
27 92 0.229885
27 93 0.218182
27 94 0.545455
27 95 0.131291
27 96 0.289855
27 97 0.128205
27 98 0.181269
27 99 0.238095
28 29 0.120482
28 30 0.062500
28 31 0.072202
28 32 0.110497
28 33 0.068966
28 34 0.115607
28 35 0.068493
28 36 0.052632
28 37 0.109890
28 38 0.060606
28 39 0.140845
28 40 0.162602
28 41 0.266667
28 42 0.089286
28 43 0.064935
28 44 0.068966
28 45 0.120482
28 46 0.069444
28 47 0.051680
28 48 0.050378
28 49 0.116279
28 50 0.215054
28 51 0.050761
28 52 0.063291
28 53 0.047733
28 54 0.113636
28 55 0.086957
28 56 0.259740
28 57 0.112994
28 58 0.140845
28 59 0.139860
28 60 0.056022
28 61 0.046512
28 62 0.114943
28 63 0.064103
28 64 0.063091
28 65 0.175439
28 66 0.156250
28 67 0.074627
28 68 0.119048
28 69 0.090909
28 70 0.111111
28 71 0.147059
28 72 0.070423
28 73 0.064725
28 74 0.066007
28 75 0.952381
28 76 0.067568
28 77 0.079681
28 78 0.119760
28 79 0.047170
28 80 0.080000
28 81 0.058997
28 82 0.155039
28 83 0.096618
28 84 0.125000
28 85 0.119048
28 86 0.137931
28 87 0.062500
28 88 0.085106
28 89 0.123457
28 90 0.132450
28 91 0.059347
28 92 0.098522
28 93 0.077519
28 94 0.049261
28 95 0.285714
28 96 0.083333
28 97 0.186916
28 98 0.115607
28 99 0.092166
29 30 0.259067
29 31 0.403226
29 32 0.148810
29 33 0.276243
29 34 0.287356
29 35 0.217391
29 36 0.115207
29 37 0.294118
29 38 0.195312
29 39 0.181818
29 40 0.222222
29 41 0.340136
29 42 0.467290
29 43 0.142857
29 44 0.144928
29 45 0.151057
29 46 0.121065
29 47 0.138504
29 48 0.100000
29 49 0.925926
29 50 0.666667
29 51 0.112613
29 52 0.201613
29 53 0.125945
29 54 0.160256
29 55 0.130890
29 56 0.485437
29 57 0.434783
29 58 0.224215
29 59 0.170068
29 60 0.142045
29 61 0.130548
29 62 0.892857
29 63 0.123457
29 64 0.174825
29 65 0.186567
29 66 0.171233
29 67 0.179856
29 68 0.193050
29 69 0.255102
29 70 0.714286
29 71 0.179856
29 72 0.148368
29 73 0.119048
29 74 0.176056
29 75 0.299401
29 76 0.185185
29 77 0.495050
29 78 0.190840
29 79 0.132979
29 80 0.240385
29 81 0.107759
29 82 0.170068
29 83 0.980392
29 84 0.212766
29 85 0.173611
29 86 0.248756
29 87 0.109409
29 88 0.267380
29 89 0.218341
29 90 0.161290
29 91 0.131579
29 92 0.189394
29 93 0.520833
29 94 0.132275
29 95 0.236967
29 96 0.187266
29 97 0.273224
29 98 0.179211
29 99 0.684932
30 31 0.505882
30 32 0.085828
30 33 0.977273
30 34 0.216080
30 35 0.344000
30 36 0.108040
30 37 0.232432
30 38 0.367521
30 39 0.094923
30 40 0.140065
30 41 0.129909
30 42 0.438776
30 43 0.134375
30 44 0.129518
30 45 0.089770
30 46 0.091684
30 47 0.172691
30 48 0.083658
30 49 0.277419
30 50 0.171315
30 51 0.106965
30 52 0.349593
30 53 0.153571
30 54 0.087755
30 55 0.089397
30 56 0.176230
30 57 0.286667
30 58 0.150350
30 59 0.093074
30 60 0.161654
30 61 0.178423
30 62 0.281046
30 63 0.102381
30 64 0.222798
30 65 0.110825
30 66 0.100467
30 67 0.179916
30 68 0.136076
30 69 0.251462
30 70 0.300699
30 71 0.113158
30 72 0.132716
30 73 0.094505
30 74 0.207729
30 75 0.138264
30 76 0.227513
30 77 0.443299
30 78 0.133956
30 79 0.183761
30 80 0.290541
30 81 0.084149
30 82 0.100000
30 83 0.298611
30 84 0.149826
30 85 0.118457
30 86 0.167969
30 87 0.082534
30 88 0.307143
30 89 0.155235
30 90 0.091295
30 91 0.125364
30 92 0.149306
30 93 0.349593
30 94 0.166023
30 95 0.112565
30 96 0.169960
30 97 0.116216
30 98 0.125731
30 99 0.358333
31 32 0.057269
31 33 0.262626
31 34 0.128079
31 35 0.143646
31 36 0.059091
31 37 0.136126
31 38 0.138298
31 39 0.065491
31 40 0.088136
31 41 0.095941
31 42 0.351351
31 43 0.072829
31 44 0.071625
31 45 0.058824
31 46 0.054737
31 47 0.082278
31 48 0.048237
31 49 0.245283
31 50 0.134715
31 51 0.058166
31 52 0.139037
31 53 0.074499
31 54 0.059908
31 55 0.055556
31 56 0.128713
31 57 0.191176
31 58 0.092199
31 59 0.062954
31 60 0.080495
31 61 0.081761
31 62 0.250000
31 63 0.058824
31 64 0.104418
31 65 0.071625
31 66 0.065491
31 67 0.094545
31 68 0.082278
31 69 0.134021
31 70 0.254902
31 71 0.071625
31 72 0.073446
31 73 0.055319
31 74 0.101167
31 75 0.095588
31 76 0.108333
31 77 0.962963
31 78 0.081250
31 79 0.083601
31 80 0.140541
31 81 0.049808
31 82 0.065327
31 83 0.351351
31 84 0.090278
31 85 0.072626
31 86 0.102767
31 87 0.049524
31 88 0.154762
31 89 0.093190
31 90 0.061033
31 91 0.067708
31 92 0.086379
31 93 0.666667
31 94 0.079268
31 95 0.078788
31 96 0.092857
31 97 0.084691
31 98 0.076246
31 99 0.426230
32 33 0.068085
32 34 0.094395
32 35 0.068966
32 36 0.067086
32 37 0.091168
32 38 0.063492
32 39 0.405063
32 40 0.129555
32 41 0.164948
32 42 0.079208
32 43 0.075117
32 44 0.080000
32 45 0.477612
32 46 0.103226
32 47 0.059480
32 48 0.073733
32 49 0.091168
32 50 0.122137
32 51 0.064909
32 52 0.065574
32 53 0.056437
32 54 0.524590
32 55 0.154589
32 56 0.124031
32 57 0.089888
32 58 0.115942
32 59 0.744186
32 60 0.063872
32 61 0.054329
32 62 0.090395
32 63 0.084433
32 64 0.067227
32 65 0.197531
32 66 0.283186
32 67 0.077295
32 68 0.114286
32 69 0.082687
32 70 0.088889
32 71 0.163265
32 72 0.080605
32 73 0.091168
32 74 0.069869
32 75 0.166667
32 76 0.070175
32 77 0.074766
32 78 0.115942
32 79 0.054795
32 80 0.076190
32 81 0.091168
32 82 0.288288
32 83 0.083770
32 84 0.110345
32 85 0.130081
32 86 0.108475
32 87 0.102236
32 88 0.078431
32 89 0.107744
32 90 0.969697
32 91 0.071111
32 92 0.097264
32 93 0.074246
32 94 0.057348
32 95 0.253968
32 96 0.084211
32 97 0.181818
32 98 0.119850
32 99 0.081013
33 34 0.471338
33 35 0.850575
33 36 0.207283
33 37 0.517483
33 38 0.822222
33 39 0.173709
33 40 0.278195
33 41 0.240260
33 42 0.986667
33 43 0.266187
33 44 0.256055
33 45 0.166667
33 46 0.174118
33 47 0.339450
33 48 0.157113
33 49 0.552239
33 50 0.324561
33 51 0.204420
33 52 0.822222
33 53 0.294821
33 54 0.160173
33 55 0.168565
33 56 0.345794
33 57 0.643478
33 58 0.302041
33 59 0.171296
33 60 0.321739
33 61 0.336364
33 62 0.560606
33 63 0.196809
33 64 0.474359
33 65 0.212034
33 66 0.188776
33 67 0.377551
33 68 0.271062
33 69 0.582677
33 70 0.616667
33 71 0.217647
33 72 0.264286
33 73 0.179612
33 74 0.443114
33 75 0.266187
33 76 0.493333
33 77 0.747475
33 78 0.266187
33 79 0.347418
33 80 0.704762
33 81 0.158458
33 82 0.187817
33 83 0.540146
33 84 0.302041
33 85 0.230530
33 86 0.345794
33 87 0.154812
33 88 0.770833
33 89 0.314894
33 90 0.168565
33 91 0.245847
33 92 0.302041
33 93 0.560606
33 94 0.321739
33 95 0.209040
33 96 0.354067
33 97 0.212034
33 98 0.246667
33 99 0.666667
34 35 0.111111
34 36 0.053640
34 37 0.933333
34 38 0.084337
34 39 0.044728
34 40 0.126126
34 41 0.062780
34 42 0.108527
34 43 0.079545
34 44 0.081395
34 45 0.046512
34 46 0.051095
34 47 0.064516
34 48 0.041298
34 49 0.109375
34 50 0.085890
34 51 0.051661
34 52 0.093333
34 53 0.056000
34 54 0.040462
34 55 0.049470
34 56 0.117647
34 57 0.200000
34 58 0.159091
34 59 0.045603
34 60 0.072539
34 61 0.054264
34 62 0.109375
34 63 0.057851
34 64 0.096552
34 65 0.070352
34 66 0.056911
34 67 0.128440
34 68 0.118644
34 69 0.285714
34 70 0.118644
34 71 0.075676
34 72 0.085366
34 73 0.052239
34 74 0.105263
34 75 0.090323
34 76 0.112000
34 77 0.076923
34 78 0.114754
34 79 0.055777
34 80 0.170732
34 81 0.043750
34 82 0.056452
34 83 0.081871
34 84 0.157303
34 85 0.084848
34 86 0.241379
34 87 0.043077
34 88 0.194444
34 89 0.177215
34 90 0.045752
34 91 0.067633
34 92 0.140000
34 93 0.066667
34 94 0.059322
34 95 0.057851
34 96 0.148936
34 97 0.052830
34 98 0.097222
34 99 0.088608
35 36 0.084249
35 37 0.201754
35 38 0.560976
35 39 0.053118
35 40 0.099138
35 41 0.069697
35 42 0.175573
35 43 0.116751
35 44 0.108491
35 45 0.053864
35 46 0.063187
35 47 0.167883
35 48 0.058228
35 49 0.129944
35 50 0.089844
35 51 0.083032
35 52 0.958333
35 53 0.133721
35 54 0.049145
35 55 0.058081
35 56 0.101770
35 57 0.181102
35 58 0.111650
35 59 0.053364
35 60 0.160839
35 61 0.150327
35 62 0.131429
35 63 0.075658
35 64 0.333333
35 65 0.070988
35 66 0.061828
35 67 0.194915
35 68 0.101770
35 69 0.287500
35 70 0.142857
35 71 0.075163
35 72 0.112745
35 73 0.066860
35 74 0.280488
35 75 0.083333
35 76 0.359375
35 77 0.131429
35 78 0.099567
35 79 0.157534
35 80 0.500000
35 81 0.057214
35 82 0.061497
35 83 0.115578
35 84 0.115000
35 85 0.083333
35 86 0.129213
35 87 0.055024
35 88 0.396552
35 89 0.121053
35 90 0.053241
35 91 0.105505
35 92 0.123656
35 93 0.110048
35 94 0.151316
35 95 0.063712
35 96 0.164286
35 97 0.061662
35 98 0.091270
35 99 0.132184
36 37 0.056391
36 38 0.051195
36 39 0.030488
36 40 0.057915
36 41 0.033259
36 42 0.040323
36 43 0.174419
36 44 0.161290
36 45 0.036145
36 46 0.072816
36 47 0.078534
36 48 0.098684
36 49 0.038760
36 50 0.036408
36 51 0.937500
36 52 0.053381
36 53 0.079365
36 54 0.029240
36 55 0.049669
36 56 0.041322
36 57 0.046012
36 58 0.062500
36 59 0.032258
36 60 0.100671
36 61 0.060241
36 62 0.038760
36 63 0.135135
36 64 0.071429
36 65 0.046875
36 66 0.040984
36 67 0.090361
36 68 0.070093
36 69 0.060000
36 70 0.040000
36 71 0.052817
36 72 0.150000
36 73 0.093750
36 74 0.077720
36 75 0.041667
36 76 0.071429
36 77 0.035211
36 78 0.069444
36 79 0.060241
36 80 0.058366
36 81 0.072115
36 82 0.040872
36 83 0.035047
36 84 0.067568
36 85 0.064103
36 86 0.060976
36 87 0.060241
36 88 0.054945
36 89 0.067265
36 90 0.033482
36 91 0.263158
36 92 0.082873
36 93 0.032680
36 94 0.075000
36 95 0.034404
36 96 0.089286
36 97 0.030801
36 98 0.069444
36 99 0.036585
37 38 0.246753
37 39 0.118012
37 40 0.304000
37 41 0.165939
37 42 0.322034
37 43 0.209945
37 44 0.212291
37 45 0.121019
37 46 0.132404
37 47 0.180095
37 48 0.108883
37 49 0.314050
37 50 0.230303
37 51 0.137681
37 52 0.275362
37 53 0.154472
37 54 0.106742
37 55 0.127946
37 56 0.306452
37 57 0.622951
37 58 0.372549
37 59 0.119497
37 60 0.200000
37 61 0.152000
37 62 0.314050
37 63 0.150794
37 64 0.275362
37 65 0.178404
37 66 0.146718
37 67 0.345455
37 68 0.290076
37 69 0.974359
37 70 0.345455
37 71 0.190955
37 72 0.222222
37 73 0.135714
37 74 0.299213
37 75 0.231707
37 76 0.322034
37 77 0.222222
37 78 0.279412
37 79 0.156379
37 80 0.542857
37 81 0.114458
37 82 0.145594
37 83 0.233129
37 84 0.368932
37 85 0.212291
37 86 0.527778
37 87 0.112094
37 88 0.644068
37 89 0.408602
37 90 0.119497
37 91 0.180095
37 92 0.342342
37 93 0.190000
37 94 0.165217
37 95 0.151394
37 96 0.383838
37 97 0.140221
37 98 0.240506
37 99 0.255034
38 39 0.036093
38 40 0.062500
38 41 0.046575
38 42 0.111842
38 43 0.076577
38 44 0.070833
38 45 0.036403
38 46 0.042607
38 47 0.128788
38 48 0.040284
38 49 0.083333
38 50 0.058824
38 51 0.057823
38 52 0.944444
38 53 0.103659
38 54 0.033597
38 55 0.039080
38 56 0.064885
38 57 0.105590
38 58 0.069106
38 59 0.036170
38 60 0.111842
38 61 0.129771
38 62 0.084158
38 63 0.050898
38 64 0.204819
38 65 0.046703
38 66 0.041262
38 67 0.114094
38 68 0.064151
38 69 0.141667
38 70 0.090426
38 71 0.049133
38 72 0.072961
38 73 0.045213
38 74 0.165049
38 75 0.053968
38 76 0.193182
38 77 0.090909
38 78 0.062963
38 79 0.137097
38 80 0.197674
38 81 0.039080
38 82 0.041063
38 83 0.077626
38 84 0.070833
38 85 0.053968
38 86 0.077626
38 87 0.037445
38 88 0.177083
38 89 0.073913
38 90 0.036093
38 91 0.070833
38 92 0.075893
38 93 0.076923
38 94 0.118881
38 95 0.042607
38 96 0.097701
38 97 0.041667
38 98 0.058621
38 99 0.088083
39 40 0.153527
39 41 0.289062
39 42 0.103933
39 43 0.086247
39 44 0.090909
39 45 0.300813
39 46 0.106017
39 47 0.070611
39 48 0.078390
39 49 0.123746
39 50 0.180488
39 51 0.072978
39 52 0.080963
39 53 0.066547
39 54 0.973684
39 55 0.145098
39 56 0.173709
39 57 0.117460
39 58 0.138577
39 59 0.822222
39 60 0.075356
39 61 0.064912
39 62 0.122924
39 63 0.091584
39 64 0.081140
39 65 0.211429
39 66 0.264286
39 67 0.092040
39 68 0.131673
39 69 0.102493
39 70 0.119355
39 71 0.175355
39 72 0.092040
39 73 0.096104
39 74 0.083900
39 75 0.232704
39 76 0.084862
39 77 0.099462
39 78 0.132616
39 79 0.065603
39 80 0.094388
39 81 0.093671
39 82 0.266187
39 83 0.114198
39 84 0.130282
39 85 0.142308
39 86 0.132616
39 87 0.102210
39 88 0.098404
39 89 0.128472
39 90 0.500000
39 91 0.080963
39 92 0.113150
39 93 0.100000
39 94 0.068015
39 95 0.506849
39 96 0.099730
39 97 0.362745
39 98 0.134058
39 99 0.108824
40 41 0.143590
40 42 0.124444
40 43 0.148148
40 44 0.165680
40 45 0.140704
40 46 0.148148
40 47 0.096220
40 48 0.098592
40 49 0.140704
40 50 0.160000
40 51 0.102564
40 52 0.109375
40 53 0.087500
40 54 0.104478
40 55 0.160000
40 56 0.220472
40 57 0.172840
40 58 0.965517
40 59 0.125561
40 60 0.110236
40 61 0.081395
40 62 0.140000
40 63 0.144330
40 64 0.120690
40 65 0.301075
40 66 0.195804
40 67 0.167665
40 68 0.608696
40 69 0.181818
40 70 0.142857
40 71 0.373333
40 72 0.170732
40 73 0.140704
40 74 0.131455
40 75 0.271845
40 76 0.132075
40 77 0.103321
40 78 0.622222
40 79 0.082840
40 80 0.149733
40 81 0.116667
40 82 0.193103
40 83 0.114286
40 84 0.636364
40 85 0.430769
40 86 0.509091
40 87 0.119658
40 88 0.154696
40 89 0.560000
40 90 0.130233
40 91 0.128440
40 92 0.325581
40 93 0.095890
40 94 0.090032
40 95 0.155556
40 96 0.208955
40 97 0.122271
40 98 0.500000
40 99 0.116183
41 42 0.178723
41 43 0.112000
41 44 0.116992
41 45 0.205882
41 46 0.116667
41 47 0.095672
41 48 0.089172
41 49 0.237288
41 50 0.518519
41 51 0.090517
41 52 0.119318
41 53 0.088795
41 54 0.254545
41 55 0.142373
41 56 0.396226
41 57 0.204878
41 58 0.198113
41 59 0.276316
41 60 0.101205
41 61 0.088050
41 62 0.234637
41 63 0.108808
41 64 0.114754
41 65 0.230769
41 66 0.230769
41 67 0.128440
41 68 0.175000
41 69 0.157895
41 70 0.222222
41 71 0.201923
41 72 0.118980
41 73 0.109661
41 74 0.118310
41 75 0.451613
41 76 0.121387
41 77 0.170732
41 78 0.175732
41 79 0.089362
41 80 0.143345
41 81 0.101942
41 82 0.229508
41 83 0.213198
41 84 0.182609
41 85 0.173554
41 86 0.200957
41 87 0.107417
41 88 0.152727
41 89 0.182609
41 90 0.244186
41 91 0.103448
41 92 0.154412
41 93 0.172840
41 94 0.091503
41 95 0.591549
41 96 0.139073
41 97 0.976744
41 98 0.170040
41 99 0.196262
42 43 0.149306
42 44 0.147260
42 45 0.111979
42 46 0.106965
42 47 0.161049
42 48 0.092275
42 49 0.716667
42 50 0.277419
42 51 0.113158
42 52 0.296552
42 53 0.142384
42 54 0.109415
42 55 0.107769
42 56 0.292517
42 57 0.682540
42 58 0.205742
42 59 0.117808
42 60 0.161654
42 61 0.153025
42 62 0.754386
42 63 0.116531
42 64 0.221649
42 65 0.144295
42 66 0.127976
42 67 0.206731
42 68 0.176955
42 69 0.349593
42 70 0.934783
42 71 0.145763
42 72 0.151943
42 73 0.108586
42 74 0.217172
42 75 0.200000
42 76 0.237569
42 77 0.781818
42 78 0.174089
42 79 0.156934
42 80 0.355372
42 81 0.095982
42 82 0.127219
42 83 0.632353
42 84 0.200000
42 85 0.150350
42 86 0.238889
42 87 0.095133
42 88 0.425743
42 89 0.208738
42 90 0.114973
42 91 0.136076
42 92 0.188596
42 93 0.494253
42 94 0.152482
42 95 0.150877
42 96 0.205742
42 97 0.156364
42 98 0.160448
42 99 0.977273
43 44 0.966667
43 45 0.078804
43 46 0.142857
43 47 0.192053
43 48 0.144279
43 49 0.096026
43 50 0.087613
43 51 0.305263
43 52 0.138756
43 53 0.175758
43 54 0.063877
43 55 0.104693
43 56 0.102473
43 57 0.120332
43 58 0.174699
43 59 0.071253
43 60 0.284314
43 61 0.136150
43 62 0.096026
43 63 0.243697
43 64 0.205674
43 65 0.109434
43 66 0.092357
43 67 0.349398
43 68 0.194631
43 69 0.175758
43 70 0.100000
43 71 0.125541
43 72 0.966667
43 73 0.172619
43 74 0.241667
43 75 0.101045
43 76 0.214815
43 77 0.084795
43 78 0.190789
43 79 0.138095
43 80 0.165714
43 81 0.128319
43 82 0.091772
43 83 0.084548
43 84 0.195946
43 85 0.160221
43 86 0.173653
43 87 0.113725
43 88 0.152632
43 89 0.197279
43 90 0.073604
43 91 0.906250
43 92 0.276190
43 93 0.077540
43 94 0.174699
43 95 0.078804
43 96 0.349398
43 97 0.070218
43 98 0.182390
43 99 0.089231
44 45 0.023460
44 46 0.045714
44 47 0.044944
44 48 0.043716
44 49 0.026667
44 50 0.025000
44 51 0.075472
44 52 0.035398
44 53 0.041237
44 54 0.018561
44 55 0.032258
44 56 0.029520
44 57 0.033333
44 58 0.054054
44 59 0.020888
44 60 0.061538
44 61 0.033195
44 62 0.026667
44 63 0.084211
44 64 0.049383
44 65 0.033333
44 66 0.027778
44 67 0.085106
44 68 0.063492
44 69 0.047337
44 70 0.027682
44 71 0.039024
44 72 0.888889
44 73 0.056338
44 74 0.057143
44 75 0.029740
44 76 0.052288
44 77 0.023121
44 78 0.062016
44 79 0.033613
44 80 0.043478
44 81 0.040000
44 82 0.027586
44 83 0.023392
44 84 0.061538
44 85 0.051613
44 86 0.051948
44 87 0.035088
44 88 0.040609
44 89 0.061069
44 90 0.021680
44 91 0.156863
44 92 0.089888
44 93 0.021220
44 94 0.041237
44 95 0.022989
44 96 0.096386
44 97 0.020202
44 98 0.059701
44 99 0.024465
45 46 0.201646
45 47 0.100410
45 48 0.133515
45 49 0.145401
45 50 0.190661
45 51 0.113953
45 52 0.108889
45 53 0.095146
45 54 0.408333
45 55 0.347518
45 56 0.203320
45 57 0.148485
45 58 0.214912
45 59 0.620253
45 60 0.109375
45 61 0.090239
45 62 0.144543
45 63 0.156051
45 64 0.113689
45 65 0.453704
45 66 0.859649
45 67 0.134615
45 68 0.216814
45 69 0.140805
45 70 0.142857
45 71 0.355072
45 72 0.144543
45 73 0.171930
45 74 0.118932
45 75 0.286550
45 76 0.119221
45 77 0.117788
45 78 0.221719
45 79 0.091248
45 80 0.128272
45 81 0.171930
45 82 0.890909
45 83 0.131367
45 84 0.203320
45 85 0.262032
45 86 0.195219
45 87 0.198381
45 88 0.131720
45 89 0.197581
45 90 0.980000
45 91 0.125320
45 92 0.177536
45 93 0.115566
45 94 0.096457
45 95 0.365672
45 96 0.148485
45 97 0.245000
45 98 0.233333
45 99 0.128272
46 47 0.133144
46 48 0.379032
46 49 0.122078
46 50 0.130556
46 51 0.212670
46 52 0.122715
46 53 0.128415
46 54 0.130919
46 55 0.435185
46 56 0.149206
46 57 0.138235
46 58 0.241026
46 59 0.150641
46 60 0.154098
46 61 0.113253
46 62 0.121762
46 63 0.494737
46 64 0.142857
46 65 0.256831
46 66 0.223810
46 67 0.185771
46 68 0.295597
46 69 0.157191
46 70 0.123360
46 71 0.307190
46 72 0.262570
46 73 0.979167
46 74 0.153595
46 75 0.172794
46 76 0.148734
46 77 0.103753
46 78 0.301282
46 79 0.114078
46 80 0.144172
46 81 0.903846
46 82 0.222749
46 83 0.109049
46 84 0.251337
46 85 0.373016
46 86 0.210762
46 87 0.854545
46 88 0.142424
46 89 0.238579
46 90 0.163763
46 91 0.223810
46 92 0.259669
46 93 0.098532
46 94 0.127717
46 95 0.148265
46 96 0.207965
46 97 0.122715
46 98 0.345588
46 99 0.110588
47 48 0.056213
47 49 0.061889
47 50 0.050802
47 51 0.101604
47 52 0.147287
47 53 0.527778
47 54 0.034234
47 55 0.045346
47 56 0.056886
47 57 0.076000
47 58 0.072243
47 59 0.037109
47 60 0.387755
47 61 0.301587
47 62 0.062092
47 63 0.070896
47 64 0.250000
47 65 0.049869
47 66 0.043981
47 67 0.152000
47 68 0.071970
47 69 0.108571
47 70 0.065068
47 71 0.053824
47 72 0.108571
47 73 0.059937
47 74 0.223529
47 75 0.051771
47 76 0.202128
47 77 0.061093
47 78 0.070632
47 79 0.311475
47 80 0.123377
47 81 0.050667
47 82 0.043678
47 83 0.056886
47 84 0.076305
47 85 0.061489
47 86 0.077236
47 87 0.046914
47 88 0.108571
47 89 0.078512
47 90 0.037549
47 91 0.125000
47 92 0.088785
47 93 0.055072
47 94 0.950000
47 95 0.041758
47 96 0.119497
47 97 0.039501
47 98 0.066901
47 99 0.061290
48 49 0.190065
48 50 0.192140
48 51 0.546584
48 52 0.215686
48 53 0.258824
48 54 0.182573
48 55 0.382609
48 56 0.215159
48 57 0.215686
48 58 0.315412
48 59 0.202299
48 60 0.301370
48 61 0.221106
48 62 0.190065
48 63 0.897959
48 64 0.258065
48 65 0.292359
48 66 0.264264
48 67 0.317690
48 68 0.362140
48 69 0.252874
48 70 0.193407
48 71 0.328358
48 72 0.460733
48 73 0.988764
48 74 0.275000
48 75 0.232190
48 76 0.262687
48 77 0.169231
48 78 0.363636
48 79 0.221662
48 80 0.240437
48 81 0.977778
48 82 0.263473
48 83 0.173228
48 84 0.332075
48 85 0.384279
48 86 0.293333
48 87 0.647059
48 88 0.233422
48 89 0.323529
48 90 0.214112
48 91 0.468085
48 92 0.366667
48 93 0.160584
48 94 0.252149
48 95 0.202765
48 96 0.335878
48 97 0.176707
48 98 0.385965
48 99 0.177419
49 50 0.020833
49 51 0.005051
49 52 0.010256
49 53 0.005831
49 54 0.005952
49 55 0.005450
49 56 0.020619
49 57 0.031746
49 58 0.010471
49 59 0.006431
49 60 0.006689
49 61 0.006079
49 62 0.666667
49 63 0.005464
49 64 0.008621
49 65 0.007722
49 66 0.006873
49 67 0.008811
49 68 0.008811
49 69 0.013889
49 70 0.117647
49 71 0.007634
49 72 0.006873
49 73 0.005168
49 74 0.008658
49 75 0.011976
49 76 0.009259
49 77 0.025000
49 78 0.008696
49 79 0.006211
49 80 0.012987
49 81 0.004608
49 82 0.006826
49 83 0.042553
49 84 0.009950
49 85 0.007605
49 86 0.012121
49 87 0.004630
49 88 0.015038
49 89 0.010363
49 90 0.006192
49 91 0.006024
49 92 0.008929
49 93 0.021277
49 94 0.006173
49 95 0.008696
49 96 0.009132
49 97 0.009217
49 98 0.008032
49 99 0.043478
50 51 0.115566
50 52 0.176895
50 53 0.119804
50 54 0.202479
50 55 0.154574
50 56 0.980000
50 57 0.379845
50 58 0.270718
50 59 0.221719
50 60 0.138028
50 61 0.120690
50 62 0.494949
50 63 0.134247
50 64 0.163880
50 65 0.243781
50 66 0.222727
50 67 0.180812
50 68 0.226852
50 69 0.245000
50 70 0.449541
50 71 0.226852
50 72 0.156550
50 73 0.131367
50 74 0.168385
50 75 0.505155
50 76 0.175000
50 77 0.291667
50 78 0.225806
50 79 0.122807
50 80 0.220721
50 81 0.119221
50 82 0.220721
50 83 0.404959
50 84 0.248731
50 85 0.208511
50 86 0.293413
50 87 0.122807
50 88 0.241379
50 89 0.253886
50 90 0.207627
50 91 0.135359
50 92 0.209402
50 93 0.288235
50 94 0.125000
50 95 0.355072
50 96 0.194444
50 97 0.401639
50 98 0.212121
50 99 0.360294
51 52 0.226148
51 53 0.349727
51 54 0.121212
51 55 0.201258
51 56 0.170213
51 57 0.191045
51 58 0.252964
51 59 0.133333
51 60 0.435374
51 61 0.262295
51 62 0.161616
51 63 0.503937
51 64 0.301887
51 65 0.191045
51 66 0.167979
51 67 0.369942
51 68 0.279476
51 69 0.249027
51 70 0.166667
51 71 0.214047
51 72 0.566372
51 73 0.365714
51 74 0.326531
51 75 0.171123
51 76 0.300469
51 77 0.147806
51 78 0.277056
51 79 0.262295
51 80 0.243346
51 81 0.288288
51 82 0.167102
51 83 0.146453
51 84 0.272340
51 85 0.257028
51 86 0.247104
51 87 0.243346
51 88 0.228571
51 89 0.271186
51 90 0.137931
51 91 0.984615
51 92 0.329897
51 93 0.137339
51 94 0.329897
51 95 0.141907
51 96 0.359551
51 97 0.127745
51 98 0.277056
51 99 0.153110
52 53 0.419753
52 54 0.138493
52 55 0.162679
52 56 0.274194
52 57 0.459459
52 58 0.296943
52 59 0.149451
52 60 0.472222
52 61 0.500000
52 62 0.352332
52 63 0.213166
52 64 0.944444
52 65 0.195965
52 66 0.172152
52 67 0.511278
52 68 0.274194
52 69 0.660194
52 70 0.379888
52 71 0.206687
52 72 0.311927
52 73 0.188366
52 74 0.764045
52 75 0.226667
52 76 0.918919
52 77 0.367568
52 78 0.268775
52 79 0.527132
52 80 0.985507
52 81 0.162291
52 82 0.171285
52 83 0.319249
52 84 0.306306
52 85 0.228188
52 86 0.336634
52 87 0.155606
52 88 0.839506
52 89 0.319249
52 90 0.149451
52 91 0.298246
52 92 0.328502
52 93 0.310502
52 94 0.478873
52 95 0.177083
52 96 0.430380
52 97 0.172152
52 98 0.249084
52 99 0.363636
53 54 0.035836
53 55 0.047836
53 56 0.057065
53 57 0.073684
53 58 0.071918
53 59 0.038745
53 60 0.308824
53 61 0.333333
53 62 0.061584
53 63 0.075812
53 64 0.189189
53 65 0.051471
53 66 0.045752
53 67 0.136364
53 68 0.072414
53 69 0.100478
53 70 0.064220
53 71 0.055409
53 72 0.109948
53 73 0.064024
53 74 0.176471
53 75 0.052500
53 76 0.161538
53 77 0.060870
53 78 0.071186
53 79 0.323077
53 80 0.110526
53 81 0.054688
53 82 0.045455
53 83 0.056911
53 84 0.075812
53 85 0.063063
53 86 0.075812
53 87 0.050360
53 88 0.099526
53 89 0.077491
53 90 0.039326
53 91 0.132075
53 92 0.087500
53 93 0.055263
53 94 0.954545
53 95 0.043121
53 96 0.112299
53 97 0.040777
53 98 0.068182
53 99 0.060870
54 55 0.184615
54 56 0.192771
54 57 0.136752
54 58 0.162712
54 59 0.979592
54 60 0.092131
54 61 0.079734
54 62 0.142012
54 63 0.114014
54 64 0.098361
54 65 0.247423
54 66 0.315789
54 67 0.111111
54 68 0.156863
54 69 0.121827
54 70 0.138329
54 71 0.208696
54 72 0.112412
54 73 0.120907
54 74 0.101695
54 75 0.250000
54 76 0.102564
54 77 0.117073
54 78 0.158416
54 79 0.080537
54 80 0.112941
54 81 0.119107
54 82 0.320000
54 83 0.132964
54 84 0.153846
54 85 0.171429
54 86 0.155340
54 87 0.131148
54 88 0.116788
54 89 0.151420
54 90 0.657534
54 91 0.099792
54 92 0.135977
54 93 0.117647
54 94 0.083478
54 95 0.440367
54 96 0.120000
54 97 0.350365
54 98 0.161074
54 99 0.127321
55 56 0.375000
55 57 0.312500
55 58 0.538462
55 59 0.490654
55 60 0.281501
55 61 0.219207
55 62 0.284553
55 63 0.544041
55 64 0.277778
55 65 0.897436
55 66 0.875000
55 67 0.347682
55 68 0.614035
55 69 0.327103
55 70 0.286104
55 71 0.990566
55 72 0.421687
55 73 0.686275
55 74 0.294944
55 75 0.477273
55 76 0.290859
55 77 0.237020
55 78 0.632530
55 79 0.221053
55 80 0.297450
55 81 0.724138
55 82 0.875000
55 83 0.255474
55 84 0.530303
55 85 0.867769
55 86 0.464602
55 87 0.972222
55 88 0.299145
55 89 0.504808
55 90 0.561497
55 91 0.359589
55 92 0.490654
55 93 0.227766
55 94 0.240275
55 95 0.441176
55 96 0.390335
55 97 0.340909
55 98 0.724138
55 99 0.255474
56 57 0.679612
56 58 0.530303
56 59 0.319635
56 60 0.224359
56 61 0.188679
56 62 0.707071
56 63 0.221519
56 64 0.268199
56 65 0.419162
56 66 0.357143
56 67 0.309735
56 68 0.419162
56 69 0.434783
56 70 0.679612
56 71 0.397727
56 72 0.265152
56 73 0.214724
56 74 0.280000
56 75 0.985915
56 76 0.290456
56 77 0.397727
56 78 0.416667
56 79 0.192308
56 80 0.374332
56 81 0.191257
56 82 0.353535
56 83 0.518519
56 84 0.472973
56 85 0.370370
56 86 0.593220
56 87 0.196629
56 88 0.411765
56 89 0.486111
56 90 0.307018
56 91 0.222930
56 92 0.380435
56 93 0.376344
56 94 0.198300
56 95 0.496454
56 96 0.343137
56 97 0.469799
56 98 0.382514
56 99 0.492958
57 58 0.333333
57 59 0.153605
57 60 0.205882
57 61 0.176259
57 62 0.790323
57 63 0.157556
57 64 0.281609
57 65 0.205021
57 66 0.175627
57 67 0.296970
57 68 0.270718
57 69 0.597561
57 70 0.980000
57 71 0.210300
57 72 0.212121
57 73 0.145833
57 74 0.288235
57 75 0.298780
57 76 0.312102
57 77 0.429825
57 78 0.264865
57 79 0.180812
57 80 0.510417
57 81 0.126615
57 82 0.174377
57 83 0.475728
57 84 0.320261
57 85 0.219731
57 86 0.418803
57 87 0.125964
57 88 0.653333
57 89 0.340278
57 90 0.150769
57 91 0.181481
57 92 0.289941
57 93 0.347518
57 94 0.182836
57 95 0.201646
57 96 0.310127
57 97 0.197581
57 98 0.237864
57 99 0.556818
58 59 0.071713
58 60 0.079646
58 61 0.057143
58 62 0.094241
58 63 0.097297
58 64 0.088670
58 65 0.148760
58 66 0.104651
58 67 0.130435
58 68 0.486486
58 69 0.140625
58 70 0.096774
58 71 0.180000
58 72 0.126761
58 73 0.090909
58 74 0.097826
58 75 0.147541
58 76 0.097826
58 77 0.069498
58 78 0.450000
58 79 0.058065
58 80 0.111801
58 81 0.073770
58 82 0.103448
58 83 0.075949
58 84 0.947368
58 85 0.230769
58 86 0.580645
58 87 0.073770
58 88 0.114650
58 89 0.818182
58 90 0.074074
58 91 0.091837
58 92 0.290323
58 93 0.063830
58 94 0.063604
58 95 0.088670
58 96 0.169811
58 97 0.072581
58 98 0.300000
58 99 0.078261
59 60 0.060924
59 61 0.051693
59 62 0.092652
59 63 0.077957
59 64 0.064877
59 65 0.198630
59 66 0.281553
59 67 0.074742
59 68 0.111969
59 69 0.081690
59 70 0.090343
59 71 0.160221
59 72 0.076316
59 73 0.083095
59 74 0.067442
59 75 0.185897
59 76 0.067916
59 77 0.074742
59 78 0.113281
59 79 0.052252
59 80 0.074742
59 81 0.081461
59 82 0.284314
59 83 0.085044
59 84 0.108614
59 85 0.125000
59 86 0.109023
59 87 0.090343
59 88 0.077540
59 89 0.106618
59 90 0.966667
59 91 0.066975
59 92 0.094463
59 93 0.074359
59 94 0.054511
59 95 0.345238
59 96 0.081461
59 97 0.214815
59 98 0.115538
59 99 0.081921
60 61 0.576577
60 62 0.214765
60 63 0.290909
60 64 0.864865
60 65 0.187135
60 66 0.162850
60 67 0.711111
60 68 0.286996
60 69 0.405063
60 70 0.225352
60 71 0.205128
60 72 0.503937
60 73 0.237918
60 74 0.927536
60 75 0.189911
60 76 0.752941
60 77 0.203175
60 78 0.280702
60 79 0.587156
60 80 0.438356
60 81 0.195719
60 82 0.162025
60 83 0.193939
60 84 0.303318
60 85 0.240602
60 86 0.299065
60 87 0.179272
60 88 0.383234
60 89 0.312195
60 90 0.136752
60 91 0.609524
60 92 0.369942
60 93 0.183381
60 94 0.984615
60 95 0.150943
60 96 0.528926
60 97 0.140351
60 98 0.265560
60 99 0.207792
61 62 0.021341
61 63 0.021212
61 64 0.061404
61 65 0.016092
61 66 0.014403
61 67 0.038889
61 68 0.021875
61 69 0.033019
61 70 0.022364
61 71 0.017115
61 72 0.029536
61 73 0.018421
61 74 0.053030
61 75 0.016990
61 76 0.051852
61 77 0.022013
61 78 0.021538
61 79 0.875000
61 80 0.037838
61 81 0.016018
61 82 0.014344
61 83 0.020057
61 84 0.023102
61 85 0.019074
61 86 0.023649
61 87 0.014957
61 88 0.034314
61 89 0.023729
61 90 0.012567
61 91 0.032710
61 92 0.025926
61 93 0.019943
61 94 0.140000
61 95 0.014028
61 96 0.032558
61 97 0.013487
61 98 0.020528
61 99 0.021672
62 63 0.038147
62 64 0.060606
62 65 0.053640
62 66 0.047782
62 67 0.061674
62 68 0.061404
62 69 0.097902
62 70 0.933333
62 71 0.053232
62 72 0.048110
62 73 0.036176
62 74 0.060870
62 75 0.082840
62 76 0.065116
62 77 0.179487
62 78 0.060606
62 79 0.043614
62 80 0.091503
62 81 0.032184
62 82 0.047458
62 83 0.304348
62 84 0.069652
62 85 0.053030
62 86 0.084848
62 87 0.032333
62 88 0.106061
62 89 0.072165
62 90 0.043077
62 91 0.042169
62 92 0.062500
62 93 0.150538
62 94 0.043344
62 95 0.060345
62 96 0.063927
62 97 0.063927
62 98 0.056000
62 99 0.318182
63 64 0.199219
63 65 0.221739
63 66 0.188889
63 67 0.272727
63 68 0.340000
63 69 0.202381
63 70 0.142458
63 71 0.262887
63 72 0.500000
63 73 0.980769
63 74 0.217949
63 75 0.174061
63 76 0.206478
63 77 0.120567
63 78 0.340000
63 79 0.155488
63 80 0.187500
63 81 0.472222
63 82 0.188192
63 83 0.124088
63 84 0.300000
63 85 0.344595
63 86 0.248780
63 87 0.359155
63 88 0.180851
63 89 0.289773
63 90 0.144886
63 91 0.428571
63 92 0.356643
63 93 0.113082
63 94 0.180851
63 95 0.142458
63 96 0.303571
63 97 0.122596
63 98 0.364286
63 99 0.127820
64 65 0.061728
64 66 0.053333
64 67 0.259740
64 68 0.094340
64 69 0.200000
64 70 0.092166
64 71 0.066667
64 72 0.129032
64 73 0.066445
64 74 0.833333
64 75 0.067114
64 76 0.952381
64 77 0.082645
64 78 0.092166
64 79 0.185185
64 80 0.253165
64 81 0.055556
64 82 0.053050
64 83 0.076628
64 84 0.104167
64 85 0.076628
64 86 0.109890
64 87 0.052219
64 88 0.200000
64 89 0.108696
64 90 0.045147
64 91 0.126582
64 92 0.121951
64 93 0.072464
64 94 0.212766
64 95 0.051813
64 96 0.183486
64 97 0.048900
64 98 0.085106
64 99 0.084388
65 66 0.692308
65 67 0.140078
65 68 0.302521
65 69 0.146939
65 70 0.137405
65 71 0.972973
65 72 0.152542
65 73 0.169014
65 74 0.118033
65 75 0.346154
65 76 0.118033
65 77 0.106825
65 78 0.313043
65 79 0.083721
65 80 0.129496
65 81 0.154506
65 82 0.666667
65 83 0.119601
65 84 0.270677
65 85 0.413793
65 86 0.246575
65 87 0.171429
65 88 0.132841
65 89 0.255319
65 90 0.276923
65 91 0.124138
65 92 0.211765
65 93 0.102273
65 94 0.089776
65 95 0.268657
65 96 0.162162
65 97 0.179104
65 98 0.336449
65 99 0.118421
66 67 0.006494
66 68 0.011765
66 69 0.006826
66 70 0.006757
66 71 0.023810
66 72 0.006993
66 73 0.008130
66 74 0.005634
66 75 0.015748
66 76 0.005634
66 77 0.005391
66 78 0.012048
66 79 0.004158
66 80 0.006135
66 81 0.007812
66 82 0.666667
66 83 0.006042
66 84 0.010870
66 85 0.014925
66 86 0.010256
66 87 0.008889
66 88 0.006309
66 89 0.010417
66 90 0.024096
66 91 0.005917
66 92 0.009050
66 93 0.005236
66 94 0.004425
66 95 0.016667
66 96 0.007326
66 97 0.010526
66 98 0.012821
66 99 0.005935
67 68 0.242857
67 69 0.395349
67 70 0.158879
67 71 0.148472
67 72 0.395349
67 73 0.149123
67 74 0.629630
67 75 0.137097
67 76 0.539683
67 77 0.130268
67 78 0.234483
67 79 0.194286
67 80 0.365591
67 81 0.118467
67 82 0.109677
67 83 0.127820
67 84 0.274194
67 85 0.180851
67 86 0.274194
67 87 0.110390
67 88 0.314815
67 89 0.290598
67 90 0.089239
67 91 0.311927
67 92 0.377778
67 93 0.115646
67 94 0.234483
67 95 0.101493
67 96 0.971429
67 97 0.092391
67 98 0.209877
67 99 0.138211
68 69 0.033113
68 70 0.022523
68 71 0.055556
68 72 0.040984
68 73 0.031056
68 74 0.026178
68 75 0.033784
68 76 0.025773
68 77 0.017007
68 78 0.833333
68 79 0.015873
68 80 0.027322
68 81 0.024038
68 82 0.029070
68 83 0.018315
68 84 0.172414
68 85 0.098039
68 86 0.078125
68 87 0.023923
68 88 0.027473
68 89 0.128205
68 90 0.020161
68 91 0.028409
68 92 0.098039
68 93 0.015723
68 94 0.017668
68 95 0.022422
68 96 0.047170
68 97 0.018248
68 98 0.185185
68 99 0.018797
69 70 0.238462
69 71 0.136564
69 72 0.192547
69 73 0.108772
69 74 0.336957
69 75 0.153465
69 76 0.382716
69 77 0.175141
69 78 0.198718
69 79 0.151220
69 80 0.911765
69 81 0.090909
69 82 0.105085
69 83 0.172222
69 84 0.250000
69 85 0.154229
69 86 0.313131
69 87 0.088068
69 88 0.968750
69 89 0.271930
69 90 0.087571
69 91 0.160622
69 92 0.262712
69 93 0.147619
69 94 0.160622
69 95 0.107266
69 96 0.356322
69 97 0.100324
69 98 0.175141
69 99 0.192547
70 71 0.167939
70 72 0.157143
70 73 0.115789
70 74 0.203704
70 75 0.254335
70 76 0.218905
70 77 0.578947
70 78 0.195556
70 79 0.143791
70 80 0.316547
70 81 0.102564
70 82 0.147651
70 83 0.814815
70 84 0.225641
70 85 0.169231
70 86 0.276730
70 87 0.102804
70 88 0.372881
70 89 0.235294
70 90 0.132931
70 91 0.137500
70 92 0.204651
70 93 0.453608
70 94 0.142857
70 95 0.183333
70 96 0.211538
70 97 0.191304
70 98 0.179592
70 99 0.977778
71 72 0.247525
71 73 0.277778
71 74 0.179211
71 75 0.409836
71 76 0.177936
71 77 0.147929
71 78 0.588235
71 79 0.123762
71 80 0.191571
71 81 0.245098
71 82 0.581395
71 83 0.163399
71 84 0.458716
71 85 0.980392
71 86 0.387597
71 87 0.270270
71 88 0.196078
71 89 0.423729
71 90 0.303030
71 91 0.196078
71 92 0.357143
71 93 0.140449
71 94 0.134409
71 95 0.299401
71 96 0.256410
71 97 0.216450
71 98 0.684932
71 99 0.163399
72 73 0.367347
72 74 0.406015
72 75 0.205323
72 76 0.369863
72 77 0.160237
72 78 0.435484
72 79 0.230769
72 80 0.306818
72 81 0.262136
72 82 0.187500
72 83 0.161677
72 84 0.435484
72 85 0.352941
72 86 0.367347
72 87 0.232759
72 88 0.285714
72 89 0.435484
72 90 0.147541
72 91 0.981818
72 92 0.658537
72 93 0.146739
72 94 0.282723
72 95 0.157434
72 96 0.720000
72 97 0.138462
72 98 0.415385
72 99 0.169811
73 74 0.207885
73 75 0.198630
73 76 0.200000
73 77 0.129176
73 78 0.364780
73 79 0.153846
73 80 0.187702
73 81 0.983051
73 82 0.233871
73 83 0.133949
73 84 0.310160
73 85 0.408451
73 86 0.260090
73 87 0.637363
73 88 0.183544
73 89 0.298969
73 90 0.177370
73 91 0.341176
73 92 0.341176
73 93 0.121849
73 94 0.174699
73 95 0.167630
73 96 0.282927
73 97 0.141809
73 98 0.405594
73 99 0.137116
74 75 0.059859
74 76 0.944444
74 77 0.068548
74 78 0.086735
74 79 0.134921
74 80 0.217949
74 81 0.050445
74 82 0.047619
74 83 0.064885
74 84 0.098837
74 85 0.070833
74 86 0.103030
74 87 0.047222
74 88 0.171717
74 89 0.103659
74 90 0.039906
74 91 0.122302
74 92 0.118881
74 93 0.060284
74 94 0.163462
74 95 0.045822
74 96 0.195402
74 97 0.042821
74 98 0.079439
74 99 0.070833
75 76 0.312950
75 77 0.353659
75 78 0.591837
75 79 0.214815
75 80 0.371795
75 81 0.268519
75 82 0.679688
75 83 0.424390
75 84 0.621429
75 85 0.576159
75 86 0.696000
75 87 0.283388
75 88 0.397260
75 89 0.617021
75 90 0.540373
75 91 0.274448
75 92 0.475410
75 93 0.339844
75 94 0.224806
75 95 0.988636
75 96 0.397260
75 97 0.685039
75 98 0.564935
75 99 0.410377
76 77 0.268398
76 78 0.311558
76 79 0.480620
76 80 0.984127
76 81 0.177650
76 82 0.173669
76 83 0.252033
76 84 0.358382
76 85 0.254098
76 86 0.382716
76 87 0.167568
76 88 0.738095
76 89 0.378049
76 90 0.146572
76 91 0.400000
76 92 0.421769
76 93 0.233962
76 94 0.548673
76 95 0.169863
76 96 0.666667
76 97 0.159794
76 98 0.284404
76 99 0.276786
77 78 0.114478
77 79 0.109325
77 80 0.197674
77 81 0.068000
77 82 0.091398
77 83 0.666667
77 84 0.127820
77 85 0.101796
77 86 0.147826
77 87 0.067729
77 88 0.220779
77 89 0.132296
77 90 0.085000
77 91 0.091892
77 92 0.120996
77 93 0.971429
77 94 0.104615
77 95 0.111475
77 96 0.129278
77 97 0.120141
77 98 0.106918
77 99 0.971429
78 79 0.065625
78 80 0.111702
78 81 0.102439
78 82 0.125000
78 83 0.076087
78 84 0.617647
78 85 0.456522
78 86 0.308824
78 87 0.102439
78 88 0.112903
78 89 0.477273
78 90 0.086066
78 91 0.117318
78 92 0.375000
78 93 0.065217
78 94 0.072917
78 95 0.095023
78 96 0.189189
78 97 0.076923
78 98 0.954545
78 99 0.078067
79 80 0.275281
79 81 0.112644
79 82 0.101449
79 83 0.143695
79 84 0.164983
79 85 0.135359
79 86 0.169550
79 87 0.105376
79 88 0.248731
79 89 0.169550
79 90 0.088929
79 91 0.231132
79 92 0.184906
79 93 0.142442
79 94 0.980000
79 95 0.099391
79 96 0.233333
79 97 0.095517
79 98 0.145833
79 99 0.155063
80 81 0.057377
80 82 0.063830
80 83 0.113514
80 84 0.134615
80 85 0.090129
80 86 0.157895
80 87 0.055263
80 88 0.954545
80 89 0.143836
80 90 0.054264
80 91 0.105000
80 92 0.143836
80 93 0.101942
80 94 0.122093
80 95 0.065625
80 96 0.200000
80 97 0.062500
80 98 0.100478
80 99 0.129630
81 82 0.178988
81 83 0.095833
81 84 0.195745
81 85 0.259887
81 86 0.169742
81 87 0.978723
81 88 0.123656
81 89 0.188525
81 90 0.138973
81 91 0.204444
81 92 0.205357
81 93 0.087619
81 94 0.118252
81 95 0.125683
81 96 0.175573
81 97 0.106236
81 98 0.247312
81 99 0.097252
82 83 0.240964
82 84 0.427807
82 85 0.588235
82 86 0.406091
82 87 0.355556
82 88 0.250000
82 89 0.412371
82 90 0.987654
82 91 0.235294
82 92 0.358744
82 93 0.208877
82 94 0.176211
82 95 0.666667
82 96 0.289855
82 97 0.421053
82 98 0.506329
82 99 0.235988
83 84 0.105263
83 85 0.084142
83 86 0.123223
83 87 0.054393
83 88 0.158537
83 89 0.108787
83 90 0.073239
83 91 0.069892
83 92 0.096654
83 93 0.509804
83 94 0.074499
83 95 0.100775
83 96 0.099617
83 97 0.111588
83 98 0.087838
83 99 0.962963
84 85 0.128205
84 86 0.270270
84 87 0.042017
84 88 0.064935
84 89 0.909091
84 90 0.038760
84 91 0.056180
84 92 0.227273
84 93 0.034364
84 94 0.037313
84 95 0.045249
84 96 0.111111
84 97 0.037594
84 98 0.181818
84 99 0.042017
85 86 0.240741
85 87 0.152941
85 88 0.112554
85 89 0.295455
85 90 0.120370
85 91 0.126829
85 92 0.265306
85 93 0.073034
85 94 0.079268
85 95 0.123223
85 96 0.169935
85 97 0.096296
85 98 0.962963
85 99 0.085526
86 87 0.102564
86 88 0.220472
86 89 0.965517
86 90 0.106870
86 91 0.141414
86 92 0.417910
86 93 0.109804
86 94 0.105263
86 95 0.132701
86 96 0.294737
86 97 0.112903
86 98 0.314607
86 99 0.138614
87 88 0.477807
87 89 0.740891
87 90 0.622449
87 91 0.706564
87 92 0.778723
87 93 0.348571
87 94 0.435714
87 95 0.538235
87 96 0.653571
87 97 0.448529
87 98 0.994565
87 99 0.386892
88 89 0.798611
88 90 0.306667
88 91 0.529954
88 92 0.766667
88 93 0.614973
88 94 0.595855
88 95 0.378289
88 96 0.991379
88 97 0.361635
88 98 0.552885
88 99 0.809859
89 90 0.159091
89 91 0.237288
89 92 0.976744
89 93 0.148936
89 94 0.160305
89 95 0.187500
89 96 0.500000
89 97 0.157303
89 98 0.646154
89 99 0.182609
90 91 0.241050
90 92 0.340067
90 93 0.249383
90 94 0.192381
90 95 0.990196
90 96 0.290230
90 97 0.631250
90 98 0.427966
90 99 0.275956
91 92 0.837037
91 93 0.281095
91 94 0.684848
91 95 0.284635
91 96 0.991228
91 97 0.255079
91 98 0.614130
91 99 0.319209
92 93 0.177994
92 94 0.236052
92 95 0.208333
92 96 0.982143
92 97 0.177994
92 98 0.763889
92 99 0.214008
93 94 0.144847
93 95 0.169935
93 96 0.176871
93 97 0.187726
93 98 0.152493
93 99 0.981132
94 95 0.374737
94 96 0.994413
94 97 0.355289
94 98 0.587459
94 99 0.547692
95 96 0.229508
95 97 0.985915
95 98 0.315315
95 99 0.257353
96 97 0.368421
96 98 0.992126
96 99 0.516393
97 98 0.902878
97 99 0.996032
98 99 0.996540
