100 4950
0 1 0.154519
0 2 0.094643
0 3 0.148045
0 4 0.122970
0 5 0.237668
0 6 0.119910
0 7 0.176667
0 8 0.146409
0 9 0.125891
0 10 0.913793
0 11 0.174917
0 12 0.174917
0 13 0.296089
0 14 0.126190
0 15 0.163077
0 16 0.133838
0 17 0.245370
0 18 0.145205
0 19 0.116998
0 20 0.143631
0 21 0.135550
0 22 0.121005
0 23 0.199248
0 24 0.245370
0 25 0.126190
0 26 0.337580
0 27 0.143243
0 28 0.139108
0 29 0.191336
0 30 0.162080
0 31 0.118040
0 32 0.196296
0 33 0.173203
0 34 0.306358
0 35 0.292818
0 36 0.235556
0 37 0.146409
0 38 0.093805
0 39 0.187943
0 40 0.086179
0 41 0.122120
0 42 0.183391
0 43 0.137306
0 44 0.199248
0 45 0.101338
0 46 0.115468
0 47 0.224576
0 48 0.147632
0 49 0.157270
0 50 0.156342
0 51 0.158209
0 52 0.133166
0 53 0.151862
0 54 0.148045
0 55 0.125592
0 56 0.602273
0 57 0.130542
0 58 0.109959
0 59 0.103314
0 60 0.091065
0 61 0.123832
0 62 0.124706
0 63 0.133166
0 64 0.140957
0 65 0.099812
0 66 0.126492
0 67 0.170968
0 68 0.173203
0 69 0.175497
0 70 0.299435
0 71 0.301136
0 72 0.130221
0 73 0.509615
0 74 0.106000
0 75 0.464912
0 76 0.779412
0 77 0.140957
0 78 0.128954
0 79 0.199248
0 80 0.438017
0 81 0.216327
0 82 0.500000
0 83 0.130864
0 84 0.150997
0 85 0.854839
0 86 0.162080
0 87 0.131841
0 88 0.203846
0 89 0.119101
0 90 0.152299
0 91 0.139842
0 92 0.243119
0 93 0.327160
0 94 0.119910
0 95 0.118834
0 96 0.981481
0 97 0.150142
0 98 0.119369
0 99 0.177258
1 2 0.051454
1 3 0.052995
1 4 0.232323
1 5 0.101770
1 6 0.048218
1 7 0.377049
1 8 0.958333
1 9 0.092369
1 10 0.079310
1 11 0.054502
1 12 0.078231
1 13 0.066860
1 14 0.069277
1 15 0.051454
1 16 0.227723
1 17 0.105505
1 18 0.074919
1 19 0.089494
1 20 0.112195
1 21 0.068657
1 22 0.194915
1 23 0.287500
1 24 0.054502
1 25 0.050109
1 26 0.121693
1 27 0.057357
1 28 0.132948
1 29 0.103604
1 30 0.080420
1 31 0.087452
1 32 0.049356
1 33 0.489362
1 34 0.057214
1 35 0.057072
1 36 0.154362
1 37 0.070769
1 38 0.061497
1 39 0.319444
1 40 0.050549
1 41 0.232323
1 42 0.056650
1 43 0.075410
1 44 0.147436
1 45 0.057935
1 46 0.052392
1 47 0.100437
1 48 0.052392
1 49 0.821429
1 50 0.063889
1 51 0.534884
1 52 0.155405
1 53 0.676471
1 54 0.396552
1 55 0.098712
1 56 0.067847
1 57 0.102679
1 58 0.049356
1 59 0.054762
1 60 0.053241
1 61 0.102679
1 62 0.085502
1 63 0.068657
1 64 0.225490
1 65 0.052752
1 66 0.062842
1 67 0.089147
1 68 0.073482
1 69 0.054374
1 70 0.137725
1 71 0.096639
1 72 0.134503
1 73 0.092742
1 74 0.075908
1 75 0.061170
1 76 0.070122
1 77 0.657143
1 78 0.142857
1 79 0.066282
1 80 0.068249
1 81 0.207207
1 82 0.069486
1 83 0.043315
1 84 0.062670
1 85 0.078767
1 86 0.121693
1 87 0.131429
1 88 0.079038
1 89 0.054245
1 90 0.534884
1 91 0.127778
1 92 0.102222
1 93 0.071875
1 94 0.073016
1 95 0.064607
1 96 0.078231
1 97 0.053738
1 98 0.047131
1 99 0.063889
2 3 0.131868
2 4 0.088020
2 5 0.104046
2 6 0.165899
2 7 0.073770
2 8 0.082949
2 9 0.180905
2 10 0.070450
2 11 0.109422
2 12 0.139535
2 13 0.089776
2 14 0.253521
2 15 0.109091
2 16 0.100279
2 17 0.100840
2 18 0.183673
2 19 0.183673
2 20 0.146341
2 21 0.211765
2 22 0.094241
2 23 0.076271
2 24 0.084112
2 25 0.161435
2 26 0.071287
2 27 0.158590
2 28 0.130909
2 29 0.121212
2 30 0.153846
2 31 0.193548
2 32 0.086124
2 33 0.075949
2 34 0.079470
2 35 0.080899
2 36 0.091139
2 37 0.180000
2 38 0.283465
2 39 0.086331
2 40 0.433735
2 41 0.072581
2 42 0.109091
2 43 0.202247
2 44 0.104348
2 45 0.705882
2 46 0.248276
2 47 0.108108
2 48 0.129496
2 49 0.085714
2 50 0.151261
2 51 0.088670
2 52 0.118812
2 53 0.075000
2 54 0.092072
2 55 0.167442
2 56 0.074227
2 57 0.160714
2 58 0.246575
2 59 0.720000
2 60 0.610169
2 61 0.159292
2 62 0.201117
2 63 0.220859
2 64 0.103746
2 65 0.972973
2 66 0.248276
2 67 0.140625
2 68 0.140078
2 69 0.108761
2 70 0.074074
2 71 0.092072
2 72 0.128571
2 73 0.075630
2 74 0.219512
2 75 0.073770
2 76 0.072435
2 77 0.082192
2 78 0.122449
2 79 0.115385
2 80 0.079470
2 81 0.072000
2 82 0.077586
2 83 0.104956
2 84 0.158590
2 85 0.064516
2 86 0.129496
2 87 0.130909
2 88 0.119601
2 89 0.241611
2 90 0.073620
2 91 0.134328
2 92 0.102564
2 93 0.088452
2 94 0.264706
2 95 0.313043
2 96 0.069903
2 97 0.131387
2 98 0.157895
2 99 0.127208
3 4 0.013129
3 5 0.027149
3 6 0.069767
3 7 0.013544
3 8 0.013793
3 9 0.021818
3 10 0.018349
3 11 0.095238
3 12 0.042553
3 13 0.033333
3 14 0.032258
3 15 0.105263
3 16 0.015152
3 17 0.025862
3 18 0.037975
3 19 0.019608
3 20 0.022388
3 21 0.040000
3 22 0.013575
3 23 0.014634
3 24 0.035088
3 25 0.092308
3 26 0.015831
3 27 0.113208
3 28 0.019293
3 29 0.028169
3 30 0.038217
3 31 0.020478
3 32 0.040541
3 33 0.013825
3 34 0.029126
3 35 0.030457
3 36 0.019737
3 37 0.044444
3 38 0.017143
3 39 0.016216
3 40 0.017094
3 41 0.011494
3 42 0.083333
3 43 0.033708
3 44 0.021505
3 45 0.022989
3 46 0.045802
3 47 0.028169
3 48 0.857143
3 49 0.014706
3 50 0.075949
3 51 0.015190
3 52 0.017094
3 53 0.012959
3 54 0.015113
3 55 0.020548
3 56 0.022140
3 57 0.021127
3 58 0.041667
3 59 0.026549
3 60 0.018692
3 61 0.019417
3 62 0.023166
3 63 0.038217
3 64 0.016086
3 65 0.025316
3 66 0.040268
3 67 0.033333
3 68 0.049180
3 69 0.093750
3 70 0.016173
3 71 0.025000
3 72 0.017699
3 73 0.019169
3 74 0.018519
3 75 0.023346
3 76 0.020619
3 77 0.013453
3 78 0.016997
3 79 0.058252
3 80 0.025316
3 81 0.014218
3 82 0.023715
3 83 0.058252
3 84 0.076923
3 85 0.015707
3 86 0.023346
3 87 0.018237
3 88 0.040541
3 89 0.048387
3 90 0.012766
3 91 0.019868
3 92 0.026786
3 93 0.030000
3 94 0.025974
3 95 0.030928
3 96 0.018237
3 97 0.857143
3 98 0.068966
3 99 0.077922
4 5 0.101083
4 6 0.057732
4 7 0.177215
4 8 0.368421
4 9 0.127854
4 10 0.074468
4 11 0.061002
4 12 0.088050
4 13 0.069479
4 14 0.087774
4 15 0.058091
4 16 0.459016
4 17 0.102564
4 18 0.090323
4 19 0.131455
4 20 0.142857
4 21 0.083832
4 22 0.965517
4 23 0.158192
4 24 0.058333
4 25 0.059574
4 26 0.098940
4 27 0.067308
4 28 0.183007
4 29 0.110672
4 30 0.093023
4 31 0.125000
4 32 0.054159
4 33 0.193103
4 34 0.059957
4 35 0.060215
4 36 0.128440
4 37 0.084337
4 38 0.088889
4 39 0.186667
4 40 0.069825
4 41 0.314607
4 42 0.062921
4 43 0.093023
4 44 0.138614
4 45 0.077778
4 46 0.064665
4 47 0.101449
4 48 0.060475
4 49 0.291667
4 50 0.073879
4 51 0.288660
4 52 0.245614
4 53 0.243478
4 54 0.368421
4 55 0.140000
4 56 0.067308
4 57 0.142132
4 58 0.061002
4 59 0.071429
4 60 0.073298
4 61 0.150538
4 62 0.115702
4 63 0.084592
4 64 0.329412
4 65 0.068966
4 66 0.077994
4 67 0.100719
4 68 0.083086
4 69 0.060870
4 70 0.107692
4 71 0.092409
4 72 0.208955
4 73 0.084337
4 74 0.112000
4 75 0.062222
4 76 0.068627
4 77 0.424242
4 78 0.235294
4 79 0.072727
4 80 0.068627
4 81 0.133971
4 82 0.069136
4 83 0.050089
4 84 0.073107
4 85 0.072727
4 86 0.139303
4 87 0.197183
4 88 0.085366
4 89 0.066667
4 90 0.227642
4 91 0.172840
4 92 0.100719
4 93 0.073107
4 94 0.096552
4 95 0.082840
4 96 0.073491
4 97 0.061947
4 98 0.056338
4 99 0.071611
5 6 0.017668
5 7 0.022222
5 8 0.021459
5 9 0.025000
5 10 0.029586
5 11 0.025126
5 12 0.049505
5 13 0.039062
5 14 0.024390
5 15 0.022222
5 16 0.022422
5 17 0.384615
5 18 0.032895
5 19 0.021459
5 20 0.033113
5 21 0.027473
5 22 0.018450
5 23 0.026178
5 24 0.024510
5 25 0.019084
5 26 0.029412
5 27 0.024752
5 28 0.028902
5 29 0.090909
5 30 0.043478
5 31 0.021930
5 32 0.020576
5 33 0.022936
5 34 0.025907
5 35 0.026178
5 36 0.059524
5 37 0.032051
5 38 0.014620
5 39 0.032051
5 40 0.012690
5 41 0.015576
5 42 0.027322
5 43 0.029586
5 44 0.066667
5 45 0.016447
5 46 0.018450
5 47 0.357143
5 48 0.022222
5 49 0.024510
5 50 0.031056
5 51 0.025907
5 52 0.024752
5 53 0.019841
5 54 0.024510
5 55 0.024631
5 56 0.030120
5 57 0.026738
5 58 0.016779
5 59 0.016556
5 60 0.013812
5 61 0.023697
5 62 0.024631
5 63 0.026738
5 64 0.025253
5 65 0.015625
5 66 0.023364
5 67 0.054945
5 68 0.043860
5 69 0.025000
5 70 0.031847
5 71 0.104167
5 72 0.024631
5 73 0.038168
5 74 0.017921
5 75 0.026455
5 76 0.029586
5 77 0.020325
5 78 0.023697
5 79 0.040000
5 80 0.034247
5 81 0.024752
5 82 0.033557
5 83 0.016077
5 84 0.029240
5 85 0.023474
5 86 0.045455
5 87 0.025510
5 88 0.067568
5 89 0.019531
5 90 0.019455
5 91 0.029762
5 92 0.833333
5 93 0.045045
5 94 0.022624
5 95 0.021552
5 96 0.028902
5 97 0.023256
5 98 0.017123
5 99 0.034483
6 7 0.026263
6 8 0.027368
6 9 0.046595
6 10 0.031941
6 11 0.087838
6 12 0.069149
6 13 0.049430
6 14 0.073446
6 15 0.095588
6 16 0.030660
6 17 0.044068
6 18 0.074286
6 19 0.042763
6 20 0.044983
6 21 0.084967
6 22 0.027957
6 23 0.027897
6 24 0.050980
6 25 0.565217
6 26 0.028889
6 27 0.158537
6 28 0.039157
6 29 0.049808
6 30 0.068063
6 31 0.044828
6 32 0.057522
6 33 0.026804
6 34 0.044521
6 35 0.046099
6 36 0.035813
6 37 0.084416
6 38 0.041139
6 39 0.030952
6 40 0.043478
6 41 0.023297
6 42 0.082803
6 43 0.070270
6 44 0.039514
6 45 0.059361
6 46 0.173333
6 47 0.047619
6 48 0.149425
6 49 0.028889
6 50 0.105691
6 51 0.029817
6 52 0.034853
6 53 0.025540
6 54 0.029954
6 55 0.043478
6 56 0.036620
6 57 0.044068
6 58 0.178082
6 59 0.073864
6 60 0.047794
6 61 0.041139
6 62 0.050193
6 63 0.083333
6 64 0.032258
6 65 0.071429
6 66 0.097744
6 67 0.059091
6 68 0.075581
6 69 0.087248
6 70 0.029613
6 71 0.041801
6 72 0.036517
6 73 0.033419
6 74 0.042208
6 75 0.038012
6 76 0.034759
6 77 0.026804
6 78 0.035040
6 79 0.072626
6 80 0.040498
6 81 0.026971
6 82 0.038690
6 83 0.102362
6 84 0.114035
6 85 0.028139
6 86 0.044674
6 87 0.037464
6 88 0.061611
6 89 0.164557
6 90 0.025194
6 91 0.040248
6 92 0.045296
6 93 0.046099
6 94 0.059361
6 95 0.076023
6 96 0.031707
6 97 0.144444
6 98 0.928571
6 99 0.087838
7 8 0.178571
7 9 0.051370
7 10 0.059524
7 11 0.035461
7 12 0.048701
7 13 0.045455
7 14 0.041096
7 15 0.033408
7 16 0.094937
7 17 0.069767
7 18 0.045181
7 19 0.049342
7 20 0.061728
7 21 0.041436
7 22 0.084270
7 23 0.394737
7 24 0.036765
7 25 0.031513
7 26 0.104895
7 27 0.036058
7 28 0.069124
7 29 0.063830
7 30 0.049020
7 31 0.048387
7 32 0.032895
7 33 0.937500
7 34 0.039267
7 35 0.039062
7 36 0.106383
7 37 0.043228
7 38 0.035294
7 39 0.194805
7 40 0.029762
7 41 0.110294
7 42 0.036855
7 43 0.044776
7 44 0.089820
7 45 0.034169
7 46 0.032258
7 47 0.064935
7 48 0.033557
7 49 0.192308
7 50 0.040107
7 51 0.168539
7 52 0.075377
7 53 0.294118
7 54 0.133929
7 55 0.053957
7 56 0.048387
7 57 0.056180
7 58 0.030426
7 59 0.032751
7 60 0.031381
7 61 0.055351
7 62 0.048387
7 63 0.041322
7 64 0.096774
7 65 0.031579
7 66 0.038071
7 67 0.054152
7 68 0.046012
7 69 0.035377
7 70 0.120000
7 71 0.066667
7 72 0.067873
7 73 0.070093
7 74 0.042493
7 75 0.042980
7 76 0.050847
7 77 0.161290
7 78 0.070423
7 79 0.042980
7 80 0.047771
7 81 0.263158
7 82 0.049180
7 83 0.027985
7 84 0.039164
7 85 0.060976
7 86 0.068807
7 87 0.067265
7 88 0.050676
7 89 0.033333
7 90 0.306122
7 91 0.067568
7 92 0.067265
7 93 0.049342
7 94 0.042373
7 95 0.038462
7 96 0.058594
7 97 0.034325
7 98 0.029703
7 99 0.040872
8 9 0.059072
8 10 0.045307
8 11 0.032787
8 12 0.047458
8 13 0.039548
8 14 0.043210
8 15 0.030973
8 16 0.170732
8 17 0.061947
8 18 0.046205
8 19 0.057851
8 20 0.071066
8 21 0.042424
8 22 0.147368
8 23 0.137255
8 24 0.032333
8 25 0.030568
8 26 0.066667
8 27 0.035000
8 28 0.086957
8 29 0.062780
8 30 0.049123
8 31 0.056000
8 32 0.029474
8 33 0.200000
8 34 0.033816
8 35 0.033816
8 36 0.086957
8 37 0.043478
8 38 0.039216
8 39 0.164706
8 40 0.031891
8 41 0.157303
8 42 0.033981
8 43 0.046823
8 44 0.086957
8 45 0.036458
8 46 0.032333
8 47 0.059574
8 48 0.031818
8 49 0.466667
8 50 0.038889
8 51 0.341463
8 52 0.105263
8 53 0.285714
8 54 0.318182
8 55 0.063636
8 56 0.039437
8 57 0.066038
8 58 0.030369
8 59 0.034146
8 60 0.033573
8 61 0.066667
8 62 0.054264
8 63 0.042424
8 64 0.159091
8 65 0.032941
8 66 0.038889
8 67 0.054475
8 68 0.044586
8 69 0.032710
8 70 0.074866
8 71 0.056225
8 72 0.089744
8 73 0.052830
8 74 0.048951
8 75 0.035806
8 76 0.040698
8 77 0.933333
8 78 0.096552
8 79 0.039773
8 80 0.039886
8 81 0.105263
8 82 0.040462
8 83 0.026217
8 84 0.038251
8 85 0.044728
8 86 0.075676
8 87 0.086957
8 88 0.047458
8 89 0.033413
8 90 0.241379
8 91 0.082840
8 92 0.060086
8 93 0.042169
8 94 0.045902
8 95 0.040346
8 96 0.044728
8 97 0.032634
8 98 0.028807
8 99 0.038567
9 10 0.054795
9 11 0.066667
9 12 0.123457
9 13 0.065789
9 14 0.192308
9 15 0.063291
9 16 0.121951
9 17 0.097087
9 18 0.169492
9 19 0.555556
9 20 0.357143
9 21 0.155039
9 22 0.102041
9 23 0.071685
9 24 0.055096
9 25 0.074627
9 26 0.060606
9 27 0.088496
9 28 0.259740
9 29 0.136986
9 30 0.150376
9 31 0.714286
9 32 0.052632
9 33 0.072202
9 34 0.054054
9 35 0.054945
9 36 0.091743
9 37 0.141844
9 38 0.135135
9 39 0.089686
9 40 0.092593
9 41 0.066007
9 42 0.068729
9 43 0.204082
9 44 0.119760
9 45 0.134228
9 46 0.091324
9 47 0.105820
9 48 0.071174
9 49 0.090090
9 50 0.100503
9 51 0.096154
9 52 0.185185
9 53 0.070922
9 54 0.103627
9 55 0.952381
9 56 0.054945
9 57 0.769231
9 58 0.082305
9 59 0.114286
9 60 0.106383
9 61 0.540541
9 62 0.869565
9 63 0.161290
9 64 0.133333
9 65 0.105263
9 66 0.135135
9 67 0.155039
9 68 0.113636
9 69 0.066225
9 70 0.065147
9 71 0.080972
9 72 0.232558
9 73 0.061920
9 74 0.250000
9 75 0.052356
9 76 0.054348
9 77 0.082988
9 78 0.198020
9 79 0.082645
9 80 0.058824
9 81 0.064725
9 82 0.057971
9 83 0.053191
9 84 0.101010
9 85 0.049751
9 86 0.204082
9 87 0.253165
9 88 0.102041
9 89 0.096154
9 90 0.068729
9 91 0.285714
9 92 0.098039
9 93 0.067340
9 94 0.281690
9 95 0.166667
9 96 0.054201
9 97 0.073801
9 98 0.068493
9 99 0.086957
10 11 0.014440
10 12 0.015686
10 13 0.026490
10 14 0.010811
10 15 0.013289
10 16 0.011765
10 17 0.025000
10 18 0.012698
10 19 0.010076
10 20 0.012780
10 21 0.011696
10 22 0.010471
10 23 0.018433
10 24 0.019417
10 25 0.010390
10 26 0.035398
10 27 0.012048
10 28 0.012384
10 29 0.017937
10 30 0.014440
10 31 0.010178
10 32 0.015267
10 33 0.015625
10 34 0.024096
10 35 0.023121
10 36 0.023952
10 37 0.012739
10 38 0.007843
10 39 0.017621
10 40 0.007117
10 41 0.010390
10 42 0.015267
10 43 0.011940
10 44 0.019231
10 45 0.008493
10 46 0.009592
10 47 0.021978
10 48 0.012195
10 49 0.014134
10 50 0.013468
10 51 0.014286
10 52 0.011730
10 53 0.013333
10 54 0.013245
10 55 0.010959
10 56 0.053333
10 57 0.011461
10 58 0.009050
10 59 0.008602
10 60 0.007547
10 61 0.010782
10 62 0.010811
10 63 0.011461
10 64 0.012539
10 65 0.008299
10 66 0.010753
10 67 0.015564
10 68 0.015385
10 69 0.014440
10 70 0.031250
10 71 0.032787
10 72 0.011429
10 73 0.086957
10 74 0.009009
10 75 0.035088
10 76 0.075472
10 77 0.012384
10 78 0.011331
10 79 0.017467
10 80 0.040404
10 81 0.020000
10 82 0.047619
10 83 0.010363
10 84 0.012945
10 85 0.071429
10 86 0.014815
10 87 0.011628
10 88 0.018692
10 89 0.009926
10 90 0.013378
10 91 0.012422
10 92 0.024390
10 93 0.031250
10 94 0.010283
10 95 0.010101
10 96 0.800000
10 97 0.012461
10 98 0.009732
10 99 0.015326
11 12 0.013793
11 13 0.015748
11 14 0.008889
11 15 0.074074
11 16 0.005013
11 17 0.009615
11 18 0.010870
11 19 0.006006
11 20 0.007117
11 21 0.010753
11 22 0.004474
11 23 0.005155
11 24 0.018519
11 25 0.015625
11 26 0.005848
11 27 0.019608
11 28 0.006231
11 29 0.009709
11 30 0.011765
11 31 0.006211
11 32 0.022222
11 33 0.004808
11 34 0.013793
11 35 0.014815
11 36 0.007092
11 37 0.012195
11 38 0.005076
11 39 0.005650
11 40 0.004950
11 41 0.003883
11 42 0.117647
11 43 0.009615
11 44 0.007491
11 45 0.006431
11 46 0.010471
11 47 0.010309
11 48 0.032787
11 49 0.005025
11 50 0.019048
11 51 0.005181
11 52 0.005540
11 53 0.004454
11 54 0.005089
11 55 0.006349
11 56 0.009259
11 57 0.006579
11 58 0.009709
11 59 0.007143
11 60 0.005362
11 61 0.006061
11 62 0.006969
11 63 0.010256
11 64 0.005333
11 65 0.006826
11 66 0.010309
11 67 0.010811
11 68 0.015748
11 69 0.666667
11 70 0.005935
11 71 0.009709
11 72 0.005698
11 73 0.007435
11 74 0.005571
11 75 0.010152
11 76 0.008439
11 77 0.004556
11 78 0.005495
11 79 0.026667
11 80 0.010989
11 81 0.005063
11 82 0.010101
11 83 0.017241
11 84 0.018018
11 85 0.006024
11 86 0.007663
11 87 0.005848
11 88 0.015038
11 89 0.010989
11 90 0.004396
11 91 0.006390
11 92 0.010000
11 93 0.013333
11 94 0.007463
11 95 0.008403
11 96 0.007168
11 97 0.033333
11 98 0.013605
11 99 0.028169
12 13 0.125000
12 14 0.158333
12 15 0.114458
12 16 0.073643
12 17 0.168142
12 18 0.296875
12 19 0.096447
12 20 0.138686
12 21 0.215909
12 22 0.062500
12 23 0.068345
12 24 0.093596
12 25 0.113095
12 26 0.070370
12 27 0.175926
12 28 0.107345
12 29 0.256757
12 30 0.612903
12 31 0.102151
12 32 0.086364
12 33 0.063758
12 34 0.088785
12 35 0.091787
12 36 0.107955
12 37 0.322034
12 38 0.067616
12 39 0.081197
12 40 0.060127
12 41 0.049738
12 42 0.142857
12 43 0.218391
12 44 0.133803
12 45 0.085586
12 46 0.111765
12 47 0.213483
12 48 0.130137
12 49 0.070896
12 50 0.283582
12 51 0.074510
12 52 0.087558
12 53 0.058462
12 54 0.073930
12 55 0.109195
12 56 0.082969
12 57 0.117284
12 58 0.095960
12 59 0.090476
12 60 0.067138
12 61 0.100529
12 62 0.124183
12 63 0.200000
12 64 0.081197
12 65 0.083333
12 66 0.162393
12 67 0.463415
12 68 0.950000
12 69 0.129252
12 70 0.073930
12 71 0.136691
12 72 0.091787
12 73 0.084444
12 74 0.082609
12 75 0.080169
12 76 0.079167
12 77 0.062092
12 78 0.086364
12 79 0.234568
12 80 0.095477
12 81 0.064407
12 82 0.091346
12 83 0.078838
12 84 0.253333
12 85 0.062295
12 86 0.161017
12 87 0.095960
12 88 0.431818
12 89 0.121795
12 90 0.057229
12 91 0.112426
12 92 0.180952
12 93 0.124183
12 94 0.126667
12 95 0.131944
12 96 0.073359
12 97 0.140741
12 98 0.095960
12 99 0.253333
13 14 0.096654
13 15 0.172185
13 16 0.074286
13 17 0.198473
13 18 0.121495
13 19 0.076471
13 20 0.098113
13 21 0.111111
13 22 0.065327
13 23 0.088737
13 24 0.329114
13 25 0.107884
13 26 0.115044
13 27 0.134021
13 28 0.088136
13 29 0.155689
13 30 0.143646
13 31 0.078550
13 32 0.204724
13 33 0.079511
13 34 0.382353
13 35 0.406250
13 36 0.133333
13 37 0.127451
13 38 0.060185
13 39 0.095588
13 40 0.055914
13 41 0.058824
13 42 0.232143
13 43 0.109244
13 44 0.129353
13 45 0.070270
13 46 0.091228
13 47 0.198473
13 48 0.144444
13 49 0.080000
13 50 0.155689
13 51 0.082278
13 52 0.079511
13 53 0.071038
13 54 0.078788
13 55 0.083333
13 56 0.279570
13 57 0.087248
13 58 0.084691
13 59 0.073864
13 60 0.060046
13 61 0.080247
13 62 0.086667
13 63 0.107438
13 64 0.079755
13 65 0.070652
13 66 0.101167
13 67 0.147727
13 68 0.176871
13 69 0.204724
13 70 0.115044
13 71 0.245283
13 72 0.079755
13 73 0.176871
13 74 0.068783
13 75 0.298851
13 76 0.232143
13 77 0.070652
13 78 0.077612
13 79 0.282609
13 80 0.440678
13 81 0.089041
13 82 0.351351
13 83 0.110169
13 84 0.145251
13 85 0.126214
13 86 0.113043
13 87 0.081761
13 88 0.236364
13 89 0.095588
13 90 0.070461
13 91 0.089965
13 92 0.206349
13 93 0.962963
13 94 0.086093
13 95 0.089041
13 96 0.169935
13 97 0.149425
13 98 0.097744
13 99 0.209677
14 15 0.114407
14 16 0.103448
14 17 0.125581
14 18 0.482143
14 19 0.210938
14 20 0.210938
14 21 0.692308
14 22 0.090909
14 23 0.078488
14 24 0.087097
14 25 0.160714
14 26 0.073770
14 27 0.201493
14 28 0.160714
14 29 0.173077
14 30 0.290323
14 31 0.236842
14 32 0.086262
14 33 0.076923
14 34 0.082317
14 35 0.084375
14 36 0.105058
14 37 0.402985
14 38 0.158824
14 39 0.093103
14 40 0.137056
14 41 0.067669
14 42 0.122727
14 43 0.750000
14 44 0.128571
14 45 0.262136
14 46 0.234783
14 47 0.141361
14 48 0.140625
14 49 0.088816
14 50 0.223140
14 51 0.093103
14 52 0.131068
14 53 0.073973
14 54 0.096085
14 55 0.217742
14 56 0.077586
14 57 0.219512
14 58 0.192857
14 59 0.272727
14 60 0.163636
14 61 0.191489
14 62 0.325301
14 63 0.870968
14 64 0.111111
14 65 0.230769
14 66 0.613636
14 67 0.236842
14 68 0.219512
14 69 0.118943
14 70 0.077586
14 71 0.108000
14 72 0.144385
14 73 0.080597
14 74 0.195652
14 75 0.076056
14 76 0.075419
14 77 0.081325
14 78 0.133663
14 79 0.145161
14 80 0.084906
14 81 0.073370
14 82 0.082569
14 83 0.095745
14 84 0.234783
14 85 0.064904
14 86 0.182432
14 87 0.151685
14 88 0.165644
14 89 0.259615
14 90 0.072193
14 91 0.169811
14 92 0.128571
14 93 0.099265
14 94 0.586957
14 95 0.964286
14 96 0.072193
14 97 0.147541
14 98 0.142105
14 99 0.165644
15 16 0.061611
15 17 0.110638
15 18 0.130653
15 19 0.074499
15 20 0.086379
15 21 0.131313
15 22 0.055437
15 23 0.062802
15 24 0.213115
15 25 0.220339
15 26 0.070461
15 27 0.245283
15 28 0.076023
15 29 0.113043
15 30 0.137566
15 31 0.077151
15 32 0.282609
15 33 0.058824
15 34 0.160494
15 35 0.171053
15 36 0.084142
15 37 0.146067
15 38 0.064677
15 39 0.068421
15 40 0.063882
15 41 0.048148
15 42 0.590909
15 43 0.117117
15 44 0.089041
15 45 0.082278
15 46 0.138298
15 47 0.118182
15 48 0.490566
15 49 0.061466
15 50 0.220339
15 51 0.063107
15 52 0.068063
15 53 0.054737
15 54 0.062350
15 55 0.078313
15 56 0.109244
15 57 0.080745
15 58 0.130000
15 59 0.092199
15 60 0.068966
15 61 0.074713
15 62 0.086093
15 63 0.126214
15 64 0.065327
15 65 0.088435
15 66 0.129353
15 67 0.125604
15 68 0.175676
15 69 0.962963
15 70 0.071429
15 71 0.111588
15 72 0.069892
15 73 0.088136
15 74 0.070081
15 75 0.119816
15 76 0.100000
15 77 0.056034
15 78 0.067532
15 79 0.257426
15 80 0.126214
15 81 0.061611
15 82 0.117117
15 83 0.292135
15 84 0.213115
15 85 0.073034
15 86 0.091873
15 87 0.071625
15 88 0.164557
15 89 0.143646
15 90 0.054054
15 91 0.077844
15 92 0.114537
15 93 0.147727
15 94 0.092857
15 95 0.105691
15 96 0.085809
15 97 0.456140
15 98 0.195489
15 99 0.282609
16 17 0.109091
16 18 0.096000
16 19 0.146341
16 20 0.176471
16 21 0.087912
16 22 0.489796
16 23 0.146341
16 24 0.056471
16 25 0.058680
16 26 0.093023
16 27 0.067606
16 28 0.255319
16 29 0.123077
16 30 0.099585
16 31 0.138728
16 32 0.052174
16 33 0.167832
16 34 0.057831
16 35 0.058111
16 36 0.137143
16 37 0.088561
16 38 0.086957
16 39 0.198347
16 40 0.066852
16 41 0.171429
16 42 0.062176
16 43 0.099585
16 44 0.160000
16 45 0.077670
16 46 0.064171
16 47 0.109091
16 48 0.059701
16 49 0.292683
16 50 0.075472
16 51 0.328767
16 52 0.421053
16 53 0.184615
16 54 0.500000
16 55 0.164384
16 56 0.064516
16 57 0.170213
16 58 0.060000
16 59 0.071006
16 60 0.071006
16 61 0.180451
16 62 0.129032
16 63 0.088561
16 64 0.960000
16 65 0.067989
16 66 0.080000
16 67 0.110599
16 68 0.086643
16 69 0.059850
16 70 0.102564
16 71 0.094862
16 72 0.303797
16 73 0.081633
16 74 0.116505
16 75 0.059553
16 76 0.065574
16 77 0.292683
16 78 0.363636
16 79 0.073394
16 80 0.066667
16 81 0.121212
16 82 0.066852
16 83 0.048193
16 84 0.074534
16 85 0.067416
16 86 0.171429
16 87 0.279070
16 88 0.089219
16 89 0.066482
16 90 0.172662
16 91 0.233010
16 92 0.106667
16 93 0.072289
16 94 0.102128
16 95 0.085409
16 96 0.069767
16 97 0.061381
16 98 0.055046
16 99 0.072508
17 18 0.049080
17 19 0.033473
17 20 0.051282
17 21 0.041451
17 22 0.029851
17 23 0.044444
17 24 0.038462
17 25 0.029197
17 26 0.050633
17 27 0.037383
17 28 0.045714
17 29 0.126984
17 30 0.063492
17 31 0.034188
17 32 0.032129
17 33 0.038462
17 34 0.041026
17 35 0.041451
17 36 0.108108
17 37 0.047619
17 38 0.022857
17 39 0.054054
17 40 0.019851
17 41 0.025397
17 42 0.041667
17 43 0.044693
17 44 0.112676
17 45 0.025397
17 46 0.028269
17 47 0.320000
17 48 0.033898
17 49 0.040609
17 50 0.046243
17 51 0.042781
17 52 0.039604
17 53 0.032922
17 54 0.040000
17 55 0.038462
17 56 0.049383
17 57 0.041667
17 58 0.025806
17 59 0.025559
17 60 0.021505
17 61 0.037037
17 62 0.038095
17 63 0.040201
17 64 0.040816
17 65 0.024169
17 66 0.035556
17 67 0.078431
17 68 0.063492
17 69 0.038095
17 70 0.055172
17 71 0.195122
17 72 0.039024
17 73 0.066116
17 74 0.028070
17 75 0.042553
17 76 0.048780
17 77 0.033333
17 78 0.037736
17 79 0.059259
17 80 0.055556
17 81 0.041885
17 82 0.054795
17 83 0.024922
17 84 0.043716
17 85 0.039409
17 86 0.070175
17 87 0.040404
17 88 0.093023
17 89 0.029851
17 90 0.032258
17 91 0.046784
17 92 0.888889
17 93 0.071429
17 94 0.034632
17 95 0.033058
17 96 0.048485
17 97 0.035398
17 98 0.026403
17 99 0.051282
18 19 0.145695
18 20 0.189655
18 21 0.687500
18 22 0.075342
18 23 0.071661
18 24 0.084942
18 25 0.137500
18 26 0.069182
18 27 0.200000
18 28 0.138365
18 29 0.203704
18 30 0.578947
18 31 0.159420
18 32 0.082090
18 33 0.068750
18 34 0.080292
18 35 0.082397
18 36 0.103286
18 37 0.956522
18 38 0.100000
18 39 0.085938
18 40 0.086957
18 41 0.057292
18 42 0.124294
18 43 0.846154
18 44 0.130178
18 45 0.138365
18 46 0.165414
18 47 0.158273
18 48 0.134146
18 49 0.078853
18 50 0.268293
18 51 0.083019
18 52 0.110000
18 53 0.064897
18 54 0.084291
18 55 0.162963
18 56 0.075342
18 57 0.173228
18 58 0.136646
18 59 0.145695
18 60 0.100000
18 61 0.144737
18 62 0.211538
18 63 0.611111
18 64 0.096070
18 65 0.130178
18 66 0.338462
18 67 0.349206
18 68 0.318841
18 69 0.118280
18 70 0.073090
18 71 0.112245
18 72 0.118919
18 73 0.078292
18 74 0.125000
18 75 0.073333
18 76 0.072607
18 77 0.070513
18 78 0.110553
18 79 0.162963
18 80 0.083969
18 81 0.066869
18 82 0.080882
18 83 0.084942
18 84 0.275000
18 85 0.060606
18 86 0.186441
18 87 0.125714
18 88 0.203704
18 89 0.184874
18 90 0.063401
18 91 0.146667
18 92 0.140127
18 93 0.101852
18 94 0.247191
18 95 0.268293
18 96 0.068966
18 97 0.142857
18 98 0.117647
18 99 0.188034
19 20 0.152941
19 21 0.082278
19 22 0.069519
19 23 0.044068
19 24 0.032581
19 25 0.044068
19 26 0.036620
19 27 0.050781
19 28 0.144444
19 29 0.072222
19 30 0.077381
19 31 0.928571
19 32 0.031325
19 33 0.044983
19 34 0.032099
19 35 0.032500
19 36 0.053279
19 37 0.075581
19 38 0.105691
19 39 0.054167
19 40 0.065000
19 41 0.043333
19 42 0.040000
19 43 0.100775
19 44 0.067010
19 45 0.088435
19 46 0.054393
19 47 0.058559
19 48 0.041667
19 49 0.056277
19 50 0.056034
19 51 0.059633
19 52 0.118182
19 53 0.044983
19 54 0.065000
19 55 0.406250
19 56 0.032663
19 57 0.270833
19 58 0.049808
19 59 0.071823
19 60 0.073864
19 61 0.382353
19 62 0.270833
19 63 0.085526
19 64 0.083871
19 65 0.067010
19 66 0.075581
19 67 0.079268
19 68 0.061611
19 69 0.038806
19 70 0.039157
19 71 0.046429
19 72 0.149425
19 73 0.036723
19 74 0.254902
19 75 0.031175
19 76 0.032338
19 77 0.053061
19 78 0.131313
19 79 0.046931
19 80 0.034759
19 81 0.039755
19 82 0.034211
19 83 0.032020
19 84 0.056522
19 85 0.030093
19 86 0.102362
19 87 0.158537
19 88 0.056034
19 89 0.056769
19 90 0.043624
19 91 0.151163
19 92 0.054622
19 93 0.039039
19 94 0.149425
19 95 0.094891
19 96 0.032419
19 97 0.043046
19 98 0.041009
19 99 0.049242
20 21 0.239130
20 22 0.186441
20 23 0.145374
20 24 0.099698
20 25 0.120000
20 26 0.120438
20 27 0.147321
20 28 0.750000
20 29 0.330000
20 30 0.292035
20 31 0.402439
20 32 0.093220
20 33 0.144105
20 34 0.099398
20 35 0.100917
20 36 0.203704
20 37 0.239130
20 38 0.162562
20 39 0.192982
20 40 0.122222
20 41 0.121324
20 42 0.122222
20 43 0.311321
20 44 0.297297
20 45 0.167513
20 46 0.138075
20 47 0.234043
20 48 0.120438
20 49 0.185393
20 50 0.173684
20 51 0.202454
20 52 0.388235
20 53 0.138075
20 54 0.215686
20 55 0.622642
20 56 0.104101
20 57 0.891892
20 58 0.124060
20 59 0.152778
20 60 0.136364
20 61 0.540984
20 62 0.471429
20 63 0.240876
20 64 0.284483
20 65 0.141631
20 66 0.198795
20 67 0.336735
20 68 0.212903
20 69 0.116608
20 70 0.130952
20 71 0.167513
20 72 0.464789
20 73 0.122222
20 74 0.248120
20 75 0.097633
20 76 0.103448
20 77 0.161765
20 78 0.388235
20 79 0.153488
20 80 0.111864
20 81 0.129412
20 82 0.110368
20 83 0.088949
20 84 0.171875
20 85 0.094828
20 86 0.767442
20 87 0.532258
20 88 0.202454
20 89 0.146018
20 90 0.133603
20 91 0.970588
20 92 0.212903
20 93 0.129412
20 94 0.294643
20 95 0.218543
20 96 0.104101
20 97 0.125475
20 98 0.109272
20 99 0.156398
21 22 0.025559
21 23 0.023739
21 24 0.029520
21 25 0.057143
21 26 0.022989
21 27 0.080808
21 28 0.044199
21 29 0.057554
21 30 0.119403
21 31 0.055172
21 32 0.029197
21 33 0.022857
21 34 0.027586
21 35 0.028369
21 36 0.032787
21 37 0.266667
21 38 0.038278
21 39 0.027972
21 40 0.034483
21 41 0.019560
21 42 0.044199
21 43 0.242424
21 44 0.040000
21 45 0.058394
21 46 0.076923
21 47 0.047619
21 48 0.051282
21 49 0.026059
21 50 0.097561
21 51 0.027304
21 52 0.036199
21 53 0.021739
21 54 0.027778
21 55 0.054054
21 56 0.025397
21 57 0.055944
21 58 0.060606
21 59 0.065041
21 60 0.040000
21 61 0.048485
21 62 0.072072
21 63 0.888889
21 64 0.031621
21 65 0.056738
21 66 0.235294
21 67 0.085106
21 68 0.090909
21 69 0.042553
21 70 0.024096
21 71 0.035714
21 72 0.039216
21 73 0.025806
21 74 0.045714
21 75 0.025000
21 76 0.024465
21 77 0.023599
21 78 0.036530
21 79 0.053691
21 80 0.028169
21 81 0.022222
21 82 0.027119
21 83 0.032129
21 84 0.103896
21 85 0.020460
21 86 0.054422
21 87 0.041026
21 88 0.061069
21 89 0.088889
21 90 0.021277
21 91 0.046512
21 92 0.043011
21 93 0.033613
21 94 0.096386
21 95 0.135593
21 96 0.023121
21 97 0.054422
21 98 0.048485
21 99 0.064000
22 23 0.380208
22 24 0.154008
22 25 0.161863
22 26 0.248299
22 27 0.182957
22 28 0.548872
22 29 0.300412
22 30 0.256140
22 31 0.366834
22 32 0.143701
22 33 0.447853
22 34 0.157667
22 35 0.158351
22 36 0.331818
22 37 0.232484
22 38 0.254355
22 39 0.462025
22 40 0.195710
22 41 0.623932
22 42 0.168591
22 43 0.259786
22 44 0.368687
22 45 0.219219
22 46 0.177616
22 47 0.271375
22 48 0.162946
22 49 0.675926
22 50 0.201102
22 51 0.688679
22 52 0.784946
22 53 0.528986
22 54 0.901235
22 55 0.414773
22 56 0.174641
22 57 0.419540
22 58 0.167048
22 59 0.198910
22 60 0.205634
22 61 0.453416
22 62 0.334862
22 63 0.234727
22 64 0.986486
22 65 0.191601
22 66 0.215976
22 67 0.277567
22 68 0.226006
22 69 0.162946
22 70 0.270370
22 71 0.242525
22 72 0.657658
22 73 0.216617
22 74 0.328829
22 75 0.162222
22 76 0.177616
22 77 0.839080
22 78 0.760417
22 79 0.195187
22 80 0.178922
22 81 0.324444
22 82 0.180247
22 83 0.134191
22 84 0.199454
22 85 0.184810
22 86 0.390374
22 87 0.608333
22 88 0.230284
22 89 0.182957
22 90 0.496599
22 91 0.510490
22 92 0.267399
22 93 0.192105
22 94 0.274436
22 95 0.232484
22 96 0.188630
22 97 0.167431
22 98 0.152720
22 99 0.193122
23 24 0.089189
23 25 0.073991
23 26 0.297297
23 27 0.085492
23 28 0.160194
23 29 0.160194
23 30 0.118280
23 31 0.110368
23 32 0.078759
23 33 0.825000
23 34 0.095652
23 35 0.095376
23 36 0.308411
23 37 0.102804
23 38 0.079137
23 39 0.589286
23 40 0.066937
23 41 0.195266
23 42 0.088949
23 43 0.105769
23 44 0.237410
23 45 0.078014
23 46 0.075171
23 47 0.166667
23 48 0.079518
23 49 0.388235
23 50 0.095930
23 51 0.362637
23 52 0.168367
23 53 0.392857
23 54 0.282051
23 55 0.123596
23 56 0.120879
23 57 0.129921
23 58 0.070664
23 59 0.075171
23 60 0.070815
23 61 0.125954
23 62 0.111486
23 63 0.097059
23 64 0.212903
23 65 0.072368
23 66 0.089189
23 67 0.132530
23 68 0.111864
23 69 0.084833
23 70 0.366667
23 71 0.175532
23 72 0.152778
23 73 0.186441
23 74 0.095652
23 75 0.106109
23 76 0.127907
23 77 0.286957
23 78 0.157143
23 79 0.104762
23 80 0.119565
23 81 0.970588
23 82 0.123596
23 83 0.065868
23 84 0.093484
23 85 0.154206
23 86 0.167513
23 87 0.152074
23 88 0.125475
23 89 0.077830
23 90 0.397590
23 91 0.156398
23 92 0.174603
23 93 0.123596
23 94 0.097923
23 95 0.089189
23 96 0.150000
23 97 0.081683
23 98 0.069328
23 99 0.098802
24 25 0.144068
24 26 0.114478
24 27 0.166667
24 28 0.093407
24 29 0.144068
24 30 0.145923
24 31 0.087404
24 32 0.607143
24 33 0.083951
24 34 0.772727
24 35 0.971429
24 36 0.124088
24 37 0.139344
24 38 0.071130
24 39 0.096866
24 40 0.068000
24 41 0.065385
24 42 0.333333
24 43 0.119718
24 44 0.122302
24 45 0.083951
24 46 0.114865
24 47 0.165049
24 48 0.201183
24 49 0.084367
24 50 0.176166
24 51 0.086294
24 52 0.085427
24 53 0.076577
24 54 0.083538
24 55 0.090909
24 56 0.255639
24 57 0.094183
24 58 0.108626
24 59 0.089710
24 60 0.072650
24 61 0.087629
24 62 0.095506
24 63 0.121429
24 64 0.084788
24 65 0.086294
24 66 0.118467
24 67 0.144068
24 68 0.177083
24 69 0.317757
24 70 0.113333
24 71 0.183784
24 72 0.086076
24 73 0.158140
24 74 0.078522
24 75 0.330097
24 76 0.216561
24 77 0.076233
24 78 0.083744
24 79 0.272000
24 80 0.314815
24 81 0.092391
24 82 0.276423
24 83 0.178010
24 84 0.167488
24 85 0.132296
24 86 0.113712
24 87 0.087855
24 88 0.201183
24 89 0.118881
24 90 0.076063
24 91 0.095238
24 92 0.168317
24 93 0.326923
24 94 0.097701
24 95 0.103659
24 96 0.165049
24 97 0.203593
24 98 0.133858
24 99 0.229730
25 26 0.067757
25 27 0.475410
25 28 0.091195
25 29 0.119835
25 30 0.166667
25 31 0.103203
25 32 0.138756
25 33 0.062232
25 34 0.107011
25 35 0.111111
25 36 0.084795
25 37 0.210145
25 38 0.091772
25 39 0.072319
25 40 0.095395
25 41 0.053604
25 42 0.211679
25 43 0.168605
25 44 0.093851
25 45 0.131222
25 46 0.371795
25 47 0.115079
25 48 0.432836
25 49 0.067130
25 50 0.281553
25 51 0.069212
25 52 0.080780
25 53 0.059063
25 54 0.069544
25 55 0.100694
25 56 0.087087
25 57 0.102473
25 58 0.345238
25 59 0.162011
25 60 0.105072
25 61 0.095082
25 62 0.116466
25 63 0.200000
25 64 0.074935
25 65 0.155080
25 66 0.233871
25 67 0.143564
25 68 0.192053
25 69 0.224806
25 70 0.069544
25 71 0.100346
25 72 0.084548
25 73 0.079019
25 74 0.096026
25 75 0.090343
25 76 0.082386
25 77 0.061966
25 78 0.081006
25 79 0.184713
25 80 0.096990
25 81 0.062771
25 82 0.092357
25 83 0.235772
25 84 0.308511
25 85 0.065909
25 86 0.105839
25 87 0.086826
25 88 0.153439
25 89 0.371795
25 90 0.058233
25 91 0.093851
25 92 0.109023
25 93 0.111538
25 94 0.136792
25 95 0.174699
25 96 0.074742
25 97 0.420290
25 98 0.966667
25 99 0.230159
26 27 0.065041
26 28 0.088889
26 29 0.113744
26 30 0.085106
26 31 0.067606
26 32 0.068376
26 33 0.160000
26 34 0.090909
26 35 0.089552
26 36 0.212389
26 37 0.073846
26 38 0.050420
26 39 0.173913
26 40 0.044280
26 41 0.086331
26 42 0.073620
26 43 0.072508
26 44 0.146341
26 45 0.052174
26 46 0.054545
26 47 0.131148
26 48 0.062663
26 49 0.127660
26 50 0.072948
26 51 0.126984
26 52 0.087273
26 53 0.124352
26 54 0.112150
26 55 0.074074
26 56 0.134078
26 57 0.077670
26 58 0.051282
26 59 0.051613
26 60 0.046875
26 61 0.073846
26 62 0.070381
26 63 0.067989
26 64 0.099174
26 65 0.049689
26 66 0.062992
26 67 0.094118
26 68 0.084806
26 69 0.069971
26 70 0.960000
26 71 0.171429
26 72 0.083045
26 73 0.285714
26 74 0.059113
26 75 0.109091
26 76 0.149068
26 77 0.107623
26 78 0.083333
26 79 0.086643
26 80 0.125000
26 81 0.269663
26 82 0.133333
26 83 0.052516
26 84 0.070588
26 85 0.230769
26 86 0.102564
26 87 0.083624
26 88 0.100000
26 89 0.056471
26 90 0.125654
26 91 0.088561
26 92 0.144578
26 93 0.120603
26 94 0.064343
26 95 0.060914
26 96 0.206897
26 97 0.064343
26 98 0.052516
26 99 0.078689
27 28 0.127341
27 29 0.186813
27 30 0.290598
27 31 0.140496
27 32 0.177083
27 33 0.083744
27 34 0.145299
27 35 0.151111
27 36 0.120567
27 37 0.390805
27 38 0.114094
27 39 0.099707
27 40 0.112211
27 41 0.070103
27 42 0.326923
27 43 0.265625
27 44 0.136000
27 45 0.161137
27 46 0.365591
27 47 0.177083
27 48 0.576271
27 49 0.090909
27 50 0.790698
27 51 0.094183
27 52 0.110390
27 53 0.078704
27 54 0.094183
27 55 0.139918
27 56 0.119298
27 57 0.144068
27 58 0.298246
27 59 0.189944
27 60 0.125000
27 61 0.130769
27 62 0.163462
27 63 0.320755
27 64 0.102102
27 65 0.177083
27 66 0.350515
27 67 0.236111
27 68 0.373626
27 69 0.326923
27 70 0.094972
27 71 0.147186
27 72 0.115646
27 73 0.109325
27 74 0.125000
27 75 0.122302
27 76 0.112211
27 77 0.082725
27 78 0.110390
27 79 0.326923
27 80 0.135458
27 81 0.084577
27 82 0.127820
27 83 0.225166
27 84 0.971429
27 85 0.088083
27 86 0.155963
27 87 0.119718
27 88 0.261538
27 89 0.409639
27 90 0.077449
27 91 0.131783
27 92 0.165049
27 93 0.162679
27 94 0.189944
27 95 0.239437
27 96 0.101493
27 97 0.666667
27 98 0.377778
27 99 0.472222
28 29 0.069767
28 30 0.058065
28 31 0.095745
28 32 0.023018
28 33 0.044554
28 34 0.024862
28 35 0.025140
28 36 0.055556
28 37 0.049724
28 38 0.042453
28 39 0.059603
28 40 0.031250
28 41 0.038793
28 42 0.029126
28 43 0.060403
28 44 0.077586
28 45 0.040000
28 46 0.032028
28 47 0.054545
28 48 0.028391
28 49 0.061644
28 50 0.038793
28 51 0.068182
28 52 0.214286
28 53 0.043689
28 54 0.076923
28 55 0.145161
28 56 0.026706
28 57 0.173077
28 58 0.029316
28 59 0.036145
28 60 0.034351
28 61 0.157895
28 62 0.092784
28 63 0.050279
28 64 0.118421
28 65 0.033962
28 66 0.043478
28 67 0.066176
28 68 0.046154
28 69 0.027864
28 70 0.036585
28 71 0.041860
28 72 0.281250
28 73 0.032258
28 74 0.064286
28 75 0.024862
28 76 0.026706
28 77 0.054217
28 78 0.204545
28 79 0.035573
28 80 0.028302
28 81 0.037815
28 82 0.028125
28 83 0.021792
28 84 0.038298
28 85 0.025496
28 86 0.136364
28 87 0.375000
28 88 0.045455
28 89 0.033582
28 90 0.041860
28 91 0.900000
28 92 0.051136
28 93 0.032028
28 94 0.062500
28 95 0.047872
28 96 0.027439
28 97 0.029412
28 98 0.026087
28 99 0.035857
29 30 0.560000
29 31 0.241379
29 32 0.157895
29 33 0.186667
29 34 0.179487
29 35 0.182609
29 36 0.392523
29 37 0.355932
29 38 0.145833
29 39 0.262500
29 40 0.123167
29 41 0.135048
29 42 0.218750
29 43 0.350000
29 44 0.617647
29 45 0.166008
29 46 0.177966
29 47 0.976744
29 48 0.192661
29 49 0.214286
29 50 0.300000
29 51 0.229508
29 52 0.257669
29 53 0.166667
29 54 0.223404
29 55 0.278146
29 56 0.192661
29 57 0.311111
29 58 0.159091
29 59 0.164706
29 60 0.135484
29 61 0.260870
29 62 0.281879
29 63 0.293706
29 64 0.247059
29 65 0.153846
29 66 0.244186
29 67 0.913043
29 68 0.456522
29 69 0.201923
29 70 0.216495
29 71 0.411765
29 72 0.262500
29 73 0.229508
29 74 0.186667
29 75 0.176471
29 76 0.188341
29 77 0.178723
29 78 0.247059
29 79 0.318182
29 80 0.215385
29 81 0.186667
29 82 0.210000
29 83 0.135048
29 84 0.283784
29 85 0.158491
29 86 0.656250
29 87 0.276316
29 88 0.560000
29 89 0.190045
29 90 0.162791
29 91 0.341463
29 92 0.711864
29 93 0.270968
29 94 0.248521
29 95 0.229508
29 96 0.185022
29 97 0.202899
29 98 0.154982
29 99 0.297872
30 31 0.184713
30 32 0.116935
30 33 0.098305
30 34 0.118852
30 35 0.122363
30 36 0.160221
30 37 0.659091
30 38 0.115538
30 39 0.126087
30 40 0.100346
30 41 0.078591
30 42 0.181250
30 43 0.491525
30 44 0.207143
30 45 0.147959
30 46 0.179012
30 47 0.284314
30 48 0.177914
30 49 0.111969
30 50 0.371795
30 51 0.117886
30 52 0.148718
30 53 0.091195
30 54 0.118367
30 55 0.198630
30 56 0.113281
30 57 0.214815
30 58 0.152632
30 59 0.154255
30 60 0.112840
30 61 0.180124
30 62 0.233871
30 63 0.397260
30 64 0.133028
30 65 0.140777
30 66 0.292929
30 67 0.966667
30 68 0.659091
30 69 0.168605
30 70 0.109023
30 71 0.183544
30 72 0.157609
30 73 0.118852
30 74 0.145000
30 75 0.109434
30 76 0.109023
30 77 0.098305
30 78 0.147208
30 79 0.263636
30 80 0.128319
30 81 0.097315
30 82 0.123404
30 83 0.111969
30 84 0.349398
30 85 0.089231
30 86 0.284314
30 87 0.166667
30 88 0.402778
30 89 0.197279
30 90 0.089231
30 91 0.198630
30 92 0.241667
30 93 0.160221
30 94 0.239669
30 95 0.241667
30 96 0.103203
30 97 0.190789
30 98 0.143564
30 99 0.292929
31 32 0.079208
31 33 0.108844
31 34 0.080808
31 35 0.082051
31 36 0.131687
31 37 0.200000
31 38 0.262295
31 39 0.131687
31 40 0.164103
31 41 0.103226
31 42 0.102236
31 43 0.275862
31 44 0.165803
31 45 0.233577
31 46 0.141593
31 47 0.148148
31 48 0.107023
31 49 0.135021
31 50 0.146119
31 51 0.142857
31 52 0.271186
31 53 0.108108
31 54 0.154589
31 55 0.969697
31 56 0.081633
31 57 0.680851
31 58 0.129032
31 59 0.189349
31 60 0.189349
31 61 0.780488
31 62 0.914286
31 63 0.231884
31 64 0.196319
31 65 0.174863
31 66 0.202532
31 67 0.206452
31 68 0.160000
31 69 0.098765
31 70 0.096386
31 71 0.116364
31 72 0.336842
31 73 0.091429
31 74 0.615385
31 75 0.078240
31 76 0.080808
31 77 0.126482
31 78 0.296296
31 79 0.120301
31 80 0.087193
31 81 0.096970
31 82 0.085791
31 83 0.081425
31 84 0.147465
31 85 0.074592
31 86 0.258065
31 87 0.355556
31 88 0.143498
31 89 0.148148
31 90 0.104918
31 91 0.359551
31 92 0.137931
31 93 0.098462
31 94 0.438356
31 95 0.258065
31 96 0.080605
31 97 0.110345
31 98 0.105263
31 99 0.126482
32 33 0.194690
32 34 0.897959
32 35 0.977778
32 36 0.275862
32 37 0.353414
32 38 0.182573
32 39 0.222785
32 40 0.178138
32 41 0.156306
32 42 0.946237
32 43 0.300341
32 44 0.278481
32 45 0.219451
32 46 0.315412
32 47 0.363636
32 48 0.611111
32 49 0.197753
32 50 0.458333
32 51 0.202299
32 52 0.205607
32 53 0.179592
32 54 0.197309
32 55 0.223919
32 56 0.465608
32 57 0.230971
32 58 0.302405
32 59 0.237838
32 60 0.190065
32 61 0.215686
32 62 0.237838
32 63 0.312057
32 64 0.202299
32 65 0.230366
32 66 0.309859
32 67 0.342412
32 68 0.429268
32 69 0.988764
32 70 0.249292
32 71 0.380952
32 72 0.208531
32 73 0.327138
32 74 0.198198
32 75 0.560510
32 76 0.415094
32 77 0.180328
32 78 0.202765
32 79 0.628571
32 80 0.539877
32 81 0.210024
32 82 0.491620
32 83 0.619718
32 84 0.442211
32 85 0.281150
32 86 0.269113
32 87 0.213075
32 88 0.453608
32 89 0.324723
32 90 0.178138
32 91 0.229167
32 92 0.363636
32 93 0.571429
32 94 0.247887
32 95 0.269113
32 96 0.335878
32 97 0.602740
32 98 0.396396
32 99 0.578947
33 34 0.112861
33 35 0.112565
33 36 0.318519
33 37 0.127976
33 38 0.105134
33 39 0.651515
33 40 0.088115
33 41 0.333333
33 42 0.107500
33 43 0.133540
33 44 0.273885
33 45 0.101415
33 46 0.094923
33 47 0.191964
33 48 0.097950
33 49 0.693548
33 50 0.117808
33 51 0.589041
33 52 0.233696
33 53 0.977273
33 54 0.447917
33 55 0.163498
33 56 0.138264
33 57 0.170635
33 58 0.089397
33 59 0.096847
33 60 0.092873
33 61 0.167969
33 62 0.145270
33 63 0.122507
33 64 0.309353
33 65 0.093275
33 66 0.112565
33 67 0.161654
33 68 0.136076
33 69 0.103118
33 70 0.333333
33 71 0.194570
33 72 0.209756
33 73 0.199074
33 74 0.127596
33 75 0.122857
33 76 0.144781
33 77 0.537500
33 78 0.218274
33 79 0.125731
33 80 0.137380
33 81 0.651515
33 82 0.140984
33 83 0.081439
33 84 0.115282
33 85 0.169960
33 86 0.209756
33 87 0.206731
33 88 0.149306
33 89 0.098174
33 90 0.955556
33 91 0.206731
33 92 0.199074
33 93 0.142384
33 94 0.126471
33 95 0.114058
33 96 0.165385
33 97 0.100467
33 98 0.086869
33 99 0.119777
34 35 0.900000
34 36 0.035433
34 37 0.034483
34 38 0.018256
34 39 0.027190
34 40 0.017241
34 41 0.017964
34 42 0.066667
34 43 0.030100
34 44 0.033835
34 45 0.021127
34 46 0.027523
34 47 0.045455
34 48 0.043902
34 49 0.023377
34 50 0.041667
34 51 0.023873
34 52 0.022901
34 53 0.021327
34 54 0.022959
34 55 0.023747
34 56 0.096774
34 57 0.024725
34 58 0.026012
34 59 0.022277
34 60 0.018405
34 61 0.023018
34 62 0.024658
34 63 0.030100
34 64 0.023018
34 65 0.021480
34 66 0.029032
34 67 0.037344
34 68 0.043689
34 69 0.062500
34 70 0.033457
34 71 0.054217
34 72 0.022901
34 73 0.050000
34 74 0.020316
34 75 0.150000
34 76 0.077586
34 77 0.020979
34 78 0.022388
34 79 0.062937
34 80 0.125000
34 81 0.026471
34 82 0.105882
34 83 0.038462
34 84 0.039648
34 85 0.041475
34 86 0.030303
34 87 0.023377
34 88 0.051724
34 89 0.028481
34 90 0.021226
34 91 0.025281
34 92 0.047120
34 93 0.107143
34 94 0.024793
34 95 0.025862
34 96 0.054217
34 97 0.044554
34 98 0.030928
34 99 0.052632
35 36 0.267717
35 37 0.267717
35 38 0.139918
35 39 0.205438
35 40 0.132296
35 41 0.135729
35 42 0.544000
35 43 0.232877
35 44 0.257576
35 45 0.162679
35 46 0.213836
35 47 0.348718
35 48 0.348718
35 49 0.176623
35 50 0.326923
35 51 0.180371
35 52 0.174359
35 53 0.160757
35 54 0.173913
35 55 0.182306
35 56 0.680000
35 57 0.189415
35 58 0.202381
35 59 0.172152
35 60 0.141372
35 61 0.176166
35 62 0.189415
35 63 0.233677
35 64 0.174807
35 65 0.165854
35 66 0.225914
35 67 0.288136
35 68 0.341709
35 69 0.507463
35 70 0.249084
35 71 0.412121
35 72 0.174807
35 73 0.367568
35 74 0.155963
35 75 0.985507
35 76 0.552846
35 77 0.158879
35 78 0.170854
35 79 0.507463
35 80 0.883117
35 81 0.198830
35 82 0.747253
35 83 0.302222
35 84 0.311927
35 85 0.303571
35 86 0.232082
35 87 0.178478
35 88 0.404762
35 89 0.221498
35 90 0.160000
35 91 0.193182
35 92 0.359788
35 93 0.819277
35 94 0.191011
35 95 0.200000
35 96 0.393064
35 97 0.354167
35 98 0.241993
35 99 0.419753
36 37 0.227679
36 38 0.139726
36 39 0.653846
36 40 0.118605
36 41 0.206478
36 42 0.191729
36 43 0.228700
36 44 0.980769
36 45 0.146132
36 46 0.149123
36 47 0.554348
36 48 0.165049
36 49 0.389313
36 50 0.212500
36 51 0.411290
36 52 0.291429
36 53 0.296512
36 54 0.359155
36 55 0.240566
36 56 0.256281
36 57 0.258883
36 58 0.137838
36 59 0.143258
36 60 0.127500
36 61 0.237209
36 62 0.222707
36 63 0.205645
36 64 0.333333
36 65 0.136364
36 66 0.184116
36 67 0.335526
36 68 0.265625
36 69 0.180212
36 70 0.554348
36 71 0.566667
36 72 0.275676
36 73 0.421488
36 74 0.173469
36 75 0.218884
36 76 0.265625
36 77 0.291429
36 78 0.272727
36 79 0.244019
36 80 0.265625
36 81 0.425000
36 82 0.271277
36 83 0.129114
36 84 0.204000
36 85 0.265625
36 86 0.418033
36 87 0.281768
36 88 0.324841
36 89 0.155963
36 90 0.289773
36 91 0.314815
36 92 0.614458
36 93 0.296512
36 94 0.195402
36 95 0.178947
36 96 0.296512
36 97 0.171141
36 98 0.137097
36 99 0.223684
37 38 0.157447
37 39 0.136531
37 40 0.141221
37 41 0.091584
37 42 0.235669
37 43 0.822222
37 44 0.203297
37 45 0.221557
37 46 0.310924
37 47 0.258741
37 48 0.262411
37 49 0.124579
37 50 0.616667
37 51 0.130282
37 52 0.166667
37 53 0.103641
37 54 0.131673
37 55 0.234177
37 56 0.129371
37 57 0.246667
37 58 0.251701
37 59 0.243421
37 60 0.161572
37 61 0.211429
37 62 0.296000
37 63 0.973684
37 64 0.148000
37 65 0.218935
37 66 0.627119
37 67 0.506849
37 68 0.637931
37 69 0.222892
37 70 0.119741
37 71 0.187817
37 72 0.178744
37 73 0.130742
37 74 0.188776
37 75 0.127586
37 76 0.124161
37 77 0.111782
37 78 0.166667
37 79 0.308333
37 80 0.145669
37 81 0.108504
37 82 0.139623
37 83 0.156118
37 84 0.637931
37 85 0.101928
37 86 0.270073
37 87 0.186869
37 88 0.362745
37 89 0.355769
37 90 0.101370
37 91 0.215116
37 92 0.229814
37 93 0.177885
37 94 0.349057
37 95 0.420455
37 96 0.116352
37 97 0.282443
37 98 0.222892
37 99 0.377551
38 39 0.198895
38 40 0.827586
38 41 0.178660
38 42 0.184615
38 43 0.369231
38 44 0.229299
38 45 0.720000
38 46 0.297521
38 47 0.218182
38 48 0.202247
38 49 0.206304
38 50 0.247423
38 51 0.213650
38 52 0.318584
38 53 0.177778
38 54 0.227129
38 55 0.467532
38 56 0.143426
38 57 0.428571
38 58 0.284585
38 59 0.493151
38 60 0.935065
38 61 0.461538
38 62 0.514286
38 63 0.360000
38 64 0.264706
38 65 0.486486
38 66 0.356436
38 67 0.276923
38 68 0.250000
38 69 0.181818
38 70 0.158590
38 71 0.184615
38 72 0.352941
38 73 0.153518
38 74 0.986301
38 75 0.139806
38 76 0.141454
38 77 0.201681
38 78 0.338028
38 79 0.203390
38 80 0.151579
38 81 0.160356
38 82 0.149378
38 83 0.164760
38 84 0.253521
38 85 0.131148
38 86 0.293878
38 87 0.356436
38 88 0.222910
38 89 0.301255
38 90 0.173913
38 91 0.344498
38 92 0.207493
38 93 0.167442
38 94 0.549618
38 95 0.458599
38 96 0.140078
38 97 0.206897
38 98 0.218845
38 99 0.216216
39 40 0.121005
39 41 0.311765
39 42 0.156805
39 43 0.204633
39 44 0.576087
39 45 0.144414
39 46 0.136598
39 47 0.329193
39 48 0.141333
39 49 0.929825
39 50 0.176667
39 51 0.981481
39 52 0.368056
39 53 0.552083
39 54 0.679487
39 55 0.251185
39 56 0.196296
39 57 0.267677
39 58 0.127098
39 59 0.138021
39 60 0.128954
39 61 0.256039
39 62 0.220833
39 63 0.184028
39 64 0.495327
39 65 0.132170
39 66 0.166667
39 67 0.263682
39 68 0.211155
39 69 0.149296
39 70 0.469027
39 71 0.317365
39 72 0.327160
39 73 0.289617
39 74 0.182759
39 75 0.173203
39 76 0.203846
39 77 0.535354
39 78 0.335443
39 79 0.189964
39 80 0.198502
39 81 0.609195
39 82 0.203065
39 83 0.113978
39 84 0.172078
39 85 0.223629
39 86 0.370629
39 87 0.327160
39 88 0.236607
39 89 0.141711
39 90 0.524752
39 91 0.341935
39 92 0.341935
39 93 0.212851
39 94 0.188612
39 95 0.167722
39 96 0.229437
39 97 0.145604
39 98 0.123256
39 99 0.179661
40 41 0.065440
40 42 0.079208
40 43 0.139130
40 44 0.084433
40 45 0.333333
40 46 0.141593
40 47 0.083990
40 48 0.089636
40 49 0.074419
40 50 0.103896
40 51 0.076739
40 52 0.104235
40 53 0.065708
40 54 0.080402
40 55 0.140969
40 56 0.058824
40 57 0.133333
40 58 0.140351
40 59 0.253968
40 60 0.969697
40 61 0.137339
40 62 0.158416
40 63 0.142857
40 64 0.090652
40 65 0.273504
40 66 0.150235
40 67 0.104575
40 68 0.100313
40 69 0.078818
40 70 0.061420
40 71 0.072562
40 72 0.112281
40 73 0.061069
40 74 0.209150
40 75 0.057971
40 76 0.057762
40 77 0.072562
40 78 0.108475
40 79 0.084211
40 80 0.062257
40 81 0.061069
40 82 0.061069
40 83 0.075294
40 84 0.107383
40 85 0.052805
40 86 0.103560
40 87 0.113879
40 88 0.088889
40 89 0.139738
40 90 0.064516
40 91 0.113074
40 92 0.080201
40 93 0.068376
40 94 0.184971
40 95 0.183908
40 96 0.056537
40 97 0.091168
40 98 0.103226
40 99 0.090652
41 42 0.150000
41 43 0.198413
41 44 0.301205
41 45 0.168161
41 46 0.146771
41 47 0.231481
41 48 0.142315
41 49 0.635593
41 50 0.168161
41 51 0.581395
41 52 0.382653
41 53 0.872093
41 54 0.600000
41 55 0.264085
41 56 0.171625
41 57 0.267857
41 58 0.139405
41 59 0.157233
41 60 0.159574
41 61 0.276753
41 62 0.230769
41 63 0.183824
41 64 0.477707
41 65 0.152439
41 66 0.171625
41 67 0.218659
41 68 0.187032
41 69 0.145068
41 70 0.290698
41 71 0.223214
41 72 0.344037
41 73 0.218023
41 74 0.221893
41 75 0.158228
41 76 0.176887
41 77 0.986842
41 78 0.367647
41 79 0.170455
41 80 0.172018
41 81 0.390625
41 82 0.174825
41 83 0.120773
41 84 0.166297
41 85 0.196850
41 86 0.279851
41 87 0.333333
41 88 0.195822
41 89 0.150602
41 90 0.852273
41 91 0.311203
41 92 0.232919
41 93 0.178998
41 94 0.200535
41 95 0.178571
41 96 0.193299
41 97 0.145349
41 98 0.131810
41 99 0.166297
42 43 0.084577
42 44 0.067729
42 45 0.054839
42 46 0.087179
42 47 0.095506
42 48 0.239437
42 49 0.044386
42 50 0.170000
42 51 0.045822
42 52 0.048851
42 53 0.039261
42 54 0.044974
42 55 0.055738
42 56 0.084158
42 57 0.057823
42 58 0.080189
42 59 0.060498
42 60 0.045699
42 61 0.053125
42 62 0.060932
42 63 0.089474
42 64 0.047091
42 65 0.057823
42 66 0.088542
42 67 0.098266
42 68 0.146552
42 69 0.944444
42 70 0.052960
42 71 0.089947
42 72 0.050000
42 73 0.067194
42 74 0.048295
42 75 0.091892
42 76 0.076233
42 77 0.040094
42 78 0.048295
42 79 0.283333
42 80 0.101190
42 81 0.044855
42 82 0.092391
42 83 0.128788
42 84 0.158879
42 85 0.053628
42 86 0.068548
42 87 0.051515
42 88 0.144068
42 89 0.091398
42 90 0.038724
42 91 0.056478
42 92 0.092391
42 93 0.125926
42 94 0.064885
42 95 0.072340
42 96 0.064394
42 97 0.250000
42 98 0.107595
42 99 0.278689
43 44 0.170455
43 45 0.217391
43 46 0.223881
43 47 0.193548
43 48 0.163043
43 49 0.107914
43 50 0.288462
43 51 0.114068
43 52 0.158730
43 53 0.088757
43 54 0.116732
43 55 0.256410
43 56 0.095238
43 57 0.270270
43 58 0.185185
43 59 0.222222
43 60 0.151515
43 61 0.223881
43 62 0.365854
43 63 0.967742
43 64 0.135747
43 65 0.196078
43 66 0.491803
43 67 0.384615
43 68 0.319149
43 69 0.142857
43 70 0.095847
43 71 0.140187
43 72 0.174419
43 73 0.100334
43 74 0.197368
43 75 0.092879
43 76 0.092593
43 77 0.097403
43 78 0.160428
43 79 0.187500
43 80 0.105263
43 81 0.089286
43 82 0.102041
43 83 0.107914
43 84 0.297030
43 85 0.078740
43 86 0.254237
43 87 0.184049
43 88 0.229008
43 89 0.247934
43 90 0.086455
43 91 0.215827
43 92 0.172414
43 93 0.125523
43 94 0.468750
43 95 0.468750
43 96 0.088496
43 97 0.172414
43 98 0.151515
43 99 0.212766
44 45 0.231544
44 46 0.230000
44 47 0.920000
44 48 0.242958
44 49 0.522727
44 50 0.331731
44 51 0.570248
44 52 0.507353
44 53 0.372973
44 54 0.530769
44 55 0.425926
44 56 0.303965
44 57 0.469388
44 58 0.209726
44 59 0.224756
44 60 0.197708
44 61 0.415663
44 62 0.387640
44 63 0.339901
44 64 0.547619
44 65 0.212308
44 66 0.296137
44 67 0.627273
44 68 0.431250
44 69 0.257463
44 70 0.482517
44 71 0.650943
44 72 0.485915
44 73 0.423313
44 74 0.282787
44 75 0.269531
44 76 0.308036
44 77 0.396552
44 78 0.469388
44 79 0.359375
44 80 0.323944
44 81 0.428571
44 82 0.325472
44 83 0.184000
44 84 0.319444
44 85 0.288703
44 86 0.985714
44 87 0.503650
44 88 0.511111
44 89 0.241259
44 90 0.361257
44 91 0.605263
44 92 0.907895
44 93 0.377049
44 94 0.327014
44 95 0.291139
44 96 0.325472
44 97 0.252747
44 98 0.203540
44 99 0.336585
45 46 0.317241
45 47 0.158076
45 48 0.172285
45 49 0.124324
45 50 0.215962
45 51 0.129213
45 52 0.181818
45 53 0.106977
45 54 0.134897
45 55 0.278788
45 56 0.102222
45 57 0.264368
45 58 0.298701
45 59 0.978723
45 60 0.730159
45 61 0.261364
45 62 0.356589
45 63 0.356589
45 64 0.154882
45 65 0.867925
45 66 0.386555
45 67 0.213953
45 68 0.205357
45 69 0.146965
45 70 0.104545
45 71 0.131054
45 72 0.199134
45 73 0.105747
45 74 0.386555
45 75 0.100656
45 76 0.099783
45 77 0.118557
45 78 0.188525
45 79 0.161972
45 80 0.109524
45 81 0.101996
45 82 0.106977
45 83 0.134111
45 84 0.225490
45 85 0.088975
45 86 0.200000
45 87 0.204444
45 88 0.172932
45 89 0.319444
45 90 0.104784
45 91 0.211009
45 92 0.148867
45 93 0.122995
45 94 0.522727
45 95 0.582278
45 96 0.096842
45 97 0.176923
45 98 0.198276
45 99 0.178295
46 47 0.058140
46 48 0.110294
46 49 0.036496
46 50 0.123967
46 51 0.037783
46 52 0.046875
46 53 0.031847
46 54 0.038462
46 55 0.062762
46 56 0.039894
46 57 0.063025
46 58 0.517241
46 59 0.147059
46 60 0.075758
46 61 0.058594
46 62 0.076142
46 63 0.144231
46 64 0.042254
46 65 0.136364
46 66 0.202703
46 67 0.078534
46 68 0.093750
46 69 0.077720
46 70 0.035211
46 71 0.048860
46 72 0.049834
46 73 0.038363
46 74 0.063291
46 75 0.040541
46 76 0.038265
46 77 0.034014
46 78 0.047468
46 79 0.077320
46 80 0.043860
46 81 0.032609
46 82 0.042254
46 83 0.075000
46 84 0.138889
46 85 0.031983
46 86 0.060000
46 87 0.051370
46 88 0.072816
46 89 0.937500
46 90 0.031315
46 91 0.055147
46 92 0.054545
46 93 0.050336
46 94 0.098039
46 95 0.145631
46 96 0.035714
46 97 0.112782
46 98 0.170455
46 99 0.092593
47 48 0.082949
47 49 0.087379
47 50 0.120000
47 51 0.092308
47 52 0.091837
47 53 0.070312
47 54 0.087805
47 55 0.093750
47 56 0.102273
47 57 0.101695
47 58 0.062937
47 59 0.062284
47 60 0.051576
47 61 0.089109
47 62 0.094241
47 63 0.103448
47 64 0.091837
47 65 0.058632
47 66 0.089552
47 67 0.230769
47 68 0.176471
47 69 0.092308
47 70 0.106509
47 71 0.295082
47 72 0.091837
47 73 0.125000
47 74 0.067416
47 75 0.090909
47 76 0.100000
47 77 0.072581
47 78 0.087805
47 79 0.151261
47 80 0.116129
47 81 0.085308
47 82 0.113924
47 83 0.059016
47 84 0.112500
47 85 0.079646
47 86 0.176471
47 87 0.095745
47 88 0.276923
47 89 0.074074
47 90 0.068966
47 91 0.112500
47 92 0.947368
47 93 0.153846
47 94 0.086538
47 95 0.082569
47 96 0.096774
47 97 0.087379
47 98 0.064057
47 99 0.131387
48 49 0.026634
48 50 0.129412
48 51 0.027500
48 52 0.030726
48 53 0.023504
48 54 0.027295
48 55 0.036913
48 56 0.040441
48 57 0.037931
48 58 0.074324
48 59 0.047619
48 60 0.033742
48 61 0.034921
48 62 0.041509
48 63 0.067485
48 64 0.029024
48 65 0.045455
48 66 0.070968
48 67 0.059140
48 68 0.086614
48 69 0.177419
48 70 0.029333
48 71 0.045267
48 72 0.031884
48 73 0.034921
48 74 0.033333
48 75 0.042969
48 76 0.037671
48 77 0.024336
48 78 0.030641
48 79 0.103774
48 80 0.046218
48 81 0.025822
48 82 0.043478
48 83 0.113402
48 84 0.130952
48 85 0.028721
48 86 0.041825
48 87 0.032836
48 88 0.072368
48 89 0.085271
48 90 0.023158
48 91 0.035714
48 92 0.048246
48 93 0.054726
48 94 0.046414
48 95 0.055000
48 96 0.033233
48 97 0.916667
48 98 0.126437
48 99 0.135802
49 50 0.041916
49 51 0.933333
49 52 0.112903
49 53 0.225806
49 54 0.400000
49 55 0.067961
49 56 0.042813
49 57 0.071066
49 58 0.031891
49 59 0.035714
49 60 0.034483
49 61 0.070707
49 62 0.057851
49 63 0.045455
49 64 0.179487
49 65 0.034230
49 66 0.041420
49 67 0.060606
49 68 0.048780
49 69 0.035000
49 70 0.085366
49 71 0.063636
49 72 0.095890
49 73 0.058577
49 74 0.050360
49 75 0.038674
49 76 0.044164
49 77 0.318182
49 78 0.102190
49 79 0.043344
49 80 0.043478
49 81 0.118644
49 82 0.044164
49 83 0.027668
49 84 0.041176
49 85 0.048276
49 86 0.086420
49 87 0.093960
49 88 0.052632
49 89 0.035264
49 90 0.200000
49 91 0.091503
49 92 0.068627
49 93 0.046358
49 94 0.048611
49 95 0.042683
49 96 0.048780
49 97 0.034826
49 98 0.030369
49 99 0.041791
50 51 0.037383
50 52 0.043956
50 53 0.030691
50 54 0.037383
50 55 0.055556
50 56 0.046875
50 57 0.057971
50 58 0.082759
50 59 0.063830
50 60 0.043478
50 61 0.051724
50 62 0.064865
50 63 0.131868
50 64 0.040678
50 65 0.059113
50 66 0.126316
50 67 0.115385
50 68 0.244898
50 69 0.112150
50 70 0.037855
50 71 0.062827
50 72 0.046154
50 73 0.043956
50 74 0.047059
50 75 0.047244
50 76 0.044118
50 77 0.032345
50 78 0.043796
50 79 0.157895
50 80 0.053812
50 81 0.033333
50 82 0.050847
50 83 0.065934
50 84 0.923077
50 85 0.034286
50 86 0.067039
50 87 0.047809
50 88 0.133333
50 89 0.112150
50 90 0.030151
50 91 0.053812
50 92 0.073171
50 93 0.067416
50 94 0.073171
50 95 0.087591
50 96 0.040000
50 97 0.162162
50 98 0.090909
50 99 0.260870
51 52 0.225225
51 53 0.328947
51 54 0.961538
51 55 0.130208
51 56 0.077640
51 57 0.136612
51 58 0.058962
51 59 0.066138
51 60 0.063776
51 61 0.135870
51 62 0.109649
51 63 0.085324
51 64 0.373134
51 65 0.063291
51 66 0.077160
51 67 0.114679
51 68 0.091241
51 69 0.064433
51 70 0.151515
51 71 0.117925
51 72 0.187970
51 73 0.105932
51 74 0.094340
51 75 0.070225
51 76 0.080128
51 77 0.462963
51 78 0.200000
51 79 0.080128
51 80 0.079114
51 81 0.200000
51 82 0.080386
51 83 0.050607
51 84 0.076453
51 85 0.086207
51 86 0.170068
51 87 0.183824
51 88 0.098039
51 89 0.065274
51 90 0.294118
51 91 0.179856
51 92 0.128866
51 93 0.085034
51 94 0.091575
51 95 0.079618
51 96 0.088028
51 97 0.064267
51 98 0.055804
51 99 0.077399
52 53 0.077778
52 54 0.153846
52 55 0.155556
52 56 0.038674
52 57 0.164706
52 58 0.040462
52 59 0.049645
52 60 0.049296
52 61 0.179487
52 62 0.107692
52 63 0.063927
52 64 0.304348
52 65 0.047138
52 66 0.056680
52 67 0.079545
52 68 0.059574
52 69 0.038674
52 70 0.056000
52 71 0.058333
52 72 0.583333
52 73 0.047458
52 74 0.090323
52 75 0.035990
52 76 0.038997
52 77 0.102941
52 78 0.933333
52 79 0.048110
52 80 0.040462
52 81 0.061135
52 82 0.040462
52 83 0.030837
52 84 0.050725
52 85 0.038356
52 86 0.138614
52 87 0.466667
52 88 0.059574
52 89 0.045455
52 90 0.074074
52 91 0.274510
52 92 0.068293
52 93 0.044872
52 94 0.078212
52 95 0.062222
52 96 0.040580
52 97 0.040462
52 98 0.036269
52 99 0.048110
53 54 0.100000
53 55 0.033835
53 56 0.025424
53 57 0.035019
53 58 0.018036
53 59 0.019868
53 60 0.019397
53 61 0.035156
53 62 0.029801
53 63 0.024457
53 64 0.067164
53 65 0.019149
53 66 0.022556
53 67 0.031142
53 68 0.026239
53 69 0.019956
53 70 0.052023
53 71 0.034615
53 72 0.044335
53 73 0.034615
53 74 0.026946
53 75 0.022959
53 76 0.026471
53 77 0.173077
53 78 0.046875
53 79 0.024064
53 80 0.025352
53 81 0.084112
53 82 0.025937
53 83 0.016071
53 84 0.022613
53 85 0.030405
53 86 0.040541
53 87 0.043478
53 88 0.028213
53 89 0.019694
53 90 0.900000
53 91 0.042254
53 92 0.035857
53 93 0.026393
53 94 0.025862
53 95 0.023136
53 96 0.029703
53 97 0.019694
53 98 0.017308
53 99 0.023136
54 55 0.248588
54 56 0.129032
54 57 0.261905
54 58 0.105263
54 59 0.120219
54 60 0.117333
54 61 0.263473
54 62 0.205607
54 63 0.153310
54 64 0.977778
54 65 0.115183
54 66 0.138801
54 67 0.201835
54 68 0.159420
54 69 0.111392
54 70 0.231579
54 71 0.192982
54 72 0.385965
54 73 0.171206
54 74 0.179592
54 75 0.117333
54 76 0.132132
54 77 0.862745
54 78 0.423077
54 79 0.137931
54 80 0.132132
54 81 0.291391
54 82 0.133333
54 83 0.088353
54 84 0.134557
54 85 0.140127
54 86 0.305556
54 87 0.372881
54 88 0.168582
54 89 0.116711
54 90 0.444444
54 91 0.352000
54 92 0.213592
54 93 0.142395
54 94 0.168582
54 95 0.145215
54 96 0.143322
54 97 0.112245
54 98 0.098655
54 99 0.134146
55 56 0.040761
55 57 0.937500
55 58 0.057034
55 59 0.077720
55 60 0.074627
55 61 0.833333
55 62 0.348837
55 63 0.104895
55 64 0.112782
55 65 0.072115
55 66 0.089820
55 67 0.107914
55 68 0.079365
55 69 0.047468
55 70 0.049834
55 71 0.060241
55 72 0.223881
55 73 0.046584
55 74 0.182927
55 75 0.038660
55 76 0.040431
55 77 0.066964
55 78 0.185185
55 79 0.059055
55 80 0.043478
55 81 0.050336
55 82 0.042857
55 83 0.038071
55 84 0.069767
55 85 0.037500
55 86 0.156250
55 87 0.245902
55 88 0.072816
55 89 0.065789
55 90 0.054545
55 91 0.267857
55 92 0.072464
55 93 0.049342
55 94 0.164835
55 95 0.107914
55 96 0.040650
55 97 0.052083
55 98 0.048077
55 99 0.061224
56 57 0.056657
56 58 0.050125
56 59 0.045767
56 60 0.039062
56 61 0.053050
56 62 0.054795
56 63 0.061920
56 64 0.057307
56 65 0.044053
56 66 0.058651
56 67 0.082305
56 68 0.087336
56 69 0.093023
56 70 0.105820
56 71 0.162602
56 72 0.054645
56 73 0.206186
56 74 0.045249
56 75 0.487805
56 76 0.833333
56 77 0.054201
56 78 0.053763
56 79 0.109890
56 80 0.571429
56 81 0.076336
56 82 0.952381
56 83 0.062696
56 84 0.074627
56 85 0.161290
56 86 0.072464
56 87 0.055710
56 88 0.108108
56 89 0.055096
56 90 0.056338
56 91 0.060060
56 92 0.123457
56 93 0.253165
56 94 0.053333
56 95 0.053763
56 96 0.270270
56 97 0.075188
56 98 0.055866
56 99 0.093023
57 58 0.102662
57 59 0.135678
57 60 0.126761
57 61 0.964286
57 62 0.586957
57 63 0.194245
57 64 0.214286
57 65 0.126168
57 66 0.163636
57 67 0.214286
57 68 0.151685
57 69 0.088235
57 70 0.094406
57 71 0.115880
57 72 0.421875
57 73 0.088235
57 74 0.275510
57 75 0.072386
57 76 0.075843
57 77 0.124424
57 78 0.341772
57 79 0.111570
57 80 0.081818
57 81 0.094737
57 82 0.080597
57 83 0.069948
57 84 0.130435
57 85 0.070312
57 86 0.337500
57 87 0.482143
57 88 0.139896
57 89 0.119469
57 90 0.101504
57 91 0.600000
57 92 0.141361
57 93 0.093426
57 94 0.287234
57 95 0.191489
57 96 0.076271
57 97 0.096429
57 98 0.087662
57 99 0.115385
58 59 0.398148
58 60 0.212871
58 61 0.153571
58 62 0.194570
58 63 0.328244
58 64 0.112565
58 65 0.383929
58 66 0.425743
58 67 0.195455
58 68 0.229947
58 69 0.206731
58 70 0.094714
58 71 0.128743
58 72 0.131902
58 73 0.103118
58 74 0.167969
58 75 0.109974
58 76 0.103614
58 77 0.091684
58 78 0.126100
58 79 0.198157
58 80 0.117808
58 81 0.088115
58 82 0.113757
58 83 0.216080
58 84 0.323308
58 85 0.086869
58 86 0.154676
58 87 0.135220
58 88 0.185345
58 89 0.977273
58 90 0.084813
58 91 0.144295
58 92 0.141914
58 93 0.133956
58 94 0.245714
58 95 0.344000
58 96 0.096629
58 97 0.292517
58 98 0.518072
58 99 0.233696
59 60 0.185567
59 61 0.086957
59 62 0.117647
59 63 0.155172
59 64 0.055556
59 65 0.947368
59 66 0.187500
59 67 0.084906
59 68 0.086124
59 69 0.063830
59 70 0.040359
59 71 0.052023
59 72 0.069231
59 73 0.041667
59 74 0.111801
59 75 0.041002
59 76 0.040089
59 77 0.043373
59 78 0.065693
59 79 0.068441
59 80 0.044444
59 81 0.038710
59 82 0.043269
59 83 0.059801
59 84 0.101124
59 85 0.035088
59 86 0.074074
59 87 0.071146
59 88 0.070866
59 89 0.174757
59 90 0.038961
59 91 0.074689
59 92 0.058632
59 93 0.050139
59 94 0.171429
59 95 0.250000
59 96 0.038380
59 97 0.079646
59 98 0.095745
59 99 0.076923
60 61 0.432692
60 62 0.520231
60 63 0.471204
60 64 0.272727
60 65 0.989011
60 66 0.497238
60 67 0.329670
60 68 0.314685
60 69 0.240000
60 70 0.183299
60 71 0.220049
60 72 0.343511
60 73 0.182556
60 74 0.676692
60 75 0.173410
60 76 0.172414
60 77 0.214797
60 78 0.329670
60 79 0.259366
60 80 0.186722
60 81 0.181452
60 82 0.183299
60 83 0.226700
60 84 0.338346
60 85 0.156794
60 86 0.322581
60 87 0.350195
60 88 0.275229
60 89 0.450000
60 90 0.190275
60 91 0.350195
60 92 0.245232
60 93 0.206422
60 94 0.633803
60 95 0.633803
60 96 0.168539
60 97 0.280374
60 98 0.316901
60 99 0.280374
61 62 0.830508
61 63 0.304348
61 64 0.398374
61 65 0.221719
61 66 0.266304
61 67 0.320261
61 68 0.239024
61 69 0.147590
61 70 0.162791
61 71 0.190661
61 72 0.890909
61 73 0.149847
61 74 0.590361
61 75 0.123116
61 76 0.129288
61 77 0.230047
61 78 0.720588
61 79 0.182156
61 80 0.138028
61 81 0.166667
61 82 0.136111
61 83 0.119221
61 84 0.211207
61 85 0.121287
61 86 0.480392
61 87 0.980000
61 88 0.222727
61 89 0.200000
61 90 0.184906
61 91 0.907407
61 92 0.226852
61 93 0.155556
61 94 0.462264
61 95 0.314103
61 96 0.130319
61 97 0.160656
61 98 0.148936
61 99 0.188462
62 63 0.457143
62 64 0.279070
62 65 0.284024
62 66 0.377953
62 67 0.384000
62 68 0.289157
62 69 0.166090
62 70 0.150000
62 71 0.192000
62 72 0.440367
62 73 0.145897
62 74 0.607595
62 75 0.126316
62 76 0.129730
62 77 0.182510
62 78 0.390244
62 79 0.206009
62 80 0.141593
62 81 0.147692
62 82 0.138728
62 83 0.133705
62 84 0.263736
62 85 0.117073
62 86 0.444444
62 87 0.475248
62 88 0.251309
62 89 0.258065
62 90 0.154341
62 91 0.533333
62 92 0.230769
62 93 0.162162
62 94 0.979592
62 95 0.494845
62 96 0.128000
62 97 0.188235
62 98 0.176471
62 99 0.219178
63 64 0.119048
63 65 0.223881
63 66 0.967742
63 67 0.306122
63 68 0.312500
63 69 0.152284
63 70 0.089286
63 71 0.130435
63 72 0.149254
63 73 0.094937
63 74 0.179641
63 75 0.091463
63 76 0.089552
63 77 0.088757
63 78 0.138889
63 79 0.191083
63 80 0.102740
63 81 0.082645
63 82 0.099338
63 83 0.117647
63 84 0.352941
63 85 0.075567
63 86 0.204082
63 87 0.156250
63 88 0.215827
63 89 0.333333
63 90 0.079787
63 91 0.177515
63 92 0.156250
63 93 0.121951
63 94 0.400000
63 95 0.600000
63 96 0.084986
63 97 0.194805
63 98 0.177515
63 99 0.225564
64 65 0.170588
64 66 0.206406
64 67 0.298969
64 68 0.229249
64 69 0.153846
64 70 0.266055
64 71 0.252174
64 72 0.840580
64 73 0.212454
64 74 0.288557
64 75 0.152632
64 76 0.168605
64 77 0.637363
64 78 0.983051
64 79 0.192053
64 80 0.172107
64 81 0.306878
64 82 0.172619
64 83 0.122105
64 84 0.193333
64 85 0.171598
64 86 0.495726
64 87 0.783784
64 88 0.236735
64 89 0.169591
64 90 0.402778
64 91 0.682353
64 92 0.288557
64 93 0.188925
64 94 0.263636
64 95 0.219697
64 96 0.179012
64 97 0.157609
64 98 0.139759
64 99 0.188925
65 66 0.787611
65 67 0.386957
65 68 0.393805
65 69 0.301695
65 70 0.191810
65 71 0.244505
65 72 0.323636
65 73 0.197778
65 74 0.523529
65 75 0.195604
65 76 0.190578
65 77 0.206497
65 78 0.307958
65 79 0.318996
65 80 0.211401
65 81 0.184265
65 82 0.205543
65 83 0.288961
65 84 0.461140
65 85 0.167608
65 86 0.342308
65 87 0.332090
65 88 0.328413
65 89 0.787611
65 90 0.186192
65 91 0.346304
65 92 0.273846
65 93 0.236702
65 94 0.729508
65 95 0.988889
65 96 0.183128
65 97 0.373950
65 98 0.458763
65 99 0.357430
66 67 0.354331
66 68 0.394737
66 69 0.229592
66 70 0.123288
66 71 0.176471
66 72 0.197368
66 73 0.131965
66 74 0.251397
66 75 0.130814
66 76 0.126761
66 77 0.122283
66 78 0.185185
66 79 0.267857
66 80 0.145631
66 81 0.114504
66 82 0.140187
66 83 0.186722
66 84 0.523256
66 85 0.106888
66 86 0.252809
66 87 0.205479
66 88 0.283019
66 89 0.725806
66 90 0.110565
66 91 0.227273
66 92 0.206422
66 93 0.170455
66 94 0.511364
66 95 0.978261
66 96 0.119681
66 97 0.306122
66 98 0.308219
66 99 0.321429
67 68 0.983333
67 69 0.315508
67 70 0.247899
67 71 0.430657
67 72 0.353293
67 73 0.266968
67 74 0.290640
67 75 0.230469
67 76 0.236000
67 77 0.220149
67 78 0.327778
67 79 0.500000
67 80 0.274419
67 81 0.219331
67 82 0.264574
67 83 0.209220
67 84 0.536364
67 85 0.194719
67 86 0.756410
67 87 0.373418
67 88 0.867647
67 89 0.335227
67 90 0.198653
67 91 0.460938
67 92 0.614583
67 93 0.345029
67 94 0.440299
67 95 0.418440
67 96 0.226054
67 97 0.337143
67 98 0.255411
67 99 0.513043
68 69 0.356589
68 70 0.170370
68 71 0.310811
68 72 0.204444
68 73 0.198276
68 74 0.190083
68 75 0.197425
68 76 0.190083
68 77 0.141538
68 78 0.193277
68 79 0.686567
68 80 0.233503
68 81 0.147910
68 82 0.221154
68 83 0.207207
68 84 0.779661
68 85 0.147910
68 86 0.335766
68 87 0.212963
68 88 0.978723
68 89 0.317241
68 90 0.131429
68 91 0.245989
68 92 0.389831
68 93 0.304636
68 94 0.291139
68 95 0.317241
68 96 0.174242
68 97 0.396552
68 98 0.254144
68 99 0.807018
69 70 0.177515
69 71 0.289855
69 72 0.169972
69 73 0.223048
69 74 0.166205
69 75 0.304569
69 76 0.254237
69 77 0.136054
69 78 0.163934
69 79 0.779221
69 80 0.329670
69 81 0.151515
69 82 0.303030
69 83 0.521739
69 84 0.530973
69 85 0.180723
69 86 0.228137
69 87 0.174419
69 88 0.447761
69 89 0.326087
69 90 0.131579
69 91 0.190476
69 92 0.298507
69 93 0.400000
69 94 0.222222
69 95 0.250000
69 96 0.215054
69 97 0.983607
69 98 0.405405
69 99 0.821918
70 71 0.541353
70 72 0.271698
70 73 0.782609
70 74 0.187990
70 75 0.314410
70 76 0.416185
70 77 0.358209
70 78 0.272727
70 79 0.266667
70 80 0.363636
70 81 0.986301
70 82 0.382979
70 83 0.159292
70 84 0.220183
70 85 0.571429
70 86 0.338028
70 87 0.273764
70 88 0.315789
70 89 0.175182
70 90 0.418605
70 91 0.290323
70 92 0.470588
70 93 0.360000
70 94 0.204545
70 95 0.192000
70 96 0.549618
70 97 0.197260
70 98 0.161435
70 99 0.243243
71 72 0.172131
71 73 0.488372
71 74 0.128834
71 75 0.278146
71 76 0.341463
71 77 0.159091
71 78 0.168000
71 79 0.304348
71 80 0.388889
71 81 0.219895
71 82 0.392523
71 83 0.130841
71 84 0.207921
71 85 0.251497
71 86 0.270968
71 87 0.177215
71 88 0.411765
71 89 0.143836
71 90 0.159696
71 91 0.199052
71 92 0.976744
71 93 0.506024
71 94 0.156716
71 95 0.152174
71 96 0.333333
71 97 0.180258
71 98 0.132492
71 99 0.254545
72 73 0.029605
72 74 0.068182
72 75 0.022959
72 76 0.024658
72 77 0.056604
72 78 0.562500
72 79 0.031802
72 80 0.025862
72 81 0.036145
72 82 0.025714
72 83 0.020408
72 84 0.034351
72 85 0.023873
72 86 0.092784
72 87 0.900000
72 88 0.039301
72 89 0.031142
72 90 0.042453
72 91 0.230769
72 92 0.043689
72 93 0.028846
72 94 0.057325
72 95 0.044118
72 96 0.025424
72 97 0.026946
72 98 0.024390
72 99 0.032028
73 74 0.124378
73 75 0.362319
73 76 0.617284
73 77 0.178571
73 78 0.162866
73 79 0.235849
73 80 0.458716
73 81 0.303030
73 82 0.515464
73 83 0.130890
73 84 0.175439
73 85 0.609756
73 86 0.220264
73 87 0.167224
73 88 0.268817
73 89 0.132626
73 90 0.192308
73 91 0.180505
73 92 0.396825
73 93 0.413223
73 94 0.142450
73 95 0.138122
73 96 0.980392
73 97 0.162866
73 98 0.126582
73 99 0.206612
74 75 0.200436
74 76 0.205817
74 77 0.319444
74 78 0.647887
74 79 0.297735
74 80 0.220624
74 81 0.244032
74 82 0.217494
74 83 0.219570
74 84 0.368000
74 85 0.191268
74 86 0.522727
74 87 0.707692
74 88 0.342007
74 89 0.400000
74 90 0.268222
74 91 0.676471
74 92 0.325088
74 93 0.245989
74 94 0.989247
74 95 0.671533
74 96 0.204900
74 97 0.286604
74 98 0.286604
74 99 0.315068
75 76 0.693548
75 77 0.106173
75 78 0.107769
75 79 0.241573
75 80 0.977273
75 81 0.142857
75 82 0.934783
75 83 0.146758
75 84 0.162264
75 85 0.268750
75 86 0.143813
75 87 0.111688
75 88 0.222798
75 89 0.120112
75 90 0.109137
75 91 0.120448
75 92 0.231183
75 93 0.505882
75 94 0.111399
75 95 0.113757
75 96 0.380531
75 97 0.170635
75 98 0.125364
75 99 0.205742
76 77 0.106145
76 78 0.102703
76 79 0.190955
76 80 0.690909
76 81 0.155102
76 82 0.974359
76 83 0.111437
76 84 0.133803
76 85 0.376238
76 86 0.136691
76 87 0.105850
76 88 0.192893
76 89 0.100529
76 90 0.111437
76 91 0.114114
76 92 0.230303
76 93 0.400000
76 94 0.099217
76 95 0.098958
76 96 0.730769
76 97 0.132867
76 98 0.100796
76 99 0.163793
77 78 0.408163
77 79 0.164835
77 80 0.163934
77 81 0.413793
77 82 0.166667
77 83 0.109890
77 84 0.159151
77 85 0.184049
77 86 0.307692
77 87 0.365854
77 88 0.195440
77 89 0.140187
77 90 0.983607
77 91 0.342857
77 92 0.242915
77 93 0.173410
77 94 0.193548
77 95 0.169492
77 96 0.183486
77 97 0.136054
77 98 0.120968
77 99 0.160000
78 79 0.081081
78 80 0.067416
78 81 0.098765
78 82 0.067227
78 83 0.052747
78 84 0.086957
78 85 0.063492
78 86 0.224299
78 87 0.960000
78 88 0.099585
78 89 0.078947
78 90 0.119403
78 91 0.461538
78 92 0.112150
78 93 0.074766
78 94 0.139535
78 95 0.109589
78 96 0.067227
78 97 0.068966
78 98 0.062500
78 99 0.081633
79 80 0.216216
79 81 0.098765
79 82 0.197531
79 83 0.171123
79 84 0.363636
79 85 0.113074
79 86 0.168421
79 87 0.116788
79 88 0.551724
79 89 0.176796
79 90 0.084211
79 91 0.130612
79 92 0.253968
79 93 0.304762
79 94 0.142857
79 95 0.155340
79 96 0.137931
79 97 0.333333
79 98 0.173913
79 99 0.969697
80 81 0.059480
80 82 0.941176
80 83 0.055556
80 84 0.068085
80 85 0.104575
80 86 0.062745
80 87 0.046921
80 88 0.103226
80 89 0.048632
80 90 0.044818
80 91 0.050955
80 92 0.112676
80 93 0.347826
80 94 0.046243
80 95 0.046784
80 96 0.160000
80 97 0.068966
80 98 0.049383
80 99 0.088398
81 82 0.401544
81 83 0.203922
81 84 0.281843
81 85 0.547368
81 86 0.466368
81 87 0.417671
81 88 0.378182
81 89 0.233708
81 90 0.990476
81 91 0.429752
81 92 0.522613
81 93 0.390977
81 94 0.285714
81 95 0.263291
81 96 0.512315
81 97 0.250000
81 98 0.211813
81 99 0.300578
82 83 0.187500
82 84 0.229839
82 85 0.416058
82 86 0.220077
82 87 0.166181
82 88 0.345455
82 89 0.166667
82 90 0.163324
82 91 0.180380
82 92 0.393103
82 93 0.982759
82 94 0.160563
82 95 0.161932
82 96 0.678571
82 97 0.230769
82 98 0.168142
82 99 0.292308
83 84 0.594444
83 85 0.243182
83 86 0.298050
83 87 0.247685
83 88 0.443983
83 89 0.535000
83 90 0.189381
83 91 0.264851
83 92 0.341853
83 93 0.408397
83 94 0.327217
83 95 0.375439
83 96 0.276486
83 97 0.990741
83 98 0.922414
83 99 0.625731
84 85 0.154696
84 86 0.304348
84 87 0.221344
84 88 0.554455
84 89 0.589474
84 90 0.138272
84 91 0.247788
84 92 0.320000
84 93 0.294737
84 94 0.352201
84 95 0.437500
84 96 0.179487
84 97 0.756757
84 98 0.455285
84 99 0.982456
85 86 0.173770
85 87 0.142091
85 88 0.200000
85 89 0.116484
85 90 0.180272
85 91 0.150142
85 92 0.254808
85 93 0.289617
85 94 0.122402
85 95 0.119639
85 96 0.981481
85 97 0.140957
85 98 0.113734
85 99 0.168254
86 87 0.662921
86 88 0.440299
86 89 0.250000
86 90 0.256522
86 91 0.983333
86 92 0.517544
86 93 0.271889
86 94 0.415493
86 95 0.339080
86 96 0.215328
86 97 0.235060
86 98 0.195364
86 99 0.307292
87 88 0.131818
87 89 0.103571
87 90 0.134259
87 91 0.966667
87 92 0.145729
87 93 0.095395
87 94 0.193333
87 95 0.147959
87 96 0.083095
87 97 0.089506
87 98 0.080556
87 99 0.106618
88 89 0.371728
88 90 0.218462
88 91 0.371728
88 92 0.922078
88 93 0.651376
88 94 0.367876
88 95 0.377660
88 96 0.327189
88 97 0.503546
88 98 0.325688
88 99 0.986111
89 90 0.195699
89 91 0.351351
89 92 0.350000
89 93 0.319298
89 94 0.631944
89 95 0.968085
89 96 0.224138
89 97 0.728000
89 98 0.989130
89 99 0.610738
90 91 0.995495
90 92 0.863281
90 93 0.642442
90 94 0.619048
90 95 0.555276
90 96 0.729373
90 97 0.477322
90 98 0.419355
90 99 0.559494
91 92 0.784884
91 93 0.489130
91 94 0.992647
91 95 0.750000
91 96 0.414110
91 97 0.454545
91 98 0.401786
91 99 0.555556
92 93 0.990741
92 94 0.473451
92 95 0.451477
92 96 0.636905
92 97 0.493088
92 98 0.362712
92 99 0.727891
93 94 0.428571
93 95 0.435811
93 96 0.992308
93 97 0.664948
93 98 0.452632
93 99 0.934783
94 95 0.980392
94 96 0.126904
94 97 0.219298
94 98 0.214592
94 99 0.245098
95 96 0.450000
95 97 0.937500
95 98 0.972973
95 99 0.994475
96 97 0.811728
96 98 0.635266
96 99 0.996212
97 98 0.760870
97 99 0.985915
98 99 0.993506
