100 4950
0 1 0.997429
0 2 0.419075
0 3 0.197701
0 4 0.401848
0 5 0.204204
0 6 0.541226
0 7 0.790244
0 8 0.814016
0 9 0.622951
0 10 0.795181
0 11 0.759563
0 12 0.566735
0 13 0.313131
0 14 0.761610
0 15 0.538614
0 16 0.158311
0 17 0.443272
0 18 0.389646
0 19 0.740602
0 20 0.503563
0 21 0.846602
0 22 0.591176
0 23 0.735986
0 24 0.661565
0 25 0.873563
0 26 0.190037
0 27 0.348881
0 28 0.828970
0 29 0.272031
0 30 0.750520
0 31 0.806167
0 32 0.697324
0 33 0.262295
0 34 0.244048
0 35 0.221106
0 36 0.293458
0 37 0.520388
0 38 0.181495
0 39 0.543321
0 40 0.719828
0 41 0.779335
0 42 0.616352
0 43 0.272532
0 44 0.536204
0 45 0.383747
0 46 0.677606
0 47 0.660269
0 48 0.727634
0 49 0.830612
0 50 0.432018
0 51 0.288073
0 52 0.725275
0 53 0.087954
0 54 0.121005
0 55 0.260504
0 56 0.798301
0 57 0.579422
0 58 0.505155
0 59 0.301310
0 60 0.761578
0 61 0.069663
0 62 0.316981
0 63 0.591716
0 64 0.731132
0 65 0.168174
0 66 0.782609
0 67 0.712871
0 68 0.396501
0 69 0.785211
0 70 0.642045
0 71 0.625219
0 72 0.181818
0 73 0.091489
0 74 0.748414
0 75 0.283976
0 76 0.344017
0 77 0.827853
0 78 0.776846
0 79 0.349296
0 80 0.151515
0 81 0.213849
0 82 0.540084
0 83 0.707983
0 84 0.302804
0 85 0.333333
0 86 0.567460
0 87 0.732943
0 88 0.089172
0 89 0.763478
0 90 0.748936
0 91 0.574074
0 92 0.562500
0 93 0.549505
0 94 0.697495
0 95 0.621771
0 96 0.438247
0 97 0.608247
0 98 0.782074
0 99 0.701923
1 2 0.997110
1 3 0.997701
1 4 0.997691
1 5 0.996997
1 6 0.997886
1 7 0.163415
1 8 0.415094
1 9 0.997951
1 10 0.715663
1 11 0.129326
1 12 0.870637
1 13 0.772727
1 14 0.668731
1 15 0.435644
1 16 0.905013
1 17 0.601583
1 18 0.689373
1 19 0.124060
1 20 0.477435
1 21 0.504854
1 22 0.832353
1 23 0.157324
1 24 0.306122
1 25 0.304598
1 26 0.835793
1 27 0.888060
1 28 0.472949
1 29 0.680077
1 30 0.072765
1 31 0.295154
1 32 0.265886
1 33 0.755738
1 34 0.686508
1 35 0.780570
1 36 0.867290
1 37 0.774757
1 38 0.768683
1 39 0.785199
1 40 0.409483
1 41 0.373030
1 42 0.635220
1 43 0.841202
1 44 0.444227
1 45 0.595937
1 46 0.204633
1 47 0.740883
1 48 0.457256
1 49 0.055102
1 50 0.780702
1 51 0.684404
1 52 0.582418
1 53 0.812620
1 54 0.865297
1 55 0.741176
1 56 0.135881
1 57 0.411552
1 58 0.482474
1 59 0.825328
1 60 0.464837
1 61 0.817978
1 62 0.854717
1 63 0.707101
1 64 0.186321
1 65 0.770344
1 66 0.285444
1 67 0.252475
1 68 0.787172
1 69 0.339789
1 70 0.571023
1 71 0.346760
1 72 0.784965
1 73 0.763830
1 74 0.082452
1 75 0.659229
1 76 0.816239
1 77 0.129594
1 78 0.422819
1 79 0.783099
1 80 0.755245
1 81 0.877800
1 82 0.411392
1 83 0.478992
1 84 0.671028
1 85 0.802564
1 86 0.755952
1 87 0.446394
1 88 0.866242
1 89 0.446957
1 90 0.308511
1 91 0.748971
1 92 0.716146
1 93 0.433168
1 94 0.680154
1 95 0.758303
1 96 0.794821
1 97 0.391753
1 98 0.356766
1 99 0.169231
2 3 0.271264
2 4 0.720554
2 5 0.279279
2 6 0.828753
2 7 0.717073
2 8 0.862534
2 9 0.895492
2 10 0.973494
2 11 0.633880
2 12 0.817248
2 13 0.133838
2 14 0.900929
2 15 0.316832
2 16 0.437995
2 17 0.340369
2 18 0.310627
2 19 0.610902
2 20 0.342043
2 21 0.930097
2 22 0.820588
2 23 0.600362
2 24 0.481293
2 25 0.877395
2 26 0.239852
2 27 0.617537
2 28 0.895288
2 29 0.019157
2 30 0.646570
2 31 0.825991
2 32 0.531773
2 33 0.191803
2 34 0.043651
2 35 0.219430
2 36 0.564486
2 37 0.747573
2 38 0.188612
2 39 0.761733
2 40 0.790948
2 41 0.823117
2 42 0.666667
2 43 0.555794
2 44 0.311155
2 45 0.180587
2 46 0.525097
2 47 0.852207
2 48 0.817097
2 49 0.755102
2 50 0.677632
2 51 0.055046
2 52 0.851648
2 53 0.271511
2 54 0.429224
2 55 0.161345
2 56 0.760085
2 57 0.362816
2 58 0.274227
2 59 0.576419
2 60 0.838765
2 61 0.341573
2 62 0.584906
2 63 0.748521
2 64 0.650943
2 65 0.186257
2 66 0.799622
2 67 0.646040
2 68 0.559767
2 69 0.816901
2 70 0.732955
2 71 0.429072
2 72 0.218531
2 73 0.223404
2 74 0.646934
2 75 0.042596
2 76 0.611111
2 77 0.775629
2 78 0.833893
2 79 0.512676
2 80 0.284382
2 81 0.507128
2 82 0.341772
2 83 0.808824
2 84 0.041121
2 85 0.574359
2 86 0.781746
2 87 0.816764
2 88 0.399151
2 89 0.834783
2 90 0.778723
2 91 0.788066
2 92 0.757812
2 93 0.430693
2 94 0.865125
2 95 0.822878
2 96 0.683267
2 97 0.530928
2 98 0.818981
2 99 0.559615
3 4 0.584296
3 5 0.315315
3 6 0.706131
3 7 0.912195
3 8 0.997305
3 9 0.786885
3 10 0.997590
3 11 0.819672
3 12 0.739220
3 13 0.333333
3 14 0.996904
3 15 0.544554
3 16 0.374670
3 17 0.540897
3 18 0.493188
3 19 0.802632
3 20 0.567696
3 21 0.998058
3 22 0.832353
3 23 0.790235
3 24 0.676871
3 25 0.998084
3 26 0.035055
3 27 0.479478
3 28 0.965096
3 29 0.210728
3 30 0.837838
3 31 0.953744
3 32 0.722408
3 33 0.126230
3 34 0.204365
3 35 0.077052
3 36 0.422430
3 37 0.687379
3 38 0.037367
3 39 0.694946
3 40 0.879310
3 41 0.907180
3 42 0.817610
3 43 0.450644
3 44 0.538160
3 45 0.408578
3 46 0.727799
3 47 0.825336
3 48 0.882704
3 49 0.930612
3 50 0.620614
3 51 0.205505
3 52 0.877289
3 53 0.087954
3 54 0.315068
3 55 0.129412
3 56 0.919321
3 57 0.575812
3 58 0.511340
3 59 0.486900
3 60 0.897084
3 61 0.256180
3 62 0.456604
3 63 0.819527
3 64 0.844340
3 65 0.030741
3 66 0.911153
3 67 0.836634
3 68 0.612245
3 69 0.910211
3 70 0.843750
3 71 0.633975
3 72 0.031469
3 73 0.176596
3 74 0.837209
3 75 0.257606
3 76 0.525641
3 77 0.932302
3 78 0.904362
3 79 0.557746
3 80 0.291375
3 81 0.362525
3 82 0.571730
3 83 0.873950
3 84 0.231776
3 85 0.548718
3 86 0.738095
3 87 0.884990
3 88 0.248408
3 89 0.899130
3 90 0.895745
3 91 0.751029
3 92 0.776042
3 93 0.641089
3 94 0.863198
3 95 0.780443
3 96 0.607570
3 97 0.729381
3 98 0.908612
3 99 0.759615
4 5 0.660661
4 6 0.173362
4 7 0.892683
4 8 0.795148
4 9 0.268443
4 10 0.575904
4 11 0.879781
4 12 0.240246
4 13 0.694444
4 14 0.696594
4 15 0.792079
4 16 0.390501
4 17 0.722955
4 18 0.702997
4 19 0.870301
4 20 0.760095
4 21 0.714563
4 22 0.452941
4 23 0.871609
4 24 0.846939
4 25 0.835249
4 26 0.490775
4 27 0.083955
4 28 0.715532
4 29 0.595785
4 30 0.866944
4 31 0.779736
4 32 0.861204
4 33 0.540984
4 34 0.575397
4 35 0.495812
4 36 0.093458
4 37 0.234951
4 38 0.483986
4 39 0.254513
4 40 0.644397
4 41 0.700525
4 42 0.745283
4 43 0.115880
4 44 0.792564
4 45 0.693002
4 46 0.843629
4 47 0.401152
4 48 0.612326
4 49 0.902041
4 50 0.195175
4 51 0.603670
4 52 0.545788
4 53 0.395793
4 54 0.283105
4 55 0.549580
4 56 0.838641
4 57 0.814079
4 58 0.777320
4 59 0.126638
4 60 0.639794
4 61 0.357303
4 62 0.050943
4 63 0.571006
4 64 0.844340
4 65 0.477396
4 66 0.744802
4 67 0.831683
4 68 0.516035
4 69 0.721831
4 70 0.656250
4 71 0.831874
4 72 0.470280
4 73 0.442553
4 74 0.862579
4 75 0.608519
4 76 0.106838
4 77 0.864603
4 78 0.677852
4 79 0.492958
4 80 0.452214
4 81 0.154786
4 82 0.786920
4 83 0.592437
4 84 0.618692
4 85 0.320513
4 86 0.295635
4 87 0.621832
4 88 0.288747
4 89 0.650435
4 90 0.717021
4 91 0.312757
4 92 0.432292
4 93 0.769802
4 94 0.472062
4 95 0.352399
4 96 0.141434
4 97 0.786082
4 98 0.710018
4 99 0.855769
5 6 0.632135
5 7 0.660976
5 8 0.716981
5 9 0.702869
5 10 0.783133
5 11 0.644809
5 12 0.626283
5 13 0.146465
5 14 0.687307
5 15 0.403960
5 16 0.192612
5 17 0.277045
5 18 0.217984
5 19 0.622180
5 20 0.346793
5 21 0.805825
5 22 0.576471
5 23 0.622061
5 24 0.545918
5 25 0.798851
5 26 0.228782
5 27 0.451493
5 28 0.788831
5 29 0.180077
5 30 0.629938
5 31 0.722467
5 32 0.585284
5 33 0.257377
5 34 0.142857
5 35 0.242881
5 36 0.400000
5 37 0.566990
5 38 0.193950
5 39 0.593863
5 40 0.661638
5 41 0.726795
5 42 0.490566
5 43 0.356223
5 44 0.403131
5 45 0.230248
5 46 0.552124
5 47 0.683301
5 48 0.685885
5 49 0.720408
5 50 0.475877
5 51 0.211009
5 52 0.712454
5 53 0.177820
5 54 0.223744
5 55 0.240336
5 56 0.696391
5 57 0.456679
5 58 0.364948
5 59 0.373362
5 60 0.728988
5 61 0.141573
5 62 0.415094
5 63 0.529586
5 64 0.601415
5 65 0.182640
5 66 0.712665
5 67 0.579208
5 68 0.329446
5 69 0.727113
5 70 0.551136
5 71 0.506130
5 72 0.213287
5 73 0.059574
5 74 0.625793
5 75 0.162272
5 76 0.412393
5 77 0.731141
5 78 0.734899
5 79 0.284507
5 80 0.069930
5 81 0.329939
5 82 0.396624
5 83 0.668067
5 84 0.213084
5 85 0.343590
5 86 0.603175
5 87 0.692008
5 88 0.225053
5 89 0.726957
5 90 0.672340
5 91 0.602881
5 92 0.544271
5 93 0.396040
5 94 0.705202
5 95 0.656827
5 96 0.498008
5 97 0.463918
5 98 0.727592
5 99 0.580769
6 7 0.997561
6 8 0.873315
6 9 0.102459
6 10 0.551807
6 11 0.965392
6 12 0.143737
6 13 0.891414
6 14 0.795666
6 15 0.928713
6 16 0.596306
6 17 0.905013
6 18 0.896458
6 19 0.960526
6 20 0.919240
6 21 0.697087
6 22 0.558824
6 23 0.960217
6 24 0.950680
6 25 0.860153
6 26 0.640221
6 27 0.162313
6 28 0.696335
6 29 0.750958
6 30 0.960499
6 31 0.823789
6 32 0.956522
6 33 0.673770
6 34 0.734127
6 35 0.631491
6 36 0.214953
6 37 0.174757
6 38 0.629893
6 39 0.151625
6 40 0.676724
6 41 0.702277
6 42 0.915094
6 43 0.285408
6 44 0.929550
6 45 0.862302
6 46 0.951737
6 47 0.326296
6 48 0.616302
6 49 0.975510
6 50 0.256579
6 51 0.752294
6 52 0.505495
6 53 0.550669
6 54 0.470320
6 55 0.687395
6 56 0.904459
6 57 0.938628
6 58 0.923711
6 59 0.281659
6 60 0.620926
6 61 0.539326
6 62 0.177358
6 63 0.701183
6 64 0.952830
6 65 0.625678
6 66 0.771267
6 67 0.948020
6 68 0.699708
6 69 0.732394
6 70 0.775568
6 71 0.945709
6 72 0.611888
6 73 0.614894
6 74 0.959831
6 75 0.770791
6 76 0.237179
6 77 0.920696
6 78 0.666107
6 79 0.681690
6 80 0.634033
6 81 0.319756
6 82 0.928270
6 83 0.605042
6 84 0.770093
6 85 0.484615
6 86 0.238095
6 87 0.623782
6 88 0.462845
6 89 0.636522
6 90 0.759574
6 91 0.271605
6 92 0.510417
6 93 0.923267
6 94 0.416185
6 95 0.263838
6 96 0.145418
6 97 0.930412
6 98 0.717047
6 99 0.955769
7 8 0.274933
7 9 0.872951
7 10 0.602410
7 11 0.222222
7 12 0.747433
7 13 0.631313
7 14 0.476780
7 15 0.382178
7 16 0.730871
7 17 0.448549
7 18 0.525886
7 19 0.199248
7 20 0.358670
7 21 0.469903
7 22 0.641176
7 23 0.229656
7 24 0.329932
7 25 0.329502
7 26 0.725092
7 27 0.763060
7 28 0.457243
7 29 0.582375
7 30 0.112266
7 31 0.244493
7 32 0.312709
7 33 0.667213
7 34 0.579365
7 35 0.683417
7 36 0.742056
7 37 0.658252
7 38 0.665480
7 39 0.678700
7 40 0.321121
7 41 0.360771
7 42 0.424528
7 43 0.697425
7 44 0.393346
7 45 0.483070
7 46 0.216216
7 47 0.642994
7 48 0.389662
7 49 0.169388
7 50 0.638158
7 51 0.594495
7 52 0.514652
7 53 0.692161
7 54 0.712329
7 55 0.652101
7 56 0.138004
7 57 0.389892
7 58 0.410309
7 59 0.679039
7 60 0.433962
7 61 0.669663
7 62 0.728302
7 63 0.511834
7 64 0.040094
7 65 0.663653
7 66 0.277883
7 67 0.089109
7 68 0.591837
7 69 0.338028
7 70 0.386364
7 71 0.348511
7 72 0.681818
7 73 0.631915
7 74 0.097252
7 75 0.553753
7 76 0.673077
7 77 0.208897
7 78 0.407718
7 79 0.594366
7 80 0.606061
7 81 0.739308
7 82 0.339662
7 83 0.392857
7 84 0.579439
7 85 0.630769
7 86 0.642857
7 87 0.385965
7 88 0.726115
7 89 0.417391
7 90 0.240426
7 91 0.629630
7 92 0.552083
7 93 0.297030
7 94 0.591522
7 95 0.658672
7 96 0.667331
7 97 0.234536
7 98 0.349736
7 99 0.200000
8 9 0.684426
8 10 0.356627
8 11 0.400729
8 12 0.556468
8 13 0.676768
8 14 0.216718
8 15 0.526733
8 16 0.646438
8 17 0.503958
8 18 0.561308
8 19 0.389098
8 20 0.467933
8 21 0.316505
8 22 0.414706
8 23 0.414105
8 24 0.498299
8 25 0.295019
8 26 0.719557
8 27 0.634328
8 28 0.338569
8 29 0.628352
8 30 0.320166
8 31 0.140969
8 32 0.483278
8 33 0.688525
8 34 0.617063
8 35 0.688442
8 36 0.624299
8 37 0.477670
8 38 0.669039
8 39 0.507220
8 40 0.116379
8 41 0.262697
8 42 0.349057
8 43 0.566524
8 44 0.536204
8 45 0.559819
8 46 0.409266
8 47 0.447217
8 48 0.204771
8 49 0.316327
8 50 0.462719
8 51 0.642202
8 52 0.335165
8 53 0.661568
8 54 0.625571
8 55 0.677311
8 56 0.216561
8 57 0.541516
8 58 0.540206
8 59 0.539301
8 60 0.298456
8 61 0.611236
8 62 0.601887
8 63 0.319527
8 64 0.252358
8 65 0.665461
8 66 0.211720
8 67 0.240099
8 68 0.483965
8 69 0.258803
8 70 0.215909
8 71 0.513135
8 72 0.678322
8 73 0.610638
8 74 0.310782
8 75 0.604462
8 76 0.523504
8 77 0.294004
8 78 0.298658
8 79 0.498592
8 80 0.573427
8 81 0.633401
8 82 0.485232
8 83 0.182773
8 84 0.635514
8 85 0.489744
8 86 0.450397
8 87 0.210526
8 88 0.651805
8 89 0.283478
8 90 0.106383
8 91 0.430041
8 92 0.338542
8 93 0.403465
8 94 0.394990
8 95 0.474170
8 96 0.500000
8 97 0.327320
8 98 0.258348
8 99 0.396154
9 10 0.530120
9 11 0.998179
9 12 0.127310
9 13 0.997475
9 14 0.839009
9 15 0.998020
9 16 0.712401
9 17 0.997361
9 18 0.997275
9 19 0.998120
9 20 0.997625
9 21 0.671845
9 22 0.620588
9 23 0.998192
9 24 0.998299
9 25 0.854406
9 26 0.732472
9 27 0.255597
9 28 0.670157
9 29 0.837165
9 30 0.997921
9 31 0.834802
9 32 0.998328
9 33 0.755738
9 34 0.823413
9 35 0.715243
9 36 0.310280
9 37 0.168932
9 38 0.717082
9 39 0.108303
9 40 0.681034
9 41 0.688266
9 42 0.996855
9 43 0.381974
9 44 0.998043
9 45 0.948081
9 46 0.998069
9 47 0.280230
9 48 0.604374
9 49 0.997959
9 50 0.315789
9 51 0.836697
9 52 0.470696
9 53 0.646272
9 54 0.577626
9 55 0.769748
9 56 0.925690
9 57 0.998195
9 58 0.997938
9 59 0.375546
9 60 0.595197
9 61 0.642697
9 62 0.273585
9 63 0.766272
9 64 0.997642
9 65 0.714286
9 66 0.769376
9 67 0.997525
9 68 0.798834
9 69 0.720070
9 70 0.832386
9 71 0.998249
9 72 0.699301
9 73 0.712766
9 74 0.997886
9 75 0.858012
9 76 0.322650
9 77 0.934236
9 78 0.644295
9 79 0.780282
9 80 0.734266
9 81 0.421589
9 82 0.997890
9 83 0.600840
9 84 0.854206
9 85 0.576923
9 86 0.220238
9 87 0.610136
9 88 0.566879
9 89 0.613913
9 90 0.770213
9 91 0.261317
9 92 0.557292
9 93 0.997525
9 94 0.373796
9 95 0.212177
9 96 0.197211
9 97 0.997423
9 98 0.702988
9 99 0.998077
10 11 0.666667
10 12 0.332649
10 13 0.886364
10 14 0.374613
10 15 0.784158
10 16 0.715040
10 17 0.770449
10 18 0.806540
10 19 0.665414
10 20 0.750594
10 21 0.254369
10 22 0.382353
10 23 0.679928
10 24 0.748299
10 25 0.434866
10 26 0.798893
10 27 0.522388
10 28 0.300175
10 29 0.783525
10 30 0.627859
10 31 0.374449
10 32 0.730769
10 33 0.786885
10 34 0.769841
10 35 0.770519
10 36 0.538318
10 37 0.269903
10 38 0.758007
10 39 0.288809
10 40 0.232759
10 41 0.302977
10 42 0.638365
10 43 0.506438
10 44 0.788650
10 45 0.787810
10 46 0.693050
10 47 0.172745
10 48 0.166998
10 49 0.595918
10 50 0.335526
10 51 0.792661
10 52 0.119048
10 53 0.720841
10 54 0.648402
10 55 0.786555
10 56 0.503185
10 57 0.787004
10 58 0.795876
10 59 0.473799
10 60 0.231561
10 61 0.674157
10 62 0.501887
10 63 0.446746
10 64 0.601415
10 65 0.754069
10 66 0.359168
10 67 0.599010
10 68 0.620991
10 69 0.332746
10 70 0.446023
10 71 0.763573
10 72 0.756993
10 73 0.712766
10 74 0.623679
10 75 0.778905
10 76 0.429487
10 77 0.535783
10 78 0.281879
10 79 0.630986
10 80 0.689977
10 81 0.590631
10 82 0.759494
10 83 0.149160
10 84 0.796262
10 85 0.510256
10 86 0.218254
10 87 0.181287
10 88 0.670913
10 89 0.238261
10 90 0.331915
10 91 0.197531
10 92 0.302083
10 93 0.707921
10 94 0.109827
10 95 0.217712
10 96 0.342629
10 97 0.657216
10 98 0.316344
10 99 0.680769
11 12 0.997947
11 13 0.800505
11 14 0.854489
11 15 0.400000
11 16 0.997361
11 17 0.656992
11 18 0.746594
11 19 0.043233
11 20 0.501188
11 21 0.642718
11 22 0.997059
11 23 0.041591
11 24 0.212585
11 25 0.425287
11 26 0.861624
11 27 0.979478
11 28 0.591623
11 29 0.685824
11 30 0.139293
11 31 0.451542
11 32 0.158863
11 33 0.762295
11 34 0.702381
11 35 0.797320
11 36 0.953271
11 37 0.895146
11 38 0.791815
11 39 0.898917
11 40 0.560345
11 41 0.492119
11 42 0.773585
11 43 0.942060
11 44 0.405088
11 45 0.611738
11 46 0.148649
11 47 0.871401
11 48 0.598410
11 49 0.177551
11 50 0.903509
11 51 0.686239
11 52 0.710623
11 53 0.856597
11 54 0.947489
11 55 0.746218
11 56 0.286624
11 57 0.350181
11 58 0.457732
11 59 0.932314
11 60 0.584906
11 61 0.887640
11 62 0.945283
11 63 0.866864
11 64 0.294811
11 65 0.793852
11 66 0.415879
11 67 0.363861
11 68 0.909621
11 69 0.457746
11 70 0.727273
11 71 0.267951
11 72 0.809441
11 73 0.812766
11 74 0.160677
11 75 0.671400
11 76 0.925214
11 77 0.241779
11 78 0.536913
11 79 0.895775
11 80 0.820513
11 81 0.961303
11 82 0.394515
11 83 0.626050
11 84 0.671028
11 85 0.920513
11 86 0.884921
11 87 0.584795
11 88 0.938429
11 89 0.566957
11 90 0.459574
11 91 0.880658
11 92 0.869792
11 93 0.482673
11 94 0.813102
11 95 0.881919
11 96 0.908367
11 97 0.474227
11 98 0.476274
11 99 0.107692
12 13 0.891414
12 14 0.647059
12 15 0.893069
12 16 0.614776
12 17 0.860158
12 18 0.866485
12 19 0.881579
12 20 0.871734
12 21 0.565049
12 22 0.447059
12 23 0.886076
12 24 0.899660
12 25 0.737548
12 26 0.691882
12 27 0.266791
12 28 0.575916
12 29 0.764368
12 30 0.869023
12 31 0.696035
12 32 0.899666
12 33 0.714754
12 34 0.748016
12 35 0.678392
12 36 0.306542
12 37 0.048544
12 38 0.672598
12 39 0.045126
12 40 0.547414
12 41 0.586690
12 42 0.817610
12 43 0.321888
12 44 0.894325
12 45 0.841986
12 46 0.882239
12 47 0.193858
12 48 0.485089
12 49 0.871429
12 50 0.199561
12 51 0.770642
12 52 0.377289
12 53 0.602294
12 54 0.509132
12 55 0.724370
12 56 0.791932
12 57 0.902527
12 58 0.892784
12 59 0.301310
12 60 0.502573
12 61 0.570787
12 62 0.264151
12 63 0.591716
12 64 0.853774
12 65 0.669078
12 66 0.654064
12 67 0.846535
12 68 0.650146
12 69 0.616197
12 70 0.661932
12 71 0.900175
12 72 0.659091
12 73 0.640426
12 74 0.866808
12 75 0.776876
12 76 0.245726
12 77 0.814313
12 78 0.550336
12 79 0.642254
12 80 0.643357
12 81 0.389002
12 82 0.883966
12 83 0.472689
12 84 0.783178
12 85 0.453846
12 86 0.103175
12 87 0.495127
12 88 0.518047
12 89 0.516522
12 90 0.638298
12 91 0.135802
12 92 0.401042
12 93 0.858911
12 94 0.279383
12 95 0.142066
12 96 0.111554
12 97 0.847938
12 98 0.601054
12 99 0.882692
13 14 0.736842
13 15 0.295050
13 16 0.335092
13 17 0.211082
13 18 0.168937
13 19 0.552632
13 20 0.254157
13 21 0.827184
13 22 0.670588
13 23 0.549729
13 24 0.459184
13 25 0.785441
13 26 0.274908
13 27 0.559701
13 28 0.804538
13 29 0.113027
13 30 0.567568
13 31 0.715859
13 32 0.503344
13 33 0.257377
13 34 0.085317
13 35 0.268007
13 36 0.508411
13 37 0.656311
13 38 0.225979
13 39 0.678700
13 40 0.678879
13 41 0.732049
13 42 0.503145
13 43 0.474249
13 44 0.293542
13 45 0.110609
13 46 0.471042
13 47 0.756238
13 48 0.711730
13 49 0.671429
13 50 0.574561
13 51 0.152294
13 52 0.754579
13 53 0.265774
13 54 0.356164
13 55 0.231933
13 56 0.664544
13 57 0.355596
13 58 0.249485
13 59 0.489083
13 60 0.747856
13 61 0.271910
13 62 0.524528
13 63 0.591716
13 64 0.549528
13 65 0.220615
13 66 0.705104
13 67 0.532178
13 68 0.411079
13 69 0.727113
13 70 0.582386
13 71 0.411559
13 72 0.253497
13 73 0.172340
13 74 0.564482
13 75 0.064909
13 76 0.521368
13 77 0.692456
13 78 0.746644
13 79 0.371831
13 80 0.188811
13 81 0.450102
13 82 0.293249
13 83 0.697479
13 84 0.140187
13 85 0.451282
13 86 0.684524
13 87 0.715400
13 88 0.348195
13 89 0.744348
13 90 0.672340
13 91 0.685185
13 92 0.622396
13 93 0.324257
13 94 0.764933
13 95 0.732472
13 96 0.595618
13 97 0.412371
13 98 0.729350
13 99 0.503846
14 15 0.544554
14 16 0.493404
14 17 0.453826
14 18 0.487738
14 19 0.486842
14 20 0.460808
14 21 0.372816
14 22 0.208824
14 23 0.508137
14 24 0.559524
14 25 0.417625
14 26 0.629151
14 27 0.503731
14 28 0.401396
14 29 0.568966
14 30 0.432432
14 31 0.288546
14 32 0.555184
14 33 0.621311
14 34 0.551587
14 35 0.611390
14 36 0.493458
14 37 0.359223
14 38 0.587189
14 39 0.400722
14 40 0.189655
14 41 0.348511
14 42 0.257862
14 43 0.418455
14 44 0.551859
14 45 0.519187
14 46 0.486486
14 47 0.366603
14 48 0.242545
14 49 0.451020
14 50 0.311404
14 51 0.588991
14 52 0.322344
14 53 0.558317
14 54 0.484018
14 55 0.613445
14 56 0.360934
14 57 0.572202
14 58 0.544330
14 59 0.388646
14 60 0.346484
14 61 0.483146
14 62 0.469811
14 63 0.133136
14 64 0.360849
14 65 0.582278
14 66 0.330813
14 67 0.331683
14 68 0.323615
14 69 0.355634
14 70 0.102273
14 71 0.560420
14 72 0.594406
14 73 0.508511
14 74 0.422833
14 75 0.547667
14 76 0.373932
14 77 0.429400
14 78 0.364094
14 79 0.346479
14 80 0.459207
14 81 0.496945
14 82 0.504219
14 83 0.199580
14 84 0.585047
14 85 0.320513
14 86 0.339286
14 87 0.257310
14 88 0.522293
14 89 0.339130
14 90 0.242553
14 91 0.314815
14 92 0.156250
14 93 0.408416
14 94 0.337187
14 95 0.385609
14 96 0.366534
14 97 0.347938
14 98 0.351494
14 99 0.482692
15 16 0.683377
15 17 0.332454
15 18 0.386921
15 19 0.340226
15 20 0.199525
15 21 0.827184
15 22 0.888235
15 23 0.329114
15 24 0.209184
15 25 0.699234
15 26 0.533210
15 27 0.805970
15 28 0.788831
15 29 0.325670
15 30 0.384615
15 31 0.660793
15 32 0.264214
15 33 0.447541
15 34 0.341270
15 35 0.487437
15 36 0.762617
15 37 0.836893
15 38 0.471530
15 39 0.850181
15 40 0.689655
15 41 0.697023
15 42 0.622642
15 43 0.742489
15 44 0.015656
15 45 0.227991
15 46 0.239382
15 47 0.886756
15 48 0.733598
15 49 0.506122
15 50 0.789474
15 51 0.330275
15 52 0.815018
15 53 0.550669
15 54 0.668950
15 55 0.421849
15 56 0.545648
15 57 0.092058
15 58 0.055670
15 59 0.748908
15 60 0.749571
15 61 0.588764
15 62 0.769811
15 63 0.763314
15 64 0.417453
15 65 0.471971
15 66 0.642722
15 67 0.430693
15 68 0.670554
15 69 0.677817
15 70 0.678977
15 71 0.150613
15 72 0.496503
15 73 0.489362
15 74 0.386892
15 75 0.300203
15 76 0.764957
15 77 0.553191
15 78 0.726510
15 79 0.639437
15 80 0.503497
15 81 0.731161
15 82 0.075949
15 83 0.737395
15 84 0.308411
15 85 0.717949
15 86 0.851190
15 87 0.729045
15 88 0.656051
15 89 0.739130
15 90 0.634043
15 91 0.849794
15 92 0.799479
15 93 0.272277
15 94 0.868979
15 95 0.876384
15 96 0.804781
15 97 0.363402
15 98 0.688928
15 99 0.280769
16 17 0.366755
16 18 0.321526
16 19 0.669173
16 20 0.441805
16 21 0.730097
16 22 0.414706
16 23 0.670886
16 24 0.624150
16 25 0.764368
16 26 0.297048
16 27 0.324627
16 28 0.724258
16 29 0.319923
16 30 0.663202
16 31 0.680617
16 32 0.652174
16 33 0.347541
16 34 0.287698
16 35 0.314908
16 36 0.278505
16 37 0.431068
16 38 0.277580
16 39 0.463899
16 40 0.592672
16 41 0.676007
16 42 0.452830
16 43 0.199571
16 44 0.514677
16 45 0.363431
16 46 0.613900
16 47 0.556622
16 48 0.608350
16 49 0.734694
16 50 0.322368
16 51 0.343119
16 52 0.617216
16 53 0.202677
16 54 0.084475
16 55 0.341176
16 56 0.690021
16 57 0.559567
16 58 0.482474
16 59 0.213974
16 60 0.658662
16 61 0.065169
16 62 0.284906
16 63 0.417160
16 64 0.622642
16 65 0.265823
16 66 0.674858
16 67 0.596535
16 68 0.230321
16 69 0.683099
16 70 0.477273
16 71 0.593695
16 72 0.281469
16 73 0.146809
16 74 0.657505
16 75 0.310345
16 76 0.254274
16 77 0.729207
16 78 0.676174
16 79 0.191549
16 80 0.107226
16 81 0.203666
16 82 0.497890
16 83 0.581933
16 84 0.349533
16 85 0.184615
16 86 0.466270
16 87 0.615984
16 88 0.138004
16 89 0.659130
16 90 0.627660
16 91 0.465021
16 92 0.406250
16 93 0.462871
16 94 0.589595
16 95 0.529520
16 96 0.352590
16 97 0.500000
16 98 0.678383
16 99 0.636538
17 18 0.068120
17 19 0.424812
17 20 0.111639
17 21 0.685437
17 22 0.535294
17 23 0.432188
17 24 0.387755
17 25 0.630268
17 26 0.413284
17 27 0.574627
17 28 0.671902
17 29 0.264368
17 30 0.411642
17 31 0.539648
17 32 0.419732
17 33 0.390164
17 34 0.244048
17 35 0.398660
17 36 0.534579
17 37 0.596117
17 38 0.362989
17 39 0.628159
17 40 0.519397
17 41 0.595447
17 42 0.283019
17 43 0.474249
17 44 0.258317
17 45 0.130926
17 46 0.351351
17 47 0.666027
17 48 0.568588
17 49 0.512245
17 50 0.515351
17 51 0.293578
17 52 0.639194
17 53 0.380497
17 54 0.401826
17 55 0.368067
17 56 0.492569
17 57 0.317690
17 58 0.218557
17 59 0.473799
17 60 0.622642
17 61 0.337079
17 62 0.535849
17 63 0.423077
17 64 0.360849
17 65 0.356239
17 66 0.553875
17 67 0.334158
17 68 0.303207
17 69 0.588028
17 70 0.386364
17 71 0.352014
17 72 0.384615
17 73 0.282979
17 74 0.403805
17 75 0.219067
17 76 0.495726
17 77 0.537718
17 78 0.619128
17 79 0.284507
17 80 0.242424
17 81 0.488798
17 82 0.206751
17 83 0.550420
17 84 0.278505
17 85 0.394872
17 86 0.611111
17 87 0.573099
17 88 0.420382
17 89 0.615652
17 90 0.504255
17 91 0.602881
17 92 0.492188
17 93 0.133663
17 94 0.660886
17 95 0.658672
17 96 0.553785
17 97 0.203608
17 98 0.592267
17 99 0.378846
18 19 0.471805
18 20 0.163895
18 21 0.708738
18 22 0.526471
18 23 0.477396
18 24 0.423469
18 25 0.666667
18 26 0.369004
18 27 0.541045
18 28 0.696335
18 29 0.231801
18 30 0.463617
18 31 0.579295
18 32 0.458194
18 33 0.355738
18 34 0.208333
18 35 0.360134
18 36 0.497196
18 37 0.582524
18 38 0.322064
18 39 0.613718
18 40 0.545259
18 41 0.623468
18 42 0.311321
18 43 0.437768
18 44 0.287671
18 45 0.126411
18 46 0.399614
18 47 0.664107
18 48 0.590457
18 49 0.561224
18 50 0.495614
18 51 0.264220
18 52 0.650183
18 53 0.332696
18 54 0.351598
18 55 0.334454
18 56 0.539278
18 57 0.348375
18 58 0.245361
18 59 0.438865
18 60 0.643225
18 61 0.283146
18 62 0.501887
18 63 0.428994
18 64 0.417453
18 65 0.312839
18 66 0.587902
18 67 0.388614
18 68 0.276968
18 69 0.617958
18 70 0.411932
18 71 0.387040
18 72 0.342657
18 73 0.229787
18 74 0.456660
18 75 0.186613
18 76 0.465812
18 77 0.582205
18 78 0.642617
18 79 0.250704
18 80 0.186480
18 81 0.446029
18 82 0.248945
18 83 0.571429
18 84 0.252336
18 85 0.361538
18 86 0.601190
18 87 0.596491
18 88 0.369427
18 89 0.636522
18 90 0.538298
18 91 0.594650
18 92 0.489583
18 93 0.195545
18 94 0.664740
18 95 0.651292
18 96 0.531873
18 97 0.262887
18 98 0.620387
18 99 0.426923
19 20 0.444181
19 21 0.634951
19 22 0.944118
19 23 0.039783
19 24 0.197279
19 25 0.431034
19 26 0.819188
19 27 0.940299
19 28 0.588133
19 29 0.643678
19 30 0.108108
19 31 0.436123
19 32 0.153846
19 33 0.726230
19 34 0.656746
19 35 0.758794
19 36 0.914019
19 37 0.864078
19 38 0.750890
19 39 0.870036
19 40 0.536638
19 41 0.490368
19 42 0.710692
19 43 0.896996
19 44 0.365949
19 45 0.559819
19 46 0.110039
19 47 0.844530
19 48 0.580517
19 49 0.181633
19 50 0.861842
19 51 0.644037
19 52 0.695971
19 53 0.812620
19 54 0.897260
19 55 0.707563
19 56 0.276008
19 57 0.319495
19 58 0.412371
19 59 0.886463
19 60 0.578045
19 61 0.835955
19 62 0.907547
19 63 0.810651
19 64 0.252358
19 65 0.752260
19 66 0.412098
19 67 0.316832
19 68 0.845481
19 69 0.457746
19 70 0.676136
19 71 0.243433
19 72 0.769231
19 73 0.763830
19 74 0.126850
19 75 0.624746
19 76 0.882479
19 77 0.247582
19 78 0.533557
19 79 0.833803
19 80 0.766900
19 81 0.918534
19 82 0.348101
19 83 0.605042
19 84 0.628037
19 85 0.869231
19 86 0.853175
19 87 0.571150
19 88 0.889597
19 89 0.561739
19 90 0.440426
19 91 0.847737
19 92 0.822917
19 93 0.425743
19 94 0.791908
19 95 0.854244
19 96 0.872510
19 97 0.417526
19 98 0.474517
19 99 0.067308
20 21 0.700971
20 22 0.641176
20 23 0.358047
20 24 0.307823
20 25 0.613027
20 26 0.472325
20 27 0.662313
20 28 0.680628
20 29 0.295019
20 30 0.347193
20 31 0.535242
20 32 0.342809
20 33 0.426230
20 34 0.287698
20 35 0.445561
20 36 0.622430
20 37 0.671845
20 38 0.416370
20 39 0.698556
20 40 0.538793
20 41 0.597198
20 42 0.361635
20 43 0.575107
20 44 0.178082
20 45 0.142212
20 46 0.270270
20 47 0.727447
20 48 0.592445
20 49 0.459184
20 50 0.605263
20 51 0.317431
20 52 0.675824
20 53 0.456979
20 54 0.506849
20 55 0.403361
20 56 0.458599
20 57 0.240072
20 58 0.144330
20 59 0.572052
20 60 0.638079
20 61 0.440449
20 62 0.624528
20 63 0.514793
20 64 0.313679
20 65 0.412297
20 66 0.544423
20 67 0.297030
20 68 0.425656
20 69 0.584507
20 70 0.451705
20 71 0.271454
20 72 0.440559
20 73 0.370213
20 74 0.340381
20 75 0.251521
20 76 0.591880
20 77 0.497099
20 78 0.625839
20 79 0.408451
20 80 0.347319
20 81 0.584521
20 82 0.111814
20 83 0.581933
20 84 0.297196
20 85 0.507692
20 86 0.682540
20 87 0.594542
20 88 0.515924
20 89 0.627826
20 90 0.504255
20 91 0.676955
20 92 0.580729
20 93 0.084158
20 94 0.712909
20 95 0.721402
20 96 0.637450
20 97 0.180412
20 98 0.590510
20 99 0.300000
21 22 0.702941
21 23 0.627486
21 24 0.736395
21 25 0.247126
21 26 0.985240
21 27 0.764925
21 28 0.071553
21 29 0.931034
21 30 0.582121
21 31 0.288546
21 32 0.700669
21 33 0.937705
21 34 0.928571
21 35 0.934673
21 36 0.779439
21 37 0.522330
21 38 0.930605
21 39 0.516245
21 40 0.241379
21 41 0.103327
21 42 0.836478
21 43 0.770386
21 44 0.851272
21 45 0.925508
21 46 0.679537
21 47 0.387716
21 48 0.139165
21 49 0.497959
21 50 0.614035
21 51 0.933945
21 52 0.168498
21 53 0.923518
21 54 0.904110
21 55 0.936134
21 56 0.416136
21 57 0.823105
21 58 0.876289
21 59 0.742358
21 60 0.018868
21 61 0.910112
21 62 0.745283
21 63 0.701183
21 64 0.601415
21 65 0.929476
21 66 0.211720
21 67 0.626238
21 68 0.886297
21 69 0.144366
21 70 0.630682
21 71 0.772329
21 72 0.931818
21 73 0.917021
21 74 0.581395
21 75 0.926978
21 76 0.698718
21 77 0.411992
21 78 0.063758
21 79 0.890141
21 80 0.909091
21 81 0.839104
21 82 0.824895
21 83 0.205882
21 84 0.934579
21 85 0.789744
21 86 0.474206
21 87 0.116959
21 88 0.912951
21 89 0.012174
21 90 0.274468
21 91 0.467078
21 92 0.580729
21 93 0.806931
21 94 0.296724
21 95 0.431734
21 96 0.601594
21 97 0.747423
21 98 0.123023
21 99 0.653846
22 23 0.616637
22 24 0.639456
22 25 0.547893
22 26 0.557196
22 27 0.371269
22 28 0.488656
22 29 0.542146
22 30 0.563410
22 31 0.440529
22 32 0.643813
22 33 0.573770
22 34 0.519841
22 35 0.551089
22 36 0.362617
22 37 0.252427
22 38 0.526690
22 39 0.306859
22 40 0.323276
22 41 0.451839
22 42 0.336478
22 43 0.270386
22 44 0.604697
22 45 0.530474
22 46 0.588803
22 47 0.318618
22 48 0.337972
22 49 0.591837
22 50 0.160088
22 51 0.561468
22 52 0.357143
22 53 0.472275
22 54 0.358447
22 55 0.568067
22 56 0.511677
22 57 0.629964
22 58 0.589691
22 59 0.235808
22 60 0.421955
22 61 0.382022
22 62 0.335849
22 63 0.142012
22 64 0.504717
22 65 0.518987
22 66 0.457467
22 67 0.475248
22 68 0.253644
22 69 0.464789
22 70 0.232955
22 71 0.633975
22 72 0.527972
22 73 0.436170
22 74 0.556025
22 75 0.527383
22 76 0.222222
22 77 0.566731
22 78 0.451342
22 79 0.270423
22 80 0.386946
22 81 0.362525
22 82 0.567511
22 83 0.298319
22 84 0.562617
22 85 0.179487
22 86 0.250000
22 87 0.352827
22 88 0.405520
22 89 0.422609
22 90 0.391489
22 91 0.228395
22 92 0.039062
22 93 0.485149
22 94 0.327553
22 95 0.321033
22 96 0.233068
22 97 0.453608
22 98 0.456942
22 99 0.592308
23 24 0.173469
23 25 0.465517
23 26 0.835793
23 27 0.975746
23 28 0.623037
23 29 0.657088
23 30 0.153846
23 31 0.484581
23 32 0.123746
23 33 0.736066
23 34 0.672619
23 35 0.772194
23 36 0.947664
23 37 0.904854
23 38 0.766904
23 39 0.909747
23 40 0.584052
23 41 0.525394
23 42 0.770440
23 43 0.935622
23 44 0.365949
23 45 0.577878
23 46 0.115830
23 47 0.886756
23 48 0.624254
23 49 0.218367
23 50 0.905702
23 51 0.655046
23 52 0.736264
23 53 0.835564
23 54 0.931507
23 55 0.719328
23 56 0.320594
23 57 0.308664
23 58 0.420619
23 59 0.927948
23 60 0.614065
23 61 0.869663
23 62 0.941509
23 63 0.869822
23 64 0.301887
23 65 0.768535
23 66 0.449905
23 67 0.366337
23 68 0.897959
23 69 0.491197
23 70 0.735795
23 71 0.227671
23 72 0.784965
23 73 0.791489
23 74 0.173362
23 75 0.640974
23 76 0.923077
23 77 0.282398
23 78 0.567114
23 79 0.881690
23 80 0.797203
23 81 0.951120
23 82 0.358650
23 83 0.651261
23 84 0.639252
23 85 0.915385
23 86 0.894841
23 87 0.612086
23 88 0.921444
23 89 0.598261
23 90 0.487234
23 91 0.893004
23 92 0.877604
23 93 0.457921
23 94 0.834297
23 95 0.894834
23 96 0.912351
23 97 0.461340
23 98 0.509666
23 99 0.080769
24 25 0.651341
24 26 0.760148
24 27 0.998134
24 28 0.781850
24 29 0.561303
24 30 0.320166
24 31 0.665198
24 32 0.068562
24 33 0.645902
24 34 0.585317
24 35 0.693467
24 36 0.958879
24 37 0.982524
24 38 0.690391
24 39 0.985560
24 40 0.739224
24 41 0.684764
24 42 0.849057
24 43 0.959227
24 44 0.242661
24 45 0.498871
24 46 0.158301
24 47 0.996161
24 48 0.775348
24 49 0.416327
24 50 0.973684
24 51 0.552294
24 52 0.869963
24 53 0.782027
24 54 0.920091
24 55 0.625210
24 56 0.507431
24 57 0.158845
24 58 0.309278
24 59 0.960699
24 60 0.761578
24 61 0.844944
24 62 0.962264
24 63 0.970414
24 64 0.438679
24 65 0.694394
24 66 0.621928
24 67 0.490099
24 68 0.935860
24 69 0.656690
24 70 0.849432
24 71 0.068301
24 72 0.711538
24 73 0.740426
24 74 0.334038
24 75 0.549696
24 76 0.965812
24 77 0.473888
24 78 0.719799
24 79 0.907042
24 80 0.766900
24 81 0.953157
24 82 0.278481
24 83 0.798319
24 84 0.534579
24 85 0.956410
24 86 0.988095
24 87 0.764133
24 88 0.898089
24 89 0.747826
24 90 0.653191
24 91 0.987654
24 92 0.979167
24 93 0.462871
24 94 0.957611
24 95 0.992620
24 96 0.974104
24 97 0.515464
24 98 0.671353
24 99 0.180769
25 26 0.998155
25 27 0.897388
25 28 0.212914
25 29 0.894636
25 30 0.392931
25 31 0.196035
25 32 0.530100
25 33 0.927869
25 34 0.898810
25 35 0.939698
25 36 0.897196
25 37 0.700971
25 38 0.935943
25 39 0.698556
25 40 0.295259
25 41 0.122592
25 42 0.820755
25 43 0.884120
25 44 0.729941
25 45 0.857788
25 46 0.509653
25 47 0.600768
25 48 0.282306
25 49 0.277551
25 50 0.763158
25 51 0.897248
25 52 0.391941
25 53 0.956023
25 54 0.977169
25 55 0.921008
25 56 0.229299
25 57 0.689531
25 58 0.767010
25 59 0.860262
25 60 0.233276
25 61 0.957303
25 62 0.871698
25 63 0.772189
25 64 0.445755
25 65 0.936709
25 66 0.081285
25 67 0.492574
25 68 0.932945
25 69 0.080986
25 70 0.653409
25 71 0.625219
25 72 0.942308
25 73 0.934043
25 74 0.395349
25 75 0.886410
25 76 0.829060
25 77 0.187621
25 78 0.176174
25 79 0.932394
25 80 0.927739
25 81 0.940937
25 82 0.704641
25 83 0.338235
25 84 0.889720
25 85 0.882051
25 86 0.662698
25 87 0.261209
25 88 0.980892
25 89 0.213913
25 90 0.221277
25 91 0.656379
25 92 0.708333
25 93 0.710396
25 94 0.516378
25 95 0.634686
25 96 0.760956
25 97 0.649485
25 98 0.101933
25 99 0.475000
26 27 0.498134
26 28 0.998255
26 29 0.231801
26 30 0.875260
26 31 0.997797
26 32 0.747492
26 33 0.109836
26 34 0.232143
26 35 0.050251
26 36 0.441121
26 37 0.716505
26 38 0.042705
26 39 0.722022
26 40 0.922414
26 41 0.942207
26 42 0.880503
26 43 0.482833
26 44 0.565558
26 45 0.444695
26 46 0.760618
26 47 0.857965
26 48 0.920477
26 49 0.969388
26 50 0.657895
26 51 0.220183
26 52 0.912088
26 53 0.114723
26 54 0.351598
26 55 0.121008
26 56 0.959660
26 57 0.597473
26 58 0.540206
26 59 0.521834
26 60 0.931389
26 61 0.296629
26 62 0.477358
26 63 0.875740
26 64 0.889151
26 65 0.050633
26 66 0.948960
26 67 0.883663
26 68 0.670554
26 69 0.945423
26 70 0.897727
26 71 0.656743
26 72 0.008741
26 73 0.219149
26 74 0.877378
26 75 0.286004
26 76 0.559829
26 77 0.969052
26 78 0.937919
26 79 0.614085
26 80 0.337995
26 81 0.386965
26 82 0.603376
26 83 0.913866
26 84 0.248598
26 85 0.597436
26 86 0.769841
26 87 0.923977
26 88 0.278132
26 89 0.933913
26 90 0.936170
26 91 0.786008
26 92 0.825521
26 93 0.685644
26 94 0.897881
26 95 0.809963
26 96 0.637450
26 97 0.778351
26 98 0.943761
26 99 0.792308
27 28 0.788831
27 29 0.630268
27 30 0.954262
27 31 0.878855
27 32 0.926421
27 33 0.547541
27 34 0.613095
27 35 0.497487
27 36 0.057944
27 37 0.297087
27 38 0.494662
27 39 0.296029
27 40 0.741379
27 41 0.777583
27 42 0.874214
27 43 0.188841
27 44 0.855186
27 45 0.758465
27 46 0.920849
27 47 0.464491
27 48 0.697813
27 49 0.991837
27 50 0.291667
27 51 0.633028
27 52 0.617216
27 53 0.403442
27 54 0.328767
27 55 0.561345
27 56 0.932059
27 57 0.871841
27 58 0.841237
27 59 0.213974
27 60 0.711835
27 61 0.402247
27 62 0.045283
27 63 0.701183
27 64 0.945755
27 65 0.490054
27 66 0.827977
27 67 0.935644
27 68 0.629738
27 69 0.801056
27 70 0.781250
27 71 0.893170
27 72 0.473776
27 73 0.480851
27 74 0.953488
27 75 0.653144
27 76 0.202991
27 77 0.951644
27 78 0.748322
27 79 0.600000
27 80 0.512821
27 81 0.167006
27 82 0.858650
27 83 0.684874
27 84 0.652336
27 85 0.425641
27 86 0.365079
27 87 0.705653
27 88 0.309979
27 89 0.723478
27 90 0.812766
27 91 0.388889
27 92 0.549479
27 93 0.863861
27 94 0.543353
27 95 0.405904
27 96 0.217131
27 97 0.889175
27 98 0.787346
27 99 0.932692
28 29 0.998084
28 30 0.611227
28 31 0.332599
28 32 0.719064
28 33 0.998361
28 34 0.998016
28 35 0.998325
28 36 0.856075
28 37 0.600000
28 38 0.998221
28 39 0.584838
28 40 0.314655
28 41 0.099825
28 42 0.946541
28 43 0.860515
28 44 0.900196
28 45 0.997743
28 46 0.712355
28 47 0.458733
28 48 0.216700
28 49 0.512245
28 50 0.706140
28 51 0.998165
28 52 0.232601
28 53 0.998088
28 54 0.997717
28 55 0.998319
28 56 0.443737
28 57 0.862816
28 58 0.931959
28 59 0.831878
28 60 0.061750
28 61 0.997753
28 62 0.824528
28 63 0.813609
28 64 0.650943
28 65 0.998192
28 66 0.224953
28 67 0.685644
28 68 0.997085
28 69 0.137324
28 70 0.732955
28 71 0.805604
28 72 0.998252
28 73 0.997872
28 74 0.615222
28 75 0.997972
28 76 0.786325
28 77 0.417795
28 78 0.031879
28 79 0.997183
28 80 0.997669
28 81 0.924644
28 82 0.879747
28 83 0.289916
28 84 0.998131
28 85 0.892308
28 86 0.551587
28 87 0.192982
28 88 0.997877
28 89 0.062609
28 90 0.325532
28 91 0.549383
28 92 0.687500
28 93 0.881188
28 94 0.366089
28 95 0.500000
28 96 0.685259
28 97 0.822165
28 98 0.117750
28 99 0.680769
29 30 0.667360
29 31 0.845815
29 32 0.548495
29 33 0.173770
29 34 0.043651
29 35 0.202680
29 36 0.558879
29 37 0.749515
29 38 0.170819
29 39 0.763538
29 40 0.808190
29 41 0.837128
29 42 0.691824
29 43 0.553648
29 44 0.330724
29 45 0.203160
29 46 0.544402
29 47 0.857965
29 48 0.831014
29 49 0.775510
29 50 0.682018
29 51 0.042202
29 52 0.862637
29 53 0.260038
29 54 0.424658
29 55 0.142857
29 56 0.781316
29 57 0.379061
29 58 0.294845
29 59 0.578603
29 60 0.850772
29 61 0.339326
29 62 0.583019
29 63 0.766272
29 64 0.674528
29 65 0.169982
29 66 0.816635
29 67 0.668317
29 68 0.574344
29 69 0.830986
29 70 0.752841
29 71 0.446585
29 72 0.201049
29 73 0.219149
29 74 0.668076
29 75 0.060852
29 76 0.613248
29 77 0.794971
29 78 0.847315
29 79 0.526761
29 80 0.286713
29 81 0.503055
29 82 0.362869
29 83 0.823529
29 84 0.037383
29 85 0.582051
29 86 0.787698
29 87 0.832359
29 88 0.390658
29 89 0.848696
29 90 0.797872
29 91 0.794239
29 92 0.768229
29 93 0.452970
29 94 0.874759
29 95 0.828413
29 96 0.685259
29 97 0.554124
29 98 0.834798
29 99 0.580769
30 31 0.328194
30 32 0.232441
30 33 0.701639
30 34 0.621032
30 35 0.725293
30 36 0.833645
30 37 0.765049
30 38 0.713523
30 39 0.777978
30 40 0.424569
30 41 0.415061
30 42 0.572327
30 43 0.802575
30 44 0.375734
30 45 0.521445
30 46 0.144788
30 47 0.744722
30 48 0.481113
30 49 0.126531
30 50 0.754386
30 51 0.622018
30 52 0.602564
30 53 0.757170
30 54 0.810502
30 55 0.684034
30 56 0.180467
30 57 0.351986
30 58 0.408247
30 59 0.788210
30 60 0.497427
30 61 0.759551
30 62 0.822642
30 63 0.668639
30 64 0.136792
30 65 0.712477
30 66 0.330813
30 67 0.200495
30 68 0.725948
30 69 0.385563
30 70 0.536932
30 71 0.294221
30 72 0.730769
30 73 0.702128
30 74 0.016913
30 75 0.592292
30 76 0.782051
30 77 0.195358
30 78 0.461409
30 79 0.718310
30 80 0.689977
30 81 0.835031
30 82 0.337553
30 83 0.495798
30 84 0.607477
30 85 0.753846
30 86 0.750000
30 87 0.471735
30 88 0.815287
30 89 0.481739
30 90 0.334043
30 91 0.740741
30 92 0.692708
30 93 0.353960
30 94 0.689788
30 95 0.758303
30 96 0.774900
30 97 0.322165
30 98 0.400703
30 99 0.115385
31 32 0.483278
31 33 0.786885
31 34 0.730159
31 35 0.792295
31 36 0.738318
31 37 0.565049
31 38 0.779359
31 39 0.581227
31 40 0.135776
31 41 0.171629
31 42 0.540881
31 43 0.699571
31 44 0.602740
31 45 0.674944
31 46 0.426641
31 47 0.500960
31 48 0.190855
31 49 0.253061
31 50 0.585526
31 51 0.744954
31 52 0.335165
31 53 0.783939
31 54 0.771689
31 55 0.776471
31 56 0.148620
31 57 0.588448
31 58 0.622680
31 59 0.672489
31 60 0.243568
31 61 0.755056
31 62 0.713208
31 63 0.508876
31 64 0.292453
31 65 0.775769
31 66 0.092628
31 67 0.311881
31 68 0.670554
31 69 0.156690
31 70 0.397727
31 71 0.542907
31 72 0.786713
31 73 0.744681
31 74 0.304440
31 75 0.716024
31 76 0.649573
31 77 0.205029
31 78 0.223154
31 79 0.678873
31 80 0.720280
31 81 0.761711
31 82 0.561181
31 83 0.207983
31 84 0.736449
31 85 0.653846
31 86 0.531746
31 87 0.185185
31 88 0.789809
31 89 0.224348
31 90 0.036170
31 91 0.516461
31 92 0.489583
31 93 0.514851
31 94 0.429672
31 95 0.531365
31 96 0.605578
31 97 0.443299
31 98 0.163445
31 99 0.401923
32 33 0.706557
32 34 0.654762
32 35 0.752094
32 36 0.998131
32 37 0.998058
32 38 0.752669
32 39 0.998195
32 40 0.724138
32 41 0.651489
32 42 0.883648
32 43 0.997854
32 44 0.313112
32 45 0.568849
32 46 0.154440
32 47 0.998081
32 48 0.757455
32 49 0.369388
32 50 0.997807
32 51 0.622018
32 52 0.857143
32 53 0.841300
32 54 0.974886
32 55 0.689076
32 56 0.471338
32 57 0.231047
32 58 0.381443
32 59 0.997817
32 60 0.735849
32 61 0.901124
32 62 0.998113
32 63 0.997041
32 64 0.429245
32 65 0.757685
32 66 0.586011
32 67 0.490099
32 68 0.985423
32 69 0.621479
32 70 0.866477
32 71 0.140105
32 72 0.772727
32 73 0.802128
32 74 0.306554
32 75 0.620690
32 76 0.997863
32 77 0.425532
32 78 0.689597
32 79 0.957746
32 80 0.827506
32 81 0.997963
32 82 0.341772
32 83 0.785714
32 84 0.603738
32 85 0.997436
32 86 0.998016
32 87 0.744639
32 88 0.953291
32 89 0.721739
32 90 0.629787
32 91 0.997942
32 92 0.997396
32 93 0.507426
32 94 0.951830
32 95 0.998155
32 96 0.998008
32 97 0.543814
32 98 0.637961
32 99 0.157692
33 34 0.228175
33 35 0.067002
33 36 0.564486
33 37 0.833010
33 38 0.103203
33 39 0.832130
33 40 0.997845
33 41 0.998249
33 42 0.971698
33 43 0.613734
33 44 0.528376
33 45 0.442438
33 46 0.749035
33 47 0.963532
33 48 0.998012
33 49 0.989796
33 50 0.782895
33 51 0.168807
33 52 0.998168
33 53 0.235182
33 54 0.486301
33 55 0.035294
33 56 0.997877
33 57 0.555957
33 58 0.509278
33 59 0.650655
33 60 0.998285
33 61 0.417978
33 62 0.601887
33 63 0.997041
33 64 0.919811
33 65 0.119349
33 66 0.998110
33 67 0.923267
33 68 0.787172
33 69 0.998239
33 70 0.997159
33 71 0.621716
33 72 0.108392
33 73 0.308511
33 74 0.892178
33 75 0.273834
33 76 0.688034
33 77 0.996132
33 78 0.998322
33 79 0.726761
33 80 0.428904
33 81 0.519348
33 82 0.586498
33 83 0.997899
33 84 0.201869
33 85 0.725641
33 86 0.884921
33 87 0.998051
33 88 0.411890
33 89 0.998261
33 90 0.997872
33 91 0.901235
33 92 0.947917
33 93 0.710396
33 94 0.998073
33 95 0.916974
33 96 0.756972
33 97 0.817010
33 98 0.998243
33 99 0.784615
34 35 0.204355
34 36 0.521495
34 37 0.706796
34 38 0.165480
34 39 0.723827
34 40 0.769397
34 41 0.807356
34 42 0.635220
34 43 0.508584
34 44 0.336595
34 45 0.187359
34 46 0.538610
34 47 0.815739
34 48 0.793241
34 49 0.755102
34 50 0.631579
34 51 0.080734
34 52 0.826007
34 53 0.233270
34 54 0.376712
34 55 0.159664
34 56 0.753715
34 57 0.389892
34 58 0.298969
34 59 0.530568
34 60 0.819897
34 61 0.292135
34 62 0.543396
34 63 0.707101
34 64 0.648585
34 65 0.160940
34 66 0.786389
34 67 0.638614
34 68 0.513120
34 69 0.802817
34 70 0.698864
34 71 0.453590
34 72 0.195804
34 73 0.174468
34 74 0.649049
34 75 0.048682
34 76 0.566239
34 77 0.773694
34 78 0.818792
34 79 0.464789
34 80 0.235431
34 81 0.462322
34 82 0.358650
34 83 0.783613
34 84 0.076636
34 85 0.525641
34 86 0.744048
34 87 0.795322
34 88 0.350318
34 89 0.817391
34 90 0.763830
34 91 0.748971
34 92 0.713542
34 93 0.425743
34 94 0.832370
34 95 0.787823
34 96 0.641434
34 97 0.520619
34 98 0.804921
34 99 0.573077
35 36 0.495327
35 37 0.774757
35 38 0.062278
35 39 0.776173
35 40 0.971983
35 41 0.980736
35 42 0.946541
35 43 0.547210
35 44 0.567515
35 45 0.462754
35 46 0.774131
35 47 0.913628
35 48 0.970179
35 49 0.997959
35 50 0.721491
35 51 0.209174
35 52 0.961538
35 53 0.170172
35 54 0.420091
35 55 0.087395
35 56 0.995754
35 57 0.595668
35 58 0.544330
35 59 0.585153
35 60 0.972556
35 61 0.359551
35 62 0.533962
35 63 0.949704
35 64 0.924528
35 65 0.077758
35 66 0.986767
35 67 0.923267
35 68 0.740525
35 69 0.984155
35 70 0.963068
35 71 0.658494
35 72 0.047203
35 73 0.268085
35 74 0.902748
35 75 0.294118
35 76 0.621795
35 77 0.998066
35 78 0.976510
35 79 0.681690
35 80 0.391608
35 81 0.448065
35 82 0.616034
35 83 0.966387
35 84 0.239252
35 85 0.666667
35 86 0.829365
35 87 0.970760
35 88 0.341826
35 89 0.975652
35 90 0.980851
35 91 0.845679
35 92 0.895833
35 93 0.717822
35 94 0.951830
35 95 0.865314
35 96 0.697211
35 97 0.817010
35 98 0.982425
35 99 0.807692
36 37 0.330097
36 38 0.437722
36 39 0.337545
36 40 0.739224
36 41 0.781086
36 42 0.827044
36 43 0.154506
36 44 0.806262
36 45 0.699774
36 46 0.884170
36 47 0.497121
36 48 0.705765
36 49 0.971429
36 50 0.298246
36 51 0.576147
36 52 0.637363
36 53 0.344168
36 54 0.264840
36 55 0.509244
36 56 0.915074
36 57 0.828520
36 58 0.789691
36 59 0.189956
36 60 0.723842
36 61 0.339326
36 62 0.045283
36 63 0.674556
36 64 0.912736
36 65 0.432188
36 66 0.824197
36 67 0.900990
36 68 0.577259
36 69 0.802817
36 70 0.752841
36 71 0.852890
36 72 0.419580
36 73 0.417021
36 74 0.923890
36 75 0.596349
36 76 0.194444
36 77 0.936170
36 78 0.758389
36 79 0.546479
36 80 0.449883
36 81 0.105906
36 82 0.810127
36 83 0.689076
36 84 0.596262
36 85 0.387179
36 86 0.394841
36 87 0.713450
36 88 0.244161
36 89 0.733913
36 90 0.804255
36 91 0.415638
36 92 0.539062
36 93 0.814356
36 94 0.570328
36 95 0.442804
36 96 0.241036
36 97 0.842784
36 98 0.790861
36 99 0.900000
37 38 0.660142
37 39 0.072202
37 40 0.493534
37 41 0.546410
37 42 0.748428
37 43 0.311159
37 44 0.857143
37 45 0.803612
37 46 0.837838
37 47 0.170825
37 48 0.439364
37 49 0.820408
37 50 0.164474
37 51 0.748624
37 52 0.342491
37 53 0.592734
37 54 0.490868
37 55 0.709244
37 56 0.738854
37 57 0.864621
37 58 0.851546
37 59 0.283843
37 60 0.466552
37 61 0.548315
37 62 0.275472
37 63 0.526627
37 64 0.797170
37 65 0.654611
37 66 0.606805
37 67 0.787129
37 68 0.594752
37 69 0.575704
37 70 0.593750
37 71 0.861646
37 72 0.648601
37 73 0.619149
37 74 0.813953
37 75 0.746450
37 76 0.228632
37 77 0.765957
37 78 0.515101
37 79 0.591549
37 80 0.613054
37 81 0.389002
37 82 0.839662
37 83 0.420168
37 84 0.758879
37 85 0.412821
37 86 0.061508
37 87 0.450292
37 88 0.507431
37 89 0.480000
37 90 0.585106
37 91 0.088477
37 92 0.338542
37 93 0.806931
37 94 0.248555
37 95 0.130996
37 96 0.101594
37 97 0.788660
37 98 0.560633
37 99 0.836538
38 39 0.727437
38 40 0.896552
38 41 0.919440
38 42 0.833333
38 43 0.489270
38 44 0.516634
38 45 0.392777
38 46 0.716216
38 47 0.854127
38 48 0.900596
38 49 0.928571
38 50 0.657895
38 51 0.174312
38 52 0.899267
38 53 0.126195
38 54 0.353881
38 55 0.094118
38 56 0.921444
38 57 0.554152
38 58 0.490722
38 59 0.524017
38 60 0.912521
38 61 0.289888
38 62 0.494340
38 63 0.846154
38 64 0.844340
38 65 0.014467
38 66 0.920605
38 67 0.839109
38 68 0.638484
38 69 0.920775
38 70 0.863636
38 71 0.614711
38 72 0.033217
38 73 0.195745
38 74 0.832981
38 75 0.237323
38 76 0.561966
38 77 0.932302
38 78 0.917785
38 79 0.583099
38 80 0.310023
38 81 0.403259
38 82 0.554852
38 83 0.892857
38 84 0.201869
38 85 0.582051
38 86 0.769841
38 87 0.902534
38 88 0.288747
38 89 0.914783
38 90 0.906383
38 91 0.783951
38 92 0.807292
38 93 0.636139
38 94 0.890173
38 95 0.811808
38 96 0.641434
38 97 0.729381
38 98 0.920914
38 99 0.748077
39 40 0.558190
39 41 0.583187
39 42 0.874214
39 43 0.375536
39 44 0.935421
39 45 0.891648
39 46 0.913127
39 47 0.168906
39 48 0.485089
39 49 0.889796
39 50 0.250000
39 51 0.814679
39 52 0.362637
39 53 0.650096
39 54 0.566210
39 55 0.766387
39 56 0.811040
39 57 0.936823
39 58 0.934021
39 59 0.355895
39 60 0.492281
39 61 0.626966
39 62 0.307547
39 63 0.644970
39 64 0.884434
39 65 0.714286
39 66 0.657845
39 67 0.881188
39 68 0.711370
39 69 0.616197
39 70 0.704545
39 71 0.931699
39 72 0.702797
39 73 0.693617
39 74 0.892178
39 75 0.823529
39 76 0.299145
39 77 0.827853
39 78 0.543624
39 79 0.704225
39 80 0.699301
39 81 0.439919
39 82 0.926160
39 83 0.476891
39 84 0.828037
39 85 0.512821
39 86 0.107143
39 87 0.495127
39 88 0.571125
39 89 0.509565
39 90 0.651064
39 91 0.146091
39 92 0.442708
39 93 0.905941
39 94 0.260116
39 95 0.108856
39 96 0.161355
39 97 0.891753
39 98 0.599297
39 99 0.909615
40 41 0.194396
40 42 0.487421
40 43 0.594421
40 44 0.641879
40 45 0.672686
40 46 0.503861
40 47 0.380038
40 48 0.097416
40 49 0.375510
40 50 0.460526
40 51 0.730275
40 52 0.241758
40 53 0.726577
40 54 0.684932
40 55 0.751261
40 56 0.271762
40 57 0.637184
40 58 0.651546
40 59 0.563319
40 60 0.209262
40 61 0.680899
40 62 0.611321
40 63 0.393491
40 64 0.370283
40 65 0.735986
40 66 0.179584
40 67 0.371287
40 68 0.577259
40 69 0.202465
40 70 0.318182
40 71 0.604203
40 72 0.746503
40 73 0.691489
40 74 0.403805
40 75 0.701826
40 76 0.536325
40 77 0.328820
40 78 0.219799
40 79 0.591549
40 80 0.659674
40 81 0.668024
40 82 0.599156
40 83 0.079832
40 84 0.725234
40 85 0.543590
40 86 0.406746
40 87 0.105263
40 88 0.709130
40 89 0.196522
40 90 0.100000
40 91 0.386831
40 92 0.351562
40 93 0.534653
40 94 0.312139
40 95 0.415129
40 96 0.488048
40 97 0.466495
40 98 0.196837
40 99 0.486538
41 42 0.817610
41 43 0.821888
41 44 0.794521
41 45 0.893905
41 46 0.602317
41 47 0.487524
41 48 0.182903
41 49 0.393878
41 50 0.682018
41 51 0.917431
41 52 0.271062
41 53 0.938815
41 54 0.936073
41 55 0.931092
41 56 0.322718
41 57 0.763538
41 58 0.826804
41 59 0.794760
41 60 0.113208
41 61 0.930337
41 62 0.803774
41 63 0.721893
41 64 0.523585
41 65 0.933092
41 66 0.117202
41 67 0.556931
41 68 0.900875
41 69 0.040493
41 70 0.627841
41 71 0.705779
41 72 0.937063
41 73 0.925532
41 74 0.494715
41 75 0.908722
41 76 0.758547
41 77 0.307544
41 78 0.063758
41 79 0.904225
41 80 0.916084
41 81 0.885947
41 82 0.770042
41 83 0.247899
41 84 0.915888
41 85 0.828205
41 86 0.561508
41 87 0.157895
41 88 0.942675
41 89 0.092174
41 90 0.219149
41 91 0.553498
41 92 0.630208
41 93 0.757426
41 94 0.396917
41 95 0.525830
41 96 0.675299
41 97 0.695876
41 98 0.019332
41 99 0.571154
42 43 0.412017
42 44 0.401174
42 45 0.334086
42 46 0.389961
42 47 0.506718
42 48 0.393638
42 49 0.442857
42 50 0.381579
42 51 0.445872
42 52 0.474359
42 53 0.456979
42 54 0.406393
42 55 0.492437
42 56 0.382166
42 57 0.438628
42 58 0.381443
42 59 0.393013
42 60 0.473413
42 61 0.377528
42 62 0.479245
42 63 0.177515
42 64 0.292453
42 65 0.464738
42 66 0.417769
42 67 0.250000
42 68 0.198251
42 69 0.454225
42 70 0.130682
42 71 0.444834
42 72 0.486014
42 73 0.376596
42 74 0.365751
42 75 0.387424
42 76 0.399573
42 77 0.450677
42 78 0.479866
42 79 0.214085
42 80 0.317016
42 81 0.464358
42 82 0.343882
42 83 0.363445
42 84 0.437383
42 85 0.287179
42 86 0.460317
42 87 0.403509
42 88 0.443737
42 89 0.466087
42 90 0.340426
42 91 0.444444
42 92 0.283854
42 93 0.220297
42 94 0.491329
42 95 0.511070
42 96 0.436255
42 97 0.180412
42 98 0.453427
42 99 0.400000
43 44 0.686888
43 45 0.571106
43 46 0.750965
43 47 0.435701
43 48 0.584493
43 49 0.824490
43 50 0.184211
43 51 0.508257
43 52 0.547619
43 53 0.315488
43 54 0.168950
43 55 0.473950
43 56 0.764331
43 57 0.716606
43 58 0.665979
43 59 0.041485
43 60 0.627787
43 61 0.240449
43 62 0.120755
43 63 0.464497
43 64 0.745283
43 65 0.397830
43 66 0.697543
43 67 0.725248
43 68 0.373178
43 69 0.688380
43 70 0.551136
43 71 0.740806
43 72 0.396853
43 73 0.331915
43 74 0.771670
43 75 0.501014
43 76 0.081197
43 77 0.798839
43 78 0.657718
43 79 0.349296
43 80 0.326340
43 81 0.107943
43 82 0.675105
43 83 0.558824
43 84 0.521495
43 85 0.202564
43 86 0.331349
43 87 0.594542
43 88 0.199575
43 89 0.633043
43 90 0.657447
43 91 0.337449
43 92 0.367188
43 93 0.643564
43 94 0.491329
43 95 0.398524
43 96 0.189243
43 97 0.662371
43 98 0.680141
43 99 0.763462
44 45 0.234763
44 46 0.250965
44 47 0.902111
44 48 0.749503
44 49 0.520408
44 50 0.804825
44 51 0.326606
44 52 0.829670
44 53 0.552581
44 54 0.678082
44 55 0.418487
44 56 0.560510
44 57 0.084838
44 58 0.059794
44 59 0.759825
44 60 0.765009
44 61 0.597753
44 62 0.779245
44 63 0.784024
44 64 0.436321
44 65 0.471971
44 66 0.657845
44 67 0.450495
44 68 0.688047
44 69 0.691901
44 70 0.701705
44 71 0.150613
44 72 0.494755
44 73 0.493617
44 74 0.401691
44 75 0.300203
44 76 0.777778
44 77 0.566731
44 78 0.739933
44 79 0.656338
44 80 0.512821
44 81 0.739308
44 82 0.092827
44 83 0.754202
44 84 0.302804
44 85 0.733333
44 86 0.863095
44 87 0.744639
44 88 0.662420
44 89 0.754783
44 90 0.651064
44 91 0.864198
44 92 0.817708
44 93 0.289604
44 94 0.882466
44 95 0.889299
44 96 0.816733
44 97 0.384021
44 98 0.702988
44 99 0.292308
45 46 0.378378
45 47 0.771593
45 48 0.683897
45 49 0.589796
45 50 0.616228
45 51 0.201835
45 52 0.745421
45 53 0.359465
45 54 0.442922
45 55 0.295798
45 56 0.590234
45 57 0.272563
45 58 0.152577
45 59 0.550218
45 60 0.722127
45 61 0.364045
45 62 0.590566
45 63 0.591716
45 64 0.462264
45 65 0.305606
45 66 0.654064
45 67 0.448020
45 68 0.440233
45 69 0.683099
45 70 0.553977
45 71 0.327496
45 72 0.335664
45 73 0.272340
45 74 0.475687
45 75 0.123732
45 76 0.576923
45 77 0.620890
45 78 0.714765
45 79 0.408451
45 80 0.272727
45 81 0.529532
45 82 0.189873
45 83 0.674370
45 84 0.179439
45 85 0.502564
45 86 0.712302
45 87 0.686160
45 88 0.441614
45 89 0.714783
45 90 0.621277
45 91 0.709877
45 92 0.635417
45 93 0.232673
45 94 0.770713
45 95 0.754613
45 96 0.641434
45 97 0.329897
45 98 0.688928
45 99 0.413462
46 47 0.846449
46 48 0.612326
46 49 0.271429
46 50 0.822368
46 51 0.544954
46 52 0.721612
46 53 0.724665
46 54 0.812785
46 55 0.616807
46 56 0.339703
46 57 0.220217
46 58 0.296907
46 59 0.827511
46 60 0.622642
46 61 0.746067
46 62 0.854717
46 63 0.760355
46 64 0.245283
46 65 0.661844
46 66 0.472590
46 67 0.292079
46 68 0.760933
46 69 0.517606
46 70 0.636364
46 71 0.161121
46 72 0.680070
46 73 0.668085
46 74 0.164905
46 75 0.517241
46 76 0.831197
46 77 0.336557
46 78 0.587248
46 79 0.743662
46 80 0.668998
46 81 0.849287
46 82 0.232068
46 83 0.626050
46 84 0.525234
46 85 0.797436
46 86 0.837302
46 87 0.604288
46 88 0.806794
46 89 0.606957
46 90 0.478723
46 91 0.833333
46 92 0.789062
46 93 0.324257
46 94 0.801541
46 95 0.850554
46 96 0.838645
46 97 0.340206
46 98 0.532513
46 99 0.040385
47 48 0.341948
47 49 0.779592
47 50 0.320175
47 51 0.862385
47 52 0.205128
47 53 0.739962
47 54 0.666667
47 55 0.830252
47 56 0.692144
47 57 0.915162
47 58 0.925773
47 59 0.458515
47 60 0.348199
47 61 0.710112
47 62 0.443396
47 63 0.606509
47 64 0.797170
47 65 0.788427
47 66 0.525520
47 67 0.797030
47 68 0.737609
47 69 0.478873
47 70 0.636364
47 71 0.896673
47 72 0.783217
47 73 0.763830
47 74 0.803383
47 75 0.864097
47 76 0.403846
47 77 0.709865
47 78 0.402685
47 79 0.738028
47 80 0.759907
47 81 0.564155
47 82 0.900844
47 83 0.338235
47 84 0.871028
47 85 0.569231
47 86 0.121032
47 87 0.348928
47 88 0.677282
47 89 0.363478
47 90 0.523404
47 91 0.131687
47 92 0.411458
47 93 0.873762
47 94 0.094412
47 95 0.059041
47 96 0.274900
47 97 0.840206
47 98 0.460457
47 99 0.842308
48 49 0.448980
48 50 0.480263
48 51 0.809174
48 52 0.159341
48 53 0.787763
48 54 0.746575
48 55 0.818487
48 56 0.352442
48 57 0.725632
48 58 0.752577
48 59 0.600437
48 60 0.135506
48 61 0.752809
48 62 0.630189
48 63 0.491124
48 64 0.483491
48 65 0.802893
48 66 0.200378
48 67 0.492574
48 68 0.679300
48 69 0.186620
48 70 0.431818
48 71 0.688266
48 72 0.807692
48 73 0.768085
48 74 0.498943
48 75 0.789047
48 76 0.564103
48 77 0.384913
48 78 0.166107
48 79 0.690141
48 80 0.745921
48 81 0.706721
48 82 0.702532
48 83 0.058824
48 84 0.807477
48 85 0.612821
48 86 0.382937
48 87 0.021442
48 88 0.766454
48 89 0.126957
48 90 0.180851
48 91 0.366255
48 92 0.403646
48 93 0.653465
48 94 0.248555
48 95 0.372694
48 96 0.490040
48 97 0.590206
48 98 0.172232
48 99 0.575000
49 50 0.793860
49 51 0.732110
49 52 0.562271
49 53 0.850860
49 54 0.901826
49 55 0.781513
49 56 0.116773
49 57 0.460289
49 58 0.538144
49 59 0.849345
49 60 0.435678
49 61 0.858427
49 62 0.873585
49 63 0.733728
49 64 0.231132
49 65 0.810127
49 66 0.249527
49 67 0.294554
49 68 0.830904
49 69 0.302817
49 70 0.599432
49 71 0.392294
49 72 0.823427
49 73 0.808511
49 74 0.137421
49 75 0.709939
49 76 0.835470
49 77 0.077369
49 78 0.389262
49 79 0.825352
49 80 0.799534
49 81 0.906314
49 82 0.468354
49 83 0.466387
49 84 0.719626
49 85 0.833333
49 86 0.757937
49 87 0.424951
49 88 0.902335
49 89 0.415652
49 90 0.291489
49 91 0.748971
49 92 0.731771
49 93 0.490099
49 94 0.666667
49 95 0.752768
49 96 0.806773
49 97 0.445876
49 98 0.321617
49 99 0.219231
50 51 0.609174
50 52 0.395604
50 53 0.460803
50 54 0.331050
50 55 0.586555
50 56 0.662420
50 57 0.740072
50 58 0.703093
50 59 0.141921
50 60 0.490566
50 61 0.384270
50 62 0.216981
50 63 0.352071
50 64 0.674528
50 65 0.526221
50 66 0.576560
50 67 0.655941
50 68 0.381924
50 69 0.565141
50 70 0.440341
50 71 0.746060
50 72 0.527972
50 73 0.459574
50 74 0.710359
50 75 0.592292
50 76 0.100427
50 77 0.704062
50 78 0.528523
50 79 0.383099
50 80 0.435897
50 81 0.279022
50 82 0.694093
50 83 0.405462
50 84 0.616822
50 85 0.217949
50 86 0.174603
50 87 0.448343
50 88 0.367304
50 89 0.497391
50 90 0.531915
50 91 0.168724
50 92 0.210938
50 93 0.641089
50 94 0.329480
50 95 0.258303
50 96 0.089641
50 97 0.628866
50 98 0.553603
50 99 0.728846
51 52 0.906593
51 53 0.277247
51 54 0.465753
51 55 0.119328
51 56 0.823779
51 57 0.391697
51 58 0.319588
51 59 0.620087
51 60 0.891938
51 61 0.379775
51 62 0.613208
51 63 0.834320
51 64 0.721698
51 65 0.171790
51 66 0.858223
51 67 0.720297
51 68 0.641399
51 69 0.871479
51 70 0.818182
51 71 0.460595
51 72 0.199301
51 73 0.257447
51 74 0.706131
51 75 0.105477
51 76 0.653846
51 77 0.833656
51 78 0.885906
51 79 0.591549
51 80 0.337995
51 81 0.533605
51 82 0.392405
51 83 0.871849
51 84 0.028037
51 85 0.638462
51 86 0.831349
51 87 0.877193
51 88 0.422505
51 89 0.888696
51 90 0.844681
51 91 0.839506
51 92 0.828125
51 93 0.502475
51 94 0.919075
51 95 0.869004
51 96 0.725100
51 97 0.608247
51 98 0.873462
51 99 0.609615
52 53 0.845124
52 54 0.796804
52 55 0.894118
52 56 0.537155
52 57 0.870036
52 58 0.903093
52 59 0.611354
52 60 0.156089
52 61 0.820225
52 62 0.613208
52 63 0.627219
52 64 0.681604
52 65 0.871609
52 66 0.349716
52 67 0.693069
52 68 0.804665
52 69 0.297535
52 70 0.602273
52 71 0.833625
52 72 0.870629
52 73 0.851064
52 74 0.682875
52 75 0.902637
52 76 0.561966
52 77 0.549323
52 78 0.216443
52 79 0.808451
52 80 0.841492
52 81 0.718941
52 82 0.862869
52 83 0.199580
52 84 0.910280
52 85 0.679487
52 86 0.309524
52 87 0.173489
52 88 0.808917
52 89 0.172174
52 90 0.365957
52 91 0.304527
52 92 0.471354
52 93 0.834158
52 94 0.121387
52 95 0.265683
52 96 0.454183
52 97 0.780928
52 98 0.277680
52 99 0.740385
53 54 0.216895
53 55 0.205042
53 56 0.885350
53 57 0.604693
53 58 0.536082
53 59 0.390830
53 60 0.842196
53 61 0.173034
53 62 0.369811
53 63 0.730769
53 64 0.818396
53 65 0.106691
53 66 0.867675
53 67 0.806931
53 68 0.527697
53 69 0.866197
53 70 0.769886
53 71 0.654991
53 72 0.108392
53 73 0.138298
53 74 0.822410
53 75 0.292089
53 76 0.431624
53 77 0.905222
53 78 0.855705
53 79 0.478873
53 80 0.240093
53 81 0.266802
53 82 0.584388
53 83 0.806723
53 84 0.285981
53 85 0.453846
53 86 0.652778
53 87 0.824561
53 88 0.150743
53 89 0.845217
53 90 0.844681
53 91 0.664609
53 92 0.684896
53 93 0.626238
53 94 0.786127
53 95 0.699262
53 96 0.517928
53 97 0.701031
53 98 0.862917
53 99 0.759615
54 55 0.349580
54 56 0.760085
54 57 0.620939
54 58 0.552577
54 59 0.185590
54 60 0.692967
54 61 0.078652
54 62 0.230189
54 63 0.494083
54 64 0.707547
54 65 0.265823
54 66 0.727788
54 67 0.685644
54 68 0.323615
54 69 0.728873
54 70 0.562500
54 71 0.656743
54 72 0.272727
54 73 0.176596
54 74 0.733615
54 75 0.361055
54 76 0.230769
54 77 0.794971
54 78 0.714765
54 79 0.284507
54 80 0.179487
54 81 0.134420
54 82 0.573840
54 83 0.626050
54 84 0.386916
54 85 0.225641
54 86 0.462302
54 87 0.658869
54 88 0.072187
54 89 0.695652
54 90 0.687234
54 91 0.467078
54 92 0.450521
54 93 0.554455
54 94 0.603083
54 95 0.523985
54 96 0.332669
54 97 0.595361
54 98 0.724077
54 99 0.707692
55 56 0.957537
55 57 0.518051
55 58 0.465979
55 59 0.639738
55 60 0.972556
55 61 0.400000
55 62 0.600000
55 63 0.955621
55 64 0.872642
55 65 0.113924
55 66 0.965974
55 67 0.876238
55 68 0.746356
55 69 0.968310
55 70 0.951705
55 71 0.583187
55 72 0.117133
55 73 0.285106
55 74 0.847780
55 75 0.233266
55 76 0.675214
55 77 0.957447
55 78 0.971477
55 79 0.690141
55 80 0.398601
55 81 0.517312
55 82 0.542194
55 83 0.966387
55 84 0.160748
55 85 0.700000
55 86 0.869048
55 87 0.968811
55 88 0.405520
55 89 0.972174
55 90 0.961702
55 91 0.884774
55 92 0.916667
55 93 0.660891
55 94 0.976879
55 95 0.904059
55 96 0.747012
55 97 0.768041
55 98 0.968366
55 99 0.744231
56 57 0.496390
56 58 0.544330
56 59 0.751092
56 60 0.355060
56 61 0.784270
56 62 0.786792
56 63 0.600592
56 64 0.195755
56 65 0.772152
56 66 0.170132
56 67 0.240099
56 68 0.720117
56 69 0.235915
56 70 0.471591
56 71 0.441331
56 72 0.784965
56 73 0.751064
56 74 0.173362
56 75 0.683570
56 76 0.735043
56 77 0.102515
56 78 0.318792
56 79 0.721127
56 80 0.731935
56 81 0.820774
56 82 0.476793
56 83 0.348739
56 84 0.700935
56 85 0.725641
56 86 0.650794
56 87 0.321637
56 88 0.828025
56 89 0.335652
56 90 0.174468
56 91 0.637860
56 92 0.601562
56 93 0.455446
56 94 0.560694
56 95 0.651292
56 96 0.705179
56 97 0.391753
56 98 0.251318
56 99 0.278846
57 58 0.156701
57 59 0.858079
57 60 0.801029
57 61 0.703371
57 62 0.866038
57 63 0.899408
57 64 0.474057
57 65 0.549729
57 66 0.684310
57 67 0.504950
57 68 0.813411
57 69 0.716549
57 70 0.801136
57 71 0.084063
57 72 0.569930
57 73 0.593617
57 74 0.412262
57 75 0.389452
57 76 0.873932
57 77 0.570600
57 78 0.770134
57 79 0.780282
57 80 0.622378
57 81 0.835031
57 82 0.168776
57 83 0.810924
57 84 0.377570
57 85 0.846154
57 86 0.942460
57 87 0.793372
57 88 0.762208
57 89 0.789565
57 90 0.695745
57 91 0.944444
57 92 0.919271
57 93 0.381188
57 94 0.947977
57 95 0.961255
57 96 0.904382
57 97 0.466495
57 98 0.729350
57 99 0.275000
58 59 0.698690
58 60 0.747856
58 61 0.530337
58 62 0.724528
58 63 0.721893
58 64 0.429245
58 65 0.423146
58 66 0.650284
58 67 0.433168
58 68 0.612245
58 69 0.684859
58 70 0.647727
58 71 0.199650
58 72 0.449301
58 73 0.429787
58 74 0.412262
58 75 0.245436
58 76 0.720085
58 77 0.574468
58 78 0.728188
58 79 0.580282
58 80 0.442890
58 81 0.680244
58 82 0.080169
58 83 0.724790
58 84 0.259813
58 85 0.664103
58 86 0.817460
58 87 0.723197
58 88 0.598726
58 89 0.739130
58 90 0.636170
58 91 0.816872
58 92 0.760417
58 93 0.250000
58 94 0.847784
58 95 0.848708
58 96 0.764940
58 97 0.347938
58 98 0.692443
58 99 0.317308
59 60 0.593482
59 61 0.260674
59 62 0.139623
59 63 0.417160
59 64 0.714623
59 65 0.419530
59 66 0.663516
59 67 0.693069
59 68 0.346939
59 69 0.654930
59 70 0.505682
59 71 0.730298
59 72 0.421329
59 73 0.348936
59 74 0.746300
59 75 0.509128
59 76 0.049145
59 77 0.767892
59 78 0.625839
59 79 0.329577
59 80 0.333333
59 81 0.148676
59 82 0.664557
59 83 0.518908
59 84 0.532710
59 85 0.171795
59 86 0.297619
59 87 0.557505
59 88 0.231423
59 89 0.600000
59 90 0.621277
59 91 0.300412
59 92 0.317708
59 93 0.626238
59 94 0.454721
59 95 0.369004
59 96 0.163347
59 97 0.636598
59 98 0.646749
59 99 0.744231
60 61 0.928090
60 62 0.756604
60 63 0.727811
60 64 0.627358
60 65 0.947559
60 66 0.228733
60 67 0.653465
60 68 0.912536
60 69 0.156690
60 70 0.659091
60 71 0.791594
60 72 0.947552
60 73 0.936170
60 74 0.604651
60 75 0.949290
60 76 0.711538
60 77 0.431335
60 78 0.063758
60 79 0.915493
60 80 0.930070
60 81 0.853360
60 82 0.848101
60 83 0.224790
60 84 0.953271
60 85 0.810256
60 86 0.480159
60 87 0.134503
60 88 0.929936
60 89 0.024348
60 90 0.297872
60 91 0.473251
60 92 0.601562
60 93 0.834158
60 94 0.296724
60 95 0.433579
60 96 0.611554
60 97 0.775773
60 98 0.135325
60 99 0.673077
61 62 0.298113
61 63 0.500000
61 64 0.672170
61 65 0.216998
61 66 0.725898
61 67 0.648515
61 68 0.309038
61 69 0.732394
61 70 0.553977
61 71 0.605954
61 72 0.232517
61 73 0.102128
61 74 0.697674
61 75 0.290061
61 76 0.297009
61 77 0.775629
61 78 0.724832
61 79 0.264789
61 80 0.107226
61 81 0.201629
61 82 0.512658
61 83 0.642857
61 84 0.319626
61 85 0.256410
61 86 0.515873
61 87 0.672515
61 88 0.099788
61 89 0.709565
61 90 0.685106
61 91 0.518519
61 92 0.481771
61 93 0.497525
61 94 0.641618
61 95 0.575646
61 96 0.394422
61 97 0.548969
61 98 0.727592
61 99 0.665385
62 63 0.633136
62 64 0.891509
62 65 0.461121
62 66 0.792060
62 67 0.878713
62 68 0.556851
62 69 0.767606
62 70 0.715909
62 71 0.851138
62 72 0.449301
62 73 0.436170
62 74 0.902748
62 75 0.610548
62 76 0.158120
62 77 0.909091
62 78 0.723154
62 79 0.529577
62 80 0.459207
62 81 0.130346
62 82 0.808017
62 83 0.647059
62 84 0.614953
62 85 0.364103
62 86 0.347222
62 87 0.674464
62 88 0.269639
62 89 0.697391
62 90 0.768085
62 91 0.368313
62 92 0.494792
62 93 0.801980
62 94 0.524085
62 95 0.398524
62 96 0.195219
62 97 0.827320
62 98 0.757469
62 99 0.886538
63 64 0.393868
63 65 0.500904
63 66 0.412098
63 67 0.358911
63 68 0.195335
63 69 0.434859
63 70 0.105114
63 71 0.549912
63 72 0.517483
63 73 0.412766
63 74 0.458774
63 75 0.472617
63 76 0.303419
63 77 0.495164
63 78 0.441275
63 79 0.222535
63 80 0.356643
63 81 0.411405
63 82 0.472574
63 83 0.292017
63 84 0.514019
63 85 0.210256
63 86 0.339286
63 87 0.345029
63 88 0.426752
63 89 0.417391
63 90 0.334043
63 91 0.318930
63 92 0.125000
63 93 0.371287
63 94 0.385356
63 95 0.400369
63 96 0.326693
63 97 0.329897
63 98 0.430580
63 99 0.500000
64 65 0.634720
64 66 0.308129
64 67 0.056931
64 68 0.556851
64 69 0.366197
64 70 0.372159
64 71 0.329247
64 72 0.653846
64 73 0.597872
64 74 0.103594
64 75 0.519270
64 76 0.658120
64 77 0.241779
64 78 0.431208
64 79 0.560563
64 80 0.571096
64 81 0.718941
64 82 0.303797
64 83 0.407563
64 84 0.547664
64 85 0.605128
64 86 0.642857
64 87 0.405458
64 88 0.698514
64 89 0.440000
64 90 0.268085
64 91 0.629630
64 92 0.544271
64 93 0.254950
64 94 0.601156
64 95 0.662362
64 96 0.659363
64 97 0.193299
64 98 0.376098
64 99 0.192308
65 66 0.903592
65 67 0.819307
65 68 0.612245
65 69 0.906690
65 70 0.838068
65 71 0.607706
65 72 0.040210
65 73 0.176596
65 74 0.820296
65 75 0.229209
65 76 0.544872
65 77 0.918762
65 78 0.904362
65 79 0.557746
65 80 0.289044
65 81 0.386965
65 82 0.544304
65 83 0.873950
65 84 0.200000
65 85 0.561538
65 86 0.751984
65 87 0.884990
65 88 0.271762
65 89 0.899130
65 90 0.889362
65 91 0.765432
65 92 0.783854
65 93 0.618812
65 94 0.872832
65 95 0.795203
65 96 0.625498
65 97 0.711340
65 98 0.905097
65 99 0.738462
66 67 0.418317
66 68 0.810496
66 69 0.079225
66 70 0.534091
66 71 0.597198
66 72 0.872378
66 73 0.848936
66 74 0.363636
66 75 0.813387
66 76 0.737179
66 77 0.195358
66 78 0.167785
66 79 0.814085
66 80 0.832168
66 81 0.853360
66 82 0.649789
66 83 0.254202
66 84 0.826168
66 85 0.771795
66 86 0.585317
66 87 0.192982
66 88 0.889597
66 89 0.186087
66 90 0.131915
66 91 0.574074
66 92 0.596354
66 93 0.628713
66 94 0.452794
66 95 0.568266
66 96 0.677291
66 97 0.564433
66 98 0.093146
66 99 0.451923
67 68 0.489796
67 69 0.375000
67 70 0.312500
67 71 0.341506
67 72 0.618881
67 73 0.553191
67 74 0.152220
67 75 0.486815
67 76 0.608974
67 77 0.276596
67 78 0.434564
67 79 0.495775
67 80 0.519814
67 81 0.670061
67 82 0.293249
67 83 0.388655
67 84 0.519626
67 85 0.546154
67 86 0.605159
67 87 0.395712
67 88 0.649682
67 89 0.436522
67 90 0.263830
67 91 0.590535
67 92 0.489583
67 93 0.215347
67 94 0.576108
67 95 0.630996
67 96 0.617530
67 97 0.141753
67 98 0.383128
67 99 0.225000
68 69 0.545775
68 70 0.252841
68 71 0.523643
68 72 0.398601
68 73 0.270213
68 74 0.507400
68 75 0.350913
68 76 0.279915
68 77 0.580271
68 78 0.552013
68 79 0.033803
68 80 0.200466
68 81 0.327902
68 82 0.419831
68 83 0.432773
68 84 0.400000
68 85 0.130769
68 86 0.410714
68 87 0.475634
68 88 0.303609
68 89 0.533913
68 90 0.459574
68 91 0.399177
68 92 0.255208
68 93 0.331683
68 94 0.493256
68 95 0.476015
68 96 0.346614
68 97 0.332474
68 98 0.543058
68 99 0.517308
69 70 0.627841
69 71 0.676007
69 72 0.935315
69 73 0.923404
69 74 0.456660
69 75 0.896552
69 76 0.777778
69 77 0.264990
69 78 0.100671
69 79 0.907042
69 80 0.913753
69 81 0.900204
69 82 0.742616
69 83 0.268908
69 84 0.902804
69 85 0.838462
69 86 0.591270
69 87 0.187135
69 88 0.951168
69 89 0.132174
69 90 0.206383
69 91 0.584362
69 92 0.651042
69 93 0.735149
69 94 0.435453
69 95 0.560886
69 96 0.699203
69 97 0.672680
69 98 0.021090
69 99 0.536538
70 71 0.504378
70 72 0.550699
70 73 0.453191
70 74 0.380550
70 75 0.480730
70 76 0.384615
70 77 0.423598
70 78 0.407718
70 79 0.284507
70 80 0.398601
70 81 0.484725
70 82 0.430380
70 83 0.266807
70 84 0.521495
70 85 0.300000
70 86 0.392857
70 87 0.315789
70 88 0.490446
70 89 0.389565
70 90 0.268085
70 91 0.372428
70 92 0.203125
70 93 0.319307
70 94 0.406551
70 95 0.442804
70 96 0.398406
70 97 0.260309
70 98 0.386643
70 99 0.434615
71 72 0.646853
71 73 0.670213
71 74 0.359408
71 75 0.476673
71 76 0.920940
71 77 0.512573
71 78 0.739933
71 79 0.842254
71 80 0.696970
71 81 0.896130
71 82 0.217300
71 83 0.798319
71 84 0.463551
71 85 0.900000
71 86 0.962302
71 87 0.771930
71 88 0.834395
71 89 0.763478
71 90 0.665957
71 91 0.965021
71 92 0.945312
71 93 0.413366
71 94 0.949904
71 95 0.974170
71 96 0.938247
71 97 0.479381
71 98 0.692443
71 99 0.211538
72 73 0.214894
72 74 0.868922
72 75 0.275862
72 76 0.561966
72 77 0.963250
72 78 0.936242
72 79 0.608451
72 80 0.333333
72 81 0.393075
72 82 0.592827
72 83 0.911765
72 84 0.237383
72 85 0.597436
72 86 0.773810
72 87 0.922027
72 88 0.282378
72 89 0.932174
72 90 0.931915
72 91 0.788066
72 92 0.825521
72 93 0.678218
72 94 0.897881
72 95 0.813653
72 96 0.641434
72 97 0.770619
72 98 0.940246
72 99 0.782692
73 74 0.682875
73 75 0.196755
73 76 0.399573
73 77 0.779497
73 78 0.765101
73 79 0.323944
73 80 0.095571
73 81 0.293279
73 82 0.455696
73 83 0.699580
73 84 0.229907
73 85 0.353846
73 86 0.603175
73 87 0.723197
73 88 0.178344
73 89 0.754783
73 90 0.717021
73 91 0.606996
73 92 0.570312
73 93 0.465347
73 94 0.718690
73 95 0.656827
73 96 0.488048
73 97 0.533505
73 98 0.762742
73 99 0.634615
74 75 0.580122
74 76 0.764957
74 77 0.197292
74 78 0.456376
74 79 0.695775
74 80 0.673660
74 81 0.816701
74 82 0.331224
74 83 0.481092
74 84 0.598131
74 85 0.733333
74 86 0.734127
74 87 0.461988
74 88 0.798301
74 89 0.473043
74 90 0.321277
74 91 0.724280
74 92 0.669271
74 93 0.339109
74 94 0.676301
74 95 0.743542
74 96 0.756972
74 97 0.301546
74 98 0.395431
74 99 0.123077
75 76 0.581197
75 77 0.736944
75 78 0.798658
75 79 0.461972
75 80 0.249417
75 81 0.492872
75 82 0.308017
75 83 0.764706
75 84 0.078505
75 85 0.530769
75 86 0.748016
75 87 0.775828
75 88 0.384289
75 89 0.798261
75 90 0.734043
75 91 0.751029
75 92 0.705729
75 93 0.378713
75 94 0.828516
75 95 0.789668
75 96 0.653386
75 97 0.476804
75 98 0.782074
75 99 0.528846
76 77 0.765957
76 78 0.605705
76 79 0.369014
76 80 0.382284
76 81 0.181263
76 82 0.696203
76 83 0.497899
76 84 0.573832
76 85 0.202564
76 86 0.253968
76 87 0.536062
76 88 0.278132
76 89 0.577391
76 90 0.610638
76 91 0.257202
76 92 0.302083
76 93 0.655941
76 94 0.418112
76 95 0.328413
76 96 0.117530
76 97 0.659794
76 98 0.630931
76 99 0.759615
77 78 0.332215
77 79 0.870423
77 80 0.850816
77 81 0.928717
77 82 0.546414
77 83 0.432773
77 84 0.779439
77 85 0.861538
77 86 0.742063
77 87 0.380117
77 88 0.940552
77 89 0.361739
77 90 0.259574
77 91 0.732510
77 92 0.736979
77 93 0.564356
77 94 0.631985
77 95 0.728782
77 96 0.804781
77 97 0.512887
77 98 0.261863
77 99 0.296154
78 79 0.960563
78 80 0.965035
78 81 0.906314
78 82 0.841772
78 83 0.266807
78 84 0.968224
78 85 0.864103
78 86 0.547619
78 87 0.169591
78 88 0.976645
78 89 0.053913
78 90 0.287234
78 91 0.543210
78 92 0.661458
78 93 0.836634
78 94 0.368015
78 95 0.501845
78 96 0.675299
78 97 0.778351
78 98 0.086116
78 99 0.644231
79 80 0.172494
79 81 0.313646
79 82 0.417722
79 83 0.457983
79 84 0.383178
79 85 0.133333
79 86 0.426587
79 87 0.499025
79 88 0.282378
79 89 0.554783
79 90 0.482979
79 91 0.415638
79 92 0.281250
79 93 0.336634
79 94 0.514451
79 95 0.490775
79 96 0.352590
79 97 0.345361
79 98 0.564148
79 99 0.526923
80 81 0.291242
80 82 0.413502
80 83 0.613445
80 84 0.267290
80 85 0.266667
80 86 0.543651
80 87 0.643275
80 88 0.199575
80 89 0.683478
80 90 0.629787
80 91 0.541152
80 92 0.468750
80 93 0.388614
80 94 0.647399
80 95 0.601476
80 96 0.440239
80 97 0.440722
80 98 0.688928
80 99 0.578846
81 82 0.710970
81 83 0.670168
81 84 0.499065
81 85 0.307692
81 86 0.428571
81 87 0.697856
81 88 0.133758
81 89 0.725217
81 90 0.761702
81 91 0.442387
81 92 0.502604
81 93 0.707921
81 94 0.591522
81 95 0.483395
81 96 0.276892
81 97 0.742268
81 98 0.769772
81 99 0.821154
82 83 0.661765
82 84 0.319626
82 85 0.643590
82 86 0.783730
82 87 0.658869
82 88 0.617834
82 89 0.678261
82 90 0.561702
82 91 0.779835
82 92 0.708333
82 93 0.183168
82 94 0.799615
82 95 0.813653
82 96 0.743028
82 97 0.270619
82 98 0.629174
82 99 0.250000
83 84 0.760748
83 85 0.538462
83 86 0.345238
83 87 0.076023
83 88 0.704883
83 89 0.175652
83 90 0.178723
83 91 0.325103
83 92 0.330729
83 93 0.603960
83 94 0.238921
83 95 0.350554
83 96 0.442231
83 97 0.541237
83 98 0.214411
83 99 0.559615
84 85 0.630769
84 86 0.825397
84 87 0.859649
84 88 0.433121
84 89 0.871304
84 90 0.821277
84 91 0.833333
84 92 0.815104
84 93 0.470297
84 94 0.907514
84 95 0.863469
84 96 0.725100
84 97 0.577320
84 98 0.854130
84 99 0.580769
85 86 0.337302
85 87 0.487329
85 88 0.259023
85 89 0.542609
85 90 0.508511
85 91 0.327160
85 92 0.221354
85 93 0.460396
85 94 0.450867
85 95 0.409594
85 96 0.249004
85 97 0.461340
85 98 0.569420
85 99 0.613462
86 87 0.393762
86 88 0.552017
86 89 0.426087
86 90 0.536170
86 91 0.034979
86 92 0.317708
86 93 0.794554
86 94 0.188825
86 95 0.095941
86 96 0.153386
86 97 0.770619
86 98 0.509666
86 99 0.811538
87 88 0.789809
87 89 0.109565
87 90 0.180851
87 91 0.386831
87 92 0.432292
87 93 0.670792
87 94 0.260116
87 95 0.387454
87 96 0.511952
87 97 0.605670
87 98 0.154657
87 99 0.578846
88 89 0.754783
88 90 0.759574
88 91 0.524691
88 92 0.536458
88 93 0.616337
88 94 0.660886
88 95 0.571956
88 96 0.376494
88 97 0.667526
88 98 0.783831
88 99 0.755769
89 90 0.270213
89 91 0.479424
89 92 0.591146
89 93 0.806931
89 94 0.310212
89 95 0.444649
89 96 0.615538
89 97 0.747423
89 98 0.112478
89 99 0.648077
90 91 0.481481
90 92 0.445312
90 93 0.502475
90 94 0.402697
90 95 0.503690
90 96 0.571713
90 97 0.430412
90 98 0.173989
90 99 0.413462
91 92 0.276042
91 93 0.754950
91 94 0.179191
91 95 0.116236
91 96 0.161355
91 97 0.726804
91 98 0.485062
91 99 0.778846
92 93 0.492574
92 94 0.304432
92 95 0.309963
92 96 0.245020
92 97 0.453608
92 98 0.430580
92 99 0.586538
93 94 0.657033
93 95 0.677122
93 96 0.605578
93 97 0.092784
93 98 0.528998
93 99 0.276923
94 95 0.149446
94 96 0.346614
94 97 0.801546
94 98 0.379613
94 99 0.790385
95 96 0.243028
95 97 0.881443
95 98 0.516696
95 99 0.882692
96 97 0.744845
96 98 0.604569
96 99 0.817308
97 98 0.465729
97 99 0.269231
98 99 0.553846
