100 4950
0 1 0.997881
0 2 0.998131
0 3 0.315789
0 4 0.998099
0 5 0.998217
0 6 0.905724
0 7 0.367580
0 8 0.498866
0 9 0.996721
0 10 0.730435
0 11 0.998051
0 12 0.998264
0 13 0.998243
0 14 0.997579
0 15 0.997743
0 16 0.500000
0 17 0.817181
0 18 0.997260
0 19 0.708229
0 20 0.997006
0 21 0.996988
0 22 0.718690
0 23 0.241667
0 24 0.209615
0 25 0.998279
0 26 0.997436
0 27 0.634615
0 28 0.997955
0 29 0.993243
0 30 0.251586
0 31 0.924686
0 32 0.727434
0 33 0.998162
0 34 0.793750
0 35 0.998077
0 36 0.927273
0 37 0.998031
0 38 0.229126
0 39 0.997773
0 40 0.646893
0 41 0.965087
0 42 0.934641
0 43 0.997859
0 44 0.601966
0 45 0.536957
0 46 0.361050
0 47 0.997807
0 48 0.961905
0 49 0.392344
0 50 0.281124
0 51 0.676815
0 52 0.996845
0 53 0.853608
0 54 0.750000
0 55 0.864865
0 56 0.433551
0 57 0.996997
0 58 0.997917
0 59 0.393214
0 60 0.600372
0 61 0.600000
0 62 0.997701
0 63 0.712281
0 64 0.997988
0 65 0.443694
0 66 0.998233
0 67 0.889849
0 68 0.225673
0 69 0.973770
0 70 0.047059
0 71 0.750567
0 72 0.971374
0 73 0.694882
0 74 0.341373
0 75 0.202062
0 76 0.492857
0 77 0.206186
0 78 0.977688
0 79 0.983122
0 80 0.684391
0 81 0.776256
0 82 0.788333
0 83 0.989247
0 84 0.603476
0 85 0.988722
0 86 0.979066
0 87 0.302326
0 88 0.662404
0 89 0.968354
0 90 0.980769
0 91 0.964583
0 92 0.985801
0 93 0.965932
0 94 0.477228
0 95 0.300830
0 96 0.199634
0 97 0.844311
0 98 0.145188
0 99 0.395506
1 2 0.583178
1 3 0.997807
1 4 0.319392
1 5 0.634581
1 6 0.929293
1 7 0.710046
1 8 0.578231
1 9 0.931148
1 10 0.378261
1 11 0.582846
1 12 0.449653
1 13 0.653779
1 14 0.142857
1 15 0.067720
1 16 0.553097
1 17 0.995595
1 18 0.419178
1 19 0.997506
1 20 0.455090
1 21 0.924699
1 22 0.998073
1 23 0.739583
1 24 0.709615
1 25 0.631670
1 26 0.925641
1 27 0.758242
1 28 0.300613
1 29 0.868243
1 30 0.761099
1 31 0.085774
1 32 0.256637
1 33 0.536765
1 34 0.200000
1 35 0.613462
1 36 0.854545
1 37 0.505906
1 38 0.904854
1 39 0.447661
1 40 0.853107
1 41 0.294264
1 42 0.814815
1 43 0.304069
1 44 0.943489
1 45 0.956522
1 46 0.669584
1 47 0.478070
1 48 0.853968
1 49 0.825359
1 50 0.925703
1 51 0.911007
1 52 0.703470
1 53 0.843299
1 54 0.228346
1 55 0.837838
1 56 0.986928
1 57 0.675676
1 58 0.141667
1 59 0.986028
1 60 0.934944
1 61 0.953247
1 62 0.383908
1 63 0.898246
1 64 0.162978
1 65 0.975225
1 66 0.650177
1 67 0.136069
1 68 0.869565
1 69 0.760656
1 70 0.784874
1 71 0.879819
1 72 0.614504
1 73 0.289370
1 74 0.597403
1 75 0.802062
1 76 0.978571
1 77 0.785567
1 78 0.509128
1 79 0.390295
1 80 0.910806
1 81 0.872146
1 82 0.160000
1 83 0.283871
1 84 0.898894
1 85 0.321429
1 86 0.547504
1 87 0.835095
1 88 0.567775
1 89 0.651899
1 90 0.500000
1 91 0.714583
1 92 0.365112
1 93 0.703407
1 94 0.510891
1 95 0.682573
1 96 0.866300
1 97 0.135729
1 98 0.693312
1 99 0.687640
2 3 0.947368
2 4 0.298479
2 5 0.078431
2 6 0.895623
2 7 0.922374
2 8 0.913832
2 9 0.754098
2 10 0.906522
2 11 0.042885
2 12 0.166667
2 13 0.105448
2 14 0.767554
2 15 0.693002
2 16 0.887168
2 17 0.596916
2 18 0.630137
2 19 0.728180
2 20 0.832335
2 21 0.620482
2 22 0.655106
2 23 0.914583
2 24 0.917308
2 25 0.099828
2 26 0.456410
2 27 0.854396
2 28 0.337423
2 29 0.824324
2 30 0.894292
2 31 0.587866
2 32 0.768142
2 33 0.051471
2 34 0.714583
2 35 0.042308
2 36 0.687879
2 37 0.106299
2 38 0.889320
2 39 0.273942
2 40 0.861582
2 41 0.600998
2 42 0.333333
2 43 0.364026
2 44 0.766585
2 45 0.758696
2 46 0.881838
2 47 0.232456
2 48 0.733333
2 49 0.885167
2 50 0.881526
2 51 0.658080
2 52 0.735016
2 53 0.406186
2 54 0.748031
2 55 0.427928
2 56 0.856209
2 57 0.639640
2 58 0.510417
2 59 0.862275
2 60 0.661710
2 61 0.818182
2 62 0.363218
2 63 0.545614
2 64 0.474849
2 65 0.855856
2 66 0.098940
2 67 0.630670
2 68 0.896480
2 69 0.822951
2 70 0.919328
2 71 0.557823
2 72 0.066794
2 73 0.779528
2 74 0.896104
2 75 0.901031
2 76 0.850000
2 77 0.898969
2 78 0.137931
2 79 0.272152
2 80 0.579760
2 81 0.534247
2 82 0.676667
2 83 0.389247
2 84 0.622433
2 85 0.289474
2 86 0.122383
2 87 0.839323
2 88 0.810742
2 89 0.168776
2 90 0.090909
2 91 0.202083
2 92 0.265720
2 93 0.172345
2 94 0.879208
2 95 0.850622
2 96 0.858974
2 97 0.526946
2 98 0.882545
2 99 0.838202
3 4 0.876426
3 5 0.803922
3 6 0.653199
3 7 0.401826
3 8 0.560091
3 9 0.698361
3 10 0.797826
3 11 0.801170
3 12 0.852431
3 13 0.799649
3 14 0.973366
3 15 0.961625
3 16 0.557522
3 17 0.508811
3 18 0.868493
3 19 0.379052
3 20 0.907186
3 21 0.683735
3 22 0.439306
3 23 0.318750
3 24 0.353846
3 25 0.808950
3 26 0.684615
3 27 0.494505
3 28 0.873211
3 29 0.739865
3 30 0.270613
3 31 0.876569
3 32 0.778761
3 33 0.819853
3 34 0.793750
3 35 0.796154
3 36 0.654545
3 37 0.818898
3 38 0.056311
3 39 0.826281
3 40 0.446328
3 41 0.865337
3 42 0.666667
3 43 0.871520
3 44 0.297297
3 45 0.228261
3 46 0.396061
3 47 0.817982
3 48 0.698413
3 49 0.267943
3 50 0.012048
3 51 0.372365
3 52 0.791798
3 53 0.583505
3 54 0.777559
3 55 0.585586
3 56 0.119826
3 57 0.783784
3 58 0.920833
3 59 0.117764
3 60 0.332714
3 61 0.303896
3 62 0.845977
3 63 0.459649
3 64 0.917505
3 65 0.128378
3 66 0.800353
3 67 0.846652
3 68 0.111801
3 69 0.770492
3 70 0.285714
3 71 0.458050
3 72 0.769084
3 73 0.738189
3 74 0.480519
3 75 0.212371
3 76 0.180952
3 77 0.235052
3 78 0.793103
3 79 0.831224
3 80 0.437393
3 81 0.484018
3 82 0.810000
3 83 0.868817
3 84 0.377567
3 85 0.866541
3 86 0.818035
3 87 0.128964
3 88 0.601023
3 89 0.744726
3 90 0.818182
3 91 0.727083
3 92 0.841785
3 93 0.735471
3 94 0.576238
3 95 0.325726
3 96 0.075092
3 97 0.786427
3 98 0.345840
3 99 0.359551
4 5 0.354724
4 6 0.902357
4 7 0.847032
4 8 0.775510
4 9 0.819672
4 10 0.676087
4 11 0.294347
4 12 0.157986
4 13 0.376098
4 14 0.464891
4 15 0.390519
4 16 0.747788
4 17 0.819383
4 18 0.446575
4 19 0.882793
4 20 0.610778
4 21 0.753012
4 22 0.855491
4 23 0.860417
4 24 0.850000
4 25 0.354561
4 26 0.694872
4 27 0.813187
4 28 0.077710
4 29 0.817568
4 30 0.858351
4 31 0.309623
4 32 0.541593
4 33 0.242647
4 34 0.475000
4 35 0.328846
4 36 0.748485
4 37 0.210630
4 38 0.933981
4 39 0.213808
4 40 0.867232
4 41 0.371571
4 42 0.579521
4 43 0.126338
4 44 0.877150
4 45 0.886957
4 46 0.805252
4 47 0.223684
4 48 0.765079
4 49 0.882775
4 50 0.939759
4 51 0.800937
4 52 0.668770
4 53 0.639175
4 54 0.515748
4 55 0.639640
4 56 0.954248
4 57 0.600601
4 58 0.208333
4 59 0.960080
4 60 0.827138
4 61 0.906494
4 62 0.213793
4 63 0.747368
4 64 0.175050
4 65 0.948198
4 66 0.372792
4 67 0.367171
4 68 0.917184
4 69 0.757377
4 70 0.890756
4 71 0.732426
4 72 0.339695
4 73 0.562992
4 74 0.782931
4 75 0.884536
4 76 0.945238
4 77 0.876289
4 78 0.233266
4 79 0.147679
4 80 0.771870
4 81 0.714612
4 82 0.440000
4 83 0.144086
4 84 0.788310
4 85 0.005639
4 86 0.276973
4 87 0.866808
4 88 0.690537
4 89 0.390295
4 90 0.211538
4 91 0.458333
4 92 0.097363
4 93 0.440882
4 94 0.726733
4 95 0.794606
4 96 0.897436
4 97 0.285429
4 98 0.825449
4 99 0.784270
5 6 0.996633
5 7 0.997717
5 8 0.997732
5 9 0.842623
5 10 0.997826
5 11 0.118908
5 12 0.220486
5 13 0.026362
5 14 0.874092
5 15 0.794582
5 16 0.971239
5 17 0.594714
5 18 0.745205
5 19 0.758105
5 20 0.955090
5 21 0.689759
5 22 0.645472
5 23 0.979167
5 24 0.978846
5 25 0.032702
5 26 0.476923
5 27 0.942308
5 28 0.427403
5 29 0.932432
5 30 0.955603
5 31 0.679916
5 32 0.846018
5 33 0.121324
5 34 0.806250
5 35 0.084615
5 36 0.772727
5 37 0.194882
5 38 0.926214
5 39 0.369710
5 40 0.940678
5 41 0.708229
5 42 0.335512
5 43 0.458244
5 44 0.810811
5 45 0.784783
5 46 0.954048
5 47 0.326754
5 48 0.828571
5 49 0.952153
5 50 0.917671
5 51 0.688525
5 52 0.845426
5 53 0.400000
5 54 0.834646
5 55 0.443694
5 56 0.888889
5 57 0.747748
5 58 0.602083
5 59 0.888224
5 60 0.665428
5 61 0.870130
5 62 0.464368
5 63 0.531579
5 64 0.563380
5 65 0.891892
5 66 0.021201
5 67 0.725702
5 68 0.944099
5 69 0.934426
5 70 0.966387
5 71 0.580499
5 72 0.097328
5 73 0.864173
5 74 0.964750
5 75 0.956701
5 76 0.892857
5 77 0.958763
5 78 0.225152
5 79 0.364979
5 80 0.566038
5 81 0.557078
5 82 0.751667
5 83 0.483871
5 84 0.612954
5 85 0.366541
5 86 0.117552
5 87 0.887949
5 88 0.905371
5 89 0.213080
5 90 0.143357
5 91 0.212500
5 92 0.354970
5 93 0.172345
5 94 0.956436
5 95 0.914938
5 96 0.895604
5 97 0.614770
5 98 0.933116
5 99 0.907865
6 7 0.326484
6 8 0.380952
6 9 0.134426
6 10 0.536957
6 11 0.475634
6 12 0.531250
6 13 0.536028
6 14 0.559322
6 15 0.562077
6 16 0.373894
6 17 0.451542
6 18 0.347945
6 19 0.324190
6 20 0.386228
6 21 0.237952
6 22 0.499037
6 23 0.360417
6 24 0.409615
6 25 0.543890
6 26 0.400000
6 27 0.134615
6 28 0.476483
6 29 0.084459
6 30 0.329810
6 31 0.493724
6 32 0.539823
6 33 0.501838
6 34 0.464583
6 35 0.486538
6 36 0.127273
6 37 0.466535
6 38 0.411650
6 39 0.403118
6 40 0.112994
6 41 0.399002
6 42 0.418301
6 43 0.456103
6 44 0.262899
6 45 0.356522
6 46 0.312910
6 47 0.407895
6 48 0.107937
6 49 0.251196
6 50 0.401606
6 51 0.283372
6 52 0.182965
6 53 0.412371
6 54 0.490157
6 55 0.358108
6 56 0.389978
6 57 0.201201
6 58 0.525000
6 59 0.441118
6 60 0.433086
6 61 0.233766
6 62 0.400000
6 63 0.464912
6 64 0.531187
6 65 0.360360
6 66 0.533569
6 67 0.464363
6 68 0.364389
6 69 0.144262
6 70 0.470588
6 71 0.312925
6 72 0.465649
6 73 0.476378
6 74 0.439703
6 75 0.352577
6 76 0.323810
6 77 0.350515
6 78 0.430020
6 79 0.426160
6 80 0.475129
6 81 0.312785
6 82 0.548333
6 83 0.451613
6 84 0.480253
6 85 0.503759
6 86 0.545894
6 87 0.300211
6 88 0.235294
6 89 0.413502
6 90 0.508741
6 91 0.433333
6 92 0.452333
6 93 0.452906
6 94 0.433663
6 95 0.300830
6 96 0.406593
6 97 0.419162
6 98 0.450245
6 99 0.244944
7 8 0.160998
7 9 0.606557
7 10 0.421739
7 11 0.744639
7 12 0.744792
7 13 0.785589
7 14 0.612591
7 15 0.634312
7 16 0.170354
7 17 0.702643
7 18 0.569863
7 19 0.566085
7 20 0.517964
7 21 0.665663
7 22 0.678227
7 23 0.091667
7 24 0.138462
7 25 0.786575
7 26 0.756410
7 27 0.258242
7 28 0.680982
7 29 0.543919
7 30 0.107822
7 31 0.587866
7 32 0.474336
7 33 0.748162
7 34 0.464583
7 35 0.755769
7 36 0.563636
7 37 0.724409
7 38 0.337864
7 39 0.672606
7 40 0.322034
7 41 0.566085
7 42 0.725490
7 43 0.665953
7 44 0.457002
7 45 0.489130
7 46 0.010941
7 47 0.684211
7 48 0.561905
7 49 0.188995
7 50 0.359438
7 51 0.526932
7 52 0.542587
7 53 0.688660
7 54 0.450787
7 55 0.664414
7 56 0.442266
7 57 0.573574
7 58 0.662500
7 59 0.461078
7 60 0.578067
7 61 0.423377
7 62 0.650575
7 63 0.652632
7 64 0.676056
7 65 0.421171
7 66 0.784452
7 67 0.542117
7 68 0.258799
7 69 0.504918
7 70 0.268908
7 71 0.587302
7 72 0.734733
7 73 0.403543
7 74 0.187384
7 75 0.169072
7 76 0.421429
7 77 0.148454
7 78 0.697769
7 79 0.668776
7 80 0.644940
7 81 0.600457
7 82 0.536667
7 83 0.653763
7 84 0.605055
7 85 0.697368
7 86 0.763285
7 87 0.251586
7 88 0.258312
7 89 0.713080
7 90 0.737762
7 91 0.733333
7 92 0.679513
7 93 0.741483
7 94 0.229703
7 95 0.039419
7 96 0.324176
7 97 0.522954
7 98 0.223491
7 99 0.080899
8 9 0.681967
8 10 0.265217
8 11 0.742690
8 12 0.713542
8 13 0.794376
8 14 0.474576
8 15 0.510158
8 16 0.013274
8 17 0.806167
8 18 0.498630
8 19 0.693267
8 20 0.410180
8 21 0.743976
8 22 0.784200
8 23 0.225000
8 24 0.219231
8 25 0.790017
8 26 0.830769
8 27 0.335165
8 28 0.621677
8 29 0.594595
8 30 0.260042
8 31 0.483264
8 32 0.348673
8 33 0.737132
8 34 0.337500
8 35 0.761538
8 36 0.630303
8 37 0.708661
8 38 0.475728
8 39 0.643653
8 40 0.432203
8 41 0.478803
8 42 0.779956
8 43 0.605996
8 44 0.589681
8 45 0.621739
8 46 0.144420
8 47 0.662281
8 48 0.619048
8 49 0.342105
8 50 0.502008
8 51 0.639344
8 52 0.545741
8 53 0.758763
8 54 0.318898
8 55 0.736486
8 56 0.588235
8 57 0.576577
8 58 0.570833
8 59 0.600798
8 60 0.687732
8 61 0.563636
8 62 0.604598
8 63 0.740351
8 64 0.589537
8 65 0.569820
8 66 0.793286
8 67 0.429806
8 68 0.407867
8 69 0.518033
8 70 0.357983
8 71 0.680272
8 72 0.744275
8 73 0.265748
8 74 0.150278
8 75 0.315464
8 76 0.571429
8 77 0.292784
8 78 0.685598
8 79 0.628692
8 80 0.737564
8 81 0.689498
8 82 0.423333
8 83 0.589247
8 84 0.699842
8 85 0.644737
8 86 0.752013
8 87 0.397463
8 88 0.219949
8 89 0.729958
8 90 0.720280
8 91 0.764583
8 92 0.634888
8 93 0.769539
8 94 0.104950
8 95 0.186722
8 96 0.454212
8 97 0.431138
8 98 0.278956
8 99 0.204494
9 10 0.604348
9 11 0.403509
9 12 0.482639
9 13 0.467487
9 14 0.593220
9 15 0.586907
9 16 0.462389
9 17 0.387665
9 18 0.358904
9 19 0.286783
9 20 0.440120
9 21 0.117470
9 22 0.454721
9 23 0.443750
9 24 0.488462
9 25 0.476764
9 26 0.297436
9 27 0.250000
9 28 0.447853
9 29 0.118243
9 30 0.410148
9 31 0.508368
9 32 0.585841
9 33 0.439338
9 34 0.506250
9 35 0.413462
9 36 0.009091
9 37 0.403543
9 38 0.456311
9 39 0.351893
9 40 0.214689
9 41 0.413965
9 42 0.328976
9 43 0.428266
9 44 0.262899
9 45 0.350000
9 46 0.404814
9 47 0.348684
9 48 0.050794
9 49 0.334928
9 50 0.441767
9 51 0.243560
9 52 0.195584
9 53 0.334021
9 54 0.537402
9 55 0.270270
9 56 0.409586
9 57 0.177177
9 58 0.520833
9 59 0.461078
9 60 0.405204
9 61 0.254545
9 62 0.365517
9 63 0.417544
9 64 0.523139
9 65 0.382883
9 66 0.464664
9 67 0.488121
9 68 0.424431
9 69 0.200000
9 70 0.532773
9 71 0.247166
9 72 0.393130
9 73 0.531496
9 74 0.515770
9 75 0.426804
9 76 0.347619
9 77 0.426804
9 78 0.365112
9 79 0.381857
9 80 0.433962
9 81 0.242009
9 82 0.578333
9 83 0.427957
9 84 0.450237
9 85 0.468045
9 86 0.489533
9 87 0.357294
9 88 0.324808
9 89 0.329114
9 90 0.451049
9 91 0.347917
9 92 0.411765
9 93 0.370741
9 94 0.512871
9 95 0.385892
9 96 0.450549
9 97 0.431138
9 98 0.515498
9 99 0.337079
10 11 0.775828
10 12 0.687500
10 13 0.833040
10 14 0.297821
10 15 0.340858
10 16 0.256637
10 17 0.997797
10 18 0.517808
10 19 0.932668
10 20 0.431138
10 21 0.948795
10 22 0.971098
10 23 0.477083
10 24 0.436538
10 25 0.817556
10 26 0.997436
10 27 0.593407
10 28 0.568507
10 29 0.820946
10 30 0.517970
10 31 0.351464
10 32 0.132743
10 33 0.748162
10 34 0.175000
10 35 0.800000
10 36 0.839394
10 37 0.718504
10 38 0.714563
10 39 0.654788
10 40 0.703390
10 41 0.436409
10 42 0.908497
10 43 0.558887
10 44 0.840295
10 45 0.854348
10 46 0.411379
10 47 0.679825
10 48 0.831746
10 49 0.619617
10 50 0.744980
10 51 0.857143
10 52 0.700315
10 53 0.903093
10 54 0.114173
10 55 0.889640
10 56 0.838780
10 57 0.714715
10 58 0.458333
10 59 0.838323
10 60 0.881041
10 61 0.828571
10 62 0.595402
10 63 0.900000
10 64 0.478873
10 65 0.826577
10 66 0.830389
10 67 0.304536
10 68 0.660455
10 69 0.711475
10 70 0.546218
10 71 0.873016
10 72 0.790076
10 73 0.051181
10 74 0.298701
10 75 0.567010
10 76 0.835714
10 77 0.546392
10 78 0.707911
10 79 0.616034
10 80 0.898799
10 81 0.874429
10 82 0.233333
10 83 0.537634
10 84 0.862559
10 85 0.588346
10 86 0.752013
10 87 0.649049
10 88 0.398977
10 89 0.803797
10 90 0.716783
10 91 0.852083
10 92 0.608519
10 93 0.847695
10 94 0.192079
10 95 0.441909
10 96 0.679487
10 97 0.335329
10 98 0.443719
10 99 0.467416
11 12 0.178819
11 13 0.133568
11 14 0.728814
11 15 0.661400
11 16 0.838496
11 17 0.563877
11 18 0.575342
11 19 0.678304
11 20 0.772455
11 21 0.554217
11 22 0.628131
11 23 0.866667
11 24 0.873077
11 25 0.134251
11 26 0.410256
11 27 0.793956
11 28 0.314928
11 29 0.750000
11 30 0.845666
11 31 0.558577
11 32 0.738053
11 33 0.071691
11 34 0.679167
11 35 0.038462
11 36 0.621212
11 37 0.086614
11 38 0.846602
11 39 0.233853
11 40 0.796610
11 41 0.556110
11 42 0.300654
11 43 0.336188
11 44 0.714988
11 45 0.717391
11 46 0.831510
11 47 0.192982
11 48 0.663492
11 49 0.832536
11 50 0.837349
11 51 0.611241
11 52 0.662461
11 53 0.377320
11 54 0.714567
11 55 0.387387
11 56 0.810458
11 57 0.573574
11 58 0.485417
11 59 0.822355
11 60 0.631970
11 61 0.761039
11 62 0.324138
11 63 0.524561
11 64 0.454728
11 65 0.808559
11 66 0.127208
11 67 0.596112
11 68 0.850932
11 69 0.747541
11 70 0.880672
11 71 0.514739
11 72 0.049618
11 73 0.744094
11 74 0.855288
11 75 0.853608
11 76 0.800000
11 77 0.853608
11 78 0.101420
11 79 0.240506
11 80 0.557461
11 81 0.490868
11 82 0.655000
11 83 0.359140
11 84 0.601896
11 85 0.278195
11 86 0.156200
11 87 0.792812
11 88 0.754476
11 89 0.126582
11 90 0.111888
11 91 0.172917
11 92 0.243408
11 93 0.152305
11 94 0.835644
11 95 0.802905
11 96 0.820513
11 97 0.495010
11 98 0.845024
11 99 0.786517
12 13 0.247803
12 14 0.680387
12 15 0.593679
12 16 0.902655
12 17 0.786344
12 18 0.624658
12 19 0.905237
12 20 0.823353
12 21 0.798193
12 22 0.824663
12 23 0.977083
12 24 0.965385
12 25 0.220310
12 26 0.664103
12 27 0.945055
12 28 0.241309
12 29 0.949324
12 30 0.966173
12 31 0.497908
12 32 0.700885
12 33 0.123162
12 34 0.654167
12 35 0.223077
12 36 0.833333
12 37 0.149606
12 38 0.998058
12 39 0.282851
12 40 0.977401
12 41 0.561097
12 42 0.525054
12 43 0.289079
12 44 0.921376
12 45 0.913043
12 46 0.934354
12 47 0.263158
12 48 0.869841
12 49 0.985646
12 50 0.997992
12 51 0.822014
12 52 0.817035
12 53 0.589691
12 54 0.688976
12 55 0.612613
12 56 0.997821
12 57 0.726727
12 58 0.397917
12 59 0.998004
12 60 0.817844
12 61 0.968831
12 62 0.340230
12 63 0.707018
12 64 0.358149
12 65 0.997748
12 66 0.243816
12 67 0.557235
12 68 0.997930
12 69 0.911475
12 70 0.979832
12 71 0.730159
12 72 0.244275
12 73 0.732283
12 74 0.914657
12 75 0.981443
12 76 0.997619
12 77 0.977320
12 78 0.202840
12 79 0.238397
12 80 0.735849
12 81 0.710046
12 82 0.591667
12 83 0.313978
12 84 0.764613
12 85 0.165414
12 86 0.132045
12 87 0.945032
12 88 0.849105
12 89 0.335443
12 90 0.078671
12 91 0.387500
12 92 0.200811
12 93 0.358717
12 94 0.877228
12 95 0.910788
12 96 0.959707
12 97 0.457086
12 98 0.924959
12 99 0.905618
13 14 0.910412
13 15 0.828442
13 16 0.997788
13 17 0.590308
13 18 0.783562
13 19 0.765586
13 20 0.997006
13 21 0.710843
13 22 0.639692
13 23 0.997917
13 24 0.998077
13 25 0.032702
13 26 0.484615
13 27 0.969780
13 28 0.458078
13 29 0.966216
13 30 0.974630
13 31 0.713389
13 32 0.872566
13 33 0.148897
13 34 0.837500
13 35 0.111538
13 36 0.800000
13 37 0.224409
13 38 0.935922
13 39 0.403118
13 40 0.966102
13 41 0.745636
13 42 0.337691
13 43 0.492505
13 44 0.820639
13 45 0.791304
13 46 0.978118
13 47 0.359649
13 48 0.860317
13 49 0.971292
13 50 0.927711
13 51 0.697892
13 52 0.883281
13 53 0.397938
13 54 0.864173
13 55 0.448198
13 56 0.895425
13 57 0.780781
13 58 0.633333
13 59 0.894212
13 60 0.661710
13 61 0.885714
13 62 0.498851
13 63 0.522807
13 64 0.595573
13 65 0.900901
13 66 0.007067
13 67 0.758099
13 68 0.958592
13 69 0.970492
13 70 0.979832
13 71 0.585034
13 72 0.118321
13 73 0.893701
13 74 0.985158
13 75 0.973196
13 76 0.902381
13 77 0.975258
13 78 0.255578
13 79 0.398734
13 80 0.557461
13 81 0.563927
13 82 0.776667
13 83 0.518280
13 84 0.606635
13 85 0.396617
13 86 0.130435
13 87 0.902748
13 88 0.936061
13 89 0.229958
13 90 0.169580
13 91 0.220833
13 92 0.387424
13 93 0.178357
13 94 0.980198
13 95 0.935685
13 96 0.904762
13 97 0.646707
13 98 0.949429
13 99 0.930337
14 15 0.067720
14 16 0.420354
14 17 0.922907
14 18 0.323288
14 19 0.895262
14 20 0.305389
14 21 0.822289
14 22 0.928709
14 23 0.616667
14 24 0.596154
14 25 0.645439
14 26 0.858974
14 27 0.615385
14 28 0.331288
14 29 0.722973
14 30 0.638478
14 31 0.094142
14 32 0.207080
14 33 0.555147
14 34 0.081250
14 35 0.615385
14 36 0.736364
14 37 0.517717
14 38 0.798058
14 39 0.438753
14 40 0.711864
14 41 0.216958
14 42 0.771242
14 43 0.319058
14 44 0.832924
14 45 0.858696
14 46 0.542670
14 47 0.469298
14 48 0.726984
14 49 0.696172
14 50 0.817269
14 51 0.817330
14 52 0.574132
14 53 0.793814
14 54 0.135827
14 55 0.777027
14 56 0.877996
14 57 0.567568
14 58 0.200000
14 59 0.884232
14 60 0.860595
14 61 0.831169
14 62 0.367816
14 63 0.842105
14 64 0.231388
14 65 0.864865
14 66 0.657244
14 67 0.053996
14 68 0.753623
14 69 0.616393
14 70 0.685714
14 71 0.800454
14 72 0.612595
14 73 0.190945
14 74 0.489796
14 75 0.682474
14 76 0.861905
14 77 0.665979
14 78 0.509128
14 79 0.396624
14 80 0.852487
14 81 0.794521
14 82 0.171667
14 83 0.296774
14 84 0.838863
14 85 0.366541
14 86 0.574879
14 87 0.720930
14 88 0.427110
14 89 0.628692
14 90 0.526224
14 91 0.689583
14 92 0.383367
14 93 0.685371
14 94 0.396040
14 95 0.562241
14 96 0.763736
14 97 0.105788
14 98 0.597064
14 99 0.559551
15 16 0.486726
15 17 0.947137
15 18 0.353425
15 19 0.935162
15 20 0.368263
15 21 0.855422
15 22 0.953757
15 23 0.677083
15 24 0.651923
15 25 0.626506
15 26 0.876923
15 27 0.678571
15 28 0.300613
15 29 0.780405
15 30 0.697674
15 31 0.054393
15 32 0.235398
15 33 0.533088
15 34 0.143750
15 35 0.601923
15 36 0.778788
15 37 0.498031
15 38 0.848544
15 39 0.425390
15 40 0.774011
15 41 0.236908
15 42 0.779956
15 43 0.293362
15 44 0.877150
15 45 0.900000
15 46 0.603939
15 47 0.456140
15 48 0.774603
15 49 0.755981
15 50 0.867470
15 51 0.852459
15 52 0.624606
15 53 0.806186
15 54 0.185039
15 55 0.795045
15 56 0.925926
15 57 0.606607
15 58 0.152083
15 59 0.930140
15 60 0.888476
15 61 0.883117
15 62 0.358621
15 63 0.861404
15 64 0.181087
15 65 0.912162
15 66 0.641343
15 67 0.073434
15 68 0.807453
15 69 0.675410
15 70 0.736134
15 71 0.827664
15 72 0.601145
15 73 0.244094
15 74 0.545455
15 75 0.740206
15 76 0.914286
15 77 0.723711
15 78 0.494929
15 79 0.375527
15 80 0.873070
15 81 0.821918
15 82 0.166667
15 83 0.270968
15 84 0.862559
15 85 0.328947
15 86 0.549114
15 87 0.773784
15 88 0.491049
15 89 0.626582
15 90 0.501748
15 91 0.689583
15 92 0.359026
15 93 0.681363
15 94 0.455446
15 95 0.620332
15 96 0.811355
15 97 0.095808
15 98 0.646003
15 99 0.620225
16 17 0.810573
16 18 0.490411
16 19 0.700748
16 20 0.401198
16 21 0.746988
16 22 0.789981
16 23 0.237500
16 24 0.228846
16 25 0.786575
16 26 0.833333
16 27 0.340659
16 28 0.613497
16 29 0.594595
16 30 0.270613
16 31 0.472803
16 32 0.338053
16 33 0.733456
16 34 0.325000
16 35 0.757692
16 36 0.633333
16 37 0.704724
16 38 0.487379
16 39 0.639198
16 40 0.437853
16 41 0.468828
16 42 0.782135
16 43 0.599572
16 44 0.599509
16 45 0.630435
16 46 0.157549
16 47 0.655702
16 48 0.622222
16 49 0.351675
16 50 0.512048
16 51 0.646370
16 52 0.542587
16 53 0.760825
16 54 0.305118
16 55 0.738739
16 56 0.599129
16 57 0.576577
16 58 0.560417
16 59 0.610778
16 60 0.695167
16 61 0.571429
16 62 0.597701
16 63 0.745614
16 64 0.579477
16 65 0.581081
16 66 0.789753
16 67 0.419006
16 68 0.420290
16 69 0.518033
16 70 0.368067
16 71 0.687075
16 72 0.740458
16 73 0.253937
16 74 0.155844
16 75 0.327835
16 76 0.580952
16 77 0.305155
16 78 0.681542
16 79 0.622363
16 80 0.742710
16 81 0.694064
16 82 0.413333
16 83 0.582796
16 84 0.706161
16 85 0.637218
16 86 0.748792
16 87 0.408034
16 88 0.217391
16 89 0.729958
16 90 0.715035
16 91 0.762500
16 92 0.628803
16 93 0.767535
16 94 0.099010
16 95 0.199170
16 96 0.465201
16 97 0.421158
16 98 0.287113
16 99 0.215730
17 18 0.824658
17 19 0.231920
17 20 0.970060
17 21 0.439759
17 22 0.136802
17 23 0.683333
17 24 0.711538
17 25 0.492255
17 26 0.258974
17 27 0.670330
17 28 0.719836
17 29 0.712838
17 30 0.636364
17 31 0.859833
17 32 0.899115
17 33 0.542279
17 34 0.875000
17 35 0.478846
17 36 0.539394
17 37 0.557087
17 38 0.504854
17 39 0.621381
17 40 0.598870
17 41 0.835411
17 42 0.257081
17 43 0.728051
17 44 0.331695
17 45 0.271739
17 46 0.704595
17 47 0.592105
17 48 0.612698
17 49 0.586124
17 50 0.473896
17 51 0.220141
17 52 0.750789
17 53 0.154639
17 54 0.885827
17 55 0.198198
17 56 0.383442
17 57 0.690691
17 58 0.845833
17 59 0.399202
17 60 0.163569
17 61 0.407792
17 62 0.687356
17 63 0.107018
17 64 0.826962
17 65 0.391892
17 66 0.471731
17 67 0.859611
17 68 0.544513
17 69 0.780328
17 70 0.662185
17 71 0.154195
17 72 0.450382
17 73 0.877953
17 74 0.781076
17 75 0.608247
17 76 0.390476
17 77 0.622680
17 78 0.535497
17 79 0.643460
17 80 0.135506
17 81 0.162100
17 82 0.870000
17 83 0.737634
17 84 0.200632
17 85 0.695489
17 86 0.547504
17 87 0.492600
17 88 0.759591
17 89 0.417722
17 90 0.559441
17 91 0.362500
17 92 0.657201
17 93 0.370741
17 94 0.829703
17 95 0.645228
17 96 0.498168
17 97 0.764471
17 98 0.685155
17 99 0.638202
18 19 0.615960
18 20 0.143713
18 21 0.466867
18 22 0.705202
18 23 0.520833
18 24 0.536538
18 25 0.495697
18 26 0.556410
18 27 0.384615
18 28 0.255624
18 29 0.354730
18 30 0.517970
18 31 0.234310
18 32 0.389381
18 33 0.409926
18 34 0.264583
18 35 0.438462
18 36 0.390909
18 37 0.358268
18 38 0.644660
18 39 0.242762
18 40 0.449153
18 41 0.084788
18 42 0.518519
18 43 0.220557
18 44 0.572482
18 45 0.628261
18 46 0.446389
18 47 0.271930
18 48 0.368254
18 49 0.511962
18 50 0.648594
18 51 0.552693
18 52 0.220820
18 53 0.550515
18 54 0.318898
18 55 0.511261
18 56 0.666667
18 57 0.216216
18 58 0.260417
18 59 0.694611
18 60 0.650558
18 61 0.563636
18 62 0.183908
18 63 0.635088
18 64 0.279678
18 65 0.646396
18 66 0.498233
18 67 0.207343
18 68 0.600414
18 69 0.272131
18 70 0.618487
18 71 0.535147
18 72 0.429389
18 73 0.336614
18 74 0.489796
18 75 0.556701
18 76 0.628571
18 77 0.546392
18 78 0.328600
18 79 0.244726
18 80 0.651801
18 81 0.527397
18 82 0.368333
18 83 0.206452
18 84 0.657188
18 85 0.306391
18 86 0.463768
18 87 0.549683
18 88 0.273657
18 89 0.405063
18 90 0.403846
18 91 0.462500
18 92 0.263692
18 93 0.470942
18 94 0.427723
18 95 0.456432
18 96 0.622711
18 97 0.167665
18 98 0.559543
18 99 0.422472
19 20 0.772455
19 21 0.310241
19 22 0.250482
19 23 0.489583
19 24 0.532692
19 25 0.555938
19 26 0.302564
19 27 0.436813
19 28 0.668712
19 29 0.486486
19 30 0.439746
19 31 0.751046
19 32 0.769912
19 33 0.569853
19 34 0.735417
19 35 0.523077
19 36 0.357576
19 37 0.562992
19 38 0.349515
19 39 0.574610
19 40 0.355932
19 41 0.700748
19 42 0.337691
19 43 0.663812
19 44 0.103194
19 45 0.123913
19 46 0.503282
19 47 0.559211
19 48 0.412698
19 49 0.363636
19 50 0.317269
19 51 0.028103
19 52 0.558360
19 53 0.270103
19 54 0.746063
19 55 0.245495
19 56 0.226580
19 57 0.525526
19 58 0.760417
19 59 0.279441
19 60 0.191450
19 61 0.166234
19 62 0.616092
19 63 0.254386
19 64 0.752515
19 65 0.211712
19 66 0.538869
19 67 0.736501
19 68 0.360248
19 69 0.557377
19 70 0.512605
19 71 0.113379
19 72 0.494275
19 73 0.730315
19 74 0.610390
19 75 0.418557
19 76 0.183333
19 77 0.432990
19 78 0.533469
19 79 0.599156
19 80 0.260720
19 81 0.139269
19 82 0.763333
19 83 0.666667
19 84 0.274882
19 85 0.663534
19 86 0.590982
19 87 0.302326
19 88 0.554987
19 89 0.445148
19 90 0.582168
19 91 0.418750
19 92 0.620690
19 93 0.436874
19 94 0.655446
19 95 0.452282
19 96 0.351648
19 97 0.660679
19 98 0.535073
19 99 0.431461
20 21 0.539157
20 22 0.739884
20 23 0.450000
20 24 0.461538
20 25 0.578313
20 26 0.638462
20 27 0.337912
20 28 0.339468
20 29 0.385135
20 30 0.454545
20 31 0.240586
20 32 0.327434
20 33 0.500000
20 34 0.200000
20 35 0.528846
20 36 0.439394
20 37 0.452756
20 38 0.611650
20 39 0.351893
20 40 0.423729
20 41 0.137157
20 42 0.596950
20 43 0.310493
20 44 0.579853
20 45 0.634783
20 46 0.369803
20 47 0.379386
20 48 0.415873
20 49 0.464115
20 50 0.620482
20 51 0.580796
20 52 0.268139
20 53 0.616495
20 54 0.250000
20 55 0.578829
20 56 0.655773
20 57 0.291291
20 58 0.304167
20 59 0.682635
20 60 0.672862
20 61 0.563636
20 62 0.291954
20 63 0.675439
20 64 0.327968
20 65 0.635135
20 66 0.581272
20 67 0.192225
20 68 0.559006
20 69 0.285246
20 70 0.559664
20 71 0.580499
20 72 0.519084
20 73 0.253937
20 74 0.404453
20 75 0.501031
20 76 0.619048
20 77 0.486598
20 78 0.425963
20 79 0.343882
20 80 0.686106
20 81 0.577626
20 82 0.333333
20 83 0.292473
20 84 0.680885
20 85 0.385338
20 86 0.541063
20 87 0.513742
20 88 0.186701
20 89 0.500000
20 90 0.487762
20 91 0.550000
20 92 0.356998
20 93 0.559118
20 94 0.332673
20 95 0.390041
20 96 0.589744
20 97 0.183633
20 98 0.494290
20 99 0.357303
21 22 0.406551
21 23 0.514583
21 24 0.555769
21 25 0.426850
21 26 0.197436
21 27 0.351648
21 28 0.456033
21 29 0.246622
21 30 0.479915
21 31 0.554393
21 32 0.644248
21 33 0.402574
21 34 0.572917
21 35 0.363462
21 36 0.118182
21 37 0.374016
21 38 0.489320
21 39 0.345212
21 40 0.307910
21 41 0.471322
21 42 0.244009
21 43 0.441113
21 44 0.270270
21 45 0.343478
21 46 0.485777
21 47 0.333333
21 48 0.165079
21 49 0.406699
21 50 0.469880
21 51 0.213115
21 52 0.296530
21 53 0.253608
21 54 0.602362
21 55 0.182432
21 56 0.420479
21 57 0.249249
21 58 0.554167
21 59 0.469062
21 60 0.371747
21 61 0.285714
21 62 0.377011
21 63 0.363158
21 64 0.549296
21 65 0.400901
21 66 0.411661
21 67 0.544276
21 68 0.472050
21 69 0.318033
21 70 0.581513
21 71 0.183673
21 72 0.339695
21 73 0.600394
21 74 0.586271
21 75 0.486598
21 76 0.366667
21 77 0.488660
21 78 0.334686
21 79 0.379747
21 80 0.385935
21 81 0.171233
21 82 0.625000
21 83 0.447312
21 84 0.415482
21 85 0.468045
21 86 0.452496
21 87 0.403805
21 88 0.424552
21 89 0.270042
21 90 0.419580
21 91 0.277083
21 92 0.409736
21 93 0.302605
21 94 0.590099
21 95 0.458506
21 96 0.481685
21 97 0.475050
21 98 0.570962
21 99 0.417978
22 23 0.733333
22 24 0.755769
22 25 0.604131
22 26 0.443590
22 27 0.796703
22 28 0.865031
22 29 0.908784
22 30 0.687104
22 31 0.997908
22 32 0.998230
22 33 0.670956
22 34 0.997917
22 35 0.611538
22 36 0.724242
22 37 0.698819
22 38 0.497087
22 39 0.779510
22 40 0.723164
22 41 0.997506
22 42 0.407407
22 43 0.877944
22 44 0.407862
22 45 0.284783
22 46 0.776805
22 47 0.747807
22 48 0.803175
22 49 0.653110
22 50 0.465863
22 51 0.323185
22 52 0.943218
22 53 0.294845
22 54 0.998031
22 55 0.360360
22 56 0.379085
22 57 0.879880
22 58 0.989583
22 59 0.363273
22 60 0.092937
22 61 0.493506
22 62 0.848276
22 63 0.071930
22 64 0.967807
22 65 0.405405
22 66 0.584806
22 67 0.997840
22 68 0.563147
22 69 0.970492
22 70 0.670588
22 71 0.292517
22 72 0.582061
22 73 0.986220
22 74 0.840445
22 75 0.643299
22 76 0.426190
22 77 0.661856
22 78 0.681542
22 79 0.793249
22 80 0.044597
22 81 0.310502
22 82 0.973333
22 83 0.888172
22 84 0.086888
22 85 0.830827
22 86 0.655395
22 87 0.526427
22 88 0.890026
22 89 0.567511
22 90 0.681818
22 91 0.506250
22 92 0.803245
22 93 0.509018
22 94 0.910891
22 95 0.707469
22 96 0.487179
22 97 0.896208
22 98 0.709625
22 99 0.716854
23 24 0.080769
23 25 0.841652
23 26 0.812821
23 27 0.348901
23 28 0.766871
23 29 0.655405
23 30 0.057082
23 31 0.682008
23 32 0.539823
23 33 0.816176
23 34 0.554167
23 35 0.821154
23 36 0.651515
23 37 0.797244
23 38 0.281553
23 39 0.761693
23 40 0.389831
23 41 0.675810
23 42 0.775599
23 43 0.758030
23 44 0.474201
23 45 0.480435
23 46 0.105033
23 47 0.767544
23 48 0.660317
23 49 0.198565
23 50 0.309237
23 51 0.548009
23 52 0.662461
23 53 0.725773
23 54 0.529528
23 55 0.709459
23 56 0.413943
23 57 0.684685
23 58 0.756250
23 59 0.423154
23 60 0.572491
23 61 0.444156
23 62 0.744828
23 63 0.659649
23 64 0.764588
23 65 0.398649
23 66 0.840989
23 67 0.637149
23 68 0.204969
23 69 0.626230
23 70 0.196639
23 71 0.616780
23 72 0.797710
23 73 0.478346
23 74 0.196660
23 75 0.103093
23 76 0.411905
23 77 0.078351
23 78 0.772819
23 79 0.753165
23 80 0.646655
23 81 0.634703
23 82 0.603333
23 83 0.746237
23 84 0.595577
23 85 0.778195
23 86 0.821256
23 87 0.221987
23 88 0.368286
23 89 0.778481
23 90 0.802448
23 91 0.791667
23 92 0.762677
23 93 0.799599
23 94 0.281188
23 95 0.062241
23 96 0.265568
23 97 0.610778
23 98 0.166395
23 99 0.148315
24 25 0.908778
24 26 0.920513
24 27 0.453297
24 28 0.826176
24 29 0.783784
24 30 0.145877
24 31 0.717573
24 32 0.534513
24 33 0.882353
24 34 0.575000
24 35 0.894231
24 36 0.772727
24 37 0.868110
24 38 0.332039
24 39 0.835189
24 40 0.505650
24 41 0.738155
24 42 0.867102
24 43 0.817987
24 44 0.577396
24 45 0.567391
24 46 0.164114
24 47 0.844298
24 48 0.784127
24 49 0.301435
24 50 0.369478
24 51 0.648712
24 52 0.772871
24 53 0.814433
24 54 0.539370
24 55 0.806306
24 56 0.494553
24 57 0.792793
24 58 0.800000
24 59 0.487026
24 60 0.644981
24 61 0.555844
24 62 0.816092
24 63 0.733333
24 64 0.808853
24 65 0.484234
24 66 0.909894
24 67 0.673866
24 68 0.269151
24 69 0.740984
24 70 0.166387
24 71 0.714286
24 72 0.872137
24 73 0.482283
24 74 0.148423
24 75 0.169072
24 76 0.507143
24 77 0.148454
24 78 0.845842
24 79 0.820675
24 80 0.716981
24 81 0.732877
24 82 0.608333
24 83 0.806452
24 84 0.655608
24 85 0.830827
24 86 0.880837
24 87 0.302326
24 88 0.437340
24 89 0.862869
24 90 0.865385
24 91 0.877083
24 92 0.825558
24 93 0.879760
24 94 0.261386
24 95 0.139004
24 96 0.309524
24 97 0.650699
24 98 0.106036
24 99 0.233708
25 26 0.525641
25 27 0.997253
25 28 0.447853
25 29 0.996622
25 30 0.997886
25 31 0.707113
25 32 0.870796
25 33 0.136029
25 34 0.835417
25 35 0.121154
25 36 0.833333
25 37 0.220472
25 38 0.965049
25 39 0.403118
25 40 0.997175
25 41 0.748130
25 42 0.374728
25 43 0.483940
25 44 0.857494
25 45 0.826087
25 46 0.997812
25 47 0.361842
25 48 0.892063
25 49 0.997608
25 50 0.957831
25 51 0.733021
25 52 0.905363
25 53 0.435052
25 54 0.862205
25 55 0.486486
25 56 0.930283
25 57 0.801802
25 58 0.622917
25 59 0.926148
25 60 0.695167
25 61 0.922078
25 62 0.496552
25 63 0.556140
25 64 0.583501
25 65 0.934685
25 66 0.033569
25 67 0.755940
25 68 0.985507
25 69 0.996721
25 70 0.998319
25 71 0.623583
25 72 0.135496
25 73 0.895669
25 74 0.998145
25 75 0.997938
25 76 0.938095
25 77 0.997938
25 78 0.255578
25 79 0.394515
25 80 0.590051
25 81 0.600457
25 82 0.770000
25 83 0.509677
25 84 0.636651
25 85 0.381579
25 86 0.099839
25 87 0.930233
25 88 0.953964
25 89 0.255274
25 90 0.150350
25 91 0.252083
25 92 0.379310
25 93 0.210421
25 94 0.992079
25 95 0.956432
25 96 0.932234
25 97 0.642715
25 98 0.965742
25 99 0.952809
26 27 0.560440
26 28 0.515337
26 29 0.503378
26 30 0.621564
26 31 0.669456
26 32 0.768142
26 33 0.365809
26 34 0.714583
26 35 0.301923
26 36 0.351515
26 37 0.360236
26 38 0.572816
26 39 0.396437
26 40 0.511299
26 41 0.618454
26 42 0.084967
26 43 0.516060
26 44 0.361179
26 45 0.378261
26 46 0.647702
26 47 0.368421
26 48 0.409524
26 49 0.562201
26 50 0.550201
26 51 0.252927
26 52 0.523659
26 53 0.101031
26 54 0.740157
26 55 0.029279
26 56 0.483660
26 57 0.456456
26 58 0.647917
26 59 0.514970
26 60 0.336431
26 61 0.410390
26 62 0.462069
26 63 0.271930
26 64 0.631791
26 65 0.475225
26 66 0.330389
26 67 0.676026
26 68 0.581781
26 69 0.567213
26 70 0.684034
26 71 0.156463
26 72 0.274809
26 73 0.744094
26 74 0.727273
26 75 0.614433
26 76 0.454762
26 77 0.622680
26 78 0.330629
26 79 0.430380
26 80 0.305317
26 81 0.130137
26 82 0.730000
26 83 0.526882
26 84 0.360190
26 85 0.505639
26 86 0.405797
26 87 0.520085
26 88 0.621483
26 89 0.210970
26 90 0.389860
26 91 0.175000
26 92 0.452333
26 93 0.200401
26 94 0.742574
26 95 0.607884
26 96 0.562271
26 97 0.586826
26 98 0.681892
26 99 0.582022
27 28 0.529652
27 29 0.226351
27 30 0.238901
27 31 0.500000
27 32 0.495575
27 33 0.580882
27 34 0.431250
27 35 0.576923
27 36 0.278788
27 37 0.547244
27 38 0.374757
27 39 0.483296
27 40 0.093220
27 41 0.421446
27 42 0.525054
27 43 0.509636
27 44 0.309582
27 45 0.389130
27 46 0.205689
27 47 0.491228
27 48 0.260317
27 49 0.174641
27 50 0.371486
27 51 0.358314
27 52 0.268139
27 53 0.509278
27 54 0.448819
27 55 0.463964
27 56 0.389978
27 57 0.306306
27 58 0.550000
27 59 0.437126
27 60 0.479554
27 61 0.270130
27 62 0.466667
27 63 0.529825
27 64 0.559356
27 65 0.360360
27 66 0.618375
27 67 0.460043
27 68 0.310559
27 69 0.213115
27 70 0.401681
27 71 0.403628
27 72 0.555344
27 73 0.423228
27 74 0.348794
27 75 0.274227
27 76 0.333333
27 77 0.268041
27 78 0.513185
27 79 0.495781
27 80 0.533448
27 81 0.410959
27 82 0.525000
27 83 0.501075
27 84 0.521327
27 85 0.556391
27 86 0.616747
27 87 0.255814
27 88 0.156010
27 89 0.512658
27 90 0.580420
27 91 0.535417
27 92 0.517241
27 93 0.551102
27 94 0.346535
27 95 0.203320
27 96 0.368132
27 97 0.427146
27 98 0.373573
27 99 0.137079
28 29 0.702703
28 30 0.780127
28 31 0.253138
28 32 0.493805
28 33 0.266544
28 34 0.408333
28 35 0.334615
28 36 0.654545
28 37 0.218504
28 38 0.866019
28 39 0.162584
28 40 0.765537
28 41 0.279302
28 42 0.551198
28 43 0.044968
28 44 0.800983
28 45 0.823913
28 46 0.722101
28 47 0.186404
28 48 0.663492
28 49 0.794258
28 50 0.871486
28 51 0.737705
28 52 0.558360
28 53 0.606186
28 54 0.454724
28 55 0.596847
28 56 0.886710
28 57 0.498498
28 58 0.166667
28 59 0.898204
28 60 0.782528
28 61 0.823377
28 62 0.137931
28 63 0.715789
28 64 0.144869
28 65 0.876126
28 66 0.390459
28 67 0.300216
28 68 0.842650
28 69 0.639344
28 70 0.826891
28 71 0.678005
28 72 0.341603
28 73 0.500000
28 74 0.712430
28 75 0.808247
28 76 0.869048
28 77 0.800000
28 78 0.221095
28 79 0.101266
28 80 0.739280
28 81 0.662100
28 82 0.405000
28 83 0.062366
28 84 0.755134
28 85 0.073308
28 86 0.312399
28 87 0.792812
28 88 0.593350
28 89 0.371308
28 90 0.244755
28 91 0.439583
28 92 0.068966
28 93 0.430862
28 94 0.653465
28 95 0.715768
28 96 0.833333
28 97 0.221557
28 98 0.763458
28 99 0.701124
29 30 0.378436
29 31 0.451883
29 32 0.523894
29 33 0.459559
29 34 0.437500
29 35 0.446154
29 36 0.103030
29 37 0.419291
29 38 0.462136
29 39 0.347439
29 40 0.183616
29 41 0.346633
29 42 0.398693
29 43 0.400428
29 44 0.312039
29 45 0.400000
29 46 0.350109
29 47 0.353070
29 48 0.063492
29 49 0.311005
29 50 0.453815
29 51 0.313817
29 52 0.107256
29 53 0.404124
29 54 0.470472
29 55 0.346847
29 56 0.440087
29 57 0.123123
29 58 0.477083
29 59 0.489022
29 60 0.460967
29 61 0.293506
29 62 0.340230
29 63 0.477193
29 64 0.482897
29 65 0.412162
29 66 0.500000
29 67 0.425486
29 68 0.418219
29 69 0.088525
29 70 0.510924
29 71 0.324263
29 72 0.427481
29 73 0.462598
29 74 0.461967
29 75 0.402062
29 76 0.380952
29 77 0.400000
29 78 0.381339
29 79 0.371308
29 80 0.490566
29 81 0.321918
29 82 0.523333
29 83 0.397849
29 84 0.500790
29 85 0.454887
29 86 0.508857
29 87 0.355180
29 88 0.237852
29 89 0.373418
29 90 0.466783
29 91 0.400000
29 92 0.399594
29 93 0.420842
29 94 0.447525
29 95 0.342324
29 96 0.454212
29 97 0.377246
29 98 0.482871
29 99 0.287640
30 31 0.686192
30 32 0.566372
30 33 0.788603
30 34 0.570833
30 35 0.786538
30 36 0.593939
30 37 0.771654
30 38 0.238835
30 39 0.734967
30 40 0.333333
30 41 0.670823
30 42 0.725490
30 43 0.743041
30 44 0.407862
30 45 0.421739
30 46 0.124726
30 47 0.741228
30 48 0.606349
30 49 0.138756
30 50 0.261044
30 51 0.487119
30 52 0.624606
30 53 0.676289
30 54 0.553150
30 55 0.657658
30 56 0.355120
30 57 0.645646
30 58 0.754167
30 59 0.373253
30 60 0.520446
30 61 0.376623
30 62 0.724138
30 63 0.612281
30 64 0.760563
30 65 0.337838
30 66 0.809187
30 67 0.643629
30 68 0.155280
30 69 0.586885
30 70 0.210084
30 71 0.560091
30 72 0.763359
30 73 0.505906
30 74 0.246753
30 75 0.061856
30 76 0.345238
30 77 0.043299
30 78 0.744422
30 79 0.734177
30 80 0.600343
30 81 0.577626
30 82 0.623333
30 83 0.733333
30 84 0.552923
30 85 0.765038
30 86 0.797101
30 87 0.164905
30 88 0.360614
30 89 0.740506
30 90 0.779720
30 91 0.750000
30 92 0.744422
30 93 0.757515
30 94 0.322772
30 95 0.066390
30 96 0.228938
30 97 0.612774
30 98 0.202284
30 99 0.128090
31 32 0.279646
31 33 0.485294
31 34 0.175000
31 35 0.551923
31 36 0.727273
31 37 0.444882
31 38 0.834951
31 39 0.369710
31 40 0.745763
31 41 0.192020
31 42 0.727669
31 43 0.237687
31 44 0.845209
31 45 0.869565
31 46 0.606127
31 47 0.401316
31 48 0.723810
31 49 0.741627
31 50 0.851406
31 51 0.814988
31 52 0.574132
31 53 0.760825
31 54 0.226378
31 55 0.745495
31 56 0.901961
31 57 0.552553
31 58 0.106250
31 59 0.908184
31 60 0.858736
31 61 0.849351
31 62 0.298851
31 63 0.826316
31 64 0.140845
31 65 0.887387
31 66 0.595406
31 67 0.066955
31 68 0.797101
31 69 0.629508
31 70 0.739496
31 71 0.786848
31 72 0.551527
31 73 0.279528
31 74 0.562152
31 75 0.734021
31 76 0.885714
31 77 0.719588
31 78 0.442191
31 79 0.320675
31 80 0.840480
31 81 0.778539
31 82 0.210000
31 83 0.215054
31 84 0.834123
31 85 0.283835
31 86 0.508857
31 87 0.758985
31 88 0.480818
31 89 0.573840
31 90 0.456294
31 91 0.637500
31 92 0.306288
31 93 0.631263
31 94 0.477228
31 95 0.618257
31 96 0.802198
31 97 0.053892
31 98 0.655791
31 99 0.613483
32 33 0.770221
32 34 0.193750
32 35 0.838462
32 36 0.996970
32 37 0.748031
32 38 0.858252
32 39 0.694878
32 40 0.884181
32 41 0.491272
32 42 0.997821
32 43 0.569593
32 44 0.997543
32 45 0.997826
32 46 0.575492
32 47 0.721491
32 48 0.996825
32 49 0.789474
32 50 0.891566
32 51 0.997658
32 52 0.851735
32 53 0.997938
32 54 0.114173
32 55 0.997748
32 56 0.991285
32 57 0.849850
32 58 0.429167
32 59 0.980040
32 60 0.998141
32 61 0.997403
32 62 0.634483
32 63 0.998246
32 64 0.448692
32 65 0.984234
32 66 0.863958
32 67 0.306695
32 68 0.813665
32 69 0.881967
32 70 0.670588
32 71 0.997732
32 72 0.832061
32 73 0.127953
32 74 0.432282
32 75 0.721649
32 76 0.997619
32 77 0.701031
32 78 0.744422
32 79 0.643460
32 80 0.998285
32 81 0.997717
32 82 0.126667
32 83 0.548387
32 84 0.960506
32 85 0.580827
32 86 0.761675
32 87 0.803383
32 88 0.560102
32 89 0.864979
32 90 0.730769
32 91 0.920833
32 92 0.622718
32 93 0.909820
32 94 0.336634
32 95 0.595436
32 96 0.815018
32 97 0.339321
32 98 0.561175
32 99 0.629213
33 34 0.687500
33 35 0.094231
33 36 0.718182
33 37 0.080709
33 38 0.914563
33 39 0.253898
33 40 0.884181
33 41 0.576060
33 42 0.385621
33 43 0.327623
33 44 0.805897
33 45 0.800000
33 46 0.888403
33 47 0.217105
33 48 0.758730
33 49 0.906699
33 50 0.909639
33 51 0.697892
33 52 0.741325
33 53 0.455670
33 54 0.722441
33 55 0.475225
33 56 0.891068
33 57 0.648649
33 58 0.466667
33 59 0.898204
33 60 0.704461
33 61 0.854545
33 62 0.337931
33 63 0.591228
33 64 0.432596
33 65 0.889640
33 66 0.137809
33 67 0.598272
33 68 0.919255
33 69 0.829508
33 70 0.931092
33 71 0.603175
33 72 0.116412
33 73 0.757874
33 74 0.894249
33 75 0.917526
33 76 0.885714
33 77 0.915464
33 78 0.127789
33 79 0.240506
33 80 0.622642
33 81 0.579909
33 82 0.646667
33 83 0.352688
33 84 0.661927
33 85 0.242481
33 86 0.106280
33 87 0.862579
33 88 0.810742
33 89 0.208861
33 90 0.043706
33 91 0.252083
33 92 0.229209
33 93 0.226453
33 94 0.869307
33 95 0.858921
33 96 0.882784
33 97 0.497006
33 98 0.889070
33 99 0.847191
34 35 0.663462
34 36 0.730303
34 37 0.570866
34 38 0.753398
34 39 0.492205
34 40 0.672316
34 41 0.256858
34 42 0.795207
34 43 0.385439
34 44 0.805897
34 45 0.834783
34 46 0.477024
34 47 0.521930
34 48 0.720635
34 49 0.643541
34 50 0.775100
34 51 0.803279
34 52 0.570978
34 53 0.808247
34 54 0.072835
34 55 0.790541
34 56 0.843137
34 57 0.576577
34 58 0.281250
34 59 0.850299
34 60 0.847584
34 61 0.800000
34 62 0.425287
34 63 0.843860
34 64 0.309859
34 65 0.828829
34 66 0.703180
34 67 0.123110
34 68 0.703934
34 69 0.600000
34 70 0.630252
34 71 0.798186
34 72 0.656489
34 73 0.114173
34 74 0.419295
34 75 0.626804
34 76 0.828571
34 77 0.608247
34 78 0.559838
34 79 0.453586
34 80 0.850772
34 81 0.796804
34 82 0.178333
34 83 0.363441
34 84 0.830964
34 85 0.432331
34 86 0.624799
34 87 0.676533
34 88 0.375959
34 89 0.668776
34 90 0.578671
34 91 0.725000
34 92 0.446247
34 93 0.721443
34 94 0.318812
34 95 0.502075
34 96 0.719780
34 97 0.169661
34 98 0.538336
34 99 0.503371
35 36 0.645455
35 37 0.125984
35 38 0.854369
35 39 0.276169
35 40 0.822034
35 41 0.603491
35 42 0.285403
35 43 0.379015
35 44 0.722359
35 45 0.715217
35 46 0.857768
35 47 0.234649
35 48 0.692063
35 49 0.851675
35 50 0.845382
35 51 0.611241
35 52 0.706625
35 53 0.360825
35 54 0.751969
35 55 0.380631
35 56 0.814815
35 57 0.612613
35 58 0.527083
35 59 0.824351
35 60 0.622677
35 61 0.774026
35 62 0.367816
35 63 0.507018
35 64 0.496982
35 65 0.813063
35 66 0.095406
35 67 0.637149
35 68 0.863354
35 69 0.790164
35 70 0.895798
35 71 0.510204
35 72 0.024809
35 73 0.779528
35 74 0.881262
35 75 0.870103
35 76 0.807143
35 77 0.872165
35 78 0.139959
35 79 0.282700
35 80 0.542024
35 81 0.488584
35 82 0.688333
35 83 0.402151
35 84 0.587678
35 85 0.315789
35 86 0.152979
35 87 0.805497
35 88 0.790281
35 89 0.128692
35 90 0.127622
35 91 0.156250
35 92 0.283976
35 93 0.128257
35 94 0.867327
35 95 0.825726
35 96 0.827839
35 97 0.534930
35 98 0.862969
35 99 0.811236
36 37 0.399606
36 38 0.462136
36 39 0.345212
36 40 0.220339
36 41 0.406484
36 42 0.326797
36 43 0.421842
36 44 0.270270
36 45 0.356522
36 46 0.407002
36 47 0.342105
36 48 0.044444
36 49 0.339713
36 50 0.447791
36 51 0.250585
36 52 0.189274
36 53 0.334021
36 54 0.533465
36 55 0.270270
36 56 0.416122
36 57 0.168168
36 58 0.514583
36 59 0.467066
36 60 0.410781
36 61 0.262338
36 62 0.358621
36 63 0.419298
36 64 0.517103
36 65 0.389640
36 66 0.461131
36 67 0.483801
36 68 0.430642
36 69 0.196721
36 70 0.536134
36 71 0.251701
36 72 0.389313
36 73 0.529528
36 74 0.517625
36 75 0.430928
36 76 0.354762
36 77 0.430928
36 78 0.359026
36 79 0.375527
36 80 0.437393
36 81 0.244292
36 82 0.575000
36 83 0.421505
36 84 0.454976
36 85 0.462406
36 86 0.486312
36 87 0.363636
36 88 0.324808
36 89 0.324895
36 90 0.447552
36 91 0.343750
36 92 0.405680
36 93 0.368737
36 94 0.512871
36 95 0.387967
36 96 0.456044
36 97 0.425150
36 98 0.518760
36 99 0.339326
37 38 0.854369
37 39 0.160356
37 40 0.782486
37 41 0.471322
37 42 0.368192
37 43 0.246253
37 44 0.737101
37 45 0.747826
37 46 0.800875
37 47 0.127193
37 48 0.647619
37 49 0.820574
37 50 0.849398
37 51 0.644028
37 52 0.615142
37 53 0.441237
37 54 0.643701
37 55 0.441441
37 56 0.834423
37 57 0.531532
37 58 0.395833
37 59 0.846307
37 60 0.676580
37 61 0.776623
37 62 0.243678
37 63 0.580702
37 64 0.368209
37 65 0.828829
37 66 0.194346
37 67 0.514039
37 68 0.850932
37 69 0.701639
37 70 0.868908
37 71 0.557823
37 72 0.133588
37 73 0.677165
37 74 0.818182
37 75 0.843299
37 76 0.819048
37 77 0.839175
37 78 0.050710
37 79 0.158228
37 80 0.612350
37 81 0.536530
37 82 0.586667
37 83 0.270968
37 84 0.647709
37 85 0.195489
37 86 0.172303
37 87 0.792812
37 88 0.705882
37 89 0.181435
37 90 0.092657
37 91 0.243750
37 92 0.156187
37 93 0.230461
37 94 0.788119
37 95 0.780083
37 96 0.826007
37 97 0.419162
37 98 0.825449
37 99 0.761798
38 39 0.873051
38 40 0.491525
38 41 0.902743
38 42 0.727669
38 43 0.910064
38 44 0.363636
38 45 0.293478
38 46 0.391685
38 47 0.866228
38 48 0.765079
38 49 0.287081
38 50 0.046185
38 51 0.440281
38 52 0.848580
38 53 0.643299
38 54 0.785433
38 55 0.648649
38 56 0.183007
38 57 0.840841
38 58 0.952083
38 59 0.157685
38 60 0.382900
38 61 0.368831
38 62 0.889655
38 63 0.508772
38 64 0.947686
38 65 0.193694
38 66 0.848057
38 67 0.870410
38 68 0.099379
38 69 0.822951
38 70 0.243697
38 71 0.521542
38 72 0.818702
38 73 0.744094
38 74 0.461967
38 75 0.195876
38 76 0.245238
38 77 0.218557
38 78 0.841785
38 79 0.873418
38 80 0.483705
38 81 0.550228
38 82 0.820000
38 83 0.907527
38 84 0.417062
38 85 0.902256
38 86 0.859903
38 87 0.152220
38 88 0.624041
38 89 0.799578
38 90 0.860140
38 91 0.783333
38 92 0.884381
38 93 0.789579
38 94 0.566337
38 95 0.321577
38 96 0.021978
38 97 0.810379
38 98 0.311582
38 99 0.368539
39 40 0.624294
39 41 0.294264
39 42 0.392157
39 43 0.137045
39 44 0.643735
39 45 0.680435
39 46 0.656455
39 47 0.037281
39 48 0.479365
39 49 0.684211
39 50 0.759036
39 51 0.576112
39 52 0.416404
39 53 0.455670
39 54 0.507874
39 55 0.430180
39 56 0.751634
39 57 0.345345
39 58 0.291667
39 59 0.772455
39 60 0.648699
39 61 0.664935
39 62 0.082759
39 63 0.585965
39 64 0.279678
39 65 0.738739
39 66 0.312721
39 67 0.369330
39 68 0.741201
39 69 0.495082
39 70 0.766387
39 71 0.514739
39 72 0.236641
39 73 0.537402
39 74 0.686456
39 75 0.721649
39 76 0.723810
39 77 0.715464
39 78 0.111562
39 79 0.052743
39 80 0.612350
39 81 0.497717
39 82 0.486667
39 83 0.152688
39 84 0.639810
39 85 0.176692
39 86 0.286634
39 87 0.684989
39 88 0.529412
39 89 0.225738
39 90 0.213287
39 91 0.297917
39 92 0.095335
39 93 0.300601
39 94 0.645545
39 95 0.647303
39 96 0.738095
39 97 0.289421
39 98 0.717781
39 99 0.620225
40 41 0.473815
40 42 0.477124
40 43 0.537473
40 44 0.226044
40 45 0.317391
40 46 0.251641
40 47 0.495614
40 48 0.231746
40 49 0.155502
40 50 0.329317
40 51 0.281030
40 52 0.296530
40 53 0.455670
40 54 0.511811
40 55 0.407658
40 56 0.326797
40 57 0.318318
40 58 0.591667
40 59 0.381238
40 60 0.416357
40 61 0.181818
40 62 0.489655
40 63 0.471930
40 64 0.599598
40 65 0.295045
40 66 0.598940
40 67 0.518359
40 68 0.281573
40 69 0.252459
40 70 0.405042
40 71 0.335601
40 72 0.538168
40 73 0.488189
40 74 0.395176
40 75 0.270103
40 76 0.261905
40 77 0.270103
40 78 0.511156
40 79 0.510549
40 80 0.476844
40 81 0.344749
40 82 0.576667
40 83 0.531183
40 84 0.467615
40 85 0.575188
40 86 0.610306
40 87 0.217759
40 88 0.240409
40 89 0.489451
40 90 0.578671
40 91 0.504167
40 92 0.533469
40 93 0.521042
40 94 0.407921
40 95 0.232365
40 96 0.336996
40 97 0.475050
40 98 0.393148
40 99 0.173034
41 42 0.579521
41 43 0.197002
41 44 0.656020
41 45 0.702174
41 46 0.490153
41 47 0.296053
41 48 0.476190
41 49 0.578947
41 50 0.708835
41 51 0.632319
41 52 0.331230
41 53 0.612371
41 54 0.275591
41 55 0.581081
41 56 0.738562
41 57 0.321321
41 58 0.197917
41 59 0.760479
41 60 0.713755
41 61 0.651948
41 62 0.190805
41 63 0.692982
41 64 0.221328
41 65 0.720721
41 66 0.521201
41 67 0.138229
41 68 0.658385
41 69 0.380328
41 70 0.652101
41 71 0.612245
41 72 0.459924
41 73 0.303150
41 74 0.504638
41 75 0.608247
41 76 0.707143
41 77 0.595876
41 78 0.350913
41 79 0.246835
41 80 0.710120
41 81 0.602740
41 82 0.316667
41 83 0.176344
41 84 0.712480
41 85 0.283835
41 86 0.470209
41 87 0.613108
41 88 0.324808
41 89 0.449367
41 90 0.410839
41 91 0.510417
41 92 0.257606
41 93 0.515030
41 94 0.431683
41 95 0.502075
41 96 0.677656
41 97 0.099800
41 98 0.585644
41 99 0.474157
42 43 0.522484
42 44 0.457002
42 45 0.456522
42 46 0.730853
42 47 0.366228
42 48 0.517460
42 49 0.657895
42 50 0.626506
42 51 0.341920
42 52 0.615142
42 53 0.092784
42 54 0.785433
42 55 0.103604
42 56 0.564270
42 57 0.534535
42 58 0.664583
42 59 0.584830
42 60 0.379182
42 61 0.514286
42 62 0.478161
42 63 0.284211
42 64 0.641851
42 65 0.560811
42 66 0.270318
42 67 0.712743
42 68 0.664596
42 69 0.668852
42 70 0.751261
42 71 0.238095
42 72 0.225191
42 73 0.795276
42 74 0.795918
42 75 0.696907
42 76 0.547619
42 77 0.705155
42 78 0.310345
42 79 0.430380
42 80 0.320755
42 81 0.212329
42 82 0.760000
42 83 0.539785
42 84 0.382306
42 85 0.496241
42 86 0.359098
42 87 0.604651
42 88 0.705882
42 89 0.175105
42 90 0.353147
42 91 0.116667
42 92 0.448276
42 93 0.136273
42 94 0.809901
42 95 0.688797
42 96 0.633700
42 97 0.616766
42 98 0.747145
42 99 0.667416
43 44 0.756757
43 45 0.784783
43 46 0.673961
43 47 0.173246
43 48 0.603175
43 49 0.744019
43 50 0.829317
43 51 0.697892
43 52 0.492114
43 53 0.587629
43 54 0.425197
43 55 0.569820
43 56 0.845316
43 57 0.438438
43 58 0.160417
43 59 0.860279
43 60 0.754647
43 61 0.774026
43 62 0.096552
43 63 0.694737
43 64 0.150905
43 65 0.833333
43 66 0.399293
43 67 0.269978
43 68 0.801242
43 69 0.570492
43 70 0.791597
43 71 0.643991
43 72 0.343511
43 73 0.468504
43 74 0.675325
43 75 0.764948
43 76 0.823810
43 77 0.754639
43 78 0.221095
43 79 0.090717
43 80 0.718696
43 81 0.627854
43 82 0.393333
43 83 0.023656
43 84 0.733017
43 85 0.112782
43 86 0.333333
43 87 0.748414
43 88 0.539642
43 89 0.360759
43 90 0.263986
43 91 0.429167
43 92 0.081136
43 93 0.424850
43 94 0.615842
43 95 0.672199
43 96 0.796703
43 97 0.193613
43 98 0.727569
43 99 0.651685
44 45 0.121739
44 46 0.413567
44 47 0.572368
44 48 0.377778
44 49 0.263158
44 50 0.255020
44 51 0.103044
44 52 0.511041
44 53 0.348454
44 54 0.692913
44 55 0.317568
44 56 0.178649
44 57 0.492492
44 58 0.741667
44 59 0.249501
44 60 0.243494
44 61 0.059740
44 62 0.611494
44 63 0.324561
44 64 0.736419
44 65 0.150901
44 66 0.586572
44 67 0.697624
44 68 0.279503
44 69 0.495082
44 70 0.445378
44 71 0.195011
44 72 0.538168
44 73 0.671260
44 74 0.534323
44 75 0.334021
44 76 0.107143
44 77 0.346392
44 78 0.557809
44 79 0.605485
44 80 0.325901
44 81 0.216895
44 82 0.725000
44 83 0.660215
44 84 0.322275
44 85 0.669173
44 86 0.624799
44 87 0.215645
44 88 0.478261
44 89 0.489451
44 90 0.611888
44 91 0.475000
44 92 0.626775
44 93 0.492986
44 94 0.580198
44 95 0.367220
44 96 0.293040
44 97 0.632735
44 98 0.466558
44 99 0.343820
45 46 0.501094
45 47 0.679825
45 48 0.552381
45 49 0.349282
45 50 0.222892
45 51 0.161593
45 52 0.687697
45 53 0.373196
45 54 0.799213
45 55 0.369369
45 56 0.111111
45 57 0.660661
45 58 0.856250
45 59 0.165669
45 60 0.159851
45 61 0.194805
45 62 0.733333
45 63 0.280702
45 64 0.849095
45 65 0.112613
45 66 0.639576
45 67 0.818575
45 68 0.293996
45 69 0.681967
45 70 0.455462
45 71 0.238095
45 72 0.604962
45 73 0.775591
45 74 0.601113
45 75 0.373196
45 76 0.114286
45 77 0.389691
45 78 0.649087
45 79 0.713080
45 80 0.269297
45 81 0.267123
45 82 0.818333
45 83 0.776344
45 84 0.248025
45 85 0.765038
45 86 0.684380
45 87 0.249471
45 88 0.613811
45 89 0.567511
45 90 0.683566
45 91 0.537500
45 92 0.730223
45 93 0.551102
45 94 0.667327
45 95 0.439834
45 96 0.267399
45 97 0.744511
45 98 0.495922
45 99 0.438202
46 47 0.679825
46 48 0.561905
46 49 0.198565
46 50 0.369478
46 51 0.531616
46 52 0.539432
46 53 0.692784
46 54 0.440945
46 55 0.666667
46 56 0.453159
46 57 0.570571
46 58 0.654167
46 59 0.471058
46 60 0.585502
46 61 0.431169
46 62 0.643678
46 63 0.657895
46 64 0.668008
46 65 0.430180
46 66 0.782686
46 67 0.531317
46 68 0.271222
46 69 0.498361
46 70 0.275630
46 71 0.591837
46 72 0.734733
46 73 0.393701
46 74 0.183673
46 75 0.179381
46 76 0.430952
46 77 0.158763
46 78 0.693712
46 79 0.662447
46 80 0.650086
46 81 0.605023
46 82 0.528333
46 83 0.647312
46 84 0.611374
46 85 0.691729
46 86 0.760064
46 87 0.260042
46 88 0.248082
46 89 0.710970
46 90 0.734266
46 91 0.733333
46 92 0.673428
46 93 0.741483
46 94 0.219802
46 95 0.049793
46 96 0.333333
46 97 0.514970
46 98 0.228385
46 99 0.085393
47 48 0.488889
47 49 0.698565
47 50 0.761044
47 51 0.569087
47 52 0.441640
47 53 0.430928
47 54 0.541339
47 55 0.409910
47 56 0.749455
47 57 0.366366
47 58 0.325000
47 59 0.770459
47 60 0.637546
47 61 0.667532
47 62 0.121839
47 63 0.568421
47 64 0.309859
47 65 0.738739
47 66 0.282686
47 67 0.408207
47 68 0.749482
47 69 0.521311
47 70 0.779832
47 71 0.501134
47 72 0.204198
47 73 0.570866
47 74 0.710575
47 75 0.734021
47 76 0.723810
47 77 0.729897
47 78 0.077079
47 79 0.075949
47 80 0.595197
47 81 0.481735
47 82 0.515000
47 83 0.187097
47 84 0.625592
47 85 0.187970
47 86 0.265700
47 87 0.691332
47 88 0.557545
47 89 0.194093
47 90 0.192308
47 91 0.264583
47 92 0.111562
47 93 0.266533
47 94 0.673267
47 95 0.663900
47 96 0.743590
47 97 0.323353
47 98 0.734095
47 99 0.638202
48 49 0.332536
48 50 0.453815
48 51 0.281030
48 52 0.145110
48 53 0.362887
48 54 0.505906
48 55 0.301802
48 56 0.431373
48 57 0.135135
48 58 0.493750
48 59 0.481038
48 60 0.434944
48 61 0.280519
48 62 0.342529
48 63 0.445614
48 64 0.496982
48 65 0.405405
48 66 0.471731
48 67 0.455724
48 68 0.428571
48 69 0.147541
48 70 0.529412
48 71 0.283447
48 72 0.400763
48 73 0.500000
48 74 0.497217
48 75 0.422680
48 76 0.371429
48 77 0.422680
48 78 0.361055
48 79 0.367089
48 80 0.461407
48 81 0.278539
48 82 0.550000
48 83 0.404301
48 84 0.475513
48 85 0.453008
48 86 0.491143
48 87 0.363636
48 88 0.289003
48 89 0.339662
48 90 0.449301
48 91 0.364583
48 92 0.395538
48 93 0.386774
48 94 0.487129
48 95 0.373444
48 96 0.459707
48 97 0.399202
48 98 0.507341
48 99 0.321348
49 50 0.232932
49 51 0.353630
49 52 0.492114
49 53 0.554639
49 54 0.557087
49 55 0.524775
49 56 0.276688
49 57 0.510511
49 58 0.702083
49 59 0.319361
49 60 0.431227
49 61 0.228571
49 62 0.632184
49 63 0.517544
49 64 0.708249
49 65 0.247748
49 66 0.712014
49 67 0.609071
49 68 0.157350
49 69 0.449180
49 70 0.295798
49 71 0.428571
49 72 0.660305
49 73 0.521654
49 74 0.332096
49 75 0.136082
49 76 0.233333
49 77 0.138144
49 78 0.645030
49 79 0.645570
49 80 0.511149
49 81 0.445205
49 82 0.625000
49 83 0.660215
49 84 0.478673
49 85 0.693609
49 86 0.714976
49 87 0.105708
49 88 0.314578
49 89 0.624473
49 90 0.694056
49 91 0.631250
49 92 0.661258
49 93 0.645291
49 94 0.382178
49 95 0.139004
49 96 0.234432
49 97 0.570858
49 98 0.296900
49 99 0.114607
50 51 0.388759
50 52 0.810726
50 53 0.595876
50 54 0.785433
50 55 0.599099
50 56 0.130719
50 57 0.801802
50 58 0.933333
50 59 0.119760
50 60 0.340149
50 61 0.322078
50 62 0.859770
50 63 0.468421
50 64 0.929577
50 65 0.141892
50 66 0.812721
50 67 0.859611
50 68 0.113872
50 69 0.790164
50 70 0.280672
50 71 0.471655
50 72 0.780534
50 73 0.746063
50 74 0.484230
50 75 0.214433
50 76 0.195238
50 77 0.239175
50 78 0.807302
50 79 0.843882
50 80 0.444254
50 81 0.500000
50 82 0.818333
50 83 0.881720
50 84 0.382306
50 85 0.877820
50 86 0.829308
50 87 0.139535
50 88 0.613811
50 89 0.757384
50 90 0.828671
50 91 0.739583
50 92 0.855984
50 93 0.747495
50 94 0.580198
50 95 0.331950
50 96 0.064103
50 97 0.796407
50 98 0.342577
50 99 0.368539
51 52 0.523659
51 53 0.259794
51 54 0.728346
51 55 0.225225
51 56 0.246187
51 57 0.492492
51 58 0.737500
51 59 0.301397
51 60 0.211896
51 61 0.163636
51 62 0.588506
51 63 0.261404
51 64 0.728370
51 65 0.229730
51 66 0.522968
51 67 0.712743
51 68 0.370600
51 69 0.524590
51 70 0.519328
51 71 0.097506
51 72 0.475191
51 73 0.714567
51 74 0.604824
51 75 0.422680
51 76 0.200000
51 77 0.435052
51 78 0.509128
51 79 0.573840
51 80 0.271012
51 81 0.121005
51 82 0.748333
51 83 0.643011
51 84 0.289100
51 85 0.640977
51 86 0.573269
51 87 0.308668
51 88 0.537084
51 89 0.421941
51 90 0.562937
51 91 0.397917
51 92 0.596349
51 93 0.418838
51 94 0.645545
51 95 0.450207
51 96 0.366300
51 97 0.638723
51 98 0.536705
51 99 0.424719
52 53 0.443299
52 54 0.417323
52 55 0.389640
52 56 0.514161
52 57 0.057057
52 58 0.404167
52 59 0.556886
52 60 0.520446
52 61 0.381818
52 62 0.273563
52 63 0.526316
52 64 0.414487
52 65 0.488739
52 66 0.487633
52 67 0.354212
52 68 0.476190
52 69 0.062295
52 70 0.544538
52 71 0.387755
52 72 0.414122
52 73 0.417323
52 74 0.465677
52 75 0.449485
52 76 0.461905
52 77 0.443299
52 78 0.346856
52 79 0.316456
52 80 0.540309
52 81 0.381279
52 82 0.473333
52 83 0.329032
52 84 0.549763
52 85 0.398496
52 86 0.484702
52 87 0.418605
52 88 0.219949
52 89 0.364979
52 90 0.435315
52 91 0.406250
52 92 0.344828
52 93 0.422846
52 94 0.433663
52 95 0.373444
52 96 0.509158
52 97 0.309381
52 98 0.505710
52 99 0.323596
53 54 0.836614
53 55 0.094595
53 56 0.505447
53 57 0.603604
53 58 0.743750
53 59 0.524950
53 60 0.302974
53 61 0.480519
53 62 0.567816
53 63 0.205263
53 64 0.722334
53 65 0.506757
53 66 0.339223
53 67 0.781857
53 68 0.631470
53 69 0.724590
53 70 0.731092
53 71 0.188209
53 72 0.309160
53 73 0.840551
53 74 0.805195
53 75 0.678351
53 76 0.497619
53 77 0.686598
53 78 0.399594
53 79 0.518987
53 80 0.243568
53 81 0.168950
53 82 0.813333
53 83 0.623656
53 84 0.311216
53 85 0.578947
53 86 0.426731
53 87 0.572939
53 88 0.739130
53 89 0.270042
53 90 0.431818
53 91 0.208333
53 92 0.535497
53 93 0.222445
53 94 0.831683
53 95 0.684647
53 96 0.593407
53 97 0.684631
53 98 0.735726
53 99 0.669663
54 55 0.864865
54 56 0.884532
54 57 0.672673
54 58 0.345833
54 59 0.884232
54 60 0.895911
54 61 0.859740
54 62 0.510345
54 63 0.896491
54 64 0.370221
54 65 0.871622
54 66 0.768551
54 67 0.196544
54 68 0.726708
54 69 0.695082
54 70 0.626891
54 71 0.866213
54 72 0.727099
54 73 0.062992
54 74 0.398887
54 75 0.641237
54 76 0.876190
54 77 0.620619
54 78 0.634888
54 79 0.531646
54 80 0.900515
54 81 0.865297
54 82 0.155000
54 83 0.440860
54 84 0.873618
54 85 0.496241
54 86 0.682770
54 87 0.706131
54 88 0.424552
54 89 0.744726
54 90 0.641608
54 91 0.800000
54 92 0.519270
54 93 0.795591
54 94 0.295050
54 95 0.514523
54 96 0.739927
54 97 0.239521
54 98 0.526917
54 99 0.528090
55 56 0.464052
55 57 0.480480
55 58 0.672917
55 59 0.495010
55 60 0.312268
55 61 0.397403
55 62 0.489655
55 63 0.250877
55 64 0.655936
55 65 0.457207
55 66 0.348057
55 67 0.697624
55 68 0.571429
55 69 0.586885
55 70 0.677311
55 71 0.133787
55 72 0.297710
55 73 0.757874
55 74 0.730983
55 75 0.608247
55 76 0.438095
55 77 0.616495
55 78 0.356998
55 79 0.457806
55 80 0.283019
55 81 0.109589
55 82 0.746667
55 83 0.552688
55 84 0.339652
55 85 0.530075
55 86 0.423510
55 87 0.509514
55 88 0.631714
55 89 0.238397
55 90 0.412587
55 91 0.197917
55 92 0.480730
55 93 0.220441
55 94 0.748515
55 95 0.605809
55 96 0.549451
55 97 0.608782
55 98 0.678630
55 99 0.582022
56 57 0.726727
56 58 0.897917
56 59 0.085828
56 60 0.232342
56 61 0.233766
56 62 0.797701
56 63 0.363158
56 64 0.891348
56 65 0.042793
56 66 0.722615
56 67 0.842333
56 68 0.204969
56 69 0.731148
56 70 0.378151
56 71 0.349206
56 72 0.690840
56 73 0.767717
56 74 0.549165
56 75 0.296907
56 76 0.100000
56 77 0.317526
56 78 0.726166
56 79 0.778481
56 80 0.343053
56 81 0.376712
56 82 0.823333
56 83 0.830108
56 84 0.298578
56 85 0.821429
56 86 0.755233
56 87 0.179704
56 88 0.613811
56 89 0.660338
56 90 0.755245
56 91 0.635417
56 92 0.793103
56 93 0.645291
56 94 0.631683
56 95 0.387967
56 96 0.173993
56 97 0.772455
56 98 0.427406
56 99 0.400000
57 58 0.397917
57 59 0.568862
57 60 0.514870
57 61 0.394805
57 62 0.245977
57 63 0.510526
57 64 0.404427
57 65 0.504505
57 66 0.452297
57 67 0.365011
57 68 0.503106
57 69 0.121311
57 70 0.573109
57 71 0.371882
57 72 0.375954
57 73 0.444882
57 74 0.502783
57 75 0.482474
57 76 0.476190
57 77 0.478351
57 78 0.308316
57 79 0.284810
57 80 0.528302
57 81 0.363014
57 82 0.486667
57 83 0.309677
57 84 0.543444
57 85 0.375940
57 86 0.454106
57 87 0.443975
57 88 0.271100
57 89 0.324895
57 90 0.403846
57 91 0.366667
57 92 0.316430
57 93 0.384770
57 94 0.471287
57 95 0.410788
57 96 0.531136
57 97 0.313373
57 98 0.536705
57 99 0.364045
58 59 0.946108
58 60 0.866171
58 61 0.888312
58 62 0.252874
58 63 0.815789
58 64 0.038229
58 65 0.927928
58 66 0.531802
58 67 0.170626
58 68 0.855072
58 69 0.681967
58 70 0.805042
58 71 0.784580
58 72 0.490458
58 73 0.379921
58 74 0.647495
58 75 0.802062
58 76 0.926190
58 77 0.787629
58 78 0.377282
58 79 0.255274
58 80 0.833619
58 81 0.773973
58 82 0.273333
58 83 0.148387
58 84 0.834123
58 85 0.193609
58 86 0.438003
58 87 0.813953
58 88 0.562660
58 89 0.523207
58 90 0.381119
58 91 0.589583
58 92 0.229209
58 93 0.581162
58 94 0.572277
58 95 0.692946
58 96 0.851648
58 97 0.115768
58 98 0.725938
58 99 0.685393
59 60 0.245353
59 61 0.345455
59 62 0.896552
59 63 0.385965
59 64 0.977867
59 65 0.137387
59 66 0.787986
59 67 0.930886
59 68 0.236025
59 69 0.868852
59 70 0.376471
59 71 0.428571
59 72 0.763359
59 73 0.838583
59 74 0.591837
59 75 0.336082
59 76 0.202381
59 77 0.358763
59 78 0.809331
59 79 0.869198
59 80 0.356775
59 81 0.456621
59 82 0.888333
59 83 0.922581
59 84 0.292259
59 85 0.902256
59 86 0.818035
59 87 0.238901
59 88 0.713555
59 89 0.742616
59 90 0.825175
59 91 0.712500
59 92 0.880325
59 93 0.719439
59 94 0.689109
59 95 0.443983
59 96 0.161172
59 97 0.856287
59 98 0.440457
59 99 0.474157
60 61 0.402597
60 62 0.836782
60 63 0.154386
60 64 0.951710
60 65 0.297297
60 66 0.627208
60 67 0.961123
60 68 0.463768
60 69 0.898361
60 70 0.586555
60 71 0.276644
60 72 0.614504
60 73 0.929134
60 74 0.762523
60 75 0.548454
60 76 0.321429
60 77 0.567010
60 78 0.695740
60 79 0.791139
60 80 0.130360
60 81 0.299087
60 82 0.936667
60 83 0.875269
60 84 0.113744
60 85 0.832707
60 86 0.689211
60 87 0.431290
60 88 0.813299
60 89 0.592827
60 90 0.706294
60 91 0.539583
60 92 0.803245
60 93 0.547094
60 94 0.837624
60 95 0.620332
60 96 0.395604
60 97 0.866267
60 98 0.631321
60 99 0.629213
61 62 0.590805
61 63 0.364912
61 64 0.710262
61 65 0.162162
61 66 0.598940
61 67 0.658747
61 68 0.252588
61 69 0.442623
61 70 0.420168
61 71 0.233560
61 72 0.545802
61 73 0.627953
61 74 0.491651
61 75 0.294845
61 76 0.114286
61 77 0.305155
61 78 0.555781
61 79 0.590717
61 80 0.365352
61 81 0.251142
61 82 0.691667
61 83 0.636559
61 84 0.358610
61 85 0.654135
61 86 0.629630
61 87 0.183932
61 88 0.421995
61 89 0.497890
61 90 0.611888
61 91 0.489583
61 92 0.612576
61 93 0.507014
61 94 0.532673
61 95 0.319502
61 96 0.282051
61 97 0.598802
61 98 0.435563
61 99 0.289888
62 63 0.624561
62 64 0.225352
62 65 0.740991
62 66 0.376325
62 67 0.291577
62 68 0.724638
62 69 0.452459
62 70 0.739496
62 71 0.548753
62 72 0.305344
62 73 0.468504
62 74 0.638219
62 75 0.694845
62 76 0.726190
62 77 0.686598
62 78 0.184584
62 79 0.073840
62 80 0.648370
62 81 0.534247
62 82 0.426667
62 83 0.094624
62 84 0.668246
62 85 0.174812
62 86 0.336554
62 87 0.670190
62 88 0.470588
62 89 0.297468
62 90 0.265734
62 91 0.364583
62 92 0.105477
62 93 0.368737
62 94 0.586139
62 95 0.609959
62 96 0.727106
62 97 0.217565
62 98 0.685155
62 99 0.582022
63 64 0.943662
63 65 0.472973
63 66 0.526502
63 67 0.991361
63 68 0.625259
63 69 0.980328
63 70 0.724370
63 71 0.290249
63 72 0.526718
63 73 0.998031
63 74 0.879406
63 75 0.701031
63 76 0.490476
63 77 0.717526
63 78 0.636917
63 79 0.759494
63 80 0.046312
63 81 0.301370
63 82 0.971667
63 83 0.862366
63 84 0.135861
63 85 0.795113
63 86 0.605475
63 87 0.585624
63 88 0.913043
63 89 0.516878
63 90 0.632867
63 91 0.450000
63 92 0.768763
63 93 0.448898
63 94 0.940594
63 95 0.751037
63 96 0.551282
63 97 0.886228
63 98 0.755302
63 99 0.759551
64 65 0.954955
64 66 0.515901
64 67 0.213823
64 68 0.886128
64 69 0.724590
64 70 0.833613
64 71 0.800454
64 72 0.479008
64 73 0.417323
64 74 0.682746
64 75 0.835052
64 76 0.954762
64 77 0.822680
64 78 0.367140
64 79 0.246835
64 80 0.842196
64 81 0.787671
64 82 0.295000
64 83 0.146237
64 84 0.843602
64 85 0.169173
64 86 0.417069
64 87 0.843552
64 88 0.603581
64 89 0.518987
64 90 0.361888
64 91 0.585417
64 92 0.215010
64 93 0.573146
64 94 0.609901
64 95 0.728216
64 96 0.877289
64 97 0.151697
64 98 0.755302
64 99 0.723596
65 66 0.703180
65 67 0.801296
65 68 0.190476
65 69 0.665574
65 70 0.371429
65 71 0.326531
65 72 0.666031
65 73 0.730315
65 74 0.523191
65 75 0.274227
65 76 0.057143
65 77 0.294845
65 78 0.695740
65 79 0.742616
65 80 0.353345
65 81 0.353881
65 82 0.791667
65 83 0.791398
65 84 0.315956
65 85 0.789474
65 86 0.734300
65 87 0.152220
65 88 0.565217
65 89 0.632911
65 90 0.729021
65 91 0.610417
65 92 0.758621
65 93 0.623246
65 94 0.598020
65 95 0.356846
65 96 0.179487
65 97 0.734531
65 98 0.415987
65 99 0.361798
66 67 0.749460
66 68 0.952381
66 69 0.960656
66 70 0.973109
66 71 0.580499
66 72 0.112595
66 73 0.885827
66 74 0.979592
66 75 0.967010
66 76 0.897619
66 77 0.969072
66 78 0.247465
66 79 0.390295
66 80 0.557461
66 81 0.559361
66 82 0.770000
66 83 0.509677
66 84 0.606635
66 85 0.390977
66 86 0.128824
66 87 0.896406
66 88 0.925831
66 89 0.223629
66 90 0.164336
66 91 0.216667
66 92 0.379310
66 93 0.172345
66 94 0.974257
66 95 0.929461
66 96 0.901099
66 97 0.638723
66 98 0.944535
66 99 0.923596
67 68 0.739130
67 69 0.560656
67 70 0.687395
67 71 0.755102
67 72 0.564885
67 73 0.226378
67 74 0.502783
67 75 0.674227
67 76 0.830952
67 77 0.657732
67 78 0.458418
67 79 0.343882
67 80 0.818182
67 81 0.748858
67 82 0.210000
67 83 0.245161
67 84 0.808847
67 85 0.325188
67 86 0.536232
67 87 0.701903
67 88 0.406650
67 89 0.575949
67 90 0.482517
67 91 0.637500
67 92 0.334686
67 93 0.635271
67 94 0.415842
67 95 0.556017
67 96 0.750916
67 97 0.055888
67 98 0.603589
67 99 0.548315
68 69 0.695082
68 70 0.220168
68 71 0.503401
68 72 0.774809
68 73 0.647638
68 74 0.380334
68 75 0.101031
68 76 0.233333
68 77 0.123711
68 78 0.780933
68 79 0.799578
68 80 0.511149
68 81 0.527397
68 82 0.738333
68 83 0.821505
68 84 0.454976
68 85 0.832707
68 86 0.818035
68 87 0.076110
68 88 0.506394
68 89 0.751055
68 90 0.811189
68 91 0.743750
68 92 0.811359
68 93 0.753507
68 94 0.473267
68 95 0.219917
68 96 0.097070
68 97 0.722555
68 98 0.265905
68 99 0.258427
69 70 0.510924
69 71 0.385488
69 72 0.446565
69 73 0.409449
69 74 0.435993
69 75 0.410309
69 76 0.428571
69 77 0.404124
69 78 0.385396
69 79 0.356540
69 80 0.536878
69 81 0.383562
69 82 0.480000
69 83 0.365591
69 84 0.541864
69 85 0.434211
69 86 0.515298
69 87 0.380550
69 88 0.184143
69 89 0.398734
69 90 0.468531
69 91 0.433333
69 92 0.383367
69 93 0.450902
69 94 0.407921
69 95 0.334025
69 96 0.478022
69 97 0.329341
69 98 0.474715
69 99 0.278652
70 71 0.795918
70 72 0.998092
70 73 0.677165
70 74 0.311688
70 75 0.226804
70 76 0.545238
70 77 0.226804
70 78 0.997972
70 79 0.997890
70 80 0.728988
70 81 0.821918
70 82 0.773333
70 83 0.997849
70 84 0.646130
70 85 0.998120
70 86 0.998390
70 87 0.344609
70 88 0.667519
70 89 0.997890
70 90 0.998252
70 91 0.997917
70 92 0.997972
70 93 0.997996
70 94 0.451485
70 95 0.304979
70 96 0.249084
70 97 0.842315
70 98 0.106036
70 99 0.406742
71 72 0.406489
71 73 0.744094
71 74 0.667904
71 75 0.507216
71 76 0.302381
71 77 0.517526
71 78 0.454361
71 79 0.533755
71 80 0.246998
71 81 0.025114
71 82 0.758333
71 83 0.615054
71 84 0.285940
71 85 0.603383
71 86 0.515298
71 87 0.397463
71 88 0.588235
71 89 0.350211
71 90 0.506993
71 91 0.318750
71 92 0.555781
71 93 0.338677
71 94 0.699010
71 95 0.522822
71 96 0.443223
71 97 0.636727
71 98 0.603589
71 99 0.501124
72 73 0.777559
72 74 0.870130
72 75 0.851546
72 76 0.778571
72 77 0.851546
72 78 0.144016
72 79 0.289030
72 80 0.519726
72 81 0.458904
72 82 0.691667
72 83 0.408602
72 84 0.567141
72 85 0.328947
72 86 0.172303
72 87 0.782241
72 88 0.774936
72 89 0.105485
72 90 0.150350
72 91 0.129167
72 92 0.292089
72 93 0.102204
72 94 0.857426
72 95 0.809129
72 96 0.807692
72 97 0.536926
72 98 0.849918
72 99 0.793258
73 74 0.339518
73 75 0.591753
73 76 0.842857
73 77 0.571134
73 78 0.665314
73 79 0.569620
73 80 0.891938
73 81 0.858447
73 82 0.200000
73 83 0.488172
73 84 0.859400
73 85 0.541353
73 86 0.714976
73 87 0.663848
73 88 0.393862
73 89 0.767932
73 90 0.676573
73 91 0.818750
73 92 0.559838
73 93 0.813627
73 94 0.233663
73 95 0.464730
73 96 0.699634
73 97 0.285429
73 98 0.477977
73 99 0.483146
74 75 0.321649
74 76 0.657143
74 77 0.298969
74 78 0.847870
74 79 0.801688
74 80 0.818182
74 81 0.831050
74 82 0.503333
74 83 0.761290
74 84 0.759874
74 85 0.795113
74 86 0.882448
74 87 0.446089
74 88 0.421995
74 89 0.894515
74 90 0.861888
74 91 0.920833
74 92 0.799189
74 93 0.921844
74 94 0.128713
74 95 0.232365
74 96 0.454212
74 97 0.580838
74 98 0.181077
74 99 0.307865
75 76 0.319048
75 77 0.022680
75 78 0.776876
75 79 0.778481
75 80 0.579760
75 81 0.579909
75 82 0.673333
75 83 0.784946
75 84 0.526066
75 85 0.806391
75 86 0.822866
75 87 0.133192
75 88 0.432225
75 89 0.765823
75 90 0.807692
75 91 0.768750
75 92 0.789047
75 93 0.777555
75 94 0.378218
75 95 0.128631
75 96 0.175824
75 97 0.666667
75 98 0.202284
75 99 0.186517
76 77 0.292784
76 78 0.647059
76 79 0.691983
76 80 0.349914
76 81 0.312785
76 82 0.758333
76 83 0.739785
76 84 0.323855
76 85 0.744361
76 86 0.697262
76 87 0.150106
76 88 0.516624
76 89 0.584388
76 90 0.688811
76 91 0.568750
76 92 0.709939
76 93 0.583166
76 94 0.576238
76 95 0.338174
76 96 0.210623
76 97 0.690619
76 98 0.419250
76 99 0.332584
77 78 0.774848
77 79 0.770042
77 80 0.593482
77 81 0.591324
77 82 0.656667
77 83 0.774194
77 84 0.541864
77 85 0.798872
77 86 0.821256
77 87 0.150106
77 88 0.414322
77 89 0.765823
77 90 0.805944
77 91 0.772917
77 92 0.780933
77 93 0.779559
77 94 0.356436
77 95 0.109959
77 96 0.195971
77 97 0.652695
77 98 0.192496
77 99 0.173034
78 79 0.137131
78 80 0.581475
78 81 0.486301
78 82 0.573333
78 83 0.253763
78 84 0.617694
78 85 0.210526
78 86 0.209340
78 87 0.739958
78 88 0.647059
78 89 0.147679
78 90 0.138112
78 91 0.218750
78 92 0.152130
78 93 0.212425
78 94 0.746535
78 95 0.728216
78 96 0.780220
78 97 0.395210
78 98 0.786297
78 99 0.705618
79 80 0.656947
79 81 0.557078
79 82 0.463333
79 83 0.113978
79 84 0.680885
79 85 0.129699
79 86 0.280193
79 87 0.729387
79 88 0.560102
79 89 0.270042
79 90 0.204545
79 91 0.339583
79 92 0.044625
79 93 0.338677
79 94 0.657426
79 95 0.678423
79 96 0.778388
79 97 0.269461
79 98 0.740620
79 99 0.656180
80 81 0.340183
80 82 0.998333
80 83 0.907527
80 84 0.093207
80 85 0.840226
80 86 0.648953
80 87 0.581395
80 88 0.941176
80 89 0.569620
80 90 0.680070
80 91 0.504167
80 92 0.815416
80 93 0.503006
80 94 0.956436
80 95 0.757261
80 96 0.534799
80 97 0.924152
80 98 0.752039
80 99 0.770787
81 82 0.751667
81 83 0.597849
81 84 0.298578
81 85 0.584586
81 86 0.497585
81 87 0.416490
81 88 0.585678
81 89 0.327004
81 90 0.486014
81 91 0.293750
81 92 0.537525
81 93 0.316633
81 94 0.702970
81 95 0.533195
81 96 0.463370
81 97 0.624750
81 98 0.615008
81 99 0.510112
82 83 0.483871
82 84 0.998420
82 85 0.501880
82 86 0.702093
82 87 0.898520
82 88 0.649616
82 89 0.837553
82 90 0.667832
82 91 0.897917
82 92 0.557809
82 93 0.883768
82 94 0.469307
82 95 0.707469
82 96 0.908425
82 97 0.295409
82 98 0.672104
82 99 0.734831
83 84 0.737757
83 85 0.127820
83 86 0.351047
83 87 0.739958
83 88 0.519182
83 89 0.377637
83 90 0.283217
83 91 0.445833
83 92 0.103448
83 93 0.442886
83 94 0.596040
83 95 0.657676
83 96 0.789377
83 97 0.169661
83 98 0.716150
83 99 0.638202
84 85 0.934211
84 86 0.742351
84 87 0.575053
84 88 0.997442
84 89 0.683544
84 90 0.777972
84 91 0.620833
84 92 0.914807
84 93 0.617234
84 94 0.980198
84 95 0.765560
84 96 0.500000
84 97 0.998004
84 98 0.735726
84 99 0.791011
85 86 0.272142
85 87 0.866808
85 88 0.693095
85 89 0.386076
85 90 0.206294
85 91 0.452083
85 92 0.095335
85 93 0.436874
85 94 0.730693
85 95 0.796680
85 96 0.897436
85 97 0.289421
85 98 0.827080
85 99 0.786517
86 87 0.997886
86 88 0.979540
86 89 0.329114
86 90 0.097902
86 91 0.350000
86 92 0.338742
86 93 0.310621
86 94 0.998020
86 95 0.997925
86 96 0.998168
86 97 0.606786
86 98 0.998369
86 99 0.997753
87 88 0.445013
87 89 0.675105
87 90 0.748252
87 91 0.668750
87 92 0.742394
87 93 0.681363
87 94 0.465347
87 95 0.211618
87 96 0.146520
87 97 0.668663
87 98 0.303426
87 99 0.222472
88 89 0.548523
88 90 0.575175
88 91 0.585417
88 92 0.478702
88 93 0.595190
88 94 0.263366
88 95 0.236515
88 96 0.459707
88 97 0.329341
88 98 0.384992
88 99 0.191011
89 90 0.215035
89 91 0.072917
89 92 0.288032
89 93 0.086172
89 94 0.776238
89 95 0.707469
89 96 0.714286
89 97 0.497006
89 98 0.769984
89 99 0.683146
90 91 0.304167
90 92 0.225152
90 93 0.276553
90 94 0.887129
90 95 0.890041
90 96 0.921245
90 97 0.495010
90 98 0.913540
90 99 0.883146
91 92 0.361055
91 93 0.036072
91 94 0.819802
91 95 0.732365
91 96 0.710623
91 97 0.564870
91 98 0.787928
91 99 0.712360
92 93 0.362725
92 94 0.681188
92 95 0.717842
92 96 0.816850
92 97 0.271457
92 98 0.769984
92 99 0.698876
93 94 0.851485
93 95 0.771784
93 96 0.743590
93 97 0.582834
93 98 0.817292
93 99 0.752809
94 95 0.275934
94 96 0.525641
94 97 0.463074
94 98 0.285481
94 99 0.319101
95 96 0.287546
95 97 0.554890
95 98 0.213703
95 99 0.083146
96 97 0.826347
96 98 0.301794
96 99 0.379775
97 98 0.631321
97 99 0.564045
98 99 0.377528
