100 4950
0 1 0.997423
0 2 0.765808
0 3 0.710247
0 4 0.997980
0 5 0.998175
0 6 0.373225
0 7 0.862934
0 8 0.998039
0 9 0.835294
0 10 0.997763
0 11 0.997877
0 12 0.400411
0 13 0.956044
0 14 0.501247
0 15 0.595455
0 16 0.813218
0 17 0.295195
0 18 0.327670
0 19 0.566957
0 20 0.997319
0 21 0.742251
0 22 0.966746
0 23 0.997768
0 24 0.680952
0 25 0.485493
0 26 0.191304
0 27 0.676329
0 28 0.220126
0 29 0.362105
0 30 0.630476
0 31 0.305182
0 32 0.796460
0 33 0.146739
0 34 0.652336
0 35 0.842532
0 36 0.370370
0 37 0.675781
0 38 0.904950
0 39 0.559585
0 40 0.900917
0 41 0.635081
0 42 0.904425
0 43 0.856874
0 44 0.347826
0 45 0.754430
0 46 0.827664
0 47 0.893617
0 48 0.773420
0 49 0.885655
0 50 0.492347
0 51 0.496868
0 52 0.846482
0 53 0.771930
0 54 0.595357
0 55 0.812741
0 56 0.551648
0 57 0.421429
0 58 0.339662
0 59 0.841336
0 60 0.189542
0 61 0.829868
0 62 0.676399
0 63 0.753846
0 64 0.255102
0 65 0.390135
0 66 0.121528
0 67 0.587879
0 68 0.846847
0 69 0.754682
0 70 0.769397
0 71 0.771670
0 72 0.773810
0 73 0.885350
0 74 0.879570
0 75 0.869067
0 76 0.533800
0 77 0.820459
0 78 0.478548
0 79 0.397802
0 80 0.693431
0 81 0.858586
0 82 0.728285
0 83 0.526316
0 84 0.811594
0 85 0.870861
0 86 0.193133
0 87 0.825688
0 88 0.092496
0 89 0.860781
0 90 0.721239
0 91 0.680995
0 92 0.475046
0 93 0.185606
0 94 0.562500
0 95 0.703358
0 96 0.785714
0 97 0.364452
0 98 0.853470
0 99 0.621575
1 2 0.997658
1 3 0.996466
1 4 0.298990
1 5 0.625912
1 6 0.470588
1 7 0.173745
1 8 0.623529
1 9 0.172549
1 10 0.246085
1 11 0.331210
1 12 0.825462
1 13 0.173077
1 14 0.463840
1 15 0.331818
1 16 0.307471
1 17 0.807780
1 18 0.703883
1 19 0.841739
1 20 0.576408
1 21 0.228385
1 22 0.270784
1 23 0.406250
1 24 0.680952
1 25 0.415861
1 26 0.680435
1 27 0.258454
1 28 0.627358
1 29 0.482105
1 30 0.740952
1 31 0.794626
1 32 0.141593
1 33 0.615942
1 34 0.745794
1 35 0.569805
1 36 0.627160
1 37 0.185547
1 38 0.281188
1 39 0.445596
1 40 0.337615
1 41 0.727823
1 42 0.353982
1 43 0.435028
1 44 0.488613
1 45 0.245570
1 46 0.106576
1 47 0.377660
1 48 0.627451
1 49 0.295218
1 50 0.502551
1 51 0.739040
1 52 0.392324
1 53 0.563910
1 54 0.777778
1 55 0.559846
1 56 0.716484
1 57 0.500000
1 58 0.497890
1 59 0.415449
1 60 0.627451
1 61 0.512287
1 62 0.676399
1 63 0.623077
1 64 0.571429
1 65 0.744395
1 66 0.644097
1 67 0.733333
1 68 0.495495
1 69 0.737828
1 70 0.642241
1 71 0.644820
1 72 0.682540
1 73 0.284501
1 74 0.296774
1 75 0.487725
1 76 0.708625
1 77 0.488518
1 78 0.797030
1 79 0.465934
1 80 0.248175
1 81 0.387879
1 82 0.692650
1 83 0.404306
1 84 0.454106
1 85 0.475166
1 86 0.753219
1 87 0.428899
1 88 0.659686
1 89 0.485569
1 90 0.694690
1 91 0.692308
1 92 0.768946
1 93 0.589015
1 94 0.682292
1 95 0.740672
1 96 0.636905
1 97 0.497307
1 98 0.316195
1 99 0.768836
2 3 0.625442
2 4 0.874747
2 5 0.605839
2 6 0.803245
2 7 0.998069
2 8 0.590196
2 9 0.998039
2 10 0.894855
2 11 0.823779
2 12 0.279261
2 13 0.997253
2 14 0.795511
2 15 0.925000
2 16 0.982759
2 17 0.457666
2 18 0.560680
2 19 0.121739
2 20 0.648794
2 21 0.911909
2 22 0.843230
2 23 0.754464
2 24 0.333333
2 25 0.887814
2 26 0.584783
2 27 0.879227
2 28 0.723270
2 29 0.783158
2 30 0.081905
2 31 0.345489
2 32 0.895575
2 33 0.684783
2 34 0.091589
2 35 0.469156
2 36 0.637037
2 37 0.902344
2 38 0.760396
2 39 0.821244
2 40 0.719266
2 41 0.135081
2 42 0.718584
2 43 0.576271
2 44 0.780538
2 45 0.860759
2 46 0.863946
2 47 0.679078
2 48 0.357298
2 49 0.727651
2 50 0.765306
2 51 0.206681
2 52 0.614072
2 53 0.508772
2 54 0.071310
2 55 0.422780
2 56 0.241758
2 57 0.757143
2 58 0.763713
2 59 0.584551
2 60 0.709150
2 61 0.480151
2 62 0.360097
2 63 0.469231
2 64 0.753401
2 65 0.367713
2 66 0.671875
2 67 0.129293
2 68 0.517117
2 69 0.209738
2 70 0.334052
2 71 0.325581
2 72 0.279762
2 73 0.738854
2 74 0.724731
2 75 0.566285
2 76 0.324009
2 77 0.503132
2 78 0.163366
2 79 0.791209
2 80 0.875912
2 81 0.620202
2 82 0.276169
2 83 0.851675
2 84 0.596618
2 85 0.576159
2 86 0.515021
2 87 0.594037
2 88 0.652705
2 89 0.550085
2 90 0.267699
2 91 0.273756
2 92 0.136784
2 93 0.698864
2 94 0.484375
2 95 0.145522
2 96 0.331349
2 97 0.818671
2 98 0.781491
2 99 0.059932
3 4 0.684848
3 5 0.633212
3 6 0.446247
3 7 0.708494
3 8 0.605882
3 9 0.694118
3 10 0.659955
3 11 0.645435
3 12 0.246407
3 13 0.612637
3 14 0.354115
3 15 0.529545
3 16 0.520115
3 17 0.210526
3 18 0.167476
3 19 0.375652
3 20 0.479893
3 21 0.652529
3 22 0.591449
3 23 0.598214
3 24 0.202381
3 25 0.543520
3 26 0.254348
3 27 0.478261
3 28 0.487421
3 29 0.410526
3 30 0.302857
3 31 0.268714
3 32 0.638938
3 33 0.403986
3 34 0.328972
3 35 0.516234
3 36 0.207407
3 37 0.576172
3 38 0.582178
3 39 0.367876
3 40 0.585321
3 41 0.270161
3 42 0.598230
3 43 0.497175
3 44 0.416149
3 45 0.468354
3 46 0.548753
3 47 0.576241
3 48 0.335512
3 49 0.538462
3 50 0.313776
3 51 0.169102
3 52 0.456290
3 53 0.283208
3 54 0.363184
3 55 0.424710
3 56 0.151648
3 57 0.333333
3 58 0.394515
3 59 0.450939
3 60 0.464052
3 61 0.453686
3 62 0.187348
3 63 0.243590
3 64 0.474490
3 65 0.118834
3 66 0.418403
3 67 0.238384
3 68 0.490090
3 69 0.402622
3 70 0.336207
3 71 0.346723
3 72 0.382937
3 73 0.535032
3 74 0.520430
3 75 0.548282
3 76 0.090909
3 77 0.411273
3 78 0.338284
3 79 0.400000
3 80 0.476886
3 81 0.486869
3 82 0.285078
3 83 0.428230
3 84 0.367150
3 85 0.549669
3 86 0.251073
3 87 0.401376
3 88 0.408377
3 89 0.528014
3 90 0.283186
3 91 0.233032
3 92 0.260628
3 93 0.392045
3 94 0.057292
3 95 0.363806
3 96 0.386905
3 97 0.506284
3 98 0.457584
3 99 0.359589
4 5 0.423358
4 6 0.744422
4 7 0.366795
4 8 0.431373
4 9 0.403922
4 10 0.107383
4 11 0.097665
4 12 0.932238
4 13 0.414835
4 14 0.743142
4 15 0.652273
4 16 0.623563
4 17 0.979405
4 18 0.907767
4 19 0.869565
4 20 0.509383
4 21 0.406199
4 22 0.213777
4 23 0.220982
4 24 0.723810
4 25 0.698259
4 26 0.893478
4 27 0.560386
4 28 0.838050
4 29 0.755789
4 30 0.740952
4 31 0.919386
4 32 0.299115
4 33 0.840580
4 34 0.732710
4 35 0.415584
4 36 0.854321
4 37 0.474609
4 38 0.095050
4 39 0.730570
4 40 0.106422
4 41 0.735887
4 42 0.111504
4 43 0.276836
4 44 0.759834
4 45 0.506329
4 46 0.315193
4 47 0.152482
4 48 0.588235
4 49 0.172557
4 50 0.770408
4 51 0.812109
4 52 0.307036
4 53 0.598997
4 54 0.779436
4 55 0.455598
4 56 0.784615
4 57 0.769048
4 58 0.765823
4 59 0.319415
4 60 0.839869
4 61 0.385633
4 62 0.729927
4 63 0.671795
4 64 0.802721
4 65 0.881166
4 66 0.857639
4 67 0.763636
4 68 0.340541
4 69 0.679775
4 70 0.603448
4 71 0.598309
4 72 0.619048
4 73 0.186837
4 74 0.212903
4 75 0.297872
4 76 0.806527
4 77 0.405010
4 78 0.844884
4 79 0.745055
4 80 0.545012
4 81 0.258586
4 82 0.685969
4 83 0.705742
4 84 0.468599
4 85 0.283113
4 86 0.942060
4 87 0.401376
4 88 0.869110
4 89 0.305603
4 90 0.688053
4 91 0.714932
4 92 0.828096
4 93 0.823864
4 94 0.825521
4 95 0.707090
4 96 0.563492
4 97 0.752244
4 98 0.424165
4 99 0.760274
5 6 0.997972
5 7 0.797297
5 8 0.074510
5 9 0.829412
5 10 0.539150
5 11 0.416136
5 12 0.864476
5 13 0.835165
5 14 0.997506
5 15 0.997727
5 16 0.997126
5 17 0.997712
5 18 0.997573
5 19 0.697391
5 20 0.482574
5 21 0.769984
5 22 0.543943
5 23 0.357143
5 24 0.638095
5 25 0.998066
5 26 0.997826
5 27 0.900966
5 28 0.998428
5 29 0.997895
5 30 0.556190
5 31 0.884837
5 32 0.695575
5 33 0.998188
5 34 0.528972
5 35 0.074675
5 36 0.997531
5 37 0.843750
5 38 0.409901
5 39 0.997409
5 40 0.319266
5 41 0.568548
5 42 0.302655
5 43 0.216573
5 44 0.997930
5 45 0.837975
5 46 0.693878
5 47 0.257092
5 48 0.433551
5 49 0.417879
5 50 0.997449
5 51 0.724426
5 52 0.373134
5 53 0.601504
5 54 0.585406
5 55 0.247104
5 56 0.698901
5 57 0.997619
5 58 0.997890
5 59 0.338205
5 60 0.998366
5 61 0.204159
5 62 0.664234
5 63 0.648718
5 64 0.998299
5 65 0.869955
5 66 0.998264
5 67 0.618182
5 68 0.144144
5 69 0.421348
5 70 0.431034
5 71 0.412262
5 72 0.382937
5 73 0.443737
5 74 0.445161
5 75 0.081833
5 76 0.764569
5 77 0.327766
5 78 0.711221
5 79 0.997802
5 80 0.885645
5 81 0.315152
5 82 0.530067
5 83 0.997608
5 84 0.536232
5 85 0.099338
5 86 0.997854
5 87 0.461009
5 88 0.998255
5 89 0.095076
5 90 0.530973
5 91 0.592760
5 92 0.709797
5 93 0.998106
5 94 0.861979
5 95 0.477612
5 96 0.339286
5 97 0.998205
5 98 0.676093
5 99 0.556507
6 7 0.528958
6 8 0.896078
6 9 0.490196
6 10 0.715884
6 11 0.755839
6 12 0.618070
6 13 0.593407
6 14 0.234414
6 15 0.197727
6 16 0.439655
6 17 0.514874
6 18 0.412621
6 19 0.739130
6 20 0.841823
6 21 0.445351
6 22 0.695962
6 23 0.785714
6 24 0.688095
6 25 0.137331
6 26 0.330435
6 27 0.323671
6 28 0.262579
6 29 0.050526
6 30 0.720000
6 31 0.550864
6 32 0.495575
6 33 0.211957
6 34 0.738318
6 35 0.777597
6 36 0.338272
6 37 0.330078
6 38 0.675248
6 39 0.274611
6 40 0.702752
6 41 0.711694
6 42 0.711504
6 43 0.715631
6 44 0.041408
6 45 0.432911
6 46 0.517007
6 47 0.716312
6 48 0.740741
6 49 0.663202
6 50 0.272959
6 51 0.620042
6 52 0.678038
6 53 0.674185
6 54 0.724710
6 55 0.745174
6 56 0.635165
6 57 0.195238
6 58 0.071730
6 59 0.686848
6 60 0.248366
6 61 0.735350
6 62 0.676399
6 63 0.687179
6 64 0.178571
6 65 0.535874
6 66 0.253472
6 67 0.682828
6 68 0.740541
6 69 0.797753
6 70 0.747845
6 71 0.752643
6 72 0.779762
6 73 0.658174
6 74 0.655914
6 75 0.752864
6 76 0.603730
6 77 0.707724
6 78 0.665017
6 79 0.087912
6 80 0.347932
6 81 0.690909
6 82 0.739421
6 83 0.179426
6 84 0.654589
6 85 0.748344
6 86 0.424893
6 87 0.665138
6 88 0.275742
6 89 0.747029
6 90 0.738938
6 91 0.705882
6 92 0.641405
6 93 0.168561
6 94 0.565104
6 95 0.768657
6 96 0.763889
6 97 0.118492
6 98 0.596401
6 99 0.736301
7 8 0.768627
7 9 0.050980
7 10 0.384787
7 11 0.460722
7 12 0.997947
7 13 0.420330
7 14 0.635910
7 15 0.425000
7 16 0.534483
7 17 0.988558
7 18 0.893204
7 19 0.998261
7 20 0.812332
7 21 0.096248
7 22 0.458432
7 23 0.569196
7 24 0.897619
7 25 0.450677
7 26 0.832609
7 27 0.425121
7 28 0.682390
7 29 0.585263
7 30 0.914286
7 31 0.950096
7 32 0.035398
7 33 0.706522
7 34 0.914019
7 35 0.693182
7 36 0.812346
7 37 0.205078
7 38 0.407921
7 39 0.629534
7 40 0.444037
7 41 0.911290
7 42 0.446018
7 43 0.578154
7 44 0.587992
7 45 0.458228
7 46 0.310658
7 47 0.482270
7 48 0.823529
7 49 0.451143
7 50 0.686224
7 51 0.922756
7 52 0.571429
7 53 0.791980
7 54 0.927032
7 55 0.723938
7 56 0.912088
7 57 0.657143
7 58 0.607595
7 59 0.590814
7 60 0.691176
7 61 0.667297
7 62 0.897810
7 63 0.856410
7 64 0.627551
7 65 0.930493
7 66 0.729167
7 67 0.915152
7 68 0.634234
7 69 0.904494
7 70 0.836207
7 71 0.835095
7 72 0.859127
7 73 0.447983
7 74 0.466667
7 75 0.597381
7 76 0.913753
7 77 0.668058
7 78 0.942244
7 79 0.584615
7 80 0.425791
7 81 0.547475
7 82 0.893096
7 83 0.545455
7 84 0.671498
7 85 0.586093
7 86 0.912017
7 87 0.630734
7 88 0.750436
7 89 0.606112
7 90 0.896018
7 91 0.898190
7 92 0.931608
7 93 0.683712
7 94 0.906250
7 95 0.910448
7 96 0.811508
7 97 0.540395
7 98 0.550129
7 99 0.922945
8 9 0.786275
8 10 0.494407
8 11 0.382166
8 12 0.790554
8 13 0.755495
8 14 0.907731
8 15 0.922727
8 16 0.902299
8 17 0.910755
8 18 0.905340
8 19 0.643478
8 20 0.386059
8 21 0.735726
8 22 0.484561
8 23 0.305804
8 24 0.547619
8 25 0.936170
8 26 0.915217
8 27 0.823671
8 28 0.940252
8 29 0.922105
8 30 0.493333
8 31 0.813820
8 32 0.660177
8 33 0.931159
8 34 0.471028
8 35 0.056818
8 36 0.906173
8 37 0.789062
8 38 0.372277
8 39 0.906736
8 40 0.297248
8 41 0.500000
8 42 0.286726
8 43 0.163842
8 44 0.925466
8 45 0.756962
8 46 0.632653
8 47 0.241135
8 48 0.350763
8 49 0.367983
8 50 0.905612
8 51 0.647182
8 52 0.304904
8 53 0.506266
8 54 0.537313
8 55 0.175676
8 56 0.617582
8 57 0.911905
8 58 0.921941
8 59 0.269311
8 60 0.937908
8 61 0.132325
8 62 0.571776
8 63 0.551282
8 64 0.937075
8 65 0.786996
8 66 0.934028
8 67 0.547475
8 68 0.082883
8 69 0.367041
8 70 0.353448
8 71 0.336152
8 72 0.317460
8 73 0.390658
8 74 0.387097
8 75 0.083470
8 76 0.675991
8 77 0.248434
8 78 0.656766
8 79 0.918681
8 80 0.807786
8 81 0.256566
8 82 0.447661
8 83 0.916268
8 84 0.449275
8 85 0.097682
8 86 0.916309
8 87 0.380734
8 88 0.931937
8 89 0.067912
8 90 0.451327
8 91 0.509050
8 92 0.645102
8 93 0.928030
8 94 0.763021
8 95 0.419776
8 96 0.269841
8 97 0.937163
8 98 0.591260
8 99 0.505137
9 10 0.409396
9 11 0.486200
9 12 0.969199
9 13 0.409341
9 14 0.588529
9 15 0.372727
9 16 0.497126
9 17 0.951945
9 18 0.851942
9 19 0.980870
9 20 0.812332
9 21 0.083197
9 22 0.470309
9 23 0.589286
9 24 0.880952
9 25 0.400387
9 26 0.791304
9 27 0.384058
9 28 0.643082
9 29 0.538947
9 30 0.902857
9 31 0.919386
9 32 0.074336
9 33 0.663043
9 34 0.904673
9 35 0.704545
9 36 0.770370
9 37 0.158203
9 38 0.429703
9 39 0.585492
9 40 0.467890
9 41 0.897177
9 42 0.472566
9 43 0.591337
9 44 0.540373
9 45 0.430380
9 46 0.303855
9 47 0.505319
9 48 0.816993
9 49 0.465696
9 50 0.642857
9 51 0.899791
9 52 0.577825
9 53 0.776942
9 54 0.915423
9 55 0.729730
9 56 0.892308
9 57 0.609524
9 58 0.561181
9 59 0.597077
9 60 0.650327
9 61 0.676749
9 62 0.878345
9 63 0.838462
9 64 0.585034
9 65 0.899103
9 66 0.687500
9 67 0.898990
9 68 0.646847
9 69 0.900749
9 70 0.831897
9 71 0.830867
9 72 0.857143
9 73 0.460722
9 74 0.479570
9 75 0.615385
9 76 0.888112
9 77 0.672234
9 78 0.922442
9 79 0.536264
9 80 0.386861
9 81 0.559596
9 82 0.884187
9 83 0.497608
9 84 0.664251
9 85 0.604305
9 86 0.873391
9 87 0.630734
9 88 0.710297
9 89 0.623090
9 90 0.884956
9 91 0.884615
9 92 0.911275
9 93 0.640152
9 94 0.877604
9 95 0.902985
9 96 0.811508
9 97 0.495512
9 98 0.539846
9 99 0.912671
10 11 0.097665
10 12 0.845996
10 13 0.285714
10 14 0.623441
10 15 0.552273
10 16 0.488506
10 17 0.874142
10 18 0.796117
10 19 0.810435
10 20 0.428954
10 21 0.376835
10 22 0.109264
10 23 0.191964
10 24 0.635714
10 25 0.615087
10 26 0.789130
10 27 0.449275
10 28 0.764151
10 29 0.654737
10 30 0.681905
10 31 0.834933
10 32 0.269027
10 33 0.753623
10 34 0.676636
10 35 0.415584
10 36 0.738272
10 37 0.402344
10 38 0.067327
10 39 0.606218
10 40 0.135780
10 41 0.669355
10 42 0.157522
10 43 0.259887
10 44 0.662526
10 45 0.384810
10 46 0.210884
10 47 0.182624
10 48 0.525054
10 49 0.110187
10 50 0.647959
10 51 0.728601
10 52 0.245203
10 53 0.503759
10 54 0.728027
10 55 0.420849
10 56 0.698901
10 57 0.654762
10 58 0.666667
10 59 0.265136
10 60 0.763072
10 61 0.359168
10 62 0.637470
10 63 0.574359
10 64 0.724490
10 65 0.782511
10 66 0.774306
10 67 0.690909
10 68 0.329730
10 69 0.636704
10 70 0.540948
10 71 0.541226
10 72 0.571429
10 73 0.112527
10 74 0.135484
10 75 0.315876
10 76 0.710956
10 77 0.352818
10 78 0.783828
10 79 0.641758
10 80 0.430657
10 81 0.218182
10 82 0.614699
10 83 0.590909
10 84 0.374396
10 85 0.301325
10 86 0.841202
10 87 0.321101
10 88 0.785340
10 89 0.314092
10 90 0.617257
10 91 0.635747
10 92 0.757856
10 93 0.732955
10 94 0.710938
10 95 0.658582
10 96 0.517857
10 97 0.671454
10 98 0.305913
10 99 0.710616
11 12 0.854209
11 13 0.384615
11 14 0.698254
11 15 0.640909
11 16 0.583333
11 17 0.901602
11 18 0.834951
11 19 0.793043
11 20 0.391421
11 21 0.450245
11 22 0.149644
11 23 0.118304
11 24 0.623810
11 25 0.694391
11 26 0.832609
11 27 0.536232
11 28 0.816038
11 29 0.726316
11 30 0.657143
11 31 0.850288
11 32 0.348673
11 33 0.807971
11 34 0.648598
11 35 0.349026
11 36 0.787654
11 37 0.490234
11 38 0.027723
11 39 0.681347
11 40 0.051376
11 41 0.647177
11 42 0.079646
11 43 0.192090
11 44 0.730849
11 45 0.468354
11 46 0.301587
11 47 0.099291
11 48 0.490196
11 49 0.093555
11 50 0.714286
11 51 0.726514
11 52 0.213220
11 53 0.498747
11 54 0.704809
11 55 0.366795
11 56 0.694505
11 57 0.723810
11 58 0.734177
11 59 0.223382
11 60 0.815359
11 61 0.298677
11 62 0.630170
11 63 0.569231
11 64 0.784014
11 65 0.800448
11 66 0.822917
11 67 0.674747
11 68 0.261261
11 69 0.593633
11 70 0.504310
11 71 0.501057
11 72 0.527778
11 73 0.110403
11 74 0.133333
11 75 0.242226
11 76 0.715618
11 77 0.308977
11 78 0.773927
11 79 0.714286
11 80 0.518248
11 81 0.165657
11 82 0.585746
11 83 0.672249
11 84 0.371981
11 85 0.226821
11 86 0.875536
11 87 0.307339
11 88 0.832461
11 89 0.241087
11 90 0.590708
11 91 0.617647
11 92 0.750462
11 93 0.789773
11 94 0.734375
11 95 0.623134
11 96 0.472222
11 97 0.741472
11 98 0.352185
11 99 0.683219
12 13 0.942308
12 14 0.613466
12 15 0.765909
12 16 0.859195
12 17 0.176201
12 18 0.320388
12 19 0.231304
12 20 0.747989
12 21 0.841762
12 22 0.869359
12 23 0.837054
12 24 0.380952
12 25 0.715667
12 26 0.332609
12 27 0.758454
12 28 0.522013
12 29 0.583158
12 30 0.287619
12 31 0.084453
12 32 0.851327
12 33 0.461957
12 34 0.314019
12 35 0.623377
12 36 0.422222
12 37 0.798828
12 38 0.807921
12 39 0.650259
12 40 0.785321
12 41 0.294355
12 42 0.789381
12 43 0.677966
12 44 0.579710
12 45 0.772152
12 46 0.823129
12 47 0.762411
12 48 0.488017
12 49 0.773389
12 50 0.579082
12 51 0.156576
12 52 0.682303
12 53 0.543860
12 54 0.271973
12 55 0.567568
12 56 0.230769
12 57 0.559524
12 58 0.561181
12 59 0.665971
12 60 0.501634
12 61 0.610586
12 62 0.389294
12 63 0.500000
12 64 0.552721
12 65 0.159193
12 66 0.449653
12 67 0.240404
12 68 0.643243
12 69 0.430712
12 70 0.476293
12 71 0.477801
12 72 0.466270
12 73 0.777070
12 74 0.763441
12 75 0.689034
12 76 0.251748
12 77 0.605428
12 78 0.169967
12 79 0.595604
12 80 0.761557
12 81 0.698990
12 82 0.407572
12 83 0.677033
12 84 0.630435
12 85 0.695364
12 86 0.244635
12 87 0.646789
12 88 0.427574
12 89 0.674024
12 90 0.400442
12 91 0.364253
12 92 0.114603
12 93 0.477273
12 94 0.367188
12 95 0.371269
12 96 0.500000
12 97 0.630162
12 98 0.763496
12 99 0.291096
13 14 0.369077
13 15 0.322727
13 16 0.189655
13 17 0.686499
13 18 0.582524
13 19 0.733913
13 20 0.423592
13 21 0.326264
13 22 0.192399
13 23 0.330357
13 24 0.530952
13 25 0.425532
13 26 0.584783
13 27 0.198068
13 28 0.599057
13 29 0.435789
13 30 0.620952
13 31 0.689060
13 32 0.251327
13 33 0.567029
13 34 0.628037
13 35 0.495130
13 36 0.508642
13 37 0.251953
13 38 0.247525
13 39 0.341969
13 40 0.308257
13 41 0.600806
13 42 0.329204
13 43 0.355932
13 44 0.445135
13 45 0.126582
13 46 0.043084
13 47 0.340426
13 48 0.492375
13 49 0.226611
13 50 0.392857
13 51 0.609603
13 52 0.285714
13 53 0.406015
13 54 0.673300
13 55 0.453668
13 56 0.580220
13 57 0.411905
13 58 0.447257
13 59 0.311065
13 60 0.593137
13 61 0.417769
13 62 0.523114
13 63 0.461538
13 64 0.547619
13 65 0.614350
13 66 0.595486
13 67 0.606061
13 68 0.414414
13 69 0.621723
13 70 0.510776
13 71 0.517970
13 72 0.561508
13 73 0.210191
13 74 0.210753
13 75 0.432079
13 76 0.566434
13 77 0.373695
13 78 0.694719
13 79 0.413187
13 80 0.177616
13 81 0.298990
13 82 0.552339
13 83 0.342105
13 84 0.306763
13 85 0.420530
13 86 0.650215
13 87 0.295872
13 88 0.607330
13 89 0.421053
13 90 0.555310
13 91 0.549774
13 92 0.656192
13 93 0.537879
13 94 0.526042
13 95 0.625000
13 96 0.519841
13 97 0.488330
13 98 0.156812
13 99 0.660959
14 15 0.206818
14 16 0.238506
14 17 0.414188
14 18 0.281553
14 19 0.622609
14 20 0.589812
14 21 0.446982
14 22 0.513064
14 23 0.598214
14 24 0.476190
14 25 0.274662
14 26 0.278261
14 27 0.193237
14 28 0.378931
14 29 0.155789
14 30 0.561905
14 31 0.472169
14 32 0.449558
14 33 0.300725
14 34 0.581308
14 35 0.625000
14 36 0.190123
14 37 0.322266
14 38 0.526733
14 39 0.041451
14 40 0.557798
14 41 0.540323
14 42 0.573451
14 43 0.548023
14 44 0.169772
14 45 0.248101
14 46 0.374150
14 47 0.570922
14 48 0.535948
14 49 0.496881
14 50 0.048469
14 51 0.467641
14 52 0.486141
14 53 0.436090
14 54 0.598673
14 55 0.563707
14 56 0.459341
14 57 0.057143
14 58 0.154008
14 59 0.498956
14 60 0.359477
14 61 0.557656
14 62 0.459854
14 63 0.448718
14 64 0.319728
14 65 0.394619
14 66 0.338542
14 67 0.519192
14 68 0.574775
14 69 0.631086
14 70 0.547414
14 71 0.556025
14 72 0.595238
14 73 0.486200
14 74 0.479570
14 75 0.607201
14 76 0.417249
14 77 0.511482
14 78 0.566007
14 79 0.118681
14 80 0.204380
14 81 0.511111
14 82 0.538976
14 83 0.088517
14 84 0.429952
14 85 0.600993
14 86 0.364807
14 87 0.454128
14 88 0.347295
14 89 0.594228
14 90 0.539823
14 91 0.504525
14 92 0.519409
14 93 0.259470
14 94 0.346354
14 95 0.604478
14 96 0.577381
14 97 0.287253
14 98 0.377892
14 99 0.599315
15 16 0.264368
15 17 0.617849
15 18 0.500000
15 19 0.780870
15 20 0.723861
15 21 0.314845
15 22 0.529691
15 23 0.642857
15 24 0.669048
15 25 0.150870
15 26 0.452174
15 27 0.157005
15 28 0.399371
15 29 0.191579
15 30 0.725714
15 31 0.641075
15 32 0.341593
15 33 0.367754
15 34 0.738318
15 35 0.702922
15 36 0.409877
15 37 0.164062
15 38 0.530693
15 39 0.233161
15 40 0.568807
15 41 0.711694
15 42 0.580531
15 43 0.610169
15 44 0.200828
15 45 0.270886
15 46 0.340136
15 47 0.592199
15 48 0.688453
15 49 0.521830
15 50 0.280612
15 51 0.655532
15 52 0.560768
15 53 0.606516
15 54 0.746269
15 55 0.671815
15 56 0.652747
15 57 0.245238
15 58 0.213080
15 59 0.578288
15 60 0.392157
15 61 0.648393
15 62 0.656934
15 63 0.638462
15 64 0.323129
15 65 0.600897
15 66 0.404514
15 67 0.694949
15 68 0.648649
15 69 0.775281
15 70 0.700431
15 71 0.706131
15 72 0.740079
15 73 0.511677
15 74 0.513978
15 75 0.657938
15 76 0.624709
15 77 0.615866
15 78 0.717822
15 79 0.178022
15 80 0.180049
15 81 0.571717
15 82 0.712695
15 83 0.129187
15 84 0.553140
15 85 0.650662
15 86 0.542918
15 87 0.557339
15 88 0.424084
15 89 0.651952
15 90 0.712389
15 91 0.687783
15 92 0.687616
15 93 0.329545
15 94 0.575521
15 95 0.757463
15 96 0.712302
15 97 0.236984
15 98 0.452442
15 99 0.750000
16 17 0.565217
16 18 0.444175
16 19 0.683478
16 20 0.477212
16 21 0.357259
16 22 0.332542
16 23 0.446429
16 24 0.490476
16 25 0.326886
16 26 0.450000
16 27 0.067633
16 28 0.496855
16 29 0.298947
16 30 0.590476
16 31 0.593090
16 32 0.322124
16 33 0.447464
16 34 0.601869
16 35 0.551948
16 36 0.360494
16 37 0.234375
16 38 0.372277
16 39 0.173575
16 40 0.420183
16 41 0.566532
16 42 0.438938
16 43 0.436911
16 44 0.310559
16 45 0.043038
16 46 0.185941
16 47 0.443262
16 48 0.498911
16 49 0.345114
16 50 0.232143
16 51 0.540710
16 52 0.364606
16 53 0.390977
16 54 0.638474
16 55 0.496139
16 56 0.516484
16 57 0.254762
16 58 0.308017
16 59 0.384134
16 60 0.485294
16 61 0.474480
16 62 0.476886
16 63 0.430769
16 64 0.438776
16 65 0.511211
16 66 0.479167
16 67 0.561616
16 68 0.482883
16 69 0.621723
16 70 0.515086
16 71 0.524313
16 72 0.569444
16 73 0.331210
16 74 0.326882
16 75 0.509002
16 76 0.487179
16 77 0.423800
16 78 0.636964
16 79 0.268132
16 80 0.048662
16 81 0.387879
16 82 0.534521
16 83 0.186603
16 84 0.333333
16 85 0.500000
16 86 0.523605
16 87 0.346330
16 88 0.490401
16 89 0.497453
16 90 0.537611
16 91 0.515837
16 92 0.593346
16 93 0.410985
16 94 0.427083
16 95 0.611940
16 96 0.537698
16 97 0.382406
16 98 0.213368
16 99 0.631849
17 18 0.155340
17 19 0.363478
17 20 0.729223
17 21 0.743883
17 22 0.802850
17 23 0.803571
17 24 0.400000
17 25 0.572534
17 26 0.165217
17 27 0.618357
17 28 0.408805
17 29 0.427368
17 30 0.384762
17 31 0.122841
17 32 0.759292
17 33 0.326087
17 34 0.411215
17 35 0.655844
17 36 0.256790
17 37 0.675781
17 38 0.760396
17 39 0.492228
17 40 0.754128
17 41 0.377016
17 42 0.761062
17 43 0.672316
17 44 0.424431
17 45 0.648101
17 46 0.723356
17 47 0.739362
17 48 0.518519
17 49 0.725572
17 50 0.418367
17 51 0.227557
17 52 0.652452
17 53 0.516291
17 54 0.388060
17 55 0.592664
17 56 0.274725
17 57 0.395238
17 58 0.402954
17 59 0.645094
17 60 0.382353
17 61 0.623819
17 62 0.394161
17 63 0.479487
17 64 0.421769
17 65 0.107623
17 66 0.324653
17 67 0.327273
17 68 0.654054
17 69 0.514981
17 70 0.512931
17 71 0.517970
17 72 0.527778
17 73 0.726115
17 74 0.713978
17 75 0.698854
17 76 0.251748
17 77 0.603340
17 78 0.297030
17 79 0.435165
17 80 0.625304
17 81 0.674747
17 82 0.454343
17 83 0.516746
17 84 0.589372
17 85 0.700331
17 86 0.085837
17 87 0.614679
17 88 0.303665
17 89 0.682513
17 90 0.449115
17 91 0.402715
17 92 0.247689
17 93 0.331439
17 94 0.294271
17 95 0.462687
17 96 0.545635
17 97 0.491921
17 98 0.676093
17 99 0.404110
18 19 0.443478
18 20 0.632708
18 21 0.637847
18 22 0.676960
18 23 0.705357
18 24 0.366667
18 25 0.460348
18 26 0.104348
18 27 0.461353
18 28 0.378931
18 29 0.307368
18 30 0.419048
18 31 0.247601
18 32 0.646018
18 33 0.280797
18 34 0.444860
18 35 0.623377
18 36 0.096296
18 37 0.548828
18 38 0.659406
18 39 0.323834
18 40 0.667890
18 41 0.399194
18 42 0.677876
18 43 0.602637
18 44 0.308489
18 45 0.491139
18 46 0.585034
18 47 0.663121
18 48 0.483660
18 49 0.623701
18 50 0.252551
18 51 0.275574
18 52 0.565032
18 53 0.431078
18 54 0.447761
18 55 0.552124
18 56 0.287912
18 57 0.245238
18 58 0.284810
18 59 0.561587
18 60 0.351307
18 61 0.572779
18 62 0.352798
18 63 0.405128
18 64 0.363946
18 65 0.154709
18 66 0.298611
18 67 0.361616
18 68 0.601802
18 69 0.528090
18 70 0.484914
18 71 0.492600
18 72 0.519841
18 73 0.617834
18 74 0.606452
18 75 0.646481
18 76 0.242424
18 77 0.536534
18 78 0.384488
18 79 0.303297
18 80 0.467153
18 81 0.589899
18 82 0.438753
18 83 0.363636
18 84 0.490338
18 85 0.647351
18 86 0.137339
18 87 0.518349
18 88 0.287958
18 89 0.631579
18 90 0.435841
18 91 0.389140
18 92 0.327172
18 93 0.267045
18 94 0.210938
18 95 0.486940
18 96 0.523810
18 97 0.405745
18 98 0.537275
18 99 0.455479
19 20 0.831099
19 21 0.998369
19 22 0.997625
19 23 0.908482
19 24 0.476190
19 25 0.951644
19 26 0.617391
19 27 0.997585
19 28 0.731132
19 29 0.844211
19 30 0.217143
19 31 0.322457
19 32 0.998230
19 33 0.702899
19 34 0.220561
19 35 0.577922
19 36 0.713580
19 37 0.998047
19 38 0.895050
19 39 0.930052
19 40 0.845872
19 41 0.272177
19 42 0.840708
19 43 0.708098
19 44 0.838509
19 45 0.997468
19 46 0.997732
19 47 0.803191
19 48 0.507625
19 49 0.866944
19 50 0.864796
19 51 0.281837
19 52 0.759062
19 53 0.666667
19 54 0.089552
19 55 0.559846
19 56 0.347253
19 57 0.840476
19 58 0.824895
19 59 0.728601
19 60 0.718954
19 61 0.612476
19 62 0.503650
19 63 0.628205
19 64 0.778912
19 65 0.417040
19 66 0.680556
19 67 0.248485
19 68 0.643243
19 69 0.331461
19 70 0.482759
19 71 0.473573
19 72 0.416667
19 73 0.878981
19 74 0.866667
19 75 0.680851
19 76 0.428904
19 77 0.647182
19 78 0.072607
19 79 0.861538
19 80 0.997567
19 81 0.759596
19 82 0.427617
19 83 0.944976
19 84 0.751208
19 85 0.692053
19 86 0.530043
19 87 0.745413
19 88 0.657941
19 89 0.668930
19 90 0.418142
19 91 0.418552
19 92 0.144177
19 93 0.729167
19 94 0.598958
19 95 0.270522
19 96 0.470238
19 97 0.861759
19 98 0.938303
19 99 0.135274
20 21 0.579119
20 22 0.280285
20 23 0.218750
20 24 0.283333
20 25 0.669246
20 26 0.615217
20 27 0.497585
20 28 0.713836
20 29 0.621053
20 30 0.379048
20 31 0.596929
20 32 0.509735
20 33 0.672101
20 34 0.377570
20 35 0.267857
20 36 0.555556
20 37 0.554688
20 38 0.281188
20 39 0.536269
20 40 0.280734
20 41 0.352823
20 42 0.299115
20 43 0.158192
20 44 0.627329
20 45 0.417722
20 46 0.383220
20 47 0.267730
20 48 0.174292
20 49 0.224532
20 50 0.538265
20 51 0.432150
20 52 0.098081
20 53 0.162907
20 54 0.462687
20 55 0.152510
20 56 0.384615
20 57 0.566667
20 58 0.618143
20 59 0.083507
20 60 0.702614
20 61 0.141777
20 62 0.289538
20 63 0.217949
20 64 0.692177
20 65 0.511211
20 66 0.685764
20 67 0.379798
20 68 0.180180
20 69 0.340824
20 70 0.196121
20 71 0.202960
20 72 0.259921
20 73 0.227176
20 74 0.208602
20 75 0.260229
20 76 0.400932
20 77 0.052192
20 78 0.534653
20 79 0.604396
20 80 0.481752
20 81 0.135354
20 82 0.260579
20 83 0.576555
20 84 0.101449
20 85 0.254967
20 86 0.633047
20 87 0.066514
20 88 0.685864
20 89 0.229202
20 90 0.267699
20 91 0.287330
20 92 0.484288
20 93 0.655303
20 94 0.414062
20 95 0.360075
20 96 0.210317
20 97 0.680431
20 98 0.257069
20 99 0.436644
21 22 0.591449
21 23 0.698661
21 24 0.997619
21 25 0.425532
21 26 0.869565
21 27 0.487923
21 28 0.665094
21 29 0.595789
21 30 0.998095
21 31 0.998081
21 32 0.141593
21 33 0.706522
21 34 0.998131
21 35 0.787338
21 36 0.866667
21 37 0.214844
21 38 0.524752
21 39 0.689119
21 40 0.552294
21 41 0.997984
21 42 0.550442
21 43 0.687382
21 44 0.594203
21 45 0.551899
21 46 0.421769
21 47 0.586879
21 48 0.930283
21 49 0.569647
21 50 0.742347
21 51 0.997912
21 52 0.688699
21 53 0.904762
21 54 0.998342
21 55 0.828185
21 56 0.997802
21 57 0.695238
21 58 0.620253
21 59 0.705637
21 60 0.678105
21 61 0.773157
21 62 0.997567
21 63 0.969231
21 64 0.610544
21 65 0.997758
21 66 0.725694
21 67 0.997980
21 68 0.736937
21 69 0.998127
21 70 0.941810
21 71 0.940803
21 72 0.958333
21 73 0.569002
21 74 0.589247
21 75 0.693944
21 76 0.997669
21 77 0.780793
21 78 0.998350
21 79 0.602198
21 80 0.493917
21 81 0.662626
21 82 0.997773
21 83 0.578947
21 84 0.789855
21 85 0.683775
21 86 0.952790
21 87 0.750000
21 88 0.752182
21 89 0.706282
21 90 0.997788
21 91 0.997738
21 92 0.998152
21 93 0.685606
21 94 0.997396
21 95 0.998134
21 96 0.914683
21 97 0.517056
21 98 0.673522
21 99 0.998288
22 23 0.154018
22 24 0.523810
22 25 0.582205
22 26 0.700000
22 27 0.388889
22 28 0.715409
22 29 0.593684
22 30 0.598095
22 31 0.748560
22 32 0.309735
22 33 0.692029
22 34 0.596262
22 35 0.384740
22 36 0.637037
22 37 0.396484
22 38 0.097030
22 39 0.515544
22 40 0.163303
22 41 0.578629
22 42 0.191150
22 43 0.220339
22 44 0.600414
22 45 0.308861
22 46 0.176871
22 47 0.196809
22 48 0.431373
22 49 0.060291
22 50 0.553571
22 51 0.632568
22 52 0.164179
22 53 0.388471
22 54 0.655058
22 55 0.353282
22 56 0.597802
22 57 0.571429
22 58 0.601266
22 59 0.189979
22 60 0.710784
22 61 0.302457
22 62 0.525547
22 63 0.453846
22 64 0.676871
22 65 0.679372
22 66 0.713542
22 67 0.600000
22 68 0.290090
22 69 0.561798
22 70 0.450431
22 71 0.452431
22 72 0.494048
22 73 0.042463
22 74 0.051613
22 75 0.304419
22 76 0.601399
22 77 0.273486
22 78 0.707921
22 79 0.575824
22 80 0.369830
22 81 0.157576
22 82 0.514477
22 83 0.523923
22 84 0.263285
22 85 0.289735
22 86 0.748927
22 87 0.220183
22 88 0.722513
22 89 0.292020
22 90 0.519912
22 91 0.531674
22 92 0.670980
22 93 0.670455
22 94 0.591146
22 95 0.580224
22 96 0.442460
22 97 0.631957
22 98 0.192802
22 99 0.635274
23 24 0.516667
23 25 0.707930
23 26 0.780435
23 27 0.541063
23 28 0.800314
23 29 0.711579
23 30 0.560000
23 31 0.777351
23 32 0.417699
23 33 0.782609
23 34 0.553271
23 35 0.277597
23 36 0.730864
23 37 0.531250
23 38 0.108911
23 39 0.652850
23 40 0.099083
23 41 0.548387
23 42 0.125664
23 43 0.097928
23 44 0.718427
23 45 0.460759
23 46 0.333333
23 47 0.101064
23 48 0.379085
23 49 0.083160
23 50 0.676020
23 51 0.636743
23 52 0.117271
23 53 0.395990
23 54 0.618574
23 55 0.264479
23 56 0.600000
23 57 0.692857
23 58 0.717300
23 59 0.121086
23 60 0.797386
23 61 0.200378
23 62 0.525547
23 63 0.461538
23 64 0.773810
23 65 0.717489
23 66 0.796875
23 67 0.577778
23 68 0.174775
23 69 0.494382
23 70 0.394397
23 71 0.393235
23 72 0.422619
23 73 0.104034
23 74 0.105376
23 75 0.189853
23 76 0.622378
23 77 0.202505
23 78 0.696370
23 79 0.698901
23 80 0.520681
23 81 0.062626
23 82 0.476615
23 83 0.662679
23 84 0.280193
23 85 0.175497
23 86 0.811159
23 87 0.213303
23 88 0.802792
23 89 0.174873
23 90 0.482301
23 91 0.511312
23 92 0.665434
23 93 0.765152
23 94 0.640625
23 95 0.524254
23 96 0.367063
23 97 0.741472
23 98 0.311054
23 99 0.594178
24 25 0.661509
24 26 0.441304
24 27 0.555556
24 28 0.621069
24 29 0.560000
24 30 0.198095
24 31 0.376200
24 32 0.647788
24 33 0.557971
24 34 0.216822
24 35 0.381494
24 36 0.400000
24 37 0.636719
24 38 0.506931
24 39 0.502591
24 40 0.497248
24 41 0.151210
24 42 0.509735
24 43 0.374765
24 44 0.563147
24 45 0.511392
24 46 0.546485
24 47 0.478723
24 48 0.152505
24 49 0.457380
24 50 0.466837
24 51 0.183716
24 52 0.347548
24 53 0.162907
24 54 0.301824
24 55 0.268340
24 56 0.123077
24 57 0.490476
24 58 0.546414
24 59 0.331942
24 60 0.602941
24 61 0.310019
24 62 0.026764
24 63 0.112821
24 64 0.612245
24 65 0.269058
24 66 0.565972
24 67 0.155556
24 68 0.356757
24 69 0.256554
24 70 0.153017
24 71 0.167019
24 72 0.214286
24 73 0.458599
24 74 0.440860
24 75 0.428805
24 76 0.139860
24 77 0.269311
24 78 0.343234
24 79 0.547253
24 80 0.547445
24 81 0.377778
24 82 0.097996
24 83 0.559809
24 84 0.268116
24 85 0.430464
24 86 0.427039
24 87 0.293578
24 88 0.556719
24 89 0.404075
24 90 0.099558
24 91 0.052036
24 92 0.266174
24 93 0.549242
24 94 0.197917
24 95 0.233209
24 96 0.216270
24 97 0.635548
24 98 0.421594
24 99 0.279110
25 26 0.484783
25 27 0.345411
25 28 0.319182
25 29 0.195789
25 30 0.832381
25 31 0.687140
25 32 0.431858
25 33 0.320652
25 34 0.846729
25 35 0.826299
25 36 0.498765
25 37 0.253906
25 38 0.681188
25 39 0.386010
25 40 0.710092
25 41 0.826613
25 42 0.716814
25 43 0.757062
25 44 0.188406
25 45 0.468354
25 46 0.510204
25 47 0.730496
25 48 0.836601
25 49 0.683992
25 50 0.408163
25 51 0.753653
25 52 0.724947
25 53 0.779449
25 54 0.830846
25 55 0.814672
25 56 0.767033
25 57 0.333333
25 58 0.219409
25 59 0.739040
25 60 0.318627
25 61 0.792060
25 62 0.805353
25 63 0.807692
25 64 0.236395
25 65 0.686099
25 66 0.352431
25 67 0.804040
25 68 0.787387
25 69 0.897004
25 70 0.846983
25 71 0.849894
25 72 0.873016
25 73 0.677282
25 74 0.681720
25 75 0.785597
25 76 0.743590
25 77 0.772443
25 78 0.778878
25 79 0.219780
25 80 0.369830
25 81 0.729293
25 82 0.855234
25 83 0.260766
25 84 0.734300
25 85 0.779801
25 86 0.579399
25 87 0.731651
25 88 0.380454
25 89 0.784380
25 90 0.853982
25 91 0.825792
25 92 0.765250
25 93 0.291667
25 94 0.716146
25 95 0.871269
25 96 0.851190
25 97 0.122083
25 98 0.650386
25 99 0.840753
26 27 0.504831
26 28 0.306604
26 29 0.275789
26 30 0.500952
26 31 0.259117
26 32 0.677876
26 33 0.199275
26 34 0.525234
26 35 0.702922
26 36 0.158025
26 37 0.564453
26 38 0.734653
26 39 0.365285
26 40 0.741284
26 41 0.489919
26 42 0.750442
26 43 0.689266
26 44 0.273292
26 45 0.556962
26 46 0.650794
26 47 0.737589
26 48 0.588235
26 49 0.704782
26 50 0.295918
26 51 0.356994
26 52 0.658849
26 53 0.551378
26 54 0.507463
26 55 0.646718
26 56 0.386813
26 57 0.257143
26 58 0.251055
26 59 0.655532
26 60 0.276144
26 61 0.663516
26 62 0.472019
26 63 0.528205
26 64 0.297619
26 65 0.235426
26 66 0.215278
26 67 0.446465
26 68 0.688288
26 69 0.616105
26 70 0.590517
26 71 0.596195
26 72 0.615079
26 73 0.702760
26 74 0.692473
26 75 0.723404
26 76 0.349650
26 77 0.634656
26 78 0.422442
26 79 0.285714
26 80 0.515815
26 81 0.678788
26 82 0.547884
26 83 0.375598
26 84 0.596618
26 85 0.723510
26 86 0.098712
26 87 0.621560
26 88 0.202443
26 89 0.711375
26 90 0.544248
26 91 0.497738
26 92 0.382625
26 93 0.191288
26 94 0.338542
26 95 0.569030
26 96 0.621032
26 97 0.355476
26 98 0.632391
26 99 0.520548
27 28 0.471698
27 29 0.265263
27 30 0.636190
27 31 0.612284
27 32 0.307965
27 33 0.425725
27 34 0.648598
27 35 0.597403
27 36 0.377778
27 37 0.189453
27 38 0.409901
27 39 0.173575
27 40 0.456881
27 41 0.614919
27 42 0.474336
27 43 0.485876
27 44 0.277433
27 45 0.106329
27 46 0.210884
27 47 0.482270
27 48 0.559913
27 49 0.390852
27 50 0.237245
27 51 0.580376
27 52 0.422175
27 53 0.458647
27 54 0.676617
27 55 0.550193
27 56 0.562637
27 57 0.245238
27 58 0.278481
27 59 0.440501
27 60 0.460784
27 61 0.527410
27 62 0.535280
27 63 0.497436
27 64 0.408163
27 65 0.544843
27 66 0.461806
27 67 0.606061
27 68 0.531532
27 69 0.672285
27 70 0.575431
27 71 0.581395
27 72 0.625000
27 73 0.377919
27 74 0.376344
27 75 0.551555
27 76 0.533800
27 77 0.482255
27 78 0.666667
27 79 0.237363
27 80 0.021898
27 81 0.440404
27 82 0.592428
27 83 0.150718
27 84 0.400966
27 85 0.543046
27 86 0.534335
27 87 0.410550
27 88 0.474695
27 89 0.541596
27 90 0.595133
27 91 0.572398
27 92 0.626617
27 93 0.390152
27 94 0.476562
27 95 0.660448
27 96 0.593254
27 97 0.341113
27 98 0.282776
27 99 0.671233
28 29 0.366316
28 30 0.872381
28 31 0.573896
28 32 0.784071
28 33 0.155797
28 34 0.889720
28 35 0.998377
28 36 0.577778
28 37 0.642578
28 38 0.998020
28 39 0.665803
28 40 0.998165
28 41 0.883065
28 42 0.998230
28 43 0.998117
28 44 0.343685
28 45 0.845570
28 46 0.893424
28 47 0.998227
28 48 0.997821
28 49 0.997921
28 50 0.625000
28 51 0.764092
28 52 0.997868
28 53 0.997494
28 54 0.819237
28 55 0.998069
28 56 0.817582
28 57 0.521429
28 58 0.358650
28 59 0.997912
28 60 0.042484
28 61 0.998110
28 62 0.936740
28 63 0.997436
28 64 0.108844
28 65 0.670404
28 66 0.126736
28 67 0.842424
28 68 0.998198
28 69 0.981273
28 70 0.997845
28 71 0.997886
28 72 0.998016
28 73 0.997877
28 74 0.997849
28 75 0.998363
28 76 0.804196
28 77 0.997912
28 78 0.709571
28 79 0.424176
28 80 0.749392
28 81 0.997980
28 82 0.975501
28 83 0.569378
28 84 0.997585
28 85 0.998344
28 86 0.472103
28 87 0.997706
28 88 0.153578
28 89 0.998302
28 90 0.971239
28 91 0.934389
28 92 0.726433
28 93 0.202652
28 94 0.828125
28 95 0.934701
28 96 0.998016
28 97 0.242370
28 98 0.997429
28 99 0.849315
29 30 0.674286
29 31 0.508637
29 32 0.502655
29 33 0.202899
29 34 0.693458
29 35 0.745130
29 36 0.279012
29 37 0.341797
29 38 0.655446
29 39 0.227979
29 40 0.680734
29 41 0.663306
29 42 0.690265
29 43 0.685499
29 44 0.016563
29 45 0.405063
29 46 0.498866
29 47 0.693262
29 48 0.692810
29 49 0.638254
29 50 0.219388
29 51 0.569937
29 52 0.641791
29 53 0.619048
29 54 0.684909
29 55 0.706564
29 56 0.582418
29 57 0.140476
29 58 0.025316
29 59 0.651357
29 60 0.254902
29 61 0.699433
29 62 0.620438
29 63 0.630769
29 64 0.197279
29 65 0.482063
29 66 0.246528
29 67 0.634343
29 68 0.708108
29 69 0.754682
29 70 0.700431
29 71 0.706131
29 72 0.734127
29 73 0.630573
29 74 0.627957
29 75 0.726678
29 76 0.545455
29 77 0.668058
29 78 0.625413
29 79 0.043956
29 80 0.326034
29 81 0.658586
29 82 0.688196
29 83 0.153110
29 84 0.608696
29 85 0.721854
29 86 0.379828
29 87 0.623853
29 88 0.265271
29 89 0.718166
29 90 0.688053
29 91 0.651584
29 92 0.597043
29 93 0.157197
29 94 0.502604
29 95 0.723881
29 96 0.720238
29 97 0.157989
29 98 0.557841
29 99 0.693493
30 31 0.374280
30 32 0.828319
30 33 0.675725
30 34 0.033645
30 35 0.404221
30 36 0.600000
30 37 0.839844
30 38 0.675248
30 39 0.756477
30 40 0.638532
30 41 0.056452
30 42 0.640708
30 43 0.493409
30 44 0.745342
30 45 0.777215
30 46 0.777778
30 47 0.601064
30 48 0.261438
30 49 0.638254
30 50 0.706633
30 51 0.192067
30 52 0.522388
30 53 0.413534
30 54 0.134328
30 55 0.339768
30 56 0.197802
30 57 0.707143
30 58 0.729958
30 59 0.494781
30 60 0.705882
30 61 0.396975
30 62 0.277372
30 63 0.374359
30 64 0.739796
30 65 0.356502
30 66 0.668403
30 67 0.082828
30 68 0.437838
30 69 0.149813
30 70 0.239224
30 71 0.232558
30 72 0.196429
30 73 0.647558
30 74 0.634409
30 75 0.497545
30 76 0.279720
30 77 0.413361
30 78 0.229373
30 79 0.747253
30 80 0.800487
30 81 0.531313
30 82 0.182628
30 83 0.791866
30 84 0.497585
30 85 0.504967
30 86 0.517167
30 87 0.500000
30 88 0.654450
30 89 0.477080
30 90 0.172566
30 91 0.187783
30 92 0.179298
30 93 0.683712
30 94 0.421875
30 95 0.089552
30 96 0.246032
30 97 0.791741
30 98 0.683805
30 99 0.101027
31 32 0.869027
31 33 0.409420
31 34 0.398131
31 35 0.689935
31 36 0.417284
31 37 0.802734
31 38 0.859406
31 39 0.658031
31 40 0.840367
31 41 0.381048
31 42 0.842478
31 43 0.741996
31 44 0.550725
31 45 0.802532
31 46 0.857143
31 47 0.817376
31 48 0.572985
31 49 0.827443
31 50 0.581633
31 51 0.240084
31 52 0.746269
31 53 0.619048
31 54 0.338308
31 55 0.642857
31 56 0.314286
31 57 0.550000
31 58 0.533755
31 59 0.730689
31 60 0.447712
31 61 0.680529
31 62 0.469586
31 63 0.579487
31 64 0.506803
31 65 0.192825
31 66 0.392361
31 67 0.329293
31 68 0.709910
31 69 0.514981
31 70 0.560345
31 71 0.562368
31 72 0.551587
31 73 0.832272
31 74 0.819355
31 75 0.751227
31 76 0.324009
31 77 0.676409
31 78 0.216172
31 79 0.575824
31 80 0.778589
31 81 0.761616
31 82 0.496659
31 83 0.669856
31 84 0.700483
31 85 0.756623
31 86 0.190987
31 87 0.715596
31 88 0.368237
31 89 0.736842
31 90 0.488938
31 91 0.450226
31 92 0.194085
31 93 0.431818
31 94 0.421875
31 95 0.453358
31 96 0.581349
31 97 0.594255
31 98 0.814910
31 99 0.364726
32 33 0.717391
32 34 0.891589
32 35 0.662338
32 36 0.807407
32 37 0.222656
32 38 0.368317
32 39 0.626943
32 40 0.405505
32 41 0.887097
32 42 0.408850
32 43 0.542373
32 44 0.600414
32 45 0.443038
32 46 0.283447
32 47 0.445035
32 48 0.793028
32 49 0.411642
32 50 0.683673
32 51 0.906054
32 52 0.537313
32 53 0.759398
32 54 0.908789
32 55 0.691120
32 56 0.892308
32 57 0.657143
32 58 0.618143
32 59 0.555324
32 60 0.704248
32 61 0.635161
32 62 0.871046
32 63 0.825641
32 64 0.644558
32 65 0.919283
32 66 0.739583
32 67 0.894949
32 68 0.600000
32 69 0.878277
32 70 0.806034
32 71 0.805497
32 72 0.829365
32 73 0.409766
32 74 0.430108
32 75 0.564648
32 76 0.895105
32 77 0.634656
32 78 0.929043
32 79 0.593407
32 80 0.418491
32 81 0.511111
32 82 0.866370
32 83 0.550239
32 84 0.640097
32 85 0.552980
32 86 0.909871
32 87 0.598624
32 88 0.760908
32 89 0.572156
32 90 0.867257
32 91 0.873303
32 92 0.916821
32 93 0.695076
32 94 0.888021
32 95 0.886194
32 96 0.781746
32 97 0.560144
32 98 0.519280
32 99 0.904110
33 34 0.730841
33 35 0.858766
33 36 0.365432
33 37 0.556641
33 38 0.855446
33 39 0.471503
33 40 0.862385
33 41 0.711694
33 42 0.867257
33 43 0.845574
33 44 0.219462
33 45 0.668354
33 46 0.743764
33 47 0.863475
33 48 0.810458
33 49 0.841996
33 50 0.423469
33 51 0.586639
33 52 0.827292
33 53 0.781955
33 54 0.686567
33 55 0.833977
33 56 0.628571
33 57 0.338095
33 58 0.219409
33 59 0.826722
33 60 0.099673
33 61 0.837429
33 62 0.725061
33 63 0.779487
33 64 0.122449
33 65 0.479821
33 66 0.052083
33 67 0.670707
33 68 0.848649
33 69 0.820225
33 70 0.810345
33 71 0.813953
33 72 0.825397
33 73 0.838641
33 74 0.834409
33 75 0.864157
33 76 0.603730
33 77 0.822547
33 78 0.587459
33 79 0.281319
33 80 0.588808
33 81 0.836364
33 82 0.781737
33 83 0.411483
33 84 0.799517
33 85 0.864238
33 86 0.302575
33 87 0.809633
33 88 0.071553
33 89 0.859083
33 90 0.778761
33 91 0.737557
33 92 0.580407
33 93 0.054924
33 94 0.604167
33 95 0.774254
33 96 0.825397
33 97 0.220826
33 98 0.799486
33 99 0.707192
34 35 0.387987
34 36 0.641975
34 37 0.863281
34 38 0.681188
34 39 0.795337
34 40 0.640367
34 41 0.084677
34 42 0.640708
34 43 0.491525
34 44 0.780538
34 45 0.805063
34 46 0.798186
34 47 0.601064
34 48 0.265795
34 49 0.646570
34 50 0.747449
34 51 0.231733
34 52 0.528785
34 53 0.433584
34 54 0.127695
34 55 0.332046
34 56 0.235165
34 57 0.747619
34 58 0.765823
34 59 0.498956
34 60 0.735294
34 61 0.391304
34 62 0.306569
34 63 0.400000
34 64 0.770408
34 65 0.396861
34 66 0.701389
34 67 0.119192
34 68 0.430631
34 69 0.121723
34 70 0.241379
34 71 0.232558
34 72 0.182540
34 73 0.656051
34 74 0.643011
34 75 0.487725
34 76 0.319347
34 77 0.415449
34 78 0.244224
34 79 0.784615
34 80 0.829684
34 81 0.535354
34 82 0.195991
34 83 0.827751
34 84 0.514493
34 85 0.496689
34 86 0.557940
34 87 0.511468
34 88 0.685864
34 89 0.468591
34 90 0.185841
34 91 0.210407
34 92 0.207024
34 93 0.717803
34 94 0.463542
34 95 0.057836
34 96 0.236111
34 97 0.822262
34 98 0.706941
34 99 0.089041
35 36 0.940741
35 37 0.849609
35 38 0.441584
35 39 0.963731
35 40 0.363303
35 41 0.485887
35 42 0.350442
35 43 0.225989
35 44 0.966874
35 45 0.822785
35 46 0.702948
35 47 0.303191
35 48 0.359477
35 49 0.436590
35 50 0.956633
35 51 0.645094
35 52 0.366738
35 53 0.543860
35 54 0.510779
35 55 0.189189
35 56 0.621978
35 57 0.957143
35 58 0.964135
35 59 0.327766
35 60 0.964052
35 61 0.168242
35 62 0.588808
35 63 0.582051
35 64 0.969388
35 65 0.798206
35 66 0.958333
35 67 0.537374
35 68 0.136937
35 69 0.337079
35 70 0.355603
35 71 0.336152
35 72 0.299603
35 73 0.460722
35 74 0.458065
35 75 0.135843
35 76 0.687646
35 77 0.290188
35 78 0.640264
35 79 0.964835
35 80 0.873479
35 81 0.321212
35 82 0.447661
35 83 0.971292
35 84 0.500000
35 85 0.152318
35 86 0.933476
35 87 0.435780
35 88 0.956370
35 89 0.129032
35 90 0.449115
35 91 0.511312
35 92 0.634011
35 93 0.960227
35 94 0.789062
35 95 0.393657
35 96 0.261905
35 97 0.976661
35 98 0.660668
35 99 0.479452
36 37 0.472656
36 38 0.607921
36 39 0.220207
36 40 0.625688
36 41 0.439516
36 42 0.637168
36 43 0.576271
36 44 0.244306
36 45 0.400000
36 46 0.507937
36 47 0.625887
36 48 0.488017
36 49 0.571726
36 50 0.153061
36 51 0.334029
36 52 0.526652
36 53 0.411028
36 54 0.497512
36 55 0.546332
36 56 0.336264
36 57 0.152381
36 58 0.217300
36 59 0.530271
36 60 0.341503
36 61 0.559546
36 62 0.369830
36 63 0.397436
36 64 0.335034
36 65 0.230942
36 66 0.296875
36 67 0.408081
36 68 0.585586
36 69 0.556180
36 70 0.493534
36 71 0.503171
36 72 0.535714
36 73 0.566879
36 74 0.554839
36 75 0.628478
36 76 0.286713
36 77 0.515658
36 78 0.445545
36 79 0.224176
36 80 0.374696
36 81 0.555556
36 82 0.461024
36 83 0.267943
36 84 0.451691
36 85 0.625828
36 86 0.208155
36 87 0.481651
36 88 0.293194
36 89 0.612903
36 90 0.460177
36 91 0.414027
36 92 0.390018
36 93 0.240530
36 94 0.223958
36 95 0.520522
36 96 0.531746
36 97 0.355476
36 98 0.467866
36 99 0.500000
37 38 0.469307
37 39 0.406736
37 40 0.511927
37 41 0.810484
37 42 0.522124
37 43 0.596987
37 44 0.372671
37 45 0.316456
37 46 0.283447
37 47 0.544326
37 48 0.753813
37 49 0.482328
37 50 0.464286
37 51 0.784969
37 52 0.560768
37 53 0.686717
37 54 0.837479
37 55 0.700772
37 56 0.778022
37 57 0.433333
37 58 0.392405
37 59 0.580376
37 60 0.519608
37 61 0.661626
37 62 0.768856
37 63 0.735897
37 64 0.448980
37 65 0.757848
37 66 0.546875
37 67 0.802020
37 68 0.646847
37 69 0.842697
37 70 0.767241
37 71 0.769556
37 72 0.801587
37 73 0.473461
37 74 0.481720
37 75 0.636661
37 76 0.762238
37 77 0.640919
37 78 0.826733
37 79 0.362637
37 80 0.245742
37 81 0.557576
37 82 0.799555
37 83 0.315789
37 84 0.601449
37 85 0.625828
37 86 0.716738
37 87 0.584862
37 88 0.568935
37 89 0.636672
37 90 0.800885
37 91 0.789593
37 92 0.805915
37 93 0.486742
37 94 0.729167
37 95 0.835821
37 96 0.763889
37 97 0.355476
37 98 0.473008
37 99 0.837329
38 39 0.645078
38 40 0.078899
38 41 0.639113
38 42 0.106195
38 43 0.201507
38 44 0.701863
38 45 0.430380
38 46 0.267574
38 47 0.124113
38 48 0.483660
38 49 0.072765
38 50 0.681122
38 51 0.711900
38 52 0.204691
38 53 0.481203
38 54 0.699834
38 55 0.368726
38 56 0.679121
38 57 0.690476
38 58 0.704641
38 59 0.219207
38 60 0.792484
38 61 0.304348
38 62 0.613139
38 63 0.548718
38 64 0.758503
38 65 0.778027
38 66 0.800347
38 67 0.664646
38 68 0.272072
38 69 0.593633
38 70 0.500000
38 71 0.498943
38 72 0.527778
38 73 0.089172
38 74 0.111828
38 75 0.260229
38 76 0.696970
38 77 0.306889
38 78 0.765677
38 79 0.683516
38 80 0.481752
38 81 0.165657
38 82 0.576837
38 83 0.638756
38 84 0.352657
38 85 0.245033
38 86 0.851931
38 87 0.291284
38 88 0.809773
38 89 0.256367
38 90 0.581858
38 91 0.606335
38 92 0.739372
38 93 0.763258
38 94 0.708333
38 95 0.619403
38 96 0.472222
38 97 0.714542
38 98 0.318766
38 99 0.678082
39 40 0.528440
39 41 0.532258
39 42 0.543363
39 43 0.517891
39 44 0.200828
39 45 0.207595
39 46 0.337868
39 47 0.542553
39 48 0.514161
39 49 0.463617
39 50 0.066327
39 51 0.467641
39 52 0.454158
39 53 0.411028
39 54 0.597015
39 55 0.540541
39 56 0.454945
39 57 0.097619
39 58 0.185654
39 59 0.467641
39 60 0.385621
39 61 0.533081
39 62 0.445255
39 63 0.425641
39 64 0.345238
39 65 0.405830
39 66 0.366319
39 67 0.513131
39 68 0.549550
39 69 0.617978
39 70 0.525862
39 71 0.536998
39 72 0.579365
39 73 0.452229
39 74 0.445161
39 75 0.582651
39 76 0.414918
39 77 0.484342
39 78 0.570957
39 79 0.149451
39 80 0.170316
39 81 0.480808
39 82 0.523385
39 83 0.095694
39 84 0.396135
39 85 0.576159
39 86 0.388412
39 87 0.419725
39 88 0.375218
39 89 0.568761
39 90 0.524336
39 91 0.490950
39 92 0.523105
39 93 0.291667
39 94 0.341146
39 95 0.595149
39 96 0.557540
39 97 0.308797
39 98 0.334190
39 99 0.595890
40 41 0.657258
40 42 0.033628
40 43 0.175141
40 44 0.786749
40 45 0.534177
40 46 0.365079
40 47 0.053191
40 48 0.496732
40 49 0.135135
40 50 0.775510
40 51 0.749478
40 52 0.230277
40 53 0.528822
40 54 0.708126
40 55 0.357143
40 56 0.718681
40 57 0.780952
40 58 0.789030
40 59 0.233820
40 60 0.856209
40 61 0.285444
40 62 0.656934
40 63 0.597436
40 64 0.828231
40 65 0.834081
40 66 0.866319
40 67 0.688889
40 68 0.239640
40 69 0.588015
40 70 0.510776
40 71 0.505285
40 72 0.523810
40 73 0.159236
40 74 0.176344
40 75 0.204583
40 76 0.745921
40 77 0.313152
40 78 0.787129
40 79 0.771429
40 80 0.583942
40 81 0.171717
40 82 0.596882
40 83 0.736842
40 84 0.405797
40 85 0.188742
40 86 0.916309
40 87 0.334862
40 88 0.874346
40 89 0.207131
40 90 0.601770
40 91 0.633484
40 92 0.767098
40 93 0.837121
40 94 0.776042
40 95 0.621269
40 96 0.468254
40 97 0.789946
40 98 0.408740
40 99 0.684932
41 42 0.601770
41 43 0.455744
41 44 0.693582
41 45 0.703797
41 46 0.714286
41 47 0.565603
41 48 0.213508
41 49 0.586279
41 50 0.637755
41 51 0.162839
41 52 0.471215
41 53 0.343358
41 54 0.179104
41 55 0.310811
41 56 0.147253
41 57 0.645238
41 58 0.677215
41 59 0.446764
41 60 0.673203
41 61 0.366730
41 62 0.206813
41 63 0.302564
41 64 0.702381
41 65 0.316143
41 66 0.637153
41 67 0.052525
41 68 0.410811
41 69 0.164794
41 70 0.196121
41 71 0.194503
41 72 0.180556
41 73 0.594480
41 74 0.578495
41 75 0.474632
41 76 0.221445
41 77 0.367432
41 78 0.252475
41 79 0.690110
41 80 0.729927
41 81 0.486869
41 82 0.126949
41 83 0.727273
41 84 0.432367
41 85 0.481788
41 86 0.482833
41 87 0.440367
41 88 0.623037
41 89 0.453311
41 90 0.119469
41 91 0.122172
41 92 0.186691
41 93 0.642045
41 94 0.354167
41 95 0.115672
41 96 0.220238
41 97 0.746858
41 98 0.611825
41 99 0.148973
42 43 0.192090
42 44 0.826087
42 45 0.582278
42 46 0.405896
42 47 0.047872
42 48 0.527233
42 49 0.176715
42 50 0.826531
42 51 0.784969
42 52 0.268657
42 53 0.573935
42 54 0.729685
42 55 0.376448
42 56 0.756044
42 57 0.828571
42 58 0.829114
42 59 0.267223
42 60 0.888889
42 61 0.302457
42 62 0.698297
42 63 0.643590
42 64 0.860544
42 65 0.874439
42 66 0.899306
42 67 0.719192
42 68 0.248649
42 69 0.608614
42 70 0.538793
42 71 0.532770
42 72 0.545635
42 73 0.199575
42 74 0.219355
42 75 0.198036
42 76 0.787879
42 77 0.342380
42 78 0.811881
42 79 0.813187
42 80 0.630170
42 81 0.204040
42 82 0.630290
42 83 0.782297
42 84 0.449275
42 85 0.182119
42 86 0.957082
42 87 0.376147
42 88 0.909250
42 89 0.207131
42 90 0.632743
42 91 0.669683
42 92 0.796673
42 93 0.875000
42 94 0.822917
42 95 0.643657
42 96 0.490079
42 97 0.824057
42 98 0.460154
42 99 0.707192
43 44 0.770186
43 45 0.546835
43 46 0.435374
43 47 0.138298
43 48 0.313725
43 49 0.187110
43 50 0.724490
43 51 0.599165
43 52 0.132196
43 53 0.375940
43 54 0.560531
43 55 0.177606
43 56 0.560440
43 57 0.740476
43 58 0.767932
43 59 0.108559
43 60 0.828431
43 61 0.109641
43 62 0.486618
43 63 0.433333
43 64 0.814626
43 65 0.699552
43 66 0.824653
43 67 0.525253
43 68 0.081081
43 69 0.415730
43 70 0.325431
43 71 0.319239
43 72 0.343254
43 73 0.205945
43 74 0.200000
43 75 0.130933
43 76 0.594406
43 77 0.146138
43 78 0.653465
43 79 0.753846
43 80 0.605839
43 81 0.082828
43 82 0.414254
43 83 0.729665
43 84 0.285024
43 85 0.119205
43 86 0.815451
43 87 0.217890
43 88 0.827225
43 89 0.101868
43 90 0.418142
43 91 0.459276
43 92 0.622921
43 93 0.801136
43 94 0.635417
43 95 0.451493
43 96 0.285714
43 97 0.797127
43 98 0.383033
43 99 0.532534
44 45 0.425316
44 46 0.517007
44 47 0.707447
44 48 0.708061
44 49 0.654886
44 50 0.237245
44 51 0.580376
44 52 0.660981
44 53 0.639098
44 54 0.693201
44 55 0.722008
44 56 0.593407
44 57 0.159524
44 58 0.029536
44 59 0.670146
44 60 0.241830
44 61 0.714556
44 62 0.635036
44 63 0.651282
44 64 0.181973
44 65 0.488789
44 66 0.236111
44 67 0.644444
44 68 0.722523
44 69 0.767790
44 70 0.715517
44 71 0.720930
44 72 0.748016
44 73 0.649682
44 74 0.645161
44 75 0.739771
44 76 0.559441
44 77 0.684760
44 78 0.630363
44 79 0.063736
44 80 0.345499
44 81 0.674747
44 82 0.703786
44 83 0.172249
44 84 0.630435
44 85 0.736755
44 86 0.381974
44 87 0.642202
44 88 0.254799
44 89 0.733447
44 90 0.701327
44 91 0.667421
44 92 0.604436
44 93 0.145833
44 94 0.518229
44 95 0.735075
44 96 0.734127
44 97 0.145422
44 98 0.580977
44 99 0.702055
45 46 0.151927
45 47 0.411348
45 48 0.481481
45 49 0.307692
45 50 0.267857
45 51 0.544885
45 52 0.330490
45 53 0.373434
45 54 0.636816
45 55 0.471042
45 56 0.516484
45 57 0.292857
45 58 0.343882
45 59 0.352818
45 60 0.513072
45 61 0.448015
45 62 0.469586
45 63 0.415385
45 64 0.469388
45 65 0.526906
45 66 0.508681
45 67 0.557576
45 68 0.454054
45 69 0.608614
45 70 0.497845
45 71 0.505285
45 72 0.553571
45 73 0.292994
45 74 0.288172
45 75 0.481178
45 76 0.491841
45 77 0.396660
45 78 0.641914
45 79 0.307692
45 80 0.080292
45 81 0.353535
45 82 0.521158
45 83 0.229665
45 84 0.306763
45 85 0.473510
45 86 0.547210
45 87 0.314220
45 88 0.520070
45 89 0.468591
45 90 0.524336
45 91 0.509050
45 92 0.597043
45 93 0.443182
45 94 0.434896
45 95 0.602612
45 96 0.517857
45 97 0.414722
45 98 0.174807
45 99 0.626712
46 47 0.331560
46 48 0.525054
46 49 0.222453
46 50 0.438776
46 51 0.649269
46 52 0.300640
46 53 0.446115
46 54 0.701493
46 55 0.472973
46 56 0.621978
46 57 0.450000
46 58 0.474684
46 59 0.325678
46 60 0.614379
46 61 0.431002
46 62 0.566910
46 63 0.505128
46 64 0.566327
46 65 0.659193
46 66 0.621528
46 67 0.642424
46 68 0.421622
46 69 0.649813
46 70 0.540948
46 71 0.545455
46 72 0.589286
46 73 0.208068
46 74 0.212903
46 75 0.432079
46 76 0.610723
46 77 0.394572
46 78 0.726073
46 79 0.441758
46 80 0.209246
46 81 0.307071
46 82 0.587973
46 83 0.373206
46 84 0.340580
46 85 0.420530
46 86 0.688841
46 87 0.321101
46 88 0.633508
46 89 0.424448
46 90 0.590708
46 91 0.588235
46 92 0.689464
46 93 0.564394
46 94 0.575521
46 95 0.652985
46 96 0.543651
46 97 0.504488
46 98 0.197943
46 99 0.688356
47 48 0.479303
47 49 0.174636
47 50 0.816327
47 51 0.747390
47 52 0.236674
47 53 0.533835
47 54 0.689884
47 55 0.328185
47 56 0.716484
47 57 0.821429
47 58 0.829114
47 59 0.231733
47 60 0.885621
47 61 0.255198
47 62 0.656934
47 63 0.602564
47 64 0.862245
47 65 0.843049
47 66 0.894097
47 67 0.678788
47 68 0.200000
47 69 0.559925
47 70 0.491379
47 71 0.484144
47 72 0.498016
47 73 0.199575
47 74 0.212903
47 75 0.155483
47 76 0.750583
47 77 0.298539
47 78 0.778878
47 79 0.815385
47 80 0.639903
47 81 0.169697
47 82 0.583519
47 83 0.784689
47 84 0.417874
47 85 0.139073
47 86 0.935622
47 87 0.341743
47 88 0.900524
47 89 0.161290
47 90 0.586283
47 91 0.624434
47 92 0.761553
47 93 0.869318
47 94 0.791667
47 95 0.598881
47 96 0.440476
47 97 0.831239
47 98 0.449871
47 99 0.666096
48 49 0.392931
48 50 0.591837
48 51 0.311065
48 52 0.268657
48 53 0.185464
48 54 0.330017
48 55 0.135135
48 56 0.263736
48 57 0.614286
48 58 0.660338
48 59 0.244259
48 60 0.707516
48 61 0.185255
48 62 0.187348
48 63 0.182051
48 64 0.714286
48 65 0.426009
48 66 0.680556
48 67 0.236364
48 68 0.239640
48 69 0.198502
48 70 0.021552
48 71 0.038055
48 72 0.115079
48 73 0.399151
48 74 0.380645
48 75 0.322422
48 76 0.303030
48 77 0.160752
48 78 0.415842
48 79 0.657143
48 80 0.608273
48 81 0.288889
48 82 0.095768
48 83 0.660287
48 84 0.239130
48 85 0.324503
48 86 0.577253
48 87 0.236239
48 88 0.673647
48 89 0.293718
48 90 0.101770
48 91 0.142534
48 92 0.360444
48 93 0.666667
48 94 0.367188
48 95 0.208955
48 96 0.089286
48 97 0.728905
48 98 0.424165
48 99 0.297945
49 50 0.607143
49 51 0.636743
49 52 0.134328
49 53 0.390977
49 54 0.643449
49 55 0.318533
49 56 0.600000
49 57 0.626190
49 58 0.651899
49 59 0.154489
49 60 0.750000
49 61 0.260870
49 62 0.527981
49 63 0.458974
49 64 0.719388
49 65 0.699552
49 66 0.751736
49 67 0.593939
49 68 0.243243
49 69 0.537453
49 70 0.428879
49 71 0.429175
49 72 0.466270
49 73 0.019108
49 74 0.036559
49 75 0.256956
49 76 0.613054
49 77 0.242171
49 78 0.706271
49 79 0.630769
49 80 0.435523
49 81 0.111111
49 82 0.501114
49 83 0.583732
49 84 0.265700
49 85 0.241722
49 86 0.778970
49 87 0.211009
49 88 0.759162
49 89 0.244482
49 90 0.506637
49 91 0.524887
49 92 0.672828
49 93 0.714015
49 94 0.617188
49 95 0.559701
49 96 0.412698
49 97 0.680431
49 98 0.241645
49 99 0.621575
50 51 0.427975
50 52 0.473348
50 53 0.403509
50 54 0.567164
50 55 0.540541
50 56 0.417582
50 57 0.064286
50 58 0.172996
50 59 0.484342
50 60 0.364379
50 61 0.540643
50 62 0.418491
50 63 0.410256
50 64 0.331633
50 65 0.352018
50 66 0.336806
50 67 0.480808
50 68 0.560360
50 69 0.599251
50 70 0.515086
50 71 0.524313
50 72 0.565476
50 73 0.486200
50 74 0.477419
50 75 0.595745
50 76 0.372960
50 77 0.492693
50 78 0.534653
50 79 0.147253
50 80 0.233577
50 81 0.503030
50 82 0.501114
50 83 0.133971
50 84 0.408213
50 85 0.591060
50 86 0.332618
50 87 0.435780
50 88 0.343805
50 89 0.582343
50 90 0.502212
50 91 0.466063
50 92 0.482440
50 93 0.263258
50 94 0.296875
50 95 0.572761
50 96 0.549603
50 97 0.312388
50 98 0.372751
50 99 0.566781
51 52 0.533049
51 53 0.373434
51 54 0.230514
51 55 0.422780
51 56 0.070330
51 57 0.526190
51 58 0.556962
51 59 0.515658
51 60 0.553922
51 61 0.468809
51 62 0.216545
51 63 0.323077
51 64 0.586735
51 65 0.147982
51 66 0.508681
51 67 0.107071
51 68 0.508108
51 69 0.310861
51 70 0.314655
51 71 0.319239
51 72 0.323413
51 73 0.636943
51 74 0.623656
51 75 0.566285
51 76 0.114219
51 77 0.453027
51 78 0.212871
51 79 0.575824
51 80 0.669100
51 81 0.555556
51 82 0.240535
51 83 0.624402
51 84 0.471014
51 85 0.571192
51 86 0.317597
51 87 0.490826
51 88 0.492147
51 89 0.546689
51 90 0.234513
51 91 0.194570
51 92 0.114603
51 93 0.513258
51 94 0.247396
51 95 0.257463
51 96 0.351190
51 97 0.640934
51 98 0.614396
51 99 0.229452
52 53 0.258145
52 54 0.538972
52 55 0.204633
52 56 0.479121
52 57 0.592857
52 58 0.635021
52 59 0.031315
52 60 0.727124
52 61 0.164461
52 62 0.391727
52 63 0.320513
52 64 0.707483
52 65 0.594170
52 66 0.718750
52 67 0.472727
52 68 0.174775
52 69 0.419476
52 70 0.293103
52 71 0.295983
52 72 0.341270
52 73 0.133758
52 74 0.113978
52 75 0.232406
52 76 0.494172
52 77 0.110647
52 78 0.608911
52 79 0.617582
52 80 0.457421
52 81 0.054545
52 82 0.363029
52 83 0.581340
52 84 0.149758
52 85 0.223510
52 86 0.699571
52 87 0.087156
52 88 0.722513
52 89 0.207131
52 90 0.369469
52 91 0.389140
52 92 0.567468
52 93 0.683712
52 94 0.500000
52 95 0.442164
52 96 0.289683
52 97 0.684022
52 98 0.223650
52 99 0.513699
53 54 0.406302
53 55 0.231660
53 56 0.257143
53 57 0.447619
53 58 0.512658
53 59 0.215031
53 60 0.609477
53 61 0.247637
53 62 0.148418
53 63 0.056410
53 64 0.602041
53 65 0.365471
53 66 0.581597
53 67 0.286869
53 68 0.291892
53 69 0.327715
53 70 0.178879
53 71 0.194503
53 72 0.259921
53 73 0.320594
53 74 0.301075
53 75 0.364975
53 76 0.254079
53 77 0.175365
53 78 0.450495
53 79 0.501099
53 80 0.428224
53 81 0.260606
53 82 0.191537
53 83 0.483254
53 84 0.108696
53 85 0.362583
53 86 0.491416
53 87 0.149083
53 88 0.579407
53 89 0.337861
53 90 0.196903
53 91 0.185520
53 92 0.384473
53 93 0.549242
53 94 0.244792
53 95 0.324627
53 96 0.232143
53 97 0.601436
53 98 0.259640
53 99 0.383562
54 55 0.478764
54 56 0.336264
54 57 0.857143
54 58 0.850211
54 59 0.661795
54 60 0.764706
54 61 0.536862
54 62 0.464720
54 63 0.576923
54 64 0.818027
54 65 0.452915
54 66 0.730903
54 67 0.216162
54 68 0.567568
54 69 0.239700
54 70 0.409483
54 71 0.395349
54 72 0.331349
54 73 0.819533
54 74 0.806452
54 75 0.608838
54 76 0.424242
54 77 0.576200
54 78 0.158416
54 79 0.881319
54 80 0.980535
54 81 0.692929
54 82 0.363029
54 83 0.952153
54 84 0.693237
54 85 0.620861
54 86 0.587983
54 87 0.685780
54 88 0.710297
54 89 0.595925
54 90 0.351770
54 91 0.366516
54 92 0.186691
54 93 0.770833
54 94 0.596354
54 95 0.182836
54 96 0.386905
54 97 0.890485
54 98 0.889460
54 99 0.047945
55 56 0.417582
55 57 0.733333
55 58 0.765823
55 59 0.192067
55 60 0.805556
55 61 0.066163
55 62 0.352798
55 63 0.328205
55 64 0.806122
55 65 0.582960
55 66 0.788194
55 67 0.367677
55 68 0.120721
55 69 0.241573
55 70 0.157328
55 71 0.145877
55 72 0.160714
55 73 0.354565
55 74 0.341935
55 75 0.211129
55 76 0.463869
55 77 0.116910
55 78 0.518152
55 79 0.760440
55 80 0.671533
55 81 0.222222
55 82 0.247216
55 83 0.755981
55 84 0.287440
55 85 0.215232
55 86 0.723176
55 87 0.247706
55 88 0.783595
55 89 0.179966
55 90 0.250000
55 91 0.300905
55 92 0.482440
55 93 0.776515
55 94 0.533854
55 95 0.281716
55 96 0.105159
55 97 0.811490
55 98 0.460154
55 99 0.378425
56 57 0.497619
56 58 0.540084
56 59 0.448852
56 60 0.563725
56 61 0.412098
56 62 0.138686
56 63 0.241026
56 64 0.588435
56 65 0.172646
56 66 0.520833
56 67 0.098990
56 68 0.454054
56 69 0.284644
56 70 0.254310
56 71 0.260042
56 72 0.279762
56 73 0.571125
56 74 0.554839
56 75 0.517185
56 76 0.069930
56 77 0.386221
56 78 0.260726
56 79 0.551648
56 80 0.613139
56 81 0.488889
56 82 0.180401
56 83 0.588517
56 84 0.393720
56 85 0.521523
56 86 0.345494
56 87 0.417431
56 88 0.507853
56 89 0.495756
56 90 0.176991
56 91 0.126697
56 92 0.170055
56 93 0.515152
56 94 0.195312
56 95 0.240672
56 96 0.301587
56 97 0.630162
56 98 0.537275
56 99 0.241438
57 58 0.116034
57 59 0.540710
57 60 0.321895
57 61 0.591682
57 62 0.474453
57 63 0.476923
57 64 0.285714
57 65 0.376682
57 66 0.295139
57 67 0.521212
57 68 0.609009
57 69 0.644195
57 70 0.571121
57 71 0.579281
57 72 0.615079
57 73 0.537155
57 74 0.529032
57 75 0.639935
57 76 0.417249
57 77 0.549061
57 78 0.552805
57 79 0.094505
57 80 0.262774
57 81 0.555556
57 82 0.556793
57 83 0.117225
57 84 0.475845
57 85 0.635762
57 86 0.324034
57 87 0.497706
57 88 0.303665
57 89 0.628183
57 90 0.555310
57 91 0.518100
57 92 0.508318
57 93 0.215909
57 94 0.351562
57 95 0.615672
57 96 0.601190
57 97 0.265709
57 98 0.437018
57 99 0.599315
58 59 0.651357
58 60 0.246732
58 61 0.695652
58 62 0.603406
58 63 0.617949
58 64 0.195578
58 65 0.457399
58 66 0.232639
58 67 0.616162
58 68 0.706306
58 69 0.741573
58 70 0.687500
58 71 0.695560
58 72 0.722222
58 73 0.636943
58 74 0.632258
58 75 0.726678
58 76 0.526807
58 77 0.661795
58 78 0.607261
58 79 0.052747
58 80 0.338200
58 81 0.658586
58 82 0.674833
58 83 0.162679
58 84 0.606280
58 85 0.721854
58 86 0.354077
58 87 0.621560
58 88 0.249564
58 89 0.718166
58 90 0.672566
58 91 0.635747
58 92 0.578558
58 93 0.140152
58 94 0.481771
58 95 0.708955
58 96 0.710317
58 97 0.170557
58 98 0.560411
58 99 0.678082
59 60 0.743464
59 61 0.136106
59 62 0.386861
59 63 0.317949
59 64 0.726190
59 65 0.596413
59 66 0.732639
59 67 0.460606
59 68 0.149550
59 69 0.397004
59 70 0.273707
59 71 0.274841
59 72 0.319444
59 73 0.159236
59 74 0.144086
59 75 0.216039
59 76 0.491841
59 77 0.085595
59 78 0.600660
59 79 0.641758
59 80 0.491484
59 81 0.054545
59 82 0.347439
59 83 0.610048
59 84 0.161836
59 85 0.206954
59 86 0.708155
59 87 0.098624
59 88 0.734729
59 89 0.188455
59 90 0.353982
59 91 0.377828
59 92 0.558226
59 93 0.700758
59 94 0.507812
59 95 0.423507
59 96 0.263889
59 97 0.707361
59 98 0.259640
59 99 0.498288
60 61 0.950851
60 62 0.873479
60 63 0.933333
60 64 0.098639
60 65 0.609865
60 66 0.083333
60 67 0.787879
60 68 0.956757
60 69 0.932584
60 70 0.943966
60 71 0.942918
60 72 0.946429
60 73 0.953291
60 74 0.952688
60 75 0.960720
60 76 0.743590
60 77 0.947808
60 78 0.668317
60 79 0.382418
60 80 0.705596
60 81 0.953535
60 82 0.917595
60 83 0.523923
60 84 0.942029
60 85 0.960265
60 86 0.416309
60 87 0.944954
60 88 0.109948
60 89 0.959253
60 90 0.913717
60 91 0.875566
60 92 0.680222
60 93 0.159091
60 94 0.763021
60 95 0.886194
60 96 0.946429
60 97 0.231598
60 98 0.943445
60 99 0.804795
61 62 0.408759
61 63 0.371795
61 64 0.818027
61 65 0.634529
61 66 0.810764
61 67 0.434343
61 68 0.061261
61 69 0.307116
61 70 0.224138
61 71 0.215645
61 72 0.232143
61 73 0.301486
61 74 0.290323
61 75 0.160393
61 76 0.519814
61 77 0.104384
61 78 0.572607
61 79 0.769231
61 80 0.656934
61 81 0.167677
61 82 0.314031
61 83 0.755981
61 84 0.282609
61 85 0.160596
61 86 0.768240
61 87 0.229358
61 88 0.809773
61 89 0.125637
61 90 0.318584
61 91 0.366516
61 92 0.541590
61 93 0.795455
61 94 0.580729
61 95 0.348881
61 96 0.174603
61 97 0.815081
61 98 0.434447
61 99 0.438356
62 63 0.097436
62 64 0.595238
62 65 0.257848
62 66 0.550347
62 67 0.169697
62 68 0.363964
62 69 0.277154
62 70 0.170259
62 71 0.183932
62 72 0.234127
62 73 0.450106
62 74 0.432258
62 75 0.435352
62 76 0.128205
62 77 0.273486
62 78 0.349835
62 79 0.523077
62 80 0.523114
62 81 0.375758
62 82 0.120267
62 83 0.533493
62 84 0.256039
62 85 0.435430
62 86 0.412017
62 87 0.286697
62 88 0.542757
62 89 0.409168
62 90 0.123894
62 91 0.076923
62 92 0.271719
62 93 0.530303
62 94 0.171875
62 95 0.253731
62 96 0.234127
62 97 0.615799
62 98 0.403599
62 99 0.296233
63 64 0.593537
63 65 0.320628
63 66 0.564236
63 67 0.244444
63 68 0.318919
63 69 0.308989
63 70 0.168103
63 71 0.183932
63 72 0.248016
63 73 0.369427
63 74 0.350538
63 75 0.392799
63 76 0.202797
63 77 0.210856
63 78 0.414191
63 79 0.501099
63 80 0.454988
63 81 0.305051
63 82 0.160356
63 83 0.492823
63 84 0.164251
63 85 0.390728
63 86 0.457082
63 87 0.199541
63 88 0.560209
63 89 0.366723
63 90 0.163717
63 91 0.142534
63 92 0.343808
63 93 0.534091
63 94 0.200521
63 95 0.298507
63 96 0.230159
63 97 0.599641
63 98 0.308483
63 99 0.351027
64 65 0.625561
64 66 0.144097
64 67 0.793939
64 68 0.911712
64 69 0.926966
64 70 0.918103
64 71 0.919662
64 72 0.928571
64 73 0.876858
64 74 0.877419
64 75 0.914894
64 76 0.738928
64 77 0.899791
64 78 0.702970
64 79 0.298901
64 80 0.603406
64 81 0.892929
64 82 0.902004
64 83 0.428230
64 84 0.881643
64 85 0.913907
64 86 0.452790
64 87 0.885321
64 88 0.176265
64 89 0.913413
64 90 0.898230
64 91 0.861991
64 92 0.706100
64 93 0.140152
64 94 0.739583
64 95 0.886194
64 96 0.922619
64 97 0.127469
64 98 0.856041
64 99 0.820205
65 66 0.392361
65 67 0.238384
65 68 0.571171
65 69 0.428839
65 70 0.409483
65 71 0.416490
65 72 0.432540
65 73 0.647558
65 74 0.634409
65 75 0.623568
65 76 0.139860
65 77 0.509395
65 78 0.275578
65 79 0.452747
65 80 0.588808
65 81 0.589899
65 82 0.347439
65 83 0.509569
65 84 0.492754
65 85 0.625828
65 86 0.180258
65 87 0.518349
65 88 0.375218
65 89 0.604414
65 90 0.342920
65 91 0.294118
65 92 0.199630
65 93 0.388258
65 94 0.195312
65 95 0.378731
65 96 0.450397
65 97 0.527828
65 98 0.593830
65 99 0.340753
66 67 0.694949
66 68 0.893694
66 69 0.848315
66 70 0.853448
66 71 0.856237
66 72 0.861111
66 73 0.900212
66 74 0.896774
66 75 0.905074
66 76 0.641026
66 77 0.872651
66 78 0.589109
66 79 0.347253
66 80 0.661800
66 81 0.890909
66 82 0.821826
66 83 0.483254
66 84 0.859903
66 85 0.905629
66 86 0.313305
66 87 0.869266
66 88 0.031414
66 89 0.901528
66 90 0.818584
66 91 0.778281
66 92 0.591497
66 93 0.111742
66 94 0.653646
66 95 0.800373
66 96 0.865079
66 97 0.260323
66 98 0.871465
66 99 0.724315
67 68 0.448649
67 69 0.211610
67 70 0.239224
67 71 0.238901
67 72 0.230159
67 73 0.617834
67 74 0.602151
67 75 0.510638
67 76 0.184149
67 77 0.400835
67 78 0.222772
67 79 0.659341
67 80 0.720195
67 81 0.517172
67 82 0.164811
67 83 0.700957
67 84 0.451691
67 85 0.516556
67 86 0.431330
67 87 0.463303
67 88 0.582897
67 89 0.488964
67 90 0.157080
67 91 0.138009
67 92 0.144177
67 93 0.604167
67 94 0.320312
67 95 0.158582
67 96 0.267857
67 97 0.718133
67 98 0.622108
67 99 0.159247
68 69 0.359551
68 70 0.297414
68 71 0.287526
68 72 0.291667
68 73 0.299363
68 74 0.294624
68 75 0.104746
68 76 0.599068
68 77 0.160752
68 78 0.628713
68 79 0.819780
68 80 0.695864
68 81 0.167677
68 82 0.391982
68 83 0.806220
68 84 0.340580
68 85 0.104305
68 86 0.836910
68 87 0.277523
68 88 0.860384
68 89 0.067912
68 90 0.393805
68 91 0.443439
68 92 0.604436
68 93 0.846591
68 94 0.661458
68 95 0.404851
68 96 0.238095
68 97 0.854578
68 98 0.473008
68 99 0.491438
69 70 0.204741
69 71 0.186047
69 72 0.101190
69 73 0.609342
69 74 0.597849
69 75 0.402619
69 76 0.414918
69 77 0.356994
69 78 0.348185
69 79 0.850549
69 80 0.856448
69 81 0.474747
69 82 0.211581
69 83 0.885167
69 84 0.495169
69 85 0.413907
69 86 0.671674
69 87 0.477064
69 88 0.774869
69 89 0.383701
69 90 0.205752
69 91 0.260181
69 92 0.327172
69 93 0.799242
69 94 0.552083
69 95 0.061567
69 96 0.156746
69 97 0.881508
69 98 0.696658
69 99 0.171233
70 71 0.019027
70 72 0.095238
70 73 0.420382
70 74 0.404301
70 75 0.328969
70 76 0.303030
70 77 0.179541
70 78 0.402640
70 79 0.674725
70 80 0.630170
70 81 0.309091
70 82 0.082405
70 83 0.679426
70 84 0.265700
70 85 0.332781
70 86 0.581545
70 87 0.261468
70 88 0.680628
70 89 0.302207
70 90 0.088496
70 91 0.138009
70 92 0.349353
70 93 0.676136
70 94 0.377604
70 95 0.188433
70 96 0.077381
70 97 0.741472
70 98 0.449871
70 99 0.280822
71 72 0.077381
71 73 0.430998
71 74 0.415054
71 75 0.324059
71 76 0.319347
71 77 0.185804
71 78 0.404290
71 79 0.694505
71 80 0.652068
71 81 0.313131
71 82 0.093541
71 83 0.700957
71 84 0.282609
71 85 0.329470
71 86 0.596567
71 87 0.275229
71 88 0.694590
71 89 0.297114
71 90 0.097345
71 91 0.151584
71 92 0.353050
71 93 0.693182
71 94 0.398438
71 95 0.180970
71 96 0.059524
71 97 0.757630
71 98 0.470437
71 99 0.275685
72 73 0.501062
72 74 0.486022
72 75 0.335516
72 76 0.375291
72 77 0.248434
72 78 0.392739
72 79 0.775824
72 80 0.749392
72 81 0.371717
72 82 0.142539
72 83 0.791866
72 84 0.376812
72 85 0.344371
72 86 0.648069
72 87 0.360092
72 88 0.743455
72 89 0.312394
72 90 0.141593
72 91 0.203620
72 92 0.354898
72 93 0.753788
72 94 0.479167
72 95 0.130597
72 96 0.055556
72 97 0.824057
72 98 0.570694
72 99 0.238014
73 74 0.021505
73 75 0.270049
73 76 0.599068
73 77 0.242171
73 78 0.699670
73 79 0.608791
73 80 0.411192
73 81 0.119192
73 82 0.496659
73 83 0.559809
73 84 0.253623
73 85 0.256623
73 86 0.761803
73 87 0.201835
73 88 0.743455
73 89 0.258065
73 90 0.500000
73 91 0.518100
73 92 0.665434
73 93 0.695076
73 94 0.598958
73 95 0.559701
73 96 0.414683
73 97 0.662478
73 98 0.215938
73 99 0.619863
74 75 0.270049
74 76 0.575758
74 77 0.223382
74 78 0.681518
74 79 0.597802
74 80 0.403893
74 81 0.109091
74 82 0.472160
74 83 0.547847
74 84 0.227053
74 85 0.256623
74 86 0.742489
74 87 0.176606
74 88 0.731239
74 89 0.254669
74 90 0.477876
74 91 0.493213
74 92 0.645102
74 93 0.683712
74 94 0.572917
74 95 0.541045
74 96 0.396825
74 97 0.655296
74 98 0.197943
74 99 0.601027
75 76 0.748252
75 77 0.288100
75 78 0.731023
75 79 0.931868
75 80 0.795620
75 81 0.240404
75 82 0.532294
75 83 0.921053
75 84 0.475845
75 85 0.018212
75 86 0.972103
75 87 0.399083
75 88 0.963351
75 89 0.040747
75 90 0.535398
75 91 0.588235
75 92 0.720887
75 93 0.952652
75 94 0.825521
75 95 0.509328
75 96 0.357143
75 97 0.940754
75 98 0.586118
75 99 0.589041
76 77 0.386221
76 78 0.293729
76 79 0.485714
76 80 0.549878
76 81 0.480808
76 82 0.216036
76 83 0.516746
76 84 0.369565
76 85 0.528146
76 86 0.302575
76 87 0.399083
76 88 0.464223
76 89 0.504244
76 90 0.214602
76 91 0.160633
76 92 0.207024
76 93 0.462121
76 94 0.122396
76 95 0.292910
76 96 0.331349
76 97 0.576302
76 98 0.491003
76 99 0.292808
77 78 0.541254
77 79 0.659341
77 80 0.540146
77 81 0.133333
77 82 0.262806
77 83 0.636364
77 84 0.161836
77 85 0.221854
77 86 0.673820
77 87 0.119266
77 88 0.726003
77 89 0.193548
77 90 0.269912
77 91 0.300905
77 92 0.495379
77 93 0.700758
77 94 0.463542
77 95 0.345149
77 96 0.182540
77 97 0.725314
77 98 0.316195
77 99 0.428082
78 79 0.817582
78 80 0.978102
78 81 0.789899
78 82 0.465479
78 83 0.909091
78 84 0.770531
78 85 0.735099
78 86 0.461373
78 87 0.770642
78 88 0.596859
78 89 0.713073
78 90 0.455752
78 91 0.443439
78 92 0.121996
78 93 0.672348
78 94 0.578125
78 95 0.332090
78 96 0.521825
78 97 0.815081
78 98 0.946015
78 99 0.202055
79 80 0.279805
79 81 0.616162
79 82 0.650334
79 83 0.105263
79 84 0.560386
79 85 0.688742
79 86 0.379828
79 87 0.577982
79 88 0.289703
79 89 0.684211
79 90 0.650442
79 91 0.615385
79 92 0.580407
79 93 0.185606
79 94 0.463542
79 95 0.695896
79 96 0.682540
79 97 0.190305
79 98 0.506427
79 99 0.672945
80 81 0.420202
80 82 0.579065
80 83 0.167464
80 84 0.381643
80 85 0.526490
80 86 0.538627
80 87 0.389908
80 88 0.486911
80 89 0.524618
80 90 0.579646
80 91 0.561086
80 92 0.621072
80 93 0.403409
80 94 0.468750
80 95 0.649254
80 96 0.577381
80 97 0.359066
80 98 0.259640
80 99 0.662671
81 82 0.407572
81 83 0.636364
81 84 0.217391
81 85 0.182119
81 86 0.759657
81 87 0.151376
81 88 0.769634
81 89 0.171477
81 90 0.413717
81 91 0.441176
81 92 0.609982
81 93 0.734848
81 94 0.572917
81 95 0.468284
81 96 0.309524
81 97 0.725314
81 98 0.280206
81 99 0.542808
82 83 0.657895
82 84 0.301932
82 85 0.395695
82 86 0.512876
82 87 0.309633
82 88 0.631763
82 89 0.365025
82 90 0.006637
82 91 0.058824
82 92 0.280961
82 93 0.632576
82 94 0.312500
82 95 0.164179
82 96 0.138889
82 97 0.714542
82 98 0.480720
82 99 0.239726
83 84 0.480676
83 85 0.624172
83 86 0.431330
83 87 0.495413
83 88 0.364747
83 89 0.619694
83 90 0.612832
83 91 0.581448
83 92 0.587800
83 93 0.268939
83 94 0.442708
83 95 0.669776
83 96 0.634921
83 97 0.247756
83 98 0.403599
83 99 0.662671
84 85 0.316225
84 86 0.566524
84 87 0.052752
84 88 0.619546
84 89 0.295416
84 90 0.283186
84 91 0.285068
84 92 0.469501
84 93 0.579545
84 94 0.338542
84 95 0.389925
84 96 0.269841
84 97 0.605027
84 98 0.167095
84 99 0.453767
85 86 0.963519
85 87 0.385321
85 88 0.952880
85 89 0.040747
85 90 0.535398
85 91 0.585973
85 92 0.720887
85 93 0.939394
85 94 0.815104
85 95 0.514925
85 96 0.359127
85 97 0.924596
85 98 0.565553
85 99 0.594178
86 87 0.658257
86 88 0.233857
86 89 0.728353
86 90 0.526549
86 91 0.479638
86 92 0.319778
86 93 0.263258
86 94 0.351562
86 95 0.535448
86 96 0.613095
86 97 0.434470
86 98 0.701799
86 99 0.472603
87 88 0.659686
87 89 0.258065
87 90 0.307522
87 91 0.316742
87 92 0.502773
87 93 0.621212
87 94 0.401042
87 95 0.402985
87 96 0.265873
87 97 0.637343
87 98 0.182519
87 99 0.470890
88 89 0.898132
88 90 0.800885
88 91 0.760181
88 92 0.565619
88 93 0.130682
88 94 0.638021
88 95 0.781716
88 96 0.851190
88 97 0.290844
88 98 0.876607
88 99 0.702055
89 90 0.482301
89 91 0.533937
89 92 0.678373
89 93 0.909091
89 94 0.763021
89 95 0.470149
89 96 0.311508
89 97 0.904847
89 98 0.537275
89 99 0.553082
90 91 0.056561
90 92 0.275416
90 93 0.634470
90 94 0.315104
90 95 0.158582
90 96 0.142857
90 97 0.716338
90 98 0.488432
90 99 0.232877
91 92 0.249538
91 93 0.585227
91 94 0.252604
91 95 0.190299
91 96 0.190476
91 97 0.675045
91 98 0.470437
91 99 0.243151
92 93 0.583333
92 94 0.408854
92 95 0.268657
92 96 0.422619
92 97 0.721724
92 98 0.773779
92 99 0.184932
93 94 0.554688
93 95 0.748134
93 96 0.785714
93 97 0.192101
93 98 0.730077
93 99 0.691781
94 95 0.363806
94 96 0.365079
94 97 0.502693
94 98 0.401028
94 99 0.371575
95 96 0.194444
95 97 0.854578
95 98 0.704370
95 99 0.119863
96 97 0.809695
96 98 0.516710
96 99 0.285959
97 98 0.758355
97 99 0.839041
98 99 0.556507
