100 4950
0 1 0.994681
0 2 0.997555
0 3 0.696000
0 4 0.496703
0 5 0.413146
0 6 0.912162
0 7 0.971963
0 8 0.997354
0 9 0.997260
0 10 0.980328
0 11 0.587629
0 12 0.375000
0 13 0.755435
0 14 0.791271
0 15 0.604336
0 16 0.443820
0 17 0.953020
0 18 0.132812
0 19 0.997537
0 20 0.542857
0 21 0.752632
0 22 0.738437
0 23 0.459596
0 24 0.941788
0 25 0.878440
0 26 0.524941
0 27 0.997895
0 28 0.730357
0 29 0.394299
0 30 0.477322
0 31 0.417722
0 32 0.719921
0 33 0.470825
0 34 0.339518
0 35 0.611738
0 36 0.408840
0 37 0.977987
0 38 0.997183
0 39 0.905512
0 40 0.618529
0 41 0.745665
0 42 0.391549
0 43 0.997608
0 44 0.976471
0 45 0.617711
0 46 0.997326
0 47 0.521127
0 48 0.388095
0 49 0.796421
0 50 0.925676
0 51 0.397188
0 52 0.402746
0 53 0.450397
0 54 0.966457
0 55 0.862613
0 56 0.339196
0 57 0.905495
0 58 0.675294
0 59 0.453988
0 60 0.366000
0 61 0.242494
0 62 0.821053
0 63 0.325000
0 64 0.997992
0 65 0.643701
0 66 0.997722
0 67 0.522556
0 68 0.856132
0 69 0.843666
0 70 0.850610
0 71 0.056311
0 72 0.520424
0 73 0.962567
0 74 0.747967
0 75 0.514825
0 76 0.569620
0 77 0.950397
0 78 0.043152
0 79 0.503741
0 80 0.964583
0 81 0.558887
0 82 0.484424
0 83 0.539078
0 84 0.682043
0 85 0.589041
0 86 0.751412
0 87 0.637500
0 88 0.960707
0 89 0.566964
0 90 0.210989
0 91 0.739130
0 92 0.621723
0 93 0.622271
0 94 0.273663
0 95 0.070796
0 96 0.424165
0 97 0.817490
0 98 0.653670
0 99 0.660177
1 2 0.684597
1 3 0.936000
1 4 0.156044
1 5 0.117371
1 6 0.997748
1 7 0.780374
1 8 0.965608
1 9 0.841096
1 10 0.996721
1 11 0.853093
1 12 0.429878
1 13 0.967391
1 14 0.525617
1 15 0.409214
1 16 0.337079
1 17 0.997763
1 18 0.421875
1 19 0.943350
1 20 0.797619
1 21 0.477193
1 22 0.465710
1 23 0.685185
1 24 0.966736
1 25 0.905963
1 26 0.232779
1 27 0.934737
1 28 0.446429
1 29 0.121140
1 30 0.118790
1 31 0.205063
1 32 0.826430
1 33 0.096579
1 34 0.602968
1 35 0.316027
1 36 0.317680
1 37 0.867925
1 38 0.926761
1 39 0.892388
1 40 0.427793
1 41 0.466281
1 42 0.419718
1 43 0.899522
1 44 0.788235
1 45 0.306695
1 46 0.909091
1 47 0.164990
1 48 0.121429
1 49 0.545861
1 50 0.716216
1 51 0.643234
1 52 0.583524
1 53 0.654762
1 54 0.983229
1 55 0.898649
1 56 0.223618
1 57 0.685714
1 58 0.757647
1 59 0.650307
1 60 0.602000
1 61 0.200924
1 62 0.884211
1 63 0.113636
1 64 0.979920
1 65 0.330709
1 66 0.874715
1 67 0.708647
1 68 0.634434
1 69 0.654987
1 70 0.722561
1 71 0.417476
1 72 0.729198
1 73 0.901961
1 74 0.620596
1 75 0.576819
1 76 0.254973
1 77 0.819444
1 78 0.307692
1 79 0.311721
1 80 0.964583
1 81 0.276231
1 82 0.705607
1 83 0.224449
1 84 0.411862
1 85 0.347032
1 86 0.652542
1 87 0.710000
1 88 0.917485
1 89 0.698661
1 90 0.476923
1 91 0.810069
1 92 0.329588
1 93 0.742358
1 94 0.125514
1 95 0.295575
1 96 0.385604
1 97 0.895437
1 98 0.750000
1 99 0.380531
2 3 0.998000
2 4 0.461538
2 5 0.589202
2 6 0.804054
2 7 0.250000
2 8 0.632275
2 9 0.397260
2 10 0.803279
2 11 0.997423
2 12 0.881098
2 13 0.997283
2 14 0.058824
2 15 0.506775
2 16 0.702247
2 17 0.744966
2 18 0.934896
2 19 0.568966
2 20 0.940476
2 21 0.149123
2 22 0.232855
2 23 0.803030
2 24 0.694387
2 25 0.667431
2 26 0.460808
2 27 0.538947
2 28 0.160714
2 29 0.617577
2 30 0.485961
2 31 0.625316
2 32 0.721893
2 33 0.496982
2 34 0.808905
2 35 0.322799
2 36 0.715470
2 37 0.569182
2 38 0.577465
2 39 0.627297
2 40 0.498638
2 41 0.102119
2 42 0.774648
2 43 0.476077
2 44 0.261176
2 45 0.298056
2 46 0.521390
2 47 0.422535
2 48 0.626190
2 49 0.125280
2 50 0.180180
2 51 0.806678
2 52 0.755149
2 53 0.767857
2 54 0.691824
2 55 0.673423
2 56 0.690955
2 57 0.145055
2 58 0.687059
2 59 0.760736
2 60 0.786000
2 61 0.722864
2 62 0.696842
2 63 0.656818
2 64 0.640562
2 65 0.244094
2 66 0.412301
2 67 0.765038
2 68 0.179245
2 69 0.350404
2 70 0.536585
2 71 0.846602
2 72 0.813918
2 73 0.529412
2 74 0.466125
2 75 0.714286
2 76 0.305606
2 77 0.359127
2 78 0.729831
2 79 0.511222
2 80 0.654167
2 81 0.329764
2 82 0.813084
2 83 0.338677
2 84 0.176277
2 85 0.340183
2 86 0.528249
2 87 0.687500
2 88 0.557957
2 89 0.718750
2 90 0.802198
2 91 0.684211
2 92 0.211610
2 93 0.713974
2 94 0.602881
2 95 0.725664
2 96 0.640103
2 97 0.722433
2 98 0.699541
2 99 0.164602
3 4 0.997802
3 5 0.997653
3 6 0.457207
3 7 0.997664
3 8 0.767196
3 9 0.997260
3 10 0.832787
3 11 0.353093
3 12 0.996951
3 13 0.358696
3 14 0.998102
3 15 0.997290
3 16 0.997191
3 17 0.548098
3 18 0.859375
3 19 0.780788
3 20 0.316667
3 21 0.998246
3 22 0.998405
3 23 0.132997
3 24 0.565489
3 25 0.566514
3 26 0.997625
3 27 0.762105
3 28 0.998214
3 29 0.997625
3 30 0.997840
3 31 0.997468
3 32 0.315582
3 33 0.997988
3 34 0.307978
3 35 0.997743
3 36 0.983425
3 37 0.996855
3 38 0.864789
3 39 0.713911
3 40 0.997275
3 41 0.998073
3 42 0.904225
3 43 0.846890
3 44 0.997647
3 45 0.997840
3 46 0.871658
3 47 0.997988
3 48 0.997619
3 49 0.997763
3 50 0.997748
3 51 0.219684
3 52 0.489703
3 53 0.273810
3 54 0.597484
3 55 0.538288
3 56 0.949749
3 57 0.997802
3 58 0.484706
3 59 0.308793
3 60 0.342000
3 61 0.900693
3 62 0.452632
3 63 0.954545
3 64 0.672691
3 65 0.998031
3 66 0.881549
3 67 0.180451
3 68 0.997642
3 69 0.997305
3 70 0.996951
3 71 0.669903
3 72 0.080182
3 73 0.729055
3 74 0.902439
3 75 0.725067
3 76 0.952984
3 77 0.855159
3 78 0.675422
3 79 0.937656
3 80 0.625000
3 81 0.940043
3 82 0.105919
3 83 0.947896
3 84 0.943987
3 85 0.931507
3 86 0.898305
3 87 0.567500
3 88 0.697446
3 89 0.401786
3 90 0.580220
3 91 0.471396
3 92 0.941948
3 93 0.373362
3 94 0.843621
3 95 0.686726
3 96 0.843188
3 97 0.389734
3 98 0.444954
3 99 0.939823
4 5 0.117371
4 6 0.900901
4 7 0.619159
4 8 0.820106
4 9 0.665753
4 10 0.849180
4 11 0.819588
4 12 0.426829
4 13 0.902174
4 14 0.394687
4 15 0.271003
4 16 0.286517
4 17 0.890380
4 18 0.489583
4 19 0.800493
4 20 0.769048
4 21 0.364912
4 22 0.376396
4 23 0.676768
4 24 0.860707
4 25 0.793578
4 26 0.092637
4 27 0.804211
4 28 0.333929
4 29 0.142518
4 30 0.034557
4 31 0.174684
4 32 0.753452
4 33 0.104628
4 34 0.610390
4 35 0.155756
4 36 0.287293
4 37 0.691824
4 38 0.769014
4 39 0.755906
4 40 0.286104
4 41 0.335260
4 42 0.388732
4 43 0.751196
4 44 0.625882
4 45 0.155508
4 46 0.751337
4 47 0.084507
4 48 0.150000
4 49 0.389262
4 50 0.558559
4 51 0.643234
4 52 0.551487
4 53 0.628968
4 54 0.872117
4 55 0.790541
4 56 0.241206
4 57 0.529670
4 58 0.668235
4 59 0.621677
4 60 0.594000
4 61 0.279446
4 62 0.789474
4 63 0.197727
4 64 0.865462
4 65 0.204724
4 66 0.726651
4 67 0.674812
4 68 0.471698
4 69 0.485175
4 70 0.554878
4 71 0.497087
4 72 0.718608
4 73 0.789661
4 74 0.471545
4 75 0.501348
4 76 0.160940
4 77 0.686508
4 78 0.382739
4 79 0.201995
4 80 0.850000
4 81 0.126338
4 82 0.700935
4 83 0.090180
4 84 0.311367
4 85 0.196347
4 86 0.505650
4 87 0.622500
4 88 0.799607
4 89 0.636161
4 90 0.496703
4 91 0.716247
4 92 0.205993
4 93 0.672489
4 94 0.193416
4 95 0.384071
4 96 0.326478
4 97 0.813688
4 98 0.669725
4 99 0.267257
5 6 0.885135
5 7 0.684579
5 8 0.833333
5 9 0.715068
5 10 0.832787
5 11 0.739691
5 12 0.304878
5 13 0.839674
5 14 0.480076
5 15 0.276423
5 16 0.202247
5 17 0.885906
5 18 0.361979
5 19 0.822660
5 20 0.695238
5 21 0.450877
5 22 0.457735
5 23 0.617845
5 24 0.862786
5 25 0.791284
5 26 0.137767
5 27 0.833684
5 28 0.421429
5 29 0.023753
5 30 0.097192
5 31 0.081013
5 32 0.729783
5 33 0.142857
5 34 0.538033
5 35 0.241535
5 36 0.190608
5 37 0.713836
5 38 0.788732
5 39 0.761155
5 40 0.294278
5 41 0.423892
5 42 0.292958
5 43 0.787081
5 44 0.689412
5 45 0.250540
5 46 0.780749
5 47 0.171026
5 48 0.030952
5 49 0.465324
5 50 0.628378
5 51 0.578207
5 52 0.482838
5 53 0.569444
5 54 0.878407
5 55 0.786036
5 56 0.125628
5 57 0.602198
5 58 0.640000
5 59 0.560327
5 60 0.524000
5 61 0.163972
5 62 0.776842
5 63 0.086364
5 64 0.881526
5 65 0.301181
5 66 0.769932
5 67 0.624060
5 68 0.540094
5 69 0.530997
5 70 0.573171
5 71 0.400000
5 72 0.668684
5 73 0.818182
5 74 0.490515
5 75 0.444744
5 76 0.249548
5 77 0.734127
5 78 0.288931
5 79 0.189526
5 80 0.860417
5 81 0.205567
5 82 0.646417
5 83 0.188377
5 84 0.393740
5 85 0.251142
5 86 0.511299
5 87 0.587500
5 88 0.823183
5 89 0.591518
5 90 0.404396
5 91 0.695652
5 92 0.297753
5 93 0.635371
5 94 0.092593
5 95 0.295575
5 96 0.259640
5 97 0.800380
5 98 0.637615
5 99 0.353982
6 7 0.609813
6 8 0.312169
6 9 0.578082
6 10 0.462295
6 11 0.507732
6 12 0.975610
6 13 0.375000
6 14 0.736243
6 15 0.813008
6 16 0.912921
6 17 0.093960
6 18 0.950521
6 19 0.327586
6 20 0.480952
6 21 0.770175
6 22 0.797448
6 23 0.398990
6 24 0.143451
6 25 0.151376
6 26 0.857482
6 27 0.341053
6 28 0.778571
6 29 0.931116
6 30 0.892009
6 31 0.916456
6 32 0.094675
6 33 0.907445
6 34 0.508349
6 35 0.805869
6 36 0.917127
6 37 0.600629
6 38 0.428169
6 39 0.317585
6 40 0.803815
6 41 0.755299
6 42 0.859155
6 43 0.411483
6 44 0.607059
6 45 0.809935
6 46 0.433155
6 47 0.877264
6 48 0.935714
6 49 0.706935
6 50 0.641892
6 51 0.453427
6 52 0.524027
6 53 0.392857
6 54 0.171908
6 55 0.128378
6 56 0.909548
6 57 0.654945
6 58 0.289412
6 59 0.396728
6 60 0.484000
6 61 0.905312
6 62 0.054737
6 63 0.922727
6 64 0.265060
6 65 0.807087
6 66 0.464692
6 67 0.308271
6 68 0.667453
6 69 0.668464
6 70 0.676829
6 71 0.809709
6 72 0.387292
6 73 0.367201
6 74 0.623306
6 75 0.630728
6 76 0.802893
6 77 0.480159
6 78 0.759850
6 79 0.798005
6 80 0.202083
6 81 0.770878
6 82 0.406542
6 83 0.797595
6 84 0.744646
6 85 0.739726
6 86 0.627119
6 87 0.402500
6 88 0.300589
6 89 0.337054
6 90 0.679121
6 91 0.203661
6 92 0.754682
6 93 0.262009
6 94 0.823045
6 95 0.775221
6 96 0.758355
6 97 0.053232
6 98 0.279817
6 99 0.739823
7 8 0.380952
7 9 0.178082
7 10 0.580328
7 11 0.863402
7 12 0.893293
7 13 0.817935
7 14 0.261860
7 15 0.542005
7 16 0.741573
7 17 0.521253
7 18 0.950521
7 19 0.320197
7 20 0.816667
7 21 0.336842
7 22 0.403509
7 23 0.705387
7 24 0.478170
7 25 0.449541
7 26 0.560570
7 27 0.311579
7 28 0.351786
7 29 0.710214
7 30 0.609071
7 31 0.701266
7 32 0.552268
7 33 0.629779
7 34 0.736549
7 35 0.444695
7 36 0.756906
7 37 0.383648
7 38 0.335211
7 39 0.406824
7 40 0.528610
7 41 0.302505
7 42 0.780282
7 43 0.222488
7 44 0.007059
7 45 0.436285
7 46 0.272727
7 47 0.563380
7 48 0.719048
7 49 0.217002
7 50 0.060811
7 51 0.722320
7 52 0.677346
7 53 0.664683
7 54 0.471698
7 55 0.461712
7 56 0.751256
7 57 0.090110
7 58 0.529412
7 59 0.658487
7 60 0.706000
7 61 0.785219
7 62 0.498947
7 63 0.740909
7 64 0.425703
7 65 0.413386
7 66 0.166287
7 67 0.644737
7 68 0.153302
7 69 0.277628
7 70 0.429878
7 71 0.858252
7 72 0.712557
7 73 0.342246
7 74 0.384824
7 75 0.646900
7 76 0.461121
7 77 0.162698
7 78 0.754221
7 79 0.561097
7 80 0.433333
7 81 0.441113
7 82 0.719626
7 83 0.470942
7 84 0.352554
7 85 0.415525
7 86 0.437853
7 87 0.550000
7 88 0.345776
7 89 0.589286
7 90 0.771429
7 91 0.503432
7 92 0.374532
7 93 0.565502
7 94 0.672840
7 95 0.759292
7 96 0.645244
7 97 0.536122
7 98 0.543578
7 99 0.341593
8 9 0.257534
8 10 0.252459
8 11 0.574742
8 12 0.817073
8 13 0.478261
8 14 0.512334
8 15 0.579946
8 16 0.724719
8 17 0.214765
8 18 0.856771
8 19 0.076355
8 20 0.550000
8 21 0.564912
8 22 0.612440
8 23 0.498316
8 24 0.218295
8 25 0.119266
8 26 0.646081
8 27 0.206316
8 28 0.571429
8 29 0.755344
8 30 0.704104
8 31 0.729114
8 32 0.268245
8 33 0.730382
8 34 0.552876
8 35 0.580135
8 36 0.737569
8 37 0.283019
8 38 0.109859
8 39 0.081365
8 40 0.566757
8 41 0.531792
8 42 0.704225
8 43 0.153110
8 44 0.331765
8 45 0.589633
8 46 0.117647
8 47 0.686117
8 48 0.759524
8 49 0.449664
8 50 0.376126
8 51 0.527241
8 52 0.489703
8 53 0.446429
8 54 0.222222
8 55 0.135135
8 56 0.746231
8 57 0.395604
8 58 0.254118
8 59 0.437628
8 60 0.512000
8 61 0.771363
8 62 0.193684
8 63 0.765909
8 64 0.248996
8 65 0.594488
8 66 0.220957
8 67 0.406015
8 68 0.391509
8 69 0.377358
8 70 0.390244
8 71 0.768932
8 72 0.511346
8 73 0.292335
8 74 0.368564
8 75 0.501348
8 76 0.614828
8 77 0.283730
8 78 0.694184
8 79 0.596010
8 80 0.204167
8 81 0.561028
8 82 0.518692
8 83 0.601202
8 84 0.555189
8 85 0.518265
8 86 0.378531
8 87 0.315000
8 88 0.220039
8 89 0.341518
8 90 0.637363
8 91 0.199085
8 92 0.550562
8 93 0.296943
8 94 0.687243
8 95 0.711504
8 96 0.596401
8 97 0.268061
8 98 0.270642
8 99 0.538053
9 10 0.367213
9 11 0.693299
9 12 0.740854
9 13 0.644022
9 14 0.333966
9 15 0.433604
9 16 0.615169
9 17 0.422819
9 18 0.815104
9 19 0.226601
9 20 0.661905
9 21 0.398246
9 22 0.460925
9 23 0.595960
9 24 0.403326
9 25 0.332569
9 26 0.494062
9 27 0.292632
9 28 0.403571
9 29 0.631829
9 30 0.559395
9 31 0.607595
9 32 0.437870
9 33 0.593561
9 34 0.617811
9 35 0.408578
9 36 0.632597
9 37 0.185535
9 38 0.169014
9 39 0.249344
9 40 0.419619
9 41 0.350674
9 42 0.633803
9 43 0.169856
9 44 0.145882
9 45 0.414687
9 46 0.133690
9 47 0.537223
9 48 0.638095
9 49 0.241611
9 50 0.177928
9 51 0.608084
9 52 0.533181
9 53 0.535714
9 54 0.402516
9 55 0.346847
9 56 0.645729
9 57 0.197802
9 58 0.376471
9 59 0.523517
9 60 0.578000
9 61 0.685912
9 62 0.389474
9 63 0.659091
9 64 0.387550
9 65 0.423228
9 66 0.175399
9 67 0.522556
9 68 0.169811
9 69 0.169811
9 70 0.259146
9 71 0.753398
9 72 0.615734
9 73 0.354724
9 74 0.241192
9 75 0.485175
9 76 0.462929
9 77 0.228175
9 78 0.660413
9 79 0.466334
9 80 0.372917
9 81 0.402570
9 82 0.618380
9 83 0.446894
9 84 0.400329
9 85 0.358447
9 86 0.276836
9 87 0.385000
9 88 0.324165
9 89 0.441964
9 90 0.643956
9 91 0.363844
9 92 0.385768
9 93 0.423581
9 94 0.594650
9 95 0.674336
9 96 0.516710
9 97 0.446768
9 98 0.396789
9 99 0.375221
10 11 0.409794
10 12 0.591463
10 13 0.336957
10 14 0.518027
10 15 0.430894
10 16 0.533708
10 17 0.317673
10 18 0.656250
10 19 0.263547
10 20 0.397619
10 21 0.559649
10 22 0.604466
10 23 0.407407
10 24 0.336798
10 25 0.208716
10 26 0.522565
10 27 0.370526
10 28 0.557143
10 29 0.605701
10 30 0.587473
10 31 0.569620
10 32 0.256410
10 33 0.623742
10 34 0.423006
10 35 0.492099
10 36 0.546961
10 37 0.198113
10 38 0.185915
10 39 0.120735
10 40 0.419619
10 41 0.518304
10 42 0.498592
10 43 0.308612
10 44 0.409412
10 45 0.509719
10 46 0.235294
10 47 0.593561
10 48 0.609524
10 49 0.436242
10 50 0.427928
10 51 0.414763
10 52 0.313501
10 53 0.317460
10 54 0.352201
10 55 0.213964
10 56 0.575377
10 57 0.441758
10 58 0.112941
10 59 0.300613
10 60 0.368000
10 61 0.607390
10 62 0.244211
10 63 0.615909
10 64 0.397590
10 65 0.539370
10 66 0.359909
10 67 0.312030
10 68 0.398585
10 69 0.320755
10 70 0.256098
10 71 0.617476
10 72 0.447806
10 73 0.431373
10 74 0.249322
10 75 0.293801
10 76 0.551537
10 77 0.406746
10 78 0.549719
10 79 0.448878
10 80 0.345833
10 81 0.471092
10 82 0.442368
10 83 0.517034
10 84 0.538715
10 85 0.420091
10 86 0.231638
10 87 0.122500
10 88 0.371316
10 89 0.194196
10 90 0.465934
10 91 0.132723
10 92 0.501873
10 93 0.181223
10 94 0.547325
10 95 0.576991
10 96 0.416452
10 97 0.321293
10 98 0.137615
10 99 0.511504
11 12 0.576220
11 13 0.157609
11 14 0.779886
11 15 0.636856
11 16 0.609551
11 17 0.512304
11 18 0.523438
11 19 0.628079
11 20 0.019048
11 21 0.785965
11 22 0.802233
11 23 0.151515
11 24 0.536383
11 25 0.463303
11 26 0.676960
11 27 0.667368
11 28 0.778571
11 29 0.669834
11 30 0.701944
11 31 0.648101
11 32 0.295858
11 33 0.720322
11 34 0.144712
11 35 0.699774
11 36 0.602210
11 37 0.669811
11 38 0.630986
11 39 0.514436
11 40 0.637602
11 41 0.764933
11 42 0.515493
11 43 0.681818
11 44 0.781176
11 45 0.714903
11 46 0.657754
11 47 0.724346
11 48 0.669048
11 49 0.740492
11 50 0.777027
11 51 0.135325
11 52 0.173913
11 53 0.001984
11 54 0.566038
11 55 0.445946
11 56 0.605528
11 57 0.778022
11 58 0.272941
11 59 0.028630
11 60 0.094000
11 61 0.586605
11 62 0.400000
11 63 0.640909
11 64 0.632530
11 65 0.742126
11 66 0.719818
11 67 0.093985
11 68 0.740566
11 69 0.692722
11 70 0.643293
11 71 0.452427
11 72 0.240545
11 73 0.673797
11 74 0.582656
11 75 0.363881
11 76 0.710669
11 77 0.720238
11 78 0.440901
11 79 0.600998
11 80 0.579167
11 81 0.657388
11 82 0.214953
11 83 0.677355
11 84 0.739703
11 85 0.634703
11 86 0.562147
11 87 0.287500
11 88 0.632613
11 89 0.160714
11 90 0.294505
11 91 0.318078
11 92 0.700375
11 93 0.194323
11 94 0.561728
11 95 0.470796
11 96 0.491003
11 97 0.410646
11 98 0.240826
11 99 0.718584
12 13 0.592391
12 14 0.571157
12 15 0.276423
12 16 0.117978
12 17 0.742729
12 18 0.187500
12 19 0.721675
12 20 0.459524
12 21 0.561404
12 22 0.577352
12 23 0.447811
12 24 0.740125
12 25 0.651376
12 26 0.277910
12 27 0.760000
12 28 0.539286
12 29 0.223278
12 30 0.306695
12 31 0.179747
12 32 0.570020
12 33 0.346076
12 34 0.350649
12 35 0.363431
12 36 0.099448
12 37 0.603774
12 38 0.676056
12 39 0.622047
12 40 0.288828
12 41 0.527938
12 42 0.047887
12 43 0.717703
12 44 0.689412
12 45 0.386609
12 46 0.687166
12 47 0.364185
12 48 0.221429
12 49 0.525727
12 50 0.648649
12 51 0.400703
12 52 0.258581
12 53 0.373016
12 54 0.758910
12 55 0.644144
12 56 0.128141
12 57 0.635165
12 58 0.461176
12 59 0.361963
12 60 0.322000
12 61 0.166282
12 62 0.631579
12 63 0.211364
12 64 0.787149
12 65 0.442913
12 66 0.724374
12 67 0.443609
12 68 0.568396
12 69 0.512129
12 70 0.481707
12 71 0.289320
12 72 0.515885
12 73 0.761141
12 74 0.417344
12 75 0.231806
12 76 0.408680
12 77 0.710317
12 78 0.202627
12 79 0.211970
12 80 0.750000
12 81 0.327623
12 82 0.489097
12 83 0.346693
12 84 0.510708
12 85 0.321918
12 86 0.409605
12 87 0.400000
12 88 0.744597
12 89 0.397321
12 90 0.191209
12 91 0.528604
12 92 0.425094
12 93 0.451965
12 94 0.174897
12 95 0.244248
12 96 0.107969
12 97 0.659696
12 98 0.456422
12 99 0.470796
13 14 0.745731
13 15 0.647696
13 16 0.665730
13 17 0.382550
13 18 0.635417
13 19 0.509852
13 20 0.152381
13 21 0.764912
13 22 0.787879
13 23 0.202020
13 24 0.415800
13 25 0.337156
13 26 0.700713
13 27 0.557895
13 28 0.760714
13 29 0.726841
13 30 0.736501
13 31 0.701266
13 32 0.179487
13 33 0.758551
13 34 0.252319
13 35 0.704289
13 36 0.665746
13 37 0.584906
13 38 0.518310
13 39 0.398950
13 40 0.645777
13 41 0.741811
13 42 0.583099
13 43 0.574163
13 44 0.701176
13 45 0.717063
13 46 0.548128
13 47 0.750503
13 48 0.726190
13 49 0.702461
13 50 0.709459
13 51 0.221441
13 52 0.244851
13 53 0.119048
13 54 0.444444
13 55 0.322072
13 56 0.670854
13 57 0.714286
13 58 0.178824
13 59 0.116564
13 60 0.208000
13 61 0.665127
13 62 0.277895
13 63 0.706818
13 64 0.518072
13 65 0.740157
13 66 0.619590
13 67 0.077068
13 68 0.686321
13 69 0.638814
13 70 0.591463
13 71 0.555340
13 72 0.258699
13 73 0.577540
13 74 0.542005
13 75 0.390836
13 76 0.719711
13 77 0.632937
13 78 0.527205
13 79 0.625935
13 80 0.460417
13 81 0.663812
13 82 0.249221
13 83 0.691383
13 84 0.724876
13 85 0.634703
13 86 0.522599
13 87 0.235000
13 88 0.524558
13 89 0.107143
13 90 0.400000
13 91 0.203661
13 92 0.696629
13 93 0.091703
13 94 0.623457
13 95 0.555752
13 96 0.534704
13 97 0.300380
13 98 0.144495
13 99 0.706195
14 15 0.542005
14 16 0.730337
14 17 0.814318
14 18 0.960938
14 19 0.647783
14 20 0.997619
14 21 0.092982
14 22 0.181818
14 23 0.843434
14 24 0.758836
14 25 0.738532
14 26 0.470309
14 27 0.604211
14 28 0.108929
14 29 0.622328
14 30 0.479482
14 31 0.640506
14 32 0.781065
14 33 0.482897
14 34 0.846011
14 35 0.329571
14 36 0.743094
14 37 0.660377
14 38 0.664789
14 39 0.706037
14 40 0.536785
14 41 0.069364
14 42 0.811268
14 43 0.550239
14 44 0.334118
14 45 0.295896
14 46 0.604278
14 47 0.406439
14 48 0.630952
14 49 0.178971
14 50 0.250000
14 51 0.845343
14 52 0.803204
14 53 0.815476
14 54 0.756813
14 55 0.743243
14 56 0.708543
14 57 0.213187
14 58 0.752941
14 59 0.809816
14 60 0.828000
14 61 0.734411
14 62 0.762105
14 63 0.661364
14 64 0.702811
14 65 0.220472
14 66 0.482916
14 67 0.813910
14 68 0.247642
14 69 0.420485
14 70 0.609756
14 71 0.866019
14 72 0.853253
14 73 0.581105
14 74 0.531165
14 75 0.768194
14 76 0.278481
14 77 0.416667
14 78 0.744841
14 79 0.536160
14 80 0.720833
14 81 0.336188
14 82 0.852025
14 83 0.328657
14 84 0.126853
14 85 0.363014
14 86 0.596045
14 87 0.750000
14 88 0.618861
14 89 0.776786
14 90 0.835165
14 91 0.750572
14 92 0.192884
14 93 0.772926
14 94 0.611111
14 95 0.736283
14 96 0.676093
14 97 0.781369
14 98 0.761468
14 99 0.129204
15 16 0.182584
15 17 0.666667
15 18 0.450521
15 19 0.571429
15 20 0.576190
15 21 0.394737
15 22 0.435407
15 23 0.545455
15 24 0.656965
15 25 0.566514
15 26 0.144893
15 27 0.618947
15 28 0.373214
15 29 0.251781
15 30 0.244060
15 31 0.200000
15 32 0.558185
15 33 0.303823
15 34 0.489796
15 35 0.169300
15 36 0.207182
15 37 0.393082
15 38 0.501408
15 39 0.498688
15 40 0.016349
15 41 0.339114
15 42 0.247887
15 43 0.543062
15 44 0.468235
15 45 0.205184
15 46 0.505348
15 47 0.275654
15 48 0.257143
15 49 0.297539
15 50 0.430180
15 51 0.520211
15 52 0.375286
15 53 0.466270
15 54 0.668763
15 55 0.567568
15 56 0.248744
15 57 0.417582
15 58 0.437647
15 59 0.451943
15 60 0.452000
15 61 0.321016
15 62 0.578947
15 63 0.295455
15 64 0.676707
15 65 0.279528
15 66 0.542141
15 67 0.509398
15 68 0.334906
15 69 0.264151
15 70 0.262195
15 71 0.485437
15 72 0.597579
15 73 0.636364
15 74 0.211382
15 75 0.269542
15 76 0.287523
15 77 0.539683
15 78 0.384615
15 79 0.064838
15 80 0.650000
15 81 0.152034
15 82 0.579439
15 83 0.212425
15 84 0.360791
15 85 0.100457
15 86 0.225989
15 87 0.377500
15 88 0.620825
15 89 0.428571
15 90 0.395604
15 91 0.487414
15 92 0.262172
15 93 0.460699
15 94 0.265432
15 95 0.408850
15 96 0.161954
15 97 0.623574
15 98 0.444954
15 99 0.309735
16 17 0.742729
16 18 0.283854
16 19 0.689655
16 20 0.528571
16 21 0.487719
16 22 0.510367
16 23 0.505051
16 24 0.733888
16 25 0.644495
16 26 0.180523
16 27 0.728421
16 28 0.464286
16 29 0.163895
16 30 0.231102
16 31 0.098734
16 32 0.589744
16 33 0.283702
16 34 0.421150
16 35 0.268623
16 36 0.027624
16 37 0.550314
16 38 0.636620
16 39 0.601050
16 40 0.190736
16 41 0.448940
16 42 0.101408
16 43 0.674641
16 44 0.618824
16 45 0.295896
16 46 0.644385
16 47 0.289738
16 48 0.164286
16 49 0.440716
16 50 0.576577
16 51 0.463972
16 52 0.320366
16 53 0.430556
16 54 0.750524
16 55 0.641892
16 56 0.097990
16 57 0.560440
16 58 0.475294
16 59 0.417178
16 60 0.390000
16 61 0.180139
16 62 0.637895
16 63 0.184091
16 64 0.767068
16 65 0.360236
16 66 0.674260
16 67 0.490602
16 68 0.488208
16 69 0.433962
16 70 0.417683
16 71 0.361165
16 72 0.565809
16 73 0.732620
16 74 0.355014
16 75 0.253369
16 76 0.334539
16 77 0.662698
16 78 0.262664
16 79 0.112219
16 80 0.737500
16 81 0.237687
16 82 0.542056
16 83 0.264529
16 84 0.441516
16 85 0.230594
16 86 0.355932
16 87 0.412500
16 88 0.719057
16 89 0.430804
16 90 0.283516
16 91 0.537757
16 92 0.346442
16 93 0.480349
16 94 0.156379
16 95 0.292035
16 96 0.077121
16 97 0.671103
16 98 0.474771
16 99 0.396460
17 18 0.997396
17 19 0.251232
17 20 0.559524
17 21 0.731579
17 22 0.762360
17 23 0.466330
17 24 0.060291
17 25 0.116972
17 26 0.852732
17 27 0.254737
17 28 0.742857
17 29 0.942993
17 30 0.889849
17 31 0.929114
17 32 0.173570
17 33 0.905433
17 34 0.569573
17 35 0.790068
17 36 0.936464
17 37 0.569182
17 38 0.377465
17 39 0.288714
17 40 0.798365
17 41 0.716763
17 42 0.890141
17 43 0.334928
17 44 0.538824
17 45 0.790497
17 46 0.371658
17 47 0.867203
17 48 0.947619
17 49 0.664430
17 50 0.578829
17 51 0.518453
17 52 0.574371
17 53 0.456349
17 54 0.085954
17 55 0.103604
17 56 0.929648
17 57 0.595604
17 58 0.327059
17 59 0.460123
17 60 0.544000
17 61 0.930716
17 62 0.080000
17 63 0.938636
17 64 0.180723
17 65 0.781496
17 66 0.384966
17 67 0.377820
17 68 0.617925
17 69 0.630728
17 70 0.658537
17 71 0.856311
17 72 0.450832
17 73 0.292335
17 74 0.607046
17 75 0.663073
17 76 0.784810
17 77 0.406746
17 78 0.795497
17 79 0.800499
17 80 0.114583
17 81 0.758030
17 82 0.470405
17 83 0.785571
17 84 0.711697
17 85 0.726027
17 86 0.615819
17 87 0.432500
17 88 0.216110
17 89 0.388393
17 90 0.729670
17 91 0.235698
17 92 0.728464
17 93 0.316594
17 94 0.839506
17 95 0.808850
17 96 0.778920
17 97 0.096958
17 98 0.323394
17 99 0.707965
18 19 0.876847
18 20 0.480952
18 21 0.673684
18 22 0.673046
18 23 0.437710
18 24 0.850312
18 25 0.775229
18 26 0.420428
18 27 0.894737
18 28 0.651786
18 29 0.308789
18 30 0.399568
18 31 0.308861
18 32 0.646943
18 33 0.412475
18 34 0.319109
18 35 0.507901
18 36 0.276243
18 37 0.817610
18 38 0.859155
18 39 0.779528
18 40 0.482289
18 41 0.657033
18 42 0.247887
18 43 0.877990
18 44 0.856471
18 45 0.520518
18 46 0.863636
18 47 0.450704
18 48 0.302381
18 49 0.684564
18 50 0.810811
18 51 0.377856
18 52 0.315789
18 53 0.396825
18 54 0.872117
18 55 0.763514
18 56 0.231156
18 57 0.793407
18 58 0.574118
18 59 0.392638
18 60 0.320000
18 61 0.170901
18 62 0.732632
18 63 0.254545
18 64 0.903614
18 65 0.561024
18 66 0.881549
18 67 0.471805
18 68 0.738208
18 69 0.703504
18 70 0.695122
18 71 0.149515
18 72 0.505295
18 73 0.875223
18 74 0.607046
18 75 0.385445
18 76 0.500904
18 77 0.849206
18 78 0.076923
18 79 0.384040
18 80 0.868750
18 81 0.462527
18 82 0.471963
18 83 0.456914
18 84 0.611203
18 85 0.479452
18 86 0.607345
18 87 0.525000
18 88 0.866405
18 89 0.479911
18 90 0.147253
18 91 0.640732
18 92 0.539326
18 93 0.534934
18 94 0.207819
18 95 0.130973
18 96 0.293059
18 97 0.741445
18 98 0.557339
18 99 0.582301
19 20 0.626190
19 21 0.554386
19 22 0.601276
19 23 0.550505
19 24 0.212058
19 25 0.162844
19 26 0.684086
19 27 0.145263
19 28 0.564286
19 29 0.800475
19 30 0.734341
19 31 0.782278
19 32 0.313609
19 33 0.758551
19 34 0.610390
19 35 0.604966
19 36 0.798343
19 37 0.333333
19 38 0.152113
19 39 0.162730
19 40 0.613079
19 41 0.526012
19 42 0.774648
19 43 0.093301
19 44 0.296471
19 45 0.606911
19 46 0.117647
19 47 0.710262
19 48 0.804762
19 49 0.447427
19 50 0.346847
19 51 0.581722
19 52 0.560641
19 53 0.507937
19 54 0.209644
19 55 0.177928
19 56 0.804020
19 57 0.371429
19 58 0.329412
19 59 0.501022
19 60 0.574000
19 61 0.824480
19 62 0.231579
19 63 0.813636
19 64 0.210843
19 65 0.604331
19 66 0.161731
19 67 0.464286
19 68 0.384434
19 69 0.398922
19 70 0.445122
19 71 0.825243
19 72 0.553707
19 73 0.240642
19 74 0.414634
19 75 0.574124
19 76 0.625678
19 77 0.226190
19 78 0.744841
19 79 0.643392
19 80 0.181250
19 81 0.586724
19 82 0.563863
19 83 0.621242
19 84 0.548600
19 85 0.545662
19 86 0.435028
19 87 0.390000
19 88 0.168959
19 89 0.410714
19 90 0.701099
19 91 0.270023
19 92 0.558052
19 93 0.364629
19 94 0.730453
19 95 0.759292
19 96 0.658098
19 97 0.290875
19 98 0.344037
19 99 0.538053
20 21 0.800000
20 22 0.813397
20 23 0.139731
20 24 0.548857
20 25 0.479358
20 26 0.691211
20 27 0.684211
20 28 0.792857
20 29 0.681710
20 30 0.712743
20 31 0.660759
20 32 0.303748
20 33 0.730382
20 34 0.133581
20 35 0.715576
20 36 0.616022
20 37 0.694969
20 38 0.653521
20 39 0.535433
20 40 0.656676
20 41 0.780347
20 42 0.526761
20 43 0.700957
20 44 0.800000
20 45 0.730022
20 46 0.679144
20 47 0.734406
20 48 0.680952
20 49 0.758389
20 50 0.795045
20 51 0.121265
20 52 0.185355
20 53 0.013889
20 54 0.578616
20 55 0.461712
20 56 0.615578
20 57 0.795604
20 58 0.291765
20 59 0.044990
20 60 0.090000
20 61 0.593533
20 62 0.412632
20 63 0.650000
20 64 0.646586
20 65 0.755906
20 66 0.738041
20 67 0.093985
20 68 0.761792
20 69 0.714286
20 70 0.667683
20 71 0.450485
20 72 0.231467
20 73 0.686275
20 74 0.604336
20 75 0.382749
20 76 0.721519
20 77 0.736111
20 78 0.440901
20 79 0.615960
20 80 0.591667
20 81 0.670236
20 82 0.202492
20 83 0.691383
20 84 0.751236
20 85 0.650685
20 86 0.584746
20 87 0.307500
20 88 0.646365
20 89 0.178571
20 90 0.296703
20 91 0.336384
20 92 0.713483
20 93 0.209607
20 94 0.569959
20 95 0.470796
20 96 0.503856
20 97 0.420152
20 98 0.259174
20 99 0.730973
21 22 0.097289
21 23 0.907407
21 24 0.871102
21 25 0.855505
21 26 0.494062
21 27 0.717895
21 28 0.039286
21 29 0.634204
21 30 0.473002
21 31 0.668354
21 32 0.877712
21 33 0.460765
21 34 0.905380
21 35 0.358916
21 36 0.790055
21 37 0.805031
21 38 0.805634
21 39 0.837270
21 40 0.607629
21 41 0.098266
21 42 0.873239
21 43 0.679426
21 44 0.458824
21 45 0.308855
21 46 0.743316
21 47 0.384306
21 48 0.642857
21 49 0.277405
21 50 0.371622
21 51 0.906854
21 52 0.878719
21 53 0.890873
21 54 0.870021
21 55 0.858108
21 56 0.736181
21 57 0.331868
21 58 0.856471
21 59 0.887526
21 60 0.894000
21 61 0.752887
21 62 0.867368
21 63 0.670455
21 64 0.811245
21 65 0.204724
21 66 0.605923
21 67 0.890977
21 68 0.365566
21 69 0.539084
21 70 0.734756
21 71 0.889320
21 72 0.913767
21 73 0.675579
21 74 0.639566
21 75 0.857143
21 76 0.244123
21 77 0.521825
21 78 0.765478
21 79 0.583541
21 80 0.831250
21 81 0.359743
21 82 0.912773
21 83 0.326653
21 84 0.049423
21 85 0.413242
21 86 0.709040
21 87 0.855000
21 88 0.724951
21 89 0.868304
21 90 0.887912
21 91 0.858124
21 92 0.183521
21 93 0.868996
21 94 0.621399
21 95 0.750442
21 96 0.737789
21 97 0.880228
21 98 0.862385
21 99 0.100885
22 23 0.998316
22 24 0.997921
22 25 0.997706
22 26 0.581948
22 27 0.844211
22 28 0.119643
22 29 0.705463
22 30 0.526998
22 31 0.759494
22 32 0.998028
22 33 0.492958
22 34 0.998145
22 35 0.453725
22 36 0.900552
22 37 0.993711
22 38 0.980282
22 39 0.997375
22 40 0.741144
22 41 0.210019
22 42 0.997183
22 43 0.825359
22 44 0.602353
22 45 0.393089
22 46 0.906417
22 47 0.422535
22 48 0.714286
22 49 0.413870
22 50 0.509009
22 51 0.998243
22 52 0.997712
22 53 0.998016
22 54 0.997904
22 55 0.997748
22 56 0.826633
22 57 0.463736
22 58 0.997647
22 59 0.997955
22 60 0.998000
22 61 0.826790
22 62 0.997895
22 63 0.734091
22 64 0.933735
22 65 0.269685
22 66 0.742597
22 67 0.998120
22 68 0.511792
22 69 0.698113
22 70 0.911585
22 71 0.957282
22 72 0.998487
22 73 0.777184
22 74 0.794038
22 75 0.997305
22 76 0.273056
22 77 0.634921
22 78 0.827392
22 79 0.695761
22 80 0.958333
22 81 0.445396
22 82 0.998442
22 83 0.386774
22 84 0.088962
22 85 0.522831
22 86 0.870056
22 87 0.997500
22 88 0.842829
22 89 0.997768
22 90 0.986813
22 91 0.997712
22 92 0.252809
22 93 0.997817
22 94 0.681070
22 95 0.801770
22 96 0.853470
22 97 0.998099
22 98 0.997706
22 99 0.171681
23 24 0.636175
23 25 0.605505
23 26 0.881235
23 27 0.806316
23 28 0.941071
23 29 0.857482
23 30 0.879050
23 31 0.853165
23 32 0.372781
23 33 0.883300
23 34 0.166976
23 35 0.900677
23 36 0.825967
23 37 0.943396
23 38 0.856338
23 39 0.713911
23 40 0.880109
23 41 0.940270
23 42 0.743662
23 43 0.861244
23 44 0.981176
23 45 0.907127
23 46 0.871658
23 47 0.893360
23 48 0.857143
23 49 0.941834
23 50 0.972973
23 51 0.082601
23 52 0.368421
23 53 0.178571
23 54 0.668763
23 55 0.581081
23 56 0.798995
23 57 0.969231
23 58 0.458824
23 59 0.214724
23 60 0.210000
23 61 0.748268
23 62 0.507368
23 63 0.811364
23 64 0.738956
23 65 0.917323
23 66 0.895216
23 67 0.150376
23 68 0.950472
23 69 0.932615
23 70 0.917683
23 71 0.520388
23 72 0.113464
23 73 0.780749
23 74 0.826558
23 75 0.603774
23 76 0.867993
23 77 0.871032
23 78 0.534709
23 79 0.815461
23 80 0.689583
23 81 0.845824
23 82 0.074766
23 83 0.853707
23 84 0.887974
23 85 0.837900
23 86 0.816384
23 87 0.507500
23 88 0.748527
23 89 0.348214
23 90 0.426374
23 91 0.478261
23 92 0.868914
23 93 0.353712
23 94 0.713992
23 95 0.553982
23 96 0.706941
23 97 0.471483
23 98 0.419725
23 99 0.877876
24 25 0.162844
24 26 0.890736
24 27 0.218947
24 28 0.748214
24 29 0.988124
24 30 0.924406
24 31 0.977215
24 32 0.228797
24 33 0.937626
24 34 0.623377
24 35 0.817156
24 36 0.997238
24 37 0.610063
24 38 0.405634
24 39 0.328084
24 40 0.844687
24 41 0.724470
24 42 0.954930
24 43 0.325359
24 44 0.531765
24 45 0.816415
24 46 0.385027
24 47 0.897384
24 48 0.992857
24 49 0.675615
24 50 0.576577
24 51 0.571178
24 52 0.636156
24 53 0.515873
24 54 0.027254
24 55 0.155405
24 56 0.984925
24 57 0.593407
24 58 0.388235
24 59 0.519427
24 60 0.602000
24 61 0.983834
24 62 0.143158
24 63 0.986364
24 64 0.126506
24 65 0.799213
24 66 0.369021
24 67 0.432331
24 68 0.627358
24 69 0.660377
24 70 0.704268
24 71 0.908738
24 72 0.491679
24 73 0.245989
24 74 0.647696
24 75 0.727763
24 76 0.804702
24 77 0.380952
24 78 0.842402
24 79 0.845387
24 80 0.062500
24 81 0.785867
24 82 0.514019
24 83 0.811623
24 84 0.718287
24 85 0.757991
24 86 0.663842
24 87 0.495000
24 88 0.172888
24 89 0.450893
24 90 0.789011
24 91 0.297483
24 92 0.745318
24 93 0.379913
24 94 0.882716
24 95 0.854867
24 96 0.835476
24 97 0.133080
24 98 0.387615
24 99 0.718584
25 26 0.729216
25 27 0.250526
25 28 0.662500
25 29 0.821853
25 30 0.777538
25 31 0.800000
25 32 0.173570
25 33 0.800805
25 34 0.517625
25 35 0.674944
25 36 0.798343
25 37 0.408805
25 38 0.245070
25 39 0.154856
25 40 0.656676
25 41 0.630058
25 42 0.754930
25 43 0.263158
25 44 0.454118
25 45 0.680346
25 46 0.256684
25 47 0.764588
25 48 0.826190
25 49 0.561521
25 50 0.493243
25 51 0.481547
25 52 0.482838
25 53 0.402778
25 54 0.163522
25 55 0.018018
25 56 0.804020
25 57 0.509890
25 58 0.228235
25 59 0.398773
25 60 0.482000
25 61 0.817552
25 62 0.084211
25 63 0.825000
25 64 0.232932
25 65 0.685039
25 66 0.325740
25 67 0.345865
25 68 0.511792
25 69 0.498652
25 70 0.503049
25 71 0.774757
25 72 0.449319
25 73 0.313725
25 74 0.468835
25 75 0.533693
25 76 0.692586
25 77 0.367063
25 78 0.711069
25 79 0.673317
25 80 0.166667
25 81 0.648822
25 82 0.461059
25 83 0.683367
25 84 0.637562
25 85 0.609589
25 86 0.471751
25 87 0.317500
25 88 0.235756
25 89 0.308036
25 90 0.637363
25 91 0.146453
25 92 0.636704
25 93 0.246725
25 94 0.736626
25 95 0.729204
25 96 0.650386
25 97 0.171103
25 98 0.233945
25 99 0.624779
26 27 0.730526
26 28 0.335714
26 29 0.156770
26 30 0.114471
26 31 0.141772
26 32 0.678501
26 33 0.183099
26 34 0.560297
26 35 0.115124
26 36 0.223757
26 37 0.572327
26 38 0.661972
26 39 0.656168
26 40 0.179837
26 41 0.321773
26 42 0.315493
26 43 0.667464
26 44 0.555294
26 45 0.138229
26 46 0.652406
26 47 0.154930
26 48 0.164286
26 49 0.335570
26 50 0.497748
26 51 0.594025
26 52 0.480549
26 53 0.563492
26 54 0.792453
26 55 0.702703
26 56 0.213568
26 57 0.474725
26 58 0.578824
26 59 0.552147
26 60 0.536000
26 61 0.277136
26 62 0.707368
26 63 0.215909
26 64 0.789157
26 65 0.212598
26 66 0.649203
26 67 0.610902
26 68 0.405660
26 69 0.390836
26 70 0.439024
26 71 0.485437
26 72 0.671710
26 73 0.727273
26 74 0.368564
26 75 0.407008
26 76 0.198915
26 77 0.625000
26 78 0.375235
26 79 0.109726
26 80 0.770833
26 81 0.087794
26 82 0.652648
26 83 0.112224
26 84 0.319605
26 85 0.121005
26 86 0.395480
26 87 0.527500
26 88 0.726916
26 89 0.553571
26 90 0.450549
26 91 0.627002
26 92 0.207865
26 93 0.589520
26 94 0.203704
26 95 0.385841
26 96 0.244216
26 97 0.739544
26 98 0.582569
26 99 0.269027
27 28 0.616071
27 29 0.950119
27 30 0.859611
27 31 0.941772
27 32 0.396450
27 33 0.873239
27 34 0.730983
27 35 0.724605
27 36 0.980663
27 37 0.537736
27 38 0.338028
27 39 0.341207
27 40 0.782016
27 41 0.587669
27 42 0.966197
27 43 0.162679
27 44 0.341176
27 45 0.717063
27 46 0.280749
27 47 0.818913
27 48 0.957143
27 49 0.532438
27 50 0.394144
27 51 0.688928
27 52 0.716247
27 53 0.632937
27 54 0.194969
27 55 0.281532
27 56 0.967337
27 57 0.417582
27 58 0.482353
27 59 0.631902
27 60 0.706000
27 61 0.979215
27 62 0.309474
27 63 0.961364
27 64 0.128514
27 65 0.688976
27 66 0.170843
27 67 0.569549
27 68 0.474057
27 69 0.544474
27 70 0.640244
27 71 0.959223
27 72 0.626324
27 73 0.117647
27 74 0.585366
27 75 0.760108
27 76 0.710669
27 77 0.180556
27 78 0.874296
27 79 0.798005
27 80 0.154167
27 81 0.702355
27 82 0.644860
27 83 0.727455
27 84 0.598023
27 85 0.675799
27 86 0.618644
27 87 0.560000
27 88 0.055010
27 89 0.555804
27 90 0.852747
27 91 0.407323
27 92 0.636704
27 93 0.497817
27 94 0.864198
27 95 0.879646
27 96 0.830334
27 97 0.326996
27 98 0.490826
27 99 0.601770
28 29 0.584323
28 30 0.425486
28 31 0.617722
28 32 0.867850
28 33 0.414487
28 34 0.877551
28 35 0.316027
28 36 0.737569
28 37 0.786164
28 38 0.800000
28 39 0.826772
28 40 0.566757
28 41 0.082852
28 42 0.825352
28 43 0.684211
28 44 0.470588
28 45 0.265659
28 46 0.740642
28 47 0.340040
28 48 0.592857
28 49 0.266219
28 50 0.382883
28 51 0.882250
28 52 0.846682
28 53 0.865079
28 54 0.872117
28 55 0.851351
28 56 0.688442
28 57 0.342857
28 58 0.837647
28 59 0.860941
28 60 0.866000
28 61 0.706697
28 62 0.861053
28 63 0.622727
28 64 0.819277
28 65 0.163386
28 66 0.615034
28 67 0.872180
28 68 0.360849
28 69 0.520216
28 70 0.707317
28 71 0.852427
28 72 0.897126
28 73 0.688057
28 74 0.612466
28 75 0.819407
28 76 0.204340
28 77 0.537698
28 78 0.727955
28 79 0.541147
28 80 0.835417
28 81 0.319058
28 82 0.894081
28 83 0.284569
28 84 0.028007
28 85 0.376712
28 86 0.680791
28 87 0.830000
28 88 0.734774
28 89 0.845982
28 90 0.850549
28 91 0.844394
28 92 0.144195
28 93 0.849345
28 94 0.578189
28 95 0.713274
28 96 0.694087
28 97 0.876426
28 98 0.844037
28 99 0.063717
29 30 0.118790
29 31 0.075949
29 32 0.725838
29 33 0.156942
29 34 0.523191
29 35 0.261851
29 36 0.176796
29 37 0.723270
29 38 0.797183
29 39 0.763780
29 40 0.305177
29 41 0.441233
29 42 0.278873
29 43 0.796651
29 44 0.705882
29 45 0.272138
29 46 0.788770
29 47 0.189135
29 48 0.007143
29 49 0.483221
29 50 0.644144
29 51 0.565905
29 52 0.471396
29 53 0.559524
29 54 0.882600
29 55 0.788288
29 56 0.108040
29 57 0.619780
29 58 0.637647
29 59 0.550102
29 60 0.510000
29 61 0.138568
29 62 0.776842
29 63 0.065909
29 64 0.887550
29 65 0.320866
29 66 0.781321
29 67 0.616541
29 68 0.556604
29 69 0.547170
29 70 0.582317
29 71 0.380583
29 72 0.659607
29 73 0.825312
29 74 0.498645
29 75 0.439353
29 76 0.269439
29 77 0.746032
29 78 0.270169
29 79 0.197007
29 80 0.864583
29 81 0.224839
29 82 0.635514
29 83 0.208417
29 84 0.410214
29 85 0.267123
29 86 0.516949
29 87 0.582500
29 88 0.829077
29 89 0.584821
29 90 0.386813
29 91 0.693364
29 92 0.316479
29 93 0.631004
29 94 0.072016
29 95 0.277876
29 96 0.254499
29 97 0.798479
29 98 0.633028
29 99 0.371681
30 31 0.179747
30 32 0.777120
30 33 0.076459
30 34 0.615955
30 35 0.191874
30 36 0.298343
30 37 0.738994
30 38 0.811268
30 39 0.795276
30 40 0.324251
30 41 0.360308
30 42 0.402817
30 43 0.789474
30 44 0.663529
30 45 0.185745
30 46 0.791444
30 47 0.078471
30 48 0.138095
30 49 0.425056
30 50 0.594595
30 51 0.652021
30 52 0.567506
30 53 0.642857
30 54 0.903564
30 55 0.824324
30 56 0.238693
30 57 0.564835
30 58 0.696471
30 59 0.635992
30 60 0.604000
30 61 0.265589
30 62 0.816842
30 63 0.179545
30 64 0.895582
30 65 0.224409
30 66 0.763098
30 67 0.691729
30 68 0.509434
30 69 0.528302
30 70 0.600610
30 71 0.485437
30 72 0.727685
30 73 0.818182
30 74 0.512195
30 75 0.528302
30 76 0.169982
30 77 0.718254
30 78 0.371482
30 79 0.231920
30 80 0.881250
30 81 0.160600
30 82 0.708723
30 83 0.114228
30 84 0.327842
30 85 0.232877
30 86 0.545198
30 87 0.650000
30 88 0.831041
30 89 0.658482
30 90 0.501099
30 91 0.745995
30 92 0.228464
30 93 0.696507
30 94 0.179012
30 95 0.369912
30 96 0.344473
30 97 0.838403
30 98 0.694954
30 99 0.286726
31 32 0.666667
31 33 0.205231
31 34 0.484230
31 35 0.241535
31 36 0.102210
31 37 0.635220
31 38 0.718310
31 39 0.687664
31 40 0.234332
31 41 0.429672
31 42 0.205634
31 43 0.732057
31 44 0.651765
31 45 0.259179
31 46 0.713904
31 47 0.219316
31 48 0.073810
31 49 0.447427
31 50 0.599099
31 51 0.527241
31 52 0.409611
31 53 0.505952
31 54 0.819706
31 55 0.720721
31 56 0.072864
31 57 0.578022
31 58 0.564706
31 59 0.494888
31 60 0.464000
31 61 0.150115
31 62 0.713684
31 63 0.113636
31 64 0.829317
31 65 0.320866
31 66 0.724374
31 67 0.563910
31 68 0.509434
31 69 0.479784
31 70 0.496951
31 71 0.376699
31 72 0.621785
31 73 0.777184
31 74 0.422764
31 75 0.358491
31 76 0.283906
31 77 0.698413
31 78 0.270169
31 79 0.132170
31 80 0.804167
31 81 0.207709
31 82 0.598131
31 83 0.212425
31 84 0.410214
31 85 0.226027
31 86 0.435028
31 87 0.507500
31 88 0.774067
31 89 0.520089
31 90 0.345055
31 91 0.624714
31 92 0.312734
31 93 0.565502
31 94 0.102881
31 95 0.288496
31 96 0.177378
31 97 0.741445
31 98 0.564220
31 99 0.368142
32 33 0.869215
32 34 0.419295
32 35 0.783296
32 36 0.842541
32 37 0.597484
32 38 0.456338
32 39 0.333333
32 40 0.760218
32 41 0.763006
32 42 0.777465
32 43 0.473684
32 44 0.649412
32 45 0.790497
32 46 0.473262
32 47 0.847082
32 48 0.876190
32 49 0.715884
32 50 0.675676
32 51 0.369069
32 52 0.434783
32 53 0.299603
32 54 0.270440
32 55 0.180180
32 56 0.841709
32 57 0.687912
32 58 0.230588
32 59 0.304703
32 60 0.392000
32 61 0.836028
32 62 0.113684
32 63 0.861364
32 64 0.359438
32 65 0.797244
32 66 0.526196
32 67 0.216165
32 68 0.686321
32 69 0.665768
32 70 0.652439
32 71 0.730097
32 72 0.320726
32 73 0.447415
32 74 0.601626
32 75 0.555256
32 76 0.786618
32 77 0.541667
32 78 0.688555
32 79 0.750623
32 80 0.295833
32 81 0.747323
32 82 0.334891
32 83 0.773547
32 84 0.749588
32 85 0.714612
32 86 0.596045
32 87 0.337500
32 88 0.385069
32 89 0.252232
32 90 0.591209
32 91 0.164760
32 92 0.747191
32 93 0.179039
32 94 0.765432
32 95 0.707965
32 96 0.691517
32 97 0.125475
32 98 0.211009
32 99 0.739823
33 34 0.669759
33 35 0.261851
33 36 0.386740
33 37 0.858491
33 38 0.918310
33 39 0.895013
33 40 0.427793
33 41 0.393064
33 42 0.492958
33 43 0.875598
33 44 0.738824
33 45 0.241901
33 46 0.890374
33 47 0.076459
33 48 0.190476
33 49 0.487696
33 50 0.662162
33 51 0.704745
33 52 0.645309
33 53 0.710317
33 54 0.983229
33 55 0.909910
33 56 0.306533
33 57 0.628571
33 58 0.785882
33 59 0.705521
33 60 0.666000
33 61 0.302540
33 62 0.898947
33 63 0.209091
33 64 0.969880
33 65 0.251969
33 66 0.840547
33 67 0.755639
33 68 0.582547
33 69 0.625337
33 70 0.716463
33 71 0.508738
33 72 0.776097
33 73 0.880570
33 74 0.615176
33 75 0.625337
33 76 0.169982
33 77 0.781746
33 78 0.395872
33 79 0.326683
33 80 0.960417
33 81 0.229122
33 82 0.757009
33 83 0.158317
33 84 0.337727
33 85 0.315068
33 86 0.652542
33 87 0.745000
33 88 0.901768
33 89 0.741071
33 90 0.558242
33 91 0.832952
33 92 0.256554
33 93 0.777293
33 94 0.211934
33 95 0.382301
33 96 0.434447
33 97 0.910646
33 98 0.782110
33 99 0.306195
34 35 0.762980
34 36 0.621547
34 37 0.861635
34 38 0.828169
34 39 0.703412
34 40 0.722071
34 41 0.843931
34 42 0.535211
34 43 0.854067
34 44 0.929412
34 45 0.773218
34 46 0.844920
34 47 0.744467
34 48 0.666667
34 49 0.847875
34 50 0.909910
34 51 0.075571
34 52 0.240275
34 53 0.150794
34 54 0.729560
34 55 0.621622
34 56 0.600503
34 57 0.903297
34 58 0.444706
34 59 0.171779
34 60 0.088000
34 61 0.554273
34 62 0.564211
34 63 0.622727
34 64 0.789157
34 65 0.797244
34 66 0.879271
34 67 0.216165
34 68 0.867925
34 69 0.832884
34 70 0.801829
34 71 0.347573
34 72 0.245083
34 73 0.811052
34 74 0.718157
34 75 0.458221
34 76 0.746835
34 77 0.859127
34 78 0.367730
34 79 0.653367
34 80 0.741667
34 81 0.710921
34 82 0.204050
34 83 0.717435
34 84 0.797364
34 85 0.705479
34 86 0.706215
34 87 0.450000
34 88 0.783890
34 89 0.321429
34 90 0.237363
34 91 0.494279
34 92 0.756554
34 93 0.362445
34 94 0.543210
34 95 0.394690
34 96 0.532134
34 97 0.555133
34 98 0.412844
34 99 0.778761
35 36 0.350829
35 37 0.531447
35 38 0.616901
35 39 0.629921
35 40 0.207084
35 41 0.223507
35 42 0.430986
35 43 0.605263
35 44 0.465882
35 45 0.043197
35 46 0.596257
35 47 0.173038
35 48 0.283333
35 49 0.232662
35 50 0.400901
35 51 0.650264
35 52 0.546911
35 53 0.615079
35 54 0.761006
35 55 0.686937
35 56 0.341709
35 57 0.378022
35 58 0.595294
35 59 0.603272
35 60 0.600000
35 61 0.394919
35 62 0.696842
35 63 0.329545
35 64 0.748996
35 65 0.131890
35 66 0.578588
35 67 0.648496
35 68 0.308962
35 69 0.320755
35 70 0.411585
35 71 0.582524
35 72 0.711044
35 73 0.673797
35 74 0.344173
35 75 0.469003
35 76 0.157324
35 77 0.551587
35 78 0.470919
35 79 0.192020
35 80 0.735417
35 81 0.021413
35 82 0.696262
35 83 0.084168
35 84 0.243822
35 85 0.077626
35 86 0.384181
35 87 0.552500
35 88 0.679764
35 89 0.589286
35 90 0.542857
35 91 0.631579
35 92 0.123596
35 93 0.613537
35 94 0.308642
35 95 0.476106
35 96 0.336761
35 97 0.731939
35 98 0.600917
35 99 0.185841
36 37 0.578616
36 38 0.661972
36 39 0.624672
36 40 0.217984
36 41 0.464355
36 42 0.098592
36 43 0.698565
36 44 0.644706
36 45 0.311015
36 46 0.668449
36 47 0.291751
36 48 0.152381
36 49 0.463087
36 50 0.599099
36 51 0.462214
36 52 0.324943
36 53 0.432540
36 54 0.767296
36 55 0.659910
36 56 0.075377
36 57 0.582418
36 58 0.491765
36 59 0.419223
36 60 0.388000
36 61 0.157044
36 62 0.652632
36 63 0.165909
36 64 0.785141
36 65 0.372047
36 66 0.697039
36 67 0.494361
36 68 0.511792
36 69 0.460916
36 70 0.448171
36 71 0.343689
36 72 0.565809
36 73 0.750446
36 74 0.382114
36 75 0.266846
36 76 0.341772
36 77 0.682540
36 78 0.243902
36 79 0.134663
36 80 0.754167
36 81 0.252677
36 82 0.540498
36 83 0.272545
36 84 0.451400
36 85 0.251142
36 86 0.384181
36 87 0.427500
36 88 0.736739
36 89 0.441964
36 90 0.272527
36 91 0.553776
36 92 0.359551
36 93 0.491266
36 94 0.139918
36 95 0.274336
36 96 0.092545
36 97 0.684411
36 98 0.488532
36 99 0.408850
37 38 0.149296
37 39 0.186352
37 40 0.324251
37 41 0.396917
37 42 0.492958
37 43 0.255981
37 44 0.282353
37 45 0.399568
37 46 0.173797
37 47 0.507042
37 48 0.552381
37 49 0.293065
37 50 0.295045
37 51 0.507909
37 52 0.398169
37 53 0.424603
37 54 0.410901
37 55 0.308559
37 56 0.537688
37 57 0.307692
37 58 0.261176
37 59 0.408998
37 60 0.460000
37 61 0.584296
37 62 0.347368
37 63 0.572727
37 64 0.425703
37 65 0.429134
37 66 0.289294
37 67 0.426692
37 68 0.247642
37 69 0.153639
37 70 0.118902
37 71 0.648544
37 72 0.540091
37 73 0.420677
37 74 0.124661
37 75 0.331536
37 76 0.457505
37 77 0.337302
37 78 0.562852
37 79 0.376559
37 80 0.391667
37 81 0.370450
37 82 0.535826
37 83 0.422846
37 84 0.436573
37 85 0.312785
37 86 0.135593
37 87 0.245000
37 88 0.377210
37 89 0.321429
37 90 0.516484
37 91 0.272311
37 92 0.395131
37 93 0.316594
37 94 0.512346
37 95 0.584071
37 96 0.390746
37 97 0.414449
37 98 0.282110
37 99 0.403540
38 39 0.091864
38 40 0.468665
38 41 0.462428
38 42 0.625352
38 43 0.153110
38 44 0.272941
38 45 0.505400
38 46 0.058824
38 47 0.609658
38 48 0.678571
38 49 0.366890
38 50 0.310811
38 51 0.530756
38 52 0.462243
38 53 0.446429
38 54 0.301887
38 55 0.211712
38 56 0.668342
38 57 0.329670
38 58 0.256471
38 59 0.435583
38 60 0.500000
38 61 0.702079
38 62 0.265263
38 63 0.690909
38 64 0.317269
38 65 0.517717
38 66 0.209567
38 67 0.424812
38 68 0.308962
38 69 0.272237
38 70 0.280488
38 71 0.728155
38 72 0.534039
38 73 0.331551
38 74 0.268293
38 75 0.439353
38 76 0.544304
38 77 0.275794
38 78 0.647280
38 79 0.508728
38 80 0.281250
38 81 0.479657
38 82 0.537383
38 83 0.523046
38 84 0.494234
38 85 0.431507
38 86 0.282486
38 87 0.287500
38 88 0.275049
38 89 0.339286
38 90 0.597802
38 91 0.231121
38 92 0.477528
38 93 0.310044
38 94 0.619342
38 95 0.667257
38 96 0.519280
38 97 0.336502
38 98 0.277523
38 99 0.472566
39 40 0.501362
39 41 0.522158
39 42 0.619718
39 43 0.212919
39 44 0.355294
39 45 0.552916
39 46 0.144385
39 47 0.645875
39 48 0.697619
39 49 0.436242
39 50 0.389640
39 51 0.479789
39 52 0.418764
39 53 0.390873
39 54 0.270440
39 55 0.146396
39 56 0.675879
39 57 0.408791
39 58 0.188235
39 59 0.378323
39 60 0.452000
39 61 0.704388
39 62 0.197895
39 63 0.704545
39 64 0.309237
39 65 0.568898
39 66 0.273349
39 67 0.362782
39 68 0.386792
39 69 0.342318
39 70 0.323171
39 71 0.706796
39 72 0.481089
39 73 0.349376
39 74 0.308943
39 75 0.415094
39 76 0.585895
39 77 0.331349
39 78 0.634146
39 79 0.533666
39 80 0.258333
39 81 0.522484
39 82 0.484424
39 83 0.565130
39 84 0.545305
39 85 0.474886
39 86 0.307910
39 87 0.235000
39 88 0.280943
39 89 0.276786
39 90 0.567033
39 91 0.151030
39 92 0.528090
39 93 0.240175
39 94 0.629630
39 95 0.656637
39 96 0.521851
39 97 0.279468
39 98 0.208716
39 99 0.523894
40 41 0.335260
40 42 0.259155
40 43 0.528708
40 44 0.454118
40 45 0.207343
40 46 0.489305
40 47 0.283702
40 48 0.271429
40 49 0.288591
40 50 0.416667
40 51 0.520211
40 52 0.375286
40 53 0.464286
40 54 0.656184
40 55 0.554054
40 56 0.263819
40 57 0.404396
40 58 0.428235
40 59 0.447853
40 60 0.452000
40 61 0.334873
40 62 0.568421
40 63 0.309091
40 64 0.664659
40 65 0.279528
40 66 0.526196
40 67 0.505639
40 68 0.320755
40 69 0.247978
40 70 0.240854
40 71 0.495146
40 72 0.594554
40 73 0.625668
40 74 0.195122
40 75 0.266846
40 76 0.291139
40 77 0.527778
40 78 0.395872
40 79 0.082294
40 80 0.637500
40 81 0.156317
40 82 0.579439
40 83 0.218437
40 84 0.359143
40 85 0.100457
40 86 0.209040
40 87 0.370000
40 88 0.609037
40 89 0.421875
40 90 0.402198
40 91 0.475973
40 92 0.262172
40 93 0.454148
40 94 0.277778
40 95 0.417699
40 96 0.169666
40 97 0.614068
40 98 0.435780
40 99 0.309735
41 42 0.740845
41 43 0.583732
41 44 0.376471
41 45 0.222462
41 46 0.622995
41 47 0.334004
41 48 0.552381
41 49 0.170022
41 50 0.292793
41 51 0.817223
41 52 0.764302
41 53 0.789683
41 54 0.781971
41 55 0.754505
41 56 0.633166
41 57 0.254945
41 58 0.738824
41 59 0.783231
41 60 0.794000
41 61 0.662818
41 62 0.770526
41 63 0.586364
41 64 0.736948
41 65 0.149606
41 66 0.523918
41 67 0.795113
41 68 0.259434
41 69 0.404313
41 70 0.579268
41 71 0.807767
41 72 0.836611
41 73 0.620321
41 74 0.501355
41 75 0.719677
41 76 0.213382
41 77 0.464286
41 78 0.688555
41 79 0.468828
41 80 0.745833
41 81 0.269807
41 82 0.833333
41 83 0.258517
41 84 0.098847
41 85 0.303653
41 86 0.564972
41 87 0.727500
41 88 0.654224
41 89 0.754464
41 90 0.784615
41 91 0.745995
41 92 0.125468
41 93 0.757642
41 94 0.543210
41 95 0.681416
41 96 0.614396
41 97 0.792776
41 98 0.747706
41 99 0.069027
42 43 0.674641
42 44 0.649412
42 45 0.369330
42 46 0.639037
42 47 0.362173
42 48 0.233333
42 49 0.494407
42 50 0.612613
42 51 0.400703
42 52 0.242563
42 53 0.361111
42 54 0.725367
42 55 0.608108
42 56 0.150754
42 57 0.600000
42 58 0.425882
42 59 0.347648
42 60 0.318000
42 61 0.200924
42 62 0.600000
42 63 0.236364
42 64 0.751004
42 65 0.429134
42 66 0.683371
42 67 0.428571
42 68 0.530660
42 69 0.466307
42 70 0.426829
42 71 0.320388
42 72 0.511346
42 73 0.729055
42 74 0.368564
42 75 0.188679
42 76 0.401447
42 77 0.676587
42 78 0.236398
42 79 0.187032
42 80 0.714583
42 81 0.310493
42 82 0.484424
42 83 0.336673
42 84 0.495881
42 85 0.296804
42 86 0.361582
42 87 0.360000
42 88 0.709234
42 89 0.370536
42 90 0.206593
42 91 0.494279
42 92 0.410112
42 93 0.423581
42 94 0.197531
42 95 0.274336
42 96 0.066838
42 97 0.633080
42 98 0.422018
42 99 0.456637
43 44 0.211765
43 45 0.570194
43 46 0.114973
43 47 0.682093
43 48 0.797619
43 49 0.389262
43 50 0.268018
43 51 0.636204
43 52 0.608696
43 53 0.567460
43 54 0.274633
43 55 0.265766
43 56 0.806533
43 57 0.294505
43 58 0.397647
43 59 0.560327
43 60 0.626000
43 61 0.831409
43 62 0.313684
43 63 0.811364
43 64 0.248996
43 65 0.559055
43 66 0.075171
43 67 0.526316
43 68 0.323113
43 69 0.361186
43 70 0.442073
43 71 0.852427
43 72 0.608169
43 73 0.231729
43 74 0.406504
43 75 0.609164
43 76 0.589512
43 77 0.154762
43 78 0.763602
43 79 0.633416
43 80 0.239583
43 81 0.556745
43 82 0.619938
43 83 0.591182
43 84 0.499176
43 85 0.520548
43 86 0.437853
43 87 0.447500
43 88 0.182711
43 89 0.475446
43 90 0.738462
43 91 0.345538
43 92 0.514981
43 93 0.432314
43 94 0.730453
43 95 0.775221
43 96 0.668380
43 97 0.363118
43 98 0.412844
43 99 0.490265
44 45 0.438445
44 46 0.262032
44 47 0.567404
44 48 0.719048
44 49 0.221477
44 50 0.067568
44 51 0.718805
44 52 0.672769
44 53 0.660714
44 54 0.463312
44 55 0.452703
44 56 0.751256
44 57 0.096703
44 58 0.522353
44 59 0.652352
44 60 0.702000
44 61 0.782910
44 62 0.490526
44 63 0.743182
44 64 0.417671
44 65 0.417323
44 66 0.159453
44 67 0.639098
44 68 0.155660
44 69 0.277628
44 70 0.423780
44 71 0.856311
44 72 0.708018
44 73 0.338681
44 74 0.382114
44 75 0.641509
44 76 0.464738
44 77 0.158730
44 78 0.752345
44 79 0.561097
44 80 0.425000
44 81 0.443255
44 82 0.714953
44 83 0.474950
44 84 0.357496
44 85 0.417808
44 86 0.432203
44 87 0.542500
44 88 0.339882
44 89 0.582589
44 90 0.769231
44 91 0.496568
44 92 0.378277
44 93 0.558952
44 94 0.672840
44 95 0.759292
44 96 0.642674
44 97 0.530418
44 98 0.536697
44 99 0.346903
45 46 0.633690
45 47 0.156942
45 48 0.304762
45 49 0.237136
45 50 0.409910
45 51 0.685413
45 52 0.592677
45 53 0.656746
45 54 0.792453
45 55 0.725225
45 56 0.376884
45 57 0.382418
45 58 0.640000
45 59 0.646217
45 60 0.640000
45 61 0.424942
45 62 0.734737
45 63 0.350000
45 64 0.775100
45 65 0.092520
45 66 0.599089
45 67 0.687970
45 68 0.323113
45 69 0.358491
45 70 0.463415
45 71 0.611650
45 72 0.741301
45 73 0.691622
45 74 0.392954
45 75 0.525606
45 76 0.122966
45 77 0.563492
45 78 0.495310
45 79 0.239401
45 80 0.766667
45 81 0.053533
45 82 0.728972
45 83 0.066132
45 84 0.214168
45 85 0.123288
45 86 0.437853
45 87 0.602500
45 88 0.703340
45 89 0.633929
45 90 0.584615
45 91 0.672769
45 92 0.088015
45 93 0.657205
45 94 0.329218
45 95 0.499115
45 96 0.385604
45 97 0.764259
45 98 0.646789
45 99 0.153982
46 47 0.621730
46 48 0.707143
46 49 0.353468
46 50 0.277027
46 51 0.567663
46 52 0.510297
46 53 0.490079
46 54 0.299790
46 55 0.234234
46 56 0.703518
46 57 0.298901
46 58 0.308235
46 59 0.480573
46 60 0.544000
46 61 0.736721
46 62 0.286316
46 63 0.720455
46 64 0.301205
46 65 0.517717
46 66 0.159453
46 67 0.464286
46 68 0.290094
46 69 0.277628
46 70 0.317073
46 71 0.766990
46 72 0.564297
46 73 0.303030
46 74 0.300813
46 75 0.490566
46 76 0.546112
46 77 0.232143
46 78 0.681051
46 79 0.536160
46 80 0.272917
46 81 0.490364
46 82 0.568536
46 83 0.533066
46 84 0.482702
46 85 0.445205
46 86 0.322034
46 87 0.342500
46 88 0.249509
46 89 0.388393
46 90 0.641758
46 91 0.274600
46 92 0.475655
46 93 0.355895
46 94 0.648148
46 95 0.699115
46 96 0.560411
46 97 0.351711
46 98 0.327982
46 99 0.463717
47 48 0.230952
47 49 0.411633
47 50 0.585586
47 51 0.717047
47 52 0.649886
47 53 0.712302
47 54 0.939203
47 55 0.869369
47 56 0.339196
47 57 0.553846
47 58 0.760000
47 59 0.707566
47 60 0.678000
47 61 0.353349
47 62 0.865263
47 63 0.263636
47 64 0.921687
47 65 0.175197
47 66 0.774487
47 67 0.753759
47 68 0.507075
47 69 0.555256
47 70 0.655488
47 71 0.559223
47 72 0.782148
47 73 0.828877
47 74 0.560976
47 75 0.614555
47 76 0.106691
47 77 0.718254
47 78 0.442777
47 79 0.304239
47 80 0.912500
47 81 0.169165
47 82 0.766355
47 83 0.090180
47 84 0.276771
47 85 0.260274
47 86 0.604520
47 87 0.720000
47 88 0.850688
47 89 0.727679
47 90 0.586813
47 91 0.800915
47 92 0.185393
47 93 0.759825
47 94 0.257202
47 95 0.433628
47 96 0.434447
47 97 0.882129
47 98 0.759174
47 99 0.238938
48 49 0.489933
48 50 0.648649
48 51 0.564148
48 52 0.469108
48 53 0.557540
48 54 0.884696
48 55 0.790541
48 56 0.103015
48 57 0.624176
48 58 0.637647
48 59 0.548057
48 60 0.508000
48 61 0.131640
48 62 0.778947
48 63 0.059091
48 64 0.889558
48 65 0.326772
48 66 0.785877
48 67 0.614662
48 68 0.563679
48 69 0.552561
48 70 0.585366
48 71 0.374757
48 72 0.656581
48 73 0.828877
48 74 0.501355
48 75 0.439353
48 76 0.273056
48 77 0.750000
48 78 0.264540
48 79 0.201995
48 80 0.866667
48 81 0.231263
48 82 0.633956
48 83 0.214429
48 84 0.415157
48 85 0.273973
48 86 0.522599
48 87 0.585000
48 88 0.833006
48 89 0.584821
48 90 0.382418
48 91 0.693364
48 92 0.322097
48 93 0.631004
48 94 0.065844
48 95 0.272566
48 96 0.254499
48 97 0.800380
48 98 0.633028
48 99 0.376991
49 50 0.171171
49 51 0.706503
49 52 0.624714
49 53 0.656746
49 54 0.628931
49 55 0.583333
49 56 0.567839
49 57 0.147253
49 58 0.567059
49 59 0.646217
49 60 0.672000
49 61 0.612009
49 62 0.610526
49 63 0.556818
49 64 0.598394
49 65 0.222441
49 66 0.375854
49 67 0.663534
49 68 0.087264
49 69 0.204852
49 70 0.365854
49 71 0.745631
49 72 0.732224
49 73 0.515152
49 74 0.314363
49 75 0.560647
49 76 0.283906
49 77 0.357143
49 78 0.634146
49 79 0.381546
49 80 0.595833
49 81 0.246253
49 82 0.727414
49 83 0.278557
49 84 0.224053
49 85 0.228311
49 86 0.370056
49 87 0.550000
49 88 0.522593
49 89 0.598214
49 90 0.679121
49 91 0.574371
49 92 0.192884
49 93 0.600437
49 94 0.510288
49 95 0.638938
49 96 0.501285
49 97 0.648289
49 98 0.580275
49 99 0.184071
50 51 0.739895
50 52 0.688787
50 53 0.686508
50 54 0.526205
50 55 0.511261
50 56 0.726131
50 57 0.030769
50 58 0.562353
50 59 0.678937
50 60 0.720000
50 61 0.762125
50 62 0.545263
50 63 0.713636
50 64 0.479920
50 65 0.366142
50 66 0.227790
50 67 0.671053
50 68 0.115566
50 69 0.269542
50 70 0.435976
50 71 0.850485
50 72 0.735250
50 73 0.388592
50 74 0.387534
50 75 0.652291
50 76 0.417722
50 77 0.208333
50 78 0.741088
50 79 0.536160
50 80 0.487500
50 81 0.402570
50 82 0.739875
50 83 0.430862
50 84 0.308072
50 85 0.383562
50 86 0.443503
50 87 0.575000
50 88 0.398821
50 89 0.613839
50 90 0.771429
50 91 0.544622
50 92 0.329588
50 93 0.596070
50 94 0.648148
50 95 0.746903
50 96 0.632391
50 97 0.581749
50 98 0.575688
50 99 0.295575
51 52 0.302059
51 53 0.150794
51 54 0.706499
51 55 0.605856
51 56 0.701005
51 57 0.942857
51 58 0.454118
51 59 0.182004
51 60 0.140000
51 61 0.651270
51 62 0.541053
51 63 0.718182
51 64 0.771084
51 65 0.862205
51 66 0.895216
51 67 0.176692
51 68 0.915094
51 69 0.889488
51 70 0.865854
51 71 0.429126
51 72 0.180030
51 73 0.803922
51 74 0.777778
51 75 0.533693
51 76 0.810127
51 77 0.873016
51 78 0.448405
51 79 0.738155
51 80 0.722917
51 81 0.781585
51 82 0.135514
51 83 0.789579
51 84 0.846787
51 85 0.776256
51 86 0.765537
51 87 0.477500
51 88 0.774067
51 89 0.332589
51 90 0.329670
51 91 0.489703
51 92 0.816479
51 93 0.358079
51 94 0.627572
51 95 0.470796
51 96 0.622108
51 97 0.519011
51 98 0.417431
51 99 0.831858
52 53 0.150794
52 54 0.601677
52 55 0.472973
52 56 0.414573
52 57 0.674725
52 58 0.265882
52 59 0.128834
52 60 0.126000
52 61 0.420323
52 62 0.450526
52 63 0.470455
52 64 0.654618
52 65 0.602362
52 66 0.667426
52 67 0.229323
52 68 0.620283
52 69 0.549865
52 70 0.484756
52 71 0.366990
52 72 0.354009
52 73 0.673797
52 74 0.433604
52 75 0.177898
52 76 0.576854
52 77 0.672619
52 78 0.332083
52 79 0.413965
52 80 0.606250
52 81 0.501071
52 82 0.325545
52 83 0.529058
52 84 0.629325
52 85 0.474886
52 86 0.409605
52 87 0.220000
52 88 0.636542
52 89 0.171875
52 90 0.175824
52 91 0.338673
52 92 0.569288
52 93 0.235808
52 94 0.407407
52 95 0.371681
52 96 0.293059
52 97 0.480989
52 98 0.250000
52 99 0.598230
53 54 0.568134
53 55 0.448198
53 56 0.603015
53 57 0.778022
53 58 0.275294
53 59 0.030675
53 60 0.092000
53 61 0.586605
53 62 0.404211
53 63 0.640909
53 64 0.634538
53 65 0.742126
53 66 0.722096
53 67 0.095865
53 68 0.742925
53 69 0.692722
53 70 0.643293
53 71 0.450485
53 72 0.240545
53 73 0.675579
53 74 0.582656
53 75 0.363881
53 76 0.710669
53 77 0.722222
53 78 0.437148
53 79 0.598504
53 80 0.581250
53 81 0.657388
53 82 0.214953
53 83 0.677355
53 84 0.739703
53 85 0.634703
53 86 0.562147
53 87 0.290000
53 88 0.634578
53 89 0.162946
53 90 0.292308
53 91 0.320366
53 92 0.700375
53 93 0.196507
53 94 0.559671
53 95 0.469027
53 96 0.488432
53 97 0.412548
53 98 0.243119
53 99 0.718584
54 55 0.173423
54 56 0.997487
54 57 0.582418
54 58 0.409412
54 59 0.541922
54 60 0.624000
54 61 0.997691
54 62 0.166316
54 63 0.997727
54 64 0.100402
54 65 0.799213
54 66 0.353075
54 67 0.456767
54 68 0.622642
54 69 0.660377
54 70 0.713415
54 71 0.926214
54 72 0.511346
54 73 0.222816
54 74 0.655827
54 75 0.746631
54 76 0.804702
54 77 0.363095
54 78 0.857411
54 79 0.855362
54 80 0.039583
54 81 0.790150
54 82 0.534268
54 83 0.813627
54 84 0.713344
54 85 0.760274
54 86 0.672316
54 87 0.515000
54 88 0.149312
54 89 0.473214
54 90 0.808791
54 91 0.318078
54 92 0.743446
54 93 0.401747
54 94 0.893004
54 95 0.869027
54 96 0.848329
54 97 0.155894
54 98 0.408257
54 99 0.715044
55 56 0.814070
55 57 0.529670
55 58 0.225882
55 59 0.392638
55 60 0.476000
55 61 0.824480
55 62 0.067368
55 63 0.831818
55 64 0.236948
55 65 0.698819
55 66 0.343964
55 67 0.336466
55 68 0.530660
55 69 0.517520
55 70 0.521341
55 71 0.774757
55 72 0.438729
55 73 0.322638
55 74 0.485095
55 75 0.539084
55 76 0.705244
55 77 0.382937
55 78 0.712946
55 79 0.685786
55 80 0.168750
55 81 0.661670
55 82 0.450156
55 83 0.695391
55 84 0.650741
55 85 0.623288
55 86 0.485876
55 87 0.320000
55 88 0.243615
55 89 0.303571
55 90 0.637363
55 91 0.141876
55 92 0.649813
55 93 0.240175
55 94 0.742798
55 95 0.730973
55 96 0.660668
55 97 0.155894
55 98 0.231651
55 99 0.638938
56 57 0.630769
56 58 0.562353
56 59 0.466258
56 60 0.424000
56 61 0.092379
56 62 0.715789
56 63 0.100000
56 64 0.847390
56 65 0.379921
56 66 0.763098
56 67 0.539474
56 68 0.563679
56 69 0.530997
56 70 0.536585
56 71 0.320388
56 72 0.594554
56 73 0.802139
56 74 0.460705
56 75 0.345013
56 76 0.334539
56 77 0.736111
56 78 0.215760
56 79 0.182045
56 80 0.818750
56 81 0.269807
56 82 0.568536
56 83 0.272545
56 84 0.459638
56 85 0.287671
56 86 0.468927
56 87 0.502500
56 88 0.797642
56 89 0.504464
56 90 0.292308
56 91 0.624714
56 92 0.367041
56 93 0.552402
56 94 0.076132
56 95 0.238938
56 96 0.172237
56 97 0.741445
56 98 0.557339
56 99 0.419469
57 58 0.585882
57 59 0.695297
57 60 0.734000
57 61 0.755196
57 62 0.574737
57 63 0.704545
57 64 0.508032
57 65 0.344488
57 66 0.261959
57 67 0.689850
57 68 0.113208
57 69 0.280323
57 70 0.451220
57 71 0.852427
57 72 0.751891
57 73 0.413547
57 74 0.398374
57 75 0.663073
57 76 0.397830
57 77 0.234127
57 78 0.741088
57 79 0.531172
57 80 0.518750
57 81 0.389722
57 82 0.755452
57 83 0.414830
57 84 0.285008
57 85 0.374429
57 86 0.457627
57 87 0.595000
57 88 0.428291
57 89 0.636161
57 90 0.780220
57 91 0.569794
57 92 0.308989
57 93 0.620087
57 94 0.641975
57 95 0.745133
57 96 0.634961
57 97 0.608365
57 98 0.600917
57 99 0.272566
58 59 0.214724
58 60 0.296000
58 61 0.618938
58 62 0.218947
58 63 0.643182
58 64 0.427711
58 65 0.616142
58 66 0.455581
58 67 0.221805
58 68 0.509434
58 69 0.442049
58 70 0.378049
58 71 0.586408
58 72 0.373676
58 73 0.477718
58 74 0.355014
58 75 0.299191
58 76 0.614828
58 77 0.490079
58 78 0.532833
58 79 0.506234
58 80 0.368750
58 81 0.541756
58 82 0.367601
58 83 0.581162
58 84 0.611203
58 85 0.497717
58 86 0.333333
58 87 0.092500
58 88 0.416503
58 89 0.098214
58 90 0.424176
58 91 0.082380
58 92 0.576779
58 93 0.074236
58 94 0.567901
58 95 0.561062
58 96 0.444730
58 97 0.287072
58 98 0.027523
58 99 0.585841
59 60 0.094000
59 61 0.561201
59 62 0.391579
59 63 0.613636
59 64 0.620482
59 65 0.712598
59 66 0.694761
59 67 0.112782
59 68 0.707547
59 69 0.652291
59 70 0.597561
59 71 0.444660
59 72 0.263238
59 73 0.659537
59 74 0.542005
59 75 0.326146
59 76 0.683544
59 77 0.698413
59 78 0.427767
59 79 0.563591
59 80 0.566667
59 81 0.625268
59 82 0.236760
59 83 0.649299
59 84 0.714992
59 85 0.600457
59 86 0.522599
59 87 0.255000
59 88 0.616896
59 89 0.136161
59 90 0.279121
59 91 0.299771
59 92 0.674157
59 93 0.179039
59 94 0.537037
59 95 0.458407
59 96 0.455013
59 97 0.408745
59 98 0.217890
59 99 0.692035
60 61 0.508083
60 62 0.492632
60 63 0.570455
60 64 0.714859
60 65 0.724409
60 66 0.781321
60 67 0.180451
60 68 0.764151
60 69 0.716981
60 70 0.667683
60 71 0.361165
60 72 0.272315
60 73 0.739750
60 74 0.601626
60 75 0.347709
60 76 0.683544
60 77 0.773810
60 78 0.358349
60 79 0.563591
60 80 0.664583
60 81 0.631692
60 82 0.236760
60 83 0.649299
60 84 0.733114
60 85 0.616438
60 86 0.581921
60 87 0.340000
60 88 0.705305
60 89 0.229911
60 90 0.204396
60 91 0.405034
60 92 0.685393
60 93 0.279476
60 94 0.495885
60 95 0.391150
60 96 0.442159
60 97 0.500000
60 98 0.318807
60 99 0.709735
61 62 0.783158
61 63 0.086364
61 64 0.921687
61 65 0.438976
61 66 0.854214
61 67 0.569549
61 68 0.660377
61 69 0.641509
61 70 0.655488
61 71 0.262136
61 72 0.603631
61 73 0.871658
61 74 0.569106
61 75 0.423181
61 76 0.377939
61 77 0.817460
61 78 0.155722
61 79 0.284289
61 80 0.893750
61 81 0.344754
61 82 0.576324
61 83 0.328657
61 84 0.509061
61 85 0.376712
61 86 0.579096
61 87 0.577500
61 88 0.872299
61 89 0.558036
61 90 0.287912
61 91 0.693364
61 92 0.426966
61 93 0.609170
61 94 0.057613
61 95 0.173451
61 96 0.262211
61 97 0.796578
61 98 0.621560
61 99 0.476106
62 63 0.872727
62 64 0.255020
62 65 0.753937
62 66 0.412301
62 67 0.308271
62 68 0.606132
62 69 0.595687
62 70 0.597561
62 71 0.784466
62 72 0.402421
62 73 0.351159
62 74 0.552846
62 75 0.576819
62 76 0.754069
62 77 0.440476
62 78 0.727955
62 79 0.738155
62 80 0.187500
62 81 0.717345
62 82 0.419003
62 83 0.747495
62 84 0.701812
62 85 0.680365
62 86 0.556497
62 87 0.350000
62 88 0.278978
62 89 0.305804
62 90 0.648352
62 91 0.155606
62 92 0.704120
62 93 0.233624
62 94 0.777778
62 95 0.746903
62 96 0.704370
62 97 0.100760
62 98 0.240826
62 99 0.692035
63 64 0.927711
63 65 0.375984
63 66 0.838269
63 67 0.620301
63 68 0.622642
63 69 0.614555
63 70 0.649390
63 71 0.333981
63 72 0.653555
63 73 0.868093
63 74 0.558266
63 75 0.463612
63 76 0.312839
63 77 0.797619
63 78 0.225141
63 79 0.256858
63 80 0.904167
63 81 0.286938
63 82 0.627726
63 83 0.264529
63 84 0.454695
63 85 0.331050
63 86 0.576271
63 87 0.612500
63 88 0.872299
63 89 0.602679
63 90 0.364835
63 91 0.723112
63 92 0.368914
63 93 0.650655
63 94 0.020576
63 95 0.230088
63 96 0.282776
63 97 0.823194
63 98 0.658257
63 99 0.421239
64 65 0.803150
64 66 0.314351
64 67 0.546992
64 68 0.615566
64 69 0.681941
64 70 0.765244
64 71 0.998058
64 72 0.586989
64 73 0.135472
64 74 0.699187
64 75 0.830189
64 76 0.811935
64 77 0.305556
64 78 0.921201
64 79 0.905237
64 80 0.077083
64 81 0.811563
64 82 0.612150
64 83 0.831663
64 84 0.700165
64 85 0.787671
64 86 0.728814
64 87 0.602500
64 88 0.074656
64 89 0.566964
64 90 0.892308
64 91 0.411899
64 92 0.747191
64 93 0.497817
64 94 0.944444
64 95 0.927434
64 96 0.917738
64 97 0.249049
64 98 0.502294
64 99 0.709735
65 66 0.633257
65 67 0.772556
65 68 0.351415
65 69 0.436658
65 70 0.579268
65 71 0.693204
65 72 0.810893
65 73 0.716578
65 74 0.495935
65 75 0.649596
65 76 0.081374
65 77 0.579365
65 78 0.574109
65 79 0.356608
65 80 0.820833
65 81 0.154176
65 82 0.800623
65 83 0.118236
65 84 0.141680
65 85 0.226027
65 86 0.550847
65 87 0.707500
65 88 0.742633
65 89 0.732143
65 90 0.685714
65 91 0.762014
65 92 0.018727
65 93 0.748908
65 94 0.407407
65 95 0.566372
65 96 0.508997
65 97 0.830798
65 98 0.740826
65 99 0.083186
66 67 0.588346
66 68 0.301887
66 69 0.377358
66 70 0.487805
66 71 0.895146
66 72 0.659607
66 73 0.222816
66 74 0.447154
66 75 0.671159
66 76 0.580470
66 77 0.093254
66 78 0.799250
66 79 0.660848
66 80 0.285417
66 81 0.561028
66 82 0.671340
66 83 0.591182
66 84 0.472817
66 85 0.529680
66 86 0.485876
66 87 0.517500
66 88 0.202358
66 89 0.544643
66 90 0.791209
66 91 0.421053
66 92 0.501873
66 93 0.502183
66 94 0.755144
66 95 0.807080
66 96 0.712082
66 97 0.420152
66 98 0.483945
66 99 0.469027
67 68 0.783019
67 69 0.746631
67 70 0.710366
67 71 0.547573
67 72 0.196672
67 73 0.639929
67 74 0.644986
67 75 0.466307
67 76 0.777577
67 77 0.712302
67 78 0.534709
67 79 0.698254
67 80 0.529167
67 81 0.734475
67 82 0.183801
67 83 0.755511
67 84 0.787479
67 85 0.710046
67 86 0.629944
67 87 0.330000
67 88 0.595285
67 89 0.189732
67 90 0.406593
67 91 0.295195
67 92 0.762172
67 93 0.183406
67 94 0.660494
67 95 0.561062
67 96 0.598972
67 97 0.340304
67 98 0.240826
67 99 0.771681
68 69 0.156334
68 70 0.317073
68 71 0.757282
68 72 0.700454
68 73 0.450980
68 74 0.276423
68 75 0.541779
68 76 0.349005
68 77 0.291667
68 78 0.651032
68 79 0.413965
68 80 0.518750
68 81 0.301927
68 82 0.699377
68 83 0.340681
68 84 0.280066
68 85 0.269406
68 86 0.333333
68 87 0.502500
68 88 0.449902
68 89 0.553571
68 90 0.676923
68 91 0.510297
68 92 0.260300
68 93 0.548035
68 94 0.547325
68 95 0.660177
68 96 0.511568
68 97 0.583650
68 98 0.525229
68 99 0.247788
69 70 0.140244
69 71 0.658252
69 72 0.617247
69 73 0.468806
69 74 0.116531
69 75 0.382749
69 76 0.361664
69 77 0.345238
69 78 0.559099
69 79 0.311721
69 80 0.487500
69 81 0.269807
69 82 0.610592
69 83 0.324649
69 84 0.342669
69 85 0.212329
69 86 0.166667
69 87 0.360000
69 88 0.445972
69 89 0.428571
69 90 0.551648
69 91 0.402746
69 92 0.290262
69 93 0.432314
69 94 0.469136
69 95 0.576991
69 96 0.377892
69 97 0.520913
69 98 0.403670
69 99 0.300885
70 71 0.588350
70 72 0.549168
70 73 0.488414
70 74 0.021680
70 75 0.266846
70 76 0.399638
70 77 0.396825
70 78 0.499062
70 79 0.276808
70 80 0.470833
70 81 0.295503
70 82 0.540498
70 83 0.352705
70 84 0.406919
70 85 0.232877
70 86 0.039548
70 87 0.250000
70 88 0.453831
70 89 0.330357
70 90 0.461538
70 91 0.324943
70 92 0.344569
70 93 0.342795
70 94 0.432099
70 95 0.523894
70 96 0.300771
70 97 0.475285
70 98 0.311927
70 99 0.364602
71 72 0.509834
71 73 0.998217
71 74 0.813008
71 75 0.571429
71 76 0.623870
71 77 0.998016
71 78 0.097561
71 79 0.576060
71 80 0.997917
71 81 0.623126
71 82 0.473520
71 83 0.599198
71 84 0.731466
71 85 0.655251
71 86 0.819209
71 87 0.682500
71 88 0.998035
71 89 0.595982
71 90 0.237363
71 91 0.773455
71 92 0.676030
71 93 0.648472
71 94 0.333333
71 95 0.097345
71 96 0.491003
71 97 0.838403
71 98 0.685780
71 99 0.711504
72 73 0.823529
72 74 0.997290
72 75 0.795148
72 76 0.998192
72 77 0.954365
72 78 0.671670
72 79 0.997506
72 80 0.735417
72 81 0.997859
72 82 0.051402
72 83 0.997996
72 84 0.998353
72 85 0.997717
72 86 0.997175
72 87 0.657500
72 88 0.801572
72 89 0.479911
72 90 0.589011
72 91 0.576659
72 92 0.998127
72 93 0.465066
72 94 0.868313
72 95 0.679646
72 96 0.894602
72 97 0.490494
72 98 0.538991
72 99 0.998230
73 74 0.758808
73 75 0.938005
73 76 0.806510
73 77 0.230159
73 78 0.998124
73 79 0.957606
73 80 0.227083
73 81 0.826552
73 82 0.725857
73 83 0.841683
73 84 0.663921
73 85 0.812785
73 86 0.802260
73 87 0.725000
73 88 0.110020
73 89 0.696429
73 90 0.997802
73 91 0.546911
73 92 0.734082
73 93 0.631004
73 94 0.997942
73 95 0.998230
73 96 0.997429
73 97 0.393536
73 98 0.633028
73 99 0.683186
74 75 0.266846
74 76 0.385172
74 77 0.404762
74 78 0.491557
74 79 0.259352
74 80 0.487500
74 81 0.278373
74 82 0.546729
74 83 0.336673
74 84 0.395387
74 85 0.214612
74 86 0.042373
74 87 0.265000
74 88 0.467583
74 89 0.341518
74 90 0.459341
74 91 0.343249
74 92 0.331461
74 93 0.355895
74 94 0.419753
74 95 0.516814
74 96 0.287918
74 97 0.490494
74 98 0.325688
74 99 0.353982
75 76 0.464738
75 77 0.581349
75 78 0.343340
75 79 0.264339
75 80 0.575000
75 81 0.366167
75 82 0.425234
75 83 0.406814
75 84 0.520593
75 85 0.324201
75 86 0.240113
75 87 0.185000
75 88 0.585462
75 89 0.220982
75 90 0.246154
75 91 0.331808
75 92 0.447566
75 93 0.275109
75 94 0.339506
75 95 0.382301
75 96 0.164524
75 97 0.498099
75 98 0.261468
75 99 0.481416
76 77 0.668651
76 78 0.547842
76 79 0.379052
76 80 0.902083
76 81 0.186296
76 82 0.822430
76 83 0.108216
76 84 0.181219
76 85 0.278539
76 86 0.629944
76 87 0.770000
76 88 0.825147
76 89 0.781250
76 90 0.690110
76 91 0.830664
76 92 0.104869
76 93 0.803493
76 94 0.374486
76 95 0.536283
76 96 0.526992
76 97 0.895437
76 98 0.802752
76 99 0.146903
77 78 0.876173
77 79 0.745636
77 80 0.341667
77 81 0.614561
77 82 0.741433
77 83 0.635271
77 84 0.474465
77 85 0.595890
77 86 0.601695
77 87 0.635000
77 88 0.227898
77 89 0.649554
77 90 0.890110
77 91 0.526316
77 92 0.526217
77 93 0.604803
77 94 0.827160
77 95 0.877876
77 96 0.814910
77 97 0.486692
77 98 0.591743
77 99 0.481416
78 79 0.458853
78 80 0.954167
78 81 0.516060
78 82 0.507788
78 83 0.494990
78 84 0.645799
78 85 0.545662
78 86 0.717514
78 87 0.627500
78 88 0.946955
78 89 0.566964
78 90 0.219780
78 91 0.732265
78 92 0.580524
78 93 0.622271
78 94 0.226337
78 95 0.058407
78 96 0.385604
78 97 0.817490
78 98 0.649083
78 99 0.621239
79 80 0.702083
79 81 0.149893
79 82 0.585670
79 83 0.196393
79 84 0.370675
79 85 0.127854
79 86 0.296610
79 87 0.417500
79 88 0.673870
79 89 0.455357
79 90 0.373626
79 91 0.533181
79 92 0.269663
79 93 0.493450
79 94 0.209877
79 95 0.366372
79 96 0.138817
79 97 0.661597
79 98 0.481651
79 99 0.322124
80 81 0.768737
80 82 0.556075
80 83 0.793587
80 84 0.688633
80 85 0.739726
80 86 0.655367
80 87 0.517500
80 88 0.111984
80 89 0.486607
80 90 0.815385
80 91 0.327231
80 92 0.720974
80 93 0.417031
80 94 0.884774
80 95 0.869027
80 96 0.840617
80 97 0.190114
80 98 0.417431
80 99 0.690265
81 82 0.691589
81 83 0.076152
81 84 0.257002
81 85 0.082192
81 86 0.389831
81 87 0.550000
81 88 0.693517
81 89 0.584821
81 90 0.527473
81 91 0.633867
81 92 0.136704
81 93 0.613537
81 94 0.286008
81 95 0.458407
81 96 0.321337
81 97 0.737643
81 98 0.600917
81 99 0.200000
82 83 0.949900
82 84 0.967051
82 85 0.947489
82 86 0.949153
82 87 0.617500
82 88 0.807466
82 89 0.446429
82 90 0.523077
82 91 0.562929
82 92 0.958801
82 93 0.441048
82 94 0.808642
82 95 0.621239
82 96 0.832905
82 97 0.507605
82 98 0.513761
82 99 0.962832
83 84 0.238880
83 85 0.168950
83 86 0.497175
83 87 0.642500
83 88 0.764244
83 89 0.665179
83 90 0.571429
83 91 0.720824
83 92 0.121723
83 93 0.692140
83 94 0.286008
83 95 0.461947
83 96 0.388175
83 97 0.809886
83 98 0.685780
83 99 0.187611
84 85 0.399543
84 86 0.720339
84 87 0.865000
84 88 0.768173
84 89 0.877232
84 90 0.870330
84 91 0.881007
84 92 0.153558
84 93 0.882096
84 94 0.584362
84 95 0.718584
84 96 0.717224
84 97 0.906844
84 98 0.878440
84 99 0.076106
85 86 0.288136
85 87 0.465000
85 88 0.628684
85 89 0.511161
85 90 0.490110
85 91 0.551487
85 92 0.179775
85 93 0.539301
85 94 0.304527
85 95 0.461947
85 96 0.269923
85 97 0.669202
85 98 0.522936
85 99 0.231858
86 87 0.227500
86 88 0.469548
86 89 0.308036
86 90 0.430769
86 91 0.318078
86 92 0.353933
86 93 0.325328
86 94 0.413580
86 95 0.502655
86 96 0.269923
86 97 0.475285
86 98 0.295872
86 99 0.378761
87 88 0.463654
87 89 0.104911
87 90 0.362637
87 91 0.162471
87 92 0.522472
87 93 0.131004
87 94 0.491770
87 95 0.502655
87 96 0.347044
87 97 0.357414
87 98 0.098624
87 99 0.539823
88 89 0.571429
88 90 0.881319
88 91 0.416476
88 92 0.689139
88 93 0.506550
88 94 0.907407
88 95 0.909735
88 96 0.879177
88 97 0.300380
88 98 0.504587
88 99 0.651327
89 90 0.347253
89 91 0.169336
89 92 0.606742
89 93 0.065502
89 94 0.539095
89 95 0.507965
89 96 0.419023
89 97 0.334601
89 98 0.080275
89 99 0.621239
90 91 0.524027
90 92 0.586142
90 93 0.412664
90 94 0.318930
90 95 0.233628
90 96 0.300771
90 97 0.633080
90 98 0.435780
90 99 0.623009
91 92 0.612360
91 93 0.109170
91 94 0.637860
91 95 0.624779
91 96 0.529563
91 97 0.222433
91 98 0.089450
91 99 0.614159
92 93 0.737991
92 94 0.419753
92 95 0.576991
92 96 0.508997
92 97 0.815589
92 98 0.729358
92 99 0.072566
93 94 0.596708
93 95 0.562832
93 96 0.488432
93 97 0.275665
93 98 0.050459
93 99 0.642478
94 95 0.215929
94 96 0.267352
94 97 0.811787
94 98 0.642202
94 99 0.433628
95 96 0.460154
95 97 0.880228
95 98 0.724771
95 99 0.649558
96 97 0.614068
96 98 0.405963
96 99 0.415929
97 98 0.341743
97 99 0.784071
98 99 0.605310
