100 4950
0 1 0.992958
0 2 0.997159
0 3 0.996865
0 4 0.284173
0 5 0.849057
0 6 0.996656
0 7 0.997596
0 8 0.786070
0 9 0.139293
0 10 0.291391
0 11 0.290179
0 12 0.573359
0 13 0.566085
0 14 0.308357
0 15 0.675781
0 16 0.524540
0 17 0.830769
0 18 0.812207
0 19 0.439655
0 20 0.833024
0 21 0.383598
0 22 0.465046
0 23 0.663594
0 24 0.565097
0 25 0.618182
0 26 0.777533
0 27 0.730077
0 28 0.857741
0 29 0.866000
0 30 0.657676
0 31 0.142180
0 32 0.797160
0 33 0.365957
0 34 0.252078
0 35 0.751515
0 36 0.769437
0 37 0.685950
0 38 0.586643
0 39 0.637532
0 40 0.503417
0 41 0.803419
0 42 0.766082
0 43 0.670130
0 44 0.176015
0 45 0.328160
0 46 0.855932
0 47 0.164794
0 48 0.821888
0 49 0.746362
0 50 0.823077
0 51 0.660422
0 52 0.486804
0 53 0.342169
0 54 0.295964
0 55 0.270799
0 56 0.664495
0 57 0.686893
0 58 0.381471
0 59 0.421829
0 60 0.586705
0 61 0.163534
0 62 0.521429
0 63 0.655518
0 64 0.612745
0 65 0.204244
0 66 0.667290
0 67 0.677606
0 68 0.624176
0 69 0.723368
0 70 0.678776
0 71 0.283333
0 72 0.478896
0 73 0.230248
0 74 0.120858
0 75 0.361032
0 76 0.547445
0 77 0.550209
0 78 0.173184
0 79 0.677419
0 80 0.534050
0 81 0.495108
0 82 0.614770
0 83 0.576541
0 84 0.729915
0 85 0.107399
0 86 0.246212
0 87 0.452599
0 88 0.488959
0 89 0.598441
0 90 0.505051
0 91 0.500000
0 92 0.572848
0 93 0.621262
0 94 0.596434
0 95 0.739414
0 96 0.272374
0 97 0.250591
0 98 0.437939
0 99 0.043578
1 2 0.883523
1 3 0.937304
1 4 0.543165
1 5 0.996226
1 6 0.755853
1 7 0.677885
1 8 0.435323
1 9 0.419958
1 10 0.350993
1 11 0.502232
1 12 0.706564
1 13 0.221945
1 14 0.368876
1 15 0.400391
1 16 0.220859
1 17 0.705769
1 18 0.633803
1 19 0.213362
1 20 0.717996
1 21 0.023810
1 22 0.465046
1 23 0.721198
1 24 0.227147
1 25 0.725253
1 26 0.495595
1 27 0.650386
1 28 0.612971
1 29 0.674000
1 30 0.738589
1 31 0.191943
1 32 0.707911
1 33 0.559574
1 34 0.282548
1 35 0.542424
1 36 0.597855
1 37 0.672176
1 38 0.350181
1 39 0.311054
1 40 0.186788
1 41 0.518519
1 42 0.476608
1 43 0.350649
1 44 0.292070
1 45 0.527716
1 46 0.616525
1 47 0.340824
1 48 0.669528
1 49 0.708940
1 50 0.709615
1 51 0.346604
1 52 0.475073
1 53 0.508434
1 54 0.130045
1 55 0.411093
1 56 0.441368
1 57 0.383495
1 58 0.062670
1 59 0.165192
1 60 0.300578
1 61 0.413534
1 62 0.591071
1 63 0.424749
1 64 0.441176
1 65 0.246684
1 66 0.657944
1 67 0.619691
1 68 0.316484
1 69 0.603093
1 70 0.621415
1 71 0.083333
1 72 0.595779
1 73 0.142212
1 74 0.358674
1 75 0.160458
1 76 0.206813
1 77 0.259414
1 78 0.340782
1 79 0.380645
1 80 0.594982
1 81 0.277886
1 82 0.608782
1 83 0.588469
1 84 0.593162
1 85 0.231504
1 86 0.274621
1 87 0.211009
1 88 0.607256
1 89 0.606238
1 90 0.597643
1 91 0.615741
1 92 0.354305
1 93 0.388704
1 94 0.377634
1 95 0.615635
1 96 0.474708
1 97 0.104019
1 98 0.107728
1 99 0.288991
2 3 0.163009
2 4 0.996403
2 5 0.686792
2 6 0.337793
2 7 0.733173
2 8 0.920398
2 9 0.852391
2 10 0.997792
2 11 0.633929
2 12 0.494208
2 13 0.700748
2 14 0.703170
2 15 0.673828
2 16 0.736196
2 17 0.190385
2 18 0.215962
2 19 0.866379
2 20 0.202226
2 21 0.801587
2 22 0.601824
2 23 0.341014
2 24 0.692521
2 25 0.440404
2 26 0.559471
2 27 0.169666
2 28 0.476987
2 29 0.338000
2 30 0.383817
2 31 0.784360
2 32 0.085193
2 33 0.589362
2 34 0.734072
2 35 0.406061
2 36 0.254692
2 37 0.308540
2 38 0.783394
2 39 0.632391
2 40 0.776765
2 41 0.484330
2 42 0.517544
2 43 0.605195
2 44 0.822050
2 45 0.607539
2 46 0.449153
2 47 0.818352
2 48 0.173820
2 49 0.120582
2 50 0.167308
2 51 0.632319
2 52 0.539589
2 53 0.592771
2 54 0.825112
2 55 0.841762
2 56 0.749186
2 57 0.565534
2 58 0.787466
2 59 0.758112
2 60 0.615607
2 61 0.806391
2 62 0.319643
2 63 0.749164
2 64 0.330882
2 65 0.750663
2 66 0.160748
2 67 0.044402
2 68 0.679121
2 69 0.175258
2 70 0.045889
2 71 0.807143
2 72 0.426948
2 73 0.812641
2 74 0.805068
2 75 0.759312
2 76 0.712895
2 77 0.753138
2 78 0.821229
2 79 0.632258
2 80 0.301075
2 81 0.843444
2 82 0.173653
2 83 0.212724
2 84 0.217094
2 85 0.775656
2 86 0.837121
2 87 0.746177
2 88 0.433754
2 89 0.196881
2 90 0.370370
2 91 0.436728
2 92 0.733444
2 93 0.684385
2 94 0.721232
2 95 0.216612
2 96 0.585603
2 97 0.803783
2 98 0.714286
2 99 0.766055
3 4 0.866906
3 5 0.498113
3 6 0.401338
3 7 0.812500
3 8 0.952736
3 9 0.777547
3 10 0.944812
3 11 0.533482
3 12 0.393822
3 13 0.708229
3 14 0.613833
3 15 0.710938
3 16 0.708589
3 17 0.290385
3 18 0.307512
3 19 0.851293
3 20 0.294991
3 21 0.769841
3 22 0.507599
3 23 0.221198
3 24 0.686981
3 25 0.337374
3 26 0.618943
3 27 0.123393
3 28 0.560669
3 29 0.436000
3 30 0.280083
3 31 0.725118
3 32 0.178499
3 33 0.487234
3 34 0.656510
3 35 0.409091
3 36 0.289544
3 37 0.192837
3 38 0.797834
3 39 0.652956
3 40 0.774487
3 41 0.532764
3 42 0.549708
3 43 0.633766
3 44 0.769826
3 45 0.505543
3 46 0.533898
3 47 0.762172
3 48 0.281116
3 49 0.087318
3 50 0.265385
3 51 0.665105
3 52 0.451613
3 53 0.486747
3 54 0.791480
3 55 0.791191
3 56 0.778502
3 57 0.604369
3 58 0.752044
3 59 0.716814
3 60 0.606936
3 61 0.736842
3 62 0.226786
3 63 0.775920
3 64 0.335784
3 65 0.679045
3 66 0.104673
3 67 0.071429
3 68 0.705495
3 69 0.264605
3 70 0.078394
3 71 0.769048
3 72 0.342532
3 73 0.767494
3 74 0.738791
3 75 0.707736
3 76 0.717762
3 77 0.763598
3 78 0.765363
3 79 0.670968
3 80 0.209677
3 81 0.837573
3 82 0.069860
3 83 0.109344
3 84 0.304274
3 85 0.708831
3 86 0.793561
3 87 0.703364
3 88 0.353312
3 89 0.097466
3 90 0.284512
3 91 0.358025
3 92 0.750000
3 93 0.712625
3 94 0.742301
3 95 0.302932
3 96 0.494163
3 97 0.761229
3 98 0.704918
3 99 0.692661
4 5 0.550943
4 6 0.792642
4 7 0.932692
4 8 0.798507
4 9 0.276507
4 10 0.454746
4 11 0.162946
4 12 0.440154
4 13 0.538653
4 14 0.123919
4 15 0.662109
4 16 0.441718
4 17 0.700000
4 18 0.666667
4 19 0.519397
4 20 0.703154
4 21 0.396825
4 22 0.246201
4 23 0.481567
4 24 0.506925
4 25 0.468687
4 26 0.711454
4 27 0.539846
4 28 0.769874
4 29 0.752000
4 30 0.497925
4 31 0.225118
4 32 0.647059
4 33 0.240426
4 34 0.146814
4 35 0.572727
4 36 0.600536
4 37 0.471074
4 38 0.624549
4 39 0.578406
4 40 0.530752
4 41 0.672365
4 42 0.637427
4 43 0.597403
4 44 0.324952
4 45 0.192905
4 46 0.760593
4 47 0.314607
4 48 0.680258
4 49 0.582121
4 50 0.688462
4 51 0.615925
4 52 0.275660
4 53 0.163855
4 54 0.385650
4 55 0.399674
4 56 0.684039
4 57 0.614078
4 58 0.376022
4 59 0.359882
4 60 0.482659
4 61 0.285714
4 62 0.383929
4 63 0.675585
4 64 0.470588
4 65 0.153846
4 66 0.519626
4 67 0.530888
4 68 0.606593
4 69 0.609966
4 70 0.533461
4 71 0.350000
4 72 0.370130
4 73 0.327314
4 74 0.269006
4 75 0.306590
4 76 0.532847
4 77 0.573222
4 78 0.320298
4 79 0.643011
4 80 0.394265
4 81 0.563601
4 82 0.457086
4 83 0.419483
4 84 0.622222
4 85 0.181384
4 86 0.380682
4 87 0.366972
4 88 0.384858
4 89 0.444444
4 90 0.380471
4 91 0.399691
4 92 0.605960
4 93 0.631229
4 94 0.622366
4 95 0.631922
4 96 0.180934
4 97 0.326241
4 98 0.442623
4 99 0.153670
5 6 0.668896
5 7 0.985577
5 8 0.997512
5 9 0.555094
5 10 0.777042
5 11 0.258929
5 12 0.212355
5 13 0.723192
5 14 0.406340
5 15 0.783203
5 16 0.665644
5 17 0.540385
5 18 0.551643
5 19 0.782328
5 20 0.539889
5 21 0.685185
5 22 0.340426
5 23 0.147465
5 24 0.692521
5 25 0.191919
5 26 0.759912
5 27 0.334190
5 28 0.751046
5 29 0.664000
5 30 0.195021
5 31 0.556872
5 32 0.446247
5 33 0.206383
5 34 0.470914
5 35 0.536364
5 36 0.493298
5 37 0.212121
5 38 0.803249
5 39 0.712082
5 40 0.753986
5 41 0.689459
5 42 0.678363
5 43 0.711688
5 44 0.607350
5 45 0.223947
5 46 0.730932
5 47 0.584270
5 48 0.538627
5 49 0.330561
5 50 0.517308
5 51 0.740047
5 52 0.307918
5 53 0.204819
5 54 0.679372
5 55 0.629690
5 56 0.819218
5 57 0.701456
5 58 0.662125
5 59 0.628319
5 60 0.624277
5 61 0.530075
5 62 0.123214
5 63 0.814381
5 64 0.443627
5 65 0.496021
5 66 0.274766
5 67 0.326255
5 68 0.756044
5 69 0.481100
5 70 0.330784
5 71 0.652381
5 72 0.185065
5 73 0.636569
5 74 0.543860
5 75 0.593123
5 76 0.725061
5 77 0.765690
5 78 0.590317
5 79 0.752688
5 80 0.132616
5 81 0.794521
5 82 0.207585
5 83 0.163022
5 84 0.514530
5 85 0.525060
5 86 0.657197
5 87 0.620795
5 88 0.206625
5 89 0.187135
5 90 0.153199
5 91 0.222222
5 92 0.764901
5 93 0.757475
5 94 0.766613
5 95 0.511401
5 96 0.247082
5 97 0.635934
5 98 0.669789
5 99 0.490826
6 7 0.528846
6 8 0.669154
6 9 0.754678
6 10 0.834437
6 11 0.602679
6 12 0.581081
6 13 0.456359
6 14 0.561960
6 15 0.478516
6 16 0.472393
6 17 0.269231
6 18 0.112676
6 19 0.665948
6 20 0.296846
6 21 0.574074
6 22 0.474164
6 23 0.456221
6 24 0.429363
6 25 0.547475
6 26 0.354626
6 27 0.208226
6 28 0.332636
6 29 0.282000
6 30 0.508299
6 31 0.625592
6 32 0.261663
6 33 0.591489
6 34 0.573407
6 35 0.151515
6 36 0.042895
6 37 0.344353
6 38 0.601083
6 39 0.375321
6 40 0.553531
6 41 0.196581
6 42 0.225146
6 43 0.345455
6 44 0.692456
6 45 0.589800
6 46 0.307203
6 47 0.705993
6 48 0.186695
6 49 0.316008
6 50 0.273077
6 51 0.395785
6 52 0.425220
6 53 0.556627
6 54 0.639013
6 55 0.743883
6 56 0.586319
6 57 0.320388
6 58 0.561308
6 59 0.525074
6 60 0.355491
6 61 0.719925
6 62 0.410714
6 63 0.581940
6 64 0.117647
6 65 0.588859
6 66 0.327103
6 67 0.229730
6 68 0.457143
6 69 0.216495
6 70 0.233270
6 71 0.614286
6 72 0.498377
6 73 0.636569
6 74 0.701754
6 75 0.541547
6 76 0.474453
6 77 0.543933
6 78 0.707635
6 79 0.417204
6 80 0.399642
6 81 0.653620
6 82 0.297405
6 83 0.314115
6 84 0.220513
6 85 0.627685
6 86 0.693182
6 87 0.507645
6 88 0.509464
6 89 0.317739
6 90 0.456229
6 91 0.513889
6 92 0.566225
6 93 0.518272
6 94 0.557536
6 95 0.255700
6 96 0.564202
6 97 0.619385
6 98 0.496487
6 99 0.639908
7 8 0.412935
7 9 0.997921
7 10 0.947020
7 11 0.997768
7 12 0.998069
7 13 0.478803
7 14 0.997118
7 15 0.216797
7 16 0.757669
7 17 0.525000
7 18 0.497653
7 19 0.642241
7 20 0.539889
7 21 0.727513
7 22 0.996960
7 23 0.963134
7 24 0.584488
7 25 0.987879
7 26 0.145374
7 27 0.773779
7 28 0.182008
7 29 0.354000
7 30 0.964730
7 31 0.850711
7 32 0.632860
7 33 0.997872
7 34 0.939058
7 35 0.706061
7 36 0.627346
7 37 0.939394
7 38 0.418773
7 39 0.426735
7 40 0.517084
7 41 0.478632
7 42 0.526316
7 43 0.412987
7 44 0.833656
7 45 0.997783
7 46 0.216102
7 47 0.868914
7 48 0.506438
7 49 0.752599
7 50 0.553846
7 51 0.311475
7 52 0.950147
7 53 0.997590
7 54 0.730942
7 55 0.864600
7 56 0.327362
7 57 0.327670
7 58 0.752044
7 59 0.805310
7 60 0.638728
7 61 0.937970
7 62 0.801786
7 63 0.327759
7 64 0.561275
7 65 0.912467
7 66 0.727103
7 67 0.631274
7 68 0.320879
7 69 0.431271
7 70 0.629063
7 71 0.750000
7 72 0.847403
7 73 0.774266
7 74 0.906433
7 75 0.830946
7 76 0.479319
7 77 0.428870
7 78 0.864060
7 79 0.230108
7 80 0.792115
7 81 0.565558
7 82 0.736527
7 83 0.751491
7 84 0.384615
7 85 0.883055
7 86 0.785985
7 87 0.828746
7 88 0.850158
7 89 0.746589
7 90 0.821549
7 91 0.848765
7 92 0.374172
7 93 0.270764
7 94 0.340357
7 95 0.413681
7 96 0.912451
7 97 0.770686
7 98 0.557377
7 99 0.910550
8 9 0.773389
8 10 0.637969
8 11 0.875000
8 12 0.986486
8 13 0.276808
8 14 0.829971
8 15 0.107422
8 16 0.573620
8 17 0.732692
8 18 0.683099
8 19 0.314655
8 20 0.745826
8 21 0.457672
8 22 0.890578
8 23 0.997696
8 24 0.415512
8 25 0.997980
8 26 0.328194
8 27 0.863753
8 28 0.474895
8 29 0.614000
8 30 0.997925
8 31 0.604265
8 32 0.799189
8 33 0.906383
8 34 0.742382
8 35 0.751515
8 36 0.742627
8 37 0.972452
8 38 0.126354
8 39 0.331620
8 40 0.214123
8 41 0.569801
8 42 0.567251
8 43 0.358442
8 44 0.584139
8 45 0.891353
8 46 0.497881
8 47 0.634831
8 48 0.708155
8 49 0.871102
8 50 0.751923
8 51 0.234192
8 52 0.868035
8 53 0.891566
8 54 0.439462
8 55 0.641109
8 56 0.164495
8 57 0.332524
8 58 0.498638
8 59 0.589971
8 60 0.534682
8 61 0.731203
8 62 0.819643
8 63 0.143813
8 64 0.602941
8 65 0.700265
8 66 0.820561
8 67 0.749035
8 68 0.134066
8 69 0.618557
8 70 0.747610
8 71 0.471429
8 72 0.834416
8 73 0.498871
8 74 0.684211
8 75 0.613181
8 76 0.253041
8 77 0.115063
8 78 0.629423
8 79 0.178495
8 80 0.817204
8 81 0.244618
8 82 0.804391
8 83 0.801193
8 84 0.584615
8 85 0.651551
8 86 0.518939
8 87 0.629969
8 88 0.837539
8 89 0.807018
8 90 0.826599
8 91 0.841049
8 92 0.122517
8 93 0.098007
8 94 0.121556
8 95 0.610749
8 96 0.803502
8 97 0.498818
8 98 0.309133
8 99 0.692661
9 10 0.295806
9 11 0.348214
9 12 0.617761
9 13 0.723192
9 14 0.487032
9 15 0.794922
9 16 0.730061
9 17 0.951923
9 18 0.967136
9 19 0.530172
9 20 0.949907
9 21 0.547619
9 22 0.647416
9 23 0.764977
9 24 0.747922
9 25 0.678788
9 26 0.922907
9 27 0.884319
9 28 0.997908
9 29 0.998000
9 30 0.732365
9 31 0.286730
9 32 0.918864
9 33 0.410638
9 34 0.434903
9 35 0.948485
9 36 0.943700
9 37 0.834711
9 38 0.671480
9 39 0.807198
9 40 0.630979
9 41 0.994302
9 42 0.961988
9 43 0.841558
9 44 0.179884
9 45 0.388027
9 46 0.997881
9 47 0.119850
9 48 0.959227
9 49 0.856549
9 50 0.942308
9 51 0.812646
9 52 0.662757
9 53 0.436145
9 54 0.401345
9 55 0.197390
9 56 0.745928
9 57 0.847087
9 58 0.553134
9 59 0.616519
9 60 0.780347
9 61 0.037594
9 62 0.589286
9 63 0.740803
9 64 0.774510
9 65 0.381963
9 66 0.762617
9 67 0.787645
9 68 0.760440
9 69 0.833333
9 70 0.789675
9 71 0.411905
9 72 0.514610
9 73 0.340858
9 74 0.050682
9 75 0.550143
9 76 0.698297
9 77 0.663180
9 78 0.128492
9 79 0.812903
9 80 0.605735
9 81 0.573386
9 82 0.718563
9 83 0.675944
9 84 0.842735
9 85 0.262530
9 86 0.265152
9 87 0.657492
9 88 0.520505
9 89 0.695906
9 90 0.555556
9 91 0.529321
9 92 0.652318
9 93 0.710963
9 94 0.677472
9 95 0.843648
9 96 0.305447
9 97 0.380615
9 98 0.580796
9 99 0.197248
10 11 0.584821
10 12 0.828185
10 13 0.603491
10 14 0.628242
10 15 0.654297
10 16 0.693252
10 17 0.998077
10 18 0.997653
10 19 0.310345
10 20 0.998145
10 21 0.444444
10 22 0.793313
10 23 0.951613
10 24 0.667590
10 25 0.882828
10 26 0.834802
10 27 0.997429
10 28 0.943515
10 29 0.992000
10 30 0.925311
10 31 0.289100
10 32 0.997972
10 33 0.646809
10 34 0.529086
10 35 0.996970
10 36 0.997319
10 37 0.997245
10 38 0.483755
10 39 0.717224
10 40 0.462415
10 41 0.968661
10 42 0.938596
10 43 0.761039
10 44 0.081238
10 45 0.620843
10 46 0.951271
10 47 0.134831
10 48 0.997854
10 49 0.977131
10 50 0.998077
10 51 0.700234
10 52 0.806452
10 53 0.655422
10 54 0.233184
10 55 0.169657
10 56 0.583062
10 57 0.766990
10 58 0.476839
10 59 0.589971
10 60 0.751445
10 61 0.263158
10 62 0.751786
10 63 0.575251
10 64 0.808824
10 65 0.456233
10 66 0.885981
10 67 0.882239
10 68 0.621978
10 69 0.865979
10 70 0.881453
10 71 0.292857
10 72 0.693182
10 73 0.218962
10 74 0.208577
10 75 0.541547
10 76 0.569343
10 77 0.491632
10 78 0.126629
10 79 0.692473
10 80 0.763441
10 81 0.356164
10 82 0.846307
10 83 0.813121
10 84 0.859829
10 85 0.317422
10 86 0.026515
10 87 0.648318
10 88 0.697161
10 89 0.830409
10 90 0.725589
10 91 0.703704
10 92 0.478477
10 93 0.561462
10 94 0.512156
10 95 0.869707
10 96 0.527237
10 97 0.276596
10 98 0.454333
10 99 0.318807
11 12 0.322394
11 13 0.710723
11 14 0.302594
11 15 0.794922
11 16 0.644172
11 17 0.730769
11 18 0.737089
11 19 0.674569
11 20 0.729128
11 21 0.589947
11 22 0.364742
11 23 0.412442
11 24 0.689751
11 25 0.363636
11 26 0.837004
11 27 0.570694
11 28 0.870293
11 29 0.820000
11 30 0.408714
11 31 0.390995
11 32 0.661258
11 33 0.089362
11 34 0.343490
11 35 0.690909
11 36 0.683646
11 37 0.471074
11 38 0.756318
11 39 0.742931
11 40 0.697039
11 41 0.814815
11 42 0.786550
11 43 0.755844
11 44 0.425532
11 45 0.042129
11 46 0.858051
11 47 0.393258
11 48 0.729614
11 49 0.565489
11 50 0.713462
11 51 0.768150
11 52 0.372434
11 53 0.093976
11 54 0.547085
11 55 0.451876
11 56 0.801303
11 57 0.759709
11 58 0.572207
11 59 0.566372
11 60 0.656069
11 61 0.317669
11 62 0.310714
11 63 0.795987
11 64 0.568627
11 65 0.350133
11 66 0.489720
11 67 0.532819
11 68 0.758242
11 69 0.644330
11 70 0.535373
11 71 0.523810
11 72 0.267857
11 73 0.487585
11 74 0.335283
11 75 0.510029
11 76 0.703163
11 77 0.723849
11 78 0.400372
11 79 0.782796
11 80 0.327957
11 81 0.706458
11 82 0.433134
11 83 0.389662
11 84 0.666667
11 85 0.346062
11 86 0.492424
11 87 0.571865
11 88 0.283912
11 89 0.413255
11 90 0.292929
11 91 0.299383
11 92 0.726821
11 93 0.749169
11 94 0.740681
11 95 0.666124
11 96 0.042802
11 97 0.496454
11 98 0.613583
11 99 0.288991
12 13 0.997506
12 14 0.685879
12 15 0.998047
12 16 0.996933
12 17 0.678846
12 18 0.769953
12 19 0.997845
12 20 0.662338
12 21 0.957672
12 22 0.665653
12 23 0.248848
12 24 0.997230
12 25 0.080808
12 26 0.997797
12 27 0.573265
12 28 0.962343
12 29 0.842000
12 30 0.159751
12 31 0.767773
12 32 0.578093
12 33 0.270213
12 34 0.736842
12 35 0.863636
12 36 0.764075
12 37 0.484848
12 38 0.998195
12 39 0.997429
12 40 0.997722
12 41 0.997151
12 42 0.997076
12 43 0.997403
12 44 0.750484
12 45 0.328160
12 46 0.944915
12 47 0.705993
12 48 0.718884
12 49 0.440748
12 50 0.648077
12 51 0.997658
12 52 0.627566
12 53 0.385542
12 54 0.894619
12 55 0.719413
12 56 0.998371
12 57 0.970874
12 58 0.945504
12 59 0.941003
12 60 0.942197
12 61 0.620301
12 62 0.137500
12 63 0.998328
12 64 0.708333
12 65 0.745358
12 66 0.349533
12 67 0.457529
12 68 0.997802
12 69 0.615120
12 70 0.456979
12 71 0.883333
12 72 0.011364
12 73 0.844244
12 74 0.660819
12 75 0.891117
12 76 0.992701
12 77 0.993724
12 78 0.711359
12 79 0.991398
12 80 0.157706
12 81 0.996086
12 82 0.337325
12 83 0.298211
12 84 0.654701
12 85 0.727924
12 86 0.808712
12 87 0.944954
12 88 0.033123
12 89 0.302144
12 90 0.060606
12 91 0.050926
12 92 0.943709
12 93 0.941860
12 94 0.944895
12 95 0.633550
12 96 0.317121
12 97 0.860520
12 98 0.918033
12 99 0.667431
13 14 0.518732
13 15 0.240234
13 16 0.233129
13 17 0.603846
13 18 0.509390
13 19 0.286638
13 20 0.621521
13 21 0.219577
13 22 0.553191
13 23 0.748848
13 24 0.108033
13 25 0.775758
13 26 0.301762
13 27 0.606684
13 28 0.437238
13 29 0.530000
13 30 0.771784
13 31 0.398104
13 32 0.632860
13 33 0.672340
13 34 0.451524
13 35 0.451515
13 36 0.498660
13 37 0.677686
13 38 0.287004
13 39 0.105398
13 40 0.138952
13 41 0.341880
13 42 0.309942
13 43 0.148052
13 44 0.464217
13 45 0.651885
13 46 0.444915
13 47 0.509363
13 48 0.557940
13 49 0.671518
13 50 0.615385
13 51 0.135831
13 52 0.545455
13 53 0.628916
13 54 0.307175
13 55 0.554649
13 56 0.345277
13 57 0.182039
13 58 0.237057
13 59 0.274336
13 60 0.219653
13 61 0.580827
13 62 0.625000
13 63 0.329431
13 64 0.360294
13 65 0.432361
13 66 0.635514
13 67 0.571429
13 68 0.131868
13 69 0.506873
13 70 0.571702
13 71 0.295238
13 72 0.654221
13 73 0.343115
13 74 0.532164
13 75 0.312321
13 76 0.029197
13 77 0.167364
13 78 0.506518
13 79 0.189247
13 80 0.623656
13 81 0.295499
13 82 0.598802
13 83 0.592445
13 84 0.487179
13 85 0.434368
13 86 0.429924
13 87 0.296636
13 88 0.662461
13 89 0.604288
13 90 0.641414
13 91 0.669753
13 92 0.286424
13 93 0.279070
13 94 0.296596
13 95 0.517915
13 96 0.595331
13 97 0.316785
13 98 0.110070
13 99 0.481651
14 15 0.589844
14 16 0.322086
14 17 0.626923
14 18 0.570423
14 19 0.484914
14 20 0.634508
14 21 0.330688
14 22 0.136778
14 23 0.456221
14 24 0.398892
14 25 0.472727
14 26 0.616740
14 27 0.455013
14 28 0.677824
14 29 0.668000
14 30 0.487552
14 31 0.229858
14 32 0.580122
14 33 0.291489
14 34 0.080332
14 35 0.442424
14 36 0.490617
14 37 0.399449
14 38 0.577617
14 39 0.473008
14 40 0.466970
14 41 0.549858
14 42 0.508772
14 43 0.488312
14 44 0.357834
14 45 0.252772
14 46 0.667373
14 47 0.363296
14 48 0.596567
14 49 0.528067
14 50 0.617308
14 51 0.524590
14 52 0.173021
14 53 0.200000
14 54 0.365471
14 55 0.443719
14 56 0.633550
14 57 0.512136
14 58 0.299728
14 59 0.256637
14 60 0.358382
14 61 0.355263
14 62 0.375000
14 63 0.623746
14 64 0.365196
14 65 0.124668
14 66 0.478505
14 67 0.471042
14 68 0.527473
14 69 0.542955
14 70 0.476099
14 71 0.319048
14 72 0.387987
14 73 0.318284
14 74 0.329435
14 75 0.214900
14 76 0.447689
14 77 0.510460
14 78 0.366853
14 79 0.556989
14 80 0.381720
14 81 0.528376
14 82 0.411178
14 83 0.379722
14 84 0.553846
14 85 0.200477
14 86 0.399621
14 87 0.250765
14 88 0.403785
14 89 0.405458
14 90 0.385522
14 91 0.416667
14 92 0.559603
14 93 0.576412
14 94 0.573744
14 95 0.568404
14 96 0.247082
14 97 0.302600
14 98 0.374707
14 99 0.206422
15 16 0.604294
15 17 0.659615
15 18 0.610329
15 19 0.420259
15 20 0.673469
15 21 0.531746
15 22 0.908815
15 23 0.979263
15 24 0.437673
15 25 0.989899
15 26 0.229075
15 27 0.820051
15 28 0.372385
15 29 0.524000
15 30 0.981328
15 31 0.677725
15 32 0.738337
15 33 0.929787
15 34 0.792244
15 35 0.709091
15 36 0.686327
15 37 0.947658
15 38 0.218412
15 39 0.316195
15 40 0.302961
15 41 0.504274
15 42 0.517544
15 43 0.329870
15 44 0.665377
15 45 0.920177
15 46 0.396186
15 47 0.709738
15 48 0.633047
15 49 0.827443
15 50 0.682692
15 51 0.196721
15 52 0.879765
15 53 0.920482
15 54 0.529148
15 55 0.716150
15 56 0.187296
15 57 0.281553
15 58 0.566757
15 59 0.640118
15 60 0.537572
15 61 0.798872
15 62 0.808929
15 63 0.173913
15 64 0.566176
15 65 0.758621
15 66 0.785047
15 67 0.704633
15 68 0.138462
15 69 0.551546
15 70 0.701721
15 71 0.557143
15 72 0.836039
15 73 0.584650
15 74 0.756335
15 75 0.667622
15 76 0.296837
15 77 0.211297
15 78 0.705773
15 79 0.111828
15 80 0.804659
15 81 0.350294
15 82 0.774451
15 83 0.777336
15 84 0.514530
15 85 0.720764
15 86 0.606061
15 87 0.672783
15 88 0.839117
15 89 0.779727
15 90 0.821549
15 91 0.841049
15 92 0.195364
15 93 0.111296
15 94 0.175041
15 95 0.543974
15 96 0.834630
15 97 0.581560
15 98 0.372365
15 99 0.759174
16 17 0.567308
16 18 0.467136
16 19 0.353448
16 20 0.584416
16 21 0.166667
16 22 0.322188
16 23 0.592166
16 24 0.108033
16 25 0.628283
16 26 0.403084
16 27 0.473008
16 28 0.500000
16 29 0.544000
16 30 0.626556
16 31 0.286730
16 32 0.561866
16 33 0.510638
16 34 0.254848
16 35 0.324242
16 36 0.402145
16 37 0.501377
16 38 0.411552
16 39 0.208226
16 40 0.261959
16 41 0.330484
16 42 0.280702
16 43 0.228571
16 44 0.406190
16 45 0.483370
16 46 0.495763
16 47 0.440075
16 48 0.517167
16 49 0.567568
16 50 0.571154
16 51 0.278689
16 52 0.325513
16 53 0.443373
16 54 0.291480
16 55 0.507341
16 56 0.469055
16 57 0.271845
16 58 0.138965
16 59 0.082596
16 60 0.098266
16 61 0.484962
16 62 0.498214
16 63 0.456522
16 64 0.262255
16 65 0.257294
16 66 0.532710
16 67 0.482625
16 68 0.296703
16 69 0.479381
16 70 0.485660
16 71 0.247619
16 72 0.530844
16 73 0.291196
16 74 0.442495
16 75 0.128940
16 76 0.199513
16 77 0.311715
16 78 0.441341
16 79 0.331183
16 80 0.498208
16 81 0.389432
16 82 0.479042
16 83 0.465209
16 84 0.473504
16 85 0.303103
16 86 0.403409
16 87 0.073394
16 88 0.544164
16 89 0.483431
16 90 0.518519
16 91 0.554012
16 92 0.405629
16 93 0.405316
16 94 0.416532
16 95 0.501629
16 96 0.451362
16 97 0.255319
16 98 0.168618
16 99 0.348624
17 18 0.227700
17 19 0.959052
17 20 0.038961
17 21 0.944444
17 22 0.857143
17 23 0.566820
17 24 0.808864
17 25 0.634343
17 26 0.528634
17 27 0.403599
17 28 0.389121
17 29 0.202000
17 30 0.578838
17 31 0.954976
17 32 0.137931
17 33 0.800000
17 34 0.947368
17 35 0.575758
17 36 0.394102
17 37 0.575758
17 38 0.812274
17 39 0.701799
17 40 0.854214
17 41 0.549858
17 42 0.611111
17 43 0.670130
17 44 0.963250
17 45 0.822616
17 46 0.360169
17 47 0.964419
17 48 0.115880
17 49 0.295218
17 50 0.034615
17 51 0.667447
17 52 0.788856
17 53 0.821687
17 54 0.952915
17 55 0.969005
17 56 0.744300
17 57 0.601942
17 58 0.942779
17 59 0.938053
17 60 0.757225
17 61 0.968045
17 62 0.492857
17 63 0.747492
17 64 0.463235
17 65 0.952255
17 66 0.317757
17 67 0.223938
17 68 0.712088
17 69 0.036082
17 70 0.217973
17 71 0.950000
17 72 0.584416
17 73 0.954853
17 74 0.962963
17 75 0.942693
17 76 0.793187
17 77 0.803347
17 78 0.964618
17 79 0.640860
17 80 0.474910
17 81 0.909980
17 82 0.369261
17 83 0.409543
17 84 0.083761
17 85 0.954654
17 86 0.960227
17 87 0.935780
17 88 0.586751
17 89 0.385965
17 90 0.533670
17 91 0.583333
17 92 0.753311
17 93 0.681063
17 94 0.729335
17 95 0.058632
17 96 0.774319
17 97 0.950355
17 98 0.817330
17 99 0.949541
18 19 0.750000
18 20 0.217069
18 21 0.690476
18 22 0.617021
18 23 0.509217
18 24 0.540166
18 25 0.593939
18 26 0.359031
18 27 0.272494
18 28 0.286611
18 29 0.194000
18 30 0.549793
18 31 0.736967
18 32 0.210953
18 33 0.678723
18 34 0.706371
18 35 0.300000
18 36 0.160858
18 37 0.435262
18 38 0.648014
18 39 0.457584
18 40 0.635535
18 41 0.276353
18 42 0.324561
18 43 0.423377
18 44 0.785300
18 45 0.685144
18 46 0.256356
18 47 0.795880
18 48 0.090129
18 49 0.311850
18 50 0.196154
18 51 0.451991
18 52 0.563050
18 53 0.662651
18 54 0.737668
18 55 0.822186
18 56 0.610749
18 57 0.378641
18 58 0.683924
18 59 0.660767
18 60 0.479769
18 61 0.810150
18 62 0.451786
18 63 0.608696
18 64 0.235294
18 65 0.716180
18 66 0.330841
18 67 0.222008
18 68 0.512088
18 69 0.137457
18 70 0.221797
18 71 0.721429
18 72 0.542208
18 73 0.740406
18 74 0.795322
18 75 0.676218
18 76 0.559611
18 77 0.606695
18 78 0.797020
18 79 0.453763
18 80 0.439068
18 81 0.722114
18 82 0.329341
18 83 0.355865
18 84 0.138462
18 85 0.742243
18 86 0.782197
18 87 0.648318
18 88 0.550473
18 89 0.348928
18 90 0.496633
18 91 0.554012
18 92 0.605960
18 93 0.543189
18 94 0.589951
18 95 0.177524
18 96 0.649805
18 97 0.725768
18 98 0.590164
18 99 0.750000
19 20 0.864564
19 21 0.280423
19 22 0.765957
19 23 0.951613
19 24 0.426593
19 25 0.925253
19 26 0.568282
19 27 0.894602
19 28 0.702929
19 29 0.796000
19 30 0.943983
19 31 0.355450
19 32 0.884381
19 33 0.753191
19 34 0.542936
19 35 0.809091
19 36 0.828418
19 37 0.942149
19 38 0.227437
19 39 0.447301
19 40 0.170843
19 41 0.717949
19 42 0.690058
19 43 0.493506
19 44 0.317215
19 45 0.727273
19 46 0.718220
19 47 0.378277
19 48 0.836910
19 49 0.908524
19 50 0.865385
19 51 0.421546
19 52 0.768328
19 53 0.734940
19 54 0.159193
19 55 0.404568
19 56 0.350163
19 57 0.502427
19 58 0.332425
19 59 0.454277
19 60 0.543353
19 61 0.488722
19 62 0.769643
19 63 0.334448
19 64 0.654412
19 65 0.485411
19 66 0.837383
19 67 0.797297
19 68 0.336264
19 69 0.733677
19 70 0.797323
19 71 0.221429
19 72 0.753247
19 73 0.230248
19 74 0.432749
19 75 0.446991
19 76 0.294404
19 77 0.196653
19 78 0.372439
19 79 0.415054
19 80 0.774194
19 81 0.095890
19 82 0.804391
19 83 0.785288
19 84 0.714530
19 85 0.408115
19 86 0.246212
19 87 0.510703
19 88 0.758675
19 89 0.799220
19 90 0.762626
19 91 0.763889
19 92 0.245033
19 93 0.320598
19 94 0.280389
19 95 0.734528
19 96 0.642023
19 97 0.243499
19 98 0.224824
19 99 0.449541
20 21 0.997354
20 22 0.905775
20 23 0.578341
20 24 0.867036
20 25 0.640404
20 26 0.572687
20 27 0.439589
20 28 0.426778
20 29 0.234000
20 30 0.585062
20 31 0.997630
20 32 0.146045
20 33 0.823404
20 34 0.997230
20 35 0.633333
20 36 0.445040
20 37 0.608815
20 38 0.850181
20 39 0.758355
20 40 0.902050
20 41 0.609687
20 42 0.669591
20 43 0.724675
20 44 0.998066
20 45 0.849224
20 46 0.398305
20 47 0.998127
20 48 0.160944
20 49 0.301455
20 50 0.040385
20 51 0.716628
20 52 0.835777
20 53 0.853012
20 54 0.997758
20 55 0.998369
20 56 0.776873
20 57 0.655340
20 58 0.997275
20 59 0.997050
20 60 0.817919
20 61 0.998120
20 62 0.501786
20 63 0.780936
20 64 0.509804
20 65 0.997347
20 66 0.321495
20 67 0.235521
20 68 0.758242
20 69 0.072165
20 70 0.229446
20 71 0.997619
20 72 0.590909
20 73 0.997743
20 74 0.998051
20 75 0.997135
20 76 0.844282
20 77 0.849372
20 78 0.998138
20 79 0.686022
20 80 0.482079
20 81 0.951076
20 82 0.381238
20 83 0.423459
20 84 0.112821
20 85 0.997613
20 86 0.998106
20 87 0.996942
20 88 0.591483
20 89 0.397661
20 90 0.540404
20 91 0.587963
20 92 0.788079
20 93 0.714286
20 94 0.761750
20 95 0.070033
20 96 0.797665
20 97 0.997636
20 98 0.866511
20 99 0.988532
21 22 0.446809
21 23 0.707373
21 24 0.202216
21 25 0.715152
21 26 0.480176
21 27 0.629820
21 28 0.596234
21 29 0.656000
21 30 0.726141
21 31 0.203791
21 32 0.689655
21 33 0.553191
21 34 0.274238
21 35 0.515152
21 36 0.573727
21 37 0.650138
21 38 0.353791
21 39 0.290488
21 40 0.186788
21 41 0.492877
21 42 0.447368
21 43 0.327273
21 44 0.307544
21 45 0.523282
21 46 0.597458
21 47 0.353933
21 48 0.650215
21 49 0.692308
21 50 0.690385
21 51 0.330211
21 52 0.457478
21 53 0.501205
21 54 0.152466
21 55 0.424144
21 56 0.439739
21 57 0.364078
21 58 0.040872
21 59 0.141593
21 60 0.271676
21 61 0.422932
21 62 0.580357
21 63 0.424749
21 64 0.419118
21 65 0.244032
21 66 0.642991
21 67 0.602317
21 68 0.305495
21 69 0.585911
21 70 0.604207
21 71 0.104762
21 72 0.589286
21 73 0.162528
21 74 0.370370
21 75 0.146132
21 76 0.194647
21 77 0.257322
21 78 0.353818
21 79 0.367742
21 80 0.584229
21 81 0.287671
21 82 0.592814
21 83 0.574553
21 84 0.577778
21 85 0.241050
21 86 0.291667
21 87 0.186544
21 88 0.600946
21 89 0.592593
21 90 0.589226
21 91 0.609568
21 92 0.355960
21 93 0.385382
21 94 0.377634
21 95 0.600977
21 96 0.472763
21 97 0.122931
21 98 0.096019
21 99 0.298165
22 23 0.370968
22 24 0.396122
22 25 0.418182
22 26 0.574890
22 27 0.336761
22 28 0.619247
22 29 0.594000
22 30 0.421162
22 31 0.329384
22 32 0.486815
22 33 0.300000
22 34 0.193906
22 35 0.333333
22 36 0.383378
22 37 0.275482
22 38 0.602888
22 39 0.452442
22 40 0.498861
22 41 0.472934
22 42 0.435673
22 43 0.457143
22 44 0.444874
22 45 0.270510
22 46 0.605932
22 47 0.447566
22 48 0.504292
22 49 0.434511
22 50 0.532692
22 51 0.505855
22 52 0.038123
22 53 0.207229
22 54 0.441704
22 55 0.518760
22 56 0.643322
22 57 0.478155
22 58 0.356948
22 59 0.297935
22 60 0.326590
22 61 0.436090
22 62 0.317857
22 63 0.633779
22 64 0.279412
22 65 0.236074
22 66 0.396262
22 67 0.382239
22 68 0.525275
22 69 0.469072
22 70 0.388145
22 71 0.397619
22 72 0.358766
22 73 0.404063
22 74 0.417154
22 75 0.275072
22 76 0.459854
22 77 0.533473
22 78 0.452514
22 79 0.541935
22 80 0.320789
22 81 0.575342
22 82 0.325349
22 83 0.296223
22 84 0.483761
22 85 0.307876
22 86 0.479167
22 87 0.275229
22 88 0.375394
22 89 0.321637
22 90 0.341751
22 91 0.388889
22 92 0.581126
22 93 0.581395
22 94 0.589951
22 95 0.498371
22 96 0.276265
22 97 0.385343
22 98 0.407494
22 99 0.309633
23 24 0.792244
23 25 0.147475
23 26 0.784141
23 27 0.303342
23 28 0.742678
23 29 0.626000
23 30 0.099585
23 31 0.699052
23 32 0.363083
23 33 0.329787
23 34 0.628809
23 35 0.578788
23 36 0.490617
23 37 0.220386
23 38 0.873646
23 39 0.784062
23 40 0.849658
23 41 0.723647
23 42 0.728070
23 43 0.774026
23 44 0.729207
23 45 0.361419
23 46 0.722458
23 47 0.704120
23 48 0.484979
23 49 0.226611
23 50 0.444231
23 51 0.798595
23 52 0.442815
23 53 0.361446
23 54 0.802691
23 55 0.734095
23 56 0.868078
23 57 0.752427
23 58 0.792916
23 59 0.764012
23 60 0.719653
23 61 0.652256
23 62 0.057143
23 63 0.867893
23 64 0.477941
23 65 0.649867
23 66 0.166355
23 67 0.249035
23 68 0.821978
23 69 0.429553
23 70 0.252390
23 71 0.780952
23 72 0.186688
23 73 0.762980
23 74 0.668616
23 75 0.736390
23 76 0.815085
23 77 0.847280
23 78 0.709497
23 79 0.802151
23 80 0.043011
23 81 0.888454
23 82 0.121756
23 83 0.083499
23 84 0.468376
23 85 0.668258
23 86 0.770833
23 87 0.755352
23 88 0.201893
23 89 0.091618
23 90 0.124579
23 91 0.211420
23 92 0.826159
23 93 0.807309
23 94 0.823339
23 95 0.457655
23 96 0.365759
23 97 0.765957
23 98 0.770492
23 99 0.633028
24 25 0.694949
24 26 0.328194
24 27 0.514139
24 28 0.443515
24 29 0.510000
24 30 0.690871
24 31 0.353081
24 32 0.574037
24 33 0.593617
24 34 0.362881
24 35 0.351515
24 36 0.415550
24 37 0.573003
24 38 0.357401
24 39 0.113111
24 40 0.207289
24 41 0.290598
24 42 0.245614
24 43 0.140260
24 44 0.448743
24 45 0.569845
24 46 0.442797
24 47 0.486891
24 48 0.508584
24 49 0.600832
24 50 0.569231
24 51 0.187354
24 52 0.428152
24 53 0.537349
24 54 0.309417
24 55 0.543230
24 56 0.410423
24 57 0.191748
24 58 0.188011
24 59 0.185841
24 60 0.109827
24 61 0.543233
24 62 0.553571
24 63 0.394649
24 64 0.281863
24 65 0.355438
24 66 0.568224
24 67 0.507722
24 68 0.210989
24 69 0.470790
24 70 0.510516
24 71 0.278571
24 72 0.589286
24 73 0.327314
24 74 0.499025
24 75 0.229226
24 76 0.116788
24 77 0.248954
24 78 0.487896
24 79 0.247312
24 80 0.551971
24 81 0.354207
24 82 0.524950
24 83 0.514911
24 84 0.458120
24 85 0.379475
24 86 0.429924
24 87 0.189602
24 88 0.600946
24 89 0.530214
24 90 0.574074
24 91 0.608025
24 92 0.350993
24 93 0.343854
24 94 0.361426
24 95 0.490228
24 96 0.527237
24 97 0.295508
24 98 0.133489
24 99 0.426606
25 26 0.938326
25 27 0.488432
25 28 0.895397
25 29 0.770000
25 30 0.074689
25 31 0.770142
25 32 0.498986
25 33 0.304255
25 34 0.728532
25 35 0.784848
25 36 0.683646
25 37 0.407713
25 38 0.974729
25 39 0.946015
25 40 0.970387
25 41 0.923077
25 42 0.926901
25 43 0.942857
25 44 0.767892
25 45 0.356984
25 46 0.875000
25 47 0.728464
25 48 0.639485
25 49 0.357588
25 50 0.573077
25 51 0.948478
25 52 0.586510
25 53 0.395181
25 54 0.887892
25 55 0.745514
25 56 0.969055
25 57 0.915049
25 58 0.920981
25 59 0.908555
25 60 0.890173
25 61 0.654135
25 62 0.071429
25 63 0.969900
25 64 0.644608
25 65 0.740053
25 66 0.272897
25 67 0.382239
25 68 0.958242
25 69 0.548110
25 70 0.382409
25 71 0.876190
25 72 0.077922
25 73 0.841986
25 74 0.686160
25 75 0.865330
25 76 0.953771
25 77 0.964435
25 78 0.733706
25 79 0.944086
25 80 0.089606
25 81 0.980431
25 82 0.263473
25 83 0.228628
25 84 0.589744
25 85 0.735084
25 86 0.820076
25 87 0.911315
25 88 0.091483
25 89 0.228070
25 90 0.010101
25 91 0.098765
25 92 0.920530
25 93 0.910299
25 94 0.918963
25 95 0.570033
25 96 0.350195
25 97 0.853428
25 98 0.892272
25 99 0.681193
26 27 0.619537
26 28 0.165272
26 29 0.316000
26 30 0.838174
26 31 0.708531
26 32 0.541582
26 33 0.855319
26 34 0.759003
26 35 0.509091
26 36 0.466488
26 37 0.763085
26 38 0.397112
26 39 0.269923
26 40 0.416856
26 41 0.290598
26 42 0.330409
26 43 0.246753
26 44 0.729207
26 45 0.851441
26 46 0.182203
26 47 0.762172
26 48 0.418455
26 49 0.644491
26 50 0.486538
26 51 0.187354
26 52 0.753666
26 53 0.836145
26 54 0.614350
26 55 0.778140
26 56 0.351792
26 57 0.169903
26 58 0.591281
26 59 0.619469
26 60 0.450867
26 61 0.825188
26 62 0.689286
26 63 0.344482
26 64 0.401961
26 65 0.742706
26 66 0.626168
26 67 0.530888
26 68 0.235165
26 69 0.374570
26 70 0.529637
26 71 0.619048
26 72 0.741883
26 73 0.650113
26 74 0.791423
26 75 0.650430
26 76 0.352798
26 77 0.359833
26 78 0.759777
26 79 0.146237
26 80 0.681004
26 81 0.506849
26 82 0.618762
26 83 0.632207
26 84 0.336752
26 85 0.737470
26 86 0.691288
26 87 0.633028
26 88 0.747634
26 89 0.631579
26 90 0.715488
26 91 0.750000
26 92 0.364238
26 93 0.282392
26 94 0.343598
26 95 0.374593
26 96 0.782101
26 97 0.638298
26 98 0.430913
26 99 0.768349
27 28 0.495816
27 29 0.404000
27 30 0.340249
27 31 0.630332
27 32 0.221095
27 33 0.468085
27 34 0.551247
27 35 0.263636
27 36 0.176944
27 37 0.146006
27 38 0.711191
27 39 0.532134
27 40 0.665148
27 41 0.407407
27 42 0.415205
27 43 0.511688
27 44 0.696325
27 45 0.474501
27 46 0.472458
27 47 0.694757
27 48 0.259657
27 49 0.185031
27 50 0.286538
27 51 0.557377
27 52 0.346041
27 53 0.440964
27 54 0.690583
27 55 0.734095
27 56 0.703583
27 57 0.492718
27 58 0.626703
27 59 0.584071
27 60 0.468208
27 61 0.680451
27 62 0.266071
27 63 0.698997
27 64 0.220588
27 65 0.575597
27 66 0.194393
27 67 0.131274
27 68 0.602198
27 69 0.262887
27 70 0.139579
27 71 0.661905
27 72 0.371753
27 73 0.670429
27 74 0.674464
27 75 0.581662
27 76 0.600973
27 77 0.663180
27 78 0.698324
27 79 0.574194
27 80 0.254480
27 81 0.743640
27 82 0.137725
27 83 0.153082
27 84 0.292308
27 85 0.618138
27 86 0.715909
27 87 0.562691
27 88 0.384858
27 89 0.159844
27 90 0.321549
27 91 0.391975
27 92 0.672185
27 93 0.636213
27 94 0.666126
27 95 0.304560
27 96 0.466926
27 97 0.657210
27 98 0.592506
27 99 0.612385
28 29 0.178000
28 30 0.831950
28 31 0.853081
28 32 0.464503
28 33 0.917021
28 34 0.897507
28 35 0.569697
28 36 0.469169
28 37 0.782369
28 38 0.536101
28 39 0.442159
28 40 0.594533
28 41 0.373219
28 42 0.438596
28 43 0.410390
28 44 0.858801
28 45 0.922395
28 46 0.033898
28 47 0.885768
28 48 0.328326
28 49 0.596674
28 50 0.388462
28 51 0.365340
28 52 0.847507
28 53 0.915663
28 54 0.775785
28 55 0.890701
28 56 0.460912
28 57 0.327670
28 58 0.765668
28 59 0.790560
28 60 0.598266
28 61 0.934211
28 62 0.691071
28 63 0.459866
28 64 0.450980
28 65 0.885942
28 66 0.588785
28 67 0.484556
28 68 0.408791
28 69 0.283505
28 70 0.481836
28 71 0.783333
28 72 0.756494
28 73 0.805869
28 74 0.908382
28 75 0.816619
28 76 0.532847
28 77 0.527197
28 78 0.882682
28 79 0.318280
28 80 0.679211
28 81 0.661448
28 82 0.600798
28 83 0.624254
28 84 0.234188
28 85 0.875895
28 86 0.827652
28 87 0.798165
28 88 0.758675
28 89 0.615984
28 90 0.722222
28 91 0.759259
28 92 0.490066
28 93 0.398671
28 94 0.461912
28 95 0.270358
28 96 0.852140
28 97 0.799054
28 98 0.599532
28 99 0.896789
29 30 0.732365
29 31 0.926540
29 32 0.318458
29 33 0.887234
29 34 0.947368
29 35 0.566667
29 36 0.415550
29 37 0.702479
29 38 0.682310
29 39 0.575835
29 40 0.738041
29 41 0.441595
29 42 0.511696
29 43 0.540260
29 44 0.932302
29 45 0.900222
29 46 0.161017
29 47 0.947566
29 48 0.186695
29 49 0.467775
29 50 0.228846
29 51 0.519906
29 52 0.838710
29 53 0.896386
29 54 0.883408
29 55 0.951060
29 56 0.604235
29 57 0.463592
29 58 0.874659
29 59 0.882006
29 60 0.684971
29 61 0.975564
29 62 0.616071
29 63 0.607023
29 64 0.450980
29 65 0.941645
29 66 0.474766
29 67 0.370656
29 68 0.567033
29 69 0.140893
29 70 0.365201
29 71 0.885714
29 72 0.694805
29 73 0.900677
29 74 0.961014
29 75 0.899713
29 76 0.671533
29 77 0.675732
29 78 0.945996
29 79 0.481720
29 80 0.600358
29 81 0.798434
29 82 0.504990
29 83 0.538767
29 84 0.088889
29 85 0.940334
29 86 0.914773
29 87 0.886850
29 88 0.697161
29 89 0.522417
29 90 0.651515
29 91 0.694444
29 92 0.627483
29 93 0.543189
29 94 0.599676
29 95 0.125407
29 96 0.838521
29 97 0.895981
29 98 0.721311
29 99 0.947248
30 31 0.781991
30 32 0.427992
30 33 0.351064
30 34 0.731302
30 35 0.724242
30 36 0.616622
30 37 0.352617
30 38 0.956679
30 39 0.907455
30 40 0.952164
30 41 0.860399
30 42 0.868421
30 43 0.898701
30 44 0.787234
30 45 0.396896
30 46 0.815678
30 47 0.754682
30 48 0.570815
30 49 0.284823
30 50 0.505769
30 51 0.911007
30 52 0.568915
30 53 0.421687
30 54 0.890135
30 55 0.773246
30 56 0.946254
30 57 0.868932
30 58 0.910082
30 59 0.893805
30 60 0.852601
30 61 0.689850
30 62 0.044643
30 63 0.946488
30 64 0.595588
30 65 0.745358
30 66 0.205607
30 67 0.316602
30 68 0.925275
30 69 0.489691
30 70 0.315488
30 71 0.876190
30 72 0.136364
30 73 0.848758
30 74 0.715400
30 75 0.856734
30 76 0.927007
30 77 0.943515
30 78 0.759777
30 79 0.905376
30 80 0.043011
30 81 0.972603
30 82 0.199601
30 83 0.170974
30 84 0.533333
30 85 0.749403
30 86 0.835227
30 87 0.889908
30 88 0.146688
30 89 0.165692
30 90 0.069024
30 91 0.152778
30 92 0.902318
30 93 0.885382
30 94 0.899514
30 95 0.513029
30 96 0.391051
30 97 0.858156
30 98 0.875878
30 99 0.704128
31 32 0.754564
31 33 0.438298
31 34 0.191136
31 35 0.645455
31 36 0.686327
31 37 0.661157
31 38 0.480144
31 39 0.496144
31 40 0.366743
31 41 0.675214
31 42 0.634503
31 43 0.529870
31 44 0.181818
31 45 0.401330
31 46 0.752119
31 47 0.213483
31 48 0.753219
31 49 0.723493
31 50 0.771154
31 51 0.526932
31 52 0.448680
31 53 0.392771
31 54 0.177130
31 55 0.313214
31 56 0.566775
31 57 0.555825
31 58 0.223433
31 59 0.271386
31 60 0.447977
31 61 0.263158
31 62 0.544643
31 63 0.555184
31 64 0.526961
31 65 0.132626
31 66 0.656075
31 67 0.646718
31 68 0.494505
31 69 0.670103
31 70 0.648184
31 71 0.142857
31 72 0.524351
31 73 0.112867
31 74 0.206628
31 75 0.220630
31 76 0.403893
31 77 0.424686
31 78 0.217877
31 79 0.550538
31 80 0.553763
31 81 0.389432
31 82 0.602794
31 83 0.572565
31 84 0.670085
31 85 0.047733
31 86 0.215909
31 87 0.308869
31 88 0.536278
31 89 0.594542
31 90 0.538721
31 91 0.546296
31 92 0.475166
31 93 0.519934
31 94 0.500810
31 95 0.685668
31 96 0.352140
31 97 0.113475
31 98 0.297424
31 99 0.107798
32 33 0.674468
32 34 0.847645
32 35 0.512121
32 36 0.340483
32 37 0.424242
32 38 0.830325
32 39 0.706941
32 40 0.847380
32 41 0.555556
32 42 0.602339
32 43 0.677922
32 44 0.901354
32 45 0.698448
32 46 0.451271
32 47 0.897004
32 48 0.163090
32 49 0.153846
32 50 0.100000
32 51 0.690867
32 52 0.665689
32 53 0.693976
32 54 0.910314
32 55 0.910277
32 56 0.781759
32 57 0.623786
32 58 0.891008
32 59 0.873156
32 60 0.716763
32 61 0.887218
32 62 0.373214
32 63 0.782609
32 64 0.414216
32 65 0.859416
32 66 0.190654
32 67 0.098456
32 68 0.736264
32 69 0.134021
32 70 0.091778
32 71 0.900000
32 72 0.474026
32 73 0.900677
32 74 0.886940
32 75 0.871060
32 76 0.788321
32 77 0.813808
32 78 0.899441
32 79 0.677419
32 80 0.353047
32 81 0.906067
32 82 0.237525
32 83 0.282306
32 84 0.184615
32 85 0.873508
32 86 0.912879
32 87 0.865443
32 88 0.479495
32 89 0.257310
32 90 0.419192
32 91 0.478395
32 92 0.774834
32 93 0.717608
32 94 0.756888
32 95 0.171010
32 96 0.665370
32 97 0.895981
32 98 0.796253
32 99 0.862385
33 34 0.445983
33 35 0.733333
33 36 0.702413
33 37 0.457300
33 38 0.824910
33 39 0.812339
33 40 0.779043
33 41 0.863248
33 42 0.845029
33 43 0.823377
33 44 0.506770
33 45 0.055432
33 46 0.887712
33 47 0.468165
33 48 0.731760
33 49 0.534304
33 50 0.701923
33 51 0.833724
33 52 0.422287
33 53 0.132530
33 54 0.639013
33 55 0.513866
33 56 0.858306
33 57 0.820388
33 58 0.673025
33 59 0.663717
33 60 0.731214
33 61 0.385338
33 62 0.257143
33 63 0.854515
33 64 0.602941
33 65 0.450928
33 66 0.454206
33 67 0.513514
33 68 0.826374
33 69 0.640893
33 70 0.516252
33 71 0.619048
33 72 0.201299
33 73 0.580135
33 74 0.413255
33 75 0.610315
33 76 0.781022
33 77 0.799163
33 78 0.474860
33 79 0.843011
33 80 0.275986
33 81 0.784736
33 82 0.403194
33 83 0.355865
33 84 0.668376
33 85 0.446301
33 86 0.571970
33 87 0.669725
33 88 0.217666
33 89 0.378168
33 90 0.230640
33 91 0.234568
33 92 0.786424
33 93 0.803987
33 94 0.797407
33 95 0.662866
33 96 0.070039
33 97 0.593381
33 98 0.695550
33 99 0.387615
34 35 0.472727
34 36 0.525469
34 37 0.471074
34 38 0.532491
34 39 0.444730
34 40 0.412301
34 41 0.552707
34 42 0.508772
34 43 0.467532
34 44 0.311412
34 45 0.301552
34 46 0.671610
34 47 0.323970
34 48 0.626609
34 49 0.580042
34 50 0.651923
34 51 0.494145
34 52 0.243402
34 53 0.262651
34 54 0.298206
34 55 0.411093
34 56 0.597720
34 57 0.495146
34 58 0.234332
34 59 0.203540
34 60 0.341040
34 61 0.332707
34 62 0.426786
34 63 0.586957
34 64 0.389706
34 65 0.047745
34 66 0.527103
34 67 0.515444
34 68 0.490110
34 69 0.568729
34 70 0.518164
34 71 0.250000
34 72 0.433442
34 73 0.250564
34 74 0.298246
34 75 0.154728
34 76 0.401460
34 77 0.462343
34 78 0.327747
34 79 0.529032
34 80 0.433692
34 81 0.473581
34 82 0.465070
34 83 0.435388
34 84 0.574359
34 85 0.140811
34 86 0.346591
34 87 0.207951
34 88 0.447950
34 89 0.458090
34 90 0.434343
34 91 0.459877
34 92 0.519868
34 93 0.543189
34 94 0.538088
34 95 0.591205
34 96 0.282101
34 97 0.231678
34 98 0.320843
34 99 0.165138
35 36 0.115282
35 37 0.305785
35 38 0.554152
35 39 0.305913
35 40 0.471526
35 41 0.185185
35 42 0.166667
35 43 0.285714
35 44 0.593810
35 45 0.505543
35 46 0.375000
35 47 0.610487
35 48 0.293991
35 49 0.361746
35 50 0.365385
35 51 0.353630
35 52 0.296188
35 53 0.462651
35 54 0.531390
35 55 0.660685
35 56 0.561889
35 57 0.288835
35 58 0.430518
35 59 0.377581
35 60 0.228324
35 61 0.625940
35 62 0.392857
35 63 0.553512
35 64 0.009804
35 65 0.453581
35 66 0.357009
35 67 0.283784
35 68 0.410989
35 69 0.302405
35 70 0.288719
35 71 0.500000
35 72 0.469156
35 73 0.525959
35 74 0.602339
35 75 0.398281
35 76 0.391727
35 77 0.481172
35 78 0.612663
35 79 0.391398
35 80 0.385305
35 81 0.581213
35 82 0.307385
35 83 0.310139
35 84 0.307692
35 85 0.505967
35 86 0.600379
35 87 0.354740
35 88 0.482650
35 89 0.323587
35 90 0.434343
35 91 0.490741
35 92 0.526490
35 93 0.493355
35 94 0.523501
35 95 0.337134
35 96 0.486381
35 97 0.501182
35 98 0.400468
35 99 0.525229
36 37 0.300275
36 38 0.611913
36 39 0.388175
36 40 0.560364
36 41 0.222222
36 42 0.239766
36 43 0.361039
36 44 0.676983
36 45 0.556541
36 46 0.341102
36 47 0.689139
36 48 0.203863
36 49 0.295218
36 50 0.280769
36 51 0.414520
36 52 0.384164
36 53 0.520482
36 54 0.630045
36 55 0.729201
36 56 0.602606
36 57 0.342233
36 58 0.550409
36 59 0.507375
36 60 0.349711
36 61 0.699248
36 62 0.382143
36 63 0.596990
36 64 0.105392
36 65 0.562334
36 66 0.306542
36 67 0.214286
36 68 0.474725
36 69 0.230241
36 70 0.217973
36 71 0.604762
36 72 0.472403
36 73 0.625282
36 74 0.680312
36 75 0.521490
36 76 0.481752
36 77 0.554393
36 78 0.690875
36 79 0.438710
36 80 0.370968
36 81 0.657534
36 82 0.269461
36 83 0.284294
36 84 0.239316
36 85 0.603819
36 86 0.683712
36 87 0.489297
36 88 0.484227
36 89 0.290448
36 90 0.429293
36 91 0.489198
36 92 0.577815
36 93 0.533223
36 94 0.570502
36 95 0.270358
36 96 0.535019
36 97 0.605201
36 98 0.496487
36 99 0.616972
37 38 0.732852
37 39 0.578406
37 40 0.674260
37 41 0.498575
37 42 0.494152
37 43 0.566234
37 44 0.638298
37 45 0.359202
37 46 0.572034
37 47 0.631086
37 48 0.375536
37 49 0.228690
37 50 0.382692
37 51 0.608899
37 52 0.255132
37 53 0.320482
37 54 0.659193
37 55 0.676998
37 56 0.737785
37 57 0.555825
37 58 0.602180
37 59 0.554572
37 60 0.488439
37 61 0.603383
37 62 0.194643
37 63 0.732441
37 64 0.279412
37 65 0.501326
37 66 0.207477
37 67 0.204633
37 68 0.643956
37 69 0.353952
37 70 0.210325
37 71 0.628571
37 72 0.295455
37 73 0.627540
37 74 0.602339
37 75 0.541547
37 76 0.622871
37 77 0.684100
37 78 0.635009
37 79 0.627957
37 80 0.186380
37 81 0.743640
37 82 0.123752
37 83 0.103380
37 84 0.384615
37 85 0.546539
37 86 0.670455
37 87 0.535168
37 88 0.312303
37 89 0.130604
37 90 0.247475
37 91 0.322531
37 92 0.695364
37 93 0.672757
37 94 0.693679
37 95 0.390879
37 96 0.365759
37 97 0.617021
37 98 0.594848
37 99 0.534404
38 39 0.483290
38 40 0.261959
38 41 0.754986
38 42 0.751462
38 43 0.519481
38 44 0.562863
38 45 0.957871
38 46 0.648305
38 47 0.614232
38 48 0.856223
38 49 0.997921
38 50 0.884615
38 51 0.388759
38 52 0.997067
38 53 0.971084
38 54 0.432735
38 55 0.605220
38 56 0.146580
38 57 0.492718
38 58 0.572207
38 59 0.690265
38 60 0.682081
38 61 0.725564
38 62 0.905357
38 63 0.127090
38 64 0.745098
38 65 0.761273
38 66 0.932710
38 67 0.870656
38 68 0.276923
38 69 0.737113
38 70 0.868069
38 71 0.490476
38 72 0.900974
38 73 0.503386
38 74 0.678363
38 75 0.699140
38 76 0.362530
38 77 0.165272
38 78 0.608939
38 79 0.329032
38 80 0.906810
38 81 0.168297
38 82 0.916168
38 83 0.908549
38 84 0.704274
38 85 0.682578
38 86 0.481061
38 87 0.743119
38 88 0.903785
38 89 0.914230
38 90 0.904040
38 91 0.904321
38 92 0.034768
38 93 0.134551
38 94 0.077796
38 95 0.726384
38 96 0.854086
38 97 0.515366
38 98 0.374707
38 99 0.720183
39 40 0.232346
39 41 0.227920
39 42 0.201754
39 43 0.038961
39 44 0.528046
39 45 0.654102
39 46 0.360169
39 47 0.567416
39 48 0.469957
39 49 0.607069
39 50 0.538462
39 51 0.091335
39 52 0.516129
39 53 0.626506
39 54 0.390135
39 55 0.610114
39 56 0.371336
39 57 0.087379
39 58 0.305177
39 59 0.315634
39 60 0.182081
39 61 0.627820
39 62 0.592857
39 63 0.356187
39 64 0.286765
39 65 0.472149
39 66 0.581308
39 67 0.505792
39 68 0.149451
39 69 0.436426
39 70 0.508604
39 71 0.373810
39 72 0.634740
39 73 0.417607
39 74 0.584795
39 75 0.355301
39 76 0.128954
39 77 0.238494
39 78 0.566108
39 79 0.161290
39 80 0.587814
39 81 0.373777
39 82 0.546906
39 83 0.544732
39 84 0.417094
39 85 0.486874
39 86 0.501894
39 87 0.321101
39 88 0.645110
39 89 0.555556
39 90 0.616162
39 91 0.651235
39 92 0.329470
39 93 0.299003
39 94 0.330632
39 95 0.451140
39 96 0.605058
39 97 0.392435
39 98 0.199063
39 99 0.527523
40 41 0.518519
40 42 0.491228
40 43 0.303896
40 44 0.408124
40 45 0.702882
40 46 0.557203
40 47 0.462547
40 48 0.688841
40 49 0.792100
40 50 0.732692
40 51 0.243560
40 52 0.662757
40 53 0.693976
40 54 0.230942
40 55 0.499184
40 56 0.306189
40 57 0.320388
40 58 0.258856
40 59 0.351032
40 60 0.375723
40 61 0.552632
40 62 0.703571
40 63 0.287625
40 64 0.504902
40 65 0.461538
40 66 0.740187
40 67 0.683398
40 68 0.175824
40 69 0.611684
40 70 0.684512
40 71 0.247619
40 72 0.714286
40 73 0.288939
40 74 0.500975
40 75 0.369628
40 76 0.119221
40 77 0.085774
40 78 0.458101
40 79 0.258065
40 80 0.706093
40 81 0.176125
40 82 0.704591
40 83 0.693837
40 84 0.591453
40 85 0.427208
40 86 0.356061
40 87 0.391437
40 88 0.720820
40 89 0.705653
40 90 0.712121
40 91 0.726852
40 92 0.220199
40 93 0.252492
40 94 0.244733
40 95 0.617264
40 96 0.634241
40 97 0.274232
40 98 0.105386
40 99 0.477064
41 42 0.058480
41 43 0.171429
41 44 0.632495
41 45 0.636364
41 46 0.258475
41 47 0.659176
41 48 0.298283
41 49 0.459459
41 50 0.382692
41 51 0.234192
41 52 0.466276
41 53 0.604819
41 54 0.538117
41 55 0.698206
41 56 0.473941
41 57 0.152913
41 58 0.449591
41 59 0.424779
41 60 0.236994
41 61 0.695489
41 62 0.507143
41 63 0.464883
41 64 0.149510
41 65 0.543767
41 66 0.454206
41 67 0.362934
41 68 0.305495
41 69 0.298969
41 70 0.365201
41 71 0.516667
41 72 0.576299
41 73 0.548533
41 74 0.664717
41 75 0.458453
41 76 0.321168
41 77 0.405858
41 78 0.659218
41 79 0.268817
41 80 0.500000
41 81 0.532290
41 82 0.423154
41 83 0.431412
41 84 0.283761
41 85 0.575179
41 86 0.619318
41 87 0.415902
41 88 0.585174
41 89 0.438596
41 90 0.543771
41 91 0.591049
41 92 0.451987
41 93 0.401993
41 94 0.444084
41 95 0.324104
41 96 0.599222
41 97 0.527187
41 98 0.367681
41 99 0.603211
42 43 0.145455
42 44 0.593810
42 45 0.600887
42 46 0.300847
42 47 0.619850
42 48 0.330472
42 49 0.465696
42 50 0.411538
42 51 0.222482
42 52 0.422287
42 53 0.566265
42 54 0.495516
42 55 0.663948
42 56 0.470684
42 57 0.148058
42 58 0.395095
42 59 0.365782
42 60 0.179191
42 61 0.657895
42 62 0.496429
42 63 0.459866
42 64 0.132353
42 65 0.490716
42 66 0.457944
42 67 0.374517
42 68 0.292308
42 69 0.328179
42 70 0.376673
42 71 0.469048
42 72 0.560065
42 73 0.505643
42 74 0.625731
42 75 0.398281
42 76 0.287105
42 77 0.382845
42 78 0.620112
42 79 0.268817
42 80 0.489247
42 81 0.504892
42 82 0.421158
42 83 0.425447
42 84 0.314530
42 85 0.527446
42 86 0.583333
42 87 0.351682
42 88 0.572555
42 89 0.434698
42 90 0.530303
42 91 0.578704
42 92 0.440397
42 93 0.400332
42 94 0.435981
42 95 0.353420
42 96 0.566148
42 97 0.479905
42 98 0.327869
42 99 0.557339
43 44 0.553191
43 45 0.658537
43 46 0.330508
43 47 0.589888
43 48 0.437768
43 49 0.584200
43 50 0.509615
43 51 0.098361
43 52 0.513196
43 53 0.628916
43 54 0.423767
43 55 0.631321
43 56 0.382736
43 57 0.058252
43 58 0.335150
43 59 0.339233
43 60 0.184971
43 61 0.646617
43 62 0.582143
43 63 0.369565
43 64 0.262255
43 65 0.490716
43 66 0.560748
43 67 0.482625
43 68 0.169231
43 69 0.410653
43 70 0.485660
43 71 0.404762
43 72 0.629870
43 73 0.446953
43 74 0.606238
43 75 0.378223
43 76 0.165450
43 77 0.267782
43 78 0.588454
43 79 0.163441
43 80 0.577061
43 81 0.403131
43 82 0.528942
43 83 0.528827
43 84 0.389744
43 85 0.508353
43 86 0.528409
43 87 0.342508
43 88 0.638801
43 89 0.538012
43 90 0.607744
43 91 0.645062
43 92 0.347682
43 93 0.310631
43 94 0.346840
43 95 0.425081
43 96 0.610895
43 97 0.423168
43 98 0.234192
43 99 0.548165
44 45 0.529933
44 46 0.934322
44 47 0.069288
44 48 0.954936
44 49 0.914761
44 50 0.953846
44 51 0.697892
44 52 0.715543
44 53 0.561446
44 54 0.239910
44 55 0.164763
44 56 0.618893
44 57 0.752427
44 58 0.444142
44 59 0.539823
44 60 0.708092
44 61 0.189850
44 62 0.682143
44 63 0.610368
44 64 0.757353
44 65 0.376658
44 66 0.824299
44 67 0.826255
44 68 0.632967
44 69 0.831615
44 70 0.826004
44 71 0.276190
44 72 0.626623
44 73 0.198646
44 74 0.128655
44 75 0.484241
44 76 0.569343
44 77 0.516736
44 78 0.067039
44 79 0.698925
44 80 0.695341
44 81 0.407045
44 82 0.782435
44 83 0.745527
44 84 0.830769
44 85 0.241050
44 86 0.087121
44 87 0.590214
44 88 0.632492
44 89 0.766082
44 90 0.658249
44 91 0.640432
44 92 0.516556
44 93 0.589701
44 94 0.547812
44 95 0.838762
44 96 0.443580
44 97 0.250591
44 98 0.451991
44 99 0.229358
45 46 0.858051
45 47 0.428839
45 48 0.714592
45 49 0.538462
45 50 0.694231
45 51 0.784543
45 52 0.372434
45 53 0.086747
45 54 0.580717
45 55 0.482871
45 56 0.819218
45 57 0.771845
45 58 0.604905
45 59 0.592920
45 60 0.673410
45 61 0.353383
45 62 0.278571
45 63 0.814381
45 64 0.568627
45 65 0.384615
45 66 0.463551
45 67 0.511583
45 68 0.775824
45 69 0.630584
45 70 0.514340
45 71 0.559524
45 72 0.237013
45 73 0.523702
45 74 0.372320
45 75 0.541547
45 76 0.725061
45 77 0.748954
45 78 0.435754
45 79 0.797849
45 80 0.295699
45 81 0.735812
45 82 0.407186
45 83 0.361829
45 84 0.654701
45 85 0.384248
45 86 0.526515
45 87 0.599388
45 88 0.255521
45 89 0.385965
45 90 0.260943
45 91 0.271605
45 92 0.746689
45 93 0.765781
45 94 0.758509
45 95 0.653094
45 96 0.050584
45 97 0.531915
45 98 0.639344
45 99 0.330275
46 47 0.878277
46 48 0.293991
46 49 0.561331
46 50 0.357692
46 51 0.370023
46 52 0.815249
46 53 0.889157
46 54 0.773543
46 55 0.885808
46 56 0.480456
46 57 0.325243
46 58 0.757493
46 59 0.775811
46 60 0.580925
46 61 0.922932
46 62 0.666071
46 63 0.479933
46 64 0.424020
46 65 0.867374
46 66 0.558879
46 67 0.453668
46 68 0.419780
46 69 0.256014
46 70 0.451243
46 71 0.778571
46 72 0.732143
46 73 0.801354
46 74 0.898635
46 75 0.799427
46 76 0.535280
46 77 0.535565
46 78 0.875233
46 79 0.331183
46 80 0.652330
46 81 0.671233
46 82 0.570858
46 83 0.594433
46 84 0.208547
46 85 0.863962
46 86 0.823864
46 87 0.782875
46 88 0.736593
46 89 0.586745
46 90 0.696970
46 91 0.736111
46 92 0.504967
46 93 0.416944
46 94 0.478120
46 95 0.247557
46 96 0.830739
46 97 0.791962
46 98 0.599532
46 99 0.883028
47 48 0.995708
47 49 0.929314
47 50 0.984615
47 51 0.772834
47 52 0.741935
47 53 0.549398
47 54 0.320628
47 55 0.128874
47 56 0.679153
47 57 0.822816
47 58 0.520436
47 59 0.610619
47 60 0.777457
47 61 0.125940
47 62 0.676786
47 63 0.672241
47 64 0.803922
47 65 0.413793
47 66 0.833645
47 67 0.845560
47 68 0.707692
47 69 0.864261
47 70 0.847036
47 71 0.352381
47 72 0.607143
47 73 0.273138
47 74 0.076023
47 75 0.550143
47 76 0.647202
47 77 0.594142
47 78 0.009311
47 79 0.769892
47 80 0.691756
47 81 0.481409
47 82 0.792415
47 83 0.753479
47 84 0.864957
47 85 0.272076
47 86 0.151515
47 87 0.660550
47 88 0.611987
47 89 0.771930
47 90 0.644781
47 91 0.618827
47 92 0.579470
47 93 0.651163
47 94 0.607780
47 95 0.869707
47 96 0.416342
47 97 0.323877
47 98 0.529274
47 99 0.238532
48 49 0.286902
48 50 0.117308
48 51 0.545667
48 52 0.653959
48 53 0.725301
48 54 0.831839
48 55 0.884176
48 56 0.667752
48 57 0.475728
48 58 0.795640
48 59 0.781711
48 60 0.601156
48 61 0.877820
48 62 0.460714
48 63 0.668896
48 64 0.333333
48 65 0.816976
48 66 0.312150
48 67 0.200772
48 68 0.600000
48 69 0.067010
48 70 0.198853
48 71 0.821429
48 72 0.555195
48 73 0.832957
48 74 0.867446
48 75 0.790831
48 76 0.661800
48 77 0.692469
48 78 0.867784
48 79 0.533333
48 80 0.444444
48 81 0.804305
48 82 0.331337
48 83 0.365805
48 84 0.085470
48 85 0.832936
48 86 0.859848
48 87 0.773700
48 88 0.559937
48 89 0.352827
48 90 0.505051
48 91 0.560185
48 92 0.668874
48 93 0.602990
48 94 0.649919
48 95 0.115635
48 96 0.698444
48 97 0.822695
48 98 0.688525
48 99 0.834862
49 50 0.242308
49 51 0.749415
49 52 0.571848
49 53 0.571084
49 54 0.885650
49 55 0.856444
49 56 0.833876
49 57 0.689320
49 58 0.866485
49 59 0.843658
49 60 0.725434
49 61 0.808271
49 62 0.242857
49 63 0.834448
49 64 0.431373
49 65 0.790451
49 66 0.054206
49 67 0.067568
49 68 0.786813
49 69 0.259450
49 70 0.065010
49 71 0.871429
49 72 0.355519
49 73 0.864560
49 74 0.816764
49 75 0.830946
49 76 0.815085
49 77 0.845188
49 78 0.839851
49 79 0.744086
49 80 0.224014
49 81 0.917808
49 82 0.109780
49 83 0.153082
49 84 0.305983
49 85 0.806683
49 86 0.875000
49 87 0.834862
49 88 0.362776
49 89 0.124756
49 90 0.296296
49 91 0.364198
49 92 0.812914
49 93 0.769103
49 94 0.800648
49 95 0.291531
49 96 0.556420
49 97 0.862884
49 98 0.800937
49 99 0.786697
50 51 0.688525
50 52 0.771261
50 53 0.800000
50 54 0.957399
50 55 0.964111
50 56 0.763844
50 57 0.623786
50 58 0.948229
50 59 0.941003
50 60 0.765896
50 61 0.958647
50 62 0.466071
50 63 0.767559
50 64 0.463235
50 65 0.944297
50 66 0.285981
50 67 0.194981
50 68 0.734066
50 69 0.063574
50 70 0.189293
50 71 0.952381
50 72 0.558442
50 73 0.954853
50 74 0.957115
50 75 0.942693
50 76 0.807786
50 77 0.820084
50 78 0.959032
50 79 0.662366
50 80 0.446237
50 81 0.921722
50 82 0.341317
50 83 0.381710
50 84 0.114530
50 85 0.949881
50 86 0.962121
50 87 0.938838
50 88 0.561514
50 89 0.356725
50 90 0.506734
50 91 0.558642
50 92 0.769868
50 93 0.700997
50 94 0.747164
50 95 0.087948
50 96 0.754864
50 97 0.952719
50 98 0.826698
50 99 0.940367
51 52 0.633431
51 53 0.722892
51 54 0.437220
51 55 0.649266
51 56 0.315961
51 57 0.089806
51 58 0.389646
51 59 0.421829
51 60 0.294798
51 61 0.687970
51 62 0.657143
51 63 0.301003
51 64 0.362745
51 65 0.567639
51 66 0.635514
51 67 0.555985
51 68 0.087912
51 69 0.453608
51 70 0.556405
51 71 0.433333
51 72 0.698052
51 73 0.474041
51 74 0.645224
51 75 0.458453
51 76 0.158151
51 77 0.211297
51 78 0.616387
51 79 0.075269
51 80 0.654122
51 81 0.363992
51 82 0.610778
51 83 0.612326
51 84 0.425641
51 85 0.565632
51 86 0.539773
51 87 0.437309
51 88 0.705047
51 89 0.619883
51 90 0.678451
51 91 0.709877
51 92 0.286424
51 93 0.240864
51 94 0.282010
51 95 0.460912
51 96 0.680934
51 97 0.453901
51 98 0.245902
51 99 0.607798
52 53 0.219277
52 54 0.466368
52 55 0.541599
52 56 0.648208
52 57 0.470874
52 58 0.381471
52 59 0.321534
52 60 0.329480
52 61 0.462406
52 62 0.301786
52 63 0.640468
52 64 0.257353
52 65 0.270557
52 66 0.371963
52 67 0.357143
52 68 0.529670
52 69 0.446735
52 70 0.361377
52 71 0.423810
52 72 0.352273
52 73 0.431151
52 74 0.444444
52 75 0.300860
52 76 0.469586
52 77 0.546025
52 78 0.478585
52 79 0.539785
52 80 0.304659
52 81 0.592955
52 82 0.299401
52 83 0.272366
52 84 0.463248
52 85 0.341289
52 86 0.505682
52 87 0.296636
52 88 0.369085
52 89 0.298246
52 90 0.331650
52 91 0.382716
52 92 0.589404
52 93 0.586379
52 94 0.596434
52 95 0.478827
52 96 0.289883
52 97 0.413712
52 98 0.421546
52 99 0.341743
53 54 0.533632
53 55 0.489396
53 56 0.768730
53 57 0.684466
53 58 0.525886
53 59 0.501475
53 60 0.569364
53 61 0.370301
53 62 0.267857
53 63 0.762542
53 64 0.480392
53 65 0.320955
53 66 0.428037
53 67 0.461390
53 68 0.703297
53 69 0.577320
53 70 0.464627
53 71 0.504762
53 72 0.259740
53 73 0.480813
53 74 0.376218
53 75 0.455587
53 76 0.647202
53 77 0.684100
53 78 0.433892
53 79 0.722581
53 80 0.281362
53 81 0.686888
53 82 0.363273
53 83 0.320080
53 84 0.600000
53 85 0.346062
53 86 0.507576
53 87 0.501529
53 88 0.279180
53 89 0.346979
53 90 0.265993
53 91 0.294753
53 92 0.698675
53 93 0.712625
53 94 0.709887
53 95 0.602606
53 96 0.114786
53 97 0.479905
53 98 0.569087
53 99 0.305046
54 55 0.332790
54 56 0.454397
54 57 0.512136
54 58 0.215259
54 59 0.324484
54 60 0.468208
54 61 0.364662
54 62 0.664286
54 63 0.441472
54 64 0.583333
54 65 0.312997
54 66 0.753271
54 67 0.725869
54 68 0.397802
54 69 0.702749
54 70 0.726577
54 71 0.071429
54 72 0.647727
54 73 0.067720
54 74 0.304094
54 75 0.300860
54 76 0.313869
54 77 0.294979
54 78 0.264432
54 79 0.470968
54 80 0.672043
54 81 0.234834
54 82 0.710579
54 83 0.685885
54 84 0.694017
54 85 0.236277
54 86 0.170455
54 87 0.376147
54 88 0.656151
54 89 0.703704
54 90 0.659933
54 91 0.663580
54 92 0.355960
54 93 0.415282
54 94 0.385737
54 95 0.711726
54 96 0.505837
54 97 0.082742
54 98 0.210773
54 99 0.284404
55 56 0.750814
55 57 0.997573
55 58 0.719346
55 59 0.834808
55 60 0.997110
55 61 0.208647
55 62 0.803571
55 63 0.747492
55 64 0.997549
55 65 0.623342
55 66 0.977570
55 67 0.998069
55 68 0.846154
55 69 0.998282
55 70 0.998088
55 71 0.516667
55 72 0.709416
55 73 0.424379
55 74 0.208577
55 75 0.770774
55 76 0.810219
55 77 0.709205
55 78 0.139665
55 79 0.909677
55 80 0.820789
55 81 0.557730
55 82 0.946108
55 83 0.906561
55 84 0.998291
55 85 0.460621
55 86 0.223485
55 87 0.896024
55 88 0.709779
55 89 0.922027
55 90 0.759259
55 91 0.714506
55 92 0.649007
55 93 0.734219
55 94 0.679092
55 95 0.998371
55 96 0.540856
55 97 0.491726
55 98 0.686183
55 99 0.417431
56 57 0.553398
56 58 0.768392
56 59 0.887906
56 60 0.826590
56 61 0.890977
56 62 0.998214
56 63 0.026756
56 64 0.838235
56 65 0.960212
56 66 0.998131
56 67 0.926641
56 68 0.349451
56 69 0.747423
56 70 0.923518
56 71 0.685714
56 72 0.998377
56 73 0.695260
56 74 0.847953
56 75 0.899713
56 76 0.501217
56 77 0.305439
56 78 0.774674
56 79 0.356989
56 80 0.998208
56 81 0.344423
56 82 0.998004
56 83 0.998012
56 84 0.705983
56 85 0.875895
56 86 0.651515
56 87 0.938838
56 88 0.998423
56 89 0.998051
56 90 0.998316
56 91 0.998457
56 92 0.114238
56 93 0.079734
56 94 0.068071
56 95 0.724756
56 96 0.998054
56 97 0.711584
56 98 0.538642
56 99 0.905963
57 58 0.403270
57 59 0.412979
57 60 0.248555
57 61 0.691729
57 62 0.603571
57 63 0.359532
57 64 0.281863
57 65 0.557029
57 66 0.570093
57 67 0.486486
57 68 0.169231
57 69 0.391753
57 70 0.487572
57 71 0.461905
57 72 0.654221
57 73 0.501129
57 74 0.654971
57 75 0.449857
57 76 0.209246
57 77 0.284519
57 78 0.633147
57 79 0.135484
57 80 0.598566
57 81 0.428571
57 82 0.542914
57 83 0.546720
57 84 0.367521
57 85 0.568019
57 86 0.570076
57 87 0.415902
57 88 0.664038
57 89 0.553606
57 90 0.631313
57 91 0.668210
57 92 0.347682
57 93 0.299003
57 94 0.341977
57 95 0.403909
57 96 0.653696
57 97 0.479905
57 98 0.283372
57 99 0.605505
58 59 0.097345
58 60 0.245665
58 61 0.417293
58 62 0.551786
58 63 0.444816
58 64 0.389706
58 65 0.212202
58 66 0.614953
58 67 0.575290
58 68 0.318681
58 69 0.568729
58 70 0.577438
58 71 0.123810
58 72 0.564935
58 73 0.176072
58 74 0.366472
58 75 0.100287
58 76 0.206813
58 77 0.282427
58 78 0.357542
58 79 0.376344
58 80 0.555556
58 81 0.318982
58 82 0.562874
58 83 0.542744
58 84 0.560684
58 85 0.226730
58 86 0.306818
58 87 0.140673
58 88 0.575710
58 89 0.561404
58 90 0.562290
58 91 0.584877
58 92 0.377483
58 93 0.401993
58 94 0.398703
58 95 0.584691
58 96 0.449416
58 97 0.134752
58 98 0.119438
58 99 0.282110
59 60 0.179191
59 61 0.430451
59 62 0.496429
59 63 0.476589
59 64 0.316176
59 65 0.188329
59 66 0.553271
59 67 0.513514
59 68 0.338462
59 69 0.522337
59 70 0.516252
59 71 0.192857
59 72 0.519481
59 73 0.234763
59 74 0.385965
59 75 0.048711
59 76 0.236010
59 77 0.328452
59 78 0.389199
59 79 0.382796
59 80 0.500000
59 81 0.379648
59 82 0.497006
59 83 0.477137
59 84 0.517949
59 85 0.236277
59 86 0.356061
59 87 0.039755
59 88 0.533123
59 89 0.497076
59 90 0.511785
59 91 0.543210
59 92 0.417219
59 93 0.430233
59 94 0.432739
59 95 0.542345
59 96 0.414397
59 97 0.198582
59 98 0.170960
59 99 0.284404
60 61 0.545113
60 62 0.487500
60 63 0.453177
60 64 0.191176
60 65 0.336870
60 66 0.497196
60 67 0.436293
60 68 0.281319
60 69 0.422680
60 70 0.439771
60 71 0.326190
60 72 0.534091
60 73 0.367946
60 74 0.506823
60 75 0.223496
60 76 0.209246
60 77 0.328452
60 78 0.504655
60 79 0.296774
60 80 0.485663
60 81 0.426614
60 82 0.447106
60 83 0.439364
60 84 0.415385
60 85 0.381862
60 86 0.467803
60 87 0.165138
60 88 0.547319
60 89 0.454191
60 90 0.515152
60 91 0.555556
60 92 0.413907
60 93 0.398671
60 94 0.419773
60 95 0.446254
60 96 0.484436
60 97 0.335697
60 98 0.215457
60 99 0.422018
61 62 0.614286
61 63 0.765886
61 64 0.823529
61 65 0.435013
61 66 0.794393
61 67 0.824324
61 68 0.800000
61 69 0.867698
61 70 0.824092
61 71 0.454762
61 72 0.530844
61 73 0.376975
61 74 0.074074
61 75 0.607450
61 76 0.742092
61 77 0.698745
61 78 0.134078
61 79 0.853763
61 80 0.630824
61 81 0.598826
61 82 0.752495
61 83 0.709742
61 84 0.875214
61 85 0.310263
61 86 0.278409
61 87 0.718654
61 88 0.534700
61 89 0.729045
61 90 0.575758
61 91 0.543210
61 92 0.675497
61 93 0.739203
61 94 0.700162
61 95 0.876221
61 96 0.326848
61 97 0.423168
61 98 0.622951
61 99 0.243119
62 63 0.909699
62 64 0.549020
62 65 0.679045
62 66 0.211215
62 67 0.308880
62 68 0.879121
62 69 0.482818
62 70 0.309751
62 71 0.816667
62 72 0.136364
62 73 0.792325
62 74 0.670565
62 75 0.785100
62 76 0.871046
62 77 0.895397
62 78 0.715084
62 79 0.862366
62 80 0.021505
62 81 0.925636
62 82 0.183633
62 83 0.147117
62 84 0.523077
62 85 0.689737
62 86 0.787879
62 87 0.816514
62 88 0.151420
62 89 0.152047
62 90 0.069024
62 91 0.162037
62 92 0.864238
62 93 0.850498
62 94 0.863857
62 95 0.508143
62 96 0.348249
62 97 0.796690
62 98 0.819672
62 99 0.646789
63 64 0.803922
63 65 0.917772
63 66 0.973832
63 67 0.901544
63 68 0.318681
63 69 0.730241
63 70 0.898662
63 71 0.650000
63 72 0.974026
63 73 0.659142
63 74 0.818713
63 75 0.853868
63 76 0.462287
63 77 0.271967
63 78 0.746741
63 79 0.331183
63 80 0.971326
63 81 0.317025
63 82 0.970060
63 83 0.968191
63 84 0.690598
63 85 0.837709
63 86 0.625000
63 87 0.892966
63 88 0.974763
63 89 0.970760
63 90 0.971380
63 91 0.973765
63 92 0.092715
63 93 0.059801
63 94 0.045381
63 95 0.710098
63 96 0.966926
63 97 0.673759
63 98 0.501171
63 99 0.869266
64 65 0.461538
64 66 0.362617
64 67 0.285714
64 68 0.404396
64 69 0.300687
64 70 0.290631
64 71 0.502381
64 72 0.475649
64 73 0.528217
64 74 0.608187
64 75 0.401146
64 76 0.386861
64 77 0.476987
64 78 0.616387
64 79 0.384946
64 80 0.392473
64 81 0.579256
64 82 0.313373
64 83 0.318091
64 84 0.302564
64 85 0.510740
64 86 0.602273
64 87 0.357798
64 88 0.488959
64 89 0.329435
64 90 0.441077
64 91 0.496914
64 92 0.523179
64 93 0.488372
64 94 0.520259
64 95 0.333876
64 96 0.494163
64 97 0.503546
64 98 0.398126
64 99 0.529817
65 66 0.562617
65 67 0.550193
65 68 0.490110
65 69 0.596220
65 70 0.554493
65 71 0.214286
65 72 0.456169
65 73 0.212190
65 74 0.269006
65 75 0.154728
65 76 0.399027
65 77 0.449791
65 78 0.296089
65 79 0.533333
65 80 0.465950
65 81 0.452055
65 82 0.502994
65 83 0.471173
65 84 0.600000
65 85 0.097852
65 86 0.310606
65 87 0.223242
65 88 0.470032
65 89 0.495127
65 90 0.461279
65 91 0.481481
65 92 0.508278
65 93 0.536545
65 94 0.526742
65 95 0.617264
65 96 0.293774
65 97 0.196217
65 98 0.309133
65 99 0.133028
66 67 0.121622
66 68 0.830769
66 69 0.307560
66 70 0.120459
66 71 0.888095
66 72 0.314935
66 73 0.878104
66 74 0.810916
66 75 0.853868
66 76 0.854015
66 77 0.880753
66 78 0.837989
66 79 0.791398
66 80 0.181004
66 81 0.945205
66 82 0.097804
66 83 0.133201
66 84 0.355556
66 85 0.811456
66 86 0.882576
66 87 0.865443
66 88 0.321767
66 89 0.099415
66 90 0.254209
66 91 0.322531
66 92 0.844371
66 93 0.805648
66 94 0.833063
66 95 0.337134
66 96 0.533074
66 97 0.879433
66 98 0.833724
66 99 0.786697
67 68 0.718681
67 69 0.207904
67 70 0.007648
67 71 0.826190
67 72 0.396104
67 73 0.826185
67 74 0.803119
67 75 0.776504
67 76 0.746959
67 77 0.784519
67 78 0.823091
67 79 0.673118
67 80 0.267025
67 81 0.868885
67 82 0.137725
67 83 0.178926
67 84 0.252991
67 85 0.780430
67 86 0.846591
67 87 0.770642
67 88 0.403785
67 89 0.159844
67 90 0.338384
67 91 0.404321
67 92 0.763245
67 93 0.715947
67 94 0.750405
67 95 0.247557
67 96 0.568093
67 97 0.820331
67 98 0.744731
67 99 0.766055
68 69 0.522337
68 70 0.630975
68 71 0.414286
68 72 0.741883
68 73 0.453725
68 74 0.639376
68 75 0.484241
68 76 0.143552
68 77 0.135983
68 78 0.599628
68 79 0.086022
68 80 0.711470
68 81 0.297456
68 82 0.682635
68 83 0.679920
68 84 0.492308
68 85 0.570406
68 86 0.507576
68 87 0.480122
68 88 0.749211
68 89 0.688109
68 90 0.728956
68 91 0.753086
68 92 0.220199
68 93 0.186047
68 94 0.220421
68 95 0.524430
68 96 0.714008
68 97 0.439716
68 98 0.229508
68 99 0.614679
69 70 0.227533
69 71 0.911905
69 72 0.592532
69 73 0.920993
69 74 0.943470
69 75 0.902579
69 76 0.746959
69 77 0.761506
69 78 0.940410
69 79 0.595699
69 80 0.483871
69 81 0.872798
69 82 0.377246
69 83 0.415507
69 84 0.051282
69 85 0.926014
69 86 0.931818
69 87 0.892966
69 88 0.594637
69 89 0.395712
69 90 0.542088
69 91 0.592593
69 92 0.718543
69 93 0.644518
69 94 0.693679
69 95 0.055375
69 96 0.764591
69 97 0.914894
69 98 0.775176
69 99 0.924312
70 71 0.835714
70 72 0.399351
70 73 0.835214
70 74 0.812865
70 75 0.790831
70 76 0.756691
70 77 0.792887
70 78 0.832402
70 79 0.679570
70 80 0.270609
70 81 0.876712
70 82 0.141717
70 83 0.184891
70 84 0.249573
70 85 0.789976
70 86 0.854167
70 87 0.785933
70 88 0.406940
70 89 0.163743
70 90 0.341751
70 91 0.407407
70 92 0.768212
70 93 0.720930
70 94 0.755267
70 95 0.244300
70 96 0.575875
70 97 0.829787
70 98 0.754098
70 99 0.777523
71 72 0.603896
71 73 0.063205
71 74 0.300195
71 75 0.214900
71 76 0.287105
71 77 0.301255
71 78 0.275605
71 79 0.451613
71 80 0.618280
71 81 0.275930
71 82 0.650699
71 83 0.626243
71 84 0.651282
71 85 0.188544
71 86 0.208333
71 87 0.287462
71 88 0.613565
71 89 0.645224
71 90 0.611111
71 91 0.621914
71 92 0.375828
71 93 0.423588
71 94 0.403566
71 95 0.671010
71 96 0.461089
71 97 0.028369
71 98 0.180328
71 99 0.245413
72 73 0.841986
72 74 0.654971
72 75 0.893983
72 76 0.997567
72 77 0.997908
72 78 0.705773
72 79 0.997849
72 80 0.170251
72 81 0.998043
72 82 0.351297
72 83 0.312127
72 84 0.664957
72 85 0.727924
72 86 0.804924
72 87 0.951070
72 88 0.026814
72 89 0.315789
72 90 0.072391
72 91 0.047840
72 92 0.947020
72 93 0.946844
72 94 0.948136
72 95 0.644951
72 96 0.311284
72 97 0.860520
72 98 0.922717
72 99 0.665138
73 74 0.251462
73 75 0.272206
73 76 0.355231
73 77 0.349372
73 78 0.225326
73 79 0.509677
73 80 0.634409
73 81 0.295499
73 82 0.680639
73 83 0.652087
73 84 0.694017
73 85 0.169451
73 86 0.159091
73 87 0.354740
73 88 0.615142
73 89 0.670565
73 90 0.619529
73 91 0.623457
73 92 0.403974
73 93 0.460133
73 94 0.432739
73 95 0.711726
73 96 0.449416
73 97 0.047281
73 98 0.245902
73 99 0.215596
74 75 0.521490
74 76 0.656934
74 77 0.619247
74 78 0.081937
74 79 0.776344
74 80 0.629032
74 81 0.524462
74 82 0.732535
74 83 0.693837
74 84 0.835897
74 85 0.236277
74 86 0.214015
74 87 0.626911
74 88 0.550473
74 89 0.713450
74 90 0.582492
74 91 0.560185
74 92 0.612583
74 93 0.676080
74 94 0.638574
74 95 0.840391
74 96 0.342412
74 97 0.335697
74 98 0.538642
74 99 0.183486
75 76 0.270073
75 77 0.353556
75 78 0.361266
75 79 0.417204
75 80 0.492832
75 81 0.389432
75 82 0.500998
75 83 0.477137
75 84 0.540171
75 85 0.195704
75 86 0.337121
75 87 0.073394
75 88 0.520505
75 89 0.499025
75 90 0.501684
75 91 0.530864
75 92 0.435430
75 93 0.453488
75 94 0.452188
75 95 0.561889
75 96 0.387160
75 97 0.177305
75 98 0.196721
75 99 0.245413
76 77 0.146444
76 78 0.497207
76 79 0.195699
76 80 0.639785
76 81 0.272016
76 82 0.620758
76 83 0.612326
76 84 0.507692
76 85 0.429594
76 86 0.414773
76 87 0.311927
76 88 0.675079
76 89 0.623782
76 90 0.654882
76 91 0.680556
76 92 0.269868
76 93 0.269103
76 94 0.283630
76 95 0.537459
76 96 0.603113
76 97 0.304965
76 98 0.093677
76 99 0.477064
77 78 0.527002
77 79 0.223656
77 80 0.765233
77 81 0.168297
77 82 0.760479
77 83 0.751491
77 84 0.600000
77 85 0.527446
77 86 0.416667
77 87 0.504587
77 88 0.779180
77 89 0.762183
77 90 0.771044
77 91 0.783951
77 92 0.157285
77 93 0.184385
77 94 0.178282
77 95 0.625407
77 96 0.712062
77 97 0.371158
77 98 0.196721
77 99 0.571101
78 79 0.769892
78 80 0.698925
78 81 0.475538
78 82 0.800399
78 83 0.763419
78 84 0.870085
78 85 0.279236
78 86 0.145833
78 87 0.666667
78 88 0.619874
78 89 0.781676
78 90 0.653199
78 91 0.626543
78 92 0.576159
78 93 0.649502
78 94 0.606159
78 95 0.874593
78 96 0.426070
78 97 0.326241
78 98 0.529274
78 99 0.247706
79 80 0.711470
79 81 0.371820
79 82 0.670659
79 83 0.673956
79 84 0.441026
79 85 0.644391
79 86 0.581439
79 87 0.544343
79 88 0.760252
79 89 0.678363
79 90 0.735690
79 91 0.763889
79 92 0.259934
79 93 0.194352
79 94 0.246353
79 95 0.475570
79 96 0.750973
79 97 0.522459
79 98 0.309133
79 99 0.683486
80 81 0.925636
80 82 0.163673
80 83 0.129225
80 84 0.504274
80 85 0.701671
80 86 0.797348
80 87 0.816514
80 88 0.168770
80 89 0.130604
80 90 0.087542
80 91 0.175926
80 92 0.862583
80 93 0.845515
80 94 0.858995
80 95 0.490228
80 96 0.367704
80 97 0.803783
80 98 0.817330
80 99 0.660550
81 82 0.876248
81 83 0.860835
81 84 0.741880
81 85 0.525060
81 86 0.320076
81 87 0.629969
81 88 0.831230
81 89 0.871345
81 90 0.836700
81 91 0.834877
81 92 0.177152
81 93 0.267442
81 94 0.217180
81 95 0.760586
81 96 0.737354
81 97 0.359338
81 98 0.297424
81 99 0.561927
82 83 0.043738
82 84 0.364103
82 85 0.694511
82 86 0.787879
82 87 0.721713
82 88 0.298107
82 89 0.027290
82 90 0.225589
82 91 0.302469
82 92 0.781457
82 93 0.750831
82 94 0.774716
82 95 0.358306
82 96 0.449416
82 97 0.763593
82 98 0.730679
82 99 0.672018
83 84 0.398291
83 85 0.658711
83 86 0.761364
83 87 0.697248
83 88 0.269716
83 89 0.033138
83 90 0.195286
83 91 0.276235
83 92 0.778146
83 93 0.752492
83 94 0.774716
83 95 0.392508
83 96 0.404669
83 97 0.737589
83 98 0.716628
83 99 0.633028
84 85 0.935561
84 86 0.929924
84 87 0.892966
84 88 0.634069
84 89 0.444444
84 90 0.584175
84 91 0.632716
84 92 0.687086
84 93 0.609635
84 94 0.662885
84 95 0.053746
84 96 0.795720
84 97 0.912530
84 98 0.758782
84 99 0.938073
85 86 0.240530
85 87 0.324159
85 88 0.506309
85 89 0.571150
85 90 0.510101
85 91 0.516975
85 92 0.508278
85 93 0.549834
85 94 0.531605
85 95 0.684039
85 96 0.311284
85 97 0.160757
85 98 0.334895
85 99 0.064220
86 87 0.611621
86 88 0.694006
86 89 0.816764
86 90 0.718855
86 91 0.702160
86 92 0.456954
86 93 0.536545
86 94 0.489465
86 95 0.850163
86 96 0.525292
86 97 0.248227
86 98 0.421546
86 99 0.309633
87 88 0.518927
87 89 0.473684
87 90 0.494949
87 91 0.529321
87 92 0.430464
87 93 0.438538
87 94 0.445705
87 95 0.524430
87 96 0.406615
87 97 0.226950
87 98 0.194379
87 99 0.295872
88 89 0.339181
88 90 0.092593
88 91 0.021605
88 92 0.976821
88 93 0.975083
88 94 0.977310
88 95 0.664495
88 96 0.336576
88 97 0.900709
88 98 0.964871
88 99 0.701835
89 90 0.200337
89 91 0.280864
89 92 0.798013
89 93 0.769103
89 94 0.792545
89 95 0.381107
89 96 0.435798
89 97 0.775414
89 98 0.749415
89 99 0.672018
90 91 0.097222
90 92 0.915563
90 93 0.906977
90 94 0.914100
90 95 0.574919
90 96 0.336576
90 97 0.843972
90 98 0.882904
90 99 0.669725
91 92 0.998344
91 93 0.998339
91 94 0.998379
91 95 0.674267
91 96 0.363813
91 97 0.933806
91 98 0.997658
91 99 0.733945
92 93 0.111296
92 94 0.043760
92 95 0.731270
92 96 0.892996
92 97 0.565012
92 98 0.416862
92 99 0.768349
93 94 0.074554
93 95 0.651466
93 96 0.918288
93 97 0.633570
93 98 0.447307
93 99 0.825688
94 95 0.719870
94 96 0.928016
94 97 0.617021
94 98 0.456674
94 99 0.816514
95 96 0.830739
95 97 0.983452
95 98 0.836066
95 99 0.997706
96 97 0.536643
96 98 0.660422
96 99 0.318807
97 98 0.206089
97 99 0.217890
98 99 0.394495
