100 4950
0 1 0.950000
0 2 0.997423
0 3 0.934509
0 4 0.996764
0 5 0.194896
0 6 0.904255
0 7 0.967419
0 8 0.243243
0 9 0.767677
0 10 0.727711
0 11 0.797386
0 12 0.163743
0 13 0.557029
0 14 0.853018
0 15 0.301310
0 16 0.544803
0 17 0.634921
0 18 0.267606
0 19 0.675758
0 20 0.324324
0 21 0.455806
0 22 0.636364
0 23 0.820896
0 24 0.763797
0 25 0.376164
0 26 0.833992
0 27 0.356589
0 28 0.395349
0 29 0.155689
0 30 0.174950
0 31 0.456522
0 32 0.851301
0 33 0.635209
0 34 0.689970
0 35 0.351648
0 36 0.353690
0 37 0.328597
0 38 0.813953
0 39 0.310680
0 40 0.380567
0 41 0.741259
0 42 0.215347
0 43 0.557292
0 44 0.676845
0 45 0.755672
0 46 0.125954
0 47 0.649326
0 48 0.598504
0 49 0.159314
0 50 0.480730
0 51 0.579869
0 52 0.541779
0 53 0.040860
0 54 0.510638
0 55 0.304054
0 56 0.625698
0 57 0.677716
0 58 0.741339
0 59 0.768559
0 60 0.300752
0 61 0.468912
0 62 0.607477
0 63 0.447301
0 64 0.673469
0 65 0.587838
0 66 0.743028
0 67 0.057495
0 68 0.792523
0 69 0.406750
0 70 0.085828
0 71 0.413706
0 72 0.505824
0 73 0.640719
0 74 0.686598
0 75 0.676786
0 76 0.618538
0 77 0.594752
0 78 0.318966
0 79 0.610487
0 80 0.332008
0 81 0.695804
0 82 0.255973
0 83 0.552632
0 84 0.648456
0 85 0.552500
0 86 0.443011
0 87 0.595794
0 88 0.169742
0 89 0.433610
0 90 0.461233
0 91 0.608985
0 92 0.142212
0 93 0.577938
0 94 0.641221
0 95 0.741509
0 96 0.640000
0 97 0.749601
0 98 0.793561
0 99 0.510476
1 2 0.951031
1 3 0.924433
1 4 0.941748
1 5 0.171694
1 6 0.853723
1 7 0.929825
1 8 0.239085
1 9 0.742424
1 10 0.722892
1 11 0.745098
1 12 0.128655
1 13 0.506631
1 14 0.803150
1 15 0.327511
1 16 0.501792
1 17 0.615873
1 18 0.232394
1 19 0.657576
1 20 0.290541
1 21 0.436742
1 22 0.600791
1 23 0.773632
1 24 0.732892
1 25 0.359404
1 26 0.796443
1 27 0.374031
1 28 0.410853
1 29 0.191617
1 30 0.210736
1 31 0.400621
1 32 0.817844
1 33 0.626134
1 34 0.635258
1 35 0.368132
1 36 0.305344
1 37 0.349911
1 38 0.779964
1 39 0.338188
1 40 0.388664
1 41 0.708625
1 42 0.193069
1 43 0.510417
1 44 0.636132
1 45 0.724258
1 46 0.160305
1 47 0.612717
1 48 0.553616
1 49 0.129902
1 50 0.448276
1 51 0.538293
1 52 0.490566
1 53 0.068817
1 54 0.498818
1 55 0.304054
1 56 0.586592
1 57 0.642726
1 58 0.709007
1 59 0.737991
1 60 0.321429
1 61 0.450777
1 62 0.600000
1 63 0.429306
1 64 0.634694
1 65 0.569820
1 66 0.719124
1 67 0.094456
1 68 0.762617
1 69 0.392540
1 70 0.119760
1 71 0.365482
1 72 0.485857
1 73 0.602794
1 74 0.649485
1 75 0.642857
1 76 0.607843
1 77 0.548105
1 78 0.343103
1 79 0.597378
1 80 0.314115
1 81 0.662587
1 82 0.284983
1 83 0.526316
1 84 0.608076
1 85 0.505000
1 86 0.406452
1 87 0.567757
1 88 0.202952
1 89 0.400415
1 90 0.431412
1 91 0.602329
1 92 0.142212
1 93 0.532374
1 94 0.597964
1 95 0.709434
1 96 0.602000
1 97 0.720893
1 98 0.765152
1 99 0.480000
2 3 0.997481
2 4 0.378641
2 5 0.844548
2 6 0.125000
2 7 0.408521
2 8 0.846154
2 9 0.664141
2 10 0.949398
2 11 0.568627
2 12 0.997076
2 13 0.493369
2 14 0.170604
2 15 0.997817
2 16 0.996416
2 17 0.996825
2 18 0.753521
2 19 0.981818
2 20 0.695946
2 21 0.646447
2 22 0.387352
2 23 0.141791
2 24 0.399558
2 25 0.715084
2 26 0.128458
2 27 0.897287
2 28 0.891473
2 29 0.928144
2 30 0.920477
2 31 0.745342
2 32 0.135688
2 33 0.671506
2 34 0.486322
2 35 0.862637
2 36 0.681934
2 37 0.866785
2 38 0.125224
2 39 0.880259
2 40 0.850202
2 41 0.421911
2 42 0.814356
2 43 0.453125
2 44 0.419847
2 45 0.134380
2 46 0.862595
2 47 0.235067
2 48 0.366584
2 49 0.818627
2 50 0.543611
2 51 0.424508
2 52 0.504043
2 53 0.843011
2 54 0.758865
2 55 0.831081
2 56 0.594972
2 57 0.151013
2 58 0.422633
2 59 0.397380
2 60 0.859023
2 61 0.803109
2 62 0.704673
2 63 0.809769
2 64 0.116327
2 65 0.648649
2 66 0.464143
2 67 0.854209
2 68 0.297196
2 69 0.703375
2 70 0.856287
2 71 0.619289
2 72 0.605657
2 73 0.239521
2 74 0.125773
2 75 0.214286
2 76 0.623886
2 77 0.588921
2 78 0.870690
2 79 0.608614
2 80 0.735586
2 81 0.143357
2 82 0.872014
2 83 0.610048
2 84 0.296912
2 85 0.447500
2 86 0.572043
2 87 0.560748
2 88 0.865314
2 89 0.591286
2 90 0.570577
2 91 0.670549
2 92 0.830700
2 93 0.371703
2 94 0.391858
2 95 0.143396
2 96 0.246000
2 97 0.132376
2 98 0.312500
2 99 0.529524
3 4 0.919094
3 5 0.997680
3 6 0.997340
3 7 0.626566
3 8 0.997921
3 9 0.340909
3 10 0.183133
3 11 0.846405
3 12 0.947368
3 13 0.997347
3 14 0.997375
3 15 0.650655
3 16 0.881720
3 17 0.555556
3 18 0.997653
3 19 0.454545
3 20 0.997748
3 21 0.998267
3 22 0.998024
3 23 0.902985
3 24 0.479029
3 25 0.998138
3 26 0.911067
3 27 0.498062
3 28 0.451550
3 29 0.816367
3 30 0.735586
3 31 0.996894
3 32 0.845725
3 33 0.049002
3 34 0.996960
3 35 0.472527
3 36 0.997455
3 37 0.507993
3 38 0.812165
3 39 0.595469
3 40 0.429150
3 41 0.501166
3 42 0.717822
3 43 0.903646
3 44 0.641221
3 45 0.643979
3 46 0.793893
3 47 0.884393
3 48 0.822943
3 49 0.774510
3 50 0.997972
3 51 0.997812
3 52 0.927224
3 53 0.765591
3 54 0.371158
3 55 0.536036
3 56 0.642458
3 57 0.828729
3 58 0.491917
3 59 0.473799
3 60 0.515038
3 61 0.507772
3 62 0.085981
3 63 0.516710
3 64 0.753061
3 65 0.304054
3 66 0.348606
3 67 0.796715
3 68 0.525234
3 69 0.998224
3 70 0.804391
3 71 0.997462
3 72 0.998336
3 73 0.884232
3 74 0.711340
3 75 0.867857
3 76 0.081996
3 77 0.784257
3 78 0.536207
3 79 0.134831
3 80 0.998012
3 81 0.816434
3 82 0.627986
3 83 0.437799
3 84 0.719715
3 85 0.960000
3 86 0.997849
3 87 0.418224
3 88 0.693727
3 89 0.997925
3 90 0.998012
3 91 0.019967
3 92 0.695260
3 93 0.906475
3 94 0.715013
3 95 0.628302
3 96 0.888000
3 97 0.719298
3 98 0.515152
3 99 0.996190
4 5 0.714617
4 6 0.239362
4 7 0.245614
4 8 0.746362
4 9 0.376263
4 10 0.667470
4 11 0.218954
4 12 0.745614
4 13 0.403183
4 14 0.254593
4 15 0.772926
4 16 0.627240
4 17 0.634921
4 18 0.643192
4 19 0.630303
4 20 0.612613
4 21 0.648180
4 22 0.474308
4 23 0.196517
4 24 0.187638
4 25 0.677840
4 26 0.353755
4 27 0.684109
4 28 0.674419
4 29 0.764471
4 30 0.739563
4 31 0.515528
4 32 0.347584
4 33 0.466425
4 34 0.300912
4 35 0.661172
4 36 0.557252
4 37 0.674956
4 38 0.329159
4 39 0.715210
4 40 0.623482
4 41 0.167832
4 42 0.581683
4 43 0.322917
4 44 0.129771
4 45 0.225131
4 46 0.715649
4 47 0.348748
4 48 0.224439
4 49 0.605392
4 50 0.545639
4 51 0.455142
4 52 0.355795
4 53 0.662366
4 54 0.484634
4 55 0.590090
4 56 0.282123
4 57 0.305709
4 58 0.173210
4 59 0.194323
4 60 0.657895
4 61 0.512953
4 62 0.489720
4 63 0.524422
4 64 0.171429
4 65 0.385135
4 66 0.278884
4 67 0.691992
4 68 0.233645
4 69 0.678508
4 70 0.702595
4 71 0.515228
4 72 0.630616
4 73 0.333333
4 74 0.125773
4 75 0.362500
4 76 0.424242
4 77 0.306122
4 78 0.687931
4 79 0.397004
4 80 0.675944
4 81 0.319930
4 82 0.706485
4 83 0.332536
4 84 0.102138
4 85 0.380000
4 86 0.544086
4 87 0.285047
4 88 0.699262
4 89 0.568465
4 90 0.568588
4 91 0.482529
4 92 0.620767
4 93 0.318945
4 94 0.142494
4 95 0.164151
4 96 0.338000
4 97 0.304625
4 98 0.232955
4 99 0.556190
5 6 0.840426
5 7 0.997494
5 8 0.108108
5 9 0.866162
5 10 0.884337
5 11 0.823529
5 12 0.318713
5 13 0.469496
5 14 0.782152
5 15 0.486900
5 16 0.681004
5 17 0.809524
5 18 0.105634
5 19 0.848485
5 20 0.159910
5 21 0.308492
5 22 0.513834
5 23 0.766169
5 24 0.803532
5 25 0.219739
5 26 0.762846
5 27 0.517442
5 28 0.556202
5 29 0.273453
5 30 0.328032
5 31 0.447205
5 32 0.797398
5 33 0.738657
5 34 0.647416
5 35 0.505495
5 36 0.244275
5 37 0.479574
5 38 0.760286
5 39 0.438511
5 40 0.540486
5 41 0.783217
5 42 0.349010
5 43 0.500000
5 44 0.699746
5 45 0.734729
5 46 0.221374
5 47 0.558767
5 48 0.561097
5 49 0.281863
5 50 0.332657
5 51 0.452954
5 52 0.487871
5 53 0.221505
5 54 0.645390
5 55 0.466216
5 56 0.684358
5 57 0.602210
5 58 0.785219
5 59 0.807860
5 60 0.460526
5 61 0.608808
5 62 0.719626
5 63 0.588689
5 64 0.626531
5 65 0.691441
5 66 0.798805
5 67 0.195072
5 68 0.807477
5 69 0.259325
5 70 0.195609
5 71 0.302030
5 72 0.366057
5 73 0.550898
5 74 0.653608
5 75 0.589286
5 76 0.713012
5 77 0.623907
5 78 0.463793
5 79 0.705993
5 80 0.165010
5 81 0.624126
5 82 0.389078
5 83 0.641148
5 84 0.634204
5 85 0.462500
5 86 0.292473
5 87 0.672897
5 88 0.308118
5 89 0.278008
5 90 0.310139
5 91 0.710483
5 92 0.309255
5 93 0.501199
5 94 0.646310
5 95 0.728302
5 96 0.548000
5 97 0.708134
5 98 0.812500
5 99 0.365714
6 7 0.411028
6 8 0.750520
6 9 0.603535
6 10 0.879518
6 11 0.444444
6 12 0.859649
6 13 0.368700
6 14 0.052493
6 15 0.901747
6 16 0.842294
6 17 0.879365
6 18 0.645540
6 19 0.875758
6 20 0.592342
6 21 0.582322
6 22 0.335968
6 23 0.029851
6 24 0.373068
6 25 0.636872
6 26 0.187747
6 27 0.815891
6 28 0.813953
6 29 0.832335
6 30 0.827038
6 31 0.599379
6 32 0.221190
6 33 0.631579
6 34 0.343465
6 35 0.785714
6 36 0.559796
6 37 0.790409
6 38 0.207513
6 39 0.807443
6 40 0.769231
6 41 0.375291
6 42 0.700495
6 43 0.328125
6 44 0.333333
6 45 0.195462
6 46 0.772901
6 47 0.194605
6 48 0.249377
6 49 0.703431
6 50 0.464503
6 51 0.343545
6 52 0.374663
6 53 0.739785
6 54 0.676123
6 55 0.734234
6 56 0.488827
6 57 0.139963
6 58 0.378753
6 59 0.373362
6 60 0.778195
6 61 0.702073
6 62 0.657944
6 63 0.706941
6 64 0.018367
6 65 0.581081
6 66 0.446215
6 67 0.755647
6 68 0.319626
6 69 0.630551
6 70 0.760479
6 71 0.500000
6 72 0.549085
6 73 0.183633
6 74 0.061856
6 75 0.205357
6 76 0.586453
6 77 0.463557
6 78 0.796552
6 79 0.567416
6 80 0.648111
6 81 0.162587
6 82 0.795222
6 83 0.528708
6 84 0.199525
6 85 0.332500
6 86 0.481720
6 87 0.485981
6 88 0.778598
6 89 0.504149
6 90 0.493042
6 91 0.633943
6 92 0.726862
6 93 0.258993
6 94 0.287532
6 95 0.175472
6 96 0.190000
6 97 0.207337
6 98 0.329545
6 99 0.462857
7 8 0.935551
7 9 0.340909
7 10 0.650602
7 11 0.477124
7 12 0.967836
7 13 0.663130
7 14 0.469816
7 15 0.882096
7 16 0.856631
7 17 0.742857
7 18 0.861502
7 19 0.700000
7 20 0.828829
7 21 0.818024
7 22 0.654150
7 23 0.390547
7 24 0.099338
7 25 0.858473
7 26 0.448617
7 27 0.759690
7 28 0.736434
7 29 0.912176
7 30 0.870775
7 31 0.788820
7 32 0.390335
7 33 0.411978
7 34 0.598784
7 35 0.728938
7 36 0.798982
7 37 0.747780
7 38 0.373882
7 39 0.797735
7 40 0.690283
7 41 0.163170
7 42 0.754950
7 43 0.578125
7 44 0.312977
7 45 0.209424
7 46 0.860687
7 47 0.508671
7 48 0.468828
7 49 0.789216
7 50 0.746450
7 51 0.665208
7 52 0.617251
7 53 0.823656
7 54 0.548463
7 55 0.700450
7 56 0.452514
7 57 0.436464
7 58 0.157044
7 59 0.089520
7 60 0.740602
7 61 0.621762
7 62 0.454206
7 63 0.637532
7 64 0.332653
7 65 0.407658
7 66 0.149402
7 67 0.850103
7 68 0.076636
7 69 0.852575
7 70 0.858283
7 71 0.758883
7 72 0.793677
7 73 0.504990
7 74 0.278351
7 75 0.492857
7 76 0.367201
7 77 0.539359
7 78 0.763793
7 79 0.350187
7 80 0.868787
7 81 0.428322
7 82 0.803754
7 83 0.416268
7 84 0.334917
7 85 0.627500
7 86 0.756989
7 87 0.345794
7 88 0.821033
7 89 0.771784
7 90 0.763419
7 91 0.430948
7 92 0.774266
7 93 0.553957
7 94 0.371501
7 95 0.167925
7 96 0.512000
7 97 0.325359
7 98 0.064394
7 99 0.740952
8 9 0.997475
8 10 0.997590
8 11 0.996732
8 12 0.456140
8 13 0.586207
8 14 0.897638
8 15 0.548035
8 16 0.867384
8 17 0.968254
8 18 0.201878
8 19 0.996970
8 20 0.227477
8 21 0.282496
8 22 0.561265
8 23 0.880597
8 24 0.918322
8 25 0.178771
8 26 0.839921
8 27 0.581395
8 28 0.622093
8 29 0.285429
8 30 0.361829
8 31 0.608696
8 32 0.873606
8 33 0.829401
8 34 0.793313
8 35 0.562271
8 36 0.358779
8 37 0.527531
8 38 0.833631
8 39 0.459547
8 40 0.619433
8 41 0.906760
8 42 0.467822
8 43 0.625000
8 44 0.832061
8 45 0.816754
8 46 0.230916
8 47 0.624277
8 48 0.680798
8 49 0.399510
8 50 0.367140
8 51 0.520788
8 52 0.617251
8 53 0.292473
8 54 0.761229
8 55 0.565315
8 56 0.832402
8 57 0.670350
8 58 0.905312
8 59 0.921397
8 60 0.518797
8 61 0.735751
8 62 0.811215
8 63 0.714653
8 64 0.718367
8 65 0.808559
8 66 0.904382
8 67 0.238193
8 68 0.902804
8 69 0.214920
8 70 0.221557
8 71 0.413706
8 72 0.347754
8 73 0.622754
8 74 0.750515
8 75 0.648214
8 76 0.803922
8 77 0.778426
8 78 0.503448
8 79 0.801498
8 80 0.137177
8 81 0.687063
8 82 0.412969
8 83 0.767943
8 84 0.752969
8 85 0.570000
8 86 0.344086
8 87 0.796729
8 88 0.335793
8 89 0.315353
8 90 0.333996
8 91 0.792013
8 92 0.401806
8 93 0.604317
8 94 0.776081
8 95 0.820755
8 96 0.620000
8 97 0.775120
8 98 0.909091
8 99 0.386667
9 10 0.327711
9 11 0.418301
9 12 0.730994
9 13 0.665782
9 14 0.643045
9 15 0.624454
9 16 0.555556
9 17 0.365079
9 18 0.765258
9 19 0.315152
9 20 0.759009
9 21 0.804159
9 22 0.737154
9 23 0.567164
9 24 0.205298
9 25 0.808194
9 26 0.646245
9 27 0.513566
9 28 0.484496
9 29 0.726547
9 30 0.666004
9 31 0.655280
9 32 0.605948
9 33 0.196007
9 34 0.604863
9 35 0.494505
9 36 0.720102
9 37 0.523979
9 38 0.579606
9 39 0.601942
9 40 0.431174
9 41 0.191142
9 42 0.537129
9 43 0.575521
9 44 0.297710
9 45 0.431065
9 46 0.692748
9 47 0.624277
9 48 0.496259
9 49 0.590686
9 50 0.754564
9 51 0.717724
9 52 0.592992
9 53 0.634409
9 54 0.250591
9 55 0.445946
9 56 0.298883
9 57 0.578269
9 58 0.187067
9 59 0.209607
9 60 0.509398
9 61 0.334197
9 62 0.213084
9 63 0.352185
9 64 0.475510
9 65 0.114865
9 66 0.157371
9 67 0.675565
9 68 0.327103
9 69 0.813499
9 70 0.686627
9 71 0.705584
9 72 0.801997
9 73 0.614770
9 74 0.432990
9 75 0.625000
9 76 0.158645
9 77 0.428571
9 78 0.550000
9 79 0.117978
9 80 0.801193
9 81 0.580420
9 82 0.607509
9 83 0.177033
9 84 0.399050
9 85 0.642500
9 86 0.744086
9 87 0.130841
9 88 0.630996
9 89 0.757261
9 90 0.763419
9 91 0.234609
9 92 0.562077
9 93 0.594724
9 94 0.376590
9 95 0.390566
9 96 0.620000
9 97 0.518341
9 98 0.314394
9 99 0.763810
10 11 0.771242
10 12 0.757310
10 13 0.896552
10 14 0.963255
10 15 0.484716
10 16 0.691756
10 17 0.374603
10 18 0.861502
10 19 0.284848
10 20 0.873874
10 21 0.906412
10 22 0.936759
10 23 0.878109
10 24 0.505519
10 25 0.890130
10 26 0.903162
10 27 0.350775
10 28 0.304264
10 29 0.668663
10 30 0.584493
10 31 0.850932
10 32 0.855019
10 33 0.123412
10 34 0.902736
10 35 0.333333
10 36 0.865140
10 37 0.373002
10 38 0.819320
10 39 0.472492
10 40 0.273279
10 41 0.505828
10 42 0.559406
10 43 0.815104
10 44 0.597964
10 45 0.668412
10 46 0.654580
10 47 0.843931
10 48 0.753117
10 49 0.617647
10 50 0.906694
10 51 0.921225
10 52 0.827493
10 53 0.615054
10 54 0.238771
10 55 0.373874
10 56 0.558659
10 57 0.804788
10 58 0.498845
10 59 0.504367
10 60 0.372180
10 61 0.357513
10 62 0.069159
10 63 0.362468
10 64 0.730612
10 65 0.240991
10 66 0.402390
10 67 0.650924
10 68 0.573832
10 69 0.896980
10 70 0.660679
10 71 0.875635
10 72 0.916805
10 73 0.838323
10 74 0.696907
10 75 0.839286
10 76 0.142602
10 77 0.682216
10 78 0.405172
10 79 0.161049
10 80 0.880716
10 81 0.800699
10 82 0.496587
10 83 0.356459
10 84 0.679335
10 85 0.870000
10 86 0.896774
10 87 0.366822
10 88 0.555351
10 89 0.898340
10 90 0.904573
10 91 0.111481
10 92 0.537246
10 93 0.832134
10 94 0.659033
10 95 0.645283
10 96 0.844000
10 97 0.733652
10 98 0.564394
10 99 0.914286
11 12 0.555556
11 13 0.328912
11 14 0.349081
11 15 0.626638
11 16 0.387097
11 17 0.447619
11 18 0.523474
11 19 0.466667
11 20 0.511261
11 21 0.596187
11 22 0.484190
11 23 0.305970
11 24 0.247241
11 25 0.601490
11 26 0.456522
11 27 0.560078
11 28 0.554264
11 29 0.632735
11 30 0.606362
11 31 0.335404
11 32 0.459108
11 33 0.421053
11 34 0.212766
11 35 0.543956
11 36 0.437659
11 37 0.557726
11 38 0.436494
11 39 0.606796
11 40 0.495951
11 41 0.200466
11 42 0.415842
11 43 0.244792
11 44 0.058524
11 45 0.343805
11 46 0.591603
11 47 0.389210
11 48 0.177057
11 49 0.443627
11 50 0.498986
11 51 0.435449
11 52 0.256065
11 53 0.520430
11 54 0.354610
11 55 0.441441
11 56 0.108939
11 57 0.372007
11 58 0.205543
11 59 0.257642
11 60 0.533835
11 61 0.352332
11 62 0.426168
11 63 0.359897
11 64 0.259184
11 65 0.292793
11 66 0.312749
11 67 0.558522
11 68 0.338318
11 69 0.612789
11 70 0.572854
11 71 0.408629
11 72 0.595674
11 73 0.369261
11 74 0.232990
11 75 0.417857
11 76 0.383244
11 77 0.113703
11 78 0.574138
11 79 0.350187
11 80 0.588469
11 81 0.393357
11 82 0.590444
11 83 0.208134
11 84 0.121140
11 85 0.322500
11 86 0.481720
11 87 0.189252
11 88 0.573801
11 89 0.506224
11 90 0.516899
11 91 0.437604
11 92 0.469526
11 93 0.287770
11 94 0.058524
11 95 0.292453
11 96 0.372000
11 97 0.405104
11 98 0.335227
11 99 0.521905
12 13 0.464191
12 14 0.737533
12 15 0.303493
12 16 0.344086
12 17 0.476190
12 18 0.276995
12 19 0.527273
12 20 0.326577
12 21 0.480069
12 22 0.592885
12 23 0.703980
12 24 0.640177
12 25 0.417132
12 26 0.752964
12 27 0.335271
12 28 0.364341
12 29 0.253493
12 30 0.240557
12 31 0.313665
12 32 0.769517
12 33 0.546279
12 34 0.550152
12 35 0.333333
12 36 0.302799
12 37 0.325044
12 38 0.733453
12 39 0.344660
12 40 0.327935
12 41 0.610723
12 42 0.084158
12 43 0.447917
12 44 0.536896
12 45 0.666667
12 46 0.229008
12 47 0.585742
12 48 0.483791
12 49 0.022059
12 50 0.466531
12 51 0.527352
12 52 0.428571
12 53 0.111828
12 54 0.394799
12 55 0.222973
12 56 0.469274
12 57 0.607735
12 58 0.612009
12 59 0.646288
12 60 0.289474
12 61 0.336788
12 62 0.519626
12 63 0.316195
12 64 0.579592
12 65 0.468468
12 66 0.631474
12 67 0.170431
12 68 0.689720
12 69 0.445826
12 70 0.195609
12 71 0.350254
12 72 0.520799
12 73 0.572854
12 74 0.587629
12 75 0.617857
12 76 0.529412
12 77 0.437318
12 78 0.329310
12 79 0.514981
12 80 0.375746
12 81 0.629371
12 82 0.298635
12 83 0.418660
12 84 0.529691
12 85 0.465000
12 86 0.423656
12 87 0.464953
12 88 0.234317
12 89 0.425311
12 90 0.455268
12 91 0.532446
12 92 0.083521
12 93 0.489209
12 94 0.508906
12 95 0.645283
12 96 0.572000
12 97 0.677831
12 98 0.689394
12 99 0.500952
13 14 0.317585
13 15 0.676856
13 16 0.559140
13 17 0.711111
13 18 0.316901
13 19 0.742424
13 20 0.281532
13 21 0.386482
13 22 0.274704
13 23 0.328358
13 24 0.505519
13 25 0.394786
13 26 0.418972
13 27 0.643411
13 28 0.655039
13 29 0.572854
13 30 0.584493
13 31 0.245342
13 32 0.470260
13 33 0.631579
13 34 0.167173
13 35 0.624542
13 36 0.206107
13 37 0.621670
13 38 0.445438
13 39 0.627832
13 40 0.613360
13 41 0.480186
13 42 0.435644
13 43 0.078125
13 44 0.361323
13 45 0.431065
13 46 0.519084
13 47 0.248555
13 48 0.152120
13 49 0.416667
13 50 0.247465
13 51 0.179431
13 52 0.083558
13 53 0.470968
13 54 0.565012
13 55 0.536036
13 56 0.405028
13 57 0.289134
13 58 0.482679
13 59 0.510917
13 60 0.597744
13 61 0.541451
13 62 0.633645
13 63 0.537275
13 64 0.267347
13 65 0.542793
13 66 0.555777
13 67 0.486653
13 68 0.515888
13 69 0.408526
13 70 0.497006
13 71 0.144670
13 72 0.387687
13 73 0.223553
13 74 0.296907
13 75 0.303571
13 76 0.595365
13 77 0.309038
13 78 0.622414
13 79 0.573034
13 80 0.379722
13 81 0.326923
13 82 0.597270
13 83 0.461722
13 84 0.256532
13 85 0.027500
13 86 0.219355
13 87 0.462617
13 88 0.551661
13 89 0.253112
13 90 0.270378
13 91 0.627288
13 92 0.471783
13 93 0.076739
13 94 0.282443
13 95 0.409434
13 96 0.222000
13 97 0.425837
13 98 0.520833
13 99 0.285714
14 15 0.879913
14 16 0.813620
14 17 0.869841
14 18 0.600939
14 19 0.869697
14 20 0.549550
14 21 0.545927
14 22 0.300395
14 23 0.052239
14 24 0.397351
14 25 0.599628
14 26 0.199605
14 27 0.802326
14 28 0.802326
14 29 0.804391
14 30 0.801193
14 31 0.555901
14 32 0.247212
14 33 0.640653
14 34 0.303951
14 35 0.772894
14 36 0.513995
14 37 0.776199
14 38 0.230769
14 39 0.789644
14 40 0.757085
14 41 0.396270
14 42 0.673267
14 43 0.286458
14 44 0.335878
14 45 0.230366
14 46 0.742366
14 47 0.165703
14 48 0.216958
14 49 0.674020
14 50 0.423935
14 51 0.299781
14 52 0.334232
14 53 0.709677
14 54 0.669031
14 55 0.716216
14 56 0.480447
14 57 0.128913
14 58 0.399538
14 59 0.399563
14 60 0.761278
14 61 0.689119
14 62 0.663551
14 63 0.694087
14 64 0.032653
14 65 0.585586
14 66 0.468127
14 67 0.724846
14 68 0.353271
14 69 0.593250
14 70 0.730539
14 71 0.454315
14 72 0.517471
14 73 0.147705
14 74 0.088660
14 75 0.187500
14 76 0.595365
14 77 0.443149
14 78 0.781034
14 79 0.576779
14 80 0.608350
14 81 0.159091
14 82 0.774744
14 83 0.526316
14 84 0.192399
14 85 0.285000
14 86 0.438710
14 87 0.490654
14 88 0.754613
14 89 0.462656
14 90 0.453280
14 91 0.642263
14 92 0.699774
14 93 0.215827
14 94 0.279898
14 95 0.211321
14 96 0.154000
14 97 0.232855
14 98 0.363636
14 99 0.424762
15 16 0.641577
15 17 0.546032
15 18 0.584507
15 19 0.554545
15 20 0.628378
15 21 0.696707
15 22 0.869565
15 23 0.997512
15 24 0.792494
15 25 0.633147
15 26 0.998024
15 27 0.100775
15 28 0.151163
15 29 0.253493
15 30 0.161034
15 31 0.717391
15 32 0.986989
15 33 0.517241
15 34 0.924012
15 35 0.106227
15 36 0.656489
15 37 0.081705
15 38 0.944544
15 39 0.144013
15 40 0.174089
15 41 0.778555
15 42 0.331683
15 43 0.786458
15 44 0.770992
15 45 0.842932
15 46 0.272901
15 47 0.845857
15 48 0.788030
15 49 0.345588
15 50 0.746450
15 51 0.831510
15 52 0.778976
15 53 0.255914
15 54 0.423168
15 55 0.209459
15 56 0.703911
15 57 0.847145
15 58 0.773672
15 59 0.794760
15 60 0.050752
15 61 0.422280
15 62 0.476636
15 63 0.401028
15 64 0.822449
15 65 0.529279
15 66 0.727092
15 67 0.277207
15 68 0.831776
15 69 0.651865
15 70 0.283433
15 71 0.705584
15 72 0.735441
15 73 0.840319
15 74 0.818557
15 75 0.855357
15 76 0.518717
15 77 0.743440
15 78 0.087931
15 79 0.524345
15 80 0.608350
15 81 0.853147
15 82 0.121160
15 83 0.550239
15 84 0.788599
15 85 0.802500
15 86 0.720430
15 87 0.598131
15 88 0.158672
15 89 0.709544
15 90 0.727634
15 91 0.482529
15 92 0.230248
15 93 0.805755
15 94 0.773537
15 95 0.830189
15 96 0.842000
15 97 0.859649
15 98 0.829545
15 99 0.761905
16 17 0.234921
16 18 0.420188
16 19 0.296970
16 20 0.443694
16 21 0.573657
16 22 0.583004
16 23 0.554726
16 24 0.432671
16 25 0.540037
16 26 0.648221
16 27 0.360465
16 28 0.364341
16 29 0.435130
16 30 0.397614
16 31 0.254658
16 32 0.654275
16 33 0.399274
16 34 0.398176
16 35 0.357143
16 36 0.374046
16 37 0.373002
16 38 0.624329
16 39 0.432039
16 40 0.303644
16 41 0.393939
16 42 0.163366
16 43 0.356771
16 44 0.320611
16 45 0.532286
16 46 0.408397
16 47 0.529865
16 48 0.354115
16 49 0.213235
16 50 0.517241
16 51 0.520788
16 52 0.342318
16 53 0.311828
16 54 0.215130
16 55 0.204955
16 56 0.215084
16 57 0.532228
16 58 0.394919
16 59 0.441048
16 60 0.334586
16 61 0.142487
16 62 0.379439
16 63 0.138817
16 64 0.459184
16 65 0.263514
16 66 0.440239
16 67 0.365503
16 68 0.519626
16 69 0.561279
16 70 0.387226
16 71 0.388325
16 72 0.595674
16 73 0.512974
16 74 0.447423
16 75 0.558929
16 76 0.377897
16 77 0.218659
16 78 0.391379
16 79 0.350187
16 80 0.510934
16 81 0.552448
16 82 0.406143
16 83 0.191388
16 84 0.363420
16 85 0.417500
16 86 0.481720
16 87 0.240654
16 88 0.380074
16 89 0.497925
16 90 0.520875
16 91 0.405990
16 92 0.234763
16 93 0.414868
16 94 0.318066
16 95 0.494340
16 96 0.514000
16 97 0.572568
16 98 0.515152
16 99 0.548571
17 18 0.586854
17 19 0.072727
17 20 0.608108
17 21 0.701906
17 22 0.715415
17 23 0.656716
17 24 0.415011
17 25 0.674115
17 26 0.735178
17 27 0.306202
17 28 0.288760
17 29 0.502994
17 30 0.439364
17 31 0.484472
17 32 0.719331
17 33 0.274047
17 34 0.577508
17 35 0.302198
17 36 0.564885
17 37 0.332149
17 38 0.686941
17 39 0.420712
17 40 0.220648
17 41 0.384615
17 42 0.287129
17 43 0.523438
17 44 0.379135
17 45 0.565445
17 46 0.484733
17 47 0.643545
17 48 0.491272
17 49 0.348039
17 50 0.667343
17 51 0.671772
17 52 0.520216
17 53 0.404301
17 54 0.040189
17 55 0.186937
17 56 0.284916
17 57 0.627993
17 58 0.383372
17 59 0.421397
17 60 0.300752
17 61 0.051813
17 62 0.242991
17 63 0.066838
17 64 0.546939
17 65 0.146396
17 66 0.384462
17 67 0.453799
17 68 0.514019
17 69 0.689165
17 70 0.473054
17 71 0.576142
17 72 0.718802
17 73 0.630739
17 74 0.523711
17 75 0.660714
17 76 0.260250
17 77 0.367347
17 78 0.360345
17 79 0.234082
17 80 0.652087
17 81 0.638112
17 82 0.412969
17 83 0.148325
17 84 0.458432
17 85 0.585000
17 86 0.640860
17 87 0.200935
17 88 0.420664
17 89 0.651452
17 90 0.667992
17 91 0.286190
17 92 0.316027
17 93 0.568345
17 94 0.414758
17 95 0.530189
17 96 0.634000
17 97 0.623604
17 98 0.505682
17 99 0.689524
18 19 0.833333
18 20 0.067568
18 21 0.275563
18 22 0.424901
18 23 0.666667
18 24 0.741722
18 25 0.206704
18 26 0.675889
18 27 0.560078
18 28 0.591085
18 29 0.355289
18 30 0.399602
18 31 0.363354
18 32 0.717472
18 33 0.724138
18 34 0.534954
18 35 0.543956
18 36 0.139949
18 37 0.523979
18 38 0.683363
18 39 0.495146
18 40 0.566802
18 41 0.720280
18 42 0.356436
18 43 0.398438
18 44 0.625954
18 45 0.664921
18 46 0.301527
18 47 0.472062
18 48 0.466334
18 49 0.296569
18 50 0.249493
18 51 0.354486
18 52 0.385445
18 53 0.281720
18 54 0.633570
18 55 0.486486
18 56 0.622905
18 57 0.521179
18 58 0.722864
18 59 0.746725
18 60 0.501880
18 61 0.595855
18 62 0.712150
18 63 0.578406
18 64 0.542857
18 65 0.666667
18 66 0.750996
18 67 0.271047
18 68 0.745794
18 69 0.245115
18 70 0.275449
18 71 0.195431
18 72 0.324459
18 73 0.461078
18 74 0.573196
18 75 0.508929
18 76 0.696970
18 77 0.548105
18 78 0.513793
18 79 0.685393
18 80 0.155070
18 81 0.545455
18 82 0.450512
18 83 0.602871
18 84 0.551069
18 85 0.355000
18 86 0.200000
18 87 0.630841
18 88 0.376384
18 89 0.197095
18 90 0.234592
18 91 0.702163
18 92 0.343115
18 93 0.398082
18 94 0.562341
18 95 0.656604
18 96 0.458000
18 97 0.639553
18 98 0.750000
18 99 0.293333
19 20 0.662162
19 21 0.743501
19 22 0.756917
19 23 0.686567
19 24 0.408389
19 25 0.718808
19 26 0.758893
19 27 0.312016
19 28 0.288760
19 29 0.540918
19 30 0.473161
19 31 0.555901
19 32 0.734201
19 33 0.230490
19 34 0.632219
19 35 0.305861
19 36 0.625954
19 37 0.341030
19 38 0.701252
19 39 0.433657
19 40 0.222672
19 41 0.382284
19 42 0.346535
19 43 0.575521
19 44 0.404580
19 45 0.572426
19 46 0.522901
19 47 0.678227
19 48 0.536160
19 49 0.406863
19 50 0.713996
19 51 0.717724
19 52 0.576819
19 53 0.451613
19 54 0.016548
19 55 0.222973
19 56 0.321229
19 57 0.653775
19 58 0.381062
19 59 0.414847
19 60 0.313910
19 61 0.116580
19 62 0.198131
19 63 0.128535
19 64 0.571429
19 65 0.117117
19 66 0.364542
19 67 0.498973
19 68 0.508411
19 69 0.733570
19 70 0.514970
19 71 0.634518
19 72 0.758735
19 73 0.666667
19 74 0.544330
19 75 0.689286
19 76 0.219251
19 77 0.419825
19 78 0.370690
19 79 0.194757
19 80 0.699801
19 81 0.662587
19 82 0.433447
19 83 0.162679
19 84 0.486936
19 85 0.637500
19 86 0.692473
19 87 0.203271
19 88 0.452030
19 89 0.701245
19 90 0.715706
19 91 0.244592
19 92 0.363431
19 93 0.613909
19 94 0.450382
19 95 0.537736
19 96 0.670000
19 97 0.634769
19 98 0.500000
19 99 0.733333
20 21 0.233969
20 22 0.371542
20 23 0.639303
20 24 0.750552
20 25 0.178771
20 26 0.640316
20 27 0.614341
20 28 0.645349
20 29 0.413174
20 30 0.459245
20 31 0.391304
20 32 0.687732
20 33 0.756806
20 34 0.522796
20 35 0.597070
20 36 0.139949
20 37 0.577265
20 38 0.654741
20 39 0.543689
20 40 0.621457
20 41 0.731935
20 42 0.420792
20 43 0.385417
20 44 0.633588
20 45 0.649215
20 46 0.356870
20 47 0.429672
20 48 0.453865
20 49 0.362745
20 50 0.188641
20 51 0.301969
20 52 0.374663
20 53 0.346237
20 54 0.678487
20 55 0.545045
20 56 0.648045
20 57 0.484346
20 58 0.732102
20 59 0.753275
20 60 0.558271
20 61 0.647668
20 62 0.747664
20 63 0.632391
20 64 0.520408
20 65 0.700450
20 66 0.764940
20 67 0.332649
20 68 0.742056
20 69 0.214920
20 70 0.335329
20 71 0.175127
20 72 0.279534
20 73 0.421158
20 74 0.554639
20 75 0.469643
20 76 0.725490
20 77 0.565598
20 78 0.565517
20 79 0.713483
20 80 0.135189
20 81 0.510490
20 82 0.501706
20 83 0.636364
20 84 0.543943
20 85 0.325000
20 86 0.139785
20 87 0.656542
20 88 0.431734
20 89 0.134855
20 90 0.174950
20 91 0.733777
20 92 0.408578
20 93 0.369305
20 94 0.564885
20 95 0.645283
20 96 0.418000
20 97 0.615630
20 98 0.750000
20 99 0.234286
21 22 0.379447
21 23 0.830846
21 24 0.997792
21 25 0.124767
21 26 0.721344
21 27 0.862403
21 28 0.897287
21 29 0.608782
21 30 0.677932
21 31 0.791925
21 32 0.776952
21 33 0.998185
21 34 0.844985
21 35 0.831502
21 36 0.468193
21 37 0.795737
21 38 0.740608
21 39 0.721683
21 40 0.890688
21 41 0.997669
21 42 0.752475
21 43 0.658854
21 44 0.926209
21 45 0.781850
21 46 0.540076
21 47 0.499037
21 48 0.708229
21 49 0.688725
21 50 0.215010
21 51 0.391685
21 52 0.671159
21 53 0.606452
21 54 0.997636
21 55 0.846847
21 56 0.997207
21 57 0.561694
21 58 0.997691
21 59 0.997817
21 60 0.795113
21 61 0.997409
21 62 0.998131
21 63 0.979434
21 64 0.673469
21 65 0.997748
21 66 0.998008
21 67 0.556468
21 68 0.925234
21 69 0.085258
21 70 0.540918
21 71 0.472081
21 72 0.078203
21 73 0.508982
21 74 0.725773
21 75 0.510714
21 76 0.960784
21 77 0.927114
21 78 0.770690
21 79 0.958801
21 80 0.192843
21 81 0.571678
21 82 0.687713
21 83 0.947368
21 84 0.786223
21 85 0.552500
21 86 0.260215
21 87 0.955607
21 88 0.630996
21 89 0.209544
21 90 0.174950
21 91 0.956739
21 92 0.702032
21 93 0.577938
21 94 0.847328
21 95 0.803774
21 96 0.504000
21 97 0.696970
21 98 0.937500
21 99 0.184762
22 23 0.432836
22 24 0.719647
22 25 0.417132
22 26 0.345850
22 27 0.905039
22 28 0.920543
22 29 0.784431
22 30 0.815109
22 31 0.670807
22 32 0.423792
22 33 0.865699
22 34 0.537994
22 35 0.871795
22 36 0.465649
22 37 0.856128
22 38 0.400716
22 39 0.826861
22 40 0.892713
22 41 0.722611
22 42 0.764851
22 43 0.419271
22 44 0.648855
22 45 0.476440
22 46 0.713740
22 47 0.140655
22 48 0.433915
22 49 0.730392
22 50 0.210953
22 51 0.129103
22 52 0.452830
22 53 0.720430
22 54 0.891253
22 55 0.844595
22 56 0.768156
22 57 0.215470
22 58 0.722864
22 59 0.718341
22 60 0.847744
22 61 0.901554
22 62 0.880374
22 63 0.894602
22 64 0.344898
22 65 0.837838
22 66 0.758964
22 67 0.708419
22 68 0.639252
22 69 0.401421
22 70 0.704591
22 71 0.411168
22 72 0.286190
22 73 0.155689
22 74 0.404124
22 75 0.167857
22 76 0.819964
22 77 0.699708
22 78 0.846552
22 79 0.810861
22 80 0.447316
22 81 0.239510
22 82 0.803754
22 83 0.777512
22 84 0.489311
22 85 0.320000
22 86 0.266667
22 87 0.759346
22 88 0.763838
22 89 0.275934
22 90 0.240557
22 91 0.845258
22 92 0.760722
22 93 0.304556
22 94 0.572519
22 95 0.494340
22 96 0.150000
22 97 0.395534
22 98 0.653409
22 99 0.182857
23 24 0.350993
23 25 0.629423
23 26 0.211462
23 27 0.792636
23 28 0.788760
23 29 0.812375
23 30 0.805169
23 31 0.568323
23 32 0.241636
23 33 0.609800
23 34 0.310030
23 35 0.763736
23 36 0.541985
23 37 0.769094
23 38 0.227191
23 39 0.788026
23 40 0.744939
23 41 0.351981
23 42 0.673267
23 43 0.304688
23 44 0.300254
23 45 0.202443
23 46 0.753817
23 47 0.206166
23 48 0.221945
23 49 0.676471
23 50 0.462475
23 51 0.343545
23 52 0.350404
23 53 0.718280
23 54 0.645390
23 55 0.707207
23 56 0.452514
23 57 0.160221
23 58 0.353349
23 59 0.353712
23 60 0.753759
23 61 0.668394
23 62 0.635514
23 63 0.673522
23 64 0.010204
23 65 0.554054
23 66 0.428287
23 67 0.735113
23 68 0.312150
23 69 0.625222
23 70 0.742515
23 71 0.482234
23 72 0.550749
23 73 0.191617
23 74 0.045361
23 75 0.221429
23 76 0.565062
23 77 0.428571
23 78 0.775862
23 79 0.544944
23 80 0.638171
23 81 0.183566
23 82 0.774744
23 83 0.497608
23 84 0.168646
23 85 0.317500
23 86 0.473118
23 87 0.457944
23 88 0.758303
23 89 0.497925
23 90 0.489066
23 91 0.613977
23 92 0.702032
23 93 0.244604
23 94 0.256997
23 95 0.173585
23 96 0.198000
23 97 0.224880
23 98 0.321970
23 99 0.462857
24 25 0.810056
24 26 0.486166
24 27 0.670543
24 28 0.647287
24 29 0.828343
24 30 0.785288
24 31 0.683230
24 32 0.442379
24 33 0.348457
24 34 0.525836
24 35 0.644689
24 36 0.725191
24 37 0.666075
24 38 0.423971
24 39 0.723301
24 40 0.599190
24 41 0.065268
24 42 0.650990
24 43 0.518229
24 44 0.229008
24 45 0.268761
24 46 0.782443
24 47 0.510597
24 48 0.418953
24 49 0.688725
24 50 0.709939
24 51 0.638950
24 52 0.547170
24 53 0.733333
24 54 0.439716
24 55 0.599099
24 56 0.340782
24 57 0.451197
24 58 0.057737
24 59 0.013100
24 60 0.654135
24 61 0.505181
24 62 0.381308
24 63 0.521851
24 64 0.336735
24 65 0.304054
24 66 0.109562
24 67 0.765914
24 68 0.160748
24 69 0.809947
24 70 0.776447
24 71 0.690355
24 72 0.767055
24 73 0.502994
24 74 0.284536
24 75 0.507143
24 76 0.304813
24 77 0.434402
24 78 0.686207
24 79 0.279026
24 80 0.811133
24 81 0.451049
24 82 0.726962
24 83 0.306220
24 84 0.292162
24 85 0.577500
24 86 0.711828
24 87 0.238318
24 88 0.741697
24 89 0.728216
24 90 0.725646
24 91 0.374376
24 92 0.679458
24 93 0.515588
24 94 0.300254
24 95 0.218868
24 96 0.508000
24 97 0.374801
24 98 0.149621
24 99 0.712381
25 26 0.764822
25 27 0.748062
25 28 0.784884
25 29 0.477046
25 30 0.548708
25 31 0.692547
25 32 0.812268
25 33 0.927405
25 34 0.802432
25 35 0.721612
25 36 0.386768
25 37 0.687389
25 38 0.774597
25 39 0.614887
25 40 0.779352
25 41 0.953380
25 42 0.628713
25 43 0.622396
25 44 0.877863
25 45 0.792321
25 46 0.414122
25 47 0.539499
25 48 0.680798
25 49 0.561275
25 50 0.247465
25 51 0.422319
25 52 0.625337
25 53 0.475269
25 54 0.895981
25 55 0.727477
25 56 0.918994
25 57 0.598527
25 58 0.953811
25 59 0.962882
25 60 0.682331
25 61 0.883420
25 62 0.919626
25 63 0.866324
25 64 0.683673
25 65 0.914414
25 66 0.956175
25 67 0.425051
25 68 0.912150
25 69 0.047957
25 70 0.409182
25 71 0.411168
25 72 0.189684
25 73 0.542914
25 74 0.727835
25 75 0.560714
25 76 0.894831
25 77 0.848397
25 78 0.662069
25 79 0.893258
25 80 0.069583
25 81 0.613636
25 82 0.575085
25 83 0.866029
25 84 0.760095
25 85 0.535000
25 86 0.253763
25 87 0.883178
25 88 0.509225
25 89 0.205394
25 90 0.204771
25 91 0.888519
25 92 0.573363
25 93 0.568345
25 94 0.804071
25 95 0.805660
25 96 0.540000
25 97 0.725678
25 98 0.922348
25 99 0.247619
26 27 0.998062
26 28 0.998062
26 29 0.998004
26 30 0.998012
26 31 0.866460
26 32 0.098513
26 33 0.789474
26 34 0.610942
26 35 0.959707
26 36 0.743003
26 37 0.957371
26 38 0.087657
26 39 0.953074
26 40 0.961538
26 41 0.573427
26 42 0.923267
26 43 0.541667
26 44 0.569975
26 45 0.216405
26 46 0.925573
26 47 0.206166
26 48 0.471322
26 49 0.919118
26 50 0.539554
26 51 0.422319
26 52 0.598383
26 53 0.922581
26 54 0.898345
26 55 0.945946
26 56 0.754190
26 57 0.112339
26 58 0.572748
26 59 0.539301
26 60 0.953008
26 61 0.948187
26 62 0.824299
26 63 0.951157
26 64 0.212245
26 65 0.790541
26 66 0.593625
26 67 0.921971
26 68 0.407477
26 69 0.699822
26 70 0.922156
26 71 0.677665
26 72 0.577371
26 73 0.227545
26 74 0.245361
26 75 0.146429
26 76 0.739750
26 77 0.737609
26 78 0.955172
26 79 0.730337
26 80 0.753479
26 81 0.066434
26 82 0.947099
26 83 0.753589
26 84 0.425178
26 85 0.507500
26 86 0.584946
26 87 0.703271
26 88 0.937269
26 89 0.597510
26 90 0.566600
26 91 0.778702
26 92 0.927765
26 93 0.431655
26 94 0.529262
26 95 0.260377
26 96 0.234000
26 97 0.116427
26 98 0.426136
26 99 0.510476
27 28 0.050388
27 29 0.359281
27 30 0.264414
27 31 0.782609
27 32 0.998141
27 33 0.448276
27 34 0.963526
27 35 0.016484
27 36 0.740458
27 37 0.053286
27 38 0.953488
27 39 0.181230
27 40 0.103239
27 41 0.752914
27 42 0.391089
27 43 0.830729
27 44 0.768448
27 45 0.839442
27 46 0.372137
27 47 0.882466
27 48 0.817955
27 49 0.424020
27 50 0.817444
27 51 0.892779
27 52 0.830189
27 53 0.352688
27 54 0.378251
27 55 0.213964
27 56 0.701117
27 57 0.874770
27 58 0.748268
27 59 0.766376
27 60 0.045113
27 61 0.401554
27 62 0.403738
27 63 0.383033
27 64 0.838776
27 65 0.481982
27 66 0.685259
27 67 0.377823
27 68 0.809346
27 69 0.733570
27 70 0.385230
27 71 0.781726
27 72 0.805324
27 73 0.878244
27 74 0.828866
27 75 0.889286
27 76 0.454545
27 77 0.763848
27 78 0.094828
27 79 0.464419
27 80 0.697813
27 81 0.877622
27 82 0.191126
27 83 0.526316
27 84 0.802850
27 85 0.857500
27 86 0.795699
27 87 0.570093
27 88 0.254613
27 89 0.784232
27 90 0.801193
27 91 0.410982
27 92 0.306998
27 93 0.851319
27 94 0.786260
27 95 0.824528
27 96 0.880000
27 97 0.866029
27 98 0.804924
27 99 0.830476
28 29 0.411178
28 30 0.316103
28 31 0.804348
28 32 0.990706
28 33 0.406534
28 34 0.972644
28 35 0.045788
28 36 0.770992
28 37 0.094139
28 38 0.948122
28 39 0.218447
28 40 0.080972
28 41 0.729604
28 42 0.418317
28 43 0.843750
28 44 0.755725
28 45 0.827225
28 46 0.419847
28 47 0.892100
28 48 0.822943
28 49 0.455882
28 50 0.843813
28 51 0.910284
28 52 0.843666
28 53 0.397849
28 54 0.349882
28 55 0.225225
28 56 0.689944
28 57 0.878453
28 58 0.725173
28 59 0.740175
28 60 0.093985
28 61 0.388601
28 62 0.360748
28 63 0.372751
28 64 0.836735
28 65 0.450450
28 66 0.655378
28 67 0.425051
28 68 0.786916
28 69 0.769094
28 70 0.431138
28 71 0.809645
28 72 0.833611
28 73 0.886228
28 74 0.822680
28 75 0.896429
28 76 0.415330
28 77 0.760933
28 78 0.134483
28 79 0.426966
28 80 0.735586
28 81 0.881119
28 82 0.235495
28 83 0.504785
28 84 0.798100
28 85 0.875000
28 86 0.823656
28 87 0.546729
28 88 0.302583
28 89 0.815353
28 90 0.829026
28 91 0.371048
28 92 0.343115
28 93 0.863309
28 94 0.781170
28 95 0.813208
28 96 0.890000
28 97 0.859649
28 98 0.782197
28 99 0.855238
29 30 0.091451
29 31 0.698758
29 32 0.996283
29 33 0.711434
29 34 0.927052
29 35 0.340659
29 36 0.541985
29 37 0.298401
29 38 0.953488
29 39 0.229773
29 40 0.412955
29 41 0.902098
29 42 0.376238
29 43 0.760417
29 44 0.862595
29 45 0.888307
29 46 0.041985
29 47 0.795761
29 48 0.793017
29 49 0.333333
29 50 0.610548
29 51 0.737418
29 52 0.752022
29 53 0.161290
29 54 0.626478
29 55 0.389640
29 56 0.821229
29 57 0.819521
29 58 0.900693
29 59 0.919214
29 60 0.291353
29 61 0.608808
29 62 0.678505
29 63 0.583548
29 64 0.832653
29 65 0.711712
29 66 0.870518
29 67 0.102669
29 68 0.927103
29 69 0.468917
29 70 0.077844
29 71 0.604061
29 72 0.582363
29 73 0.792415
29 74 0.845361
29 75 0.810714
29 76 0.698752
29 77 0.810496
29 78 0.270690
29 79 0.702247
29 80 0.413519
29 81 0.830420
29 82 0.170648
29 83 0.700957
29 84 0.831354
29 85 0.745000
29 86 0.584946
29 87 0.745327
29 88 0.079336
29 89 0.562241
29 90 0.582505
29 91 0.668885
29 92 0.259594
29 93 0.764988
29 94 0.834606
29 95 0.884906
29 96 0.792000
29 97 0.874003
29 98 0.928030
29 99 0.626667
30 31 0.692547
30 32 0.994424
30 33 0.642468
30 34 0.920973
30 35 0.254579
30 36 0.577608
30 37 0.216696
30 38 0.951699
30 39 0.169903
30 40 0.325911
30 41 0.857809
30 42 0.336634
30 43 0.765625
30 44 0.826972
30 45 0.872600
30 46 0.122137
30 47 0.815029
30 48 0.788030
30 49 0.313725
30 50 0.659229
30 51 0.770241
30 52 0.754717
30 53 0.161290
30 54 0.550827
30 55 0.313063
30 56 0.773743
30 57 0.830571
30 58 0.854503
30 59 0.873362
30 60 0.204887
30 61 0.533679
30 62 0.607477
30 63 0.508997
30 64 0.828571
30 65 0.644144
30 66 0.818725
30 67 0.143737
30 68 0.893458
30 69 0.536412
30 70 0.139721
30 71 0.634518
30 72 0.640599
30 73 0.810379
30 74 0.835052
30 75 0.828571
30 76 0.634581
30 77 0.778426
30 78 0.193103
30 79 0.638577
30 80 0.485089
30 81 0.839161
30 82 0.105802
30 83 0.643541
30 84 0.814727
30 85 0.762500
30 86 0.632258
30 87 0.689252
30 88 0.012915
30 89 0.614108
30 90 0.634195
30 91 0.602329
30 92 0.216704
30 93 0.776978
30 94 0.809160
30 95 0.866038
30 96 0.810000
30 97 0.870813
30 98 0.893939
30 99 0.676190
31 32 0.579926
31 33 0.535390
31 34 0.243161
31 35 0.478022
31 36 0.180662
31 37 0.479574
31 38 0.552773
31 39 0.504854
31 40 0.453441
31 41 0.449883
31 42 0.240099
31 43 0.184896
31 44 0.333333
31 45 0.499127
31 46 0.406489
31 47 0.398844
31 48 0.231920
31 49 0.232843
31 50 0.350913
31 51 0.345733
31 52 0.156334
31 53 0.324731
31 54 0.406619
31 55 0.358108
31 56 0.296089
31 57 0.423573
31 58 0.452656
31 59 0.493450
31 60 0.449248
31 61 0.357513
31 62 0.523364
31 63 0.349614
31 64 0.373469
31 65 0.421171
31 66 0.517928
31 67 0.359343
31 68 0.538318
31 69 0.438721
31 70 0.379242
31 71 0.180203
31 72 0.462562
31 73 0.377246
31 74 0.383505
31 75 0.442857
31 76 0.504456
31 77 0.206997
31 78 0.486207
31 79 0.481273
31 80 0.381710
31 81 0.452797
31 82 0.470990
31 83 0.337321
31 84 0.304038
31 85 0.227500
31 86 0.307527
31 87 0.362150
31 88 0.422509
31 89 0.331950
31 90 0.359841
31 91 0.534110
31 92 0.297968
31 93 0.249400
31 94 0.279898
31 95 0.467925
31 96 0.378000
31 97 0.516746
31 98 0.539773
31 99 0.392381
32 33 0.780399
32 34 0.705167
32 35 0.998168
32 36 0.849873
32 37 0.998224
32 38 0.007156
32 39 0.998382
32 40 0.997976
32 41 0.568765
32 42 0.997525
32 43 0.635417
32 44 0.603053
32 45 0.160558
32 46 0.998092
32 47 0.306358
32 48 0.546135
32 49 0.997549
32 50 0.643002
32 51 0.533917
32 52 0.692722
32 53 0.997849
32 54 0.929078
32 55 0.997748
32 56 0.798883
32 57 0.208103
32 58 0.565820
32 59 0.517467
32 60 0.998120
32 61 0.992228
32 62 0.824299
32 63 0.997429
32 64 0.263265
32 65 0.804054
32 66 0.567729
32 67 0.997947
32 68 0.358879
32 69 0.792185
32 70 0.998004
32 71 0.784264
32 72 0.667221
32 73 0.327345
32 74 0.276289
32 75 0.242857
32 76 0.730838
32 77 0.804665
32 78 0.998276
32 79 0.724719
32 80 0.848907
32 81 0.159091
32 82 0.998294
32 83 0.779904
32 84 0.472684
32 85 0.610000
32 86 0.690323
32 87 0.721963
32 88 0.998155
32 89 0.701245
32 90 0.667992
32 91 0.770383
32 92 0.997743
32 93 0.529976
32 94 0.577608
32 95 0.230189
32 96 0.334000
32 97 0.030303
32 98 0.378788
32 99 0.611429
33 34 0.911854
33 35 0.456044
33 36 0.928753
33 37 0.492007
33 38 0.767442
33 39 0.580906
33 40 0.404858
33 41 0.440559
33 42 0.660891
33 43 0.833333
33 44 0.569975
33 45 0.603839
33 46 0.757634
33 47 0.830443
33 48 0.753117
33 49 0.720588
33 50 0.943205
33 51 0.936543
33 52 0.851752
33 53 0.722581
33 54 0.316785
33 55 0.493243
33 56 0.567039
33 57 0.779006
33 58 0.431871
33 59 0.421397
33 60 0.494361
33 61 0.445596
33 62 0.057944
33 63 0.457584
33 64 0.697959
33 65 0.243243
33 66 0.306773
33 67 0.755647
33 68 0.487850
33 69 0.953819
33 70 0.764471
33 71 0.928934
33 72 0.953411
33 73 0.828343
33 74 0.655670
33 75 0.819643
33 76 0.035651
33 77 0.702624
33 78 0.520690
33 79 0.084270
33 80 0.950298
33 81 0.770979
33 82 0.607509
33 83 0.370813
33 84 0.655582
33 85 0.890000
33 86 0.939785
33 87 0.352804
33 88 0.664207
33 89 0.941909
33 90 0.944334
33 91 0.054908
33 92 0.647856
33 93 0.839329
33 94 0.643766
33 95 0.583019
33 96 0.834000
33 97 0.681021
33 98 0.475379
33 99 0.944762
34 35 0.597070
34 36 0.307888
34 37 0.602131
34 38 0.407871
34 39 0.627832
34 40 0.568826
34 41 0.349650
34 42 0.425743
34 43 0.065104
34 44 0.221374
34 45 0.364747
34 46 0.559160
34 47 0.279383
34 48 0.032419
34 49 0.426471
34 50 0.359026
34 51 0.280088
34 52 0.088949
34 53 0.496774
34 54 0.479905
34 55 0.500000
34 56 0.273743
34 57 0.289134
34 58 0.355658
34 59 0.390830
34 60 0.577068
34 61 0.461140
34 62 0.549533
34 63 0.462725
34 64 0.210204
34 65 0.439189
34 66 0.444223
34 67 0.525667
34 68 0.418692
34 69 0.502664
34 70 0.536926
34 71 0.261421
34 72 0.480865
34 73 0.251497
34 74 0.218557
34 75 0.325000
34 76 0.506239
34 77 0.186589
34 78 0.610345
34 79 0.481273
34 80 0.477137
34 81 0.323427
34 82 0.604096
34 83 0.354067
34 84 0.133017
34 85 0.147500
34 86 0.337634
34 87 0.348131
34 88 0.570111
34 89 0.367220
34 90 0.381710
34 91 0.550749
34 92 0.474041
34 93 0.119904
34 94 0.139949
34 95 0.326415
34 96 0.254000
34 97 0.387560
34 98 0.422348
34 99 0.388571
35 36 0.763359
35 37 0.049734
35 38 0.967800
35 39 0.177994
35 40 0.113360
35 41 0.766900
35 42 0.413366
35 43 0.854167
35 44 0.788804
35 45 0.851658
35 46 0.383588
35 47 0.899807
35 48 0.840399
35 49 0.446078
35 50 0.835700
35 51 0.912473
35 52 0.851752
35 53 0.372043
35 54 0.392435
35 55 0.234234
35 56 0.723464
35 57 0.891344
35 58 0.762125
35 59 0.779476
35 60 0.058271
35 61 0.422280
35 62 0.405607
35 63 0.403599
35 64 0.857143
35 65 0.493243
35 66 0.695219
35 67 0.392197
35 68 0.820561
35 69 0.747780
35 70 0.399202
35 71 0.804569
35 72 0.820300
35 73 0.896208
35 74 0.845361
35 75 0.905357
35 76 0.458111
35 77 0.787172
35 78 0.091379
35 79 0.470037
35 80 0.713718
35 81 0.893357
35 82 0.194539
35 83 0.543062
35 84 0.821853
35 85 0.880000
35 86 0.815054
35 87 0.584112
35 88 0.263838
35 89 0.802905
35 90 0.817097
35 91 0.412646
35 92 0.327314
35 93 0.872902
35 94 0.806616
35 95 0.839623
35 96 0.898000
35 97 0.878788
35 98 0.816288
35 99 0.847619
36 37 0.538188
36 38 0.590340
36 39 0.529126
36 40 0.550607
36 41 0.603730
36 42 0.331683
36 43 0.255208
36 44 0.493639
36 45 0.568935
36 46 0.374046
36 47 0.385356
36 48 0.329177
36 49 0.289216
36 50 0.229209
36 51 0.273523
36 52 0.237197
36 53 0.326882
36 54 0.565012
36 55 0.463964
36 56 0.494413
36 57 0.430939
36 58 0.605081
36 59 0.633188
36 60 0.511278
36 61 0.523316
36 62 0.654206
36 63 0.511568
36 64 0.430612
36 65 0.581081
36 66 0.653386
36 67 0.336756
36 68 0.642991
36 69 0.310835
36 70 0.347305
36 71 0.060914
36 72 0.349418
36 73 0.367265
36 74 0.457732
36 75 0.430357
36 76 0.632799
36 77 0.405248
36 78 0.534483
36 79 0.614232
36 80 0.244533
36 81 0.461538
36 82 0.489761
36 83 0.509569
36 84 0.420428
36 85 0.222500
36 86 0.172043
36 87 0.530374
36 88 0.426199
36 89 0.192946
36 90 0.230616
36 91 0.650582
36 92 0.352144
36 93 0.270983
36 94 0.427481
36 95 0.552830
36 96 0.366000
36 97 0.555024
36 98 0.647727
36 99 0.278095
37 38 0.998211
37 39 0.132686
37 40 0.165992
37 41 0.820513
37 42 0.430693
37 43 0.882812
37 44 0.837150
37 45 0.886562
37 46 0.354962
37 47 0.921002
37 48 0.872818
37 49 0.453431
37 50 0.837728
37 51 0.925602
37 52 0.881402
37 53 0.356989
37 54 0.449173
37 55 0.268018
37 56 0.776536
37 57 0.913444
37 58 0.815242
37 59 0.829694
37 60 0.058271
37 61 0.474093
37 62 0.457944
37 63 0.452442
37 64 0.887755
37 65 0.549550
37 66 0.747012
37 67 0.371663
37 68 0.863551
37 69 0.735346
37 70 0.373253
37 71 0.814721
37 72 0.813644
37 73 0.916168
37 74 0.880412
37 75 0.925000
37 76 0.508021
37 77 0.830904
37 78 0.043103
37 79 0.520599
37 80 0.701789
37 81 0.916084
37 82 0.150171
37 83 0.593301
37 84 0.862233
37 85 0.902500
37 86 0.817204
37 87 0.637850
37 88 0.230627
37 89 0.804979
37 90 0.819085
37 91 0.459235
37 92 0.329571
37 93 0.896882
37 94 0.849873
37 95 0.877358
37 96 0.918000
37 97 0.905901
37 98 0.859848
37 99 0.849524
38 39 0.993528
38 40 0.991903
38 41 0.564103
38 42 0.987624
38 43 0.625000
38 44 0.595420
38 45 0.162304
38 46 0.990458
38 47 0.298651
38 48 0.538653
38 49 0.987745
38 50 0.634888
38 51 0.525164
38 52 0.681941
38 53 0.989247
38 54 0.921986
38 55 0.988739
38 56 0.790503
38 57 0.200737
38 58 0.561201
38 59 0.515284
38 60 0.990602
38 61 0.984456
38 62 0.820561
38 63 0.989717
38 64 0.255102
38 65 0.797297
38 66 0.565737
38 67 0.991786
38 68 0.358879
38 69 0.783304
38 70 0.990020
38 71 0.774112
38 72 0.660566
38 73 0.319361
38 74 0.270103
38 75 0.235714
38 76 0.727273
38 77 0.795918
38 78 0.993103
38 79 0.720974
38 80 0.840954
38 81 0.153846
38 82 0.991468
38 83 0.775120
38 84 0.463183
38 85 0.600000
38 86 0.681720
38 87 0.717290
38 88 0.992620
38 89 0.690871
38 90 0.660040
38 91 0.768719
38 92 0.988713
38 93 0.520384
38 94 0.569975
38 95 0.228302
38 96 0.326000
38 97 0.036683
38 98 0.378788
38 99 0.603810
39 40 0.327935
39 41 0.986014
39 42 0.534653
39 43 0.997396
39 44 0.997455
39 45 0.998255
39 46 0.311069
39 47 0.998073
39 48 0.997506
39 49 0.531863
39 50 0.872211
39 51 0.991247
39 52 0.997305
39 53 0.378495
39 54 0.626478
39 55 0.409910
39 56 0.952514
39 57 0.998158
39 58 0.979215
39 59 0.989083
39 60 0.187970
39 61 0.652850
39 62 0.611215
39 63 0.629820
39 64 0.997959
39 65 0.722973
39 66 0.900398
39 67 0.361396
39 68 0.998131
39 69 0.719361
39 70 0.349301
39 71 0.885787
39 72 0.815308
39 73 0.998004
39 74 0.997938
39 75 0.998214
39 76 0.654189
39 77 0.997085
39 78 0.098276
39 79 0.672285
39 80 0.693837
39 81 0.998252
39 82 0.073379
39 83 0.763158
39 84 0.997625
39 85 0.997500
39 86 0.855914
39 87 0.803738
39 88 0.191882
39 89 0.831950
39 90 0.842942
39 91 0.595674
39 92 0.404063
39 93 0.997602
39 94 0.997455
39 95 0.998113
39 96 0.998000
39 97 0.998405
39 98 0.998106
39 99 0.876190
40 41 0.638695
40 42 0.341584
40 43 0.744792
40 44 0.653944
40 45 0.757417
40 46 0.412214
40 47 0.818882
40 48 0.725686
40 49 0.389706
40 50 0.782961
40 51 0.835886
40 52 0.743935
40 53 0.365591
40 54 0.257683
40 55 0.148649
40 56 0.578212
40 57 0.806630
40 58 0.632794
40 59 0.655022
40 60 0.118421
40 61 0.284974
40 62 0.315888
40 63 0.269923
40 64 0.757143
40 65 0.367117
40 66 0.583665
40 67 0.402464
40 68 0.714019
40 69 0.731794
40 70 0.415170
40 71 0.725888
40 72 0.790349
40 73 0.812375
40 74 0.740206
40 75 0.826786
40 76 0.367201
40 77 0.647230
40 78 0.182759
40 79 0.368914
40 80 0.693837
40 81 0.812937
40 82 0.266212
40 83 0.409091
40 84 0.703088
40 85 0.785000
40 86 0.759140
40 87 0.455607
40 88 0.308118
40 89 0.755187
40 90 0.771372
40 91 0.337770
40 92 0.293454
40 93 0.774580
40 94 0.679389
40 95 0.737736
40 96 0.814000
40 97 0.794258
40 98 0.710227
40 99 0.798095
41 42 0.581683
41 43 0.455729
41 44 0.162850
41 45 0.289703
41 46 0.730916
41 47 0.487476
41 48 0.364090
41 49 0.620098
41 50 0.665314
41 51 0.597374
41 52 0.482480
41 53 0.675269
41 54 0.387707
41 55 0.542793
41 56 0.262570
41 57 0.438306
41 58 0.006928
41 59 0.074236
41 60 0.609023
41 61 0.440415
41 62 0.368224
41 63 0.457584
41 64 0.318367
41 65 0.263514
41 66 0.145418
41 67 0.708419
41 68 0.207477
41 69 0.765542
41 70 0.720559
41 71 0.626904
41 72 0.730449
41 73 0.477046
41 74 0.270103
41 75 0.491071
41 76 0.301248
41 77 0.355685
41 78 0.644828
41 79 0.269663
41 80 0.759443
41 81 0.442308
41 82 0.682594
41 83 0.248804
41 84 0.247031
41 85 0.522500
41 86 0.660215
41 87 0.184579
41 88 0.691882
41 89 0.678423
41 90 0.679920
41 91 0.369384
41 92 0.616253
41 93 0.465228
41 94 0.241730
41 95 0.235849
41 96 0.482000
41 97 0.387560
41 98 0.196970
41 99 0.672381
42 43 0.437500
42 44 0.478372
42 45 0.635253
42 46 0.282443
42 47 0.587669
42 48 0.458853
42 49 0.063725
42 50 0.501014
42 51 0.544858
42 52 0.417790
42 53 0.169892
42 54 0.314421
42 55 0.162162
42 56 0.396648
42 57 0.600368
42 58 0.549654
42 59 0.587336
42 60 0.266917
42 61 0.248705
42 62 0.457944
42 63 0.228792
42 64 0.557143
42 65 0.391892
42 66 0.571713
42 67 0.229979
42 68 0.642991
42 69 0.499112
42 70 0.255489
42 71 0.380711
42 72 0.562396
42 73 0.572854
42 74 0.556701
42 75 0.616071
42 76 0.468806
42 77 0.381924
42 78 0.318966
42 79 0.451311
42 80 0.435388
42 81 0.620629
42 82 0.310580
42 83 0.344498
42 84 0.491686
42 85 0.467500
42 86 0.460215
42 87 0.394860
42 88 0.263838
42 89 0.466805
42 90 0.495030
42 91 0.475874
42 92 0.088036
42 93 0.484412
42 94 0.460560
42 95 0.609434
42 96 0.572000
42 97 0.657097
42 98 0.640152
42 99 0.535238
43 44 0.282443
43 45 0.397906
43 46 0.532443
43 47 0.267823
43 48 0.084788
43 49 0.406863
43 50 0.310345
43 51 0.238512
43 52 0.035040
43 53 0.473118
43 54 0.508274
43 55 0.504505
43 56 0.326816
43 57 0.290976
43 58 0.413395
43 59 0.445415
43 60 0.577068
43 61 0.487047
43 62 0.583178
43 63 0.485861
43 64 0.236735
43 65 0.479730
43 66 0.494024
43 67 0.496920
43 68 0.465421
43 69 0.458259
43 70 0.508982
43 71 0.200508
43 72 0.439268
43 73 0.239521
43 74 0.255670
43 75 0.317857
43 76 0.543672
43 77 0.230321
43 78 0.606897
43 79 0.518727
43 80 0.429423
43 81 0.326923
43 82 0.592150
43 83 0.394737
43 84 0.192399
43 85 0.090000
43 86 0.281720
43 87 0.394860
43 88 0.551661
43 89 0.315353
43 90 0.332008
43 91 0.582363
43 92 0.460497
43 93 0.086331
43 94 0.203562
43 95 0.366038
43 96 0.240000
43 97 0.408293
43 98 0.469697
43 99 0.342857
44 45 0.312391
44 46 0.633588
44 47 0.398844
44 48 0.209476
44 49 0.497549
44 50 0.535497
44 51 0.466083
44 52 0.307278
44 53 0.567742
44 54 0.368794
44 55 0.475225
44 56 0.139665
44 57 0.372007
44 58 0.157044
44 59 0.209607
44 60 0.562030
44 61 0.380829
44 62 0.418692
44 63 0.393316
44 64 0.251020
44 65 0.288288
44 66 0.272908
44 67 0.603696
44 68 0.295327
44 69 0.650089
44 70 0.616766
44 71 0.461929
44 72 0.625624
44 73 0.379242
44 74 0.216495
44 75 0.421429
44 76 0.367201
44 77 0.180758
44 78 0.600000
44 79 0.335206
44 80 0.632207
44 81 0.388112
44 82 0.622867
44 83 0.215311
44 84 0.121140
44 85 0.365000
44 86 0.522581
44 87 0.182243
44 88 0.610701
44 89 0.545643
44 90 0.554672
44 91 0.425957
44 92 0.514673
44 93 0.318945
44 94 0.078880
44 95 0.258491
44 96 0.384000
44 97 0.384370
44 98 0.291667
44 99 0.554286
45 46 0.952290
45 47 0.385356
45 48 0.488778
45 49 0.916667
45 50 0.691684
45 51 0.586433
45 52 0.646900
45 53 0.933333
45 54 0.773050
45 55 0.880631
45 56 0.642458
45 57 0.292818
45 58 0.385681
45 59 0.334061
45 60 0.898496
45 61 0.841969
45 62 0.671028
45 63 0.850900
45 64 0.242857
45 65 0.639640
45 66 0.390438
45 67 0.946612
45 68 0.185047
45 69 0.829485
45 70 0.950100
45 71 0.774112
45 72 0.732113
45 73 0.393214
45 74 0.212371
45 75 0.348214
45 76 0.579323
45 77 0.679300
45 78 0.910345
45 79 0.569288
45 80 0.868787
45 81 0.267483
45 82 0.928328
45 83 0.626794
45 84 0.377672
45 85 0.605000
45 86 0.722581
45 87 0.563084
45 88 0.935424
45 89 0.736515
45 90 0.715706
45 91 0.628952
45 92 0.911964
45 93 0.522782
45 94 0.463104
45 95 0.081132
45 96 0.400000
45 97 0.133971
45 98 0.202652
45 99 0.674286
46 47 0.763006
46 48 0.763092
46 49 0.316176
46 50 0.567951
46 51 0.698031
46 52 0.714286
46 53 0.148387
46 54 0.633570
46 55 0.400901
46 56 0.807263
46 57 0.790055
46 58 0.889145
46 59 0.908297
46 60 0.319549
46 61 0.611399
46 62 0.691589
46 63 0.586118
46 64 0.806122
46 65 0.713964
46 66 0.866534
46 67 0.075975
46 68 0.914019
46 69 0.429840
46 70 0.045908
46 71 0.560914
46 72 0.545757
46 73 0.760479
46 74 0.822680
46 75 0.780357
46 76 0.707665
46 77 0.787172
46 78 0.305172
46 79 0.709738
46 80 0.369781
46 81 0.802448
46 82 0.206485
46 83 0.698565
46 84 0.807601
46 85 0.705000
46 86 0.541935
46 87 0.740654
46 88 0.114391
46 89 0.520747
46 90 0.540755
46 91 0.682196
46 92 0.257336
46 93 0.729017
46 94 0.811705
46 95 0.867925
46 96 0.758000
46 97 0.853270
46 98 0.918561
46 99 0.588571
47 48 0.341646
47 49 0.735294
47 50 0.322515
47 51 0.192560
47 52 0.404313
47 53 0.746237
47 54 0.820331
47 55 0.817568
47 56 0.664804
47 57 0.084715
47 58 0.591224
47 59 0.585153
47 60 0.838346
47 61 0.836788
47 62 0.803738
47 63 0.835476
47 64 0.206122
47 65 0.747748
47 66 0.639442
47 67 0.745380
47 68 0.508411
47 69 0.509769
47 70 0.746507
47 71 0.444162
47 72 0.405990
47 73 0.035928
47 74 0.265979
47 75 0.073214
47 76 0.737968
47 77 0.606414
47 78 0.844828
47 79 0.722846
47 80 0.544732
47 81 0.122378
47 82 0.819113
47 83 0.688995
47 84 0.368171
47 85 0.295000
47 86 0.359140
47 87 0.661215
47 88 0.789668
47 89 0.377593
47 90 0.353877
47 91 0.772047
47 92 0.765237
47 93 0.247002
47 94 0.455471
47 95 0.360377
47 96 0.036000
47 97 0.283892
47 98 0.520833
47 99 0.308571
48 49 0.458333
48 50 0.369168
48 51 0.282276
48 52 0.118598
48 53 0.524731
48 54 0.496454
48 55 0.524775
48 56 0.284916
48 57 0.268877
48 58 0.344111
48 59 0.377729
48 60 0.599624
48 61 0.481865
48 62 0.557009
48 63 0.485861
48 64 0.183673
48 65 0.445946
48 66 0.436255
48 67 0.552361
48 68 0.401869
48 69 0.516874
48 70 0.562874
48 71 0.286802
48 72 0.487521
48 73 0.237525
48 74 0.191753
48 75 0.307143
48 76 0.509804
48 77 0.206997
48 78 0.631034
48 79 0.483146
48 80 0.497018
48 81 0.302448
48 82 0.624573
48 83 0.366029
48 84 0.111639
48 85 0.157500
48 86 0.350538
48 87 0.352804
48 88 0.594096
48 89 0.381743
48 90 0.391650
48 91 0.554077
48 92 0.501129
48 93 0.117506
48 94 0.132316
48 95 0.303774
48 96 0.240000
48 97 0.366826
48 98 0.405303
48 99 0.394286
49 50 0.466531
49 51 0.522976
49 52 0.412399
49 53 0.131183
49 54 0.375887
49 55 0.213964
49 56 0.444134
49 57 0.598527
49 58 0.591224
49 59 0.626638
49 60 0.289474
49 61 0.316062
49 62 0.506542
49 63 0.295630
49 64 0.565306
49 65 0.448198
49 66 0.613546
49 67 0.186858
49 68 0.672897
49 69 0.454707
49 70 0.213573
49 71 0.345178
49 72 0.525790
49 73 0.562874
49 74 0.571134
49 75 0.608929
49 76 0.515152
49 77 0.413994
49 78 0.332759
49 79 0.500000
49 80 0.383698
49 81 0.618881
49 82 0.307167
49 83 0.399522
49 84 0.510689
49 85 0.455000
49 86 0.423656
49 87 0.443925
49 88 0.247232
49 89 0.427386
49 90 0.457256
49 91 0.520799
49 92 0.088036
49 93 0.474820
49 94 0.488550
49 95 0.630189
49 96 0.564000
49 97 0.666667
49 98 0.672348
49 99 0.500952
50 51 0.161926
50 52 0.409704
50 53 0.544086
50 54 0.817967
50 55 0.718468
50 56 0.740223
50 57 0.375691
50 58 0.764434
50 59 0.775109
50 60 0.721805
50 61 0.805699
50 62 0.846729
50 63 0.794344
50 64 0.457143
50 65 0.804054
50 66 0.798805
50 67 0.525667
50 68 0.727103
50 69 0.227353
50 70 0.522954
50 71 0.258883
50 72 0.184692
50 73 0.303393
50 74 0.507216
50 75 0.342857
50 76 0.805704
50 77 0.655977
50 78 0.720690
50 79 0.795880
50 80 0.238569
50 81 0.400350
50 82 0.660410
50 83 0.739234
50 84 0.539192
50 85 0.295000
50 86 0.070968
50 87 0.740654
50 88 0.605166
50 89 0.062241
50 90 0.037773
50 91 0.820300
50 92 0.602709
50 93 0.326139
50 94 0.592875
50 95 0.601887
50 96 0.298000
50 97 0.534290
50 98 0.736742
50 99 0.062857
51 52 0.307278
51 53 0.595699
51 54 0.761229
51 55 0.711712
51 56 0.631285
51 57 0.241252
51 58 0.637413
51 59 0.646288
51 60 0.736842
51 61 0.756477
51 62 0.786916
51 63 0.748072
51 64 0.310204
51 65 0.725225
51 66 0.687251
51 67 0.591376
51 68 0.601869
51 69 0.358792
51 70 0.592814
51 71 0.261421
51 72 0.289517
51 73 0.157685
51 74 0.362887
51 75 0.223214
51 76 0.736185
51 77 0.548105
51 78 0.744828
51 79 0.720974
51 80 0.369781
51 81 0.276224
51 82 0.703072
51 83 0.655502
51 84 0.401425
51 85 0.182500
51 86 0.169892
51 87 0.647196
51 88 0.658672
51 89 0.195021
51 90 0.184891
51 91 0.763727
51 92 0.627540
51 93 0.189448
51 94 0.460560
51 95 0.469811
51 96 0.152000
51 97 0.417863
51 98 0.611742
51 99 0.163810
52 53 0.445161
52 54 0.491726
52 55 0.479730
52 56 0.318436
52 57 0.314917
52 58 0.422633
52 59 0.456332
52 60 0.554511
52 61 0.463731
52 62 0.573832
52 63 0.462725
52 64 0.263265
52 65 0.470721
52 66 0.500000
52 67 0.470226
52 68 0.480374
52 69 0.447602
52 70 0.483034
52 71 0.177665
52 72 0.437604
52 73 0.263473
52 74 0.280412
52 75 0.339286
52 76 0.538324
52 77 0.218659
52 78 0.586207
52 79 0.513109
52 80 0.413519
52 81 0.351399
52 82 0.569966
52 83 0.385167
52 84 0.211401
52 85 0.102500
52 86 0.275269
52 87 0.387850
52 88 0.527675
52 89 0.307054
52 90 0.328032
52 91 0.575707
52 92 0.431151
52 93 0.112710
52 94 0.216285
52 95 0.386792
52 96 0.264000
52 97 0.429027
52 98 0.484848
52 99 0.344762
53 54 0.479905
53 55 0.268018
53 56 0.614525
53 57 0.692449
53 58 0.729792
53 59 0.757642
53 60 0.265038
53 61 0.437824
53 62 0.579439
53 63 0.416452
53 64 0.683673
53 65 0.563063
53 66 0.729084
53 67 0.067762
53 68 0.786916
53 69 0.440497
53 70 0.097804
53 71 0.444162
53 72 0.537438
53 73 0.660679
53 74 0.692784
53 75 0.694643
53 76 0.593583
53 77 0.591837
53 78 0.287931
53 79 0.588015
53 80 0.369781
53 81 0.709790
53 82 0.230375
53 83 0.533493
53 84 0.653207
53 85 0.575000
53 86 0.475269
53 87 0.579439
53 88 0.147601
53 89 0.468880
53 90 0.495030
53 91 0.584027
53 92 0.108352
53 93 0.597122
53 94 0.641221
53 95 0.743396
53 96 0.660000
53 97 0.757576
53 98 0.787879
53 99 0.542857
54 55 0.211712
54 56 0.310056
54 57 0.646409
54 58 0.381062
54 59 0.417031
54 60 0.310150
54 61 0.098446
54 62 0.211215
54 63 0.110540
54 64 0.565306
54 65 0.123874
54 66 0.370518
54 67 0.486653
54 68 0.510280
54 69 0.721137
54 70 0.502994
54 71 0.619289
54 72 0.747088
54 73 0.656687
54 74 0.538144
54 75 0.680357
54 76 0.231729
54 77 0.405248
54 78 0.367241
54 79 0.205993
54 80 0.685885
54 81 0.655594
54 82 0.426621
54 83 0.157895
54 84 0.479810
54 85 0.622500
54 86 0.677419
54 87 0.200935
54 88 0.442804
54 89 0.686722
54 90 0.701789
54 91 0.256240
54 92 0.349887
54 93 0.601918
54 94 0.440204
54 95 0.535849
54 96 0.660000
54 97 0.631579
54 98 0.501894
54 99 0.720000
55 56 0.446927
55 57 0.697974
55 58 0.558891
55 59 0.591703
55 60 0.165414
55 61 0.183938
55 62 0.358879
55 63 0.161954
55 64 0.644898
55 65 0.333333
55 66 0.549801
55 67 0.308008
55 68 0.657944
55 69 0.623446
55 70 0.329341
55 71 0.558376
55 72 0.682196
55 73 0.688623
55 74 0.635052
55 75 0.717857
55 76 0.390374
55 77 0.483965
55 78 0.236207
55 79 0.378277
55 80 0.572565
55 81 0.711538
55 82 0.273038
55 83 0.327751
55 84 0.579572
55 85 0.625000
55 86 0.617204
55 87 0.380841
55 88 0.269373
55 89 0.618257
55 90 0.640159
55 91 0.386023
55 92 0.162528
55 93 0.623501
55 94 0.547074
55 95 0.656604
55 96 0.690000
55 97 0.716108
55 98 0.653409
55 99 0.672381
56 57 0.441989
56 58 0.224018
56 59 0.279476
56 60 0.466165
56 61 0.251295
56 62 0.366355
56 63 0.262211
56 64 0.338776
56 65 0.216216
56 66 0.308765
56 67 0.515400
56 68 0.375701
56 69 0.625222
56 70 0.532934
56 71 0.434010
56 72 0.623960
56 73 0.439122
56 74 0.313402
56 75 0.483929
56 76 0.335116
56 77 0.113703
56 78 0.512069
56 79 0.299625
56 80 0.594433
56 81 0.461538
56 82 0.537543
56 83 0.119617
56 84 0.216152
56 85 0.382500
56 86 0.513978
56 87 0.121495
56 88 0.523985
56 89 0.535270
56 90 0.548708
56 91 0.387687
56 92 0.408578
56 93 0.354916
56 94 0.155216
56 95 0.352830
56 96 0.442000
56 97 0.464115
56 98 0.371212
56 99 0.561905
57 58 0.556582
57 59 0.541485
57 60 0.874060
57 61 0.860104
57 62 0.794393
57 63 0.861183
57 64 0.165306
57 65 0.743243
57 66 0.597610
57 67 0.811088
57 68 0.446729
57 69 0.591474
57 70 0.810379
57 71 0.530457
57 72 0.480865
57 73 0.105788
57 74 0.220619
57 75 0.069643
57 76 0.720143
57 77 0.629738
57 78 0.881034
57 79 0.707865
57 80 0.630219
57 81 0.050699
57 82 0.863481
57 83 0.691388
57 84 0.358670
57 85 0.367500
57 86 0.451613
57 87 0.654206
57 88 0.841328
57 89 0.468880
57 90 0.443340
57 91 0.758735
57 92 0.819413
57 93 0.304556
57 94 0.455471
57 95 0.296226
57 96 0.110000
57 97 0.210526
57 98 0.462121
57 99 0.396190
58 59 0.067686
58 60 0.612782
58 61 0.445596
58 62 0.364486
58 63 0.460154
58 64 0.324490
58 65 0.263514
58 66 0.137450
58 67 0.714579
58 68 0.203738
58 69 0.770870
58 70 0.726547
58 71 0.637056
58 72 0.737105
58 73 0.483034
58 74 0.274227
58 75 0.496429
58 76 0.297683
58 77 0.364431
58 78 0.646552
58 79 0.265918
58 80 0.767396
58 81 0.447552
58 82 0.686007
58 83 0.251196
58 84 0.254157
58 85 0.532500
58 86 0.668817
58 87 0.186916
58 88 0.695572
58 89 0.686722
58 90 0.687873
58 91 0.366057
58 92 0.623025
58 93 0.474820
58 94 0.249364
58 95 0.237736
58 96 0.488000
58 97 0.389155
58 98 0.193182
58 99 0.680000
59 60 0.663534
59 61 0.518135
59 62 0.385047
59 63 0.534704
59 64 0.342857
59 65 0.315315
59 66 0.103586
59 67 0.778234
59 68 0.153271
59 69 0.818828
59 70 0.788423
59 71 0.705584
59 72 0.775374
59 73 0.508982
59 74 0.288660
59 75 0.510714
59 76 0.306595
59 77 0.451895
59 78 0.694828
59 79 0.282772
59 80 0.823062
59 81 0.452797
59 82 0.735495
59 83 0.320574
59 84 0.304038
59 85 0.590000
59 86 0.722581
59 87 0.252336
59 88 0.750923
59 89 0.738589
59 90 0.735586
59 91 0.376040
59 92 0.690745
59 93 0.525180
59 94 0.315522
59 95 0.216981
59 96 0.516000
59 97 0.373206
59 98 0.140152
59 99 0.721905
60 61 0.398964
60 62 0.433645
60 63 0.377892
60 64 0.824490
60 65 0.495495
60 66 0.699203
60 67 0.328542
60 68 0.813084
60 69 0.692718
60 70 0.335329
60 71 0.738579
60 72 0.768719
60 73 0.854291
60 74 0.816495
60 75 0.867857
60 76 0.479501
60 77 0.740525
60 78 0.084483
60 79 0.486891
60 80 0.652087
60 81 0.860140
60 82 0.158703
60 83 0.526316
60 84 0.788599
60 85 0.825000
60 86 0.754839
60 87 0.574766
60 88 0.210332
60 89 0.744813
60 90 0.761431
60 91 0.440932
60 92 0.264108
60 93 0.820144
60 94 0.770992
60 95 0.820755
60 96 0.856000
60 97 0.858054
60 98 0.810606
60 99 0.794286
61 62 0.282243
61 63 0.020566
61 64 0.534694
61 65 0.182432
61 66 0.408367
61 67 0.416838
61 68 0.525234
61 69 0.653641
61 70 0.435130
61 71 0.527919
61 72 0.687188
61 73 0.608782
61 74 0.513402
61 75 0.641071
61 76 0.295900
61 77 0.335277
61 78 0.351724
61 79 0.271536
61 80 0.610338
61 81 0.624126
61 82 0.394198
61 83 0.157895
61 84 0.444181
61 85 0.547500
61 86 0.602151
61 87 0.214953
61 88 0.392989
61 89 0.612033
61 90 0.632207
61 91 0.321131
61 92 0.275395
61 93 0.537170
61 94 0.399491
61 95 0.532075
61 96 0.610000
61 97 0.618820
61 98 0.518939
61 99 0.655238
62 63 0.401028
62 64 0.704082
62 65 0.222973
62 66 0.342629
62 67 0.702259
62 68 0.521495
62 69 0.921847
62 70 0.712575
62 71 0.893401
62 72 0.930116
62 73 0.824351
62 74 0.665979
62 75 0.821429
62 76 0.078431
62 77 0.679300
62 78 0.465517
62 79 0.102996
62 80 0.910537
62 81 0.777972
62 82 0.554608
62 83 0.349282
62 84 0.653207
62 85 0.870000
62 86 0.911828
62 87 0.343458
62 88 0.610701
62 89 0.912863
62 90 0.918489
62 91 0.068220
62 92 0.591422
62 93 0.824940
62 94 0.636132
62 95 0.603774
62 96 0.830000
62 97 0.700159
62 98 0.509470
62 99 0.923810
63 64 0.542857
63 65 0.200450
63 66 0.424303
63 67 0.400411
63 68 0.540187
63 69 0.644760
63 70 0.421158
63 71 0.522843
63 72 0.682196
63 73 0.612774
63 74 0.523711
63 75 0.646429
63 76 0.308378
63 77 0.344023
63 78 0.339655
63 79 0.284644
63 80 0.600398
63 81 0.631119
63 82 0.380546
63 83 0.177033
63 84 0.453682
63 85 0.550000
63 86 0.597849
63 87 0.233645
63 88 0.378229
63 89 0.607884
63 90 0.626243
63 91 0.329451
63 92 0.257336
63 93 0.539568
63 94 0.409669
63 95 0.543396
63 96 0.614000
63 97 0.628389
63 98 0.534091
63 99 0.651429
64 65 0.563063
64 66 0.438247
64 67 0.735113
64 68 0.321495
64 69 0.618117
64 70 0.742515
64 71 0.479695
64 72 0.542429
64 73 0.181637
64 74 0.055670
64 75 0.212500
64 76 0.575758
64 77 0.434402
64 78 0.779310
64 79 0.554307
64 80 0.632207
64 81 0.174825
64 82 0.778157
64 83 0.507177
64 84 0.178147
64 85 0.310000
64 86 0.466667
64 87 0.467290
64 88 0.760148
64 89 0.491701
64 90 0.481113
64 91 0.622296
64 92 0.704289
64 93 0.239808
64 94 0.264631
64 95 0.181132
64 96 0.188000
64 97 0.223285
64 98 0.331439
64 99 0.455238
65 66 0.258964
65 67 0.583162
65 68 0.413084
65 69 0.767318
65 70 0.598802
65 71 0.654822
65 72 0.773710
65 73 0.628743
65 74 0.476289
65 75 0.648214
65 76 0.171123
65 77 0.390671
65 78 0.462069
65 79 0.131086
65 80 0.743539
65 81 0.613636
65 82 0.520478
65 83 0.112440
65 84 0.425178
65 85 0.622500
65 86 0.707527
65 87 0.116822
65 88 0.540590
65 89 0.717842
65 90 0.729622
65 91 0.226290
65 92 0.458239
65 93 0.587530
65 94 0.386768
65 95 0.456604
65 96 0.632000
65 97 0.570973
65 98 0.403409
65 99 0.739048
66 67 0.819302
66 68 0.200000
66 69 0.891652
66 70 0.828343
66 71 0.807107
66 72 0.851913
66 73 0.612774
66 74 0.397938
66 75 0.605357
66 76 0.237077
66 77 0.551020
66 78 0.687931
66 79 0.219101
66 80 0.898608
66 81 0.545455
66 82 0.742321
66 83 0.342105
66 84 0.418052
66 85 0.705000
66 86 0.817204
66 87 0.275701
66 88 0.771218
66 89 0.829876
66 90 0.825050
66 91 0.307820
66 92 0.724605
66 93 0.640288
66 94 0.427481
66 95 0.307547
66 96 0.620000
66 97 0.444976
66 98 0.183712
66 99 0.811429
67 68 0.844860
67 69 0.415631
67 70 0.031936
67 71 0.477157
67 72 0.524126
67 73 0.692615
67 74 0.746392
67 75 0.723214
67 76 0.652406
67 77 0.676385
67 78 0.305172
67 79 0.649813
67 80 0.345924
67 81 0.743007
67 82 0.226962
67 83 0.612440
67 84 0.717340
67 85 0.620000
67 86 0.486022
67 87 0.656542
67 88 0.132841
67 89 0.470954
67 90 0.497018
67 91 0.635607
67 92 0.182844
67 93 0.645084
67 94 0.715013
67 95 0.796226
67 96 0.692000
67 97 0.795853
67 98 0.846591
67 99 0.544762
68 69 0.898757
68 70 0.932136
68 71 0.832487
68 72 0.825291
68 73 0.524950
68 74 0.301031
68 75 0.496429
68 76 0.427807
68 77 0.641399
68 78 0.834483
68 79 0.417603
68 80 0.924453
68 81 0.421329
68 82 0.873720
68 83 0.514354
68 84 0.399050
68 85 0.687500
68 86 0.808602
68 87 0.441589
68 88 0.894834
68 89 0.821577
68 90 0.807157
68 91 0.484193
68 92 0.862302
68 93 0.606715
68 94 0.452926
68 95 0.154717
68 96 0.532000
68 97 0.290271
68 98 0.017045
68 99 0.777143
69 70 0.461078
69 71 0.464467
69 72 0.158070
69 73 0.560878
69 74 0.758763
69 75 0.567857
69 76 0.941176
69 77 0.915452
69 78 0.708621
69 79 0.940075
69 80 0.125249
69 81 0.624126
69 82 0.619454
69 83 0.925837
69 84 0.802850
69 85 0.577500
69 86 0.281720
69 87 0.939252
69 88 0.557196
69 89 0.230290
69 90 0.216700
69 91 0.931780
69 92 0.636569
69 93 0.606715
69 94 0.857506
69 95 0.833962
69 96 0.556000
69 97 0.740032
69 98 0.956439
69 99 0.247619
70 71 0.502538
70 72 0.524126
70 73 0.714571
70 74 0.775258
70 75 0.741071
70 76 0.680927
70 77 0.723032
70 78 0.312069
70 79 0.679775
70 80 0.345924
70 81 0.762238
70 82 0.225256
70 83 0.650718
70 84 0.752969
70 85 0.647500
70 86 0.498925
70 87 0.693925
70 88 0.130996
70 89 0.481328
70 90 0.504970
70 91 0.660566
70 92 0.218962
70 93 0.673861
70 94 0.753181
70 95 0.824528
70 96 0.714000
70 97 0.816587
70 98 0.876894
70 99 0.552381
71 72 0.344426
71 73 0.317365
71 74 0.414433
71 75 0.385714
71 76 0.631016
71 77 0.384840
71 78 0.567241
71 79 0.612360
71 80 0.272366
71 81 0.417832
71 82 0.527304
71 83 0.504785
71 84 0.377672
71 85 0.162500
71 86 0.152688
71 87 0.518692
71 88 0.468635
71 89 0.182573
71 90 0.216700
71 91 0.653910
71 92 0.395034
71 93 0.213429
71 94 0.391858
71 95 0.515094
71 96 0.316000
71 97 0.516746
71 98 0.617424
71 99 0.257143
72 73 0.485030
72 74 0.723711
72 75 0.475000
72 76 0.998217
72 77 0.976676
72 78 0.843103
72 79 0.998127
72 80 0.280318
72 81 0.540210
72 82 0.762799
72 83 0.997608
72 84 0.802850
72 85 0.575000
72 86 0.292473
72 87 0.997664
72 88 0.712177
72 89 0.244813
72 90 0.194831
72 91 0.998336
72 92 0.785553
72 93 0.589928
72 94 0.875318
72 95 0.798113
72 96 0.480000
72 97 0.669856
72 98 0.941288
72 99 0.167619
73 74 0.243299
73 75 0.103571
73 76 0.707665
73 77 0.553936
73 78 0.813793
73 79 0.692884
73 80 0.524851
73 81 0.141608
73 82 0.788396
73 83 0.645933
73 84 0.330166
73 85 0.250000
73 86 0.337634
73 87 0.621495
73 88 0.758303
73 89 0.358921
73 90 0.339960
73 91 0.743760
73 92 0.724605
73 93 0.203837
73 94 0.412214
73 95 0.347170
73 96 0.006000
73 97 0.290271
73 98 0.503788
73 99 0.302857
74 75 0.258929
74 76 0.532977
74 77 0.413994
74 78 0.767241
74 79 0.511236
74 80 0.666004
74 81 0.213287
74 82 0.773038
74 83 0.468900
74 84 0.152019
74 85 0.350000
74 86 0.507527
74 87 0.422897
74 88 0.760148
74 89 0.531120
74 90 0.524851
74 91 0.584027
74 92 0.699774
74 93 0.278177
74 94 0.236641
74 95 0.139623
74 96 0.242000
74 97 0.226475
74 98 0.282197
74 99 0.500952
75 76 0.784314
75 77 0.711370
75 78 0.915517
75 79 0.773408
75 80 0.616302
75 81 0.076923
75 82 0.889078
75 83 0.767943
75 84 0.437055
75 85 0.397500
75 86 0.438710
75 87 0.731308
75 88 0.865314
75 89 0.450207
75 90 0.417495
75 91 0.816972
75 92 0.857788
75 93 0.342926
75 94 0.536896
75 95 0.367925
75 96 0.118000
75 97 0.248804
75 98 0.535985
75 99 0.360000
76 77 0.661808
76 78 0.534483
76 79 0.050562
76 80 0.932406
76 81 0.736014
76 82 0.617747
76 83 0.342105
76 84 0.612827
76 85 0.852500
76 86 0.911828
76 87 0.317757
76 88 0.669742
76 89 0.917012
76 90 0.918489
76 91 0.088186
76 92 0.643341
76 93 0.803357
76 94 0.600509
76 95 0.543396
76 96 0.798000
76 97 0.649123
76 98 0.435606
76 99 0.918095
77 78 0.522414
77 79 0.372659
77 80 0.520875
77 81 0.423077
77 82 0.530717
77 83 0.205742
77 84 0.182898
77 85 0.287500
77 86 0.427957
77 87 0.214953
77 88 0.505535
77 89 0.452282
77 90 0.471173
77 91 0.450915
77 92 0.386005
77 93 0.268585
77 94 0.127226
77 95 0.362264
77 96 0.382000
77 97 0.452951
77 98 0.409091
77 99 0.485714
78 79 0.567416
78 80 0.697813
78 81 0.942308
78 82 0.116041
78 83 0.645933
78 84 0.902613
78 85 0.932500
78 86 0.827957
78 87 0.689252
78 88 0.210332
78 89 0.811203
78 90 0.825050
78 91 0.500832
78 92 0.347630
78 93 0.928058
78 94 0.895674
78 95 0.915094
78 96 0.944000
78 97 0.934609
78 98 0.903409
78 99 0.857143
79 80 0.882704
79 81 0.690559
79 82 0.598976
79 83 0.277512
79 84 0.548694
79 85 0.782500
79 86 0.853763
79 87 0.252336
79 88 0.642066
79 89 0.860996
79 90 0.864811
79 91 0.129784
79 92 0.600451
79 93 0.736211
79 94 0.529262
79 95 0.501887
79 96 0.744000
79 97 0.614035
79 98 0.405303
79 99 0.866667
80 81 0.601399
80 82 0.522184
80 83 0.789474
80 84 0.705463
80 85 0.487500
80 86 0.230108
80 87 0.810748
80 88 0.452030
80 89 0.192946
80 90 0.206759
80 91 0.831947
80 92 0.494357
80 93 0.525180
80 94 0.740458
80 95 0.769811
80 96 0.522000
80 97 0.708134
80 98 0.878788
80 99 0.262857
81 82 0.912969
81 83 0.746411
81 84 0.410926
81 85 0.440000
81 86 0.509677
81 87 0.703271
81 88 0.896679
81 89 0.524896
81 90 0.493042
81 91 0.788686
81 92 0.884876
81 93 0.374101
81 94 0.513995
81 95 0.300000
81 96 0.166000
81 97 0.177033
81 98 0.467803
81 99 0.438095
82 83 0.710526
82 84 0.923990
82 85 0.905000
82 86 0.765591
82 87 0.754673
82 88 0.112546
82 89 0.744813
82 90 0.759443
82 91 0.595674
82 92 0.322799
82 93 0.908873
82 94 0.921120
82 95 0.945283
82 96 0.924000
82 97 0.947368
82 98 0.956439
82 99 0.796190
83 84 0.327791
83 85 0.502500
83 86 0.604301
83 87 0.060748
83 88 0.509225
83 89 0.620332
83 90 0.634195
83 91 0.306156
83 92 0.401806
83 93 0.474820
83 94 0.279898
83 95 0.413208
83 96 0.544000
83 97 0.526316
83 98 0.393939
83 99 0.647619
84 85 0.272500
84 86 0.451613
84 87 0.301402
84 88 0.643911
84 89 0.477178
84 90 0.483101
84 91 0.512479
84 92 0.557562
84 93 0.218225
84 94 0.073791
84 95 0.226415
84 96 0.282000
84 97 0.328549
84 98 0.316288
84 99 0.478095
85 86 0.217204
85 87 0.478972
85 88 0.571956
85 89 0.251037
85 90 0.266402
85 91 0.642263
85 92 0.496614
85 93 0.057554
85 94 0.290076
85 95 0.401887
85 96 0.200000
85 97 0.413078
85 98 0.520833
85 99 0.274286
86 87 0.679907
86 88 0.547970
86 89 0.041494
86 90 0.075547
86 91 0.772047
86 92 0.528217
86 93 0.292566
86 94 0.539440
86 95 0.586792
86 96 0.308000
86 97 0.539075
86 98 0.712121
86 99 0.125714
87 88 0.557196
87 89 0.643154
87 90 0.654076
87 91 0.302829
87 92 0.458239
87 93 0.477218
87 94 0.262087
87 95 0.373585
87 96 0.534000
87 97 0.496013
87 98 0.344697
87 99 0.660952
88 89 0.620332
88 90 0.640159
88 91 0.612313
88 92 0.232506
88 93 0.788969
88 94 0.824427
88 95 0.879245
88 96 0.820000
88 97 0.880383
88 98 0.907197
88 99 0.681905
89 90 0.047714
89 91 0.800333
89 92 0.546275
89 93 0.340528
89 94 0.590331
89 95 0.624528
89 96 0.340000
89 97 0.566188
89 98 0.750000
89 99 0.112381
90 91 0.835275
90 92 0.600451
90 93 0.366906
90 94 0.628499
90 95 0.637736
90 96 0.336000
90 97 0.564593
90 98 0.770833
90 99 0.068571
91 92 0.683973
91 93 0.913669
91 94 0.725191
91 95 0.643396
91 96 0.898000
91 97 0.733652
91 98 0.534091
91 99 0.998095
92 93 0.568345
92 94 0.562341
92 95 0.684906
92 96 0.640000
92 97 0.719298
92 98 0.714015
92 99 0.571429
93 94 0.259542
93 95 0.356604
93 96 0.170000
93 97 0.374801
93 98 0.481061
93 99 0.302857
94 95 0.266038
94 96 0.328000
94 97 0.373206
94 98 0.331439
94 99 0.493333
95 96 0.374000
95 97 0.188198
95 98 0.166667
95 99 0.638095
96 97 0.295056
96 98 0.509470
96 99 0.297143
97 98 0.361742
97 99 0.647619
98 99 0.779048
