100 4950
0 1 0.987805
0 2 0.997015
0 3 0.534483
0 4 0.614561
0 5 0.512953
0 6 0.394595
0 7 0.566038
0 8 0.495979
0 9 0.684764
0 10 0.501205
0 11 0.612440
0 12 0.545455
0 13 0.266917
0 14 0.579646
0 15 0.656566
0 16 0.478331
0 17 0.553539
0 18 0.332669
0 19 0.470339
0 20 0.635220
0 21 0.680556
0 22 0.282609
0 23 0.318367
0 24 0.598344
0 25 0.584296
0 26 0.466535
0 27 0.421712
0 28 0.285974
0 29 0.251232
0 30 0.367925
0 31 0.560764
0 32 0.257812
0 33 0.610048
0 34 0.322751
0 35 0.634766
0 36 0.603448
0 37 0.363636
0 38 0.377323
0 39 0.110860
0 40 0.243615
0 41 0.361775
0 42 0.619141
0 43 0.304878
0 44 0.274319
0 45 0.636364
0 46 0.551402
0 47 0.423423
0 48 0.326403
0 49 0.485777
0 50 0.297131
0 51 0.562189
0 52 0.504505
0 53 0.215909
0 54 0.368750
0 55 0.563147
0 56 0.312500
0 57 0.646503
0 58 0.326577
0 59 0.403053
0 60 0.443966
0 61 0.262332
0 62 0.448214
0 63 0.359296
0 64 0.550580
0 65 0.289773
0 66 0.383046
0 67 0.337182
0 68 0.259777
0 69 0.533929
0 70 0.347979
0 71 0.087193
0 72 0.107317
0 73 0.361818
0 74 0.328063
0 75 0.373206
0 76 0.428571
0 77 0.484553
0 78 0.512334
0 79 0.384473
0 80 0.352174
0 81 0.556619
0 82 0.147727
0 83 0.521912
0 84 0.306163
0 85 0.090909
0 86 0.510961
0 87 0.155556
0 88 0.433551
0 89 0.183824
0 90 0.257261
0 91 0.355263
0 92 0.373802
0 93 0.319608
0 94 0.571161
0 95 0.506494
0 96 0.523466
0 97 0.371158
0 98 0.607463
0 99 0.308362
1 2 0.805970
1 3 0.402299
1 4 0.706638
1 5 0.310881
1 6 0.520721
1 7 0.681604
1 8 0.512064
1 9 0.756567
1 10 0.645783
1 11 0.650718
1 12 0.421488
1 13 0.214286
1 14 0.564159
1 15 0.717172
1 16 0.606742
1 17 0.497278
1 18 0.478088
1 19 0.622881
1 20 0.647799
1 21 0.720238
1 22 0.456522
1 23 0.473469
1 24 0.726708
1 25 0.683603
1 26 0.618110
1 27 0.334029
1 28 0.240437
1 29 0.443350
1 30 0.218868
1 31 0.498264
1 32 0.160156
1 33 0.662679
1 34 0.238095
1 35 0.750000
1 36 0.709052
1 37 0.526738
1 38 0.503717
1 39 0.160633
1 40 0.284872
1 41 0.259386
1 42 0.609375
1 43 0.490244
1 44 0.157588
1 45 0.692929
1 46 0.640187
1 47 0.537538
1 48 0.494802
1 49 0.455142
1 50 0.135246
1 51 0.489221
1 52 0.650901
1 53 0.363636
1 54 0.500000
1 55 0.548654
1 56 0.479167
1 57 0.710775
1 58 0.155405
1 59 0.349618
1 60 0.594828
1 61 0.443946
1 62 0.592857
1 63 0.429648
1 64 0.467662
1 65 0.179924
1 66 0.343799
1 67 0.233256
1 68 0.421788
1 69 0.596429
1 70 0.239016
1 71 0.220708
1 72 0.285366
1 73 0.227273
1 74 0.432806
1 75 0.336523
1 76 0.323944
1 77 0.616260
1 78 0.643264
1 79 0.526802
1 80 0.202174
1 81 0.465710
1 82 0.065909
1 83 0.539841
1 84 0.429423
1 85 0.207459
1 86 0.403035
1 87 0.262222
1 88 0.592593
1 89 0.384804
1 90 0.103734
1 91 0.210526
1 92 0.338658
1 93 0.429412
1 94 0.571161
1 95 0.595547
1 96 0.449458
1 97 0.513002
1 98 0.664179
1 99 0.224739
2 3 0.997126
2 4 0.869379
2 5 0.432642
2 6 0.998198
2 7 0.941038
2 8 0.678284
2 9 0.833625
2 10 0.997590
2 11 0.722488
2 12 0.148760
2 13 0.669173
2 14 0.508850
2 15 0.777778
2 16 0.998395
2 17 0.277677
2 18 0.998008
2 19 0.997881
2 20 0.605870
2 21 0.712302
2 22 0.997826
2 23 0.997959
2 24 0.997930
2 25 0.896074
2 26 0.998031
2 27 0.306889
2 28 0.677596
2 29 0.997537
2 30 0.445283
2 31 0.230903
2 32 0.613281
2 33 0.758373
2 34 0.601411
2 35 0.974609
2 36 0.922414
2 37 0.997326
2 38 0.998141
2 39 0.771493
2 40 0.811395
2 41 0.551195
2 42 0.498047
2 43 0.997561
2 44 0.579767
2 45 0.755556
2 46 0.841121
2 47 0.951952
2 48 0.997921
2 49 0.448578
2 50 0.506148
2 51 0.167496
2 52 0.997748
2 53 0.970455
2 54 0.996875
2 55 0.476190
2 56 0.997917
2 57 0.784499
2 58 0.454955
2 59 0.648855
2 60 0.976293
2 61 0.997758
2 62 0.998214
2 63 0.743719
2 64 0.122720
2 65 0.579545
2 66 0.682889
2 67 0.438799
2 68 0.955307
2 69 0.698214
2 70 0.541301
2 71 0.850136
2 72 0.921951
2 73 0.483636
2 74 0.968379
2 75 0.687400
2 76 0.253521
2 77 0.998374
2 78 0.946869
2 79 0.998152
2 80 0.384783
2 81 0.078150
2 82 0.681818
2 83 0.557769
2 84 0.964215
2 85 0.832168
2 86 0.052277
2 87 0.862222
2 88 0.997821
2 89 0.975490
2 90 0.558091
2 91 0.464286
2 92 0.693291
2 93 0.958824
2 94 0.498127
2 95 0.771800
2 96 0.200361
2 97 0.898345
2 98 0.713433
2 99 0.587108
3 4 0.997859
3 5 0.468912
3 6 0.560360
3 7 0.997642
3 8 0.887399
3 9 0.998249
3 10 0.949398
3 11 0.988038
3 12 0.615702
3 13 0.095865
3 14 0.867257
3 15 0.997980
3 16 0.691814
3 17 0.718693
3 18 0.559761
3 19 0.862288
3 20 0.941300
3 21 0.998016
3 22 0.606522
3 23 0.577551
3 24 0.983437
3 25 0.997691
3 26 0.818898
3 27 0.584551
3 28 0.089253
3 29 0.694581
3 30 0.209434
3 31 0.699653
3 32 0.113281
3 33 0.997608
3 34 0.010582
3 35 0.998047
3 36 0.997845
3 37 0.860963
3 38 0.540892
3 39 0.314480
3 40 0.251473
3 41 0.071672
3 42 0.875000
3 43 0.753659
3 44 0.118677
3 45 0.975758
3 46 0.962617
3 47 0.948949
3 48 0.646570
3 49 0.752735
3 50 0.221311
3 51 0.665008
3 52 0.925676
3 53 0.463636
3 54 0.921875
3 55 0.828157
3 56 0.614583
3 57 0.973535
3 58 0.376126
3 59 0.137405
3 60 0.842672
3 61 0.609865
3 62 0.730357
3 63 0.778894
3 64 0.633499
3 65 0.089015
3 66 0.139717
3 67 0.526559
3 68 0.773743
3 69 0.844643
3 70 0.079086
3 71 0.558583
3 72 0.468293
3 73 0.152727
3 74 0.434783
3 75 0.135566
3 76 0.547284
3 77 0.720325
3 78 0.863378
3 79 0.609982
3 80 0.421739
3 81 0.610845
3 82 0.295455
3 83 0.818725
3 84 0.465209
3 85 0.372960
3 86 0.536256
3 87 0.357778
3 88 0.832244
3 89 0.607843
3 90 0.203320
3 91 0.187970
3 92 0.138978
3 93 0.439216
3 94 0.827715
3 95 0.844156
3 96 0.655235
3 97 0.810875
3 98 0.870149
3 99 0.019164
4 5 0.997409
4 6 0.709910
4 7 0.122642
4 8 0.442359
4 9 0.180385
4 10 0.245783
4 11 0.251196
4 12 0.719008
4 13 0.804511
4 14 0.398230
4 15 0.129293
4 16 0.587480
4 17 0.488203
4 18 0.691235
4 19 0.332627
4 20 0.295597
4 21 0.216270
4 22 0.632609
4 23 0.667347
4 24 0.204969
4 25 0.078522
4 26 0.389764
4 27 0.582463
4 28 0.808743
4 29 0.564039
4 30 0.811321
4 31 0.515625
4 32 0.796875
4 33 0.212919
4 34 0.816578
4 35 0.191406
4 36 0.071121
4 37 0.425134
4 38 0.728625
4 39 0.762443
4 40 0.795678
4 41 0.822526
4 42 0.359375
4 43 0.490244
4 44 0.799611
4 45 0.127273
4 46 0.130841
4 47 0.450450
4 48 0.584200
4 49 0.442013
4 50 0.793033
4 51 0.553897
4 52 0.261261
4 53 0.768182
4 54 0.534375
4 55 0.378882
4 56 0.622917
4 57 0.117202
4 58 0.772523
4 59 0.839695
4 60 0.327586
4 61 0.634529
4 62 0.508929
4 63 0.399497
4 64 0.580431
4 65 0.804924
4 66 0.835165
4 67 0.651270
4 68 0.544693
4 69 0.051786
4 70 0.818981
4 71 0.713896
4 72 0.746341
4 73 0.816364
4 74 0.798419
4 75 0.832536
4 76 0.613682
4 77 0.547967
4 78 0.271347
4 79 0.643253
4 80 0.723913
4 81 0.610845
4 82 0.763636
4 83 0.256972
4 84 0.753479
4 85 0.755245
4 86 0.652614
4 87 0.768889
4 88 0.368192
4 89 0.642157
4 90 0.786307
4 91 0.810150
4 92 0.833866
4 93 0.780392
4 94 0.308989
4 95 0.048237
4 96 0.539711
4 97 0.326241
4 98 0.177612
4 99 0.794425
5 6 0.736937
5 7 0.841981
5 8 0.592493
5 9 0.837128
5 10 0.843373
5 11 0.717703
5 12 0.243802
5 13 0.355263
5 14 0.559735
5 15 0.787879
5 16 0.797753
5 17 0.417423
5 18 0.719124
5 19 0.826271
5 20 0.666667
5 21 0.761905
5 22 0.715217
5 23 0.720408
5 24 0.892340
5 25 0.822171
5 26 0.820866
5 27 0.260960
5 28 0.373406
5 29 0.716749
5 30 0.141509
5 31 0.401042
5 32 0.287109
5 33 0.741627
5 34 0.308642
5 35 0.896484
5 36 0.849138
5 37 0.770053
5 38 0.726766
5 39 0.427602
5 40 0.493124
5 41 0.276451
5 42 0.593750
5 43 0.746341
5 44 0.254864
5 45 0.763636
5 46 0.768692
5 47 0.747748
5 48 0.740125
5 49 0.450766
5 50 0.163934
5 51 0.371476
5 52 0.846847
5 53 0.636364
5 54 0.746875
5 55 0.538302
5 56 0.727083
5 57 0.788280
5 58 0.121622
5 59 0.401527
5 60 0.801724
5 61 0.708520
5 62 0.798214
5 63 0.585427
5 64 0.336650
5 65 0.261364
5 66 0.423862
5 67 0.235566
5 68 0.681564
5 69 0.680357
5 70 0.254833
5 71 0.512262
5 72 0.578049
5 73 0.190909
5 74 0.662055
5 75 0.424242
5 76 0.215292
5 77 0.806504
5 78 0.815939
5 79 0.748614
5 80 0.110870
5 81 0.322169
5 82 0.334091
5 83 0.575697
5 84 0.664016
5 85 0.487179
5 86 0.232715
5 87 0.524444
5 88 0.808279
5 89 0.669118
5 90 0.215768
5 91 0.157895
5 92 0.428115
5 93 0.656863
5 94 0.569288
5 95 0.712430
5 96 0.344765
5 97 0.716312
5 98 0.726866
5 99 0.297909
6 7 0.804245
6 8 0.997319
6 9 0.845884
6 10 0.701205
6 11 0.997608
6 12 0.997934
6 13 0.494361
6 14 0.997788
6 15 0.913131
6 16 0.211878
6 17 0.929220
6 18 0.109562
6 19 0.525424
6 20 0.989518
6 21 0.966270
6 22 0.239130
6 23 0.146939
6 24 0.693582
6 25 0.840647
6 26 0.437008
6 27 0.874739
6 28 0.477231
6 29 0.443350
6 30 0.718868
6 31 0.927083
6 32 0.564453
6 33 0.978469
6 34 0.552028
6 35 0.726562
6 36 0.795259
6 37 0.671123
6 38 0.035316
6 39 0.495475
6 40 0.357564
6 41 0.600683
6 42 0.972656
6 43 0.487805
6 44 0.595331
6 45 0.901010
6 46 0.850467
6 47 0.903904
6 48 0.234927
6 49 0.921225
6 50 0.692623
6 51 0.918740
6 52 0.635135
6 53 0.290909
6 54 0.881250
6 55 0.952381
6 56 0.202083
6 57 0.862004
6 58 0.806306
6 59 0.516031
6 60 0.530172
6 61 0.275785
6 62 0.275000
6 63 0.793970
6 64 0.910448
6 65 0.587121
6 66 0.477237
6 67 0.842956
6 68 0.687151
6 69 0.744643
6 70 0.611599
6 71 0.662125
6 72 0.426829
6 73 0.674545
6 74 0.181818
6 75 0.468900
6 76 0.869215
6 77 0.255285
6 78 0.546490
6 79 0.094270
6 80 0.823913
6 81 0.904306
6 82 0.593182
6 83 0.862550
6 84 0.155070
6 85 0.466200
6 86 0.880270
6 87 0.382222
6 88 0.498911
6 89 0.406863
6 90 0.647303
6 91 0.699248
6 92 0.464856
6 93 0.170588
6 94 0.904494
6 95 0.684601
6 96 0.909747
6 97 0.628842
6 98 0.749254
6 99 0.540070
7 8 0.394102
7 9 0.267951
7 10 0.122892
7 11 0.275120
7 12 0.692149
7 13 0.718045
7 14 0.409292
7 15 0.226263
7 16 0.513644
7 17 0.499093
7 18 0.585657
7 19 0.235169
7 20 0.343816
7 21 0.299603
7 22 0.519565
7 23 0.561224
7 24 0.171843
7 25 0.055427
7 26 0.303150
7 27 0.546973
7 28 0.723133
7 29 0.435961
7 30 0.745283
7 31 0.526042
7 32 0.712891
7 33 0.236842
7 34 0.738977
7 35 0.201172
7 36 0.084052
7 37 0.288770
7 38 0.630112
7 39 0.656109
7 40 0.697446
7 41 0.754266
7 42 0.398438
7 43 0.360976
7 44 0.717899
7 45 0.216162
7 46 0.098131
7 47 0.330330
7 48 0.476091
7 49 0.426696
7 50 0.717213
7 51 0.562189
7 52 0.157658
7 53 0.650000
7 54 0.400000
7 55 0.395445
7 56 0.512500
7 57 0.215501
7 58 0.700450
7 59 0.770992
7 60 0.221983
7 61 0.515695
7 62 0.426786
7 63 0.311558
7 64 0.580431
7 65 0.725379
7 66 0.761381
7 67 0.588915
7 68 0.410615
7 69 0.135714
7 70 0.748682
7 71 0.591281
7 72 0.624390
7 73 0.749091
7 74 0.695652
7 75 0.757576
7 76 0.579477
7 77 0.478049
7 78 0.210626
7 79 0.547135
7 80 0.663043
7 81 0.609250
7 82 0.665909
7 83 0.278884
7 84 0.648111
7 85 0.643357
7 86 0.635750
7 87 0.657778
7 88 0.259259
7 89 0.514706
7 90 0.705394
7 91 0.742481
7 92 0.757188
7 93 0.678431
7 94 0.346442
7 95 0.061224
7 96 0.537906
7 97 0.205674
7 98 0.253731
7 99 0.719512
8 9 0.450088
8 10 0.387952
8 11 0.196172
8 12 0.388430
8 13 0.569549
8 14 0.174779
8 15 0.343434
8 16 0.643660
8 17 0.270417
8 18 0.631474
8 19 0.470339
8 20 0.251572
8 21 0.341270
8 22 0.569565
8 23 0.610204
8 24 0.474120
8 25 0.323326
8 26 0.515748
8 27 0.240084
8 28 0.584699
8 29 0.475369
8 30 0.516981
8 31 0.302083
8 32 0.533203
8 33 0.215311
8 34 0.574956
8 35 0.486328
8 36 0.387931
8 37 0.360963
8 38 0.671004
8 39 0.511312
8 40 0.605108
8 41 0.576792
8 42 0.257812
8 43 0.446341
8 44 0.527237
8 45 0.319192
8 46 0.261682
8 47 0.228228
8 48 0.561331
8 49 0.120350
8 50 0.483607
8 51 0.339967
8 52 0.430180
8 53 0.613636
8 54 0.281250
8 55 0.184265
8 56 0.579167
8 57 0.370510
8 58 0.416667
8 59 0.641221
8 60 0.441810
8 61 0.556054
8 62 0.583929
8 63 0.140704
8 64 0.349917
8 65 0.539773
8 66 0.642072
8 67 0.277136
8 68 0.349162
8 69 0.283929
8 70 0.564148
8 71 0.414169
8 72 0.541463
8 73 0.538182
8 74 0.679842
8 75 0.639553
8 76 0.283702
8 77 0.624390
8 78 0.466793
8 79 0.630314
8 80 0.371739
8 81 0.384370
8 82 0.472727
8 83 0.159363
8 84 0.646123
8 85 0.522145
8 86 0.387858
8 87 0.566667
8 88 0.466231
8 89 0.504902
8 90 0.487552
8 91 0.520677
8 92 0.640575
8 93 0.666667
8 94 0.224719
8 95 0.313544
8 96 0.287004
8 97 0.319149
8 98 0.397015
8 99 0.557491
9 10 0.474699
9 11 0.430622
9 12 0.880165
9 13 0.998120
9 14 0.546460
9 15 0.183838
9 16 0.698234
9 17 0.593466
9 18 0.876494
9 19 0.500000
9 20 0.394130
9 21 0.240079
9 22 0.841304
9 23 0.857143
9 24 0.316770
9 25 0.318707
9 26 0.531496
9 27 0.759916
9 28 0.998179
9 29 0.810345
9 30 0.998113
9 31 0.612847
9 32 0.998047
9 33 0.401914
9 34 0.998236
9 35 0.240234
9 36 0.252155
9 37 0.697861
9 38 0.897770
9 39 0.997738
9 40 0.998035
9 41 0.998294
9 42 0.441406
9 43 0.729268
9 44 0.998054
9 45 0.208081
9 46 0.369159
9 47 0.759760
9 48 0.773389
9 49 0.614880
9 50 0.997951
9 51 0.648425
9 52 0.452703
9 53 0.997727
9 54 0.859375
9 55 0.509317
9 56 0.816667
9 57 0.117202
9 58 0.993243
9 59 0.998473
9 60 0.510776
9 61 0.849776
9 62 0.637500
9 63 0.653266
9 64 0.681592
9 65 0.998106
9 66 0.998430
9 67 0.870670
9 68 0.832402
9 69 0.175000
9 70 0.998243
9 71 0.997275
9 72 0.997561
9 73 0.998182
9 74 0.994071
9 75 0.998405
9 76 0.782696
9 77 0.655285
9 78 0.387097
9 79 0.802218
9 80 0.930435
9 81 0.709729
9 82 0.997727
9 83 0.394422
9 84 0.946322
9 85 0.997669
9 86 0.779089
9 87 0.997778
9 88 0.553377
9 89 0.889706
9 90 0.997925
9 91 0.998120
9 92 0.998403
9 93 0.972549
9 94 0.397004
9 95 0.222635
9 96 0.658845
9 97 0.567376
9 98 0.029851
9 99 0.973868
10 11 0.366029
10 12 0.714876
10 13 0.657895
10 14 0.477876
10 15 0.329293
10 16 0.436597
10 17 0.548094
10 18 0.486056
10 19 0.139831
10 20 0.431866
10 21 0.398810
10 22 0.413043
10 23 0.459184
10 24 0.169772
10 25 0.173210
10 26 0.216535
10 27 0.563674
10 28 0.664845
10 29 0.325123
10 30 0.715094
10 31 0.572917
10 32 0.660156
10 33 0.332536
10 34 0.689594
10 35 0.228516
10 36 0.172414
10 37 0.192513
10 38 0.537175
10 39 0.581448
10 40 0.620825
10 41 0.711604
10 42 0.476562
10 43 0.248780
10 44 0.669261
10 45 0.319192
10 46 0.193925
10 47 0.303303
10 48 0.370062
10 49 0.470460
10 50 0.678279
10 51 0.601990
10 52 0.067568
10 53 0.550000
10 54 0.346875
10 55 0.461698
10 56 0.408333
10 57 0.310019
10 58 0.675676
10 59 0.720611
10 60 0.116379
10 61 0.408072
10 62 0.341071
10 63 0.304020
10 64 0.616915
10 65 0.678030
10 66 0.706436
10 67 0.579677
10 68 0.326816
10 69 0.226786
10 70 0.706503
10 71 0.517711
10 72 0.529268
10 73 0.714545
10 74 0.602767
10 75 0.701754
10 76 0.591549
10 77 0.401626
10 78 0.161290
10 79 0.452865
10 80 0.650000
10 81 0.641148
10 82 0.604545
10 83 0.350598
10 84 0.554672
10 85 0.561772
10 86 0.655987
10 87 0.571111
10 88 0.152505
10 89 0.409314
10 90 0.659751
10 91 0.710526
10 92 0.701278
10 93 0.586275
10 94 0.421348
10 95 0.146568
10 96 0.575812
10 97 0.120567
10 98 0.322388
10 99 0.670732
11 12 0.508264
11 13 0.719925
11 14 0.163717
11 15 0.181818
11 16 0.675762
11 17 0.297641
11 18 0.725100
11 19 0.466102
11 20 0.115304
11 21 0.178571
11 22 0.667391
11 23 0.704082
11 24 0.401656
11 25 0.219400
11 26 0.517717
11 27 0.382046
11 28 0.728597
11 29 0.583744
11 30 0.671698
11 31 0.333333
11 32 0.693359
11 33 0.038278
11 34 0.719577
11 35 0.396484
11 36 0.282328
11 37 0.443850
11 38 0.762082
11 39 0.680995
11 40 0.746562
11 41 0.718430
11 42 0.175781
11 43 0.529268
11 44 0.686770
11 45 0.157576
11 46 0.168224
11 47 0.360360
11 48 0.638254
11 49 0.221007
11 50 0.653689
11 51 0.379768
11 52 0.405405
11 53 0.752273
11 54 0.443750
11 55 0.161491
11 56 0.666667
11 57 0.223062
11 58 0.601351
11 59 0.766412
11 60 0.446121
11 61 0.661435
11 62 0.610714
11 63 0.281407
11 64 0.404643
11 65 0.695076
11 66 0.767661
11 67 0.464203
11 68 0.494413
11 69 0.158929
11 70 0.708260
11 71 0.613079
11 72 0.700000
11 73 0.689091
11 74 0.798419
11 75 0.765550
11 76 0.418511
11 77 0.648780
11 78 0.430740
11 79 0.700555
11 80 0.547826
11 81 0.441786
11 82 0.652273
11 83 0.049801
11 84 0.759443
11 85 0.687646
11 86 0.480607
11 87 0.720000
11 88 0.479303
11 89 0.634804
11 90 0.659751
11 91 0.674812
11 92 0.768371
11 93 0.782353
11 94 0.134831
11 95 0.222635
11 96 0.348375
11 97 0.364066
11 98 0.279104
11 99 0.700348
12 13 0.562030
12 14 0.398230
12 15 0.674747
12 16 0.882825
12 17 0.226860
12 18 0.858566
12 19 0.849576
12 20 0.511530
12 21 0.625000
12 22 0.841304
12 23 0.853061
12 24 0.863354
12 25 0.752887
12 26 0.858268
12 27 0.158664
12 28 0.577413
12 29 0.817734
12 30 0.364151
12 31 0.204861
12 32 0.503906
12 33 0.624402
12 34 0.514991
12 35 0.853516
12 36 0.788793
12 37 0.807487
12 38 0.868030
12 39 0.619910
12 40 0.685658
12 41 0.479522
12 42 0.425781
12 43 0.821951
12 44 0.474708
12 45 0.650505
12 46 0.696262
12 47 0.744745
12 48 0.848233
12 49 0.319475
12 50 0.393443
12 51 0.174129
12 52 0.844595
12 53 0.811364
12 54 0.775000
12 55 0.378882
12 56 0.847917
12 57 0.688091
12 58 0.315315
12 59 0.583206
12 60 0.825431
12 61 0.836323
12 62 0.869643
12 63 0.567839
12 64 0.139303
12 65 0.481061
12 66 0.607535
12 67 0.274827
12 68 0.751397
12 69 0.598214
12 70 0.463972
12 71 0.656676
12 72 0.751220
12 73 0.407273
12 74 0.835968
12 75 0.610845
12 76 0.108652
12 77 0.879675
12 78 0.817837
12 79 0.866913
12 80 0.245652
12 81 0.140351
12 82 0.531818
12 83 0.452191
12 84 0.827038
12 85 0.671329
12 86 0.072513
12 87 0.713333
12 88 0.845316
12 89 0.799020
12 90 0.437759
12 91 0.381579
12 92 0.615016
12 93 0.827451
12 94 0.419476
12 95 0.658627
12 96 0.144404
12 97 0.732861
12 98 0.641791
12 99 0.501742
13 14 0.816372
13 15 0.929293
13 16 0.611557
13 17 0.698730
13 18 0.460159
13 19 0.760593
13 20 0.884696
13 21 0.938492
13 22 0.495652
13 23 0.473469
13 24 0.890269
13 25 0.907621
13 26 0.722441
13 27 0.561587
13 28 0.032787
13 29 0.573892
13 30 0.249057
13 31 0.685764
13 32 0.080078
13 33 0.921053
13 34 0.089947
13 35 0.912109
13 36 0.909483
13 37 0.743316
13 38 0.451673
13 39 0.210407
13 40 0.157171
13 41 0.151877
13 42 0.832031
13 43 0.639024
13 44 0.112840
13 45 0.907071
13 46 0.873832
13 47 0.834835
13 48 0.540541
13 49 0.706783
13 50 0.223361
13 51 0.661692
13 52 0.822072
13 53 0.347727
13 54 0.800000
13 55 0.784679
13 56 0.508333
13 57 0.905482
13 58 0.362613
13 59 0.186260
13 60 0.741379
13 61 0.495516
13 62 0.639286
13 63 0.690955
13 64 0.633499
13 65 0.102273
13 66 0.166405
13 67 0.489607
13 68 0.656425
13 69 0.780357
13 70 0.149385
13 71 0.449591
13 72 0.348780
13 73 0.205455
13 74 0.343874
13 75 0.156300
13 76 0.535211
13 77 0.637398
13 78 0.774194
13 79 0.517560
13 80 0.410870
13 81 0.617225
13 82 0.215909
13 83 0.762948
13 84 0.367793
13 85 0.261072
13 86 0.549747
13 87 0.244444
13 88 0.729847
13 89 0.487745
13 90 0.182573
13 91 0.227444
13 92 0.156550
13 93 0.347059
13 94 0.784644
13 95 0.769944
13 96 0.642599
13 97 0.709220
13 98 0.814925
13 99 0.081882
14 15 0.313131
14 16 0.759230
14 17 0.161525
14 18 0.788845
14 19 0.597458
14 20 0.136268
14 21 0.267857
14 22 0.741304
14 23 0.771429
14 24 0.552795
14 25 0.387991
14 26 0.637795
14 27 0.269311
14 28 0.706740
14 29 0.667488
14 30 0.600000
14 31 0.204861
14 32 0.656250
14 33 0.217703
14 34 0.680776
14 35 0.541016
14 36 0.443966
14 37 0.556150
14 38 0.819703
14 39 0.678733
14 40 0.752456
14 41 0.668942
14 42 0.111328
14 43 0.631707
14 44 0.642023
14 45 0.290909
14 46 0.334112
14 47 0.453453
14 48 0.721414
14 49 0.105033
14 50 0.592213
14 51 0.255390
14 52 0.551802
14 53 0.793182
14 54 0.525000
14 55 0.020704
14 56 0.743750
14 57 0.349716
14 58 0.520270
14 59 0.735878
14 60 0.575431
14 61 0.733184
14 62 0.708929
14 63 0.336683
14 64 0.280265
14 65 0.651515
14 66 0.745683
14 67 0.381062
14 68 0.569832
14 69 0.287500
14 70 0.657293
14 71 0.623978
14 72 0.734146
14 73 0.625455
14 74 0.835968
14 75 0.744817
14 76 0.303823
14 77 0.738211
14 78 0.559772
14 79 0.774492
14 80 0.456522
14 81 0.323764
14 82 0.627273
14 83 0.099602
14 84 0.805169
14 85 0.699301
14 86 0.362563
14 87 0.737778
14 88 0.605664
14 89 0.700980
14 90 0.607884
14 91 0.607143
14 92 0.746006
14 93 0.821569
14 94 0.095506
14 95 0.359926
14 96 0.214801
14 97 0.479905
14 98 0.373134
14 99 0.663763
15 16 0.690209
15 17 0.430127
15 18 0.802789
15 19 0.468220
15 20 0.207547
15 21 0.091270
15 22 0.754348
15 23 0.783673
15 24 0.333333
15 25 0.203233
15 26 0.515748
15 27 0.569937
15 28 0.868852
15 29 0.692118
15 30 0.837736
15 31 0.458333
15 32 0.851562
15 33 0.191388
15 34 0.864198
15 35 0.296875
15 36 0.209052
15 37 0.558824
15 38 0.834572
15 39 0.843891
15 40 0.878193
15 41 0.863481
15 42 0.273438
15 43 0.621951
15 44 0.848249
15 45 0.024242
15 46 0.214953
15 47 0.549550
15 48 0.704782
15 49 0.415755
15 50 0.829918
15 51 0.500829
15 52 0.403153
15 53 0.879545
15 54 0.643750
15 55 0.320911
15 56 0.741667
15 57 0.056711
15 58 0.801802
15 59 0.888550
15 60 0.461207
15 61 0.755605
15 62 0.623214
15 63 0.464824
15 64 0.532338
15 65 0.852273
15 66 0.888540
15 67 0.669746
15 68 0.659218
15 69 0.064286
15 70 0.857645
15 71 0.809264
15 72 0.853659
15 73 0.847273
15 74 0.901186
15 75 0.888357
15 76 0.599598
15 77 0.653659
15 78 0.392789
15 79 0.754159
15 80 0.741304
15 81 0.566188
15 82 0.831818
15 83 0.211155
15 84 0.858847
15 85 0.848485
15 86 0.623946
15 87 0.864444
15 88 0.503268
15 89 0.762255
15 90 0.834025
15 91 0.840226
15 92 0.889776
15 93 0.882353
15 94 0.232210
15 95 0.168831
15 96 0.494585
15 97 0.449173
15 98 0.144776
15 99 0.843206
16 17 0.998185
16 18 0.298805
16 19 0.442797
16 20 0.997904
16 21 0.936508
16 22 0.365217
16 23 0.306122
16 24 0.583851
16 25 0.796767
16 26 0.330709
16 27 0.997912
16 28 0.697632
16 29 0.534483
16 30 0.915094
16 31 0.998264
16 32 0.779297
16 33 0.978469
16 34 0.761905
16 35 0.611328
16 36 0.719828
16 37 0.708556
16 38 0.278810
16 39 0.717195
16 40 0.597250
16 41 0.803754
16 42 0.998047
16 43 0.531707
16 44 0.807393
16 45 0.862626
16 46 0.829439
16 47 0.975976
16 48 0.297297
16 49 0.997812
16 50 0.895492
16 51 0.998342
16 52 0.563063
16 53 0.522727
16 54 0.978125
16 55 0.997930
16 56 0.308333
16 57 0.801512
16 58 0.997748
16 59 0.714504
16 60 0.467672
16 61 0.405830
16 62 0.142857
16 63 0.866834
16 64 0.998342
16 65 0.799242
16 66 0.681319
16 67 0.997691
16 68 0.793296
16 69 0.703571
16 70 0.815466
16 71 0.852861
16 72 0.639024
16 73 0.872727
16 74 0.436759
16 75 0.676236
16 76 0.997988
16 77 0.056911
16 78 0.438330
16 79 0.186691
16 80 0.997826
16 81 0.998405
16 82 0.809091
16 83 0.882470
16 84 0.397614
16 85 0.685315
16 86 0.998314
16 87 0.615556
16 88 0.440087
16 89 0.553922
16 90 0.856846
16 91 0.896617
16 92 0.672524
16 93 0.421569
16 94 0.923221
16 95 0.628942
16 96 0.998195
16 97 0.638298
16 98 0.679104
16 99 0.745645
17 18 0.910359
17 19 0.777542
17 20 0.291405
17 21 0.412698
17 22 0.880435
17 23 0.900000
17 24 0.739130
17 25 0.595843
17 26 0.803150
17 27 0.242171
17 28 0.735883
17 29 0.832512
17 30 0.573585
17 31 0.048611
17 32 0.675781
17 33 0.430622
17 34 0.689594
17 35 0.716797
17 36 0.635776
17 37 0.759358
17 38 0.929368
17 39 0.753394
17 40 0.817289
17 41 0.660410
17 42 0.199219
17 43 0.807317
17 44 0.655642
17 45 0.458586
17 46 0.542056
17 47 0.675676
17 48 0.866944
17 49 0.203501
17 50 0.590164
17 51 0.107794
17 52 0.747748
17 53 0.904545
17 54 0.740625
17 55 0.178054
17 56 0.881250
17 57 0.504726
17 58 0.515766
17 59 0.740458
17 60 0.756466
17 61 0.876682
17 62 0.850000
17 63 0.512563
17 64 0.139303
17 65 0.660985
17 66 0.759812
17 67 0.399538
17 68 0.751397
17 69 0.444643
17 70 0.650264
17 71 0.746594
17 72 0.848780
17 73 0.605455
17 74 0.930830
17 75 0.762360
17 76 0.251509
17 77 0.866667
17 78 0.728653
17 79 0.898336
17 80 0.439130
17 81 0.188198
17 82 0.684091
17 83 0.276892
17 84 0.908549
17 85 0.790210
17 86 0.247892
17 87 0.828889
17 88 0.786492
17 89 0.848039
17 90 0.622407
17 91 0.586466
17 92 0.765176
17 93 0.917647
17 94 0.215356
17 95 0.526902
17 96 0.081227
17 97 0.669031
17 98 0.489552
17 99 0.670732
18 19 0.440678
18 20 0.876310
18 21 0.865079
18 22 0.123913
18 23 0.038776
18 24 0.612836
18 25 0.729792
18 26 0.374016
18 27 0.762004
18 28 0.424408
18 29 0.312808
18 30 0.639623
18 31 0.831597
18 32 0.490234
18 33 0.854067
18 34 0.497354
18 35 0.654297
18 36 0.698276
18 37 0.532086
18 38 0.085502
18 39 0.391403
18 40 0.302554
18 41 0.547782
18 42 0.867188
18 43 0.360976
18 44 0.519455
18 45 0.802020
18 46 0.733645
18 47 0.741742
18 48 0.141372
18 49 0.800875
18 50 0.602459
18 51 0.829187
18 52 0.538288
18 53 0.188636
18 54 0.712500
18 55 0.840580
18 56 0.100000
18 57 0.773157
18 58 0.695946
18 59 0.490076
18 60 0.437500
18 61 0.154709
18 62 0.251786
18 63 0.658291
18 64 0.820896
18 65 0.517045
18 66 0.453689
18 67 0.720554
18 68 0.536313
18 69 0.658929
18 70 0.551845
18 71 0.517711
18 72 0.302439
18 73 0.603636
18 74 0.160079
18 75 0.443381
18 76 0.762575
18 77 0.266667
18 78 0.480076
18 79 0.090573
18 80 0.713043
18 81 0.819777
18 82 0.488636
18 83 0.754980
18 84 0.107356
18 85 0.354312
18 86 0.792580
18 87 0.286667
18 88 0.407407
18 89 0.272059
18 90 0.558091
18 91 0.622180
18 92 0.440895
18 93 0.145098
18 94 0.803371
18 95 0.599258
18 96 0.812274
18 97 0.508274
18 98 0.685075
18 99 0.484321
19 20 0.572327
19 21 0.521825
19 22 0.350000
19 23 0.387755
19 24 0.180124
19 25 0.314088
19 26 0.084646
19 27 0.678497
19 28 0.675774
19 29 0.307882
19 30 0.771698
19 31 0.684028
19 32 0.691406
19 33 0.492823
19 34 0.714286
19 35 0.246094
19 36 0.273707
19 37 0.272727
19 38 0.464684
19 39 0.604072
19 40 0.609037
19 41 0.740614
19 42 0.607422
19 43 0.236585
19 44 0.708171
19 45 0.440404
19 46 0.348131
19 47 0.459459
19 48 0.291060
19 49 0.606127
19 50 0.737705
19 51 0.708126
19 52 0.092342
19 53 0.520455
19 54 0.484375
19 55 0.598344
19 56 0.335417
19 57 0.410208
19 58 0.761261
19 59 0.728244
19 60 0.038793
19 61 0.354260
19 62 0.228571
19 63 0.437186
19 64 0.719735
19 65 0.712121
19 66 0.708006
19 67 0.688222
19 68 0.407821
19 69 0.328571
19 70 0.739895
19 71 0.580381
19 72 0.529268
19 73 0.760000
19 74 0.553360
19 75 0.701754
19 76 0.700201
19 77 0.295935
19 78 0.092979
19 79 0.365989
19 80 0.741304
19 81 0.738437
19 82 0.650000
19 83 0.484064
19 84 0.500994
19 85 0.575758
19 86 0.750422
19 87 0.566667
19 88 0.052288
19 89 0.394608
19 90 0.711618
19 91 0.763158
19 92 0.701278
19 93 0.535294
19 94 0.546816
19 95 0.241187
19 96 0.687726
19 97 0.215130
19 98 0.380597
19 99 0.695122
20 21 0.140873
20 22 0.786957
20 23 0.816327
20 24 0.492754
20 25 0.325635
20 26 0.622047
20 27 0.405010
20 28 0.803279
20 29 0.716749
20 30 0.718868
20 31 0.286458
20 32 0.763672
20 33 0.160287
20 34 0.783069
20 35 0.466797
20 36 0.370690
20 37 0.590909
20 38 0.862454
20 39 0.782805
20 40 0.838900
20 41 0.771331
20 42 0.083984
20 43 0.665854
20 44 0.754864
20 45 0.179798
20 46 0.287383
20 47 0.519520
20 48 0.754678
20 49 0.242888
20 50 0.715164
20 51 0.336650
20 52 0.522523
20 53 0.868182
20 54 0.606250
20 55 0.126294
20 56 0.781250
20 57 0.241966
20 58 0.659910
20 59 0.821374
20 60 0.562500
20 61 0.782511
20 62 0.708929
20 63 0.407035
20 64 0.369818
20 65 0.759470
20 66 0.830455
20 67 0.521940
20 68 0.642458
20 69 0.207143
20 70 0.762742
20 71 0.738420
20 72 0.821951
20 73 0.738182
20 74 0.901186
20 75 0.829346
20 76 0.436620
20 77 0.736585
20 78 0.521822
20 79 0.802218
20 80 0.593478
20 81 0.409888
20 82 0.743182
20 83 0.079681
20 84 0.864811
20 85 0.797203
20 86 0.467116
20 87 0.826667
20 88 0.599129
20 89 0.767157
20 90 0.728216
20 91 0.725564
20 92 0.832268
20 93 0.884314
20 94 0.046816
20 95 0.300557
20 96 0.319495
20 97 0.494090
20 98 0.282090
20 99 0.761324
21 22 0.826087
21 23 0.851020
21 24 0.428571
21 25 0.293303
21 26 0.600394
21 27 0.546973
21 28 0.892532
21 29 0.766010
21 30 0.837736
21 31 0.404514
21 32 0.869141
21 33 0.210526
21 34 0.880071
21 35 0.386719
21 36 0.306034
21 37 0.636364
21 38 0.895911
21 39 0.882353
21 40 0.917485
21 41 0.872014
21 42 0.207031
21 43 0.702439
21 44 0.861868
21 45 0.090909
21 46 0.287383
21 47 0.609610
21 48 0.779626
21 49 0.389497
21 50 0.836066
21 51 0.449420
21 52 0.497748
21 53 0.938636
21 54 0.709375
21 55 0.273292
21 56 0.812500
21 57 0.130435
21 58 0.799550
21 59 0.903817
21 60 0.549569
21 61 0.827354
21 62 0.698214
21 63 0.502513
21 64 0.484245
21 65 0.865530
21 66 0.908948
21 67 0.665127
21 68 0.723464
21 69 0.142857
21 70 0.866432
21 71 0.852861
21 72 0.907317
21 73 0.850909
21 74 0.956522
21 75 0.910686
21 76 0.575453
21 77 0.723577
21 78 0.478178
21 79 0.822551
21 80 0.734783
21 81 0.519936
21 82 0.856818
21 83 0.189243
21 84 0.916501
21 85 0.892774
21 86 0.586847
21 87 0.911111
21 88 0.590414
21 89 0.830882
21 90 0.846473
21 91 0.842105
21 92 0.912141
21 93 0.939216
21 94 0.174157
21 95 0.250464
21 96 0.447653
21 97 0.522459
21 98 0.179104
21 99 0.857143
22 23 0.077551
22 24 0.513458
22 25 0.600462
22 26 0.297244
22 27 0.665971
22 28 0.426230
22 29 0.172414
22 30 0.601887
22 31 0.741319
22 32 0.464844
22 33 0.717703
22 34 0.492063
22 35 0.560547
22 36 0.581897
22 37 0.379679
22 38 0.191450
22 39 0.343891
22 40 0.316306
22 41 0.537543
22 42 0.757812
22 43 0.221951
22 44 0.492218
22 45 0.686869
22 46 0.600467
22 47 0.573574
22 48 0.066528
22 49 0.684902
22 50 0.553279
22 51 0.746269
22 52 0.421171
22 53 0.175000
22 54 0.537500
22 55 0.724638
22 56 0.041667
22 57 0.667297
22 58 0.619369
22 59 0.508397
22 60 0.329741
22 61 0.031390
22 62 0.232143
22 63 0.517588
22 64 0.741294
22 65 0.494318
22 66 0.477237
22 67 0.618938
22 68 0.382682
22 69 0.558929
22 70 0.537786
22 71 0.400545
22 72 0.231707
22 73 0.576364
22 74 0.233202
22 75 0.467305
22 76 0.672032
22 77 0.276423
22 78 0.396584
22 79 0.149723
22 80 0.632609
22 81 0.746411
22 82 0.427273
22 83 0.643426
22 84 0.180915
22 85 0.300699
22 86 0.723440
22 87 0.262222
22 88 0.300654
22 89 0.149510
22 90 0.510373
22 91 0.586466
22 92 0.464856
22 93 0.219608
22 94 0.696629
22 95 0.499072
22 96 0.722022
22 97 0.373522
22 98 0.604478
22 99 0.477352
23 24 0.575569
23 25 0.685912
23 26 0.340551
23 27 0.732777
23 28 0.429872
23 29 0.266010
23 30 0.632075
23 31 0.803819
23 32 0.486328
23 33 0.808612
23 34 0.499118
23 35 0.617188
23 36 0.655172
23 37 0.481283
23 38 0.120818
23 39 0.380090
23 40 0.310413
23 41 0.547782
23 42 0.832031
23 43 0.314634
23 44 0.515564
23 45 0.761616
23 46 0.686916
23 47 0.687688
23 48 0.103950
23 49 0.763676
23 50 0.590164
23 51 0.804312
23 52 0.495495
23 53 0.181818
23 54 0.656250
23 55 0.803313
23 56 0.060417
23 57 0.735350
23 58 0.675676
23 59 0.500763
23 60 0.398707
23 61 0.114350
23 62 0.233929
23 63 0.613065
23 64 0.797678
23 65 0.515152
23 66 0.464678
23 67 0.690531
23 68 0.486034
23 69 0.625000
23 70 0.551845
23 71 0.482289
23 72 0.280488
23 73 0.600000
23 74 0.185771
23 75 0.456140
23 76 0.736419
23 77 0.260163
23 78 0.447818
23 79 0.096118
23 80 0.691304
23 81 0.797448
23 82 0.472727
23 83 0.719124
23 84 0.131213
23 85 0.337995
23 86 0.774030
23 87 0.280000
23 88 0.366013
23 89 0.232843
23 90 0.545643
23 91 0.614662
23 92 0.452077
23 93 0.170588
23 94 0.767790
23 95 0.564007
23 96 0.785199
23 97 0.460993
23 98 0.655224
23 99 0.486063
24 25 0.228637
24 26 0.228346
24 27 0.716075
24 28 0.808743
24 29 0.500000
24 30 0.871698
24 31 0.668403
24 32 0.820312
24 33 0.425837
24 34 0.834215
24 35 0.076172
24 36 0.142241
24 37 0.411765
24 38 0.626394
24 39 0.762443
24 40 0.766208
24 41 0.851536
24 42 0.546875
24 43 0.419512
24 44 0.830739
24 45 0.329293
24 46 0.289720
24 47 0.543544
24 48 0.474012
24 49 0.608315
24 50 0.848361
24 51 0.698176
24 52 0.146396
24 53 0.706818
24 54 0.603125
24 55 0.563147
24 56 0.518750
24 57 0.279773
24 58 0.860360
24 59 0.841221
24 60 0.202586
24 61 0.544843
24 62 0.362500
24 63 0.500000
24 64 0.718076
24 65 0.833333
24 66 0.828885
24 67 0.764434
24 68 0.558659
24 69 0.228571
24 70 0.850615
24 71 0.741144
24 72 0.714634
24 73 0.863636
24 74 0.725296
24 75 0.824561
24 76 0.740443
24 77 0.406504
24 78 0.096774
24 79 0.526802
24 80 0.823913
24 81 0.741627
24 82 0.790909
24 83 0.438247
24 84 0.673956
24 85 0.743590
24 86 0.775717
24 87 0.737778
24 88 0.237473
24 89 0.585784
24 90 0.831950
24 91 0.866541
24 92 0.824281
24 93 0.705882
24 94 0.488764
24 95 0.141002
24 96 0.687726
24 97 0.316785
24 98 0.258209
24 99 0.811847
25 26 0.352362
25 27 0.532359
25 28 0.744991
25 29 0.482759
25 30 0.750943
25 31 0.496528
25 32 0.730469
25 33 0.188995
25 34 0.756614
25 35 0.216797
25 36 0.086207
25 37 0.334225
25 38 0.671004
25 39 0.683258
25 40 0.726916
25 41 0.766212
25 42 0.357422
25 43 0.412195
25 44 0.733463
25 45 0.167677
25 46 0.065421
25 47 0.348348
25 48 0.521830
25 49 0.398249
25 50 0.725410
25 51 0.535655
25 52 0.211712
25 53 0.693182
25 54 0.428125
25 55 0.358178
25 56 0.560417
25 57 0.175803
25 58 0.702703
25 59 0.787786
25 60 0.275862
25 61 0.562780
25 62 0.471429
25 63 0.316583
25 64 0.557214
25 65 0.740530
25 66 0.780220
25 67 0.584296
25 68 0.446927
25 69 0.092857
25 70 0.759227
25 71 0.621253
25 72 0.660976
25 73 0.756364
25 74 0.735178
25 75 0.776715
25 76 0.565392
25 77 0.518699
25 78 0.252372
25 79 0.591497
25 80 0.660870
25 81 0.586922
25 82 0.686364
25 83 0.239044
25 84 0.687873
25 85 0.675991
25 86 0.618887
25 87 0.691111
25 88 0.313725
25 89 0.558824
25 90 0.717842
25 91 0.750000
25 92 0.777955
25 93 0.717647
25 94 0.307116
25 95 0.053803
25 96 0.510830
25 97 0.248227
25 98 0.229851
25 99 0.735192
26 27 0.751566
26 28 0.684882
26 29 0.332512
26 30 0.811321
26 31 0.755208
26 32 0.716797
26 33 0.595694
26 34 0.731922
26 35 0.296875
26 36 0.357759
26 37 0.358289
26 38 0.421933
26 39 0.628959
26 40 0.609037
26 41 0.762799
26 42 0.691406
26 43 0.275610
26 44 0.735409
26 45 0.525253
26 46 0.448598
26 47 0.570571
26 48 0.257796
26 49 0.693654
26 50 0.778689
26 51 0.774461
26 52 0.189189
26 53 0.513636
26 54 0.587500
26 55 0.687371
26 56 0.304167
26 57 0.483932
26 58 0.817568
26 59 0.732824
26 60 0.122845
26 61 0.340807
26 62 0.157143
26 63 0.530151
26 64 0.784411
26 65 0.736742
26 66 0.709576
26 67 0.759815
26 68 0.483240
26 69 0.403571
26 70 0.764499
26 71 0.634877
26 72 0.546341
26 73 0.792727
26 74 0.527668
26 75 0.704944
26 76 0.770624
26 77 0.226016
26 78 0.127135
26 79 0.316081
26 80 0.802174
26 81 0.799043
26 82 0.686364
26 83 0.569721
26 84 0.475149
26 85 0.596737
26 86 0.809444
26 87 0.573333
26 88 0.104575
26 89 0.411765
26 90 0.748963
26 91 0.800752
26 92 0.702875
26 93 0.509804
26 94 0.627341
26 95 0.317254
26 96 0.759928
26 97 0.302600
26 98 0.432836
26 99 0.712544
27 28 0.522769
27 29 0.640394
27 30 0.364151
27 31 0.220486
27 32 0.449219
27 33 0.468900
27 34 0.485009
27 35 0.710938
27 36 0.635776
27 37 0.604278
27 38 0.752788
27 39 0.504525
27 40 0.597250
27 41 0.467577
27 42 0.349609
27 43 0.639024
27 44 0.428016
27 45 0.527273
27 46 0.530374
27 47 0.513514
27 48 0.700624
27 49 0.183807
27 50 0.352459
27 51 0.227197
27 52 0.673423
27 53 0.675000
27 54 0.537500
27 55 0.279503
27 56 0.704167
27 57 0.570888
27 58 0.254505
27 59 0.564885
27 60 0.659483
27 61 0.681614
27 62 0.735714
27 63 0.376884
27 64 0.213930
27 65 0.441288
27 66 0.577708
27 67 0.136259
27 68 0.544693
27 69 0.480357
27 70 0.449912
27 71 0.476839
27 72 0.602439
27 73 0.401818
27 74 0.725296
27 75 0.577352
27 76 0.052314
27 77 0.760976
27 78 0.673624
27 79 0.741220
27 80 0.189130
27 81 0.237640
27 82 0.425000
27 83 0.334661
27 84 0.709742
27 85 0.540793
27 86 0.202361
27 87 0.591111
27 88 0.677560
27 89 0.632353
27 90 0.381743
27 91 0.375940
27 92 0.579872
27 93 0.715686
27 94 0.335206
27 95 0.526902
27 96 0.162455
27 97 0.550827
27 98 0.553731
27 99 0.468641
28 29 0.603448
28 30 0.273585
28 31 0.717014
28 32 0.115234
28 33 0.964115
28 34 0.089947
28 35 0.939453
28 36 0.941810
28 37 0.780749
28 38 0.449814
28 39 0.242081
28 40 0.155206
28 41 0.155290
28 42 0.869141
28 43 0.668293
28 44 0.142023
28 45 0.941414
28 46 0.913551
28 47 0.885886
28 48 0.555094
28 49 0.746171
28 50 0.256148
28 51 0.691542
28 52 0.851351
28 53 0.359091
28 54 0.853125
28 55 0.821946
28 56 0.518750
28 57 0.937618
28 58 0.403153
28 59 0.163359
28 60 0.767241
28 61 0.511211
28 62 0.650000
28 63 0.733668
28 64 0.663350
28 65 0.126894
28 66 0.139717
28 67 0.533487
28 68 0.698324
28 69 0.808929
28 70 0.158172
28 71 0.493188
28 72 0.373171
28 73 0.223636
28 74 0.337945
28 75 0.127592
28 76 0.571429
28 77 0.643902
28 78 0.796964
28 79 0.521257
28 80 0.450000
28 81 0.644338
28 82 0.256818
28 83 0.800797
28 84 0.367793
28 85 0.289044
28 86 0.576728
28 87 0.262222
28 88 0.753813
28 89 0.514706
28 90 0.219917
28 91 0.250000
28 92 0.127796
28 93 0.343137
28 94 0.818352
28 95 0.797774
28 96 0.675090
28 97 0.742317
28 98 0.838806
28 99 0.085366
29 30 0.558491
29 31 0.628472
29 32 0.451172
29 33 0.550239
29 34 0.493827
29 35 0.470703
29 36 0.456897
29 37 0.195187
29 38 0.321561
29 39 0.323529
29 40 0.367387
29 41 0.530717
29 42 0.621094
29 43 0.073171
29 44 0.470817
29 45 0.553535
29 46 0.443925
29 47 0.360360
29 48 0.162162
29 49 0.536105
29 50 0.504098
29 51 0.641791
29 52 0.310811
29 53 0.250000
29 54 0.321875
29 55 0.581781
29 56 0.177083
29 57 0.548204
29 58 0.531532
29 59 0.535878
29 60 0.239224
29 61 0.130045
29 62 0.280357
29 63 0.341709
29 64 0.640133
29 65 0.479167
29 66 0.511774
29 67 0.496536
29 68 0.189944
29 69 0.442857
29 70 0.525483
29 71 0.277929
29 72 0.221951
29 73 0.547273
29 74 0.345850
29 75 0.502392
29 76 0.559356
29 77 0.339837
29 78 0.330171
29 79 0.273567
29 80 0.536957
29 81 0.652313
29 82 0.379545
29 83 0.501992
29 84 0.298211
29 85 0.284382
29 86 0.632378
29 87 0.288889
29 88 0.220044
29 89 0.088235
29 90 0.468880
29 91 0.546992
29 92 0.501597
29 93 0.331373
29 94 0.565543
29 95 0.387755
29 96 0.608303
29 97 0.215130
29 98 0.516418
29 99 0.477352
30 31 0.529514
30 32 0.185547
30 33 0.870813
30 34 0.185185
30 35 0.964844
30 36 0.935345
30 37 0.831551
30 38 0.672862
30 39 0.377828
30 40 0.406680
30 41 0.148464
30 42 0.726562
30 43 0.773171
30 44 0.149805
30 45 0.872727
30 46 0.873832
30 47 0.852853
30 48 0.723493
30 49 0.590810
30 50 0.102459
30 51 0.495854
30 52 0.905405
30 53 0.581818
30 54 0.840625
30 55 0.672878
30 56 0.704167
30 57 0.886578
30 58 0.198198
30 59 0.288550
30 60 0.844828
30 61 0.688341
30 62 0.794643
30 63 0.683417
30 64 0.459370
30 65 0.147727
30 66 0.310832
30 67 0.357968
30 68 0.740223
30 69 0.767857
30 70 0.126538
30 71 0.536785
30 72 0.543902
30 73 0.054545
30 74 0.588933
30 75 0.311005
30 76 0.360161
30 77 0.795122
30 78 0.859583
30 79 0.715342
30 80 0.232609
30 81 0.437002
30 82 0.297727
30 83 0.693227
30 84 0.602386
30 85 0.442890
30 86 0.352445
30 87 0.466667
30 88 0.845316
30 89 0.661765
30 90 0.149378
30 91 0.020677
30 92 0.316294
30 93 0.588235
30 94 0.692884
30 95 0.788497
30 96 0.478339
30 97 0.777778
30 98 0.804478
30 99 0.179443
31 32 0.693359
31 33 0.497608
31 34 0.700176
31 35 0.771484
31 36 0.698276
31 37 0.828877
31 38 0.968401
31 39 0.787330
31 40 0.844794
31 41 0.667235
31 42 0.248047
31 43 0.868293
31 44 0.669261
31 45 0.513131
31 46 0.607477
31 47 0.750751
31 48 0.914761
31 49 0.260394
31 50 0.602459
31 51 0.063018
31 52 0.810811
31 53 0.950000
31 54 0.815625
31 55 0.236025
31 56 0.929167
31 57 0.555766
31 58 0.531532
31 59 0.748092
31 60 0.814655
31 61 0.926009
31 62 0.896429
31 63 0.577889
31 64 0.099502
31 65 0.674242
31 66 0.772370
31 67 0.429561
31 68 0.818436
31 69 0.492857
31 70 0.657293
31 71 0.798365
31 72 0.895122
31 73 0.610909
31 74 0.966403
31 75 0.775120
31 76 0.261569
31 77 0.908943
31 78 0.781784
31 79 0.940850
31 80 0.452174
31 81 0.148325
31 82 0.713636
31 83 0.332669
31 84 0.948310
31 85 0.829837
31 86 0.222597
31 87 0.866667
31 88 0.845316
31 89 0.901961
31 90 0.639004
31 91 0.590226
31 92 0.777955
31 93 0.954902
31 94 0.262172
31 95 0.578850
31 96 0.072202
31 97 0.730496
31 98 0.526866
31 99 0.682927
32 33 0.858852
32 34 0.095238
32 35 0.888672
32 36 0.872845
32 37 0.711230
32 38 0.500000
32 39 0.201357
32 40 0.218075
32 41 0.136519
32 42 0.767578
32 43 0.626829
32 44 0.035019
32 45 0.858586
32 46 0.824766
32 47 0.771772
32 48 0.561331
32 49 0.630197
32 50 0.137295
32 51 0.593698
32 52 0.801802
32 53 0.381818
32 54 0.740625
32 55 0.714286
32 56 0.533333
32 57 0.863894
32 58 0.270270
32 59 0.224427
32 60 0.728448
32 61 0.513453
32 62 0.657143
32 63 0.630653
32 64 0.565506
32 65 0.043561
32 66 0.218210
32 67 0.404157
32 68 0.614525
32 69 0.741071
32 70 0.119508
32 71 0.403270
32 72 0.356098
32 73 0.149091
32 74 0.401186
32 75 0.210526
32 76 0.452716
32 77 0.661789
32 78 0.762808
32 79 0.552680
32 80 0.321739
32 81 0.550239
32 82 0.163636
32 83 0.703187
32 84 0.417495
32 85 0.261072
32 86 0.478921
32 87 0.271111
32 88 0.721133
32 89 0.487745
32 90 0.097510
32 91 0.157895
32 92 0.212460
32 93 0.403922
32 94 0.722846
32 95 0.738404
32 96 0.570397
32 97 0.678487
32 98 0.783582
32 99 0.083624
33 34 0.728395
33 35 0.363281
33 36 0.247845
33 37 0.422460
33 38 0.749071
33 39 0.683258
33 40 0.744597
33 41 0.728669
33 42 0.205078
33 43 0.509756
33 44 0.696498
33 45 0.137374
33 46 0.133178
33 47 0.348348
33 48 0.619543
33 49 0.251641
33 50 0.668033
33 51 0.406302
33 52 0.373874
33 53 0.743182
33 54 0.434375
33 55 0.194617
33 56 0.650000
33 57 0.200378
33 58 0.619369
33 59 0.772519
33 60 0.418103
33 61 0.645740
33 62 0.589286
33 63 0.281407
33 64 0.431177
33 65 0.704545
33 66 0.772370
33 67 0.484988
33 68 0.483240
33 69 0.132143
33 70 0.718805
33 71 0.613079
33 72 0.695122
33 73 0.703636
33 74 0.788538
33 75 0.770335
33 76 0.444668
33 77 0.627642
33 78 0.400380
33 79 0.683919
33 80 0.567391
33 81 0.467305
33 82 0.659091
33 83 0.081673
33 84 0.749503
33 85 0.687646
33 86 0.505902
33 87 0.715556
33 88 0.453159
33 89 0.622549
33 90 0.670124
33 91 0.689850
33 92 0.771565
33 93 0.772549
33 94 0.161049
33 95 0.192950
33 96 0.377256
33 97 0.340426
33 98 0.262687
33 99 0.709059
34 35 0.994141
34 36 0.989224
34 37 0.852941
34 38 0.544610
34 39 0.309955
34 40 0.255403
34 41 0.066553
34 42 0.865234
34 43 0.748780
34 44 0.108949
34 45 0.967677
34 46 0.953271
34 47 0.936937
34 48 0.646570
34 49 0.739606
34 50 0.211066
34 51 0.655058
34 52 0.918919
34 53 0.463636
34 54 0.909375
34 55 0.817805
34 56 0.614583
34 57 0.965974
34 58 0.362613
34 59 0.145038
34 60 0.838362
34 61 0.607623
34 62 0.730357
34 63 0.768844
34 64 0.623549
34 65 0.079545
34 66 0.149137
34 67 0.515012
34 68 0.765363
34 69 0.837500
34 70 0.070299
34 71 0.550409
34 72 0.465854
34 73 0.143636
34 74 0.438735
34 75 0.145136
34 76 0.537223
34 77 0.721951
34 78 0.859583
34 79 0.611830
34 80 0.408696
34 81 0.601276
34 82 0.286364
34 83 0.808765
34 84 0.469185
34 85 0.368298
34 86 0.526138
34 87 0.357778
34 88 0.830065
34 89 0.602941
34 90 0.192946
34 91 0.176692
34 92 0.148562
34 93 0.443137
34 94 0.818352
34 95 0.838590
34 96 0.644404
34 97 0.803783
34 98 0.864179
34 99 0.010453
35 36 0.153017
35 37 0.505348
35 38 0.697026
35 39 0.846154
35 40 0.840864
35 41 0.911263
35 42 0.550781
35 43 0.514634
35 44 0.896887
35 45 0.315152
35 46 0.324766
35 47 0.630631
35 48 0.553015
35 49 0.643326
35 50 0.915984
35 51 0.716418
35 52 0.231982
35 53 0.795455
35 54 0.703125
35 55 0.581781
35 56 0.597917
35 57 0.249527
35 58 0.927928
35 59 0.897710
35 60 0.286638
35 61 0.632287
35 62 0.421429
35 63 0.567839
35 64 0.739635
35 65 0.899621
35 66 0.886970
35 67 0.824480
35 68 0.653631
35 69 0.221429
35 70 0.912127
35 71 0.836512
35 72 0.807317
35 73 0.923636
35 74 0.802372
35 75 0.885167
35 76 0.784708
35 77 0.455285
35 78 0.159393
35 79 0.595194
35 80 0.884783
35 81 0.763955
35 82 0.870455
35 83 0.452191
35 84 0.751491
35 85 0.829837
35 86 0.807757
35 87 0.822222
35 88 0.322440
35 89 0.678922
35 90 0.902490
35 91 0.926692
35 92 0.884984
35 93 0.782353
35 94 0.494382
35 95 0.153989
35 96 0.711191
35 97 0.397163
35 98 0.213433
35 99 0.874564
36 37 0.390374
36 38 0.684015
36 39 0.744344
36 40 0.772102
36 41 0.822526
36 42 0.419922
36 43 0.443902
36 44 0.795720
36 45 0.195960
36 46 0.158879
36 47 0.450450
36 48 0.534304
36 49 0.485777
36 50 0.797131
36 51 0.598673
36 52 0.195946
36 53 0.731818
36 54 0.525000
36 55 0.434783
36 56 0.575000
36 57 0.170132
36 58 0.786036
36 59 0.830534
36 60 0.267241
36 61 0.587444
36 62 0.453571
36 63 0.407035
36 64 0.620232
36 65 0.801136
36 66 0.822606
36 67 0.674365
36 68 0.519553
36 69 0.110714
36 70 0.817223
36 71 0.700272
36 72 0.717073
36 73 0.820000
36 74 0.760870
36 75 0.819777
36 76 0.645875
36 77 0.495935
36 78 0.208729
36 79 0.593346
36 80 0.743478
36 81 0.649123
36 82 0.756818
36 83 0.310757
36 84 0.713718
36 85 0.734266
36 86 0.686341
36 87 0.742222
36 88 0.307190
36 89 0.602941
36 90 0.788382
36 91 0.817669
36 92 0.819489
36 93 0.743137
36 94 0.367041
36 95 0.020408
36 96 0.581227
36 97 0.293144
36 98 0.201493
36 99 0.789199
37 38 0.455390
37 39 0.418552
37 40 0.483301
37 41 0.588737
37 42 0.488281
37 43 0.124390
37 44 0.529183
37 45 0.406061
37 46 0.273364
37 47 0.177177
37 48 0.293139
37 49 0.417943
37 50 0.536885
37 51 0.562189
37 52 0.204955
37 53 0.406818
37 54 0.168750
37 55 0.449275
37 56 0.320833
37 57 0.413989
37 58 0.531532
37 59 0.610687
37 60 0.181034
37 61 0.291480
37 62 0.342857
37 63 0.201005
37 64 0.567164
37 65 0.541667
37 66 0.594976
37 67 0.450346
37 68 0.128492
37 69 0.316071
37 70 0.579965
37 71 0.321526
37 72 0.358537
37 73 0.585455
37 74 0.488142
37 75 0.586922
37 76 0.498994
37 77 0.404878
37 78 0.271347
37 79 0.393715
37 80 0.517391
37 81 0.588517
37 82 0.440909
37 83 0.364542
37 84 0.443340
37 85 0.393939
37 86 0.583474
37 87 0.415556
37 88 0.187364
37 89 0.250000
37 90 0.512448
37 91 0.580827
37 92 0.586262
37 93 0.472549
37 94 0.438202
37 95 0.261596
37 96 0.525271
37 97 0.049645
37 98 0.414925
37 99 0.545296
38 39 0.454751
38 40 0.318271
38 41 0.566553
38 42 0.957031
38 43 0.473171
38 44 0.558366
38 45 0.892929
38 46 0.838785
38 47 0.876877
38 48 0.230769
38 49 0.897155
38 50 0.653689
38 51 0.895522
38 52 0.635135
38 53 0.252273
38 54 0.853125
38 55 0.933747
38 56 0.191667
38 57 0.858223
38 58 0.768018
38 59 0.487023
38 60 0.530172
38 61 0.257848
38 62 0.294643
38 63 0.771357
38 64 0.887231
38 65 0.551136
38 66 0.447410
38 67 0.808314
38 68 0.662011
38 69 0.739286
38 70 0.576450
38 71 0.623978
38 72 0.387805
38 73 0.638182
38 74 0.142292
38 75 0.438596
38 76 0.839034
38 77 0.281301
38 78 0.554080
38 79 0.110906
38 80 0.786957
38 81 0.880383
38 82 0.552273
38 83 0.846614
38 84 0.115308
38 85 0.424242
38 86 0.853288
38 87 0.342222
38 88 0.498911
38 89 0.379902
38 90 0.607884
38 91 0.661654
38 92 0.434505
38 93 0.131373
38 94 0.887640
38 95 0.682746
38 96 0.886282
38 97 0.614657
38 98 0.749254
38 99 0.505226
39 40 0.163065
39 41 0.288396
39 42 0.695312
39 43 0.414634
39 44 0.198444
39 45 0.733333
39 46 0.665888
39 47 0.570571
39 48 0.380457
39 49 0.562363
39 50 0.245902
39 51 0.597015
39 52 0.612613
39 53 0.206818
39 54 0.521875
39 55 0.641822
39 56 0.354167
39 57 0.739130
39 58 0.315315
39 59 0.328244
39 60 0.543103
39 61 0.318386
39 62 0.500000
39 63 0.477387
39 64 0.578773
39 65 0.212121
39 66 0.306122
39 67 0.378753
39 68 0.399441
39 69 0.621429
39 70 0.275923
39 71 0.207084
39 72 0.139024
39 73 0.298182
39 74 0.292490
39 75 0.295056
39 76 0.458753
39 77 0.523577
39 78 0.597723
39 79 0.406654
39 80 0.356522
39 81 0.577352
39 82 0.095455
39 83 0.607570
39 84 0.288270
39 85 0.053613
39 86 0.522766
39 87 0.104444
39 88 0.529412
39 89 0.269608
39 90 0.197095
39 91 0.300752
39 92 0.293930
39 93 0.290196
39 94 0.647940
39 95 0.599258
39 96 0.564982
39 97 0.489362
39 98 0.680597
39 99 0.228223
40 41 0.288396
40 42 0.857422
40 43 0.529268
40 44 0.252918
40 45 0.882828
40 46 0.831776
40 47 0.792793
40 48 0.401247
40 49 0.743982
40 50 0.352459
40 51 0.729685
40 52 0.729730
40 53 0.190909
40 54 0.753125
40 55 0.811594
40 56 0.362500
40 57 0.873346
40 58 0.472973
40 59 0.261069
40 60 0.642241
40 61 0.354260
40 62 0.514286
40 63 0.670854
40 64 0.709784
40 65 0.248106
40 66 0.222920
40 67 0.563510
40 68 0.589385
40 69 0.748214
40 70 0.291740
40 71 0.422343
40 72 0.241463
40 73 0.349091
40 74 0.183794
40 75 0.208931
40 76 0.617706
40 77 0.517073
40 78 0.683112
40 79 0.373383
40 80 0.513043
40 81 0.698565
40 82 0.263636
40 83 0.768924
40 84 0.208748
40 85 0.195804
40 86 0.644182
40 87 0.131111
40 88 0.620915
40 89 0.367647
40 90 0.302905
40 91 0.368421
40 92 0.206070
40 93 0.188235
40 94 0.801498
40 95 0.719852
40 96 0.711191
40 97 0.633570
40 98 0.783582
40 99 0.221254
41 42 0.875000
41 43 0.821951
41 44 0.140078
41 45 0.997980
41 46 0.997664
41 47 0.996997
41 48 0.721414
41 49 0.752735
41 50 0.211066
41 51 0.640133
41 52 0.979730
41 53 0.547727
41 54 0.978125
41 55 0.830228
41 56 0.689583
41 57 0.998110
41 58 0.362613
41 59 0.155725
41 60 0.900862
41 61 0.688341
41 62 0.794643
41 63 0.814070
41 64 0.605307
41 65 0.111742
41 66 0.178964
41 67 0.524249
41 68 0.835196
41 69 0.869643
41 70 0.031634
41 71 0.618529
41 72 0.546341
41 73 0.103636
41 74 0.517787
41 75 0.180223
41 76 0.527163
41 77 0.782114
41 78 0.914611
41 79 0.683919
41 80 0.404348
41 81 0.577352
41 82 0.340909
41 83 0.830677
41 84 0.546720
41 85 0.445221
41 86 0.499157
41 87 0.437778
41 88 0.895425
41 89 0.683824
41 90 0.213693
41 91 0.144737
41 92 0.185304
41 93 0.521569
41 94 0.831461
41 95 0.879406
41 96 0.633574
41 97 0.862884
41 98 0.891045
41 99 0.073171
42 43 0.736585
42 44 0.752918
42 45 0.264646
42 46 0.380841
42 47 0.591592
42 48 0.814969
42 49 0.227571
42 50 0.704918
42 51 0.273632
42 52 0.610360
42 53 0.913636
42 54 0.678125
42 55 0.097308
42 56 0.839583
42 57 0.319471
42 58 0.644144
42 59 0.822901
42 60 0.642241
42 61 0.840807
42 62 0.771429
42 63 0.459799
42 64 0.308458
42 65 0.759470
42 66 0.835165
42 67 0.510393
42 68 0.706704
42 69 0.283929
42 70 0.755712
42 71 0.773842
42 72 0.863415
42 73 0.725455
42 74 0.940711
42 75 0.835726
42 76 0.400402
42 77 0.795122
42 78 0.599620
42 79 0.855823
42 80 0.573913
42 81 0.350877
42 82 0.756818
42 83 0.135458
42 84 0.908549
42 85 0.827506
42 86 0.416526
42 87 0.860000
42 88 0.677560
42 89 0.823529
42 90 0.726141
42 91 0.710526
42 92 0.837061
42 93 0.925490
42 94 0.035581
42 95 0.378479
42 96 0.261733
42 97 0.569740
42 98 0.337313
42 99 0.761324
43 44 0.519455
43 45 0.501010
43 46 0.385514
43 47 0.321321
43 48 0.187110
43 49 0.518600
43 50 0.547131
43 51 0.635158
43 52 0.240991
43 53 0.318182
43 54 0.296875
43 55 0.554865
43 56 0.214583
43 57 0.497164
43 58 0.565315
43 59 0.580153
43 60 0.176724
43 61 0.181614
43 62 0.267857
43 63 0.316583
43 64 0.636816
43 65 0.528409
43 66 0.558870
43 67 0.515012
43 68 0.187151
43 69 0.396429
43 70 0.569420
43 71 0.326975
43 72 0.295122
43 73 0.587273
43 74 0.401186
43 75 0.550239
43 76 0.567404
43 77 0.333333
43 78 0.277040
43 79 0.297597
43 80 0.563043
43 81 0.652313
43 82 0.431818
43 83 0.468127
43 84 0.351889
43 85 0.349650
43 86 0.640809
43 87 0.355556
43 88 0.159041
43 89 0.161765
43 90 0.514523
43 91 0.588346
43 92 0.549521
43 93 0.386275
43 94 0.533708
43 95 0.333952
43 96 0.602888
43 97 0.156028
43 98 0.474627
43 99 0.524390
44 45 0.858586
44 46 0.829439
44 47 0.780781
44 48 0.590437
44 49 0.617068
44 50 0.106557
44 51 0.572139
44 52 0.817568
44 53 0.420455
44 54 0.750000
44 55 0.701863
44 56 0.564583
44 57 0.865784
44 58 0.243243
44 59 0.230534
44 60 0.747845
44 61 0.544843
44 62 0.682143
44 63 0.635678
44 64 0.543947
44 65 0.026515
44 66 0.230769
44 67 0.385681
44 68 0.634078
44 69 0.742857
44 70 0.100176
44 71 0.419619
44 72 0.387805
44 73 0.118182
44 74 0.436759
44 75 0.224880
44 76 0.430584
44 77 0.687805
44 78 0.779886
44 79 0.584104
44 80 0.295652
44 81 0.526316
44 82 0.177273
44 83 0.699203
44 84 0.453280
44 85 0.291375
44 86 0.451939
44 87 0.306667
44 88 0.740741
44 89 0.519608
44 90 0.076763
44 91 0.124060
44 92 0.228435
44 93 0.439216
44 94 0.713483
44 95 0.743970
44 96 0.550542
44 97 0.692671
44 98 0.785075
44 99 0.087108
45 46 0.193925
45 47 0.519520
45 48 0.692308
45 49 0.389497
45 50 0.807377
45 51 0.484245
45 52 0.396396
45 53 0.859091
45 54 0.612500
45 55 0.298137
45 56 0.729167
45 57 0.077505
45 58 0.774775
45 59 0.871756
45 60 0.454741
45 61 0.739910
45 62 0.617857
45 63 0.437186
45 64 0.514096
45 65 0.831439
45 66 0.872841
45 67 0.642032
45 68 0.634078
45 69 0.060714
45 70 0.838313
45 71 0.779292
45 72 0.829268
45 73 0.827273
45 74 0.885375
45 75 0.870813
45 76 0.575453
45 77 0.650407
45 78 0.392789
45 79 0.744917
45 80 0.715217
45 81 0.548644
45 82 0.806818
45 83 0.189243
45 84 0.842942
45 85 0.825175
45 86 0.605396
45 87 0.842222
45 88 0.494553
45 89 0.742647
45 90 0.809129
45 91 0.817669
45 92 0.872204
45 93 0.868627
45 94 0.213483
45 95 0.166976
45 96 0.474729
45 97 0.430260
45 98 0.162687
45 99 0.824042
46 47 0.288288
46 48 0.523909
46 49 0.339168
46 50 0.676230
46 51 0.490879
46 52 0.243243
46 53 0.670455
46 54 0.368750
46 55 0.306418
46 56 0.556250
46 57 0.198488
46 58 0.646396
46 59 0.758779
46 60 0.297414
46 61 0.551570
46 62 0.489286
46 63 0.256281
46 64 0.512438
46 65 0.698864
46 66 0.753532
46 67 0.521940
46 68 0.405028
46 69 0.110714
46 70 0.720562
46 71 0.569482
46 72 0.629268
46 73 0.712727
46 74 0.719368
46 75 0.749601
46 76 0.509054
46 77 0.536585
46 78 0.292220
46 79 0.595194
46 80 0.604348
46 81 0.543860
46 82 0.638636
46 83 0.193227
46 84 0.675944
46 85 0.638695
46 86 0.571669
46 87 0.662222
46 88 0.333333
46 89 0.536765
46 90 0.670124
46 91 0.704887
46 92 0.749201
46 93 0.703922
46 94 0.269663
46 95 0.105751
46 96 0.462094
46 97 0.234043
46 98 0.255224
46 99 0.698606
47 48 0.407484
47 49 0.286652
47 50 0.489754
47 51 0.464345
47 52 0.290541
47 53 0.479545
47 54 0.071875
47 55 0.331263
47 56 0.429167
47 57 0.379962
47 58 0.452703
47 59 0.610687
47 60 0.290948
47 61 0.396861
47 62 0.448214
47 63 0.052764
47 64 0.469320
47 65 0.518939
47 66 0.602826
47 67 0.346420
47 68 0.159218
47 69 0.282143
47 70 0.555360
47 71 0.307902
47 72 0.409756
47 73 0.547273
47 74 0.559289
47 75 0.596491
47 76 0.392354
47 77 0.500813
47 78 0.351044
47 79 0.493530
47 80 0.430435
47 81 0.496013
47 82 0.420455
47 83 0.264940
47 84 0.520875
47 85 0.419580
47 86 0.490725
47 87 0.457778
47 88 0.307190
47 89 0.343137
47 90 0.477178
47 91 0.533835
47 92 0.597444
47 93 0.547059
47 94 0.338951
47 95 0.261596
47 96 0.418773
47 97 0.146572
47 98 0.400000
47 99 0.533101
48 49 0.706783
48 50 0.614754
48 51 0.771144
48 52 0.385135
48 53 0.247727
48 54 0.562500
48 55 0.739130
48 56 0.043750
48 57 0.648393
48 58 0.677928
48 59 0.557252
48 60 0.290948
48 61 0.091928
48 62 0.175000
48 63 0.537688
48 64 0.769486
48 65 0.554924
48 66 0.525903
48 67 0.667436
48 68 0.410615
48 69 0.542857
48 70 0.592267
48 71 0.463215
48 72 0.304878
48 73 0.630909
48 74 0.282609
48 75 0.516746
48 76 0.712274
48 77 0.229268
48 78 0.351044
48 79 0.131238
48 80 0.686957
48 81 0.775120
48 82 0.493182
48 83 0.647410
48 84 0.226640
48 85 0.370629
48 86 0.758853
48 87 0.333333
48 88 0.257081
48 89 0.203431
48 90 0.572614
48 91 0.642857
48 92 0.514377
48 93 0.264706
48 94 0.702247
48 95 0.476809
48 96 0.749097
48 97 0.364066
48 98 0.583582
48 99 0.533101
49 50 0.491803
49 51 0.247098
49 52 0.551802
49 53 0.709091
49 54 0.446875
49 55 0.115942
49 56 0.687500
49 57 0.413989
49 58 0.412162
49 59 0.662595
49 60 0.560345
49 61 0.670404
49 62 0.683929
49 63 0.278894
49 64 0.260365
49 65 0.560606
49 66 0.670330
49 67 0.267898
49 68 0.491620
49 69 0.337500
49 70 0.572935
49 71 0.517711
49 72 0.641463
49 73 0.538182
49 74 0.762846
49 75 0.669856
49 76 0.217304
49 77 0.715447
49 78 0.565465
49 79 0.726433
49 80 0.352174
49 81 0.298246
49 82 0.522727
49 83 0.167331
49 84 0.735586
49 85 0.603730
49 86 0.311973
49 87 0.648889
49 88 0.586057
49 89 0.625000
49 90 0.508299
49 91 0.516917
49 92 0.670927
49 93 0.750980
49 94 0.187266
49 95 0.391466
49 96 0.187726
49 97 0.449173
49 98 0.428358
49 99 0.578397
50 51 0.485904
50 52 0.795045
50 53 0.479545
50 54 0.693750
50 55 0.614907
50 56 0.604167
50 57 0.810964
50 58 0.132883
50 59 0.300763
50 60 0.737069
50 61 0.580717
50 62 0.707143
50 63 0.572864
50 64 0.457711
50 65 0.117424
50 66 0.309262
50 67 0.284065
50 68 0.603352
50 69 0.694643
50 70 0.149385
50 71 0.400545
50 72 0.426829
50 73 0.112727
50 74 0.511858
50 75 0.306220
50 76 0.329980
50 77 0.717073
50 78 0.766603
50 79 0.630314
50 80 0.184783
50 81 0.443381
50 82 0.186364
50 83 0.625498
50 84 0.518887
50 85 0.333333
50 86 0.365936
50 87 0.366667
50 88 0.736383
50 89 0.539216
50 90 0.053942
50 91 0.086466
50 92 0.309904
50 93 0.509804
50 94 0.636704
50 95 0.705009
50 96 0.458484
50 97 0.664303
50 98 0.744776
50 99 0.170732
51 52 0.885135
51 53 0.986364
51 54 0.900000
51 55 0.312629
51 56 0.977083
51 57 0.627599
51 58 0.536036
51 59 0.743511
51 60 0.883621
51 61 0.977578
51 62 0.948214
51 63 0.648241
51 64 0.044776
51 65 0.674242
51 66 0.770801
51 67 0.452656
51 68 0.888268
51 69 0.560714
51 70 0.648506
51 71 0.847411
51 72 0.936585
51 73 0.598182
51 74 0.998024
51 75 0.775120
51 76 0.267606
51 77 0.956098
51 78 0.846300
51 79 0.983364
51 80 0.456522
51 81 0.090909
51 82 0.734091
51 83 0.406375
51 84 0.982107
51 85 0.862471
51 86 0.180438
51 87 0.897778
51 88 0.912854
51 89 0.955882
51 90 0.645228
51 91 0.578947
51 92 0.777955
51 93 0.986275
51 94 0.333333
51 95 0.647495
51 96 0.088448
51 97 0.803783
51 98 0.583582
51 99 0.681185
52 53 0.561364
52 54 0.428125
52 55 0.521739
52 56 0.397917
52 57 0.334594
52 58 0.731982
52 59 0.741985
52 60 0.077586
52 61 0.405830
52 62 0.303571
52 63 0.374372
52 64 0.666667
52 65 0.712121
52 66 0.725275
52 67 0.642032
52 68 0.382682
52 69 0.255357
52 70 0.739895
52 71 0.569482
52 72 0.553659
52 73 0.752727
52 74 0.602767
52 75 0.720893
52 76 0.651911
52 77 0.364228
52 78 0.104364
52 79 0.432532
52 80 0.706522
52 81 0.688995
52 82 0.647727
52 83 0.406375
52 84 0.552684
52 85 0.592075
52 86 0.706577
52 87 0.593333
52 88 0.115468
52 89 0.426471
52 90 0.703320
52 91 0.751880
52 92 0.718850
52 93 0.586275
52 94 0.471910
52 95 0.166976
52 96 0.629964
52 97 0.172577
52 98 0.328358
52 99 0.700348
53 54 0.587500
53 55 0.743271
53 56 0.189583
53 57 0.752363
53 58 0.515766
53 59 0.390840
53 60 0.469828
53 61 0.163677
53 62 0.366071
53 63 0.552764
53 64 0.708126
53 65 0.361742
53 66 0.356358
53 67 0.556582
53 68 0.427374
53 69 0.635714
53 70 0.411248
53 71 0.337875
53 72 0.121951
53 73 0.454545
53 74 0.146245
53 75 0.344498
53 76 0.619718
53 77 0.390244
53 78 0.527514
53 79 0.242144
53 80 0.545652
53 81 0.706539
53 82 0.302273
53 83 0.681275
53 84 0.117296
53 85 0.165501
53 86 0.666105
53 87 0.102222
53 88 0.444444
53 89 0.186275
53 90 0.385892
53 91 0.466165
53 92 0.341853
53 93 0.137255
53 94 0.726592
53 95 0.591837
53 96 0.694946
53 97 0.472813
53 98 0.682090
53 99 0.346690
54 55 0.368530
54 56 0.391667
54 57 0.421550
54 58 0.423423
54 59 0.578626
54 60 0.293103
54 61 0.356502
54 62 0.433929
54 63 0.082915
54 64 0.480929
54 65 0.481061
54 66 0.566719
54 67 0.327945
54 68 0.100559
54 69 0.321429
54 70 0.521968
54 71 0.247956
54 72 0.353659
54 73 0.516364
54 74 0.515810
54 75 0.561404
54 76 0.390342
54 77 0.486179
54 78 0.362429
54 79 0.463956
54 80 0.408696
54 81 0.503987
54 82 0.375000
54 83 0.306773
54 84 0.479125
54 85 0.365967
54 86 0.492411
54 87 0.406667
54 88 0.305011
54 89 0.291667
54 90 0.437759
54 91 0.503759
54 92 0.560703
54 93 0.503922
54 94 0.378277
54 95 0.296846
54 96 0.431408
54 97 0.151300
54 98 0.431343
54 99 0.496516
55 56 0.762500
55 57 0.349716
55 58 0.538288
55 59 0.749618
55 60 0.592672
55 61 0.755605
55 62 0.723214
55 63 0.361809
55 64 0.276949
55 65 0.668561
55 66 0.759812
55 67 0.399538
55 68 0.597765
55 69 0.291071
55 70 0.673111
55 71 0.651226
55 72 0.758537
55 73 0.640000
55 74 0.855731
55 75 0.759171
55 76 0.313883
55 77 0.752846
55 78 0.573055
55 79 0.791128
55 80 0.473913
55 81 0.320574
55 82 0.650000
55 83 0.105578
55 84 0.825050
55 85 0.722611
55 86 0.364250
55 87 0.760000
55 88 0.623094
55 89 0.725490
55 90 0.626556
55 91 0.622180
55 92 0.761981
55 93 0.841176
55 94 0.082397
55 95 0.369202
55 96 0.214801
55 97 0.498818
55 98 0.371642
55 99 0.677700
56 57 0.682420
56 58 0.664414
56 59 0.528244
56 60 0.336207
56 61 0.073991
56 62 0.203571
56 63 0.557789
56 64 0.772803
56 65 0.528409
56 66 0.494505
56 67 0.665127
56 68 0.427374
56 69 0.575000
56 70 0.567663
56 71 0.455041
56 72 0.278049
56 73 0.609091
56 74 0.239130
56 75 0.486443
56 76 0.712274
56 77 0.245528
56 78 0.392789
56 79 0.116451
56 80 0.676087
56 81 0.776715
56 82 0.472727
56 83 0.671315
56 84 0.182903
56 85 0.342657
56 86 0.757167
56 87 0.297778
56 88 0.302832
56 89 0.196078
56 90 0.549793
56 91 0.620301
56 92 0.482428
56 93 0.221569
56 94 0.724719
56 95 0.510204
56 96 0.756318
56 97 0.399527
56 98 0.613433
56 99 0.505226
57 58 0.858108
57 59 0.917557
57 60 0.459052
57 61 0.771300
57 62 0.614286
57 63 0.515075
57 64 0.582090
57 65 0.893939
57 66 0.918367
57 67 0.729792
57 68 0.701117
57 69 0.076786
57 70 0.898067
57 71 0.855586
57 72 0.885366
57 73 0.890909
57 74 0.918972
57 75 0.917065
57 76 0.657948
57 77 0.642276
57 78 0.373814
57 79 0.757856
57 80 0.800000
57 81 0.614035
57 82 0.877273
57 83 0.270916
57 84 0.874751
57 85 0.885781
57 86 0.674536
57 87 0.895556
57 88 0.501089
57 89 0.789216
57 90 0.879668
57 91 0.887218
57 92 0.918530
57 93 0.900000
57 94 0.286517
57 95 0.161410
57 96 0.548736
57 97 0.468085
57 98 0.104478
57 99 0.879791
58 59 0.390840
58 60 0.687500
58 61 0.587444
58 62 0.700000
58 63 0.469849
58 64 0.366501
58 65 0.227273
58 66 0.400314
58 67 0.154734
58 68 0.533520
58 69 0.610714
58 70 0.251318
58 71 0.362398
58 72 0.451220
58 73 0.205455
58 74 0.571146
58 75 0.398724
58 76 0.211268
58 77 0.718699
58 78 0.719165
58 79 0.650647
58 80 0.060870
58 81 0.363636
58 82 0.222727
58 83 0.517928
58 84 0.566600
58 85 0.368298
58 86 0.288364
58 87 0.417778
58 88 0.692810
58 89 0.534314
58 90 0.151452
58 91 0.172932
58 92 0.400958
58 93 0.566667
58 94 0.529963
58 95 0.630798
58 96 0.353791
58 97 0.595745
58 98 0.673134
58 99 0.271777
59 60 0.997845
59 61 0.737668
59 62 0.819643
59 63 0.997487
59 64 0.774461
59 65 0.261364
59 66 0.054945
59 67 0.734411
59 68 0.997207
59 69 0.998214
59 70 0.207381
59 71 0.784741
59 72 0.631707
59 73 0.289091
59 74 0.488142
59 75 0.070175
59 76 0.726358
59 77 0.788618
59 78 0.998102
59 79 0.680222
59 80 0.615217
59 81 0.740032
59 82 0.488636
59 83 0.998008
59 84 0.532803
59 85 0.538462
59 86 0.671164
59 87 0.493333
59 88 0.984749
59 89 0.772059
59 90 0.390041
59 91 0.336466
59 92 0.075080
59 93 0.496078
59 94 0.998127
59 95 0.998145
59 96 0.812274
59 97 0.997636
59 98 0.998507
59 99 0.175958
60 61 0.334081
60 62 0.242857
60 63 0.394472
60 64 0.691542
60 65 0.679924
60 66 0.687598
60 67 0.644342
60 68 0.357542
60 69 0.317857
60 70 0.711775
60 71 0.531335
60 72 0.495122
60 73 0.729091
60 74 0.537549
60 75 0.681021
60 76 0.663984
60 77 0.312195
60 78 0.119545
60 79 0.365989
60 80 0.700000
60 81 0.709729
60 82 0.611364
60 83 0.458167
60 84 0.485089
60 85 0.540793
60 86 0.720067
60 87 0.535556
60 88 0.037037
60 89 0.360294
60 90 0.676349
60 91 0.731203
60 92 0.678914
60 93 0.519608
60 94 0.522472
60 95 0.233766
60 96 0.657040
60 97 0.172577
60 98 0.382090
60 99 0.667247
61 62 0.246429
61 63 0.484925
61 64 0.718076
61 65 0.477273
61 66 0.472527
61 67 0.586605
61 68 0.343575
61 69 0.541071
61 70 0.521968
61 71 0.362398
61 72 0.204878
61 73 0.556364
61 74 0.245059
61 75 0.462520
61 76 0.643863
61 77 0.294309
61 78 0.390892
61 79 0.177449
61 80 0.604348
61 81 0.724083
61 82 0.402273
61 83 0.617530
61 84 0.192843
61 85 0.275058
61 86 0.699831
61 87 0.244444
61 88 0.291939
61 89 0.112745
61 90 0.487552
61 91 0.565789
61 92 0.460064
61 93 0.229412
61 94 0.672285
61 95 0.482375
61 96 0.696751
61 97 0.347518
61 98 0.594030
61 99 0.463415
62 63 0.683417
62 64 0.883914
62 65 0.740530
62 66 0.671900
62 67 0.856813
62 68 0.606145
62 69 0.558929
62 70 0.764499
62 71 0.702997
62 72 0.543902
62 73 0.809091
62 74 0.438735
62 75 0.665072
62 76 0.869215
62 77 0.092683
62 78 0.288425
62 79 0.192237
62 80 0.878261
62 81 0.891547
62 82 0.713636
62 83 0.725100
62 84 0.389662
62 85 0.599068
62 86 0.893761
62 87 0.551111
62 88 0.265795
62 89 0.428922
62 90 0.773859
62 91 0.825188
62 92 0.662939
62 93 0.421569
62 94 0.775281
62 95 0.478664
62 96 0.871841
62 97 0.458629
62 98 0.562687
62 99 0.703833
63 64 0.434494
63 65 0.505682
63 66 0.598116
63 67 0.304850
63 68 0.192737
63 69 0.291071
63 70 0.539543
63 71 0.307902
63 72 0.426829
63 73 0.527273
63 74 0.579051
63 75 0.593301
63 76 0.350101
63 77 0.534959
63 78 0.388994
63 79 0.524954
63 80 0.393478
63 81 0.460925
63 82 0.411364
63 83 0.241036
63 84 0.544732
63 85 0.426573
63 86 0.455312
63 87 0.468889
63 88 0.355120
63 89 0.372549
63 90 0.458506
63 91 0.511278
63 92 0.594249
63 93 0.566667
63 94 0.316479
63 95 0.283859
63 96 0.379061
63 97 0.196217
63 98 0.407463
63 99 0.522648
64 65 0.640152
64 66 0.740973
64 67 0.429561
64 68 0.888268
64 69 0.591071
64 70 0.613357
64 71 0.831063
64 72 0.919512
64 73 0.560000
64 74 0.980237
64 75 0.744817
64 76 0.241449
64 77 0.959350
64 78 0.865275
64 79 0.977819
64 80 0.421739
64 81 0.054226
64 82 0.706818
64 83 0.438247
64 84 0.966203
64 85 0.841492
64 86 0.134907
64 87 0.875556
64 88 0.923747
64 89 0.946078
64 90 0.609959
64 91 0.541353
64 92 0.749201
64 93 0.968627
64 94 0.372659
64 95 0.673469
64 96 0.093863
64 97 0.815603
64 98 0.614925
64 99 0.648084
65 66 0.211931
65 67 0.415704
65 68 0.670391
65 69 0.767857
65 70 0.079086
65 71 0.455041
65 72 0.412195
65 73 0.110909
65 74 0.442688
65 75 0.207337
65 76 0.452716
65 77 0.699187
65 78 0.802657
65 79 0.595194
65 80 0.319565
65 81 0.540670
65 82 0.206818
65 83 0.727092
65 84 0.461233
65 85 0.314685
65 86 0.467116
65 87 0.322222
65 88 0.766885
65 89 0.544118
65 90 0.103734
65 91 0.125940
65 92 0.209265
65 93 0.443137
65 94 0.739700
65 95 0.769944
65 96 0.570397
65 97 0.723404
65 98 0.807463
65 99 0.062718
66 67 0.725173
66 68 0.944134
66 69 0.967857
66 70 0.223199
66 71 0.735695
66 72 0.573171
66 73 0.307273
66 74 0.420949
66 75 0.015949
66 76 0.726358
66 77 0.734959
66 78 0.948767
66 79 0.619224
66 80 0.615217
66 81 0.752791
66 82 0.459091
66 83 0.976096
66 84 0.467197
66 85 0.487179
66 86 0.686341
66 87 0.435556
66 88 0.928105
66 89 0.710784
66 90 0.381743
66 91 0.351504
66 92 0.020767
66 93 0.429412
66 94 0.983146
66 95 0.961039
66 96 0.815884
66 97 0.947991
66 98 0.971642
66 99 0.172474
67 68 0.438547
67 69 0.498214
67 70 0.367311
67 71 0.332425
67 72 0.465854
67 73 0.327273
67 74 0.610672
67 75 0.489633
67 76 0.134809
67 77 0.691057
67 78 0.633776
67 79 0.646950
67 80 0.110870
67 81 0.322169
67 82 0.290909
67 83 0.382470
67 84 0.596421
67 85 0.405594
67 86 0.269815
67 87 0.460000
67 88 0.612200
67 89 0.507353
67 90 0.269710
67 91 0.298872
67 92 0.492013
67 93 0.601961
67 94 0.406367
67 95 0.521336
67 96 0.268953
67 97 0.489362
67 98 0.576119
67 99 0.378049
68 69 0.371429
68 70 0.499121
68 71 0.196185
68 72 0.275610
68 73 0.501818
68 74 0.446640
68 75 0.523126
68 76 0.432596
68 77 0.442276
68 78 0.356736
68 79 0.399261
68 80 0.426087
68 81 0.545455
68 82 0.336364
68 83 0.378486
68 84 0.407555
68 85 0.300699
68 86 0.527825
68 87 0.337778
68 88 0.274510
68 89 0.203431
68 90 0.417012
68 91 0.492481
68 92 0.522364
68 93 0.433333
68 94 0.445693
68 95 0.333952
68 96 0.485560
68 97 0.156028
68 98 0.468657
68 99 0.466899
69 70 0.826011
69 71 0.741144
69 72 0.782927
69 73 0.818182
69 74 0.837945
69 75 0.850080
69 76 0.593561
69 77 0.595122
69 78 0.326376
69 79 0.687616
69 80 0.717391
69 81 0.582137
69 82 0.779545
69 83 0.221116
69 84 0.793241
69 85 0.785548
69 86 0.630691
69 87 0.800000
69 88 0.424837
69 89 0.683824
69 90 0.794606
69 91 0.812030
69 92 0.849840
69 93 0.819608
69 94 0.264045
69 95 0.102041
69 96 0.507220
69 97 0.371158
69 98 0.164179
69 99 0.806620
70 71 0.577657
70 72 0.521951
70 73 0.076364
70 74 0.511858
70 75 0.199362
70 76 0.490946
70 77 0.769106
70 78 0.888046
70 79 0.670980
70 80 0.365217
70 81 0.551834
70 82 0.306818
70 83 0.794821
70 84 0.536779
70 85 0.419580
70 86 0.473862
70 87 0.417778
70 88 0.867102
70 89 0.654412
70 90 0.178423
70 91 0.114662
70 92 0.202875
70 93 0.513725
70 94 0.797753
70 95 0.847866
70 96 0.602888
70 97 0.827423
70 98 0.865672
70 99 0.071429
71 72 0.178049
71 73 0.372727
71 74 0.387352
71 75 0.414673
71 76 0.380282
71 77 0.502439
71 78 0.489564
71 79 0.419593
71 80 0.317391
71 81 0.515152
71 82 0.172727
71 83 0.458167
71 84 0.363817
71 85 0.165501
71 86 0.475548
71 87 0.226667
71 88 0.416122
71 89 0.213235
71 90 0.269710
71 91 0.362782
71 92 0.415335
71 93 0.378431
71 94 0.511236
71 95 0.463822
71 96 0.472924
71 97 0.326241
71 98 0.568657
71 99 0.341463
72 73 0.403636
72 74 0.243083
72 75 0.357257
72 76 0.519115
72 77 0.432520
72 78 0.504744
72 79 0.310536
72 80 0.443478
72 81 0.626794
72 82 0.211364
72 83 0.589641
72 84 0.216700
72 85 0.079254
72 86 0.585160
72 87 0.088889
72 88 0.418301
72 89 0.137255
72 90 0.313278
72 91 0.406015
72 92 0.356230
72 93 0.235294
72 94 0.640449
72 95 0.536178
72 96 0.604693
72 97 0.399527
72 98 0.634328
72 99 0.322300
73 74 0.563241
73 75 0.266348
73 76 0.418511
73 77 0.791870
73 78 0.880455
73 79 0.704251
73 80 0.291304
73 81 0.484848
73 82 0.304545
73 83 0.741036
73 84 0.582505
73 85 0.438228
73 86 0.403035
73 87 0.451111
73 88 0.862745
73 89 0.666667
73 90 0.155602
73 91 0.039474
73 92 0.269968
73 93 0.562745
73 94 0.741573
73 95 0.820037
73 96 0.532491
73 97 0.808511
73 98 0.835821
73 99 0.134146
74 75 0.323764
74 76 0.754527
74 77 0.390244
74 78 0.620493
74 79 0.227357
74 80 0.678261
74 81 0.813397
74 82 0.431818
74 83 0.826693
74 84 0.055666
74 85 0.314685
74 86 0.774030
74 87 0.224444
74 88 0.559913
74 89 0.355392
74 90 0.483402
74 91 0.541353
74 92 0.319489
74 93 0.013725
74 94 0.865169
74 95 0.710575
74 96 0.823105
74 97 0.631206
74 98 0.777612
74 99 0.381533
75 76 0.714286
75 77 0.718699
75 78 0.929791
75 79 0.600739
75 80 0.602174
75 81 0.746411
75 82 0.438636
75 83 0.960159
75 84 0.447316
75 85 0.463869
75 86 0.679595
75 87 0.411111
75 88 0.906318
75 89 0.683824
75 90 0.369295
75 91 0.345865
75 92 0.004792
75 93 0.409804
75 94 0.968165
75 95 0.942486
75 96 0.805054
75 97 0.921986
75 98 0.956716
75 99 0.165505
76 77 0.791870
76 78 0.719165
76 79 0.768946
76 80 0.169565
76 81 0.215311
76 82 0.431818
76 83 0.384462
76 84 0.729622
76 85 0.559441
76 86 0.163575
76 87 0.606667
76 88 0.727669
76 89 0.669118
76 90 0.369295
76 91 0.349624
76 92 0.570288
76 93 0.733333
76 94 0.376404
76 95 0.575139
76 96 0.162455
76 97 0.607565
76 98 0.591045
76 99 0.456446
77 78 0.377609
77 79 0.216266
77 80 0.989130
77 81 0.980861
77 82 0.813636
77 83 0.838645
77 84 0.431412
77 85 0.696970
77 86 0.984823
77 87 0.633333
77 88 0.387800
77 89 0.546569
77 90 0.865145
77 91 0.906015
77 92 0.701278
77 93 0.458824
77 94 0.882022
77 95 0.576994
77 96 0.972924
77 97 0.593381
77 98 0.631343
77 99 0.764808
78 79 0.439926
78 80 0.826087
78 81 0.775120
78 82 0.756818
78 83 0.500000
78 84 0.594433
78 85 0.689977
78 86 0.799325
78 87 0.675556
78 88 0.161220
78 89 0.514706
78 90 0.804979
78 91 0.847744
78 92 0.779553
78 93 0.627451
78 94 0.556180
78 95 0.217069
78 96 0.727437
78 97 0.300236
78 98 0.334328
78 99 0.778746
79 80 0.804348
79 81 0.877193
79 82 0.590909
79 83 0.788845
79 84 0.198807
79 85 0.461538
79 86 0.860034
79 87 0.393333
79 88 0.392157
79 89 0.350490
79 90 0.655602
79 91 0.712406
79 92 0.514377
79 93 0.229412
79 94 0.837079
79 95 0.599258
79 96 0.870036
79 97 0.531915
79 98 0.677612
79 99 0.569686
80 81 0.320574
80 82 0.277273
80 83 0.482072
80 84 0.612326
80 85 0.419580
80 86 0.246206
80 87 0.468889
80 88 0.703704
80 89 0.568627
80 90 0.209544
80 91 0.212406
80 92 0.445687
80 93 0.611765
80 94 0.490637
80 95 0.615955
80 96 0.305054
80 97 0.595745
80 98 0.653731
80 99 0.318815
81 82 0.731818
81 83 0.503984
81 84 0.998012
81 85 0.874126
81 86 0.111298
81 87 0.906667
81 88 0.984749
81 89 0.997549
81 90 0.620332
81 91 0.535714
81 92 0.750799
81 93 0.998039
81 94 0.436330
81 95 0.732839
81 96 0.151625
81 97 0.881797
81 98 0.665672
81 99 0.649826
82 83 0.573705
82 84 0.371769
82 85 0.144522
82 86 0.451939
82 87 0.200000
82 88 0.572985
82 89 0.340686
82 90 0.122407
82 91 0.234962
82 92 0.308307
82 93 0.372549
82 94 0.608614
82 95 0.602968
82 96 0.500000
82 97 0.508274
82 98 0.676119
82 99 0.209059
83 84 0.785288
83 85 0.703963
83 86 0.445194
83 87 0.737778
83 88 0.529412
83 89 0.669118
83 90 0.653527
83 91 0.661654
83 92 0.769968
83 93 0.805882
83 94 0.093633
83 95 0.269017
83 96 0.306859
83 97 0.408983
83 98 0.302985
83 99 0.696864
84 85 0.298368
84 86 0.763912
84 87 0.215556
84 88 0.498911
84 89 0.299020
84 90 0.487552
84 91 0.552632
84 92 0.354633
84 93 0.041176
84 94 0.829588
84 95 0.662338
84 96 0.803249
84 97 0.572104
84 98 0.738806
84 99 0.404181
85 86 0.548061
85 87 0.073333
85 88 0.485839
85 89 0.215686
85 90 0.244813
85 91 0.343985
85 92 0.316294
85 93 0.260784
85 94 0.644195
85 95 0.573284
85 96 0.581227
85 97 0.451537
85 98 0.662687
85 99 0.264808
86 87 0.793333
86 88 0.941176
86 89 0.901961
86 90 0.495851
86 91 0.413534
86 92 0.646965
86 93 0.898039
86 94 0.477528
86 95 0.734694
86 96 0.184116
86 97 0.834515
86 98 0.694030
86 99 0.538328
87 88 0.501089
87 89 0.227941
87 90 0.290456
87 91 0.377820
87 92 0.293930
87 93 0.198039
87 94 0.702247
87 95 0.610390
87 96 0.642599
87 97 0.494090
87 98 0.695522
87 99 0.271777
88 89 0.333333
88 90 0.663900
88 91 0.721805
88 92 0.661342
88 93 0.490196
88 94 0.548689
88 95 0.265306
88 96 0.671480
88 97 0.186761
88 98 0.407463
88 99 0.653310
89 90 0.410788
89 91 0.496241
89 92 0.444089
89 93 0.274510
89 94 0.601124
89 95 0.448980
89 96 0.613718
89 97 0.290780
89 98 0.567164
89 99 0.419861
90 91 0.122180
90 92 0.285942
90 93 0.458824
90 94 0.644195
90 95 0.688312
90 96 0.485560
90 97 0.631206
90 98 0.737313
90 99 0.151568
91 92 0.297125
91 93 0.568627
91 94 0.702247
91 95 0.790353
91 96 0.494585
91 97 0.773050
91 98 0.808955
91 99 0.158537
92 93 0.403922
92 94 0.968165
92 95 0.940631
92 96 0.808664
92 97 0.919622
92 98 0.956716
92 99 0.168990
93 94 0.857678
93 95 0.699443
93 96 0.819495
93 97 0.617021
93 98 0.768657
93 99 0.388502
94 95 0.343228
94 96 0.279783
94 97 0.529551
94 98 0.317910
94 99 0.750871
95 96 0.561372
95 97 0.283688
95 98 0.204478
95 99 0.777003
96 97 0.692671
96 98 0.547761
96 99 0.613240
97 98 0.383582
97 99 0.581882
98 99 0.998258
