100 4950
0 1 0.992000
0 2 0.994350
0 3 0.997015
0 4 0.924883
0 5 0.997403
0 6 0.997925
0 7 0.983806
0 8 0.997590
0 9 0.480769
0 10 0.928747
0 11 0.888545
0 12 0.424936
0 13 0.997602
0 14 0.998158
0 15 0.998374
0 16 0.537500
0 17 0.204114
0 18 0.536627
0 19 0.026490
0 20 0.784038
0 21 0.530266
0 22 0.394422
0 23 0.610998
0 24 0.604938
0 25 0.145251
0 26 0.899225
0 27 0.335238
0 28 0.998039
0 29 0.494137
0 30 0.997912
0 31 0.752809
0 32 0.849699
0 33 0.987261
0 34 0.099494
0 35 0.526646
0 36 0.817531
0 37 0.941620
0 38 0.203523
0 39 0.928972
0 40 0.997963
0 41 0.446009
0 42 0.669580
0 43 0.389497
0 44 0.600467
0 45 0.997868
0 46 0.383764
0 47 0.998120
0 48 0.323770
0 49 0.575342
0 50 0.924051
0 51 0.967914
0 52 0.298913
0 53 0.146168
0 54 0.906627
0 55 0.616580
0 56 0.731629
0 57 0.752294
0 58 0.232465
0 59 0.705882
0 60 0.654076
0 61 0.778189
0 62 0.613300
0 63 0.632727
0 64 0.688129
0 65 0.921811
0 66 0.924099
0 67 0.998131
0 68 0.987698
0 69 0.603627
0 70 0.810036
0 71 0.621622
0 72 0.216667
0 73 0.255952
0 74 0.506494
0 75 0.621072
0 76 0.967374
0 77 0.417722
0 78 0.684536
0 79 0.997859
0 80 0.648770
0 81 0.356828
0 82 0.483592
0 83 0.959930
0 84 0.946429
0 85 0.894515
0 86 0.663620
0 87 0.114035
0 88 0.989474
0 89 0.393305
0 90 0.211321
0 91 0.983547
0 92 0.997664
0 93 0.997859
0 94 0.614876
0 95 0.121053
0 96 0.104129
0 97 0.938190
0 98 0.967611
0 99 0.255692
1 2 0.774011
1 3 0.683582
1 4 0.835681
1 5 0.735065
1 6 0.952282
1 7 0.738866
1 8 0.828916
1 9 0.573427
1 10 0.847666
1 11 0.609907
1 12 0.371501
1 13 0.913669
1 14 0.869245
1 15 0.920325
1 16 0.470000
1 17 0.101266
1 18 0.616695
1 19 0.213576
1 20 0.518779
1 21 0.372881
1 22 0.480080
1 23 0.362525
1 24 0.680556
1 25 0.191806
1 26 0.874031
1 27 0.108571
1 28 0.866667
1 29 0.589615
1 30 0.853862
1 31 0.595506
1 32 0.647295
1 33 0.861996
1 34 0.109612
1 35 0.623824
1 36 0.618962
1 37 0.875706
1 38 0.242661
1 39 0.745794
1 40 0.828921
1 41 0.436620
1 42 0.458042
1 43 0.245077
1 44 0.366822
1 45 0.837953
1 46 0.494465
1 47 0.879699
1 48 0.161885
1 49 0.340183
1 50 0.732068
1 51 0.884135
1 52 0.074275
1 53 0.090909
1 54 0.743976
1 55 0.546632
1 56 0.538339
1 57 0.565749
1 58 0.236473
1 59 0.479303
1 60 0.423459
1 61 0.783734
1 62 0.406404
1 63 0.674545
1 64 0.460765
1 65 0.730453
1 66 0.874763
1 67 0.865421
1 68 0.885764
1 69 0.528497
1 70 0.609319
1 71 0.666667
1 72 0.361111
1 73 0.353175
1 74 0.272727
1 75 0.661738
1 76 0.892333
1 77 0.468354
1 78 0.455670
1 79 0.841542
1 80 0.413870
1 81 0.348018
1 82 0.573402
1 83 0.885017
1 84 0.852679
1 85 0.696203
1 86 0.696527
1 87 0.271930
1 88 0.885965
1 89 0.451883
1 90 0.100000
1 91 0.881170
1 92 0.831776
1 93 0.817987
1 94 0.676033
1 95 0.103509
1 96 0.192101
1 97 0.854305
1 98 0.787449
1 99 0.040280
2 3 0.567164
2 4 0.201878
2 5 0.592208
2 6 0.670124
2 7 0.746964
2 8 0.573494
2 9 0.382867
2 10 0.520885
2 11 0.399381
2 12 0.058524
2 13 0.597122
2 14 0.674033
2 15 0.718699
2 16 0.125000
2 17 0.316456
2 18 0.419080
2 19 0.276490
2 20 0.476526
2 21 0.123487
2 22 0.272908
2 23 0.413442
2 24 0.496914
2 25 0.180633
2 26 0.608527
2 27 0.234286
2 28 0.650980
2 29 0.410385
2 30 0.630480
2 31 0.255618
2 32 0.535070
2 33 0.613588
2 34 0.252951
2 35 0.454545
2 36 0.556351
2 37 0.629002
2 38 0.154599
2 39 0.622430
2 40 0.643585
2 41 0.136150
2 42 0.480769
2 43 0.083151
2 44 0.273364
2 45 0.624733
2 46 0.322878
2 47 0.667293
2 48 0.131148
2 49 0.273973
2 50 0.571730
2 51 0.661319
2 52 0.259058
2 53 0.210339
2 54 0.376506
2 55 0.189119
2 56 0.547923
2 57 0.573394
2 58 0.124248
2 59 0.392157
2 60 0.411531
2 61 0.530499
2 62 0.226601
2 63 0.436364
2 64 0.422535
2 65 0.578189
2 66 0.620493
2 67 0.667290
2 68 0.680141
2 69 0.170984
2 70 0.550179
2 71 0.432432
2 72 0.274074
2 73 0.216270
2 74 0.255411
2 75 0.419593
2 76 0.688418
2 77 0.225738
2 78 0.408247
2 79 0.620985
2 80 0.342282
2 81 0.096916
2 82 0.383420
2 83 0.663763
2 84 0.564732
2 85 0.548523
2 86 0.453382
2 87 0.259649
2 88 0.680702
2 89 0.223849
2 90 0.167925
2 91 0.663620
2 92 0.586449
2 93 0.627409
2 94 0.469421
2 95 0.222807
2 96 0.211849
2 97 0.565121
2 98 0.623482
2 99 0.262697
3 4 0.995305
3 5 0.145455
3 6 0.721992
3 7 0.372470
3 8 0.402410
3 9 0.674825
3 10 0.599509
3 11 0.198142
3 12 0.539440
3 13 0.633094
3 14 0.502762
3 15 0.643902
3 16 0.497500
3 17 0.446203
3 18 0.684838
3 19 0.549669
3 20 0.072770
3 21 0.338983
3 22 0.631474
3 23 0.191446
3 24 0.719136
3 25 0.500931
3 26 0.699612
3 27 0.325714
3 28 0.492157
3 29 0.688442
3 30 0.459290
3 31 0.407303
3 32 0.188377
3 33 0.498938
3 34 0.478921
3 35 0.710031
3 36 0.220036
3 37 0.621469
3 38 0.512720
3 39 0.321495
3 40 0.397149
3 41 0.549296
3 42 0.188811
3 43 0.358862
3 44 0.182243
3 45 0.413646
3 46 0.658672
3 47 0.528195
3 48 0.362705
3 49 0.187215
3 50 0.267932
3 51 0.595365
3 52 0.353261
3 53 0.450980
3 54 0.460843
3 55 0.518135
3 56 0.255591
3 57 0.290520
3 58 0.490982
3 59 0.021786
3 60 0.097416
3 61 0.680222
3 62 0.241379
3 63 0.661818
3 64 0.064386
3 65 0.271605
3 66 0.654649
3 67 0.495327
3 68 0.567663
3 69 0.505181
3 70 0.213262
3 71 0.663063
3 72 0.625926
3 73 0.595238
3 74 0.220779
3 75 0.654344
3 76 0.623165
3 77 0.599156
3 78 0.049485
3 79 0.426124
3 80 0.098434
3 81 0.513216
3 82 0.670121
3 83 0.611498
3 84 0.558036
3 85 0.225738
3 86 0.665448
3 87 0.577193
3 88 0.566667
3 89 0.600418
3 90 0.418868
3 91 0.561243
3 92 0.404206
3 93 0.366167
3 94 0.690909
3 95 0.466667
3 96 0.515260
3 97 0.578366
3 98 0.342105
3 99 0.383538
4 5 0.628571
4 6 0.599585
4 7 0.801619
4 8 0.546988
4 9 0.316434
4 10 0.444717
4 11 0.458204
4 12 0.083969
4 13 0.525180
4 14 0.648250
4 15 0.678049
4 16 0.047500
4 17 0.379747
4 18 0.350937
4 19 0.306291
4 20 0.537559
4 21 0.179177
4 22 0.209163
4 23 0.486762
4 24 0.432099
4 25 0.221601
4 26 0.534884
4 27 0.316190
4 28 0.623529
4 29 0.346734
4 30 0.603340
4 31 0.238764
4 32 0.559118
4 33 0.575372
4 34 0.305228
4 35 0.394984
4 36 0.586762
4 37 0.572505
4 38 0.180039
4 39 0.631776
4 40 0.633401
4 41 0.049296
4 42 0.533217
4 43 0.175055
4 44 0.343458
4 45 0.605544
4 46 0.267528
4 47 0.635338
4 48 0.219262
4 49 0.347032
4 50 0.578059
4 51 0.616756
4 52 0.336957
4 53 0.270945
4 54 0.337349
4 55 0.106218
4 56 0.591054
4 57 0.613150
4 58 0.162325
4 59 0.440087
4 60 0.469185
4 61 0.454713
4 62 0.283251
4 63 0.356364
4 64 0.474849
4 65 0.586420
4 66 0.555977
4 67 0.642991
4 68 0.644991
4 69 0.095855
4 70 0.582437
4 71 0.353153
4 72 0.261111
4 73 0.198413
4 74 0.335498
4 75 0.340111
4 76 0.646003
4 77 0.151899
4 78 0.461856
4 79 0.599572
4 80 0.402685
4 81 0.079295
4 82 0.317789
4 83 0.616725
4 84 0.506696
4 85 0.561181
4 86 0.374771
4 87 0.271930
4 88 0.645614
4 89 0.156904
4 90 0.241509
4 91 0.625229
4 92 0.563084
4 93 0.620985
4 94 0.398347
4 95 0.278947
4 96 0.247756
4 97 0.503311
4 98 0.625506
4 99 0.338004
5 6 0.672199
5 7 0.356275
5 8 0.318072
5 9 0.708042
5 10 0.567568
5 11 0.306502
5 12 0.633588
5 13 0.582734
5 14 0.410681
5 15 0.572358
5 16 0.565000
5 17 0.534810
5 18 0.708688
5 19 0.629139
5 20 0.180751
5 21 0.428571
5 22 0.685259
5 23 0.295316
5 24 0.729938
5 25 0.586592
5 26 0.662791
5 27 0.430476
5 28 0.400000
5 29 0.718593
5 30 0.363257
5 31 0.460674
5 32 0.080160
5 33 0.416136
5 34 0.566610
5 35 0.733542
5 36 0.155635
5 37 0.563089
5 38 0.594912
5 39 0.216822
5 40 0.289206
5 41 0.619718
5 42 0.229021
5 43 0.457330
5 44 0.296729
5 45 0.313433
5 46 0.710332
5 47 0.441729
5 48 0.463115
5 49 0.305936
5 50 0.154008
5 51 0.524064
5 52 0.452899
5 53 0.541889
5 54 0.475904
5 55 0.572539
5 56 0.252396
5 57 0.276758
5 58 0.575150
5 59 0.137255
5 60 0.188867
5 61 0.663586
5 62 0.339901
5 63 0.670909
5 64 0.148893
5 65 0.158436
5 66 0.605313
5 67 0.401869
5 68 0.486819
5 69 0.564767
5 70 0.152330
5 71 0.673874
5 72 0.698148
5 73 0.668651
5 74 0.337662
5 75 0.665434
5 76 0.553018
5 77 0.654008
5 78 0.150515
5 79 0.325482
5 80 0.219239
5 81 0.590308
5 82 0.701209
5 83 0.543554
5 84 0.502232
5 85 0.109705
5 86 0.667276
5 87 0.654386
5 88 0.484211
5 89 0.661088
5 90 0.513208
5 91 0.480804
5 92 0.315421
5 93 0.254818
5 94 0.700826
5 95 0.556140
5 96 0.599641
5 97 0.525386
5 98 0.230769
5 99 0.481611
6 7 0.997976
6 8 0.467470
6 9 0.500000
6 10 0.282555
6 11 0.962848
6 12 0.819338
6 13 0.203837
6 14 0.379374
6 15 0.268293
6 16 0.685000
6 17 0.827532
6 18 0.446337
6 19 0.774834
6 20 0.889671
6 21 0.745763
6 22 0.607570
6 23 0.881874
6 24 0.404321
6 25 0.756052
6 26 0.073643
6 27 0.815238
6 28 0.356863
6 29 0.490787
6 30 0.388309
6 31 0.705056
6 32 0.659319
6 33 0.309979
6 34 0.792580
6 35 0.474922
6 36 0.694097
6 37 0.094162
6 38 0.737769
6 39 0.603738
6 40 0.503055
6 41 0.683099
6 42 0.790210
6 43 0.759300
6 44 0.813084
6 45 0.454158
6 46 0.599631
6 47 0.321429
6 48 0.778689
6 49 0.819635
6 50 0.592827
6 51 0.203209
6 52 0.822464
6 53 0.784314
6 54 0.662651
6 55 0.647668
6 56 0.765176
6 57 0.759939
6 58 0.739479
6 59 0.753813
6 60 0.789264
6 61 0.188540
6 62 0.780788
6 63 0.336364
6 64 0.766600
6 65 0.596708
6 66 0.022770
6 67 0.381308
6 68 0.286467
6 69 0.665803
6 70 0.697133
6 71 0.347748
6 72 0.725926
6 73 0.714286
6 74 0.820346
6 75 0.349353
6 76 0.231648
6 77 0.609705
6 78 0.767010
6 79 0.434690
6 80 0.794183
6 81 0.707048
6 82 0.487047
6 83 0.184669
6 84 0.220982
6 85 0.622363
6 86 0.305302
6 87 0.750877
6 88 0.292982
6 89 0.629707
6 90 0.779245
6 91 0.263254
6 92 0.457944
6 93 0.531049
6 94 0.363636
6 95 0.785965
6 96 0.761221
6 97 0.189845
6 98 0.558704
6 99 0.819615
7 8 0.720482
7 9 0.998252
7 10 0.997543
7 11 0.770898
7 12 0.997455
7 13 0.997602
7 14 0.639042
7 15 0.791870
7 16 0.957500
7 17 0.629747
7 18 0.998296
7 19 0.807947
7 20 0.389671
7 21 0.779661
7 22 0.998008
7 23 0.378819
7 24 0.998457
7 25 0.808194
7 26 0.996124
7 27 0.590476
7 28 0.672549
7 29 0.998325
7 30 0.670146
7 31 0.924157
7 32 0.326653
7 33 0.749469
7 34 0.725126
7 35 0.998433
7 36 0.189624
7 37 0.870056
7 38 0.849315
7 39 0.362617
7 40 0.543788
7 41 0.978873
7 42 0.180070
7 43 0.739606
7 44 0.586449
7 45 0.618337
7 46 0.998155
7 47 0.697368
7 48 0.698770
7 49 0.570776
7 50 0.449367
7 51 0.787879
7 52 0.586957
7 53 0.720143
7 54 0.996988
7 55 0.997409
7 56 0.044728
7 57 0.007645
7 58 0.835671
7 59 0.420479
7 60 0.324056
7 61 0.988909
7 62 0.689655
7 63 0.989091
7 64 0.319920
7 65 0.423868
7 66 0.922201
7 67 0.639252
7 68 0.724077
7 69 0.984456
7 70 0.186380
7 71 0.987387
7 72 0.951852
7 73 0.948413
7 74 0.562771
7 75 0.987061
7 76 0.783034
7 77 0.987342
7 78 0.354639
7 79 0.640257
7 80 0.483221
7 81 0.911894
7 82 0.987910
7 83 0.803136
7 84 0.881696
7 85 0.415612
7 86 0.989031
7 87 0.870175
7 88 0.719298
7 89 0.985356
7 90 0.715094
7 91 0.740402
7 92 0.693925
7 93 0.543897
7 94 0.990083
7 95 0.731579
7 96 0.807899
7 97 0.905077
7 98 0.467611
7 99 0.607706
8 9 0.597902
8 10 0.294840
8 11 0.476780
8 12 0.636132
8 13 0.285372
8 14 0.235727
8 15 0.375610
8 16 0.520000
8 17 0.645570
8 18 0.579216
8 19 0.670530
8 20 0.462441
8 21 0.474576
8 22 0.611554
8 23 0.529532
8 24 0.589506
8 25 0.625698
8 26 0.418605
8 27 0.565714
8 28 0.190196
8 29 0.604690
8 30 0.135699
8 31 0.410112
8 32 0.270541
8 33 0.144374
8 34 0.640809
8 35 0.615987
8 36 0.347048
8 37 0.314501
8 38 0.616438
8 39 0.269159
8 40 0.179226
8 41 0.572770
8 42 0.459790
8 43 0.525164
8 44 0.457944
8 45 0.121535
8 46 0.632841
8 47 0.231203
8 48 0.551230
8 49 0.472603
8 50 0.189873
8 51 0.295900
8 52 0.586957
8 53 0.618538
8 54 0.346386
8 55 0.492228
8 56 0.455272
8 57 0.463303
8 58 0.601202
8 59 0.366013
8 60 0.429423
8 61 0.452865
8 62 0.440887
8 63 0.505455
8 64 0.396378
8 65 0.205761
8 66 0.356736
8 67 0.224299
8 68 0.284710
8 69 0.494819
8 70 0.351254
8 71 0.511712
8 72 0.679630
8 73 0.648810
8 74 0.500000
8 75 0.502773
8 76 0.352365
8 77 0.582278
8 78 0.393814
8 79 0.113490
8 80 0.420582
8 81 0.579295
8 82 0.588946
8 83 0.318815
8 84 0.216518
8 85 0.213080
8 86 0.491773
8 87 0.670175
8 88 0.284211
8 89 0.596234
8 90 0.592453
8 91 0.259598
8 92 0.030374
8 93 0.156317
8 94 0.548760
8 95 0.628070
8 96 0.639138
8 97 0.245033
8 98 0.202429
8 99 0.604203
9 10 0.579853
9 11 0.996904
9 12 0.503817
9 13 0.635492
9 14 0.810313
9 15 0.730081
9 16 0.472500
9 17 0.593354
9 18 0.068143
9 19 0.428808
9 20 0.955399
9 21 0.615012
9 22 0.173307
9 23 0.857434
9 24 0.180556
9 25 0.428305
9 26 0.490310
9 27 0.640000
9 28 0.794118
9 29 0.043551
9 30 0.807933
9 31 0.679775
9 32 0.873747
9 33 0.749469
9 34 0.502530
9 35 0.111285
9 36 0.880143
9 37 0.613936
9 38 0.399217
9 39 0.895327
9 40 0.875764
9 41 0.377934
9 42 0.847902
9 43 0.564551
9 44 0.766355
9 45 0.842217
9 46 0.123616
9 47 0.778195
9 48 0.567623
9 49 0.760274
9 50 0.877637
9 51 0.689840
9 52 0.632246
9 53 0.504456
9 54 0.746988
9 55 0.479275
9 56 0.872204
9 57 0.880734
9 58 0.418838
9 59 0.821351
9 60 0.825050
9 61 0.354898
9 62 0.724138
9 63 0.187273
9 64 0.830986
9 65 0.880658
9 66 0.561670
9 67 0.809346
9 68 0.750439
9 69 0.494819
9 70 0.878136
9 71 0.172973
9 72 0.292593
9 73 0.303571
9 74 0.727273
9 75 0.177449
9 76 0.694943
9 77 0.234177
9 78 0.826804
9 79 0.830835
9 80 0.803132
9 81 0.394273
9 82 0.008636
9 83 0.672474
9 84 0.640625
9 85 0.875527
9 86 0.221207
9 87 0.366667
9 88 0.752632
9 89 0.238494
9 90 0.520755
9 91 0.734918
9 92 0.824766
9 93 0.888651
9 94 0.168595
9 95 0.496491
9 96 0.425494
9 97 0.613687
9 98 0.890688
9 99 0.609457
10 11 0.619195
10 12 0.541985
10 13 0.091127
10 14 0.375691
10 15 0.385366
10 16 0.412500
10 17 0.648734
10 18 0.388416
10 19 0.605960
10 20 0.643192
10 21 0.467312
10 22 0.444223
10 23 0.657841
10 24 0.405864
10 25 0.560521
10 26 0.228682
10 27 0.596190
10 28 0.331373
10 29 0.422111
10 30 0.317328
10 31 0.382022
10 32 0.492986
10 33 0.248408
10 34 0.608769
10 35 0.437304
10 36 0.549195
10 37 0.229755
10 38 0.534247
10 39 0.493458
10 40 0.411405
10 41 0.441315
10 42 0.613636
10 43 0.509847
10 44 0.549065
10 45 0.351812
10 46 0.468635
10 47 0.334586
10 48 0.545082
10 49 0.559361
10 50 0.438819
10 51 0.297683
10 52 0.614130
10 53 0.588235
10 54 0.316265
10 55 0.362694
10 56 0.621406
10 57 0.629969
10 58 0.527054
10 59 0.522876
10 60 0.578529
10 61 0.236599
10 62 0.500000
10 63 0.290909
10 64 0.557344
10 65 0.450617
10 66 0.220114
10 67 0.368224
10 68 0.346221
10 69 0.378238
10 70 0.550179
10 71 0.300901
10 72 0.559259
10 73 0.525794
10 74 0.571429
10 75 0.288355
10 76 0.350734
10 77 0.421941
10 78 0.550515
10 79 0.334047
10 80 0.548098
10 81 0.475771
10 82 0.404145
10 83 0.301394
10 84 0.116071
10 85 0.455696
10 86 0.274223
10 87 0.580702
10 88 0.349123
10 89 0.441423
10 90 0.567925
10 91 0.314442
10 92 0.299065
10 93 0.408994
10 94 0.352066
10 95 0.594737
10 96 0.574506
10 97 0.105960
10 98 0.445344
10 99 0.618214
11 12 0.384224
11 13 0.541966
11 14 0.510129
11 15 0.624390
11 16 0.335000
11 17 0.406646
11 18 0.577513
11 19 0.466887
11 20 0.201878
11 21 0.188862
11 22 0.503984
11 23 0.250509
11 24 0.625000
11 25 0.402235
11 26 0.616279
11 27 0.276190
11 28 0.488235
11 29 0.581240
11 30 0.450939
11 31 0.233146
11 32 0.278557
11 33 0.467091
11 34 0.409781
11 35 0.609718
11 36 0.325581
11 37 0.566855
11 38 0.401174
11 39 0.390654
11 40 0.427699
11 41 0.399061
11 42 0.290210
11 43 0.240700
11 44 0.098131
11 45 0.420043
11 46 0.540590
11 47 0.520677
11 48 0.266393
11 49 0.121005
11 50 0.320675
11 51 0.565062
11 52 0.311594
11 53 0.374332
11 54 0.295181
11 55 0.352332
11 56 0.357827
11 57 0.388379
11 58 0.376754
11 59 0.119826
11 60 0.194831
11 61 0.585952
11 62 0.096059
11 63 0.554545
11 64 0.185111
11 65 0.331276
11 66 0.586338
11 67 0.500935
11 68 0.555360
11 69 0.339378
11 70 0.318996
11 71 0.554955
11 72 0.514815
11 73 0.474206
11 74 0.166667
11 75 0.543438
11 76 0.598695
11 77 0.462025
11 78 0.162887
11 79 0.423983
11 80 0.100671
11 81 0.376652
11 82 0.559585
11 83 0.578397
11 84 0.484375
11 85 0.289030
11 86 0.557587
11 87 0.480702
11 88 0.554386
11 89 0.466527
11 90 0.333962
11 91 0.541133
11 92 0.383178
11 93 0.396146
11 94 0.591736
11 95 0.391228
11 96 0.423698
11 97 0.501104
11 98 0.390688
11 99 0.339755
12 13 0.601918
12 14 0.694291
12 15 0.728455
12 16 0.120000
12 17 0.327532
12 18 0.386712
12 19 0.258278
12 20 0.530516
12 21 0.174334
12 22 0.229084
12 23 0.460285
12 24 0.469136
12 25 0.163873
12 26 0.600775
12 27 0.264762
12 28 0.672549
12 29 0.375209
12 30 0.655532
12 31 0.292135
12 32 0.575150
12 33 0.632696
12 34 0.249578
12 35 0.423197
12 36 0.595707
12 37 0.632768
12 38 0.125245
12 39 0.657944
12 40 0.674134
12 41 0.096244
12 42 0.520979
12 43 0.131291
12 44 0.327103
12 45 0.654584
12 46 0.280443
12 47 0.686090
12 48 0.161885
12 49 0.326484
12 50 0.609705
12 51 0.670232
12 52 0.284420
12 53 0.210339
12 54 0.409639
12 55 0.189119
12 56 0.584665
12 57 0.608563
12 58 0.100200
12 59 0.440087
12 60 0.457256
12 61 0.513863
12 62 0.280788
12 63 0.410909
12 64 0.468813
12 65 0.617284
12 66 0.618596
12 67 0.689720
12 68 0.694200
12 69 0.173575
12 70 0.589606
12 71 0.405405
12 72 0.235185
12 73 0.172619
12 74 0.303030
12 75 0.393715
12 76 0.696574
12 77 0.181435
12 78 0.453608
12 79 0.648822
12 80 0.391499
12 81 0.046256
12 82 0.348877
12 83 0.670732
12 84 0.575893
12 85 0.588608
12 86 0.429616
12 87 0.229825
12 88 0.696491
12 89 0.177824
12 90 0.179245
12 91 0.678245
12 92 0.616822
12 93 0.661670
12 94 0.441322
12 95 0.221053
12 96 0.193896
12 97 0.573951
12 98 0.657895
12 99 0.283713
13 14 0.327808
13 15 0.325203
13 16 0.507500
13 17 0.705696
13 18 0.429302
13 19 0.668874
13 20 0.692488
13 21 0.552058
13 22 0.515936
13 23 0.708758
13 24 0.429012
13 25 0.631285
13 26 0.189922
13 27 0.660952
13 28 0.284314
13 29 0.467337
13 30 0.279749
13 31 0.477528
13 32 0.507014
13 33 0.201699
13 34 0.672850
13 35 0.471787
13 36 0.559928
13 37 0.158192
13 38 0.610568
13 39 0.484112
13 40 0.386965
13 41 0.530516
13 42 0.645105
13 43 0.588621
13 44 0.614486
13 45 0.326226
13 46 0.531365
13 47 0.280075
13 48 0.616803
13 49 0.625571
13 50 0.440928
13 51 0.231729
13 52 0.675725
13 53 0.654189
13 54 0.412651
13 55 0.461140
13 56 0.638978
13 57 0.643731
13 58 0.603206
13 59 0.568627
13 60 0.620278
13 61 0.236599
13 62 0.573892
13 63 0.325455
13 64 0.597586
13 65 0.450617
13 66 0.157495
13 67 0.321495
13 68 0.286467
13 69 0.476684
13 70 0.562724
13 71 0.336937
13 72 0.627778
13 73 0.601190
13 74 0.638528
13 75 0.329020
13 76 0.288744
13 77 0.500000
13 78 0.593814
13 79 0.306210
13 80 0.604027
13 81 0.559471
13 82 0.454231
13 83 0.235192
13 84 0.055804
13 85 0.464135
13 86 0.303473
13 87 0.647368
13 88 0.289474
13 89 0.518828
13 90 0.637736
13 91 0.252285
13 92 0.289720
13 93 0.394004
13 94 0.378512
13 95 0.659649
13 96 0.642729
13 97 0.028698
13 98 0.431174
13 99 0.681261
14 15 0.227642
14 16 0.832500
14 17 0.844937
14 18 0.732538
14 19 0.882450
14 20 0.704225
14 21 0.786925
14 22 0.838645
14 23 0.747454
14 24 0.700617
14 25 0.864060
14 26 0.470930
14 27 0.803810
14 28 0.068627
14 29 0.763819
14 30 0.131524
14 31 0.769663
14 32 0.404810
14 33 0.184713
14 34 0.858347
14 35 0.750784
14 36 0.434705
14 37 0.297552
14 38 0.864971
14 39 0.285981
14 40 0.167006
14 41 0.861502
14 42 0.604895
14 43 0.805252
14 44 0.745327
14 45 0.170576
14 46 0.839483
14 47 0.065789
14 48 0.813525
14 49 0.751142
14 50 0.318565
14 51 0.194296
14 52 0.813406
14 53 0.846702
14 54 0.725904
14 55 0.810881
14 56 0.547923
14 57 0.535168
14 58 0.855711
14 59 0.603486
14 60 0.632207
14 61 0.547135
14 62 0.753695
14 63 0.649091
14 64 0.597586
14 65 0.312757
14 66 0.370019
14 67 0.014953
14 68 0.115993
14 69 0.816062
14 70 0.442652
14 71 0.657658
14 72 0.907407
14 73 0.892857
14 74 0.766234
14 75 0.658041
14 76 0.220228
14 77 0.829114
14 78 0.606186
14 79 0.167024
14 80 0.682327
14 81 0.854626
14 82 0.756477
14 83 0.222997
14 84 0.343750
14 85 0.362869
14 86 0.628885
14 87 0.891228
14 88 0.112281
14 89 0.843096
14 90 0.835849
14 91 0.126143
14 92 0.271028
14 93 0.220557
14 94 0.669421
14 95 0.854386
14 96 0.868941
14 97 0.364238
14 98 0.238866
14 99 0.823117
15 16 0.997500
15 17 0.998418
15 18 0.727428
15 19 0.998344
15 20 0.997653
15 21 0.997579
15 22 0.910359
15 23 0.997963
15 24 0.657407
15 25 0.998138
15 26 0.391473
15 27 0.998095
15 28 0.288235
15 29 0.765494
15 30 0.369520
15 31 0.997191
15 32 0.675351
15 33 0.348195
15 34 0.998314
15 35 0.735110
15 36 0.683363
15 37 0.231638
15 38 0.998043
15 39 0.547664
15 40 0.448065
15 41 0.997653
15 42 0.839161
15 43 0.997812
15 44 0.997664
15 45 0.437100
15 46 0.891144
15 47 0.219925
15 48 0.997951
15 49 0.997717
15 50 0.599156
15 51 0.126560
15 52 0.998188
15 53 0.998217
15 54 0.960843
15 55 0.974093
15 56 0.769968
15 57 0.749235
15 58 0.997996
15 59 0.867102
15 60 0.882704
15 61 0.491682
15 62 0.997537
15 63 0.636364
15 64 0.851107
15 65 0.590535
15 66 0.292220
15 67 0.271028
15 68 0.131810
15 69 0.987047
15 70 0.691756
15 71 0.645045
15 72 0.998148
15 73 0.998016
15 74 0.997835
15 75 0.652495
15 76 0.037520
15 77 0.919831
15 78 0.863918
15 79 0.426124
15 80 0.939597
15 81 0.997797
15 82 0.770294
15 83 0.111498
15 84 0.421875
15 85 0.643460
15 86 0.606947
15 87 0.998246
15 88 0.135088
15 89 0.935146
15 90 0.998113
15 91 0.162706
15 92 0.521028
15 93 0.507495
15 94 0.636364
15 95 0.998246
15 96 0.998205
15 97 0.417219
15 98 0.518219
15 99 0.998249
16 17 0.397152
16 18 0.359455
16 19 0.337748
16 20 0.511737
16 21 0.157385
16 22 0.237052
16 23 0.474542
16 24 0.436728
16 25 0.253259
16 26 0.511628
16 27 0.323810
16 28 0.584314
16 29 0.360134
16 30 0.563674
16 31 0.185393
16 32 0.525050
16 33 0.535032
16 34 0.330523
16 35 0.405956
16 36 0.559928
16 37 0.540490
16 38 0.217221
16 39 0.598131
16 40 0.594705
16 41 0.089202
16 42 0.515734
16 43 0.181619
16 44 0.322430
16 45 0.565032
16 46 0.293358
16 47 0.597744
16 48 0.229508
16 49 0.328767
16 50 0.540084
16 51 0.584670
16 52 0.346014
16 53 0.295900
16 54 0.277108
16 55 0.062176
16 56 0.571885
16 57 0.594801
16 58 0.196393
16 59 0.411765
16 60 0.449304
16 61 0.438078
16 62 0.256158
16 63 0.352727
16 64 0.450704
16 65 0.549383
16 66 0.527514
16 67 0.605607
16 68 0.611599
16 69 0.046632
16 70 0.555556
16 71 0.351351
16 72 0.296296
16 73 0.236111
16 74 0.324675
16 75 0.336414
16 76 0.616639
16 77 0.179325
16 78 0.437113
16 79 0.558887
16 80 0.378076
16 81 0.121145
16 82 0.331606
16 83 0.585366
16 84 0.466518
16 85 0.523207
16 86 0.367459
16 87 0.307018
16 88 0.612281
16 89 0.188285
16 90 0.262264
16 91 0.590494
16 92 0.516355
16 93 0.578158
16 94 0.398347
16 95 0.305263
16 96 0.280072
16 97 0.465784
16 98 0.587045
16 99 0.350263
17 18 0.701874
17 19 0.231788
17 20 0.633803
17 21 0.530266
17 22 0.577689
17 23 0.441955
17 24 0.757716
17 25 0.270019
17 26 0.998062
17 27 0.213333
17 28 0.990196
17 29 0.668342
17 30 0.985386
17 31 0.778090
17 32 0.753507
17 33 0.997877
17 34 0.134907
17 35 0.694357
17 36 0.703041
17 37 0.998117
17 38 0.338552
17 39 0.848598
17 40 0.951120
17 41 0.575117
17 42 0.517483
17 43 0.387309
17 44 0.504673
17 45 0.970149
17 46 0.575646
17 47 0.998120
17 48 0.295082
17 49 0.472603
17 50 0.854430
17 51 0.998217
17 52 0.157609
17 53 0.165775
17 54 0.939759
17 55 0.709845
17 56 0.591054
17 57 0.616208
17 58 0.342685
17 59 0.596950
17 60 0.514911
17 61 0.896488
17 62 0.561576
17 63 0.778182
17 64 0.557344
17 65 0.847737
17 66 0.998102
17 67 0.981308
17 68 0.998243
17 69 0.691710
17 70 0.693548
17 71 0.767568
17 72 0.424074
17 73 0.440476
17 74 0.396104
17 75 0.767098
17 76 0.998369
17 77 0.582278
17 78 0.556701
17 79 0.974304
17 80 0.534676
17 81 0.473568
17 82 0.656304
17 83 0.998258
17 84 0.997768
17 85 0.814346
17 86 0.802559
17 87 0.317544
17 88 0.998246
17 89 0.562762
17 90 0.209434
17 91 0.998172
17 92 0.978972
17 93 0.946467
17 94 0.765289
17 95 0.161404
17 96 0.251346
17 97 0.997792
17 98 0.904858
17 99 0.110333
18 19 0.493377
18 20 0.997653
18 21 0.670702
18 22 0.243028
18 23 0.904277
18 24 0.121914
18 25 0.497207
18 26 0.439922
18 27 0.697143
18 28 0.776471
18 29 0.053601
18 30 0.795407
18 31 0.719101
18 32 0.889780
18 33 0.730361
18 34 0.566610
18 35 0.081505
18 36 0.898032
18 37 0.574388
18 38 0.467710
18 39 0.900935
18 40 0.869654
18 41 0.441315
18 42 0.881119
18 43 0.623632
18 44 0.815421
18 45 0.835821
18 46 0.197417
18 47 0.753759
18 48 0.629098
18 49 0.810502
18 50 0.886076
18 51 0.655971
18 52 0.692029
18 53 0.570410
18 54 0.774096
18 55 0.525907
18 56 0.897764
18 57 0.903670
18 58 0.486974
18 59 0.858388
18 60 0.864811
18 61 0.301294
18 62 0.773399
18 63 0.140000
18 64 0.867203
18 65 0.888889
18 66 0.518027
18 67 0.792523
18 68 0.722320
18 69 0.541451
18 70 0.897849
18 71 0.124324
18 72 0.366667
18 73 0.378968
18 74 0.779221
18 75 0.138632
18 76 0.659054
18 77 0.297468
18 78 0.861856
18 79 0.822270
18 80 0.845638
18 81 0.460352
18 82 0.060449
18 83 0.635889
18 84 0.616071
18 85 0.888186
18 86 0.171846
18 87 0.436842
18 88 0.726316
18 89 0.305439
18 90 0.584906
18 91 0.707495
18 92 0.820093
18 93 0.886510
18 94 0.102479
18 95 0.561404
18 96 0.493716
18 97 0.584989
18 98 0.892713
18 99 0.669002
19 20 0.781690
19 21 0.513317
19 22 0.364542
19 23 0.615071
19 24 0.580247
19 25 0.128492
19 26 0.872093
19 27 0.339048
19 28 0.980392
19 29 0.467337
19 30 0.981211
19 31 0.724719
19 32 0.841683
19 33 0.966030
19 34 0.111298
19 35 0.501567
19 36 0.813953
19 37 0.919021
19 38 0.181996
19 39 0.919626
19 40 0.981670
19 41 0.417840
19 42 0.673077
19 43 0.378556
19 44 0.593458
19 45 0.980810
19 46 0.352399
19 47 0.979323
19 48 0.317623
19 49 0.570776
19 50 0.913502
19 51 0.946524
19 52 0.307971
19 53 0.147950
19 54 0.879518
19 55 0.588083
19 56 0.734824
19 57 0.755352
19 58 0.212425
19 59 0.701525
19 60 0.654076
19 61 0.752311
19 62 0.600985
19 63 0.605455
19 64 0.686117
19 65 0.909465
19 66 0.899431
19 67 0.981308
19 68 0.970123
19 69 0.575130
19 70 0.806452
19 71 0.592793
19 72 0.187037
19 73 0.226190
19 74 0.502165
19 75 0.593346
19 76 0.947798
19 77 0.386076
19 78 0.680412
19 79 0.980728
19 80 0.644295
19 81 0.330396
19 82 0.455959
19 83 0.939024
19 84 0.921875
19 85 0.883966
19 86 0.636197
19 87 0.085965
19 88 0.970175
19 89 0.361925
19 90 0.207547
19 91 0.963437
19 92 0.976636
19 93 0.982869
19 94 0.588430
19 95 0.124561
19 96 0.086176
19 97 0.911700
19 98 0.955466
19 99 0.266200
20 21 0.375303
20 22 0.667331
20 23 0.136456
20 24 0.757716
20 25 0.508380
20 26 0.757752
20 27 0.312381
20 28 0.547059
20 29 0.723618
20 30 0.517745
20 31 0.477528
20 32 0.220441
20 33 0.562633
20 34 0.473862
20 35 0.744514
20 36 0.221825
20 37 0.679849
20 38 0.528376
20 39 0.351402
20 40 0.448065
20 41 0.589202
20 42 0.139860
20 43 0.378556
20 44 0.198598
20 45 0.473348
20 46 0.690037
20 47 0.582707
20 48 0.366803
20 49 0.194064
20 50 0.318565
20 51 0.648841
20 52 0.335145
20 53 0.449198
20 54 0.542169
20 55 0.575130
20 56 0.223642
20 57 0.262997
20 58 0.507014
20 59 0.074074
20 60 0.035785
20 61 0.733826
20 62 0.280788
20 63 0.710909
20 64 0.016097
20 65 0.316872
20 66 0.713472
20 67 0.545794
20 68 0.618629
20 69 0.559585
20 70 0.211470
20 71 0.709910
20 72 0.644444
20 73 0.617063
20 74 0.216450
20 75 0.702403
20 76 0.670473
20 77 0.637131
20 78 0.014433
20 79 0.486081
20 80 0.111857
20 81 0.544053
20 82 0.706390
20 83 0.663763
20 84 0.627232
20 85 0.274262
20 86 0.714808
20 87 0.585965
20 88 0.615789
20 89 0.638075
20 90 0.418868
20 91 0.614260
20 92 0.474299
20 93 0.419700
20 94 0.733884
20 95 0.464912
20 96 0.520646
20 97 0.646799
20 98 0.388664
20 99 0.366025
21 22 0.356574
21 23 0.340122
21 24 0.537037
21 25 0.268156
21 26 0.591085
21 27 0.226667
21 28 0.574510
21 29 0.469012
21 30 0.544885
21 31 0.162921
21 32 0.432866
21 33 0.537155
21 34 0.310287
21 35 0.507837
21 36 0.465116
21 37 0.587571
21 38 0.252446
21 39 0.527103
21 40 0.549898
21 41 0.223005
21 42 0.403846
21 43 0.096280
21 44 0.170561
21 45 0.530917
21 46 0.404059
21 47 0.595865
21 48 0.153689
21 49 0.178082
21 50 0.466245
21 51 0.607843
21 52 0.262681
21 53 0.267380
21 54 0.280120
21 55 0.202073
21 56 0.472843
21 57 0.501529
21 58 0.224449
21 59 0.283224
21 60 0.322068
21 61 0.534196
21 62 0.103448
21 63 0.465455
21 64 0.327968
21 65 0.475309
21 66 0.588235
21 67 0.590654
21 68 0.618629
21 69 0.181347
21 70 0.458781
21 71 0.464865
21 72 0.370370
21 73 0.317460
21 74 0.183983
21 75 0.451017
21 76 0.641109
21 77 0.308017
21 78 0.309278
21 79 0.528908
21 80 0.237136
21 81 0.204846
21 82 0.443869
21 83 0.614983
21 84 0.508929
21 85 0.440928
21 86 0.477148
21 87 0.347368
21 88 0.619298
21 89 0.311715
21 90 0.222642
21 91 0.601463
21 92 0.488318
21 93 0.526767
21 94 0.505785
21 95 0.284211
21 96 0.294434
21 97 0.514349
21 98 0.526316
21 99 0.280210
22 23 0.694501
22 24 0.310185
22 25 0.270019
22 26 0.542636
22 27 0.476190
22 28 0.756863
22 29 0.187605
22 30 0.755741
22 31 0.508427
22 32 0.759519
22 33 0.711253
22 34 0.360877
22 35 0.246082
22 36 0.771020
22 37 0.630885
22 38 0.228963
22 39 0.807477
22 40 0.804481
22 41 0.194836
22 42 0.716783
22 43 0.382932
22 44 0.588785
22 45 0.776119
22 46 0.073801
22 47 0.751880
22 48 0.391393
22 49 0.584475
22 50 0.776371
22 51 0.693405
22 52 0.474638
22 53 0.351159
22 54 0.596386
22 55 0.321244
22 56 0.758786
22 57 0.775229
22 58 0.244489
22 59 0.671024
22 60 0.677932
22 61 0.423290
22 62 0.544335
22 63 0.272727
22 64 0.688129
22 65 0.781893
22 66 0.593928
22 67 0.771963
22 68 0.739895
22 69 0.326425
22 70 0.767025
22 71 0.263063
22 72 0.164815
22 73 0.138889
22 74 0.551948
22 75 0.255083
22 76 0.707993
22 77 0.071730
22 78 0.678351
22 79 0.766595
22 80 0.637584
22 81 0.207048
22 82 0.157168
22 83 0.682927
22 84 0.616071
22 85 0.765823
22 86 0.303473
22 87 0.236842
22 88 0.742105
22 89 0.062762
22 90 0.354717
22 91 0.722121
22 92 0.747664
22 93 0.805139
22 94 0.289256
22 95 0.347368
22 96 0.276481
22 97 0.598234
22 98 0.805668
22 99 0.457093
23 24 0.794753
23 25 0.467412
23 26 0.854651
23 27 0.236190
23 28 0.678431
23 29 0.748744
23 30 0.655532
23 31 0.564607
23 32 0.352705
23 33 0.696391
23 34 0.409781
23 35 0.769592
23 36 0.320215
23 37 0.790960
23 38 0.499022
23 39 0.472897
23 40 0.586558
23 41 0.607981
23 42 0.145105
23 43 0.363239
23 44 0.224299
23 45 0.616205
23 46 0.699262
23 47 0.706767
23 48 0.327869
23 49 0.203196
23 50 0.462025
23 51 0.761141
23 52 0.250000
23 53 0.388592
23 54 0.665663
23 55 0.629534
23 56 0.252396
23 57 0.293578
23 58 0.480962
23 59 0.200436
23 60 0.099404
23 61 0.811460
23 62 0.325123
23 63 0.765455
23 64 0.144869
23 65 0.456790
23 66 0.817837
23 67 0.671028
23 68 0.732865
23 69 0.611399
23 70 0.310036
23 71 0.762162
23 72 0.624074
23 73 0.603175
23 74 0.183983
23 75 0.756007
23 76 0.776509
23 77 0.654008
23 78 0.148454
23 79 0.627409
23 80 0.174497
23 81 0.544053
23 82 0.730570
23 83 0.771777
23 84 0.750000
23 85 0.417722
23 86 0.773309
23 87 0.549123
23 88 0.731579
23 89 0.650628
23 90 0.366038
23 91 0.733090
23 92 0.623832
23 93 0.565310
23 94 0.778512
23 95 0.403509
23 96 0.475763
23 97 0.768212
23 98 0.524291
23 99 0.283713
24 25 0.644320
24 26 0.434109
24 27 0.845714
24 28 0.827451
24 29 0.162479
24 30 0.860125
24 31 0.901685
24 32 0.997996
24 33 0.791932
24 34 0.699831
24 35 0.103448
24 36 0.998211
24 37 0.585687
24 38 0.624266
24 39 0.983178
24 40 0.947047
24 41 0.619718
24 42 0.998252
24 43 0.789934
24 44 0.978972
24 45 0.912580
24 46 0.339483
24 47 0.793233
24 48 0.786885
24 49 0.972603
24 50 0.987342
24 51 0.670232
24 52 0.833333
24 53 0.711230
24 54 0.948795
24 55 0.704663
24 56 0.998403
24 57 0.998471
24 58 0.647295
24 59 0.997821
24 60 0.998012
24 61 0.297597
24 62 0.945813
24 63 0.190909
24 64 0.997988
24 65 0.985597
24 66 0.521822
24 67 0.839252
24 68 0.743409
24 69 0.722798
24 70 0.998208
24 71 0.178378
24 72 0.507407
24 73 0.535714
24 74 0.937229
24 75 0.208872
24 76 0.659054
24 77 0.462025
24 78 0.997938
24 79 0.897216
24 80 0.997763
24 81 0.632159
24 82 0.193437
24 83 0.642857
24 84 0.676339
24 85 0.993671
24 86 0.206581
24 87 0.571930
24 88 0.749123
24 89 0.470711
24 90 0.732075
24 91 0.733090
24 92 0.915888
24 93 0.974304
24 94 0.082645
24 95 0.700000
24 96 0.635548
24 97 0.640177
24 98 0.977733
24 99 0.807356
25 26 0.757752
25 27 0.253333
25 28 0.843137
25 29 0.423786
25 30 0.835073
25 31 0.530899
25 32 0.711423
25 33 0.819533
25 34 0.118044
25 35 0.467085
25 36 0.701252
25 37 0.796610
25 38 0.058708
25 39 0.794393
25 40 0.841141
25 41 0.269953
25 42 0.580420
25 43 0.231947
25 44 0.446262
25 45 0.833689
25 46 0.308118
25 47 0.849624
25 48 0.190574
25 49 0.429224
25 50 0.770042
25 51 0.828877
25 52 0.244565
25 53 0.096257
25 54 0.671687
25 55 0.414508
25 56 0.648562
25 57 0.672783
25 58 0.076152
25 59 0.562092
25 60 0.538767
25 61 0.652495
25 62 0.435961
25 63 0.521818
25 64 0.565392
25 65 0.769547
25 66 0.779886
25 67 0.850467
25 68 0.848858
25 69 0.401554
25 70 0.695341
25 71 0.511712
25 72 0.170370
25 73 0.152778
25 74 0.376623
25 75 0.506470
25 76 0.840131
25 77 0.282700
25 78 0.556701
25 79 0.830835
25 80 0.505593
25 81 0.187225
25 82 0.405872
25 83 0.824042
25 84 0.772321
25 85 0.742616
25 86 0.548446
25 87 0.108772
25 88 0.850877
25 89 0.261506
25 90 0.111321
25 91 0.839122
25 92 0.815421
25 93 0.835118
25 94 0.527273
25 95 0.092982
25 96 0.035907
25 97 0.768212
25 98 0.817814
25 99 0.220665
26 27 0.809524
26 28 0.425490
26 29 0.432161
26 30 0.453027
26 31 0.702247
26 32 0.703407
26 33 0.373673
26 34 0.770658
26 35 0.416928
26 36 0.733453
26 37 0.165725
26 38 0.708415
26 39 0.656075
26 40 0.564155
26 41 0.647887
26 42 0.816434
26 43 0.746171
26 44 0.822430
26 45 0.515991
26 46 0.547970
26 47 0.390977
26 48 0.764344
26 49 0.826484
26 50 0.643460
26 51 0.270945
26 52 0.815217
26 53 0.764706
26 54 0.668675
26 55 0.621762
26 56 0.797125
26 57 0.793578
26 58 0.711423
26 59 0.777778
26 60 0.811133
26 61 0.118299
26 62 0.785714
26 63 0.274545
26 64 0.790744
26 65 0.648148
26 66 0.096774
26 67 0.446729
26 68 0.355009
26 69 0.639896
26 70 0.738351
26 71 0.286486
26 72 0.683333
26 73 0.672619
26 74 0.824675
26 75 0.290203
26 76 0.293638
26 77 0.565401
26 78 0.791753
26 79 0.496788
26 80 0.812081
26 81 0.676211
26 82 0.431779
26 83 0.250871
26 84 0.265625
26 85 0.668776
26 86 0.243144
26 87 0.715789
26 88 0.359649
26 89 0.583682
26 90 0.760377
26 91 0.332724
26 92 0.514019
26 93 0.591006
26 94 0.300826
26 95 0.764912
26 96 0.732496
26 97 0.229581
26 98 0.617409
26 99 0.809107
27 28 0.770588
27 29 0.604690
27 30 0.753653
27 31 0.494382
27 32 0.533066
27 33 0.766454
27 34 0.200675
27 35 0.637931
27 36 0.515206
27 37 0.807910
27 38 0.281800
27 39 0.641121
27 40 0.720978
27 41 0.422535
27 42 0.361888
27 43 0.190372
27 44 0.240654
27 45 0.729211
27 46 0.520295
27 47 0.791353
27 48 0.120902
27 49 0.214612
27 50 0.616034
27 51 0.809269
27 52 0.048913
27 53 0.167558
27 54 0.632530
27 55 0.492228
27 56 0.450479
27 57 0.483180
27 58 0.264529
27 59 0.355120
27 60 0.310139
27 61 0.748614
27 62 0.290640
27 63 0.660000
27 64 0.344064
27 65 0.615226
27 66 0.814042
27 67 0.771963
27 68 0.806678
27 69 0.471503
27 70 0.505376
27 71 0.654054
27 72 0.414815
27 73 0.392857
27 74 0.151515
27 75 0.646950
27 76 0.823817
27 77 0.474684
27 78 0.336082
27 79 0.734475
27 80 0.286353
27 81 0.345815
27 82 0.587219
27 83 0.813589
27 84 0.767857
27 85 0.578059
27 86 0.676417
27 87 0.338596
27 88 0.805263
27 89 0.462343
27 90 0.137736
27 91 0.798903
27 92 0.719626
27 93 0.704497
27 94 0.671074
27 95 0.185965
27 96 0.258528
27 97 0.774834
27 98 0.676113
27 99 0.085814
28 29 0.705193
28 30 0.066806
28 31 0.676966
28 32 0.378758
28 33 0.110403
28 34 0.804384
28 35 0.699060
28 36 0.423971
28 37 0.258004
28 38 0.798434
28 39 0.285981
28 40 0.154786
28 41 0.779343
28 42 0.580420
28 43 0.737418
28 44 0.682243
28 45 0.121535
28 46 0.773063
28 47 0.056391
28 48 0.750000
28 49 0.689498
28 50 0.286920
28 51 0.176471
28 52 0.760870
28 53 0.791444
28 54 0.623494
28 55 0.720207
28 56 0.538339
28 57 0.529052
28 58 0.787575
28 59 0.553377
28 60 0.592445
28 61 0.491682
28 62 0.679803
28 63 0.589091
28 64 0.557344
28 65 0.288066
28 66 0.324478
28 67 0.052336
28 68 0.126538
28 69 0.727979
28 70 0.431900
28 71 0.598198
28 72 0.842593
28 73 0.823413
28 74 0.705628
28 75 0.595194
28 76 0.225122
28 77 0.753165
28 78 0.564948
28 79 0.111349
28 80 0.626398
28 81 0.779736
28 82 0.697755
28 83 0.207317
28 84 0.267857
28 85 0.331224
28 86 0.568556
28 87 0.831579
28 88 0.124561
28 89 0.769874
28 90 0.775472
28 91 0.113346
28 92 0.198598
28 93 0.192719
28 94 0.616529
28 95 0.798246
28 96 0.809695
28 97 0.291391
28 98 0.224696
28 99 0.772329
29 30 0.845511
29 31 0.747191
29 32 0.919840
29 33 0.785563
29 34 0.539629
29 35 0.070533
29 36 0.923077
29 37 0.630885
29 38 0.446184
29 39 0.934579
29 40 0.914460
29 41 0.438967
29 42 0.891608
29 43 0.621444
29 44 0.827103
29 45 0.882729
29 46 0.162362
29 47 0.804511
29 48 0.618852
29 49 0.819635
29 50 0.921941
29 51 0.707665
29 52 0.679348
29 53 0.547237
29 54 0.816265
29 55 0.544041
29 56 0.912141
29 57 0.918960
29 58 0.468938
29 59 0.875817
29 60 0.876740
29 61 0.360444
29 62 0.785714
29 63 0.194545
29 64 0.883300
29 65 0.925926
29 66 0.576850
29 67 0.839252
29 68 0.771529
29 69 0.559585
29 70 0.921147
29 71 0.180180
29 72 0.327778
29 73 0.349206
29 74 0.783550
29 75 0.192237
29 76 0.707993
29 77 0.289030
29 78 0.878351
29 79 0.869379
29 80 0.859060
29 81 0.451542
29 82 0.039724
29 83 0.688153
29 84 0.674107
29 85 0.921941
29 86 0.228519
29 87 0.401754
29 88 0.775439
29 89 0.292887
29 90 0.566038
29 91 0.758684
29 92 0.871495
29 93 0.931478
29 94 0.152066
29 95 0.536842
29 96 0.464991
29 97 0.644592
29 98 0.933198
29 99 0.653240
30 31 0.592697
30 32 0.326653
30 33 0.087049
30 34 0.752108
30 35 0.677116
30 36 0.382826
30 37 0.274953
30 38 0.741683
30 39 0.256075
30 40 0.122200
30 41 0.713615
30 42 0.531469
30 43 0.667396
30 44 0.605140
30 45 0.063966
30 46 0.732472
30 47 0.114662
30 48 0.684426
30 49 0.614155
30 50 0.232068
30 51 0.217469
30 52 0.702899
30 53 0.734403
30 54 0.536145
30 55 0.650259
30 56 0.498403
30 57 0.495413
30 58 0.729459
30 59 0.483660
30 60 0.530815
30 61 0.482440
30 62 0.600985
30 63 0.565455
30 64 0.494970
30 65 0.236626
30 66 0.335863
30 67 0.102804
30 68 0.181019
30 69 0.655440
30 70 0.388889
30 71 0.574775
30 72 0.792593
30 73 0.769841
30 74 0.636364
30 75 0.569316
30 76 0.269168
30 77 0.702532
30 78 0.498969
30 79 0.047109
30 80 0.552573
30 81 0.715859
30 82 0.666667
30 83 0.245645
30 84 0.243304
30 85 0.272152
30 86 0.548446
30 87 0.780702
30 88 0.178947
30 89 0.715481
30 90 0.715094
30 91 0.160878
30 92 0.123832
30 93 0.141328
30 94 0.598347
30 95 0.743860
30 96 0.755835
30 97 0.269316
30 98 0.186235
30 99 0.716287
31 32 0.396794
31 33 0.420382
31 34 0.401349
31 35 0.481191
31 36 0.449016
31 37 0.476460
31 38 0.328767
31 39 0.472897
31 40 0.462322
31 41 0.244131
31 42 0.437063
31 43 0.218818
31 44 0.245327
31 45 0.430704
31 46 0.407749
31 47 0.496241
31 48 0.272541
31 49 0.262557
31 50 0.398734
31 51 0.506239
31 52 0.365942
31 53 0.365419
31 54 0.105422
31 55 0.147668
31 56 0.488818
31 57 0.512232
31 58 0.306613
31 59 0.298475
31 60 0.359841
31 61 0.443623
31 62 0.172414
31 63 0.401818
31 64 0.352113
31 65 0.413580
31 66 0.478178
31 67 0.497196
31 68 0.521968
31 69 0.139896
31 70 0.446237
31 71 0.403604
31 72 0.418519
31 73 0.367063
31 74 0.283550
31 75 0.388170
31 76 0.546493
31 77 0.310127
31 78 0.336082
31 79 0.426124
31 80 0.284116
31 81 0.259912
31 82 0.419689
31 83 0.513937
31 84 0.377232
31 85 0.383966
31 86 0.407678
31 87 0.414035
31 88 0.522807
31 89 0.322176
31 90 0.326415
31 91 0.499086
31 92 0.371495
31 93 0.438972
31 94 0.452893
31 95 0.378947
31 96 0.377020
31 97 0.386313
31 98 0.453441
31 99 0.381786
32 33 0.405520
32 34 0.635750
32 35 0.778997
32 36 0.107335
32 37 0.563089
32 38 0.673190
32 39 0.145794
32 40 0.242363
32 41 0.704225
32 42 0.251748
32 43 0.544858
32 44 0.392523
32 45 0.283582
32 46 0.773063
32 47 0.411654
32 48 0.545082
32 49 0.397260
32 50 0.111814
32 51 0.508021
32 52 0.523551
32 53 0.614973
32 54 0.563253
32 55 0.660622
32 56 0.241214
32 57 0.256881
32 58 0.655311
32 59 0.224401
32 60 0.250497
32 61 0.691312
32 62 0.438424
32 63 0.714545
32 64 0.209256
32 65 0.102881
32 66 0.611006
32 67 0.364486
32 68 0.460457
32 69 0.652850
32 70 0.109319
32 71 0.717117
32 72 0.768519
32 73 0.744048
32 74 0.424242
32 75 0.711645
32 76 0.533442
32 77 0.727848
32 78 0.220619
32 79 0.301927
32 80 0.308725
32 81 0.674009
32 82 0.754750
32 83 0.529617
32 84 0.517857
32 85 0.071730
32 86 0.709324
32 87 0.724561
32 88 0.456140
32 89 0.734310
32 90 0.590566
32 91 0.457038
32 92 0.310748
32 93 0.211991
32 94 0.740496
32 95 0.628070
32 96 0.671454
32 97 0.543046
32 98 0.174089
32 99 0.549912
33 34 0.735245
33 35 0.619122
33 36 0.440072
33 37 0.205273
33 38 0.708415
33 39 0.328972
33 40 0.203666
33 41 0.666667
33 42 0.571678
33 43 0.649891
33 44 0.612150
33 45 0.140725
33 46 0.678967
33 47 0.124060
33 48 0.672131
33 49 0.623288
33 50 0.295359
33 51 0.176471
33 52 0.702899
33 53 0.718360
33 54 0.490964
33 55 0.595855
33 56 0.547923
33 57 0.545872
33 58 0.699399
33 59 0.511983
33 60 0.564612
33 61 0.406654
33 62 0.596059
33 63 0.498182
33 64 0.531187
33 65 0.302469
33 66 0.259962
33 67 0.149533
33 68 0.173989
33 69 0.606218
33 70 0.446237
33 71 0.506306
33 72 0.751852
33 73 0.726190
33 74 0.642857
33 75 0.500924
33 76 0.241436
33 77 0.647679
33 78 0.531959
33 79 0.119914
33 80 0.572707
33 81 0.676211
33 82 0.607945
33 83 0.202091
33 84 0.154018
33 85 0.331224
33 86 0.477148
33 87 0.749123
33 88 0.173684
33 89 0.663180
33 90 0.700000
33 91 0.138940
33 92 0.142523
33 93 0.218415
33 94 0.535537
33 95 0.726316
33 96 0.728905
33 97 0.181015
33 98 0.263158
33 99 0.712785
34 35 0.570533
34 36 0.724508
34 37 0.911488
34 38 0.193738
34 39 0.842991
34 40 0.918534
34 41 0.427230
34 42 0.569930
34 43 0.306346
34 44 0.485981
34 45 0.923241
34 46 0.429889
34 47 0.941729
34 48 0.231557
34 49 0.461187
34 50 0.833333
34 51 0.928699
34 52 0.193841
34 53 0.058824
34 54 0.822289
34 55 0.572539
34 56 0.640575
34 57 0.665138
34 58 0.206413
34 59 0.599129
34 60 0.546720
34 61 0.780037
34 62 0.509852
34 63 0.649091
34 64 0.581489
34 65 0.831276
34 66 0.899431
34 67 0.934579
34 68 0.940246
34 69 0.554404
34 70 0.716846
34 71 0.639640
34 72 0.275926
34 73 0.287698
34 74 0.393939
34 75 0.635860
34 76 0.933116
34 77 0.430380
34 78 0.575258
34 79 0.925054
34 80 0.536913
34 81 0.332599
34 82 0.523316
34 83 0.925087
34 84 0.899554
34 85 0.801688
34 86 0.676417
34 87 0.177193
34 88 0.940351
34 89 0.407950
34 90 0.124528
34 91 0.936015
34 92 0.918224
34 93 0.912206
34 94 0.641322
34 95 0.038596
34 96 0.109515
34 97 0.896247
34 98 0.882591
34 99 0.152364
35 36 0.992844
35 37 0.657250
35 38 0.534247
35 39 0.998131
35 40 0.975560
35 41 0.544601
35 42 0.968531
35 43 0.719912
35 44 0.929907
35 45 0.946695
35 46 0.241697
35 47 0.845865
35 48 0.713115
35 49 0.920091
35 50 0.997890
35 51 0.736185
35 52 0.760870
35 53 0.627451
35 54 0.930723
35 55 0.655440
35 56 0.979233
35 57 0.983180
35 58 0.559118
35 59 0.967320
35 60 0.962227
35 61 0.373383
35 62 0.894089
35 63 0.221818
35 64 0.967807
35 65 0.997942
35 66 0.597723
35 67 0.885981
35 68 0.803163
35 69 0.670984
35 70 0.991039
35 71 0.205405
35 72 0.405556
35 73 0.436508
35 74 0.880952
35 75 0.227357
35 76 0.727569
35 77 0.386076
35 78 0.967010
35 79 0.931478
35 80 0.957494
35 81 0.550661
35 82 0.117444
35 83 0.710801
35 84 0.725446
35 85 0.997890
35 86 0.252285
35 87 0.475439
35 88 0.807018
35 89 0.387029
35 90 0.652830
35 91 0.793419
35 92 0.943925
35 93 0.997859
35 94 0.140496
35 95 0.614035
35 96 0.543986
35 97 0.693157
35 98 0.997976
35 99 0.732049
36 37 0.668550
36 38 0.753425
36 39 0.175701
36 40 0.329939
36 41 0.821596
36 42 0.209790
36 43 0.630197
36 44 0.469626
36 45 0.392324
36 46 0.870849
36 47 0.500000
36 48 0.614754
36 49 0.468037
36 50 0.223629
36 51 0.597148
36 52 0.559783
36 53 0.668449
36 54 0.737952
36 55 0.800518
36 56 0.159744
36 57 0.168196
36 58 0.737475
36 59 0.289760
36 60 0.266402
36 61 0.804067
36 62 0.539409
36 63 0.823636
36 64 0.233400
36 65 0.203704
36 66 0.721063
36 67 0.442991
36 68 0.539543
36 69 0.790155
36 70 0.010753
36 71 0.825225
36 72 0.851852
36 73 0.835317
36 74 0.482684
36 75 0.822551
36 76 0.611746
36 77 0.837553
36 78 0.257732
36 79 0.413276
36 80 0.373602
36 81 0.777533
36 82 0.851468
36 83 0.618467
36 84 0.649554
36 85 0.196203
36 86 0.819013
36 87 0.792982
36 88 0.535088
36 89 0.843096
36 90 0.650943
36 91 0.546618
36 92 0.448598
36 93 0.314775
36 94 0.839669
36 95 0.680702
36 96 0.736086
36 97 0.675497
36 98 0.255061
36 99 0.583187
37 38 0.772994
37 39 0.528972
37 40 0.419552
37 41 0.725352
37 42 0.751748
37 43 0.772429
37 44 0.796729
37 45 0.371002
37 46 0.662362
37 47 0.231203
37 48 0.790984
37 49 0.803653
37 50 0.523207
37 51 0.114082
37 52 0.826087
37 53 0.805704
37 54 0.659639
37 55 0.681347
37 56 0.720447
37 57 0.712538
37 58 0.771543
37 59 0.716776
37 60 0.755467
37 61 0.275416
37 62 0.773399
37 63 0.414545
37 64 0.728370
37 65 0.526749
37 66 0.072106
37 67 0.291589
37 68 0.198594
37 69 0.696891
37 70 0.641577
37 71 0.425225
37 72 0.775926
37 73 0.761905
37 74 0.809524
37 75 0.426987
37 76 0.163132
37 77 0.664557
37 78 0.731959
37 79 0.351178
37 80 0.767338
37 81 0.744493
37 82 0.557858
37 83 0.104530
37 84 0.189732
37 85 0.556962
37 86 0.385740
37 87 0.791228
37 88 0.205263
37 89 0.684100
37 90 0.798113
37 91 0.171846
37 92 0.387850
37 93 0.451820
37 94 0.441322
37 95 0.808772
37 96 0.793537
37 97 0.172185
37 98 0.481781
37 99 0.826620
38 39 0.768224
38 40 0.804481
38 41 0.201878
38 42 0.583916
38 43 0.212254
38 44 0.432243
38 45 0.791045
38 46 0.263838
38 47 0.806391
38 48 0.192623
38 49 0.420091
38 50 0.738397
38 51 0.780749
38 52 0.273551
38 53 0.142602
38 54 0.602410
38 55 0.347150
38 56 0.648562
38 57 0.672783
38 58 0.034068
38 59 0.549020
38 60 0.536779
38 61 0.597043
38 62 0.408867
38 63 0.467273
38 64 0.557344
38 65 0.740741
38 66 0.726755
38 67 0.809346
38 68 0.806678
38 69 0.334197
38 70 0.682796
38 71 0.459459
38 72 0.150000
38 73 0.107143
38 74 0.374459
38 75 0.452865
38 76 0.796085
38 77 0.219409
38 78 0.548454
38 79 0.788009
38 80 0.494407
38 81 0.125551
38 82 0.359240
38 83 0.777003
38 84 0.714286
38 85 0.713080
38 86 0.493601
38 87 0.121053
38 88 0.808772
38 89 0.200837
38 90 0.139623
38 91 0.793419
38 92 0.766355
38 93 0.796574
38 94 0.479339
38 95 0.142105
38 96 0.082585
38 97 0.708609
38 98 0.783401
38 99 0.255692
39 40 0.158859
39 41 0.840376
39 42 0.365385
39 43 0.698031
39 44 0.567757
39 45 0.234542
39 46 0.869004
39 47 0.336466
39 48 0.694672
39 49 0.570776
39 50 0.135021
39 51 0.450980
39 52 0.664855
39 53 0.746881
39 54 0.707831
39 55 0.800518
39 56 0.306709
39 57 0.301223
39 58 0.789579
39 59 0.392157
39 60 0.403579
39 61 0.715342
39 62 0.610837
39 63 0.767273
39 64 0.366197
39 65 0.106996
39 66 0.595825
39 67 0.276636
39 68 0.384886
39 69 0.795337
39 70 0.177419
39 71 0.771171
39 72 0.885185
39 73 0.867063
39 74 0.588745
39 75 0.768946
39 76 0.469821
39 77 0.841772
39 78 0.381443
39 79 0.256959
39 80 0.480984
39 81 0.812775
39 82 0.827288
39 83 0.475610
39 84 0.522321
39 85 0.154008
39 86 0.755027
39 87 0.843860
39 88 0.378947
39 89 0.851464
39 90 0.728302
39 91 0.391225
39 92 0.317757
39 93 0.160600
39 94 0.786777
39 95 0.757895
39 96 0.798923
39 97 0.549669
39 98 0.093117
39 99 0.684764
40 41 0.772300
40 42 0.461538
40 43 0.682713
40 44 0.584112
40 45 0.076759
40 46 0.797048
40 47 0.195489
40 48 0.690574
40 49 0.593607
40 50 0.145570
40 51 0.311943
40 52 0.688406
40 53 0.743316
40 54 0.602410
40 55 0.715026
40 56 0.418530
40 57 0.412844
40 58 0.759519
40 59 0.435730
40 60 0.473161
40 61 0.587800
40 62 0.600985
40 63 0.658182
40 64 0.434608
40 65 0.141975
40 66 0.449715
40 67 0.142056
40 68 0.254833
40 69 0.717617
40 70 0.297491
40 71 0.664865
40 72 0.837037
40 73 0.817460
40 74 0.614719
40 75 0.659889
40 76 0.347471
40 77 0.767932
40 78 0.445361
40 79 0.098501
40 80 0.516779
40 81 0.762115
40 82 0.740933
40 83 0.339721
40 84 0.366071
40 85 0.189873
40 86 0.643510
40 87 0.812281
40 88 0.250877
40 89 0.780335
40 90 0.724528
40 91 0.252285
40 92 0.177570
40 93 0.053533
40 94 0.685950
40 95 0.754386
40 96 0.779174
40 97 0.395143
40 98 0.072874
40 99 0.705779
41 42 0.571678
41 43 0.212254
41 44 0.394860
41 45 0.641791
41 46 0.226937
41 47 0.659774
41 48 0.245902
41 49 0.394977
41 50 0.620253
41 51 0.631016
41 52 0.358696
41 53 0.276292
41 54 0.385542
41 55 0.137306
41 56 0.626198
41 57 0.646789
41 58 0.156313
41 59 0.488017
41 60 0.512922
41 61 0.443623
41 62 0.337438
41 63 0.336364
41 64 0.519115
41 65 0.627572
41 66 0.561670
41 67 0.671028
41 68 0.664323
41 69 0.134715
41 70 0.621864
41 71 0.331532
41 72 0.227778
41 73 0.164683
41 74 0.376623
41 75 0.317930
41 76 0.659054
41 77 0.105485
41 78 0.505155
41 79 0.633833
41 80 0.451902
41 81 0.066079
41 82 0.283247
41 83 0.630662
41 84 0.526786
41 85 0.605485
41 86 0.354662
41 87 0.250877
41 88 0.666667
41 89 0.110879
41 90 0.252830
41 91 0.645338
41 92 0.600467
41 93 0.659529
41 94 0.373554
41 95 0.280702
41 96 0.238779
41 97 0.520971
41 98 0.663968
41 99 0.355517
42 43 0.527352
42 44 0.369159
42 45 0.586354
42 46 0.828413
42 47 0.682331
42 48 0.491803
42 49 0.351598
42 50 0.413502
42 51 0.755793
42 52 0.400362
42 53 0.536542
42 54 0.783133
42 55 0.779793
42 56 0.118211
42 57 0.165138
42 58 0.637275
42 59 0.248366
42 60 0.137177
42 61 0.879852
42 62 0.467980
42 63 0.856364
42 64 0.150905
42 65 0.399177
42 66 0.848197
42 67 0.635514
42 68 0.711775
42 69 0.764249
42 70 0.202509
42 71 0.854054
42 72 0.768519
42 73 0.753968
42 74 0.346320
42 75 0.850277
42 76 0.765090
42 77 0.795359
42 78 0.179381
42 79 0.603854
42 80 0.279642
42 81 0.702643
42 82 0.841105
42 83 0.771777
42 84 0.787946
42 85 0.369198
42 86 0.861060
42 87 0.691228
42 88 0.708772
42 89 0.794979
42 90 0.520755
42 91 0.716636
42 92 0.621495
42 93 0.520343
42 94 0.866116
42 95 0.550877
42 96 0.622980
42 97 0.807947
42 98 0.465587
42 99 0.427320
43 44 0.203271
43 45 0.622601
43 46 0.391144
43 47 0.678571
43 48 0.065574
43 49 0.198630
43 50 0.548523
43 51 0.686275
43 52 0.197464
43 53 0.190731
43 54 0.409639
43 55 0.266839
43 56 0.496805
43 57 0.525994
43 58 0.160321
43 59 0.335512
43 60 0.345924
43 61 0.589649
43 62 0.174877
43 63 0.501818
43 64 0.362173
43 65 0.553498
43 66 0.662239
43 67 0.672897
43 68 0.695958
43 69 0.246114
43 70 0.507168
43 71 0.499099
43 72 0.324074
43 73 0.275794
43 74 0.175325
43 75 0.487985
43 76 0.711256
43 77 0.308017
43 78 0.346392
43 79 0.623126
43 80 0.275168
43 81 0.176211
43 82 0.450777
43 83 0.689895
43 84 0.602679
43 85 0.518987
43 86 0.519196
43 87 0.287719
43 88 0.696491
43 89 0.303347
43 90 0.139623
43 91 0.681901
43 92 0.588785
43 93 0.614561
43 94 0.532231
43 95 0.207018
43 96 0.224417
43 97 0.607064
43 98 0.607287
43 99 0.211909
44 45 0.509595
44 46 0.536900
44 47 0.601504
44 48 0.202869
44 49 0.022831
44 50 0.398734
44 51 0.639929
44 52 0.235507
44 53 0.313725
44 54 0.391566
44 55 0.380829
44 56 0.359425
44 57 0.392966
44 58 0.336673
44 59 0.148148
44 60 0.176938
44 61 0.639556
44 62 0.088670
44 63 0.589091
44 64 0.187123
44 65 0.405350
44 66 0.658444
44 67 0.581308
44 68 0.630931
44 69 0.362694
44 70 0.353047
44 71 0.587387
44 72 0.487037
44 73 0.448413
44 74 0.073593
44 75 0.578558
44 76 0.667210
44 77 0.464135
44 78 0.164948
44 79 0.516060
44 80 0.078300
44 81 0.356828
44 82 0.569948
44 83 0.649826
44 84 0.571429
44 85 0.362869
44 86 0.597806
44 87 0.440351
44 88 0.629825
44 89 0.464435
44 90 0.273585
44 91 0.619744
44 92 0.483645
44 93 0.481799
44 94 0.619835
44 95 0.331579
44 96 0.375224
44 97 0.584989
44 98 0.467611
44 99 0.266200
45 46 0.738007
45 47 0.165414
45 48 0.655738
45 49 0.568493
45 50 0.168776
45 51 0.270945
45 52 0.668478
45 53 0.711230
45 54 0.518072
45 55 0.639896
45 56 0.450479
45 57 0.449541
45 58 0.711423
45 59 0.431373
45 60 0.479125
45 61 0.519409
45 62 0.561576
45 63 0.590909
45 64 0.440644
45 65 0.174897
45 66 0.387097
45 67 0.132710
45 68 0.228471
45 69 0.645078
45 70 0.335125
45 71 0.598198
45 72 0.787037
45 73 0.761905
45 74 0.593074
45 75 0.593346
45 76 0.316476
45 77 0.702532
45 78 0.445361
45 79 0.021413
45 80 0.503356
45 81 0.702643
45 82 0.680484
45 83 0.297909
45 84 0.285714
45 85 0.208861
45 86 0.575868
45 87 0.768421
45 88 0.226316
45 89 0.715481
45 90 0.690566
45 91 0.213894
45 92 0.102804
45 93 0.077088
45 94 0.624793
45 95 0.721053
45 96 0.737882
45 97 0.313466
45 98 0.129555
45 99 0.684764
46 47 0.812030
46 48 0.461066
46 49 0.671233
46 50 0.858650
46 51 0.741533
46 52 0.530797
46 53 0.393939
46 54 0.713855
46 55 0.424870
46 56 0.822684
46 57 0.836391
46 58 0.302605
46 59 0.758170
46 60 0.755467
46 61 0.445471
46 62 0.640394
46 63 0.281818
46 64 0.768612
46 65 0.862140
46 66 0.633776
46 67 0.835514
46 68 0.792619
46 69 0.430052
46 70 0.840502
46 71 0.268468
46 72 0.168519
46 73 0.176587
46 74 0.634199
46 75 0.268022
46 76 0.750408
46 77 0.156118
46 78 0.760825
46 79 0.843683
46 80 0.727069
46 81 0.288546
46 82 0.124352
46 83 0.728223
46 84 0.683036
46 85 0.850211
46 86 0.316271
46 87 0.249123
46 88 0.794737
46 89 0.144351
46 90 0.409434
46 91 0.776965
46 92 0.831776
46 93 0.886510
46 94 0.276033
46 95 0.384211
46 96 0.307002
46 97 0.662252
46 98 0.884615
46 99 0.506130
47 48 0.801230
47 49 0.753425
47 50 0.350211
47 51 0.133690
47 52 0.811594
47 53 0.834225
47 54 0.689759
47 55 0.769430
47 56 0.584665
47 57 0.571865
47 58 0.831663
47 59 0.618736
47 60 0.652087
47 61 0.484288
47 62 0.746305
47 63 0.594545
47 64 0.617706
47 65 0.349794
47 66 0.303605
47 67 0.063551
47 68 0.073814
47 69 0.779793
47 70 0.483871
47 71 0.603604
47 72 0.874074
47 73 0.859127
47 74 0.766234
47 75 0.604436
47 76 0.177814
47 77 0.786920
47 78 0.626804
47 79 0.175589
47 80 0.691275
47 81 0.823789
47 82 0.711572
47 83 0.163763
47 84 0.283482
47 85 0.394515
47 86 0.572212
47 87 0.864912
47 88 0.071930
47 89 0.801255
47 90 0.822642
47 91 0.063985
47 92 0.264019
47 93 0.256959
47 94 0.618182
47 95 0.840351
47 96 0.849192
47 97 0.300221
47 98 0.283401
47 99 0.819615
48 49 0.216895
48 50 0.594937
48 51 0.741533
48 52 0.143116
48 53 0.142602
48 54 0.506024
48 55 0.347150
48 56 0.500000
48 57 0.529052
48 58 0.158317
48 59 0.363834
48 60 0.353877
48 61 0.646950
48 62 0.229064
48 63 0.552727
48 64 0.376258
48 65 0.598765
48 66 0.724858
48 67 0.725234
48 68 0.750439
48 69 0.326425
48 70 0.528674
48 71 0.545946
48 72 0.325926
48 73 0.287698
48 74 0.173160
48 75 0.537893
48 76 0.763458
48 77 0.348101
48 78 0.362887
48 79 0.683084
48 80 0.297539
48 81 0.213656
48 82 0.483592
48 83 0.745645
48 84 0.674107
48 85 0.563291
48 86 0.570384
48 87 0.271930
48 88 0.750877
48 89 0.338912
48 90 0.088679
48 91 0.738574
48 92 0.656542
48 93 0.670236
48 94 0.573554
48 95 0.161404
48 96 0.199282
48 97 0.677704
48 98 0.653846
48 99 0.154116
49 50 0.415612
49 51 0.657754
49 52 0.217391
49 53 0.304813
49 54 0.421687
49 55 0.398964
49 56 0.356230
49 57 0.391437
49 58 0.334669
49 59 0.156863
49 60 0.172962
49 61 0.656192
49 62 0.108374
49 63 0.603636
49 64 0.187123
49 65 0.421811
49 66 0.679317
49 67 0.600000
49 68 0.648506
49 69 0.380829
49 70 0.358423
49 71 0.601802
49 72 0.487037
49 73 0.450397
49 74 0.051948
49 75 0.591497
49 76 0.685155
49 77 0.472574
49 78 0.169072
49 79 0.537473
49 80 0.085011
49 81 0.361233
49 82 0.580311
49 83 0.668990
49 84 0.595982
49 85 0.379747
49 86 0.612431
49 87 0.436842
49 88 0.649123
49 89 0.470711
49 90 0.264151
49 91 0.638026
49 92 0.507009
49 93 0.503212
49 94 0.633058
49 95 0.322807
49 96 0.369838
49 97 0.609272
49 98 0.485830
49 99 0.250438
50 51 0.413547
50 52 0.576087
50 53 0.645276
50 54 0.512048
50 55 0.632124
50 56 0.324281
50 57 0.331804
50 58 0.667335
50 59 0.289760
50 60 0.335984
50 61 0.619224
50 62 0.465517
50 63 0.658182
50 64 0.295775
50 65 0.024691
50 66 0.519924
50 67 0.267290
50 68 0.367311
50 69 0.629534
50 70 0.195341
50 71 0.663063
50 72 0.768519
50 73 0.742063
50 74 0.478355
50 75 0.658041
50 76 0.446982
50 77 0.706751
50 78 0.303093
50 79 0.188437
50 80 0.371365
50 81 0.674009
50 82 0.718480
50 83 0.437282
50 84 0.415179
50 85 0.044304
50 86 0.648995
50 87 0.735088
50 88 0.363158
50 89 0.715481
50 90 0.620755
50 91 0.360146
50 92 0.198598
50 93 0.100642
50 94 0.689256
50 95 0.657895
50 96 0.691203
50 97 0.443709
50 98 0.085020
50 99 0.597198
51 52 0.871377
51 53 0.869875
51 54 0.746988
51 55 0.787565
51 56 0.693291
51 57 0.680428
51 58 0.853707
51 59 0.727669
51 60 0.759443
51 61 0.395564
51 62 0.827586
51 63 0.529091
51 64 0.730382
51 65 0.487654
51 66 0.191651
51 67 0.205607
51 68 0.089631
51 69 0.800518
51 70 0.607527
51 71 0.538739
51 72 0.868519
51 73 0.859127
51 74 0.850649
51 75 0.541590
51 76 0.083197
51 77 0.774262
51 78 0.736082
51 79 0.308351
51 80 0.791946
51 81 0.839207
51 82 0.663212
51 83 0.033101
51 84 0.263393
51 85 0.529536
51 86 0.502742
51 87 0.873684
51 88 0.096491
51 89 0.790795
51 90 0.862264
51 91 0.073126
51 92 0.373832
51 93 0.400428
51 94 0.547107
51 95 0.873684
51 96 0.868941
51 97 0.262693
51 98 0.427126
51 99 0.875657
52 53 0.156863
52 54 0.710843
52 55 0.549223
52 56 0.471246
52 57 0.503058
52 58 0.282565
52 59 0.405229
52 60 0.347913
52 61 0.791128
52 62 0.357143
52 63 0.694545
52 64 0.386318
52 65 0.666667
52 66 0.863378
52 67 0.822430
52 68 0.854130
52 69 0.531088
52 70 0.543011
52 71 0.688288
52 72 0.422222
52 73 0.408730
52 74 0.207792
52 75 0.682070
52 76 0.867863
52 77 0.506329
52 78 0.381443
52 79 0.792291
52 80 0.340045
52 81 0.378855
52 82 0.609672
52 83 0.860627
52 84 0.828125
52 85 0.630802
52 86 0.714808
52 87 0.336842
52 88 0.852632
52 89 0.493724
52 90 0.145283
52 91 0.848263
52 92 0.782710
52 93 0.760171
52 94 0.700826
52 95 0.171930
52 96 0.256732
52 97 0.832230
52 98 0.728745
52 99 0.042032
53 54 0.722892
53 55 0.492228
53 56 0.600639
53 57 0.626911
53 58 0.156313
53 59 0.529412
53 60 0.489066
53 61 0.731978
53 62 0.428571
53 63 0.609091
53 64 0.523139
53 65 0.763374
53 66 0.842505
53 67 0.872897
53 68 0.882250
53 69 0.474093
53 70 0.663082
53 71 0.600000
53 72 0.268519
53 73 0.259921
53 74 0.329004
53 75 0.595194
53 76 0.879282
53 77 0.386076
53 78 0.515464
53 79 0.852248
53 80 0.467562
53 81 0.273128
53 82 0.497409
53 83 0.869338
53 84 0.828125
53 85 0.732068
53 86 0.634369
53 87 0.182456
53 88 0.882456
53 89 0.368201
53 90 0.062264
53 91 0.875686
53 92 0.838785
53 93 0.841542
53 94 0.611570
53 95 0.022807
53 96 0.100539
53 97 0.827815
53 98 0.815789
53 99 0.129597
54 55 0.196891
54 56 0.495208
54 57 0.515291
54 58 0.372745
54 59 0.318083
54 60 0.387674
54 61 0.402957
54 62 0.238916
54 63 0.385455
54 64 0.372233
54 65 0.374486
54 66 0.417457
54 67 0.435514
54 68 0.460457
54 69 0.196891
54 70 0.435484
54 71 0.389189
54 72 0.466667
54 73 0.418651
54 74 0.344156
54 75 0.375231
54 76 0.489396
54 77 0.348101
54 78 0.356701
54 79 0.359743
54 80 0.322148
54 81 0.323789
54 82 0.430052
54 83 0.452962
54 84 0.299107
54 85 0.352321
54 86 0.385740
54 87 0.466667
54 88 0.461404
54 89 0.361925
54 90 0.394340
54 91 0.435101
54 92 0.301402
54 93 0.385439
54 94 0.441322
54 95 0.440351
54 96 0.436266
54 97 0.311258
54 98 0.404858
54 99 0.443082
55 56 0.575080
55 57 0.596330
55 58 0.244489
55 59 0.416122
55 60 0.461233
55 61 0.397412
55 62 0.273399
55 63 0.323636
55 64 0.458753
55 65 0.526749
55 66 0.481973
55 67 0.570093
55 68 0.572935
55 69 0.020725
55 70 0.548387
55 71 0.324324
55 72 0.327778
55 73 0.271825
55 74 0.352814
55 75 0.306839
55 76 0.577488
55 77 0.189873
55 78 0.443299
55 79 0.520343
55 80 0.391499
55 81 0.169604
55 82 0.322971
55 83 0.545296
55 84 0.415179
55 85 0.504219
55 86 0.334552
55 87 0.343860
55 88 0.573684
55 89 0.205021
55 90 0.307547
55 91 0.550274
55 92 0.474299
55 93 0.548180
55 94 0.376860
55 95 0.347368
55 96 0.323160
55 97 0.412804
55 98 0.558704
55 99 0.390543
56 57 0.050459
56 58 0.781563
56 59 0.368192
56 60 0.270378
56 61 0.955638
56 62 0.625616
56 63 0.950909
56 64 0.267606
56 65 0.405350
56 66 0.897533
56 67 0.631776
56 68 0.715290
56 69 0.919689
56 70 0.172043
56 71 0.949550
56 72 0.900000
56 73 0.892857
56 74 0.502165
56 75 0.948244
56 76 0.774878
56 77 0.932489
56 78 0.301031
56 79 0.623126
56 80 0.425056
56 81 0.852423
56 82 0.946459
56 83 0.790941
56 84 0.850446
56 85 0.392405
56 86 0.950640
56 87 0.821053
56 88 0.710526
56 89 0.930962
56 90 0.660377
56 91 0.729433
56 92 0.665888
56 93 0.528908
56 94 0.953719
56 95 0.680702
56 96 0.755835
56 97 0.871965
56 98 0.457490
56 99 0.558669
57 58 0.847695
57 59 0.433551
57 60 0.335984
57 61 0.998152
57 62 0.704433
57 63 0.998182
57 64 0.331992
57 65 0.432099
57 66 0.931689
57 67 0.644860
57 68 0.729350
57 69 0.997409
57 70 0.193548
57 71 0.998198
57 72 0.961111
57 73 0.958333
57 74 0.575758
57 75 0.998152
57 76 0.787928
57 77 0.997890
57 78 0.367010
57 79 0.648822
57 80 0.496644
57 81 0.922907
57 82 0.998273
57 83 0.810105
57 84 0.892857
57 85 0.426160
57 86 0.998172
57 87 0.880702
57 88 0.724561
57 89 0.997908
57 90 0.724528
57 91 0.745887
57 92 0.705607
57 93 0.552463
57 94 0.998347
57 95 0.740351
57 96 0.816876
57 97 0.913907
57 98 0.475709
57 99 0.616462
58 59 0.509804
58 60 0.504970
58 61 0.587800
58 62 0.366995
58 63 0.465455
58 64 0.525151
58 65 0.705761
58 66 0.709677
58 67 0.783178
58 68 0.783831
58 69 0.303109
58 70 0.652330
58 71 0.457658
58 72 0.177778
58 73 0.128968
58 74 0.339827
58 75 0.449168
58 76 0.778140
58 77 0.221519
58 78 0.513402
58 79 0.755889
58 80 0.456376
58 81 0.105727
58 82 0.367876
58 83 0.757840
58 84 0.687500
58 85 0.677215
58 86 0.489945
58 87 0.150877
58 88 0.784211
58 89 0.205021
58 90 0.124528
58 91 0.769653
58 92 0.731308
58 93 0.762313
58 94 0.482645
58 95 0.143860
58 96 0.104129
58 97 0.682119
58 98 0.751012
58 99 0.243433
59 60 0.101392
59 61 0.670980
59 62 0.216749
59 63 0.649091
59 64 0.076459
59 65 0.286008
59 66 0.650854
59 67 0.502804
59 68 0.572935
59 69 0.481865
59 70 0.231183
59 71 0.650450
59 72 0.607407
59 73 0.575397
59 74 0.201299
59 75 0.641405
59 76 0.624796
59 77 0.578059
59 78 0.055670
59 79 0.430407
59 80 0.078300
59 81 0.491189
59 82 0.654577
59 83 0.611498
59 84 0.553571
59 85 0.240506
59 86 0.652651
59 87 0.559649
59 88 0.570175
59 89 0.581590
59 90 0.400000
59 91 0.563071
59 92 0.406542
59 93 0.376874
59 94 0.679339
59 95 0.449123
59 96 0.497307
59 97 0.573951
59 98 0.356275
59 99 0.369527
60 61 0.763401
60 62 0.298030
60 63 0.732727
60 64 0.044266
60 65 0.353909
60 66 0.747628
60 67 0.579439
60 68 0.652021
60 69 0.582902
60 70 0.229391
60 71 0.731532
60 72 0.648148
60 73 0.623016
60 74 0.209957
60 75 0.724584
60 76 0.701468
60 77 0.649789
60 78 0.051546
60 79 0.526767
60 80 0.125280
60 81 0.552863
60 82 0.721934
60 83 0.696864
60 84 0.667411
60 85 0.312236
60 86 0.738574
60 87 0.584211
60 88 0.649123
60 89 0.650628
60 90 0.411321
60 91 0.648995
60 92 0.518692
60 93 0.460385
60 94 0.753719
60 95 0.454386
60 96 0.517056
60 97 0.686534
60 98 0.423077
60 99 0.350263
61 62 0.763547
61 63 0.161818
61 64 0.806841
61 65 0.711934
61 66 0.216319
61 67 0.543925
61 68 0.460457
61 69 0.577720
61 70 0.781362
61 71 0.172973
61 72 0.590741
61 73 0.581349
61 74 0.800866
61 75 0.177449
61 76 0.398042
61 77 0.470464
61 78 0.804124
61 79 0.580300
61 80 0.809843
61 81 0.596916
61 82 0.324698
61 83 0.362369
61 84 0.341518
61 85 0.723629
61 86 0.127971
61 87 0.635088
61 88 0.464912
61 89 0.487448
61 90 0.705660
61 91 0.438757
61 92 0.586449
61 93 0.668094
61 94 0.195041
61 95 0.703509
61 96 0.660682
61 97 0.306843
61 98 0.690283
61 99 0.767075
62 63 0.523636
62 64 0.243461
62 65 0.407407
62 66 0.601518
62 67 0.555140
62 68 0.597540
62 69 0.272021
62 70 0.385305
62 71 0.522523
62 72 0.444444
62 73 0.398810
62 74 0.132035
62 75 0.510166
62 76 0.631321
62 77 0.394515
62 78 0.222680
62 79 0.488223
62 80 0.145414
62 81 0.295154
62 82 0.511226
62 83 0.608014
62 84 0.508929
62 85 0.369198
62 86 0.530165
62 87 0.412281
62 88 0.598246
62 89 0.397490
62 90 0.264151
62 91 0.583181
62 92 0.446262
62 93 0.468951
62 94 0.560331
62 95 0.326316
62 96 0.353680
62 97 0.520971
62 98 0.463563
62 99 0.288967
63 64 0.796781
63 65 0.769547
63 66 0.371917
63 67 0.656075
63 68 0.588752
63 69 0.481865
63 70 0.810036
63 71 0.014414
63 72 0.442593
63 73 0.434524
63 74 0.740260
63 75 0.024030
63 76 0.533442
63 77 0.322785
63 78 0.791753
63 79 0.678801
63 80 0.778523
63 81 0.469163
63 82 0.170984
63 83 0.501742
63 84 0.455357
63 85 0.772152
63 86 0.032907
63 87 0.501754
63 88 0.592982
63 89 0.338912
63 90 0.600000
63 91 0.568556
63 92 0.672897
63 93 0.751606
63 94 0.090909
63 95 0.592982
63 96 0.538600
63 97 0.423841
63 98 0.767206
63 99 0.679510
64 65 0.308642
64 66 0.715370
64 67 0.540187
64 68 0.615114
64 69 0.575130
64 70 0.198925
64 71 0.718919
64 72 0.659259
64 73 0.632937
64 74 0.233766
64 75 0.711645
64 76 0.668842
64 77 0.651899
64 78 0.024742
64 79 0.481799
64 80 0.127517
64 81 0.559471
64 82 0.716753
64 83 0.662021
64 84 0.629464
64 85 0.265823
64 86 0.722121
64 87 0.600000
64 88 0.612281
64 89 0.652720
64 90 0.433962
64 91 0.610603
64 92 0.471963
64 93 0.413276
64 94 0.742149
64 95 0.478947
64 96 0.535009
64 97 0.649007
64 98 0.378543
64 99 0.380035
65 66 0.537002
65 67 0.271028
65 68 0.372583
65 69 0.660622
65 70 0.182796
65 71 0.684685
65 72 0.788889
65 73 0.763889
65 74 0.495671
65 75 0.680222
65 76 0.453507
65 77 0.732068
65 78 0.309278
65 79 0.199143
65 80 0.384787
65 81 0.698238
65 82 0.739206
65 83 0.445993
65 84 0.437500
65 85 0.052743
65 86 0.670932
65 87 0.752632
65 88 0.368421
65 89 0.740586
65 90 0.637736
65 91 0.369287
65 92 0.221963
65 93 0.107066
65 94 0.709091
65 95 0.673684
65 96 0.709156
65 97 0.465784
65 98 0.074899
65 99 0.609457
66 67 0.358879
66 68 0.265378
66 69 0.673575
66 70 0.686380
66 71 0.367568
66 72 0.738889
66 73 0.726190
66 74 0.818182
66 75 0.369686
66 76 0.213703
66 77 0.624473
66 78 0.760825
66 79 0.415418
66 80 0.789709
66 81 0.718062
66 82 0.506045
66 83 0.163763
66 84 0.212054
66 85 0.607595
66 86 0.325411
66 87 0.763158
66 88 0.270175
66 89 0.644351
66 90 0.784906
66 91 0.241316
66 92 0.441589
66 93 0.511777
66 94 0.383471
66 95 0.792982
66 96 0.771993
66 97 0.183223
66 98 0.542510
66 99 0.823117
67 68 0.123023
67 69 0.795337
67 70 0.433692
67 71 0.646847
67 72 0.892593
67 73 0.876984
67 74 0.746753
67 75 0.646950
67 76 0.226754
67 77 0.812236
67 78 0.591753
67 79 0.149893
67 80 0.662192
67 81 0.837004
67 82 0.746114
67 83 0.224739
67 84 0.330357
67 85 0.348101
67 86 0.617916
67 87 0.877193
67 88 0.119298
67 89 0.826360
67 90 0.818868
67 91 0.126143
67 92 0.250000
67 93 0.205567
67 94 0.661157
67 95 0.838596
67 96 0.854578
67 97 0.350993
67 98 0.226721
67 99 0.809107
68 69 0.854922
68 70 0.557348
68 71 0.618018
68 72 0.920370
68 73 0.910714
68 74 0.852814
68 75 0.621072
68 76 0.112561
68 77 0.835443
68 78 0.713402
68 79 0.267666
68 80 0.782998
68 81 0.887665
68 82 0.732297
68 83 0.116725
68 84 0.323661
68 85 0.483122
68 86 0.583181
68 87 0.915789
68 88 0.005263
68 89 0.851464
68 90 0.886792
68 91 0.045704
68 92 0.355140
68 93 0.346895
68 94 0.623140
68 95 0.900000
68 96 0.904847
68 97 0.331126
68 98 0.366397
68 99 0.886165
69 70 0.541219
69 71 0.336937
69 72 0.325926
69 73 0.267857
69 74 0.337662
69 75 0.321627
69 76 0.585644
69 77 0.194093
69 78 0.432990
69 79 0.522484
69 80 0.378076
69 81 0.160793
69 82 0.333333
69 83 0.554007
69 84 0.426339
69 85 0.500000
69 86 0.349177
69 87 0.336842
69 88 0.580702
69 89 0.207113
69 90 0.294340
69 91 0.557587
69 92 0.478972
69 93 0.548180
69 94 0.388430
69 95 0.336842
69 96 0.314183
69 97 0.426049
69 98 0.558704
69 99 0.376532
70 71 0.823423
70 72 0.844444
70 73 0.827381
70 74 0.471861
70 75 0.820702
70 76 0.618271
70 77 0.831224
70 78 0.247423
70 79 0.419700
70 80 0.362416
70 81 0.768722
70 82 0.848014
70 83 0.623693
70 84 0.654018
70 85 0.198312
70 86 0.817185
70 87 0.785965
70 88 0.542105
70 89 0.836820
70 90 0.641509
70 91 0.553931
70 92 0.450935
70 93 0.323340
70 94 0.838017
70 95 0.671930
70 96 0.728905
70 97 0.677704
70 98 0.263158
70 99 0.574431
71 72 0.433333
71 73 0.426587
71 74 0.744589
71 75 0.024030
71 76 0.546493
71 77 0.316456
71 78 0.797938
71 79 0.693790
71 80 0.785235
71 81 0.466960
71 82 0.157168
71 83 0.515679
71 84 0.470982
71 85 0.784810
71 86 0.047532
71 87 0.492982
71 88 0.607018
71 89 0.332636
71 90 0.598113
71 91 0.583181
71 92 0.686916
71 93 0.764454
71 94 0.082645
71 95 0.589474
71 96 0.533214
71 97 0.441501
71 98 0.779352
71 99 0.677758
72 73 0.081349
72 74 0.549784
72 75 0.419593
72 76 0.843393
72 77 0.217300
72 78 0.709278
72 79 0.899358
72 80 0.668904
72 81 0.240088
72 82 0.281520
72 83 0.825784
72 84 0.787946
72 85 0.854430
72 86 0.466179
72 87 0.091228
72 88 0.875439
72 89 0.190377
72 90 0.284906
72 91 0.862888
72 92 0.890187
72 93 0.922912
72 94 0.424793
72 95 0.245614
72 96 0.159785
72 97 0.772627
72 98 0.910931
72 99 0.381786
73 74 0.476190
73 75 0.382625
73 76 0.784666
73 77 0.149789
73 78 0.632990
73 79 0.813704
73 80 0.583893
73 81 0.149780
73 82 0.272884
73 83 0.764808
73 84 0.703125
73 85 0.770042
73 86 0.427788
73 87 0.121053
73 88 0.808772
73 89 0.125523
73 90 0.243396
73 91 0.793419
73 92 0.794393
73 93 0.835118
73 94 0.404959
73 95 0.228070
73 96 0.150808
73 97 0.693157
73 98 0.827935
73 99 0.350263
74 75 0.609982
74 76 0.724307
74 77 0.474684
74 78 0.202062
74 79 0.588865
74 80 0.129754
74 81 0.354626
74 82 0.585492
74 83 0.709059
74 84 0.645089
74 85 0.428270
74 86 0.632541
74 87 0.414035
74 88 0.691228
74 89 0.470711
74 90 0.230189
74 91 0.681901
74 92 0.563084
74 93 0.554604
74 94 0.646281
74 95 0.289474
74 96 0.342908
74 97 0.655629
74 98 0.534413
74 99 0.208406
75 76 0.538336
75 77 0.295359
75 78 0.769072
75 79 0.670236
75 80 0.753915
75 81 0.440529
75 82 0.160622
75 83 0.506969
75 84 0.450893
75 85 0.757384
75 86 0.049360
75 87 0.480702
75 88 0.594737
75 89 0.311715
75 90 0.575472
75 91 0.570384
75 92 0.661215
75 93 0.740899
75 94 0.105785
75 95 0.570175
75 96 0.515260
75 97 0.421634
75 98 0.755061
75 99 0.656743
76 77 0.873418
76 78 0.835052
76 79 0.400428
76 80 0.903803
76 81 0.949339
76 82 0.730570
76 83 0.073171
76 84 0.375000
76 85 0.620253
76 86 0.566728
76 87 0.959649
76 88 0.124561
76 89 0.889121
76 90 0.960377
76 91 0.138940
76 92 0.485981
76 93 0.488223
76 94 0.598347
76 95 0.963158
76 96 0.958707
76 97 0.368653
76 98 0.504049
76 99 0.964974
77 78 0.610309
77 79 0.700214
77 80 0.563758
77 81 0.149780
77 82 0.198618
77 83 0.646341
77 84 0.560268
77 85 0.694093
77 86 0.303473
77 87 0.245614
77 88 0.698246
77 89 0.023013
77 90 0.318868
77 91 0.678245
77 92 0.675234
77 93 0.736617
77 94 0.309091
77 95 0.324561
77 96 0.263914
77 97 0.547461
77 98 0.740891
77 99 0.422067
78 79 0.473233
78 80 0.100671
78 81 0.533040
78 82 0.696028
78 83 0.651568
78 84 0.611607
78 85 0.265823
78 86 0.700183
78 87 0.580702
78 88 0.605263
78 89 0.625523
78 90 0.415094
78 91 0.603291
78 92 0.460280
78 93 0.411135
78 94 0.722314
78 95 0.461404
78 96 0.515260
78 97 0.631347
78 98 0.380567
78 99 0.366025
79 80 0.507830
79 81 0.696035
79 82 0.668394
79 83 0.283972
79 84 0.263393
79 85 0.225738
79 86 0.559415
79 87 0.763158
79 88 0.217544
79 89 0.705021
79 90 0.688679
79 91 0.201097
79 92 0.091121
79 93 0.098501
79 94 0.609917
79 95 0.719298
79 96 0.734291
79 97 0.291391
79 98 0.147773
79 99 0.686515
80 81 0.433921
80 82 0.623489
80 83 0.644599
80 84 0.578125
80 85 0.310127
80 86 0.639854
80 87 0.501754
80 88 0.612281
80 89 0.533473
80 90 0.335849
80 91 0.605119
80 92 0.460280
80 93 0.441113
80 94 0.662810
80 95 0.389474
80 96 0.438061
80 97 0.596026
80 98 0.421053
80 99 0.308231
81 82 0.316062
81 83 0.677700
81 84 0.587054
81 85 0.624473
81 86 0.407678
81 87 0.208772
81 88 0.708772
81 89 0.135983
81 90 0.198113
81 91 0.691042
81 92 0.644860
81 93 0.693790
81 94 0.416529
81 95 0.228070
81 96 0.184919
81 97 0.580574
81 98 0.690283
81 99 0.306480
82 83 0.667247
82 84 0.636161
82 85 0.875527
82 86 0.213894
82 87 0.377193
82 88 0.749123
82 89 0.246862
82 90 0.528302
82 91 0.731261
82 92 0.824766
82 93 0.886510
82 94 0.158678
82 95 0.505263
82 96 0.434470
82 97 0.609272
82 98 0.890688
82 99 0.616462
83 84 0.283482
83 85 0.569620
83 86 0.495430
83 87 0.885965
83 88 0.122807
83 89 0.801255
83 90 0.883019
83 91 0.107861
83 92 0.415888
83 93 0.443255
83 94 0.538843
83 95 0.891228
83 96 0.885099
83 97 0.275938
83 98 0.465587
83 99 0.896673
84 85 0.417722
84 86 0.349177
84 87 0.666667
84 88 0.257895
84 89 0.548117
84 90 0.643396
84 91 0.217550
84 92 0.233645
84 93 0.340471
84 94 0.419835
84 95 0.668421
84 96 0.657092
84 97 0.033113
84 98 0.380567
84 99 0.679510
85 86 0.658135
85 87 0.714035
85 88 0.400000
85 89 0.702929
85 90 0.592453
85 91 0.396709
85 92 0.231308
85 93 0.145610
85 94 0.695868
85 95 0.631579
85 96 0.667864
85 97 0.470199
85 98 0.125506
85 99 0.565674
86 87 0.528070
86 88 0.564912
86 89 0.366109
86 90 0.618868
86 91 0.541133
86 92 0.649533
86 93 0.730193
86 94 0.104132
86 95 0.615789
86 96 0.561939
86 97 0.395143
86 98 0.748988
86 99 0.695271
87 88 0.917544
87 89 0.269874
87 90 0.226415
87 91 0.908592
87 92 0.922897
87 93 0.944325
87 94 0.507438
87 95 0.168421
87 96 0.087971
87 97 0.836645
87 98 0.925101
87 99 0.311734
88 89 0.855649
88 90 0.888679
88 91 0.049360
88 92 0.355140
88 93 0.342612
88 94 0.629752
88 95 0.901754
88 96 0.906643
88 97 0.337748
88 98 0.362348
88 99 0.887916
89 90 0.307547
89 91 0.698355
89 92 0.696262
89 93 0.755889
89 94 0.320661
89 95 0.310526
89 96 0.245961
89 97 0.571744
89 98 0.757085
89 99 0.413310
90 91 0.817185
90 92 0.764019
90 93 0.770878
90 94 0.588430
90 95 0.078947
90 96 0.127469
90 97 0.761589
90 98 0.748988
90 99 0.126095
91 92 0.313084
91 93 0.325482
91 94 0.586777
91 95 0.857895
91 96 0.859964
91 97 0.275938
91 98 0.350202
91 99 0.847636
92 93 0.134904
92 94 0.563636
92 95 0.650877
92 96 0.662478
92 97 0.253863
92 98 0.184211
92 99 0.623468
93 94 0.667769
93 95 0.710526
93 96 0.736086
93 97 0.384106
93 98 0.058704
93 99 0.661996
94 95 0.650877
94 96 0.590664
94 97 0.532009
94 98 0.874494
94 99 0.747811
95 96 0.089767
95 97 0.847682
95 98 0.842105
95 99 0.143608
96 97 0.810155
96 98 0.858300
96 99 0.227671
97 98 0.410931
97 99 0.690018
98 99 0.670753
