100 4950
0 1 0.996845
0 2 0.659898
0 3 0.778711
0 4 0.406250
0 5 0.930233
0 6 0.455531
0 7 0.380145
0 8 0.415966
0 9 0.457364
0 10 0.271605
0 11 0.613248
0 12 0.386313
0 13 0.491031
0 14 0.409677
0 15 0.689304
0 16 0.210938
0 17 0.228137
0 18 0.175966
0 19 0.194000
0 20 0.402570
0 21 0.252788
0 22 0.249267
0 23 0.305000
0 24 0.449704
0 25 0.354839
0 26 0.479616
0 27 0.684524
0 28 0.571795
0 29 0.576087
0 30 0.289189
0 31 0.388013
0 32 0.223602
0 33 0.560175
0 34 0.709939
0 35 0.366584
0 36 0.383220
0 37 0.310345
0 38 0.228070
0 39 0.416318
0 40 0.458564
0 41 0.204678
0 42 0.414248
0 43 0.644940
0 44 0.269231
0 45 0.040189
0 46 0.273603
0 47 0.477778
0 48 0.470183
0 49 0.409683
0 50 0.600000
0 51 0.093995
0 52 0.505643
0 53 0.551220
0 54 0.464467
0 55 0.516393
0 56 0.284644
0 57 0.183585
0 58 0.290741
0 59 0.577652
0 60 0.260759
0 61 0.598778
0 62 0.675325
0 63 0.415987
0 64 0.401724
0 65 0.377016
0 66 0.375000
0 67 0.108168
0 68 0.595027
0 69 0.525714
0 70 0.493562
0 71 0.630769
0 72 0.323864
0 73 0.300403
0 74 0.493333
0 75 0.452747
0 76 0.436266
0 77 0.384615
0 78 0.626943
0 79 0.640984
0 80 0.437931
0 81 0.311340
0 82 0.552743
0 83 0.067532
0 84 0.242553
0 85 0.237975
0 86 0.258621
0 87 0.399317
0 88 0.636166
0 89 0.497436
0 90 0.076923
0 91 0.353464
0 92 0.611628
0 93 0.293458
0 94 0.311828
0 95 0.467681
0 96 0.267748
0 97 0.640934
0 98 0.614625
0 99 0.636964
1 2 0.994924
1 3 0.997199
1 4 0.997768
1 5 0.984496
1 6 0.997831
1 7 0.997579
1 8 0.928571
1 9 0.854651
1 10 0.898148
1 11 0.211538
1 12 0.997792
1 13 0.542601
1 14 0.616129
1 15 0.281834
1 16 0.828125
1 17 0.825095
1 18 0.755365
1 19 0.784000
1 20 0.841542
1 21 0.840149
1 22 0.815249
1 23 0.875000
1 24 0.899408
1 25 0.677419
1 26 0.546763
1 27 0.105159
1 28 0.251282
1 29 0.282609
1 30 0.791892
1 31 0.624606
1 32 0.857143
1 33 0.326039
1 34 0.073022
1 35 0.645885
1 36 0.784580
1 37 0.899015
1 38 0.864662
1 39 0.841004
1 40 0.718232
1 41 0.810916
1 42 0.596306
1 43 0.367067
1 44 0.687179
1 45 0.773050
1 46 0.865125
1 47 0.655556
1 48 0.587156
1 49 0.724395
1 50 0.268085
1 51 0.783290
1 52 0.483070
1 53 0.280488
1 54 0.479695
1 55 0.647541
1 56 0.767790
1 57 0.840173
1 58 0.770370
1 59 0.475379
1 60 0.693671
1 61 0.340122
1 62 0.041126
1 63 0.771615
1 64 0.770690
1 65 0.707661
1 66 0.625000
1 67 0.774834
1 68 0.522202
1 69 0.480000
1 70 0.392704
1 71 0.429060
1 72 0.746212
1 73 0.731855
1 74 0.355556
1 75 0.516484
1 76 0.698384
1 77 0.793269
1 78 0.421416
1 79 0.262295
1 80 0.718966
1 81 0.721649
1 82 0.396624
1 83 0.753247
1 84 0.765957
1 85 0.683544
1 86 0.672414
1 87 0.766212
1 88 0.128540
1 89 0.310256
1 90 0.789593
1 91 0.760213
1 92 0.160465
1 93 0.844860
1 94 0.705376
1 95 0.707224
1 96 0.778905
1 97 0.319569
1 98 0.276680
1 99 0.264026
2 3 0.647059
2 4 0.566964
2 5 0.585271
2 6 0.585683
2 7 0.530266
2 8 0.638655
2 9 0.631783
2 10 0.299383
2 11 0.423077
2 12 0.567329
2 13 0.286996
2 14 0.070968
2 15 0.539898
2 16 0.455078
2 17 0.460076
2 18 0.334764
2 19 0.394000
2 20 0.584582
2 21 0.488848
2 22 0.395894
2 23 0.527500
2 24 0.646943
2 25 0.340176
2 26 0.443645
2 27 0.464286
2 28 0.302564
2 29 0.295652
2 30 0.440541
2 31 0.041009
2 32 0.490683
2 33 0.282276
2 34 0.458418
2 35 0.219451
2 36 0.535147
2 37 0.549261
2 38 0.481203
2 39 0.596234
2 40 0.432781
2 41 0.432749
2 42 0.174142
2 43 0.435678
2 44 0.358974
2 45 0.326241
2 46 0.524085
2 47 0.348889
2 48 0.472477
2 49 0.540037
2 50 0.431915
2 51 0.336815
2 52 0.268623
2 53 0.234146
2 54 0.167513
2 55 0.393443
2 56 0.406367
2 57 0.462203
2 58 0.412963
2 59 0.382576
2 60 0.364557
2 61 0.472505
2 62 0.409091
2 63 0.477977
2 64 0.563793
2 65 0.504032
2 66 0.027439
2 67 0.346578
2 68 0.428064
2 69 0.489524
2 70 0.392704
2 71 0.437607
2 72 0.393939
2 73 0.354839
2 74 0.360000
2 75 0.426374
2 76 0.545781
2 77 0.488782
2 78 0.430052
2 79 0.500000
2 80 0.560345
2 81 0.470103
2 82 0.303797
2 83 0.272727
2 84 0.455319
2 85 0.192405
2 86 0.117816
2 87 0.561433
2 88 0.355120
2 89 0.215385
2 90 0.364253
2 91 0.431616
2 92 0.313953
2 93 0.530841
2 94 0.313978
2 95 0.422053
2 96 0.480730
2 97 0.412926
2 98 0.361660
2 99 0.496700
3 4 0.493304
3 5 0.391473
3 6 0.444685
3 7 0.476998
3 8 0.997899
3 9 0.998062
3 10 0.589506
3 11 0.867521
3 12 0.527594
3 13 0.260090
3 14 0.816129
3 15 0.874363
3 16 0.619141
3 17 0.591255
3 18 0.465665
3 19 0.500000
3 20 0.997859
3 21 0.628253
3 22 0.997067
3 23 0.997500
3 24 0.998028
3 25 0.997067
3 26 0.997602
3 27 0.809524
3 28 0.835897
3 29 0.493478
3 30 0.997297
3 31 0.763407
3 32 0.751553
3 33 0.452954
3 34 0.746450
3 35 0.366584
3 36 0.997732
3 37 0.997537
3 38 0.924812
3 39 0.997908
3 40 0.125230
3 41 0.563353
3 42 0.435356
3 43 0.403087
3 44 0.905128
3 45 0.635934
3 46 0.749518
3 47 0.164444
3 48 0.997706
3 49 0.919926
3 50 0.891489
3 51 0.796345
3 52 0.320542
3 53 0.604878
3 54 0.464467
3 55 0.081967
3 56 0.374532
3 57 0.755940
3 58 0.375926
3 59 0.250000
3 60 0.898734
3 61 0.924644
3 62 0.733766
3 63 0.287113
3 64 0.881034
3 65 0.921371
3 66 0.689024
3 67 0.565121
3 68 0.209591
3 69 0.929524
3 70 0.886266
3 71 0.333333
3 72 0.299242
3 73 0.304435
3 74 0.866667
3 75 0.931868
3 76 0.922801
3 77 0.366987
3 78 0.335060
3 79 0.827869
3 80 0.912069
3 81 0.878351
3 82 0.360759
3 83 0.698701
3 84 0.836170
3 85 0.486076
3 86 0.672414
3 87 0.873720
3 88 0.649237
3 89 0.756410
3 90 0.638009
3 91 0.300178
3 92 0.669767
3 93 0.777570
3 94 0.292473
3 95 0.095057
3 96 0.833671
3 97 0.439856
3 98 0.472332
3 99 0.830033
4 5 0.996124
4 6 0.071584
4 7 0.087167
4 8 0.682773
4 9 0.732558
4 10 0.484568
4 11 0.957265
4 12 0.041943
4 13 0.558296
4 14 0.858065
4 15 0.966044
4 16 0.265625
4 17 0.230038
4 18 0.225322
4 19 0.174000
4 20 0.732334
4 21 0.265799
4 22 0.785924
4 23 0.712500
4 24 0.706114
4 25 0.879765
4 26 0.916067
4 27 0.970238
4 28 0.953846
4 29 0.763043
4 30 0.775676
4 31 0.807571
4 32 0.412008
4 33 0.730853
4 34 0.963489
4 35 0.483791
4 36 0.766440
4 37 0.694581
4 38 0.634085
4 39 0.734310
4 40 0.289134
4 41 0.212476
4 42 0.596306
4 43 0.722127
4 44 0.735897
4 45 0.387707
4 46 0.404624
4 47 0.455556
4 48 0.887615
4 49 0.709497
4 50 0.953191
4 51 0.569191
4 52 0.611738
4 53 0.819512
4 54 0.672589
4 55 0.456967
4 56 0.069288
4 57 0.431965
4 58 0.057407
4 59 0.609848
4 60 0.721519
4 61 0.953157
4 62 0.948052
4 63 0.146819
4 64 0.637931
4 65 0.717742
4 66 0.746951
4 67 0.291391
4 68 0.582593
4 69 0.870476
4 70 0.873391
4 71 0.673504
4 72 0.126894
4 73 0.183468
4 74 0.875556
4 75 0.850549
4 76 0.732496
4 77 0.092949
4 78 0.675302
4 79 0.909836
4 80 0.710345
4 81 0.653608
4 82 0.668776
4 83 0.506494
4 84 0.574468
4 85 0.450633
4 86 0.637931
4 87 0.631399
4 88 0.882353
4 89 0.866667
4 90 0.352941
4 91 0.095915
4 92 0.888372
4 93 0.454206
4 94 0.273118
4 95 0.325095
4 96 0.563895
4 97 0.748654
4 98 0.764822
4 99 0.909241
5 6 0.550976
5 7 0.542373
5 8 0.915966
5 9 0.906977
5 10 0.481481
5 11 0.655983
5 12 0.596026
5 13 0.051570
5 14 0.558065
5 15 0.704584
5 16 0.607422
5 17 0.589354
5 18 0.444206
5 19 0.500000
5 20 0.888651
5 21 0.626394
5 22 0.821114
5 23 0.875000
5 24 0.915187
5 25 0.785924
5 26 0.803357
5 27 0.609127
5 28 0.589744
5 29 0.273913
5 30 0.835135
5 31 0.517350
5 32 0.708075
5 33 0.231947
5 34 0.541582
5 35 0.231920
5 36 0.868481
5 37 0.884236
5 38 0.812030
5 39 0.893305
5 40 0.265193
5 41 0.561404
5 42 0.234828
5 43 0.281304
5 44 0.741026
5 45 0.560284
5 46 0.718690
5 47 0.120000
5 48 0.818807
5 49 0.815642
5 50 0.687234
5 51 0.671018
5 52 0.092551
5 53 0.360976
5 54 0.230964
5 55 0.127049
5 56 0.421348
5 57 0.697624
5 58 0.425926
5 59 0.128788
5 60 0.739241
5 61 0.733198
5 62 0.515152
5 63 0.399674
5 64 0.803448
5 65 0.802419
5 66 0.457317
5 67 0.523179
5 68 0.166963
5 69 0.765714
5 70 0.697425
5 71 0.239316
5 72 0.359848
5 73 0.336694
5 74 0.666667
5 75 0.753846
5 76 0.815081
5 77 0.455128
5 78 0.233161
5 79 0.663934
5 80 0.815517
5 81 0.767010
5 82 0.151899
5 83 0.576623
5 84 0.740426
5 85 0.369620
5 86 0.488506
5 87 0.798635
5 88 0.429194
5 89 0.517949
5 90 0.579186
5 91 0.383659
5 92 0.434884
5 93 0.736449
5 94 0.288172
5 95 0.235741
5 96 0.748479
5 97 0.290844
5 98 0.284585
5 99 0.665017
6 7 0.130751
6 8 0.752101
6 9 0.798450
6 10 0.537037
6 11 0.997863
6 12 0.112583
6 13 0.556054
6 14 0.916129
6 15 0.998302
6 16 0.332031
6 17 0.294677
6 18 0.278970
6 19 0.238000
6 20 0.802998
6 21 0.327138
6 22 0.868035
6 23 0.792500
6 24 0.773176
6 25 0.956012
6 26 0.978417
6 27 0.998016
6 28 0.997436
6 29 0.776087
6 30 0.856757
6 31 0.861199
6 32 0.482402
6 33 0.741794
6 34 0.983773
6 35 0.503741
6 36 0.839002
6 37 0.775862
6 38 0.714286
6 39 0.803347
6 40 0.254144
6 41 0.276803
6 42 0.620053
6 43 0.715266
6 44 0.810256
6 45 0.453901
6 46 0.470135
6 47 0.444444
6 48 0.951835
6 49 0.770950
6 50 0.997872
6 51 0.642298
6 52 0.613995
6 53 0.843902
6 54 0.695431
6 55 0.436475
6 56 0.108614
6 57 0.503240
6 58 0.096296
6 59 0.596591
6 60 0.794937
6 61 0.997963
6 62 0.971861
6 63 0.092985
6 64 0.696552
6 65 0.782258
6 66 0.795732
6 67 0.357616
6 68 0.563055
6 69 0.921905
6 70 0.924893
6 71 0.661538
6 72 0.125000
6 73 0.195565
6 74 0.926667
6 75 0.909890
6 76 0.789946
6 77 0.054487
6 78 0.663212
6 79 0.940984
6 80 0.767241
6 81 0.719588
6 82 0.670886
6 83 0.574026
6 84 0.644681
6 85 0.491139
6 86 0.695402
6 87 0.689420
6 88 0.904139
6 89 0.910256
6 90 0.423077
6 91 0.067496
6 92 0.913953
6 93 0.515888
6 94 0.286022
6 95 0.294677
6 96 0.630832
6 97 0.746858
6 98 0.770751
6 99 0.940594
7 8 0.665966
7 9 0.713178
7 10 0.376543
7 11 0.884615
7 12 0.101545
7 13 0.479821
7 14 0.745161
7 15 0.910017
7 16 0.259766
7 17 0.231939
7 18 0.163090
7 19 0.144000
7 20 0.702355
7 21 0.275093
7 22 0.709677
7 23 0.670000
7 24 0.692308
7 25 0.794721
7 26 0.848921
7 27 0.900794
7 28 0.864103
7 29 0.684783
7 30 0.713514
7 31 0.697161
7 32 0.397516
7 33 0.652079
7 34 0.890467
7 35 0.394015
7 36 0.725624
7 37 0.657635
7 38 0.591479
7 39 0.705021
7 40 0.254144
7 41 0.202729
7 42 0.501319
7 43 0.665523
7 44 0.671795
7 45 0.328605
7 46 0.402697
7 47 0.382222
7 48 0.827982
7 49 0.681564
7 50 0.882979
7 51 0.503916
7 52 0.532731
7 53 0.731707
7 54 0.581218
7 55 0.397541
7 56 0.009363
7 57 0.408207
7 58 0.011111
7 59 0.549242
7 60 0.658228
7 61 0.887984
7 62 0.870130
7 63 0.163132
7 64 0.622414
7 65 0.681452
7 66 0.640244
7 67 0.242826
7 68 0.531083
7 69 0.819048
7 70 0.806867
7 71 0.618803
7 72 0.071970
7 73 0.114919
7 74 0.806667
7 75 0.791209
7 76 0.703770
7 77 0.139423
7 78 0.618307
7 79 0.855738
7 80 0.686207
7 81 0.618557
7 82 0.594937
7 83 0.433766
7 84 0.542553
7 85 0.359494
7 86 0.540230
7 87 0.616041
7 88 0.803922
7 89 0.776923
7 90 0.307692
7 91 0.083481
7 92 0.802326
7 93 0.450467
7 94 0.197849
7 95 0.281369
7 96 0.537525
7 97 0.685817
7 98 0.693676
7 99 0.853135
8 9 0.112403
8 10 0.882716
8 11 0.797009
8 12 0.682119
8 13 0.930493
8 14 0.935484
8 15 0.789474
8 16 0.369141
8 17 0.389734
8 18 0.562232
8 19 0.490000
8 20 0.126338
8 21 0.353160
8 22 0.504399
8 23 0.235000
8 24 0.065089
8 25 0.624633
8 26 0.551559
8 27 0.894841
8 28 0.884615
8 29 0.950000
8 30 0.405405
8 31 0.921136
8 32 0.258799
8 33 0.947484
8 34 0.971602
8 35 0.857855
8 36 0.233560
8 37 0.199507
8 38 0.283208
8 39 0.119247
8 40 0.806630
8 41 0.421053
8 42 0.920844
8 43 0.958834
8 44 0.451282
8 45 0.486998
8 46 0.233141
8 47 0.917778
8 48 0.481651
8 49 0.175047
8 50 0.753191
8 51 0.467363
8 52 0.936795
8 53 0.946341
8 54 0.934010
8 55 0.922131
8 56 0.584270
8 57 0.278618
8 58 0.583333
8 59 0.945076
8 60 0.430380
8 61 0.694501
8 62 0.965368
8 63 0.675367
8 64 0.081034
8 65 0.215726
8 66 0.914634
8 67 0.485651
8 68 0.943162
8 69 0.512381
8 70 0.605150
8 71 0.955556
8 72 0.655303
8 73 0.673387
8 74 0.653333
8 75 0.501099
8 76 0.215440
8 77 0.604167
8 78 0.955095
8 79 0.736066
8 80 0.182759
8 81 0.191753
8 82 0.945148
8 83 0.555844
8 84 0.191489
8 85 0.736709
8 86 0.781609
8 87 0.080205
8 88 0.960784
8 89 0.848718
8 90 0.438914
8 91 0.648313
8 92 0.958140
8 93 0.166355
8 94 0.729032
8 95 0.834601
8 96 0.135903
8 97 0.958707
8 98 0.956522
8 99 0.732673
9 10 0.996914
9 11 0.773504
9 12 0.801325
9 13 0.997758
9 14 0.996774
9 15 0.752122
9 16 0.476562
9 17 0.496198
9 18 0.660944
9 19 0.590000
9 20 0.113490
9 21 0.459108
9 22 0.560117
9 23 0.292500
9 24 0.061144
9 25 0.648094
9 26 0.520384
9 27 0.878968
9 28 0.889744
9 29 0.984783
9 30 0.443243
9 31 0.990536
9 32 0.372671
9 33 0.989059
9 34 0.969574
9 35 0.942643
9 36 0.217687
9 37 0.270936
9 38 0.363409
9 39 0.087866
9 40 0.889503
9 41 0.524366
9 42 0.997361
9 43 0.991424
9 44 0.482051
9 45 0.583924
9 46 0.344894
9 47 0.997778
9 48 0.442661
9 49 0.106145
9 50 0.723404
9 51 0.550914
9 52 0.997743
9 53 0.980488
9 54 0.994924
9 55 0.997951
9 56 0.679775
9 57 0.386609
9 58 0.677778
9 59 0.998106
9 60 0.463291
9 61 0.655804
9 62 0.969697
9 63 0.760196
9 64 0.020690
9 65 0.181452
9 66 0.987805
9 67 0.587196
9 68 0.998224
9 69 0.457143
9 70 0.577253
9 71 0.996581
9 72 0.746212
9 73 0.766129
9 74 0.633333
9 75 0.468132
9 76 0.134650
9 77 0.692308
9 78 0.994819
9 79 0.701639
9 80 0.091379
9 81 0.202062
9 82 0.993671
9 83 0.641558
9 84 0.259574
9 85 0.825316
9 86 0.856322
9 87 0.023891
9 88 0.976035
9 89 0.869231
9 90 0.540724
9 91 0.737123
9 92 0.976744
9 93 0.274766
9 94 0.819355
9 95 0.916350
9 96 0.212982
9 97 0.987433
9 98 0.986166
9 99 0.696370
10 11 0.623932
10 12 0.353201
10 13 0.307175
10 14 0.351613
10 15 0.701188
10 16 0.310547
10 17 0.307985
10 18 0.133047
10 19 0.214000
10 20 0.586724
10 21 0.347584
10 22 0.445748
10 23 0.517500
10 24 0.623274
10 25 0.483871
10 26 0.592326
10 27 0.658730
10 28 0.551282
10 29 0.452174
10 30 0.486486
10 31 0.312303
10 32 0.383023
10 33 0.426696
10 34 0.649087
10 35 0.157107
10 36 0.566893
10 37 0.524631
10 38 0.446115
10 39 0.596234
10 40 0.311234
10 41 0.272904
10 42 0.221636
10 43 0.521441
10 44 0.430769
10 45 0.191489
10 46 0.418112
10 47 0.282222
10 48 0.596330
10 49 0.564246
10 50 0.627660
10 51 0.297650
10 52 0.331828
10 53 0.446341
10 54 0.304569
10 55 0.336066
10 56 0.224719
10 57 0.360691
10 58 0.233333
10 59 0.422348
10 60 0.425316
10 61 0.647658
10 62 0.612554
10 63 0.331158
10 64 0.551724
10 65 0.538306
10 66 0.265244
10 67 0.178808
10 68 0.442274
10 69 0.617143
10 70 0.560086
10 71 0.497436
10 72 0.217803
10 73 0.171371
10 74 0.544444
10 75 0.558242
10 76 0.581688
10 77 0.334936
10 78 0.493955
10 79 0.655738
10 80 0.582759
10 81 0.482474
10 82 0.400844
10 83 0.200000
10 84 0.427660
10 85 0.053165
10 86 0.192529
10 87 0.547782
10 88 0.551198
10 89 0.461538
10 90 0.223982
10 91 0.266430
10 92 0.527907
10 93 0.444860
10 94 0.139785
10 95 0.309886
10 96 0.446247
10 97 0.520646
10 98 0.496047
10 99 0.653465
11 12 0.988962
11 13 0.647982
11 14 0.587097
11 15 0.205433
11 16 0.769531
11 17 0.773764
11 18 0.738197
11 19 0.756000
11 20 0.680942
11 21 0.782528
11 22 0.662757
11 23 0.717500
11 24 0.751479
11 25 0.519062
11 26 0.347722
11 27 0.160714
11 28 0.205128
11 29 0.434783
11 30 0.629730
11 31 0.608833
11 32 0.766046
11 33 0.470460
11 34 0.263692
11 35 0.700748
11 36 0.612245
11 37 0.743842
11 38 0.726817
11 39 0.682008
11 40 0.784530
11 41 0.766082
11 42 0.662269
11 43 0.524871
11 44 0.541026
11 45 0.713948
11 46 0.776493
11 47 0.746667
11 48 0.389908
11 49 0.571695
11 50 0.055319
11 51 0.684073
11 52 0.598194
11 53 0.390244
11 54 0.565990
11 55 0.747951
11 56 0.769663
11 57 0.745140
11 58 0.772222
11 59 0.611742
11 60 0.549367
11 61 0.136456
11 62 0.248918
11 63 0.800979
11 64 0.637931
11 65 0.548387
11 66 0.628049
11 67 0.732892
11 68 0.653641
11 69 0.293333
11 70 0.199571
11 71 0.576068
11 72 0.768939
11 73 0.754032
11 74 0.175556
11 75 0.327473
11 76 0.542190
11 77 0.802885
11 78 0.569948
11 79 0.175410
11 80 0.572414
11 81 0.577320
11 82 0.535865
11 83 0.685714
11 84 0.640426
11 85 0.691139
11 86 0.646552
11 87 0.634812
11 88 0.309368
11 89 0.294872
11 90 0.728507
11 91 0.783304
11 92 0.304651
11 93 0.745794
11 94 0.737634
11 95 0.779468
11 96 0.653144
11 97 0.486535
11 98 0.444664
11 99 0.169967
12 13 0.582960
12 14 0.861290
12 15 0.966044
12 16 0.234375
12 17 0.197719
12 18 0.223176
12 19 0.156000
12 20 0.702355
12 21 0.232342
12 22 0.762463
12 23 0.682500
12 24 0.674556
12 25 0.865103
12 26 0.901679
12 27 0.976190
12 28 0.956410
12 29 0.780435
12 30 0.754054
12 31 0.810726
12 32 0.378882
12 33 0.750547
12 34 0.973631
12 35 0.503741
12 36 0.741497
12 37 0.665025
12 38 0.606516
12 39 0.705021
12 40 0.324125
12 41 0.183236
12 42 0.617414
12 43 0.744425
12 44 0.717949
12 45 0.371158
12 46 0.371869
12 47 0.484444
12 48 0.871560
12 49 0.685289
12 50 0.951064
12 51 0.550914
12 52 0.634312
12 53 0.831707
12 54 0.690355
12 55 0.487705
12 56 0.084270
12 57 0.401728
12 58 0.074074
12 59 0.634470
12 60 0.703797
12 61 0.947047
12 62 0.958874
12 63 0.176183
12 64 0.612069
12 65 0.693548
12 66 0.753049
12 67 0.275938
12 68 0.609236
12 69 0.859048
12 70 0.864807
12 71 0.697436
12 72 0.155303
12 73 0.207661
12 74 0.871111
12 75 0.837363
12 76 0.709156
12 77 0.110577
12 78 0.697755
12 79 0.909836
12 80 0.686207
12 81 0.628866
12 82 0.691983
12 83 0.496104
12 84 0.548936
12 85 0.458228
12 86 0.640805
12 87 0.605802
12 88 0.895425
12 89 0.871795
12 90 0.332579
12 91 0.129663
12 92 0.900000
12 93 0.422430
12 94 0.296774
12 95 0.357414
12 96 0.535497
12 97 0.768402
12 98 0.784585
12 99 0.909241
13 14 0.483871
13 15 0.677419
13 16 0.574219
13 17 0.558935
13 18 0.409871
13 19 0.470000
13 20 0.841542
13 21 0.596654
13 22 0.753666
13 23 0.817500
13 24 0.871795
13 25 0.718475
13 26 0.748201
13 27 0.581349
13 28 0.541026
13 29 0.254348
13 30 0.772973
13 31 0.444795
13 32 0.666667
13 33 0.212254
13 34 0.521298
13 35 0.182045
13 36 0.816327
13 37 0.827586
13 38 0.756892
13 39 0.845188
13 40 0.276243
13 41 0.530214
13 42 0.174142
13 43 0.298456
13 44 0.682051
13 45 0.510638
13 46 0.682081
13 47 0.122222
13 48 0.766055
13 49 0.770950
13 50 0.646809
13 51 0.613577
13 52 0.060948
13 53 0.319512
13 54 0.177665
13 55 0.153689
13 56 0.402622
13 57 0.654428
13 58 0.407407
13 59 0.162879
13 60 0.681013
13 61 0.692464
13 62 0.489177
13 63 0.399674
13 64 0.765517
13 65 0.756048
13 66 0.387195
13 67 0.481236
13 68 0.206039
13 69 0.723810
13 70 0.650215
13 71 0.264957
13 72 0.346591
13 73 0.316532
13 74 0.620000
13 75 0.705495
13 76 0.771993
13 77 0.450321
13 78 0.259067
13 79 0.637705
13 80 0.775862
13 81 0.719588
13 82 0.147679
13 83 0.519481
13 84 0.693617
13 85 0.316456
13 86 0.422414
13 87 0.759386
13 88 0.405229
13 89 0.464103
13 90 0.533937
13 91 0.374778
13 92 0.402326
13 93 0.699065
13 94 0.264516
13 95 0.247148
13 96 0.703854
13 97 0.299820
13 98 0.280632
13 99 0.636964
14 15 0.516129
14 16 0.455078
14 17 0.461977
14 18 0.351931
14 19 0.406000
14 20 0.548180
14 21 0.486989
14 22 0.348974
14 23 0.490000
14 24 0.617357
14 25 0.278592
14 26 0.390887
14 27 0.448413
14 28 0.271795
14 29 0.319565
14 30 0.391892
14 31 0.034700
14 32 0.478261
14 33 0.312910
14 34 0.452333
14 35 0.271820
14 36 0.492063
14 37 0.512315
14 38 0.448622
14 39 0.560669
14 40 0.471455
14 41 0.438596
14 42 0.232190
14 43 0.459691
14 44 0.312821
14 45 0.323877
14 46 0.514451
14 47 0.397778
14 48 0.422018
14 49 0.506518
14 50 0.395745
14 51 0.310705
14 52 0.313770
14 53 0.246341
14 54 0.215736
14 55 0.438525
14 56 0.428839
14 57 0.447084
14 58 0.435185
14 59 0.420455
14 60 0.318987
14 61 0.433809
14 62 0.402597
14 63 0.505710
14 64 0.536207
14 65 0.465726
14 66 0.082317
14 67 0.353201
14 68 0.465364
14 69 0.447619
14 70 0.347639
14 71 0.466667
14 72 0.422348
14 73 0.387097
14 74 0.315556
14 75 0.375824
14 76 0.511670
14 77 0.511218
14 78 0.459413
14 79 0.475410
14 80 0.527586
14 81 0.435052
14 82 0.339662
14 83 0.262338
14 84 0.425532
14 85 0.227848
14 86 0.126437
14 87 0.532423
14 88 0.359477
14 89 0.184615
14 90 0.359729
14 91 0.458259
14 92 0.316279
14 93 0.514019
14 94 0.350538
14 95 0.461977
14 96 0.454361
14 97 0.436266
14 98 0.383399
14 99 0.471947
15 16 0.998047
15 17 0.998099
15 18 0.997854
15 19 0.998000
15 20 0.871520
15 21 0.998141
15 22 0.991202
15 23 0.972500
15 24 0.921105
15 25 0.850440
15 26 0.565947
15 27 0.226190
15 28 0.512821
15 29 0.641304
15 30 0.918919
15 31 0.993691
15 32 0.997930
15 33 0.684902
15 34 0.350913
15 35 0.997506
15 36 0.818594
15 37 0.995074
15 38 0.997494
15 39 0.861925
15 40 0.998158
15 41 0.998051
15 42 0.970976
15 43 0.644940
15 44 0.823077
15 45 0.997636
15 46 0.988439
15 47 0.997778
15 48 0.582569
15 49 0.718808
15 50 0.263830
15 51 0.989556
15 52 0.841986
15 53 0.651220
15 54 0.855330
15 55 0.973361
15 56 0.998127
15 57 0.989201
15 58 0.998148
15 59 0.789773
15 60 0.827848
15 61 0.252546
15 62 0.400433
15 63 0.998369
15 64 0.781034
15 65 0.721774
15 66 0.996951
15 67 0.997792
15 68 0.818828
15 69 0.390476
15 70 0.401288
15 71 0.711111
15 72 0.998106
15 73 0.997984
15 74 0.413333
15 75 0.520879
15 76 0.671454
15 77 0.998397
15 78 0.706390
15 79 0.024590
15 80 0.694828
15 81 0.773196
15 82 0.744726
15 83 0.997403
15 84 0.861702
15 85 0.997468
15 86 0.997126
15 87 0.776451
15 88 0.490196
15 89 0.602564
15 90 0.997738
15 91 0.998224
15 92 0.530233
15 93 0.943925
15 94 0.997849
15 95 0.998099
15 96 0.860041
15 97 0.612208
15 98 0.604743
15 99 0.034653
16 17 0.034221
16 18 0.223176
16 19 0.134000
16 20 0.451820
16 21 0.053903
16 22 0.513196
16 23 0.407500
16 24 0.437870
16 25 0.648094
16 26 0.700240
16 27 0.900794
16 28 0.851282
16 29 0.789130
16 30 0.500000
16 31 0.719243
16 32 0.132505
16 33 0.768053
16 34 0.926978
16 35 0.551122
16 36 0.492063
16 37 0.386700
16 38 0.338346
16 39 0.458159
16 40 0.491713
16 41 0.056530
16 42 0.641161
16 43 0.795883
16 44 0.500000
16 45 0.226950
16 46 0.146435
16 47 0.602222
16 48 0.662844
16 49 0.471136
16 50 0.823404
16 51 0.344648
16 52 0.690745
16 53 0.802439
16 54 0.700508
16 55 0.618852
16 56 0.239700
16 57 0.153348
16 58 0.240741
16 59 0.717803
16 60 0.483544
16 61 0.804481
16 62 0.909091
16 63 0.368679
16 64 0.405172
16 65 0.471774
16 66 0.685976
16 67 0.172185
16 68 0.710480
16 69 0.689524
16 70 0.706009
16 71 0.767521
16 72 0.316288
16 73 0.334677
16 74 0.722222
16 75 0.648352
16 76 0.504488
16 77 0.301282
16 78 0.766839
16 79 0.813115
16 80 0.484483
16 81 0.402062
16 82 0.736287
16 83 0.345455
16 84 0.310638
16 85 0.445570
16 86 0.554598
16 87 0.401024
16 88 0.864924
16 89 0.776923
16 90 0.167421
16 91 0.319716
16 92 0.858140
16 93 0.200000
16 94 0.395699
16 95 0.519011
16 96 0.300203
16 97 0.806104
16 98 0.804348
16 99 0.810231
17 18 0.221030
17 19 0.122000
17 20 0.490364
17 21 0.050186
17 22 0.560117
17 23 0.452500
17 24 0.471400
17 25 0.692082
17 26 0.738609
17 27 0.922619
17 28 0.879487
17 29 0.802174
17 30 0.543243
17 31 0.747634
17 32 0.167702
17 33 0.778993
17 34 0.947262
17 35 0.556110
17 36 0.532880
17 37 0.431034
17 38 0.383459
17 39 0.495816
17 40 0.475138
17 41 0.042885
17 42 0.649077
17 43 0.799314
17 44 0.541026
17 45 0.250591
17 46 0.171484
17 47 0.595556
17 48 0.701835
17 49 0.504655
17 50 0.853191
17 51 0.381201
17 52 0.695260
17 53 0.821951
17 54 0.713198
17 55 0.610656
17 56 0.219101
17 57 0.192225
17 58 0.218519
17 59 0.717803
17 60 0.524051
17 61 0.835031
17 62 0.928571
17 63 0.345840
17 64 0.434483
17 65 0.508065
17 66 0.710366
17 67 0.185430
17 68 0.706927
17 69 0.721905
17 70 0.740343
17 71 0.769231
17 72 0.299242
17 73 0.320565
17 74 0.755556
17 75 0.685714
17 76 0.536804
17 77 0.274038
17 78 0.768566
17 79 0.836066
17 80 0.513793
17 81 0.439175
17 82 0.742616
17 83 0.376623
17 84 0.348936
17 85 0.455696
17 86 0.577586
17 87 0.430034
17 88 0.882353
17 89 0.802564
17 90 0.192308
17 91 0.296625
17 92 0.876744
17 93 0.226168
17 94 0.389247
17 95 0.503802
17 96 0.334686
17 97 0.811490
17 98 0.814229
17 99 0.833333
18 19 0.090000
18 20 0.563169
18 21 0.241636
18 22 0.489736
18 23 0.497500
18 24 0.579882
18 25 0.571848
18 26 0.664269
18 27 0.773810
18 28 0.692308
18 29 0.589130
18 30 0.513514
18 31 0.488959
18 32 0.302277
18 33 0.562363
18 34 0.772819
18 35 0.299252
18 36 0.566893
18 37 0.495074
18 38 0.421053
18 39 0.573222
18 40 0.322284
18 41 0.157895
18 42 0.385224
18 43 0.622642
18 44 0.476923
18 45 0.156028
18 46 0.331407
18 47 0.371111
18 48 0.653670
18 49 0.554935
18 50 0.729787
18 51 0.308094
18 52 0.462754
18 53 0.597561
18 54 0.461929
18 55 0.407787
18 56 0.134831
18 57 0.289417
18 58 0.142593
18 59 0.520833
18 60 0.465823
18 61 0.737271
18 62 0.744589
18 63 0.280587
18 64 0.520690
18 65 0.540323
18 66 0.445122
18 67 0.090508
18 68 0.525755
18 69 0.674286
18 70 0.645923
18 71 0.591453
18 72 0.168561
18 73 0.145161
18 74 0.642222
18 75 0.624176
18 76 0.579892
18 77 0.259615
18 78 0.588946
18 79 0.739344
18 80 0.572414
18 81 0.476289
18 82 0.527426
18 83 0.236364
18 84 0.402128
18 85 0.210127
18 86 0.344828
18 87 0.517065
18 88 0.686275
18 89 0.607692
18 90 0.156109
18 91 0.207815
18 92 0.672093
18 93 0.370093
18 94 0.174194
18 95 0.336502
18 96 0.411765
18 97 0.630162
18 98 0.618577
18 99 0.737624
19 20 0.548180
19 21 0.165428
19 22 0.533724
19 23 0.492500
19 24 0.548323
19 25 0.639296
19 26 0.714628
19 27 0.849206
19 28 0.787179
19 29 0.686957
19 30 0.540541
19 31 0.611987
19 32 0.250518
19 33 0.660832
19 34 0.858012
19 35 0.408978
19 36 0.569161
19 37 0.482759
19 38 0.416040
19 39 0.554393
19 40 0.368324
19 41 0.076023
19 42 0.503958
19 43 0.698113
19 44 0.517949
19 45 0.189125
19 46 0.271676
19 47 0.460000
19 48 0.692661
19 49 0.549348
19 50 0.797872
19 51 0.344648
19 52 0.564334
19 53 0.704878
19 54 0.576142
19 55 0.485656
19 56 0.125468
19 57 0.250540
19 58 0.129630
19 59 0.602273
19 60 0.503797
19 61 0.796334
19 62 0.835498
19 63 0.278956
19 64 0.496552
19 65 0.542339
19 66 0.570122
19 67 0.105960
19 68 0.596803
19 69 0.710476
19 70 0.701717
19 71 0.664957
19 72 0.193182
19 73 0.199597
19 74 0.706667
19 75 0.665934
19 76 0.576302
19 77 0.233974
19 78 0.664940
19 79 0.793443
19 80 0.562069
19 81 0.474227
19 82 0.622363
19 83 0.298701
19 84 0.391489
19 85 0.321519
19 86 0.454023
19 87 0.493174
19 88 0.779956
19 89 0.705128
19 90 0.156109
19 91 0.213144
19 92 0.772093
19 93 0.319626
19 94 0.255914
19 95 0.389734
19 96 0.389452
19 97 0.709156
19 98 0.707510
19 99 0.790429
20 21 0.408922
20 22 0.401760
20 23 0.165000
20 24 0.124260
20 25 0.495601
20 26 0.417266
20 27 0.789683
20 28 0.761538
20 29 0.869565
20 30 0.300000
20 31 0.823344
20 32 0.308489
20 33 0.873085
20 34 0.870183
20 35 0.812968
20 36 0.106576
20 37 0.152709
20 38 0.240602
20 39 0.023013
20 40 0.802947
20 41 0.456140
20 42 0.860158
20 43 0.900515
20 44 0.346154
20 45 0.472813
20 46 0.304432
20 47 0.886667
20 48 0.348624
20 49 0.078212
20 50 0.634043
20 51 0.417755
20 52 0.880361
20 53 0.851220
20 54 0.860406
20 55 0.895492
20 56 0.604869
20 57 0.306695
20 58 0.603704
20 59 0.897727
20 60 0.329114
20 61 0.576375
20 62 0.861472
20 63 0.696574
20 64 0.094828
20 65 0.096774
20 66 0.826220
20 67 0.490066
20 68 0.904085
20 69 0.398095
20 70 0.484979
20 71 0.905983
20 72 0.664773
20 73 0.675403
20 74 0.531111
20 75 0.375824
20 76 0.127469
20 77 0.636218
20 78 0.903282
20 79 0.640984
20 80 0.120690
20 81 0.092784
20 82 0.881857
20 83 0.511688
20 84 0.157447
20 85 0.696203
20 86 0.706897
20 87 0.097270
20 88 0.862745
20 89 0.738462
20 90 0.438914
20 91 0.666075
20 92 0.855814
20 93 0.244860
20 94 0.716129
20 95 0.825095
20 96 0.129817
20 97 0.892280
20 98 0.883399
20 99 0.635314
21 22 0.586510
21 23 0.445000
21 24 0.439842
21 25 0.721408
21 26 0.752998
21 27 0.956349
21 28 0.923077
21 29 0.852174
21 30 0.556757
21 31 0.810726
21 32 0.146998
21 33 0.831510
21 34 0.985801
21 35 0.620948
21 36 0.523810
21 37 0.418719
21 38 0.383459
21 39 0.474895
21 40 0.523020
21 41 0.095517
21 42 0.715040
21 43 0.843911
21 44 0.561538
21 45 0.295508
21 46 0.132948
21 47 0.657778
21 48 0.711009
21 49 0.487896
21 50 0.878723
21 51 0.412533
21 52 0.753950
21 53 0.873171
21 54 0.774112
21 55 0.668033
21 56 0.267790
21 57 0.187905
21 58 0.264815
21 59 0.768939
21 60 0.541772
21 61 0.855397
21 62 0.969697
21 63 0.381729
21 64 0.408621
21 65 0.497984
21 66 0.774390
21 67 0.236203
21 68 0.754885
21 69 0.727619
21 70 0.759657
21 71 0.813675
21 72 0.348485
21 73 0.377016
21 74 0.780000
21 75 0.696703
21 76 0.520646
21 77 0.304487
21 78 0.813472
21 79 0.855738
21 80 0.494828
21 81 0.430928
21 82 0.795359
21 83 0.420779
21 84 0.342553
21 85 0.516456
21 86 0.637931
21 87 0.404437
21 88 0.928105
21 89 0.848718
21 90 0.230769
21 91 0.341030
21 92 0.925581
21 93 0.190654
21 94 0.447312
21 95 0.555133
21 96 0.320487
21 97 0.856373
21 98 0.861660
21 99 0.851485
22 23 0.192500
22 24 0.382643
22 25 0.143695
22 26 0.280576
22 27 0.587302
22 28 0.461538
22 29 0.576087
22 30 0.078378
22 31 0.388013
22 32 0.296066
22 33 0.573304
22 34 0.636917
22 35 0.486284
22 36 0.231293
22 37 0.224138
22 38 0.167920
22 39 0.311715
22 40 0.593002
22 41 0.354776
22 42 0.501319
22 43 0.665523
22 44 0.051282
22 45 0.243499
22 46 0.339114
22 47 0.597778
22 48 0.272936
22 49 0.292365
22 50 0.457447
22 51 0.127937
22 52 0.568849
22 53 0.526829
22 54 0.510152
22 55 0.629098
22 56 0.445693
22 57 0.257019
22 58 0.450000
22 59 0.638258
22 60 0.043038
22 61 0.448065
22 62 0.603896
22 63 0.553018
22 64 0.329310
22 65 0.237903
22 66 0.405488
22 67 0.298013
22 68 0.662522
22 69 0.363810
22 70 0.330472
22 71 0.670085
22 72 0.479167
22 73 0.461694
22 74 0.337778
22 75 0.265934
22 76 0.314183
22 77 0.522436
22 78 0.664940
22 79 0.529508
22 80 0.331034
22 81 0.189691
22 82 0.590717
22 83 0.202597
22 84 0.178723
22 85 0.372152
22 86 0.316092
22 87 0.329352
22 88 0.588235
22 89 0.412821
22 90 0.257919
22 91 0.504440
22 92 0.558140
22 93 0.325234
22 94 0.464516
22 95 0.598859
22 96 0.219067
22 97 0.649910
22 98 0.616601
22 99 0.524752
23 24 0.230769
23 25 0.348974
23 26 0.366906
23 27 0.720238
23 28 0.646154
23 29 0.745652
23 30 0.151351
23 31 0.627760
23 32 0.223602
23 33 0.741794
23 34 0.784990
23 35 0.648379
23 36 0.122449
23 37 0.036946
23 38 0.080201
23 39 0.161088
23 40 0.683241
23 41 0.354776
23 42 0.688654
23 43 0.797599
23 44 0.210256
23 45 0.319149
23 46 0.250482
23 47 0.737778
23 48 0.321101
23 49 0.182495
23 50 0.576596
23 51 0.245431
23 52 0.733634
23 53 0.714634
23 54 0.700508
23 55 0.758197
23 56 0.492509
23 57 0.198704
23 58 0.494444
23 59 0.776515
23 60 0.192405
23 61 0.539715
23 62 0.764069
23 63 0.600326
23 64 0.200000
23 65 0.143145
23 66 0.634146
23 67 0.350993
23 68 0.788632
23 69 0.400000
23 70 0.433476
23 71 0.798291
23 72 0.545455
23 73 0.544355
23 74 0.464444
23 75 0.336264
23 76 0.222621
23 77 0.548077
23 78 0.796200
23 79 0.611475
23 80 0.227586
23 81 0.065979
23 82 0.751055
23 83 0.337662
23 84 0.036170
23 85 0.526582
23 86 0.520115
23 87 0.201365
23 88 0.753813
23 89 0.607692
23 90 0.298643
23 91 0.557726
23 92 0.737209
23 93 0.216822
23 94 0.574194
23 95 0.699620
23 96 0.070994
23 97 0.788151
23 98 0.768775
23 99 0.607261
24 25 0.674487
24 26 0.565947
24 27 0.914683
24 28 0.923077
24 29 0.997826
24 30 0.456757
24 31 0.996845
24 32 0.329193
24 33 0.997812
24 34 0.997972
24 35 0.930175
24 36 0.249433
24 37 0.261084
24 38 0.350877
24 39 0.115063
24 40 0.865562
24 41 0.485380
24 42 0.992084
24 43 0.998285
24 44 0.500000
24 45 0.560284
24 46 0.296724
24 47 0.984444
24 48 0.490826
24 49 0.154562
24 50 0.765957
24 51 0.540470
24 52 0.997743
24 53 0.997561
24 54 0.997462
24 55 0.983607
24 56 0.646067
24 57 0.349892
24 58 0.644444
24 59 0.996212
24 60 0.478481
24 61 0.700611
24 62 0.997835
24 63 0.730832
24 64 0.032759
24 65 0.219758
24 66 0.990854
24 67 0.558499
24 68 0.992895
24 69 0.506667
24 70 0.618026
24 71 0.998291
24 72 0.717803
24 73 0.739919
24 74 0.671111
24 75 0.512088
24 76 0.188510
24 77 0.657051
24 78 0.998273
24 79 0.739344
24 80 0.144828
24 81 0.218557
24 82 0.997890
24 83 0.628571
24 84 0.246809
24 85 0.810127
24 86 0.853448
24 87 0.029010
24 88 0.997821
24 89 0.894872
24 90 0.511312
24 91 0.706927
24 92 0.997674
24 93 0.226168
24 94 0.795699
24 95 0.893536
24 96 0.192698
24 97 0.998205
24 98 0.998024
24 99 0.734323
25 26 0.199041
25 27 0.490079
25 28 0.341026
25 29 0.504348
25 30 0.167568
25 31 0.324921
25 32 0.399586
25 33 0.507659
25 34 0.543611
25 35 0.481297
25 36 0.285714
25 37 0.327586
25 38 0.288221
25 39 0.376569
25 40 0.611418
25 41 0.438596
25 42 0.474934
25 43 0.612350
25 44 0.094872
25 45 0.326241
25 46 0.433526
25 47 0.593333
25 48 0.220183
25 49 0.333333
25 50 0.353191
25 51 0.232376
25 52 0.530474
25 53 0.439024
25 54 0.459391
25 55 0.622951
25 56 0.500000
25 57 0.362851
25 58 0.505556
25 59 0.602273
25 60 0.108861
25 61 0.354379
25 62 0.506494
25 63 0.593801
25 64 0.387931
25 65 0.276210
25 66 0.359756
25 67 0.375276
25 68 0.635879
25 69 0.304762
25 70 0.233906
25 71 0.627350
25 72 0.522727
25 73 0.500000
25 74 0.231111
25 75 0.195604
25 76 0.339318
25 77 0.573718
25 78 0.620035
25 79 0.450820
25 80 0.365517
25 81 0.255670
25 82 0.540084
25 83 0.270130
25 84 0.274468
25 85 0.389873
25 86 0.304598
25 87 0.385666
25 88 0.496732
25 89 0.302564
25 90 0.348416
25 91 0.548845
25 92 0.462791
25 93 0.416822
25 94 0.492473
25 95 0.614068
25 96 0.310345
25 97 0.590664
25 98 0.549407
25 99 0.445545
26 27 0.448413
26 28 0.366667
26 29 0.593478
26 30 0.291892
26 31 0.545741
26 32 0.521739
26 33 0.608315
26 34 0.535497
26 35 0.673317
26 36 0.287982
26 37 0.411330
26 38 0.413534
26 39 0.378661
26 40 0.758748
26 41 0.584795
26 42 0.662269
26 43 0.680961
26 44 0.248718
26 45 0.515366
26 46 0.539499
26 47 0.760000
26 48 0.061927
26 49 0.301676
26 50 0.263830
26 51 0.430809
26 52 0.672686
26 53 0.536585
26 54 0.619289
26 55 0.774590
26 56 0.653558
26 57 0.496760
26 58 0.657407
26 59 0.712121
26 60 0.255696
26 61 0.228106
26 62 0.515152
26 63 0.729201
26 64 0.387931
26 65 0.256048
26 66 0.576220
26 67 0.551876
26 68 0.744227
26 69 0.144762
26 70 0.111588
26 71 0.709402
26 72 0.679924
26 73 0.667339
26 74 0.153333
26 75 0.017582
26 76 0.287253
26 77 0.705128
26 78 0.704663
26 79 0.362295
26 80 0.325862
26 81 0.284536
26 82 0.651899
26 83 0.483117
26 84 0.359574
26 85 0.594937
26 86 0.531609
26 87 0.385666
26 88 0.535948
26 89 0.382051
26 90 0.522624
26 91 0.696270
26 92 0.516279
26 93 0.502804
26 94 0.668817
26 95 0.764259
26 96 0.379310
26 97 0.655296
26 98 0.620553
26 99 0.354785
27 28 0.312821
27 29 0.397826
27 30 0.829730
27 31 0.738170
27 32 0.904762
27 33 0.442013
27 34 0.125761
27 35 0.763092
27 36 0.793651
27 37 0.931034
27 38 0.907268
27 39 0.849372
27 40 0.812155
27 41 0.875244
27 42 0.720317
27 43 0.451115
27 44 0.725641
27 45 0.846336
27 46 0.907514
27 47 0.768889
27 48 0.575688
27 49 0.724395
27 50 0.225532
27 51 0.848564
27 52 0.600451
27 53 0.400000
27 54 0.601523
27 55 0.754098
27 56 0.844569
27 57 0.889849
27 58 0.848148
27 59 0.575758
27 60 0.731646
27 61 0.287169
27 62 0.153680
27 63 0.848287
27 64 0.775862
27 65 0.711694
27 66 0.743902
27 67 0.849890
27 68 0.616341
27 69 0.443810
27 70 0.375536
27 71 0.516239
27 72 0.831439
27 73 0.820565
27 74 0.351111
27 75 0.507692
27 76 0.689408
27 77 0.862179
27 78 0.509499
27 79 0.178689
27 80 0.712069
27 81 0.738144
27 82 0.508439
27 83 0.831169
27 84 0.797872
27 85 0.787342
27 86 0.775862
27 87 0.771331
27 88 0.244009
27 89 0.392308
27 90 0.859729
27 91 0.840142
27 92 0.279070
27 93 0.878505
27 94 0.802151
27 95 0.802281
27 96 0.807302
27 97 0.407540
27 98 0.379447
27 99 0.179868
28 29 0.297826
28 30 0.527027
28 31 0.365931
28 32 0.658385
28 33 0.321663
28 34 0.271805
28 35 0.498753
28 36 0.569161
28 37 0.657635
28 38 0.619048
28 39 0.642259
28 40 0.635359
28 41 0.637427
28 42 0.448549
28 43 0.440823
28 44 0.435897
28 45 0.557920
28 46 0.678227
28 47 0.568889
28 48 0.392202
28 49 0.553073
28 50 0.195745
28 51 0.532637
28 52 0.424379
28 53 0.214634
28 54 0.362944
28 55 0.586066
28 56 0.627341
28 57 0.630670
28 58 0.631481
28 59 0.479167
28 60 0.445570
28 61 0.264766
28 62 0.218615
28 63 0.672104
28 64 0.606897
28 65 0.520161
28 66 0.390244
28 67 0.580574
28 68 0.529307
28 69 0.358095
28 70 0.233906
28 71 0.478632
28 72 0.619318
28 73 0.594758
28 74 0.182222
28 75 0.331868
28 76 0.538600
28 77 0.679487
28 78 0.469775
28 79 0.306557
28 80 0.565517
28 81 0.523711
28 82 0.388186
28 83 0.514286
28 84 0.557447
28 85 0.493671
28 86 0.431034
28 87 0.604096
28 88 0.224401
28 89 0.087179
28 90 0.583710
28 91 0.642984
28 92 0.181395
28 93 0.661682
28 94 0.567742
28 95 0.625475
28 96 0.580122
28 97 0.400359
28 98 0.341897
28 99 0.301980
29 30 0.783784
29 31 0.460568
29 32 0.772257
29 33 0.041575
29 34 0.286004
29 35 0.391521
29 36 0.811791
29 37 0.874384
29 38 0.817043
29 39 0.859833
29 40 0.493554
29 41 0.678363
29 42 0.332454
29 43 0.214408
29 44 0.679487
29 45 0.638298
29 46 0.786127
29 47 0.382222
29 48 0.685780
29 49 0.765363
29 50 0.470213
29 51 0.691906
29 52 0.200903
29 53 0.129268
29 54 0.223350
29 55 0.385246
29 56 0.589888
29 57 0.753780
29 58 0.594444
29 59 0.232955
29 60 0.683544
29 61 0.533605
29 62 0.244589
29 63 0.587276
29 64 0.784483
29 65 0.745968
29 66 0.432927
29 67 0.629139
29 68 0.298401
29 69 0.619048
29 70 0.525751
29 71 0.244444
29 72 0.549242
29 73 0.524194
29 74 0.484444
29 75 0.617582
29 76 0.754039
29 77 0.625000
29 78 0.233161
29 79 0.470492
29 80 0.765517
29 81 0.731959
29 82 0.120253
29 83 0.623377
29 84 0.738298
29 85 0.478481
29 86 0.502874
29 87 0.779863
29 88 0.154684
29 89 0.315385
29 90 0.662896
29 91 0.570160
29 92 0.160465
29 93 0.785047
29 94 0.481720
29 95 0.471483
29 96 0.752535
29 97 0.174147
29 98 0.092885
29 99 0.470297
30 31 0.473186
30 32 0.296066
30 33 0.630197
30 34 0.669371
30 35 0.558603
30 36 0.165533
30 37 0.174877
30 38 0.145363
30 39 0.255230
30 40 0.642726
30 41 0.382066
30 42 0.577836
30 43 0.710120
30 44 0.064103
30 45 0.293144
30 46 0.333333
30 47 0.662222
30 48 0.238532
30 49 0.238361
30 50 0.465957
30 51 0.185379
30 52 0.634312
30 53 0.582927
30 54 0.581218
30 55 0.688525
30 56 0.485019
30 57 0.261339
30 58 0.488889
30 59 0.691288
30 60 0.050633
30 61 0.443992
30 62 0.640693
30 63 0.590538
30 64 0.284483
30 65 0.179435
30 66 0.490854
30 67 0.342163
30 68 0.714032
30 69 0.337143
30 70 0.326180
30 71 0.716239
30 72 0.526515
30 73 0.514113
30 74 0.344444
30 75 0.243956
30 76 0.262118
30 77 0.554487
30 78 0.711572
30 79 0.531148
30 80 0.281034
30 81 0.134021
30 82 0.647679
30 83 0.270130
30 84 0.144681
30 85 0.445570
30 86 0.399425
30 87 0.284983
30 88 0.631808
30 89 0.461538
30 90 0.296380
30 91 0.545293
30 92 0.606977
30 93 0.308411
30 94 0.524731
30 95 0.652091
30 96 0.184584
30 97 0.694794
30 98 0.664032
30 99 0.524752
31 32 0.474120
31 33 0.306346
31 34 0.466531
31 35 0.244389
31 36 0.505669
31 37 0.519704
31 38 0.451128
31 39 0.569038
31 40 0.449355
31 41 0.424951
31 42 0.205805
31 43 0.456261
31 44 0.325641
31 45 0.309693
31 46 0.508671
31 47 0.373333
31 48 0.444954
31 49 0.515829
31 50 0.419149
31 51 0.308094
31 52 0.297968
31 53 0.251220
31 54 0.200508
31 55 0.418033
31 56 0.408240
31 57 0.442765
31 58 0.416667
31 59 0.407197
31 60 0.331646
31 61 0.456212
31 62 0.415584
31 63 0.486134
31 64 0.543103
31 65 0.477823
31 66 0.048780
31 67 0.337748
31 68 0.451155
31 69 0.468571
31 70 0.373391
31 71 0.458120
31 72 0.401515
31 73 0.364919
31 74 0.342222
31 75 0.400000
31 76 0.522442
31 77 0.493590
31 78 0.452504
31 79 0.493443
31 80 0.537931
31 81 0.443299
31 82 0.331224
31 83 0.251948
31 84 0.429787
31 85 0.200000
31 86 0.103448
31 87 0.539249
31 88 0.368192
31 89 0.210256
31 90 0.348416
31 91 0.438721
31 92 0.327907
31 93 0.512150
31 94 0.326882
31 95 0.439163
31 96 0.458418
31 97 0.432675
31 98 0.381423
31 99 0.490099
32 33 0.796499
32 34 0.910751
32 35 0.620948
32 36 0.362812
32 37 0.243842
32 38 0.215539
32 39 0.326360
32 40 0.587477
32 41 0.175439
32 42 0.693931
32 43 0.830189
32 44 0.410256
32 45 0.250591
32 46 0.067437
32 47 0.686667
32 48 0.559633
32 49 0.355680
32 50 0.763830
32 51 0.297650
32 52 0.744921
32 53 0.809756
32 54 0.738579
32 55 0.702869
32 56 0.350187
32 57 0.053996
32 58 0.351852
32 59 0.774621
32 60 0.392405
32 61 0.735234
32 62 0.893939
32 63 0.469821
32 64 0.294828
32 65 0.354839
32 66 0.704268
32 67 0.236203
32 68 0.772647
32 69 0.601905
32 70 0.633047
32 71 0.811966
32 72 0.422348
32 73 0.435484
32 74 0.657778
32 75 0.558242
32 76 0.393178
32 77 0.403846
32 78 0.811744
32 79 0.763934
32 80 0.374138
32 81 0.284536
32 82 0.778481
32 83 0.342857
32 84 0.191489
32 85 0.498734
32 86 0.566092
32 87 0.291809
32 88 0.862745
32 89 0.751282
32 90 0.194570
32 91 0.426288
32 92 0.853488
32 93 0.099065
32 94 0.488172
32 95 0.612167
32 96 0.174442
32 97 0.834829
32 98 0.828063
32 99 0.760726
33 34 0.326572
33 35 0.351621
33 36 0.811791
33 37 0.864532
33 38 0.804511
33 39 0.857741
33 40 0.456722
33 41 0.653021
33 42 0.292876
33 43 0.214408
33 44 0.674359
33 45 0.614657
33 46 0.768786
33 47 0.340000
33 48 0.697248
33 49 0.765363
33 50 0.497872
33 51 0.673629
33 52 0.158014
33 53 0.143902
33 54 0.190355
33 55 0.344262
33 56 0.558052
33 57 0.736501
33 58 0.562963
33 59 0.204545
33 60 0.678481
33 61 0.560081
33 62 0.285714
33 63 0.556281
33 64 0.782759
33 65 0.745968
33 66 0.411585
33 67 0.602649
33 68 0.271758
33 69 0.636190
33 70 0.545064
33 71 0.232479
33 72 0.515152
33 73 0.489919
33 74 0.504444
33 75 0.630769
33 76 0.755835
33 77 0.596154
33 78 0.222798
33 79 0.498361
33 80 0.767241
33 81 0.727835
33 82 0.082278
33 83 0.602597
33 84 0.729787
33 85 0.445570
33 86 0.479885
33 87 0.776451
33 88 0.196078
33 89 0.330769
33 90 0.640271
33 91 0.538188
33 92 0.197674
33 93 0.770093
33 94 0.445161
33 95 0.433460
33 96 0.744422
33 97 0.181329
33 98 0.110672
33 99 0.500000
34 35 0.708229
34 36 0.866213
34 37 0.987685
34 38 0.954887
34 39 0.918410
34 40 0.751381
34 41 0.873294
34 42 0.659631
34 43 0.348199
34 44 0.782051
34 45 0.851064
34 46 0.932563
34 47 0.693333
34 48 0.669725
34 49 0.793296
34 50 0.334043
34 51 0.874674
34 52 0.519187
34 53 0.339024
34 54 0.538071
34 55 0.676230
34 56 0.818352
34 57 0.915767
34 58 0.820370
34 59 0.481061
34 60 0.787342
34 61 0.399185
34 62 0.080087
34 63 0.807504
34 64 0.834483
34 65 0.782258
34 66 0.716463
34 67 0.845475
34 68 0.525755
34 69 0.540952
34 70 0.465665
34 71 0.417094
34 72 0.793561
34 73 0.782258
34 74 0.433333
34 75 0.595604
34 76 0.763016
34 77 0.833333
34 78 0.409326
34 79 0.278689
34 80 0.781034
34 81 0.797938
34 82 0.415612
34 83 0.841558
34 84 0.844681
34 85 0.756962
34 86 0.764368
34 87 0.829352
34 88 0.156863
34 89 0.400000
34 90 0.866516
34 91 0.802842
34 92 0.216279
34 93 0.912150
34 94 0.756989
34 95 0.737643
34 96 0.853955
34 97 0.301616
34 98 0.272727
34 99 0.282178
35 36 0.673469
35 37 0.660099
35 38 0.583960
35 39 0.707113
35 40 0.270718
35 41 0.391813
35 42 0.087071
35 43 0.416810
35 44 0.530769
35 45 0.338061
35 46 0.539499
35 47 0.164444
35 48 0.660550
35 49 0.653631
35 50 0.614894
35 51 0.433420
35 52 0.191874
35 53 0.353659
35 54 0.182741
35 55 0.229508
35 56 0.294007
35 57 0.494600
35 58 0.301852
35 59 0.303030
35 60 0.529114
35 61 0.651731
35 62 0.536797
35 63 0.349103
35 64 0.648276
35 65 0.631048
35 66 0.250000
35 67 0.320088
35 68 0.332149
35 69 0.653333
35 70 0.583691
35 71 0.389744
35 72 0.255682
35 73 0.209677
35 74 0.557778
35 75 0.610989
35 76 0.664273
35 77 0.378205
35 78 0.385147
35 79 0.634426
35 80 0.667241
35 81 0.585567
35 82 0.274262
35 83 0.337662
35 84 0.546809
35 85 0.134177
35 86 0.250000
35 87 0.643345
35 88 0.464052
35 89 0.425641
35 90 0.366516
35 91 0.300178
35 92 0.444186
35 93 0.562617
35 94 0.146237
35 95 0.252852
35 96 0.561866
35 97 0.414722
35 98 0.385375
35 99 0.633663
36 37 0.150246
36 38 0.213033
36 39 0.117155
36 40 0.767956
36 41 0.460039
36 42 0.773087
36 43 0.828473
36 44 0.243590
36 45 0.434988
36 46 0.342967
36 47 0.824444
36 48 0.243119
36 49 0.100559
36 50 0.534043
36 51 0.355091
36 52 0.799097
36 53 0.748780
36 54 0.766497
36 55 0.838115
36 56 0.589888
36 57 0.315335
36 58 0.590741
36 59 0.829545
36 60 0.230380
36 61 0.482688
36 62 0.761905
36 63 0.685155
36 64 0.174138
36 65 0.036290
36 66 0.716463
36 67 0.465784
36 68 0.845471
36 69 0.321905
36 70 0.384120
36 71 0.839316
36 72 0.642045
36 73 0.643145
36 74 0.426667
36 75 0.272527
36 76 0.132855
36 77 0.634615
36 78 0.835924
36 79 0.567213
36 80 0.155172
36 81 0.045361
36 82 0.799578
36 83 0.446753
36 84 0.148936
36 85 0.627848
36 86 0.612069
36 87 0.175768
36 88 0.764706
36 89 0.623077
36 90 0.416290
36 91 0.650089
36 92 0.751163
36 93 0.295327
36 94 0.670968
36 95 0.785171
36 96 0.154158
36 97 0.816876
36 98 0.798419
36 99 0.561056
37 38 0.087719
37 39 0.150628
37 40 0.688766
37 41 0.345029
37 42 0.712401
37 43 0.818182
37 44 0.246154
37 45 0.326241
37 46 0.227360
37 47 0.753333
37 48 0.353211
37 49 0.184358
37 50 0.608511
37 51 0.263708
37 52 0.758465
37 53 0.746341
37 54 0.728426
37 55 0.772541
37 56 0.490637
37 57 0.185745
37 58 0.492593
37 59 0.795455
37 60 0.227848
37 61 0.570265
37 62 0.796537
37 63 0.598695
37 64 0.184483
37 65 0.155242
37 66 0.667683
37 67 0.353201
37 68 0.804618
37 69 0.424762
37 70 0.463519
37 71 0.817094
37 72 0.547348
37 73 0.550403
37 74 0.497778
37 75 0.367033
37 76 0.224417
37 77 0.543269
37 78 0.815199
37 79 0.636066
37 80 0.224138
37 81 0.080412
37 82 0.774262
37 83 0.355844
37 84 0.025532
37 85 0.546835
37 86 0.548851
37 87 0.186007
37 88 0.784314
37 89 0.643590
37 90 0.298643
37 91 0.555950
37 92 0.769767
37 93 0.190654
37 94 0.582796
37 95 0.707224
37 96 0.040568
37 97 0.811490
37 98 0.794466
37 99 0.630363
38 39 0.223849
38 40 0.624309
38 41 0.296296
38 42 0.622691
38 43 0.765009
38 44 0.202564
38 45 0.243499
38 46 0.219653
38 47 0.675556
38 48 0.362385
38 49 0.242086
38 50 0.589362
38 51 0.174935
38 52 0.681716
38 53 0.680488
38 54 0.647208
38 55 0.700820
38 56 0.432584
38 57 0.142549
38 58 0.435185
38 59 0.731061
38 60 0.184810
38 61 0.562118
38 62 0.748918
38 63 0.548124
38 64 0.244828
38 65 0.205645
38 66 0.573171
38 67 0.280353
38 68 0.744227
38 69 0.436190
38 70 0.450644
38 71 0.762393
38 72 0.484848
38 73 0.479839
38 74 0.473333
38 75 0.367033
38 76 0.280072
38 77 0.498397
38 78 0.758204
38 79 0.626230
38 80 0.282759
38 81 0.131959
38 82 0.706751
38 83 0.264935
38 84 0.048936
38 85 0.458228
38 86 0.454023
38 87 0.245734
38 88 0.732026
38 89 0.584615
38 90 0.226244
38 91 0.500888
38 92 0.711628
38 93 0.201869
38 94 0.507527
38 95 0.640684
38 96 0.091278
38 97 0.757630
38 98 0.737154
38 99 0.622112
39 40 0.823204
39 41 0.473684
39 42 0.889182
39 43 0.919383
39 44 0.374359
39 45 0.498818
39 46 0.314066
39 47 0.911111
39 48 0.364679
39 49 0.070764
39 50 0.648936
39 51 0.449086
39 52 0.905192
39 53 0.878049
39 54 0.888325
39 55 0.918033
39 56 0.621723
39 57 0.326134
39 58 0.622222
39 59 0.918561
39 60 0.356962
39 61 0.588595
39 62 0.883117
39 63 0.712887
39 64 0.077586
39 65 0.108871
39 66 0.859756
39 67 0.512141
39 68 0.925400
39 69 0.405714
39 70 0.500000
39 71 0.924786
39 72 0.683712
39 73 0.695565
39 74 0.551111
39 75 0.391209
39 76 0.118492
39 77 0.650641
39 78 0.922280
39 79 0.650820
39 80 0.105172
39 81 0.115464
39 82 0.905063
39 83 0.540260
39 84 0.180851
39 85 0.724051
39 86 0.738506
39 87 0.080205
39 88 0.886710
39 89 0.764103
39 90 0.463801
39 91 0.683837
39 92 0.879070
39 93 0.252336
39 94 0.739785
39 95 0.846008
39 96 0.148073
39 97 0.912029
39 98 0.903162
39 99 0.645215
40 41 0.463938
40 42 0.461741
40 43 0.507719
40 44 0.864103
40 45 0.557920
40 46 0.658960
40 47 0.211111
40 48 0.981651
40 49 0.873371
40 50 0.927660
40 51 0.731070
40 52 0.401806
40 53 0.675610
40 54 0.517766
40 55 0.178279
40 56 0.265918
40 57 0.667387
40 58 0.264815
40 59 0.363636
40 60 0.855696
40 61 0.951120
40 62 0.813853
40 63 0.176183
40 64 0.824138
40 65 0.877016
40 66 0.695122
40 67 0.479029
40 68 0.326821
40 69 0.927619
40 70 0.896996
40 71 0.444444
40 72 0.189394
40 73 0.207661
40 74 0.884444
40 75 0.923077
40 76 0.881508
40 77 0.258013
40 78 0.445596
40 79 0.868852
40 80 0.867241
40 81 0.824742
40 82 0.455696
40 83 0.636364
40 84 0.770213
40 85 0.450633
40 86 0.652299
40 87 0.817406
40 88 0.732026
40 89 0.797436
40 90 0.552036
40 91 0.182948
40 92 0.746512
40 93 0.693458
40 94 0.225806
40 95 0.039924
40 96 0.764706
40 97 0.542190
40 98 0.571146
40 99 0.869637
41 42 0.591029
41 43 0.761578
41 44 0.520513
41 45 0.212766
41 46 0.202312
41 47 0.546667
41 48 0.688073
41 49 0.512104
41 50 0.825532
41 51 0.352480
41 52 0.645598
41 53 0.773171
41 54 0.659898
41 55 0.565574
41 56 0.185393
41 57 0.198704
41 58 0.187037
41 59 0.676136
41 60 0.503797
41 61 0.812627
41 62 0.889610
41 63 0.323002
41 64 0.450000
41 65 0.510081
41 66 0.649390
41 67 0.143488
41 68 0.667851
41 69 0.708571
41 70 0.716738
41 71 0.729915
41 72 0.261364
41 73 0.278226
41 74 0.728889
41 75 0.668132
41 76 0.542190
41 77 0.261218
41 78 0.728843
41 79 0.814754
41 80 0.524138
41 81 0.441237
41 82 0.696203
41 83 0.335065
41 84 0.353191
41 85 0.402532
41 86 0.522989
41 87 0.445392
41 88 0.840959
41 89 0.758974
41 90 0.160633
41 91 0.268206
41 92 0.832558
41 93 0.254206
41 94 0.339785
41 95 0.463878
41 96 0.344828
41 97 0.771993
41 98 0.772727
41 99 0.811881
42 43 0.379074
42 44 0.510256
42 45 0.371158
42 46 0.570328
42 47 0.202222
42 48 0.623853
42 49 0.648045
42 50 0.555319
42 51 0.441253
42 52 0.148984
42 53 0.270732
42 54 0.098985
42 55 0.258197
42 56 0.353933
42 57 0.522678
42 58 0.361111
42 59 0.282197
42 60 0.511392
42 61 0.596741
42 62 0.463203
42 63 0.402936
42 64 0.651724
42 65 0.620968
42 66 0.189024
42 67 0.362031
42 68 0.325044
42 69 0.615238
42 70 0.532189
42 71 0.362393
42 72 0.320076
42 73 0.278226
42 74 0.502222
42 75 0.571429
42 76 0.653501
42 77 0.431090
42 78 0.355786
42 79 0.583607
42 80 0.660345
42 81 0.581443
42 82 0.225738
42 83 0.353247
42 84 0.553191
42 85 0.169620
42 86 0.229885
42 87 0.646758
42 88 0.389978
42 89 0.348718
42 90 0.402715
42 91 0.358792
42 92 0.367442
42 93 0.586916
42 94 0.219355
42 95 0.304183
42 96 0.572008
42 97 0.369838
42 98 0.330040
42 99 0.582508
43 44 0.997436
43 45 0.893617
43 46 0.998073
43 47 0.482222
43 48 0.972477
43 49 0.998138
43 50 0.704255
43 51 0.997389
43 52 0.354402
43 53 0.436585
43 54 0.489848
43 55 0.430328
43 56 0.728464
43 57 0.997840
43 58 0.729630
43 59 0.196970
43 60 0.997468
43 61 0.759674
43 62 0.422078
43 63 0.657423
43 64 0.998276
43 65 0.997984
43 66 0.786585
43 67 0.852097
43 68 0.220249
43 69 0.847619
43 70 0.785408
43 71 0.082051
43 72 0.672348
43 73 0.667339
43 74 0.753333
43 75 0.892308
43 76 0.978456
43 77 0.716346
43 78 0.075993
43 79 0.609836
43 80 0.982759
43 81 0.987629
43 82 0.240506
43 83 0.916883
43 84 0.995745
43 85 0.729114
43 86 0.830460
43 87 0.991468
43 88 0.355120
43 89 0.635897
43 90 0.904977
43 91 0.673179
43 92 0.418605
43 93 0.998131
43 94 0.638710
43 95 0.524715
43 96 0.997972
43 97 0.062837
43 98 0.166008
43 99 0.613861
44 45 0.290780
44 46 0.368015
44 47 0.624444
44 48 0.227064
44 49 0.279330
44 50 0.421277
44 51 0.180157
44 52 0.584650
44 53 0.521951
44 54 0.522843
44 55 0.653689
44 56 0.481273
44 57 0.293737
44 58 0.487037
44 59 0.649621
44 60 0.015190
44 61 0.409369
44 62 0.586580
44 63 0.584013
44 64 0.327586
44 65 0.219758
44 66 0.426829
44 67 0.342163
44 68 0.676732
44 69 0.323810
44 70 0.289700
44 71 0.675214
44 72 0.515152
44 73 0.497984
44 74 0.300000
44 75 0.221978
44 76 0.294434
44 77 0.554487
44 78 0.670121
44 79 0.500000
44 80 0.318966
44 81 0.183505
44 82 0.599156
44 83 0.249351
44 84 0.195745
44 85 0.407595
44 86 0.344828
44 87 0.327645
44 88 0.575163
44 89 0.397436
44 90 0.303167
44 91 0.538188
44 92 0.546512
44 93 0.349533
44 94 0.501075
44 95 0.627376
44 96 0.233266
44 97 0.649910
44 98 0.614625
44 99 0.495050
45 46 0.267823
45 47 0.462222
45 48 0.511468
45 49 0.435754
45 50 0.634043
45 51 0.140992
45 52 0.503386
45 53 0.570732
45 54 0.472081
45 55 0.500000
45 56 0.252809
45 57 0.185745
45 58 0.259259
45 59 0.573864
45 60 0.306329
45 61 0.633401
45 62 0.699134
45 63 0.388254
45 64 0.418966
45 65 0.407258
45 66 0.396341
45 67 0.068433
45 68 0.586146
45 69 0.558095
45 70 0.530043
45 71 0.630769
45 72 0.293561
45 73 0.272177
45 74 0.531111
45 75 0.490110
45 76 0.461400
45 77 0.355769
45 78 0.626943
45 79 0.667213
45 80 0.462069
45 81 0.340206
45 82 0.554852
45 83 0.098701
45 84 0.268085
45 85 0.230380
45 86 0.278736
45 87 0.416382
45 88 0.655773
45 89 0.528205
45 90 0.052036
45 91 0.325044
45 92 0.632558
45 93 0.293458
45 94 0.286022
45 95 0.444867
45 96 0.288032
45 97 0.646320
45 98 0.624506
45 99 0.663366
46 47 0.751111
46 48 0.619266
46 49 0.372439
46 50 0.829787
46 51 0.389034
46 52 0.819413
46 53 0.895122
46 54 0.824873
46 55 0.762295
46 56 0.382022
46 57 0.129590
46 58 0.381481
46 59 0.835227
46 60 0.470886
46 61 0.796334
46 62 0.969697
46 63 0.491028
46 64 0.291379
46 65 0.387097
46 66 0.807927
46 67 0.302428
46 68 0.825933
46 69 0.649524
46 70 0.697425
46 71 0.868376
46 72 0.460227
46 73 0.481855
46 74 0.726667
46 75 0.617582
46 76 0.411131
46 77 0.415064
46 78 0.867012
46 79 0.814754
46 80 0.384483
46 81 0.323711
46 82 0.850211
46 83 0.433766
46 84 0.240426
46 85 0.582278
46 86 0.666667
46 87 0.288396
46 88 0.938998
46 89 0.841026
46 90 0.266968
46 91 0.454707
46 92 0.934884
46 93 0.061682
46 94 0.546237
46 95 0.657795
46 96 0.206897
46 97 0.895871
46 98 0.897233
46 99 0.810231
47 48 0.827982
47 49 0.791434
47 50 0.740426
47 51 0.621410
47 52 0.185102
47 53 0.443902
47 54 0.286802
47 55 0.077869
47 56 0.325843
47 57 0.630670
47 58 0.331481
47 59 0.221591
47 60 0.716456
47 61 0.778004
47 62 0.606061
47 63 0.311582
47 64 0.770690
47 65 0.780242
47 66 0.463415
47 67 0.443709
47 68 0.229130
47 69 0.788571
47 70 0.727468
47 71 0.323077
47 72 0.261364
47 73 0.233871
47 74 0.704444
47 75 0.769231
47 76 0.797127
47 77 0.368590
47 78 0.321244
47 79 0.718033
47 80 0.794828
47 81 0.736082
47 82 0.259494
47 83 0.524675
47 84 0.697872
47 85 0.313924
47 86 0.462644
47 87 0.764505
47 88 0.522876
47 89 0.574359
47 90 0.506787
47 91 0.287744
47 92 0.525581
47 93 0.676636
47 94 0.187097
47 95 0.144487
47 96 0.703854
47 97 0.387792
47 98 0.387352
47 99 0.719472
48 49 0.255121
48 50 0.312766
48 51 0.441253
48 52 0.724605
48 53 0.600000
48 54 0.677665
48 55 0.815574
48 56 0.668539
48 57 0.483801
48 58 0.670370
48 59 0.757576
48 60 0.258228
48 61 0.264766
48 62 0.573593
48 63 0.745514
48 64 0.346552
48 65 0.211694
48 66 0.637195
48 67 0.562914
48 68 0.786856
48 69 0.137143
48 70 0.163090
48 71 0.753846
48 72 0.698864
48 73 0.691532
48 74 0.213333
48 75 0.046154
48 76 0.238779
48 77 0.714744
48 78 0.749568
48 79 0.391803
48 80 0.279310
48 81 0.249485
48 82 0.704641
48 83 0.503896
48 84 0.334043
48 85 0.632911
48 86 0.580460
48 87 0.346416
48 88 0.596950
48 89 0.451282
48 90 0.527149
48 91 0.712256
48 92 0.579070
48 93 0.478505
48 94 0.698925
48 95 0.796578
48 96 0.350913
48 97 0.703770
48 98 0.673913
48 99 0.384488
49 50 0.606383
49 51 0.493473
49 52 0.923251
49 53 0.873171
49 54 0.906091
49 55 0.948770
49 56 0.676030
49 57 0.395248
49 58 0.675926
49 59 0.933712
49 60 0.369620
49 61 0.539715
49 62 0.859307
49 63 0.760196
49 64 0.115517
49 65 0.082661
49 66 0.884146
49 67 0.569536
49 68 0.941385
49 69 0.348571
49 70 0.457082
49 71 0.931624
49 72 0.732955
49 73 0.743952
49 74 0.513333
49 75 0.345055
49 76 0.050269
49 77 0.700321
49 78 0.929188
49 79 0.608197
49 80 0.060345
49 81 0.140206
49 82 0.915612
49 83 0.584416
49 84 0.236170
49 85 0.764557
49 86 0.770115
49 87 0.117747
49 88 0.869281
49 89 0.751282
49 90 0.520362
49 91 0.731794
49 92 0.865116
49 93 0.323364
49 94 0.782796
49 95 0.884030
49 96 0.212982
49 97 0.910233
49 98 0.901186
49 99 0.602310
50 51 0.663185
50 52 0.634312
50 53 0.434146
50 54 0.596447
50 55 0.774590
50 56 0.771536
50 57 0.723542
50 58 0.774074
50 59 0.647727
50 60 0.516456
50 61 0.085540
50 62 0.305195
50 63 0.809135
50 64 0.600000
50 65 0.506048
50 66 0.643293
50 67 0.724062
50 68 0.687389
50 69 0.241905
50 70 0.154506
50 71 0.615385
50 72 0.776515
50 73 0.762097
50 74 0.140000
50 75 0.279121
50 76 0.500898
50 77 0.806090
50 78 0.609672
50 79 0.178689
50 80 0.531034
50 81 0.538144
50 82 0.575949
50 83 0.675325
50 84 0.606383
50 85 0.698734
50 86 0.652299
50 87 0.597270
50 88 0.363834
50 89 0.317949
50 90 0.714932
50 91 0.788632
50 92 0.355814
50 93 0.717757
50 94 0.750538
50 95 0.800380
50 96 0.620690
50 97 0.529623
50 98 0.492095
50 99 0.171617
51 52 0.530474
51 53 0.539024
51 54 0.479695
51 55 0.565574
51 56 0.353933
51 57 0.192225
51 58 0.359259
51 59 0.604167
51 60 0.169620
51 61 0.537678
51 62 0.647186
51 63 0.474715
51 64 0.360345
51 65 0.310484
51 66 0.375000
51 67 0.187638
51 68 0.625222
51 69 0.457143
51 70 0.424893
51 71 0.649573
51 72 0.390152
51 73 0.370968
51 74 0.428889
51 75 0.373626
51 76 0.378815
51 77 0.442308
51 78 0.644214
51 79 0.595082
51 80 0.386207
51 81 0.247423
51 82 0.567511
51 83 0.093506
51 84 0.191489
51 85 0.288608
51 86 0.264368
51 87 0.358362
51 88 0.616558
51 89 0.458974
51 90 0.147059
51 91 0.419183
51 92 0.588372
51 93 0.291589
51 94 0.376344
51 95 0.524715
51 96 0.227181
51 97 0.646320
51 98 0.616601
51 99 0.590759
52 53 0.258537
52 54 0.137056
52 55 0.206967
52 56 0.441948
52 57 0.667387
52 58 0.446296
52 59 0.159091
52 60 0.665823
52 61 0.647658
52 62 0.430736
52 63 0.442088
52 64 0.762069
52 65 0.743952
52 66 0.362805
52 67 0.505519
52 68 0.216696
52 69 0.691429
52 70 0.611588
52 71 0.247863
52 72 0.392045
52 73 0.360887
52 74 0.577778
52 75 0.672527
52 76 0.759425
52 77 0.488782
52 78 0.240069
52 79 0.595082
52 80 0.765517
52 81 0.711340
52 82 0.097046
52 83 0.527273
52 84 0.691489
52 85 0.334177
52 86 0.413793
52 87 0.757679
52 88 0.344227
52 89 0.412821
52 90 0.552036
52 91 0.419183
52 92 0.339535
52 93 0.712150
52 94 0.307527
52 95 0.300380
52 96 0.705882
52 97 0.263914
52 98 0.231225
52 99 0.595710
53 54 0.187817
53 55 0.424180
53 56 0.558052
53 57 0.665227
53 58 0.564815
53 59 0.312500
53 60 0.554430
53 61 0.441955
53 62 0.222944
53 63 0.584013
53 64 0.698276
53 65 0.639113
53 66 0.317073
53 67 0.556291
53 68 0.373002
53 69 0.521905
53 70 0.416309
53 71 0.333333
53 72 0.530303
53 73 0.502016
53 74 0.371111
53 75 0.501099
53 76 0.658887
53 77 0.610577
53 78 0.324698
53 79 0.421311
53 80 0.674138
53 81 0.626804
53 82 0.200422
53 83 0.519481
53 84 0.636170
53 85 0.410127
53 86 0.393678
53 87 0.692833
53 88 0.150327
53 89 0.179487
53 90 0.581448
53 91 0.557726
53 92 0.106977
53 93 0.704673
53 94 0.458065
53 95 0.492395
53 96 0.655172
53 97 0.267504
53 98 0.191700
53 99 0.420792
54 55 0.293033
54 56 0.426966
54 57 0.580994
54 58 0.433333
54 59 0.257576
54 60 0.531646
54 61 0.551935
54 62 0.380952
54 63 0.463295
54 64 0.675862
54 65 0.637097
54 66 0.204268
54 67 0.437086
54 68 0.312611
54 69 0.590476
54 70 0.500000
54 71 0.326496
54 72 0.392045
54 73 0.354839
54 74 0.464444
54 75 0.553846
54 76 0.664273
54 77 0.493590
54 78 0.317789
54 79 0.534426
54 80 0.674138
54 81 0.606186
54 82 0.168776
54 83 0.415584
54 84 0.589362
54 85 0.255696
54 86 0.275862
54 87 0.672355
54 88 0.305011
54 89 0.287179
54 90 0.470588
54 91 0.426288
54 92 0.279070
54 93 0.635514
54 94 0.301075
54 95 0.355513
54 96 0.610548
54 97 0.310592
54 98 0.258893
54 99 0.533003
55 56 0.367041
55 57 0.708423
55 58 0.370370
55 59 0.198864
55 60 0.812658
55 61 0.843177
55 62 0.649351
55 63 0.314845
55 64 0.834483
55 65 0.856855
55 66 0.573171
55 67 0.520971
55 68 0.186501
55 69 0.855238
55 70 0.802575
55 71 0.299145
55 72 0.295455
55 73 0.284274
55 74 0.777778
55 75 0.848352
55 76 0.865350
55 77 0.384615
55 78 0.298791
55 79 0.760656
55 80 0.860345
55 81 0.814433
55 82 0.280591
55 83 0.620779
55 84 0.776596
55 85 0.407595
55 86 0.571839
55 87 0.827645
55 88 0.564270
55 89 0.653846
55 90 0.585973
55 91 0.310835
55 92 0.576744
55 93 0.740187
55 94 0.253763
55 95 0.125475
55 96 0.780933
55 97 0.385996
55 98 0.403162
55 99 0.762376
56 57 0.395248
56 58 0.011111
56 59 0.551136
56 60 0.645570
56 61 0.881874
56 62 0.865801
56 63 0.171289
56 64 0.613793
56 65 0.671371
56 66 0.631098
56 67 0.231788
56 68 0.534636
56 69 0.811429
56 70 0.798283
56 71 0.620513
56 72 0.079545
56 73 0.116935
56 74 0.797778
56 75 0.780220
56 76 0.694794
56 77 0.145833
56 78 0.621762
56 79 0.850820
56 80 0.675862
56 81 0.608247
56 82 0.594937
56 83 0.423377
56 84 0.531915
56 85 0.354430
56 86 0.531609
56 87 0.607509
56 88 0.801743
56 89 0.769231
56 90 0.296380
56 91 0.092362
56 92 0.800000
56 93 0.441121
56 94 0.197849
56 95 0.288973
56 96 0.525355
56 97 0.685817
56 98 0.693676
56 99 0.848185
57 58 0.344444
57 59 0.736742
57 60 0.331646
57 61 0.688391
57 62 0.839827
57 63 0.468189
57 64 0.296552
57 65 0.328629
57 66 0.631098
57 67 0.205298
57 68 0.740675
57 69 0.563810
57 70 0.583691
57 71 0.777778
57 72 0.409091
57 73 0.413306
57 74 0.604444
57 75 0.509890
57 76 0.377020
57 77 0.408654
57 78 0.775475
57 79 0.724590
57 80 0.365517
57 81 0.255670
57 82 0.732068
57 83 0.283117
57 84 0.159574
57 85 0.448101
57 86 0.500000
57 87 0.293515
57 88 0.808279
57 89 0.687179
57 90 0.153846
57 91 0.419183
57 92 0.795349
57 93 0.134579
57 94 0.458065
57 95 0.591255
57 96 0.158215
57 97 0.793537
57 98 0.782609
57 99 0.721122
58 59 0.560606
58 60 0.660759
58 61 0.894094
58 62 0.878788
58 63 0.164763
58 64 0.618966
58 65 0.679435
58 66 0.652439
58 67 0.242826
58 68 0.541741
58 69 0.822857
58 70 0.811159
58 71 0.629060
58 72 0.083333
58 73 0.127016
58 74 0.811111
58 75 0.793407
58 76 0.701975
58 77 0.136218
58 78 0.628670
58 79 0.860656
58 80 0.682759
58 81 0.616495
58 82 0.607595
58 83 0.438961
58 84 0.540426
58 85 0.372152
58 86 0.551724
58 87 0.612628
58 88 0.814815
58 89 0.787179
58 90 0.305430
58 91 0.088810
58 92 0.813953
58 93 0.442991
58 94 0.210753
58 95 0.292776
58 96 0.533469
58 97 0.696589
58 98 0.705534
58 99 0.859736
59 60 0.878481
59 61 0.778004
59 62 0.502165
59 63 0.487765
59 64 0.906897
59 65 0.913306
59 66 0.618902
59 67 0.673289
59 68 0.079929
59 69 0.832381
59 70 0.768240
59 71 0.123077
59 72 0.482955
59 73 0.469758
59 74 0.735556
59 75 0.846154
59 76 0.910233
59 77 0.551282
59 78 0.119171
59 79 0.672131
59 80 0.910345
59 81 0.884536
59 82 0.145570
59 83 0.740260
59 84 0.870213
59 85 0.534177
59 86 0.655172
59 87 0.901024
59 88 0.416122
59 89 0.592308
59 90 0.728507
59 91 0.492007
59 92 0.446512
59 93 0.861682
59 94 0.434409
59 95 0.325095
59 96 0.876268
59 97 0.202873
59 98 0.231225
59 99 0.674917
60 61 0.419552
60 62 0.599567
60 63 0.582382
60 64 0.318966
60 65 0.213710
60 66 0.435976
60 67 0.335541
60 68 0.682060
60 69 0.329524
60 70 0.300429
60 71 0.683761
60 72 0.513258
60 73 0.495968
60 74 0.313333
60 75 0.230769
60 76 0.289048
60 77 0.551282
60 78 0.678756
60 79 0.509836
60 80 0.312069
60 81 0.175258
60 82 0.607595
60 83 0.246753
60 84 0.182979
60 85 0.410127
60 86 0.353448
60 87 0.319113
60 88 0.588235
60 89 0.410256
60 90 0.296380
60 91 0.534636
60 92 0.560465
60 93 0.338318
60 94 0.501075
60 95 0.629278
60 96 0.221095
60 97 0.658887
60 98 0.624506
60 99 0.503300
61 62 0.396104
61 63 0.849918
61 64 0.570690
61 65 0.473790
61 66 0.728659
61 67 0.757174
61 68 0.758437
61 69 0.177143
61 70 0.141631
61 71 0.687179
61 72 0.821970
61 73 0.812500
61 74 0.162222
61 75 0.248352
61 76 0.457810
61 77 0.839744
61 78 0.682211
61 79 0.177049
61 80 0.489655
61 81 0.517526
61 82 0.660338
61 83 0.714286
61 84 0.597872
61 85 0.762025
61 86 0.718391
61 87 0.568259
61 88 0.455338
61 89 0.405128
61 90 0.742081
61 91 0.831261
61 92 0.453488
61 93 0.712150
61 94 0.808602
61 95 0.861217
61 96 0.608519
61 97 0.605027
61 98 0.575099
61 99 0.168317
62 63 0.750408
62 64 0.781034
62 65 0.721774
62 66 0.603659
62 67 0.763797
62 68 0.490231
62 69 0.506667
62 70 0.416309
62 71 0.396581
62 72 0.725379
62 73 0.709677
62 74 0.377778
62 75 0.536264
62 76 0.714542
62 77 0.775641
62 78 0.388601
62 79 0.293443
62 80 0.734483
62 81 0.731959
62 82 0.358650
62 83 0.742857
62 84 0.772340
62 85 0.663291
62 86 0.655172
62 87 0.776451
62 88 0.089325
62 89 0.307692
62 90 0.780543
62 91 0.740675
62 92 0.130233
62 93 0.844860
62 94 0.679570
62 95 0.678707
62 96 0.784990
62 97 0.287253
62 98 0.239130
62 99 0.295380
63 64 0.791379
63 65 0.883065
63 66 0.868902
63 67 0.461369
63 68 0.520426
63 69 0.998095
63 70 0.997854
63 71 0.629060
63 72 0.166667
63 73 0.237903
63 74 0.997778
63 75 0.997802
63 76 0.883303
63 77 0.096154
63 78 0.632124
63 79 0.981967
63 80 0.856897
63 81 0.824742
63 82 0.662447
63 83 0.680519
63 84 0.755319
63 85 0.556962
63 86 0.778736
63 87 0.783276
63 88 0.921569
63 89 0.966667
63 90 0.533937
63 91 0.097691
63 92 0.939535
63 93 0.622430
63 94 0.318280
63 95 0.243346
63 96 0.738337
63 97 0.728905
63 98 0.764822
63 99 0.981848
64 65 0.195565
64 66 0.987805
64 67 0.576159
64 68 0.996448
64 69 0.476190
64 70 0.592275
64 71 0.996581
64 72 0.734848
64 73 0.756048
64 74 0.648889
64 75 0.485714
64 76 0.156194
64 77 0.677885
64 78 0.996546
64 79 0.716393
64 80 0.112069
64 81 0.208247
64 82 0.995781
64 83 0.636364
64 84 0.253191
64 85 0.817722
64 86 0.856322
64 87 0.003413
64 88 0.984749
64 89 0.879487
64 90 0.527149
64 91 0.726465
64 92 0.983721
64 93 0.256075
64 94 0.810753
64 95 0.906844
64 96 0.202840
64 97 0.992819
64 98 0.992095
64 99 0.711221
65 66 0.759146
65 67 0.505519
65 68 0.870337
65 69 0.306667
65 70 0.384120
65 71 0.861538
65 72 0.676136
65 73 0.679435
65 74 0.433333
65 75 0.272527
65 76 0.100539
65 77 0.663462
65 78 0.858377
65 79 0.562295
65 80 0.129310
65 81 0.080412
65 82 0.829114
65 83 0.493506
65 84 0.185106
65 85 0.668354
65 86 0.655172
65 87 0.168942
65 88 0.782135
65 89 0.646154
65 90 0.457014
65 91 0.682060
65 92 0.772093
65 93 0.317757
65 94 0.709677
65 95 0.817490
65 96 0.182556
65 97 0.836625
65 98 0.820158
65 99 0.556106
66 67 0.328918
66 68 0.428064
66 69 0.499048
66 70 0.407725
66 71 0.442735
66 72 0.376894
66 73 0.336694
66 74 0.375556
66 75 0.435165
66 76 0.545781
66 77 0.474359
66 78 0.435233
66 79 0.514754
66 80 0.560345
66 81 0.465979
66 82 0.310127
66 83 0.254545
66 84 0.446809
66 85 0.169620
66 86 0.094828
66 87 0.556314
66 88 0.374728
66 89 0.238462
66 90 0.346154
66 91 0.415631
66 92 0.334884
66 93 0.517757
66 94 0.294624
66 95 0.410646
66 96 0.472617
66 97 0.423698
66 98 0.373518
66 99 0.511551
67 68 0.582593
67 69 0.619048
67 70 0.598712
67 71 0.637607
67 72 0.244318
67 73 0.229839
67 74 0.600000
67 75 0.560440
67 76 0.508079
67 77 0.306090
67 78 0.635579
67 79 0.716393
67 80 0.501724
67 81 0.393814
67 82 0.571730
67 83 0.176623
67 84 0.314894
67 85 0.245570
67 86 0.336207
67 87 0.445392
67 88 0.699346
67 89 0.594872
67 90 0.061086
67 91 0.275311
67 92 0.681395
67 93 0.299065
67 94 0.258065
67 95 0.414449
67 96 0.326572
67 97 0.664273
67 98 0.650198
67 99 0.712871
68 69 0.916190
68 70 0.862661
68 71 0.135043
68 72 0.496212
68 73 0.493952
68 74 0.835556
68 75 0.938462
68 76 0.980251
68 77 0.551282
68 78 0.138169
68 79 0.744262
68 80 0.975862
68 81 0.958763
68 82 0.240506
68 83 0.823377
68 84 0.940426
68 85 0.607595
68 86 0.755747
68 87 0.959044
68 88 0.511983
68 89 0.707692
68 90 0.789593
68 91 0.497336
68 92 0.551163
68 93 0.912150
68 94 0.466667
68 95 0.313688
68 96 0.941176
68 97 0.256732
68 98 0.310277
68 99 0.747525
69 70 0.171674
69 71 0.801709
69 72 0.825758
69 73 0.822581
69 74 0.235556
69 75 0.153846
69 76 0.303411
69 77 0.826923
69 78 0.796200
69 79 0.311475
69 80 0.341379
69 81 0.385567
69 82 0.776371
69 83 0.683117
69 84 0.482979
69 85 0.787342
69 86 0.750000
69 87 0.430034
69 88 0.620915
69 89 0.525641
69 90 0.690045
69 91 0.833037
69 92 0.616279
69 93 0.607477
69 94 0.832258
69 95 0.904943
69 96 0.488844
69 97 0.737882
69 98 0.713439
69 99 0.303630
70 71 0.664957
70 72 0.714015
70 73 0.699597
70 74 0.057778
70 75 0.120879
70 76 0.375224
70 77 0.743590
70 78 0.658031
70 79 0.281967
70 80 0.410345
70 81 0.391753
70 82 0.607595
70 83 0.550649
70 84 0.461702
70 85 0.622785
70 86 0.560345
70 87 0.474403
70 88 0.453159
70 89 0.323077
70 90 0.595023
70 91 0.728242
70 92 0.432558
70 93 0.592523
70 94 0.692473
70 95 0.771863
70 96 0.480730
70 97 0.596050
70 98 0.557312
70 99 0.273927
71 72 0.619318
71 73 0.616935
71 74 0.804444
71 75 0.929670
71 76 0.998205
71 77 0.665064
71 78 0.012090
71 79 0.673770
71 80 0.998276
71 81 0.997938
71 82 0.234177
71 83 0.903896
71 84 0.997872
71 85 0.703797
71 86 0.824713
71 87 0.998294
71 88 0.427015
71 89 0.682051
71 90 0.882353
71 91 0.619893
71 92 0.481395
71 93 0.985047
71 94 0.589247
71 95 0.454373
71 96 0.997972
71 97 0.138241
71 98 0.221344
71 99 0.678218
72 73 0.062500
72 74 0.802222
72 75 0.804396
72 76 0.739677
72 77 0.160256
72 78 0.559585
72 79 0.840984
72 80 0.724138
72 81 0.659794
72 82 0.531646
72 83 0.454545
72 84 0.589362
72 85 0.336709
72 86 0.525862
72 87 0.663823
72 88 0.758170
72 89 0.748718
72 90 0.355204
72 91 0.060391
72 92 0.760465
72 93 0.510280
72 94 0.141935
72 95 0.207224
72 96 0.586207
72 97 0.630162
72 98 0.640316
72 99 0.841584
73 74 0.733333
73 75 0.742857
73 76 0.705566
73 77 0.211538
73 78 0.521589
73 79 0.790164
73 80 0.694828
73 81 0.620619
73 82 0.474684
73 83 0.392208
73 84 0.553191
73 85 0.258228
73 86 0.439655
73 87 0.639932
73 88 0.690632
73 89 0.666667
73 90 0.319005
73 91 0.117229
73 92 0.686047
73 93 0.500935
73 94 0.077419
73 95 0.203422
73 96 0.557809
73 97 0.583483
73 98 0.583004
73 99 0.788779
74 75 0.164835
74 76 0.411131
74 77 0.721154
74 78 0.611399
74 79 0.278689
74 80 0.444828
74 81 0.414433
74 82 0.552743
74 83 0.524675
74 84 0.472340
74 85 0.579747
74 86 0.508621
74 87 0.501706
74 88 0.396514
74 89 0.256410
74 90 0.579186
74 91 0.701599
74 92 0.372093
74 93 0.600000
74 94 0.653763
74 95 0.731939
74 96 0.494929
74 97 0.549372
74 98 0.503953
74 99 0.272277
75 76 0.276481
75 77 0.713141
75 78 0.718480
75 79 0.363934
75 80 0.315517
75 81 0.282474
75 82 0.670886
75 83 0.498701
75 84 0.359574
75 85 0.612658
75 86 0.554598
75 87 0.380546
75 88 0.553377
75 89 0.405128
75 90 0.533937
75 91 0.706927
75 92 0.532558
75 93 0.502804
75 94 0.686022
75 95 0.779468
75 96 0.379310
75 97 0.669659
75 98 0.636364
75 99 0.356436
76 77 0.745192
76 78 0.948187
76 79 0.588525
76 80 0.050000
76 81 0.189691
76 82 0.940928
76 83 0.638961
76 84 0.291489
76 85 0.812658
76 86 0.816092
76 87 0.151877
76 88 0.877996
76 89 0.766667
76 90 0.579186
76 91 0.777975
76 92 0.876744
76 93 0.377570
76 94 0.830108
76 95 0.925856
76 96 0.269777
76 97 0.924596
76 98 0.916996
76 99 0.582508
77 78 0.713299
77 79 0.998361
77 80 0.805172
77 81 0.771134
77 82 0.740506
77 83 0.657143
77 84 0.695745
77 85 0.579747
77 86 0.793103
77 87 0.721843
77 88 0.978214
77 89 0.997436
77 90 0.486425
77 91 0.122558
77 92 0.993023
77 93 0.545794
77 94 0.359140
77 95 0.340304
77 96 0.675456
77 97 0.802513
77 98 0.835968
77 99 0.998350
78 79 0.662295
78 80 0.986207
78 81 0.983505
78 82 0.219409
78 83 0.888312
78 84 0.982979
78 85 0.688608
78 86 0.807471
78 87 0.986348
78 88 0.409586
78 89 0.661538
78 90 0.868778
78 91 0.614565
78 92 0.462791
78 93 0.973832
78 94 0.580645
78 95 0.452471
78 96 0.983773
78 97 0.127469
78 98 0.207510
78 99 0.666667
79 80 0.668966
79 81 0.740206
79 82 0.725738
79 83 0.958442
79 84 0.827660
79 85 0.962025
79 86 0.956897
79 87 0.749147
79 88 0.474946
79 89 0.569231
79 90 0.963801
79 91 0.973357
79 92 0.509302
79 93 0.914019
79 94 0.969892
79 95 0.975285
79 96 0.827586
79 97 0.603232
79 98 0.592885
79 99 0.009901
80 81 0.212371
80 82 0.987342
80 83 0.675325
80 84 0.304255
80 85 0.853165
80 86 0.870690
80 87 0.114334
80 88 0.936819
80 89 0.833333
80 90 0.595023
80 91 0.788632
80 92 0.937209
80 93 0.360748
80 94 0.858065
80 95 0.950570
80 96 0.271805
80 97 0.969479
80 98 0.966403
80 99 0.630363
81 82 0.784810
81 83 0.407792
81 84 0.102128
81 85 0.589873
81 86 0.580460
81 87 0.174061
81 88 0.766885
81 89 0.620513
81 90 0.371041
81 91 0.614565
81 92 0.751163
81 93 0.257944
81 94 0.634409
81 95 0.752852
81 96 0.111562
81 97 0.811490
81 98 0.792490
81 99 0.582508
82 83 0.620779
82 84 0.759574
82 85 0.440506
82 86 0.508621
82 87 0.807167
82 88 0.281046
82 89 0.415385
82 90 0.644796
82 91 0.499112
82 92 0.290698
82 93 0.783178
82 94 0.408602
82 95 0.372624
82 96 0.772819
82 97 0.181329
82 98 0.142292
82 99 0.566007
83 84 0.268085
83 85 0.197468
83 86 0.186782
83 87 0.419795
83 88 0.579521
83 89 0.433333
83 90 0.133484
83 91 0.367673
83 92 0.551163
83 93 0.336449
83 94 0.301075
83 95 0.456274
83 96 0.298174
83 97 0.597846
83 98 0.565217
83 99 0.600660
84 85 0.516456
84 86 0.520115
84 87 0.204778
84 88 0.771242
84 89 0.628205
84 90 0.271493
84 91 0.534636
84 92 0.755814
84 93 0.186916
84 94 0.556989
84 95 0.684411
84 96 0.048682
84 97 0.795332
84 98 0.778656
84 99 0.632013
85 86 0.146552
85 87 0.554608
85 88 0.505447
85 89 0.410256
85 90 0.251131
85 91 0.298401
85 92 0.479070
85 93 0.465421
85 94 0.163441
85 95 0.321293
85 96 0.456389
85 97 0.490126
85 98 0.458498
85 99 0.620462
86 87 0.510239
86 88 0.444444
86 89 0.300000
86 90 0.271493
86 91 0.387211
86 92 0.409302
86 93 0.457944
86 94 0.273118
86 95 0.412548
86 96 0.413793
86 97 0.481149
86 98 0.436759
86 99 0.542904
87 88 0.989107
87 89 0.884615
87 90 0.529412
87 91 0.726465
87 92 0.988372
87 93 0.254206
87 94 0.810753
87 95 0.908745
87 96 0.204868
87 97 0.994614
87 98 0.994071
87 99 0.714521
88 89 0.279487
88 90 0.733032
88 91 0.676732
88 92 0.067442
88 93 0.818692
88 94 0.604301
88 95 0.602662
88 96 0.766734
88 97 0.229803
88 98 0.164032
88 99 0.359736
89 90 0.515837
89 91 0.580817
89 92 0.186047
89 93 0.620561
89 94 0.492473
89 95 0.562738
89 96 0.545639
89 97 0.389587
89 98 0.326087
89 99 0.359736
90 91 0.323268
90 92 0.686047
90 93 0.257944
90 94 0.311828
90 95 0.463878
90 96 0.269777
90 97 0.685817
90 98 0.667984
90 99 0.694719
91 92 0.837209
91 93 0.536449
91 94 0.215054
91 95 0.224335
91 96 0.632860
91 97 0.678636
91 98 0.697628
91 99 0.897690
92 93 0.764486
92 94 0.559140
92 95 0.576046
92 96 0.707911
92 97 0.260323
92 98 0.189723
92 99 0.358086
93 94 0.602151
93 95 0.712928
93 96 0.168357
93 97 0.921005
93 98 0.922925
93 99 0.797030
94 95 0.192015
94 96 0.559838
94 97 0.520646
94 98 0.511858
94 99 0.737624
95 96 0.764706
95 97 0.504488
95 98 0.529644
95 99 0.843234
96 97 0.838420
96 98 0.826087
96 99 0.665017
97 98 0.100791
97 99 0.556106
98 99 0.495050
